0.0,0.6795638
0.0,0.73173356
1.0,0.42099184
0.0,0.26475877
1.0,0.6270076
0.0,0.13096577
1.0,0.75219995
1.0,0.7669966
1.0,0.9713342
0.0,0.12877342
0.0,0.8981371
1.0,0.6063622
0.0,0.13073698
0.0,0.35967708
0.0,0.13611937
0.0,0.14906016
1.0,0.65858006
0.0,0.10538161
0.0,0.16665375
1.0,0.25127453
1.0,0.49063292
0.0,0.15740675
1.0,0.75120693
0.0,0.24528429
0.0,0.16145253
1.0,0.72616345
0.0,0.28736725
1.0,0.70766
0.0,0.17416102
1.0,0.60298145
0.0,0.12910175
0.0,0.33670306
1.0,0.6473176
1.0,0.833647
1.0,0.49247667
1.0,0.6172234
1.0,0.5752459
0.0,0.15014958
1.0,0.7270247
1.0,0.49929634
1.0,0.6848688
1.0,0.7471856
0.0,0.09856552
1.0,0.78441143
1.0,0.77823484
0.0,0.19932634
0.0,0.21546009
0.0,0.16441718
0.0,0.18142843
1.0,0.78971386
0.0,0.49906483
1.0,0.6997734
1.0,0.6790285
1.0,0.6883632
0.0,0.16203406
0.0,0.15638623
0.0,0.557789
1.0,0.17234886
1.0,0.77210563
1.0,0.5370564
1.0,0.7732173
0.0,0.5037756
1.0,0.8622879
1.0,0.6500323
1.0,0.64750177
0.0,0.38036105
0.0,0.0015000403
1.0,0.6277212
0.0,0.12031907
1.0,0.6796821
0.0,0.31284225
1.0,0.7307311
0.0,0.10324463
0.0,0.21028373
1.0,0.3761245
0.0,0.86802614
0.0,0.14014676
0.0,0.4045878
0.0,0.08677012
1.0,0.658405
0.0,0.17097831
1.0,0.80643034
1.0,0.7710401
1.0,0.8550097
1.0,0.809625
1.0,0.5712331
1.0,0.71440566
0.0,0.40390724
0.0,0.18717566
1.0,0.5753404
0.0,0.15208724
1.0,0.40131956
0.0,0.12526163
0.0,0.6644666
0.0,0.20532197
1.0,0.7580838
0.0,0.110964864
0.0,0.12134874
1.0,0.629576
1.0,0.91582894
0.0,0.10016689
0.0,0.21001276
1.0,0.18519408
0.0,0.2799214
0.0,0.42472866
1.0,0.93654203
1.0,0.14934757
0.0,0.1429024
1.0,0.21848896
1.0,0.7589761
1.0,0.69243556
0.0,0.1820116
1.0,0.12462562
0.0,0.20515478
0.0,0.13523927
1.0,0.03303832
0.0,0.15358117
1.0,0.72963977
1.0,0.42040598
1.0,0.73364764
0.0,0.40009525
1.0,0.7417974
0.0,0.6093741
0.0,0.17590663
0.0,0.4549726
1.0,0.21951422
0.0,0.13491717
0.0,0.26717976
1.0,0.79387635
1.0,0.7181547
1.0,0.7754577
0.0,0.22672081
0.0,0.14016792
1.0,0.39769182
1.0,0.80716014
0.0,0.6724607
0.0,0.09481314
0.0,0.2196872
0.0,0.20925924
0.0,0.20802668
1.0,0.6729678
0.0,0.117163956
1.0,0.54850686
0.0,0.09804097
0.0,0.11859983
0.0,0.113913774
1.0,0.59669495
0.0,0.19164172
0.0,0.12933299
0.0,0.17111263
0.0,0.33583653
0.0,0.10750565
0.0,0.11277148
0.0,0.7594918
0.0,0.25279307
1.0,0.7817398
0.0,0.091628045
0.0,0.15870583
1.0,0.8060603
0.0,0.2664122
0.0,0.64258087
0.0,0.51381254
0.0,0.20311376
0.0,0.46221575
1.0,0.79854816
0.0,0.25401962
1.0,0.4242248
0.0,0.23146164
0.0,0.14419153
1.0,0.6152664
0.0,0.50423086
0.0,0.7243698
0.0,0.9572667
0.0,0.090678066
1.0,0.6812726
1.0,0.7275148
0.0,0.30337572
1.0,0.7471646
0.0,0.57436365
1.0,0.75512123
1.0,0.5977067
1.0,0.680603
1.0,0.6139273
1.0,0.75337505
0.0,0.54599094
0.0,0.13493884
0.0,0.23132062
0.0,0.71282387
0.0,0.17586327
0.0,0.2009018
1.0,0.32722515
0.0,0.09709242
0.0,0.5660943
1.0,0.69372255
1.0,0.5846425
1.0,0.72773564
0.0,0.14961192
0.0,0.14042512
0.0,0.15029752
1.0,0.18408373
0.0,0.23098418
0.0,0.6855277
0.0,0.34892887
0.0,0.51599854
0.0,0.32754827
1.0,0.24084812
0.0,0.13018507
1.0,0.36996412
0.0,0.10690695
0.0,0.12038997
0.0,0.20395684
1.0,0.77024424
0.0,0.23641291
0.0,0.23927033
0.0,0.15072897
0.0,0.10013002
0.0,0.7453386
0.0,0.6112711
1.0,0.77378684
0.0,0.11399567
0.0,0.15778267
1.0,0.7237148
1.0,0.77930766
0.0,0.4850628
0.0,0.13107505
0.0,0.16580224
0.0,0.27442318
0.0,0.07793924
0.0,0.2569031
1.0,0.7832571
0.0,0.22816923
1.0,0.5737696
0.0,0.20832694
1.0,0.61772835
1.0,0.42251268
0.0,0.16252455
0.0,0.17274144
0.0,0.21018764
1.0,0.7542045
1.0,0.68224
1.0,0.68223226
1.0,0.031154841
0.0,0.109485
0.0,0.5075067
1.0,0.78584087
0.0,0.54645145
0.0,0.08874655
0.0,0.13057178
0.0,0.17761514
0.0,0.34903085
0.0,0.10772067
0.0,0.21199477
1.0,0.71931267
0.0,0.11002815
0.0,0.25489402
0.0,0.32855558
1.0,0.6810851
1.0,0.5777827
0.0,0.08155489
0.0,0.15290478
0.0,0.14956102
1.0,0.7634551
0.0,0.15779182
0.0,0.12453535
0.0,0.18056461
0.0,0.11706635
1.0,0.74822474
1.0,0.72864574
1.0,0.7722344
0.0,0.16436115
1.0,0.7455783
0.0,0.19084021
0.0,0.10886559
0.0,0.45746657
1.0,0.70167935
1.0,0.62803316
0.0,0.10089755
0.0,0.12448245
1.0,0.7527077
1.0,0.5602008
0.0,0.3711065
1.0,0.59489584
1.0,0.7857131
0.0,0.63747644
0.0,0.41642353
0.0,0.2033701
0.0,0.18071842
0.0,0.51967007
0.0,0.15713981
1.0,0.79117775
0.0,0.16454983
0.0,0.14745796
1.0,0.85984975
0.0,0.1337198
1.0,0.7486656
1.0,0.20658267
1.0,0.7390652
1.0,0.64691293
1.0,0.7040385
0.0,0.14259222
1.0,0.69185257
0.0,0.6640901
1.0,0.8640925
0.0,0.69188637
0.0,0.4173255
0.0,0.13594878
0.0,0.55404884
0.0,0.3095731
1.0,0.8186793
0.0,0.68308574
1.0,0.64472926
0.0,0.67768407
1.0,0.69482315
1.0,0.8027071
0.0,0.086167485
0.0,0.10550153
0.0,0.10813603
1.0,0.69622797
1.0,0.52782786
0.0,0.11407626
0.0,0.13581797
0.0,0.13233909
0.0,0.16184989
1.0,0.7884229
1.0,0.6444273
0.0,0.13361803
0.0,0.6600899
1.0,0.7445697
1.0,0.73583734
1.0,0.6859399
0.0,0.24682146
0.0,0.61762416
0.0,0.1904163
0.0,0.6848999
1.0,0.6897537
1.0,0.5873062
0.0,0.22005245
0.0,0.11662844
0.0,0.093981296
0.0,0.58716106
0.0,0.122801274
0.0,0.6427634
1.0,0.4569382
0.0,0.3379972
0.0,0.16209158
0.0,0.13673931
0.0,0.72796357
0.0,0.717133
0.0,0.18449548
0.0,0.12949967
1.0,0.34298602
0.0,0.09205133
1.0,0.71257305
0.0,0.11854562
0.0,0.2404719
0.0,0.3178082
0.0,0.12702331
0.0,0.7136755
1.0,0.31035757
1.0,0.616854
0.0,0.49918362
1.0,0.34245157
0.0,0.14368343
0.0,0.49005735
0.0,0.24640536
0.0,0.71372056
0.0,0.16217366
0.0,0.079091996
1.0,0.6343676
0.0,0.12302637
1.0,0.7844316
0.0,0.23980826
1.0,0.45693088
0.0,0.869108
1.0,0.20486224
1.0,0.8706166
1.0,0.7197494
0.0,0.12959903
0.0,0.1775659
1.0,0.76396376
0.0,0.1414248
0.0,0.1733841
1.0,0.14079553
1.0,0.77538073
0.0,0.38527036
1.0,0.67460054
1.0,0.83938277
0.0,0.16624835
0.0,0.13803744
0.0,0.37993503
0.0,0.15748513
0.0,0.10602927
0.0,0.07242957
1.0,0.8502753
0.0,0.54649687
1.0,0.69725347
1.0,0.44621962
0.0,0.14081955
0.0,0.3494904
0.0,0.6541558
1.0,0.7837161
1.0,0.7592092
1.0,0.6448208
0.0,0.1603126
1.0,0.7973727
1.0,0.71093357
0.0,0.15316227
0.0,0.35596743
0.0,0.7216951
0.0,0.7228538
1.0,0.83513504
0.0,0.14840817
1.0,0.5131013
0.0,0.06456494
0.0,0.15908012
0.0,0.14431
0.0,0.16251624
0.0,0.17973068
0.0,0.15559709
0.0,0.121774316
0.0,0.1592128
0.0,0.14389434
0.0,0.7424974
0.0,0.26702702
0.0,0.13473648
0.0,0.56310916
0.0,0.15894488
1.0,0.5372195
0.0,0.3569892
1.0,0.76755923
0.0,0.10253081
0.0,0.15813756
0.0,0.17126
0.0,0.6975915
0.0,0.64440054
0.0,0.15646759
0.0,0.26927644
0.0,0.09393054
0.0,0.090428114
0.0,0.1209577
0.0,0.7080705
1.0,0.45226058
0.0,0.20043176
0.0,0.13571459
0.0,0.62339836
0.0,0.16604632
1.0,0.6106033
0.0,0.65854144
1.0,0.93671584
0.0,0.14516947
0.0,0.24615186
1.0,0.7288873
0.0,0.70887494
1.0,0.7297563
1.0,0.7818934
1.0,0.6852994
1.0,0.7585614
0.0,0.12825099
1.0,0.6450958
0.0,0.11242634
0.0,0.15995187
0.0,0.499731
1.0,0.78357446
0.0,0.14325029
0.0,0.092221886
1.0,0.44706175
1.0,0.8672205
0.0,0.22348651
0.0,0.11940217
1.0,0.5141212
0.0,0.2647136
1.0,0.6741131
0.0,0.35157764
0.0,0.4950892
1.0,0.577378
0.0,0.68330383
0.0,0.07354456
1.0,0.39403045
0.0,0.12665877
1.0,0.8439216
0.0,0.13094664
1.0,0.00022217631
1.0,0.4680451
1.0,0.7021958
1.0,0.8233322
0.0,0.5739335
0.0,0.18660295
1.0,0.4484524
0.0,0.1796416
0.0,0.43214536
1.0,0.6751783
1.0,0.685015
1.0,0.7397419
0.0,0.1669944
1.0,0.79020536
1.0,0.69700634
0.0,0.12749246
1.0,0.8085646
0.0,0.25206694
1.0,0.45234388
1.0,0.69983804
0.0,0.66720915
0.0,0.35259718
1.0,0.6740571
0.0,0.24399868
1.0,0.6509124
0.0,0.45021358
0.0,0.11500627
0.0,0.6432124
1.0,0.8310863
0.0,0.15091369
0.0,0.10708681
0.0,0.63535917
1.0,0.6397951
0.0,0.10391235
0.0,0.12384027
0.0,0.40820286
0.0,0.70310235
1.0,0.6230156
1.0,0.76524746
0.0,0.23925829
0.0,0.3202635
0.0,0.1616568
0.0,0.6436548
0.0,0.15191445
1.0,0.7627919
0.0,0.2481372
1.0,0.67811036
0.0,0.65342516
0.0,0.34401506
1.0,0.6651141
0.0,0.25294703
0.0,0.34860814
0.0,0.10888806
0.0,0.16335067
0.0,0.23432851
0.0,0.1612646
0.0,0.11775142
0.0,0.19555792
1.0,0.70977676
1.0,0.73049146
0.0,0.12182009
0.0,0.16209295
1.0,0.8592523
0.0,0.1761902
1.0,0.6741998
0.0,0.36019218
0.0,0.11349121
1.0,0.6635084
0.0,0.6417833
1.0,0.49168473
0.0,0.43599758
1.0,0.440526
0.0,0.12484604
0.0,0.16671157
0.0,0.7281413
1.0,0.7858796
0.0,0.11512956
0.0,0.20053327
0.0,0.11697784
0.0,0.63222367
1.0,0.42599928
0.0,0.146849
0.0,0.099380255
1.0,0.8159927
1.0,0.33760136
0.0,0.41317433
1.0,0.5719843
0.0,0.14546609
0.0,0.55584764
1.0,0.6885812
1.0,0.8103072
0.0,0.21813655
1.0,0.6777789
1.0,0.7143109
0.0,0.17375147
0.0,0.32136965
0.0,0.20965484
1.0,0.1785332
0.0,0.096538305
0.0,0.11193243
0.0,0.15338391
1.0,0.7945504
1.0,0.685253
0.0,0.18626413
1.0,0.67514014
1.0,0.67873836
0.0,0.27584523
1.0,0.61983234
0.0,0.106879085
1.0,0.44269645
0.0,0.17691725
1.0,0.67782545
0.0,0.23371276
0.0,0.143614
1.0,0.7097964
0.0,0.13815627
1.0,0.72922754
0.0,0.15603775
0.0,0.053275913
0.0,0.17490733
1.0,0.6970124
0.0,0.5839182
1.0,0.37964165
0.0,0.13279632
1.0,0.7471494
1.0,0.7262616
0.0,0.11698383
1.0,0.7219198
1.0,0.6547096
1.0,0.6793693
1.0,0.636757
0.0,0.3659693
0.0,0.2047115
0.0,0.6230245
1.0,0.7574806
1.0,0.70360965
0.0,0.09250957
0.0,0.15007952
0.0,0.361884
1.0,0.6889044
0.0,0.65849835
1.0,0.1758374
1.0,0.7715781
0.0,0.23182526
0.0,0.16115913
1.0,0.6803293
0.0,0.58064353
1.0,0.7388113
0.0,0.4521813
0.0,0.21174788
0.0,0.37448037
1.0,0.50477695
0.0,0.20315269
1.0,0.841445
0.0,0.15231526
1.0,0.46192777
0.0,0.45413446
0.0,0.20904222
1.0,0.5329927
1.0,0.37348953
1.0,0.62177086
1.0,0.66983294
0.0,0.2255556
0.0,0.13751516
0.0,0.703822
0.0,0.09281233
1.0,0.9924133
1.0,0.31629208
0.0,0.15194303
0.0,0.15339464
0.0,0.09641048
1.0,0.6855437
0.0,0.125352
0.0,0.25540748
0.0,0.29049557
0.0,0.7016672
0.0,0.3123014
0.0,0.45567912
1.0,0.53919685
0.0,0.46624246
1.0,0.36284316
0.0,0.24312901
0.0,0.3891337
1.0,0.6642848
1.0,0.7016706
1.0,0.7826998
0.0,0.20773354
0.0,0.1539247
1.0,0.65234625
0.0,0.12426233
0.0,0.14751393
0.0,0.3459222
1.0,0.71527153
0.0,0.14119145
0.0,0.16876751
1.0,0.84627175
0.0,0.4277827
1.0,0.8198192
1.0,0.796381
1.0,0.7713018
0.0,0.15690574
1.0,0.78820455
1.0,0.6514725
0.0,0.50444114
1.0,0.41886845
0.0,0.18117005
0.0,0.44369215
0.0,0.19695267
0.0,0.1427891
1.0,0.6983994
1.0,0.7302784
1.0,0.78490794
1.0,0.7171196
1.0,0.73949784
0.0,0.65943235
0.0,0.70290023
1.0,0.66225016
0.0,0.1673463
1.0,0.6188972
1.0,0.8500328
0.0,0.35167482
1.0,0.6354937
1.0,0.4265606
0.0,0.11586428
0.0,0.17664689
0.0,0.1585742
0.0,0.12413126
1.0,0.6667621
1.0,0.73911685
0.0,0.14032924
0.0,0.114071965
1.0,0.24335662
1.0,0.33894232
1.0,0.36289093
0.0,0.13427389
1.0,0.7439626
1.0,0.6586706
0.0,0.19412252
0.0,0.27442163
1.0,0.7025831
1.0,0.8685596
0.0,0.4870642
1.0,0.74849164
0.0,0.30750751
0.0,0.3282836
1.0,0.7815603
0.0,0.5963301
1.0,0.8259285
0.0,0.3895043
0.0,0.16508976
0.0,0.27199137
1.0,0.79552114
1.0,0.20052692
0.0,0.10192847
0.0,0.10825029
1.0,0.6144354
0.0,0.13214064
1.0,0.6812861
1.0,0.70306605
1.0,0.6906141
0.0,0.52236277
0.0,0.6349978
0.0,0.40777954
0.0,0.12367296
0.0,0.11702937
1.0,0.76012266
0.0,0.4639985
0.0,0.20657375
1.0,0.76418525
0.0,0.20812497
1.0,0.27021602
1.0,0.6740457
0.0,0.16258797
0.0,0.73364973
0.0,0.7467209
0.0,0.0945549
0.0,0.1031498
0.0,0.10142377
0.0,0.13738063
0.0,0.6815696
1.0,0.64096636
1.0,0.8143097
0.0,0.6054057
0.0,0.65751666
0.0,0.11730242
0.0,0.1697717
0.0,0.12204498
1.0,0.41853756
0.0,0.18591082
0.0,0.09035021
1.0,0.7985748
1.0,0.26030186
0.0,0.1515562
0.0,0.7823479
0.0,0.08225584
0.0,0.11124015
0.0,0.094453484
0.0,0.23541686
1.0,0.7277645
1.0,0.7463533
1.0,0.76649725
0.0,0.14358345
1.0,0.54552203
1.0,0.77383983
0.0,0.33834553
0.0,0.09931958
1.0,0.66946614
1.0,0.47634906
1.0,0.73598075
1.0,0.71966356
1.0,0.60145605
0.0,0.27053997
0.0,0.43017596
1.0,0.6222496
0.0,0.12857348
1.0,0.55415756
0.0,0.19159713
1.0,0.39881328
0.0,0.13278091
0.0,0.67652637
0.0,0.24513733
0.0,0.12823948
0.0,0.36393204
0.0,0.12752861
0.0,0.15234914
0.0,0.19162697
0.0,0.62072814
0.0,0.12568888
0.0,0.117029965
1.0,0.65082973
1.0,0.4091245
1.0,0.6968024
0.0,0.70804167
0.0,0.5227061
0.0,0.18173125
0.0,0.1628271
1.0,0.70055926
1.0,0.5178722
1.0,0.68126905
1.0,0.79599774
0.0,0.6175635
0.0,0.115609705
0.0,0.09153962
1.0,0.5788413
0.0,0.23755205
1.0,0.12815297
1.0,0.7064014
0.0,0.30848017
0.0,0.071911275
0.0,0.2155362
0.0,0.32627296
1.0,0.7782979
1.0,0.6765841
0.0,0.32949936
1.0,0.76085913
1.0,0.499164
0.0,0.6198594
0.0,0.1512832
1.0,0.72459996
0.0,0.101811975
0.0,0.24769357
0.0,0.12360641
0.0,0.43611854
0.0,0.12968525
1.0,0.50854236
0.0,0.46584237
0.0,0.7014458
1.0,0.76674676
1.0,0.7688596
0.0,0.31862772
0.0,0.76119816
1.0,0.29724866
0.0,0.25884032
0.0,0.08262271
1.0,0.5260848
0.0,0.21049798
0.0,0.17931688
0.0,0.09406367
1.0,0.75247383
0.0,0.48464453
1.0,0.5970173
1.0,0.66026044
1.0,0.862587
0.0,0.13474315
1.0,0.5289007
0.0,0.10294491
1.0,0.7645891
0.0,0.16023955
1.0,0.72947806
0.0,0.17775828
0.0,0.13754311
1.0,0.8320035
0.0,0.115832865
0.0,0.13129961
1.0,0.72809047
1.0,0.7779784
1.0,0.4172683
1.0,0.6672888
1.0,0.50882953
1.0,0.59358454
1.0,0.48136622
0.0,0.13255084
1.0,0.6528982
1.0,0.7595376
0.0,0.22059503
0.0,0.120599836
0.0,0.10659903
1.0,0.6780403
0.0,0.19480127
0.0,0.45553312
0.0,0.52562845
1.0,0.75685024
0.0,0.16572157
0.0,0.62429124
1.0,0.6172157
1.0,0.68130517
1.0,0.78469414
1.0,0.2432993
0.0,0.7630222
0.0,0.34202227
0.0,0.15576705
0.0,0.23175094
0.0,0.09826028
0.0,0.080581635
0.0,0.15785459
1.0,0.4331786
1.0,0.7643049
0.0,0.15140489
1.0,0.745981
0.0,0.1325849
0.0,0.18180877
1.0,0.77249193
0.0,0.1261859
0.0,0.7385371
0.0,0.28567243
0.0,0.70535094
0.0,0.16667765
0.0,0.121427804
0.0,0.7482071
1.0,0.73212993
0.0,0.22130606
0.0,0.653847
1.0,0.71713924
0.0,0.13227409
1.0,0.6105607
0.0,0.24684685
0.0,0.10306215
0.0,0.13069633
0.0,0.4054619
0.0,0.12558371
0.0,0.15583995
0.0,0.16242236
0.0,0.3310514
0.0,0.57253444
1.0,0.5838075
0.0,0.21120271
1.0,0.7728629
0.0,0.61789453
1.0,0.5072378
0.0,0.39652207
0.0,0.15793884
0.0,0.23796973
1.0,0.7552055
1.0,0.18674403
1.0,0.6006323
0.0,0.14648354
0.0,0.5444586
1.0,0.75326514
0.0,0.16676617
0.0,0.24771467
1.0,0.69893223
0.0,0.23868003
1.0,0.7660545
1.0,0.632221
0.0,0.2355749
1.0,0.5161179
0.0,0.48544475
1.0,0.29753128
0.0,0.35899708
1.0,0.8583178
0.0,0.09628925
0.0,0.74455976
0.0,0.16118753
0.0,0.18554226
0.0,0.102755964
0.0,0.13795784
0.0,0.1325931
1.0,0.74040616
0.0,0.17465287
0.0,0.109746695
0.0,0.078305185
0.0,0.23624864
0.0,0.26968986
1.0,0.6011135
0.0,0.35559368
0.0,0.29316878
1.0,0.53015566
0.0,0.34911734
1.0,0.8240228
0.0,0.6921108
1.0,0.46588105
1.0,0.75728554
0.0,0.08216709
1.0,0.8355422
0.0,0.5284064
0.0,0.22918451
0.0,0.12856662
0.0,0.17014617
1.0,0.651059
1.0,0.85568523
0.0,0.20032865
0.0,0.14883211
1.0,0.7835463
0.0,0.11769691
1.0,0.49897948
1.0,0.3025248
1.0,0.6548724
0.0,0.39855313
1.0,0.6051158
0.0,0.19700581
1.0,0.7260086
1.0,0.3433029
0.0,0.0011658072
0.0,0.67154384
0.0,0.12468061
0.0,0.63360536
1.0,0.7267828
1.0,0.7383872
1.0,0.74662054
0.0,0.16400787
0.0,0.1355407
1.0,0.8274304
0.0,0.74940866
0.0,0.07606512
0.0,0.17487696
1.0,0.555866
0.0,0.64295113
0.0,0.15053713
0.0,0.15087646
0.0,0.34680218
1.0,0.68826365
1.0,0.74675006
0.0,0.24121273
0.0,0.14725912
0.0,0.1400547
1.0,0.8690909
0.0,0.2658434
0.0,0.7109741
1.0,0.728237
0.0,0.10686076
0.0,0.5427191
1.0,0.66611785
0.0,0.18147153
1.0,0.40835312
1.0,0.41659772
0.0,0.117426276
0.0,0.14631113
0.0,0.10603008
0.0,0.10857636
1.0,0.7803725
1.0,0.84006006
1.0,0.81215537
1.0,0.63958424
0.0,0.72395205
0.0,0.21426374
1.0,0.72640824
1.0,0.8181231
0.0,0.5818943
0.0,0.13302293
1.0,0.25890946
0.0,0.1377565
1.0,0.7385778
0.0,0.09392789
0.0,0.44850078
1.0,0.72009915
0.0,0.5178584
0.0,0.10822672
0.0,0.2230233
0.0,0.1687614
0.0,0.5756438
1.0,0.34923893
0.0,0.13988346
1.0,0.86654085
0.0,0.0020174384
1.0,0.63649464
0.0,0.19369504
1.0,0.6909606
1.0,0.79316205
1.0,0.8683461
0.0,0.5623228
0.0,0.109791905
1.0,0.47834563
0.0,0.103607714
0.0,0.17661199
1.0,0.7193145
1.0,0.32787898
0.0,0.18631846
1.0,0.6922293
1.0,0.7419104
0.0,0.7272742
0.0,0.14838615
0.0,0.4802089
0.0,0.13542062
0.0,0.10470259
0.0,0.7217558
1.0,0.78740597
1.0,0.8542975
1.0,0.6544677
0.0,0.088011295
0.0,0.08837691
0.0,0.23937726
0.0,0.12020916
0.0,0.075913966
0.0,0.41916245
1.0,0.6576374
1.0,0.7479348
1.0,0.62732816
0.0,0.24756917
0.0,0.99999756
1.0,0.67127603
0.0,0.3852248
0.0,0.68030965
1.0,0.6944009
0.0,0.6547595
0.0,0.9976013
1.0,0.31746066
0.0,0.108573854
1.0,0.51380676
1.0,0.74634635
0.0,0.69762695
0.0,0.11847648
1.0,0.88279164
0.0,0.09080917
0.0,0.4365596
1.0,0.68910545
1.0,0.6583105
1.0,0.66121066
1.0,0.78568774
0.0,0.6438025
0.0,0.18972135
0.0,0.12238178
1.0,0.47822642
0.0,0.76324004
1.0,0.6832974
0.0,0.64931273
1.0,0.62966067
1.0,0.44052935
0.0,0.17496705
0.0,0.16842788
0.0,0.1571581
0.0,0.42332378
0.0,0.19529924
0.0,0.2398619
1.0,0.44100243
1.0,0.63701177
0.0,0.51485133
1.0,0.7894788
1.0,0.26453176
0.0,0.10827896
0.0,0.23505616
1.0,0.7017862
1.0,0.24970597
0.0,0.1341449
0.0,0.38587025
0.0,0.0900732
0.0,0.1632145
1.0,0.59064656
1.0,0.72128403
0.0,0.13974029
0.0,0.10186869
0.0,0.20668828
0.0,0.36954102
0.0,0.11062214
0.0,0.2233479
0.0,0.6386348
0.0,0.41231334
0.0,0.21690217
0.0,0.124839276
0.0,0.38319582
1.0,0.77582175
1.0,0.74037385
0.0,0.19475389
0.0,0.3289159
0.0,0.11711639
0.0,0.15743843
0.0,0.084804505
0.0,0.34554613
0.0,0.10361576
0.0,0.7060174
1.0,0.80003774
1.0,0.8457287
1.0,0.78567916
1.0,0.722929
1.0,0.7936019
0.0,0.59543365
0.0,0.19446707
0.0,0.1621516
0.0,0.23183727
1.0,0.6216387
0.0,0.1358524
1.0,0.75856185
0.0,0.09644011
0.0,0.7225847
0.0,0.6176107
0.0,0.28349173
0.0,0.14205459
0.0,0.68725425
0.0,0.34024835
0.0,0.12938553
1.0,0.7640771
1.0,0.6603869
0.0,0.0248681
0.0,0.4010273
0.0,0.10841003
0.0,0.13996044
1.0,0.77636266
0.0,0.1546132
1.0,0.38580227
0.0,0.32730374
1.0,0.8507159
0.0,0.108112395
0.0,0.31058782
1.0,0.63806903
0.0,0.09851512
1.0,0.7450165
0.0,0.26617998
0.0,0.40662977
0.0,0.5021939
0.0,0.07703042
0.0,0.10865474
1.0,0.66606647
1.0,0.719224
0.0,0.33912402
0.0,0.14020357
0.0,0.12070835
0.0,0.0009430945
1.0,0.6544473
0.0,0.4705394
1.0,0.27195293
1.0,0.70176363
0.0,0.6427224
0.0,0.08397123
0.0,0.1976305
0.0,0.16114864
0.0,0.16538054
0.0,0.07112038
0.0,0.28986537
0.0,0.59245265
0.0,0.48990318
1.0,0.6736
0.0,0.83701587
0.0,0.1035904
1.0,0.6907236
0.0,0.172539
0.0,0.30699873
0.0,0.12064028
0.0,0.15730014
1.0,0.15513456
1.0,0.76914036
1.0,0.45592946
0.0,0.14513102
0.0,0.15622127
0.0,0.14102447
0.0,0.6708456
0.0,0.3233015
0.0,0.6793157
1.0,0.8129847
1.0,0.74478537
1.0,0.67731833
0.0,0.1765264
1.0,0.8588479
1.0,0.6020127
0.0,0.19205087
1.0,0.66003656
0.0,0.18574896
0.0,0.24106613
0.0,0.58338696
1.0,0.7843967
1.0,0.6769965
1.0,0.6515877
0.0,0.72335386
0.0,0.38247895
0.0,0.19613352
1.0,0.7551286
1.0,0.7425275
1.0,0.7707732
1.0,0.7036775
0.0,0.14690095
0.0,0.10928592
0.0,0.14590973
0.0,0.63704354
1.0,0.6279711
0.0,0.17792639
0.0,0.21176001
0.0,0.49577382
1.0,0.6782383
0.0,0.29278672
0.0,0.03962311
0.0,0.1369698
0.0,0.7196416
0.0,0.1996364
0.0,0.30116558
0.0,0.11652675
0.0,0.33845085
0.0,0.081425786
1.0,0.8318509
1.0,0.40940517
0.0,0.6387322
0.0,0.72674346
0.0,0.32558584
1.0,0.74490917
0.0,0.15180671
0.0,0.12741506
0.0,0.297067
0.0,0.080770314
1.0,0.77295864
0.0,0.12413016
0.0,0.2949652
1.0,0.6912623
1.0,0.7604277
1.0,0.68421113
0.0,0.10382843
0.0,0.5299728
1.0,0.6666714
1.0,0.78758454
1.0,0.7663151
0.0,0.6951179
0.0,0.27366018
0.0,0.14036784
1.0,0.25571612
1.0,0.840465
0.0,0.123794824
0.0,0.3899675
1.0,0.65687734
1.0,0.7386502
0.0,0.14440125
1.0,0.66292125
1.0,0.37413645
0.0,0.16744098
1.0,0.2627592
0.0,0.15709347
0.0,0.12570307
0.0,0.6161099
0.0,0.1914551
1.0,0.53064924
0.0,0.16452211
1.0,0.5676994
1.0,0.70640504
1.0,0.37282836
0.0,0.14516288
0.0,0.63847095
1.0,0.5218492
0.0,0.11192608
1.0,0.55620176
1.0,0.74119025
0.0,0.6885208
0.0,0.2999373
1.0,0.5091083
1.0,0.87166053
0.0,0.09782976
1.0,0.6478575
1.0,0.5328156
1.0,0.72410005
1.0,0.7775879
1.0,0.69425684
1.0,0.80774343
0.0,0.15197372
0.0,0.4312429
0.0,0.16706887
1.0,0.8041823
1.0,0.7468968
0.0,0.24023265
0.0,0.16013208
1.0,0.7035103
0.0,0.19318238
1.0,0.7742492
0.0,0.6473611
1.0,0.4005437
1.0,0.65202516
0.0,0.54426515
1.0,0.43805593
0.0,0.34420592
1.0,0.81546134
1.0,0.7500131
1.0,0.32100067
0.0,0.18055475
0.0,0.16430819
1.0,0.7124918
0.0,0.11418274
1.0,0.7420772
0.0,0.11504635
0.0,0.30730143
0.0,0.6330514
0.0,0.16860312
0.0,0.08475959
0.0,0.55836654
0.0,0.5011826
1.0,0.75293994
1.0,0.42379293
0.0,0.139034
1.0,0.76916194
1.0,0.6650599
0.0,0.64803094
0.0,0.68153965
0.0,0.2028932
0.0,0.15661475
0.0,0.18617421
0.0,0.18261296
1.0,0.40910038
1.0,0.8410646
0.0,0.1606327
0.0,0.12605503
0.0,0.49710146
0.0,0.68546826
0.0,0.24188837
1.0,0.7497183
0.0,0.67830336
0.0,0.23758534
1.0,0.7643268
1.0,0.607688
0.0,0.33225012
0.0,0.54972565
0.0,0.18030968
1.0,0.7622414
1.0,0.7760097
0.0,0.24381104
0.0,0.1492899
0.0,0.13701653
0.0,0.17408791
0.0,0.13666978
1.0,0.6736105
1.0,0.67845213
1.0,0.64772207
0.0,0.06584802
1.0,0.39922044
0.0,0.6507213
1.0,0.8074342
1.0,0.5408205
0.0,0.14369589
0.0,0.15463766
0.0,0.13240328
0.0,0.64823234
0.0,0.6837783
1.0,0.8367015
0.0,0.6064362
0.0,0.40864554
0.0,0.17689994
0.0,0.11796415
0.0,0.12983894
0.0,0.1593664
0.0,0.48266894
1.0,0.7029773
1.0,0.8556284
0.0,0.09148681
0.0,0.41537386
0.0,0.6744232
0.0,0.10026801
1.0,0.7350037
0.0,0.18189844
0.0,0.5653263
1.0,0.69528997
0.0,0.976756
0.0,0.17011377
0.0,0.2916326
0.0,0.14775908
1.0,0.72872615
1.0,0.8003198
0.0,0.15969533
1.0,0.35974985
1.0,0.7985244
1.0,0.72590625
0.0,0.42559272
0.0,0.4631731
1.0,0.58231926
1.0,0.8823071
0.0,0.116708755
1.0,0.7421052
0.0,0.35904694
1.0,0.7896998
1.0,0.66323125
1.0,0.542191
0.0,0.18389633
1.0,0.6180316
1.0,0.4953254
0.0,0.30719084
0.0,0.19265497
0.0,0.7664211
0.0,0.25537217
0.0,0.1551956
0.0,0.09956589
1.0,0.81682026
0.0,0.64449495
0.0,0.3287151
0.0,0.65391433
0.0,0.16969827
0.0,0.15403187
0.0,0.3577045
1.0,0.6826926
0.0,0.18616125
0.0,0.39428812
0.0,0.19778359
1.0,0.7039241
1.0,0.76133925
1.0,0.7563883
1.0,0.73512197
0.0,0.14201507
0.0,0.1993638
0.0,0.2056039
0.0,0.40201294
0.0,0.69218695
0.0,0.20640394
1.0,0.71819085
0.0,0.5353652
1.0,0.33850625
1.0,0.26529688
1.0,0.7409832
0.0,0.13959122
0.0,0.10707772
0.0,0.1386903
0.0,0.16111079
1.0,0.73672754
1.0,0.6533278
1.0,0.2866552
1.0,0.7476543
1.0,0.80904686
0.0,0.17996654
0.0,0.18086049
0.0,0.59794366
0.0,0.1376023
1.0,0.70646447
0.0,0.13495055
0.0,0.6487874
1.0,0.8468808
1.0,0.5792946
0.0,0.13450563
0.0,0.5520119
0.0,0.19656336
0.0,0.23869595
1.0,0.4996783
0.0,0.84575784
0.0,0.31528714
1.0,0.7853406
0.0,0.50532615
1.0,0.8191624
1.0,0.8030609
0.0,0.12351343
0.0,0.44969767
0.0,0.12779507
0.0,0.18454865
1.0,0.7609637
0.0,0.094432294
0.0,0.46171075
0.0,0.7243514
0.0,0.07358661
1.0,0.6977709
1.0,0.56252533
1.0,0.8241261
1.0,0.72127664
0.0,0.2815506
0.0,0.1270797
1.0,0.58642
0.0,0.08629954
1.0,0.45847303
0.0,0.16697675
1.0,0.7490819
1.0,0.7805842
0.0,0.5071478
0.0,0.45391276
0.0,0.58724874
0.0,0.15894324
0.0,0.20668873
0.0,0.15564951
1.0,0.73732084
0.0,0.12948245
0.0,0.3684945
0.0,0.3486514
0.0,0.29258338
0.0,0.15020609
0.0,0.1264838
0.0,0.23830318
0.0,0.14201438
0.0,0.0793775
0.0,0.15049478
0.0,0.1764614
0.0,0.13752931
1.0,0.5950118
0.0,0.60896385
1.0,0.74659586
0.0,0.11719009
0.0,0.09347558
1.0,0.70698345
0.0,0.08850607
1.0,0.82673144
0.0,0.6601794
1.0,0.8111125
0.0,0.59396315
0.0,0.3995562
1.0,0.71043366
1.0,0.41325966
0.0,0.15969947
0.0,0.25352728
0.0,0.043110818
0.0,0.109932214
0.0,0.07720339
0.0,0.6869377
1.0,0.7267369
1.0,0.73331934
0.0,0.3653559
0.0,0.2790442
1.0,0.63830936
1.0,0.7631352
1.0,0.71071416
0.0,0.099407405
1.0,0.33853075
0.0,0.4027175
1.0,0.59016234
0.0,0.10469207
1.0,0.61740524
0.0,0.16783217
0.0,0.4630008
0.0,0.40369275
0.0,0.6411247
1.0,0.6398474
0.0,0.18243706
0.0,0.33766133
1.0,0.88698804
0.0,0.28372568
0.0,0.66516393
0.0,0.6512133
1.0,0.8225853
0.0,0.2962349
0.0,0.1426054
0.0,0.7974719
1.0,0.6314178
0.0,0.11693442
0.0,0.7895721
0.0,0.30243468
1.0,0.64923537
0.0,0.07033476
1.0,0.7110971
0.0,0.6410401
1.0,0.66728365
1.0,0.8297828
0.0,0.5234389
1.0,0.7781762
1.0,0.83906066
0.0,0.1338383
0.0,0.47963032
0.0,0.24126527
1.0,0.8266837
0.0,0.16040674
1.0,0.722862
1.0,0.58907604
0.0,0.14179578
1.0,0.8003046
0.0,0.39808136
1.0,0.5828133
0.0,0.73496836
1.0,0.67450833
0.0,0.4489472
1.0,0.31150356
0.0,0.28519273
0.0,0.13078222
0.0,0.08442491
0.0,0.2852636
0.0,0.10514635
0.0,0.12858698
0.0,0.11814049
0.0,0.26732737
0.0,0.35117528
0.0,0.55555665
0.0,0.43018907
0.0,0.22524694
1.0,0.53527856
1.0,0.4620619
0.0,0.59164226
1.0,0.2995543
0.0,0.18242529
0.0,0.31431347
0.0,0.622758
0.0,0.19749847
0.0,0.16460642
0.0,0.248023
1.0,0.72084296
0.0,0.15929332
0.0,0.19574204
1.0,0.1616523
0.0,0.10192031
1.0,0.7648467
0.0,0.17541057
0.0,0.49552345
1.0,0.3140515
0.0,0.17638087
1.0,0.6859882
0.0,0.13279128
0.0,0.11365935
0.0,0.113796294
1.0,0.76039493
0.0,0.18823346
1.0,0.7231401
1.0,0.487112
0.0,0.7630421
0.0,0.11872777
1.0,0.14710096
0.0,0.38502595
0.0,0.17035717
0.0,0.6419588
0.0,0.14392394
0.0,0.3922606
0.0,0.67537284
1.0,0.28900796
0.0,0.14631099
1.0,0.68985516
0.0,0.08465055
0.0,0.1274277
0.0,0.12038088
1.0,0.60664874
1.0,0.77599597
0.0,0.3712051
0.0,0.61251086
0.0,0.1370045
0.0,0.26514766
0.0,0.23169494
0.0,0.11369425
0.0,0.10278964
1.0,0.32691383
1.0,0.6614045
0.0,0.22717711
0.0,0.71936786
1.0,0.7396849
0.0,0.15129012
1.0,0.56815434
0.0,0.15372476
0.0,0.13836864
1.0,0.7879044
0.0,0.61510897
1.0,0.6996213
1.0,0.6789007
1.0,0.7781676
0.0,0.022614002
0.0,0.12988481
0.0,0.66720533
1.0,0.767688
0.0,0.34678784
1.0,0.749864
0.0,0.15319347
0.0,0.087367505
0.0,0.72520924
1.0,0.65649515
0.0,0.24287444
0.0,0.13634056
0.0,0.3386173
1.0,0.72398925
1.0,0.764035
0.0,0.28964394
0.0,0.2637374
1.0,0.7832576
1.0,0.73599094
1.0,0.8005663
1.0,0.5556594
0.0,0.07633343
1.0,0.6997692
0.0,0.16132444
0.0,0.31443927
0.0,0.16355509
1.0,0.6804012
0.0,0.1509386
0.0,0.20304304
0.0,0.09695047
1.0,0.46487996
0.0,0.42393893
1.0,0.7254112
1.0,0.8032148
0.0,0.30555457
1.0,0.722329
0.0,0.114311665
1.0,0.5018067
0.0,0.45933592
0.0,0.14262432
0.0,0.15564004
0.0,0.11284912
1.0,0.7753971
0.0,0.22137246
0.0,0.1772016
0.0,0.5171542
1.0,0.8397847
1.0,0.7009417
0.0,0.12368861
1.0,0.73414934
1.0,0.77433825
1.0,0.8583496
1.0,0.46746105
0.0,0.458159
1.0,0.74568444
0.0,0.226782
0.0,0.41763026
1.0,0.47674498
0.0,0.12468198
0.0,0.16624129
0.0,0.5880438
1.0,0.37608558
0.0,0.28872445
0.0,0.549928
1.0,0.7377515
0.0,0.15483433
1.0,0.54899526
0.0,0.15799978
0.0,0.6610679
1.0,0.6546149
1.0,0.75423515
0.0,0.11595914
1.0,0.7285906
1.0,0.7468203
0.0,0.31501925
0.0,0.2164005
1.0,0.50237435
0.0,0.39650562
1.0,0.8084495
0.0,0.13528174
0.0,0.2551363
1.0,0.27495423
1.0,0.7129314
0.0,0.27670246
1.0,0.553589
0.0,0.17294696
0.0,0.14042118
1.0,0.8403667
0.0,0.42806724
0.0,0.16025755
0.0,0.20901117
1.0,0.6201242
0.0,0.11476421
0.0,0.19233638
1.0,0.42516756
1.0,0.6869732
0.0,0.15799162
0.0,0.41616982
0.0,0.19386983
1.0,0.40418398
0.0,0.61095107
0.0,0.1601873
0.0,0.07662171
0.0,0.11862892
0.0,0.14570832
1.0,0.34893426
0.0,0.36077273
0.0,0.1144644
0.0,0.21188724
1.0,0.7830827
1.0,0.85667425
1.0,0.5876032
0.0,0.45520887
0.0,0.17502129
0.0,0.67063004
1.0,0.83624977
0.0,0.17873073
1.0,0.7140552
0.0,0.14862406
1.0,0.76610684
0.0,0.2307607
1.0,0.7136428
0.0,0.81013215
1.0,0.58709025
0.0,0.56471413
0.0,0.19195199
1.0,0.45987982
1.0,0.75453365
1.0,0.75010157
0.0,0.48158348
1.0,0.6752633
1.0,0.4960292
1.0,0.36000523
0.0,0.10974002
1.0,0.47788262
0.0,0.18098426
0.0,0.73144084
1.0,0.6421807
0.0,0.53651863
0.0,0.1270499
0.0,0.18334979
0.0,0.22774318
0.0,0.67167217
1.0,0.7092578
1.0,0.6578195
0.0,0.5513818
0.0,0.61351484
0.0,0.15459847
1.0,0.84778666
0.0,0.6134825
0.0,0.32004926
0.0,0.13316962
0.0,0.14720464
0.0,0.1929313
0.0,0.64791775
1.0,0.74191386
1.0,0.8549504
1.0,0.43307817
0.0,0.40440288
0.0,0.15470126
0.0,0.13495478
0.0,0.11633149
0.0,0.17483816
1.0,0.72928613
0.0,0.5145229
0.0,0.59785235
1.0,0.76954
0.0,0.23960212
1.0,0.45808578
1.0,0.39254317
0.0,0.44961044
0.0,0.12721983
0.0,0.2638623
1.0,0.63478756
0.0,0.08062306
0.0,0.21082789
1.0,0.78412145
1.0,0.47653776
0.0,0.15182492
0.0,0.19907033
0.0,0.69550884
0.0,0.095852345
0.0,0.49647996
1.0,0.536491
1.0,0.8282663
0.0,0.13981941
0.0,0.12410778
0.0,0.4627013
0.0,0.65136003
1.0,0.7968155
0.0,0.13572797
1.0,0.77656794
0.0,0.21050674
1.0,0.8135072
0.0,0.13788041
1.0,0.7202679
1.0,0.671124
0.0,0.16591904
0.0,0.39431337
0.0,0.100123405
0.0,0.35681328
1.0,0.9359261
1.0,0.22800583
1.0,0.4354947
1.0,0.5370528
1.0,0.47911704
0.0,0.091597885
1.0,0.68447435
1.0,0.948497
0.0,0.16864026
0.0,0.15008193
0.0,0.20884499
1.0,0.59036946
1.0,0.84567827
0.0,0.7474682
0.0,0.10802004
1.0,0.69789636
0.0,0.18654904
0.0,0.16559577
1.0,0.7516642
0.0,0.6841648
0.0,0.18322212
1.0,0.65866053
1.0,0.7229986
0.0,0.11141294
0.0,0.17761555
0.0,0.19040075
1.0,0.69280314
1.0,0.8032135
0.0,0.7388887
0.0,0.4383001
1.0,0.76500505
1.0,0.5390667
0.0,0.1396426
0.0,0.5247128
0.0,0.16125727
1.0,0.8276683
1.0,0.6814295
0.0,0.17423198
0.0,0.123880506
1.0,0.642622
0.0,0.13747147
0.0,0.18963793
0.0,0.30447435
0.0,0.63771826
1.0,0.6814984
0.0,0.650982
0.0,0.12711951
0.0,0.83058286
0.0,0.45687807
0.0,0.45319358
1.0,0.69475937
1.0,0.776906
0.0,0.26447475
1.0,0.76839507
0.0,0.29206803
1.0,0.79261994
1.0,0.37429833
1.0,0.73918486
0.0,0.12815434
0.0,0.6967697
0.0,0.13164327
1.0,0.8046372
0.0,0.14664438
1.0,0.76175153
0.0,0.22044274
0.0,0.15893906
1.0,0.32925564
1.0,0.74393785
0.0,0.12509891
1.0,0.6624296
0.0,0.15024036
1.0,0.4935673
0.0,0.13509744
1.0,0.6559515
1.0,0.30446348
0.0,0.14152375
0.0,0.3138164
0.0,0.41312197
0.0,0.10967654
0.0,0.1224049
0.0,0.5825952
0.0,0.32390785
0.0,0.13982525
0.0,0.80771923
0.0,0.13589817
1.0,0.755146
0.0,0.6400083
0.0,0.3654413
1.0,0.879029
0.0,0.17575288
1.0,0.8224816
0.0,0.1292744
1.0,0.74232805
0.0,0.17801815
0.0,0.16403902
1.0,0.82318246
0.0,0.19032791
0.0,0.15103456
0.0,0.30453882
1.0,0.6534911
1.0,0.57345927
0.0,0.11400136
1.0,0.64264894
1.0,0.42117408
1.0,0.7409568
0.0,0.5038814
1.0,0.45096928
1.0,0.58597386
0.0,0.39623928
1.0,0.47199035
1.0,0.6594245
0.0,0.15512529
0.0,0.19554332
0.0,0.18668595
0.0,0.1595523
0.0,0.1492855
0.0,0.1718609
0.0,0.1491017
0.0,0.074940205
1.0,0.7449658
0.0,0.39367497
0.0,0.15792403
0.0,0.29630107
0.0,0.24345255
1.0,0.7450831
0.0,0.09133208
1.0,0.7470725
0.0,0.3969306
0.0,0.1776222
1.0,0.1663096
1.0,0.6162209
0.0,0.26556212
0.0,0.19713578
1.0,0.7548815
0.0,0.738306
0.0,0.16741738
1.0,0.6116197
1.0,0.47482958
1.0,0.6335159
1.0,0.644927
0.0,0.21596703
0.0,0.11271125
1.0,0.4101298
0.0,0.15398872
0.0,0.13292903
1.0,0.8148086
1.0,0.7297027
1.0,0.72761494
0.0,0.12916985
1.0,0.24502006
1.0,0.7460568
1.0,0.72454524
0.0,0.14028913
0.0,0.116995156
1.0,0.43582612
0.0,0.14340574
0.0,0.6699542
0.0,0.15411457
1.0,0.76653403
0.0,0.1784634
0.0,0.15718293
0.0,0.24637845
0.0,0.62564087
0.0,0.32539058
0.0,0.06910011
0.0,0.7089901
1.0,0.8471092
0.0,0.17203802
1.0,0.7397925
0.0,0.13374949
0.0,0.3943519
0.0,0.7143904
1.0,0.13384488
0.0,0.64690554
0.0,0.097718656
0.0,0.14406827
0.0,0.32634094
0.0,0.22876775
1.0,0.73369735
0.0,0.8650795
1.0,0.7695001
0.0,0.29897648
0.0,0.18390441
0.0,0.1421979
0.0,0.48626533
0.0,0.1803847
0.0,0.4306804
0.0,0.21270916
0.0,0.14334056
1.0,0.6740171
0.0,0.13799396
1.0,0.64918196
1.0,0.6311626
0.0,0.18788046
0.0,0.20640904
1.0,0.778528
0.0,0.19660279
1.0,0.5988995
1.0,0.70962864
0.0,0.22822231
1.0,0.5834575
0.0,0.13733202
1.0,0.68586844
0.0,0.49577925
0.0,0.39720872
1.0,0.4992354
0.0,0.7515962
0.0,0.09390256
0.0,0.25244504
1.0,0.60667145
1.0,0.81624615
0.0,0.09481326
0.0,0.54730356
1.0,0.62500435
0.0,0.5102543
1.0,0.5294398
0.0,0.6641479
1.0,0.5334808
0.0,0.68063706
0.0,0.30300662
0.0,0.7065873
0.0,0.07775125
0.0,0.3269481
1.0,0.15321797
0.0,0.41954833
1.0,0.74616396
0.0,0.20305061
1.0,0.48019427
0.0,0.093575865
0.0,0.09885195
0.0,0.14920425
0.0,0.1606974
0.0,0.30818006
0.0,0.34786275
0.0,0.3775685
0.0,0.41204193
1.0,0.62711024
0.0,0.13299683
0.0,0.20311877
1.0,0.77343684
1.0,0.46410272
0.0,0.21024585
0.0,0.092166305
1.0,0.5368071
0.0,0.026225567
1.0,0.30397326
1.0,0.6449045
1.0,0.50366783
1.0,0.69951046
0.0,0.13886184
0.0,0.13862818
1.0,0.72111964
0.0,0.34419984
1.0,0.7351994
1.0,0.69553035
1.0,0.7606799
0.0,0.5457835
0.0,0.13599563
0.0,0.23852175
0.0,0.13451874
1.0,0.7167028
1.0,0.7292048
0.0,0.43811518
0.0,0.23173657
0.0,0.1489617
0.0,0.35665262
1.0,0.29030377
1.0,0.67574567
1.0,0.61899483
0.0,0.72288513
1.0,0.44321728
1.0,0.93517184
1.0,0.6875835
1.0,0.80163544
0.0,0.68353677
0.0,0.21401188
0.0,0.48690492
0.0,0.12177378
1.0,0.72094226
1.0,0.83757406
1.0,0.65537304
1.0,0.6841249
0.0,0.22857115
0.0,0.08143982
0.0,0.19638601
0.0,0.25820714
1.0,0.66285706
0.0,0.09240645
0.0,0.12276131
0.0,0.09625515
0.0,0.1532129
1.0,0.58288103
1.0,0.740129
1.0,0.8245746
0.0,0.20074847
0.0,0.6317404
1.0,0.68255466
1.0,0.77976835
0.0,0.23870432
1.0,0.6299419
0.0,0.24922127
1.0,0.8238759
1.0,0.81507385
1.0,0.46478024
0.0,0.13965717
0.0,0.3448903
1.0,0.6554013
0.0,0.27206898
0.0,0.43934768
1.0,0.77173316
0.0,0.2391425
0.0,0.16849732
0.0,0.14289507
1.0,0.5822925
0.0,0.47306648
0.0,0.42222124
1.0,0.6589561
0.0,0.36158434
0.0,0.14499164
0.0,0.28976142
0.0,0.18425092
1.0,0.74374247
0.0,0.48181513
0.0,0.11368334
0.0,0.09835237
1.0,0.7229218
0.0,0.18005955
0.0,0.094803214
1.0,0.5241308
0.0,0.5242659
0.0,0.10707474
1.0,0.7991358
1.0,0.510314
0.0,0.12240195
1.0,0.5374635
1.0,0.62071335
0.0,0.4348996
0.0,0.46789116
1.0,0.72247374
1.0,0.7325879
0.0,0.100216985
1.0,0.5794779
1.0,0.4824768
1.0,0.7168733
0.0,0.2031233
1.0,0.53548574
0.0,0.15351716
1.0,0.59627956
0.0,0.13169172
1.0,0.82688415
0.0,0.5769654
0.0,0.38399792
1.0,0.6752839
0.0,0.15563875
1.0,0.6878393
1.0,0.66883945
1.0,0.73650324
1.0,0.38268965
0.0,0.118756086
1.0,0.10983026
0.0,0.3543694
0.0,0.08564517
0.0,0.102788866
0.0,0.36932302
1.0,0.6586343
0.0,0.23280051
0.0,0.5165071
0.0,0.55999315
0.0,0.23030335
1.0,0.63063824
0.0,0.4377154
0.0,0.10696426
0.0,0.12813762
0.0,0.6855271
1.0,0.6941172
0.0,0.10344836
1.0,0.7755048
1.0,0.80783284
0.0,0.71384084
0.0,0.15237606
0.0,0.17200541
1.0,0.79652566
0.0,0.14557517
1.0,0.6668441
1.0,0.48073345
1.0,0.76521707
0.0,0.6654038
0.0,0.5957412
0.0,0.10667169
0.0,0.7224028
0.0,0.14443567
0.0,0.18423292
0.0,0.26459724
1.0,0.5567504
0.0,0.17283916
1.0,0.7400774
0.0,0.033480197
1.0,0.84636796
1.0,0.7451598
1.0,0.614406
1.0,0.69051594
0.0,0.6257283
0.0,0.71230125
0.0,0.17190674
1.0,0.5093237
1.0,0.57255167
0.0,0.13799888
1.0,0.6716042
1.0,0.7748685
1.0,0.8133762
1.0,0.7231975
0.0,0.716548
0.0,0.29370224
1.0,0.75909686
0.0,0.13822687
0.0,0.7602206
1.0,0.7890364
0.0,0.103146136
0.0,0.6125036
0.0,0.00084400177
0.0,0.20389989
0.0,0.21763271
1.0,0.8282444
0.0,0.13828388
0.0,0.6770816
1.0,0.6065253
0.0,0.13593072
1.0,0.7030016
0.0,0.41014075
0.0,0.18370205
0.0,0.16165468
0.0,0.11016616
1.0,0.6836485
0.0,0.28924137
0.0,0.20161402
1.0,0.76314294
1.0,0.6784595
0.0,0.2092444
0.0,0.14923573
0.0,0.10970828
1.0,0.5822093
0.0,0.095666885
1.0,0.6633507
1.0,0.6496227
1.0,0.40014085
1.0,0.5800332
1.0,0.80515873
0.0,0.82568514
1.0,0.6879881
1.0,0.79488647
0.0,0.15971425
0.0,0.17014953
0.0,0.21230438
1.0,0.66972196
0.0,0.1540446
0.0,0.10841507
0.0,0.4331776
1.0,0.8219017
0.0,0.25537044
1.0,0.6640328
0.0,0.86335254
0.0,0.4894177
0.0,0.16227263
0.0,0.20126665
0.0,0.23430264
1.0,0.76697034
1.0,0.79223025
0.0,0.11759251
0.0,0.20466045
1.0,0.38437837
0.0,0.13064063
1.0,0.77503824
0.0,0.29422823
0.0,0.22217503
0.0,0.17444661
1.0,0.8097003
1.0,0.735966
0.0,0.13904771
0.0,0.30165142
1.0,0.51226974
0.0,0.45112878
0.0,0.12238675
1.0,0.7460772
1.0,0.88951766
1.0,0.8026995
0.0,0.18491945
1.0,0.7088975
1.0,0.77712524
0.0,0.32656127
0.0,0.12732321
0.0,0.09092167
0.0,0.15177444
0.0,0.08238566
0.0,0.24795902
1.0,0.67240065
1.0,0.7398586
0.0,0.37713546
0.0,0.15643942
0.0,0.46246707
0.0,0.17612365
1.0,0.640133
0.0,0.48373687
0.0,0.25962728
0.0,0.5947939
0.0,0.6793936
1.0,0.4374922
0.0,0.12142202
0.0,0.68456244
1.0,0.75673175
0.0,0.3764537
0.0,0.37728414
0.0,0.17608872
0.0,0.127947
1.0,0.65752685
1.0,0.650374
0.0,0.21216425
0.0,0.7660695
0.0,0.120285004
0.0,0.86796284
0.0,0.72889155
0.0,0.25846386
0.0,0.15537527
0.0,0.35059676
1.0,0.20745957
0.0,0.175529
1.0,0.0030424595
0.0,0.5731539
0.0,0.11553776
0.0,0.17767674
0.0,0.8651519
0.0,0.75262415
0.0,0.3137763
1.0,0.7455045
0.0,0.13192117
0.0,0.56330407
0.0,0.16212177
1.0,0.99991673
1.0,0.6563436
0.0,0.1159153
0.0,0.4202238
0.0,0.11196622
1.0,0.7810813
1.0,0.7187203
1.0,0.8353105
0.0,0.12410864
1.0,0.8607973
0.0,0.18398187
0.0,0.16845605
0.0,0.15689433
1.0,0.48608273
0.0,0.07930148
0.0,0.16543236
1.0,0.7972767
1.0,0.15901607
0.0,0.2976045
1.0,0.8085472
0.0,0.15623638
1.0,0.71454555
0.0,0.18318984
1.0,0.226073
0.0,0.78265584
0.0,0.99999857
1.0,0.6243739
0.0,0.22314388
0.0,0.2113466
0.0,0.15107214
0.0,0.11309525
0.0,0.26979774
0.0,0.10376853
1.0,0.5690264
1.0,0.4318031
0.0,0.20908463
0.0,0.19628981
0.0,0.10351238
0.0,0.5769285
1.0,0.8058903
0.0,0.15618953
0.0,0.30972713
0.0,0.7417011
0.0,0.6286187
0.0,0.12250653
1.0,0.7291082
1.0,0.7105961
0.0,0.13816696
0.0,0.2089254
0.0,0.22702679
0.0,0.17769891
1.0,0.701879
0.0,0.65688586
0.0,0.29864594
0.0,0.14418846
1.0,0.21578532
0.0,0.10125065
0.0,0.17883906
1.0,0.8131989
0.0,0.2349684
0.0,0.26047343
1.0,0.68523383
1.0,0.95055795
1.0,0.9060621
0.0,0.10585189
0.0,0.13198197
0.0,0.4291421
0.0,0.096030176
1.0,0.69814354
0.0,0.33722088
1.0,0.2482531
0.0,0.07700896
0.0,0.09831825
0.0,0.26937473
1.0,0.8212266
0.0,0.5781694
0.0,0.16313207
0.0,0.24581927
1.0,0.65515196
0.0,0.19349623
0.0,0.3276046
0.0,0.14526805
1.0,0.58963484
0.0,0.19607368
0.0,0.10827598
1.0,0.52662885
1.0,0.77408063
0.0,0.09645054
1.0,0.81459427
1.0,0.733635
1.0,0.6918044
1.0,0.7154608
0.0,0.13853171
1.0,0.6748239
0.0,0.7304648
1.0,0.37831166
0.0,0.19756138
1.0,0.376863
0.0,0.17905006
1.0,0.25691247
1.0,0.85775423
1.0,0.45285153
0.0,0.17790508
0.0,0.66917235
0.0,0.47312725
0.0,0.17565733
0.0,0.15853435
0.0,0.24480903
1.0,0.78963846
1.0,0.76442903
1.0,0.71714115
0.0,0.1598585
0.0,0.13851863
0.0,0.22127333
0.0,0.29820386
1.0,0.19218764
0.0,0.18615368
0.0,0.15897319
0.0,0.1269202
0.0,0.47515664
1.0,0.70942706
0.0,0.6964951
0.0,0.70862615
0.0,0.63904023
1.0,0.618469
0.0,0.14583123
0.0,0.020224422
1.0,0.57270473
0.0,0.6168318
1.0,0.71923995
0.0,0.11738831
0.0,0.4595431
0.0,0.13843465
0.0,0.11141199
0.0,0.11744702
1.0,0.6873401
0.0,0.17625156
0.0,0.16052902
1.0,0.72906995
1.0,0.76129425
0.0,0.29029232
1.0,0.1487279
0.0,0.58904546
0.0,0.14142105
1.0,0.7800776
0.0,0.12005806
0.0,0.30714554
0.0,0.16129622
0.0,0.17431614
1.0,0.65265787
1.0,0.729378
1.0,0.6551058
1.0,0.83204484
0.0,0.09081808
0.0,0.16660595
0.0,0.41081893
1.0,0.74757814
0.0,0.24974185
0.0,0.12960434
1.0,0.74517775
1.0,0.5886963
1.0,0.6452522
0.0,0.16506407
0.0,0.19970503
0.0,0.33427936
1.0,0.7643774
1.0,0.64271164
1.0,0.790963
0.0,0.3795398
0.0,0.122362465
0.0,0.102656335
1.0,0.7267063
1.0,0.39522812
0.0,0.5381056
1.0,0.6101192
1.0,0.5203421
1.0,0.8366471
1.0,0.5796434
0.0,0.1558978
0.0,0.17837763
1.0,0.6509228
1.0,0.6619395
0.0,0.14575446
0.0,0.1336014
0.0,0.11544311
0.0,0.12242955
0.0,0.1477885
0.0,0.62382185
0.0,0.120183915
0.0,0.21162513
1.0,0.3878107
1.0,0.68665254
0.0,0.68269295
1.0,0.79704094
0.0,0.13305363
1.0,0.6578812
0.0,0.347621
1.0,0.8491595
0.0,0.12070146
0.0,0.16339701
0.0,0.14116836
0.0,0.43633747
1.0,0.2457132
1.0,0.7816028
0.0,0.1416555
0.0,0.21491438
1.0,0.33010066
0.0,0.17436108
1.0,0.7084732
1.0,0.6529014
0.0,0.24581107
0.0,0.064887226
0.0,0.45284542
0.0,0.8441442
0.0,0.7421967
0.0,0.13099343
0.0,0.042976588
0.0,0.123253435
1.0,0.68226737
1.0,0.8301716
1.0,0.4805701
1.0,0.6739459
0.0,0.16279826
0.0,0.3076333
1.0,0.5902621
0.0,0.73349184
0.0,0.18707627
0.0,0.2607001
1.0,0.6329423
1.0,0.5546562
0.0,0.18497536
1.0,0.791818
1.0,0.77085686
0.0,0.11705631
0.0,0.19129968
1.0,0.75655854
0.0,0.1296179
0.0,0.0015844405
0.0,0.08726415
0.0,0.15787467
1.0,0.19392121
0.0,0.17145121
0.0,0.16482013
0.0,0.75507903
1.0,0.41088355
0.0,0.09409514
0.0,0.2462621
1.0,0.8092891
0.0,0.116437316
0.0,0.3167107
0.0,0.76542544
1.0,0.7828548
1.0,0.46620587
1.0,0.64322263
0.0,0.30361462
0.0,0.4534299
1.0,0.75865495
0.0,0.15388426
0.0,0.1251157
0.0,0.6638702
0.0,0.3571036
1.0,0.40562186
0.0,0.17211023
0.0,0.6164643
1.0,0.5499009
0.0,0.15562627
0.0,0.1364972
0.0,0.45148292
0.0,0.20955202
1.0,0.7284284
1.0,0.8079144
0.0,0.7019892
1.0,0.68941057
0.0,0.15595567
0.0,0.13461134
0.0,0.12271318
1.0,0.62616146
0.0,0.1640785
0.0,0.21242458
1.0,0.571346
1.0,0.614295
1.0,0.69223374
0.0,0.23696166
1.0,0.6274856
1.0,0.8278341
0.0,0.11216506
0.0,0.6086916
0.0,0.82412136
1.0,0.5548579
0.0,0.37451005
0.0,0.5236088
0.0,0.15867978
0.0,0.10071647
0.0,0.10307646
0.0,0.23136583
0.0,0.51246774
0.0,0.7574161
0.0,0.61344796
1.0,0.6280607
1.0,0.54612136
1.0,0.68534255
0.0,0.17180961
1.0,0.74614394
0.0,0.21766764
0.0,0.21043429
1.0,0.8043157
0.0,0.018493116
0.0,0.13439268
0.0,0.41742948
0.0,0.16629037
0.0,0.62077963
0.0,0.5898747
0.0,0.12419182
1.0,0.83033836
0.0,0.10408872
0.0,0.10938913
0.0,0.1805048
1.0,0.8022665
1.0,0.6771663
0.0,0.62200534
1.0,0.25786772
0.0,0.11669904
1.0,0.49116662
0.0,0.1883353
0.0,0.115464926
1.0,0.19324225
0.0,0.09338662
0.0,0.14449158
1.0,0.54745674
0.0,0.18328246
1.0,0.1052604
0.0,0.55297583
0.0,0.12597537
1.0,0.81730616
0.0,0.16437227
0.0,0.25963998
0.0,0.6779903
0.0,0.14208156
0.0,0.11198911
1.0,0.6538727
0.0,0.20202225
0.0,0.38223588
0.0,0.0885447
1.0,0.66895336
0.0,0.69229764
0.0,0.18574205
1.0,0.5629123
0.0,0.10984573
0.0,0.13011089
0.0,0.3123973
0.0,0.25779885
1.0,0.68619585
0.0,0.15235567
0.0,0.1537844
0.0,0.13146695
0.0,0.09947139
0.0,0.7203442
1.0,0.9262091
1.0,0.6789986
0.0,0.1654669
1.0,0.7394231
0.0,0.17216954
0.0,0.14521104
0.0,0.09019196
0.0,0.26935148
1.0,0.8613707
0.0,0.14641747
0.0,0.12991661
0.0,0.59061456
0.0,0.28877032
0.0,0.18689951
0.0,0.12221801
0.0,0.14302856
0.0,0.098991334
0.0,0.1678904
0.0,0.6965606
1.0,0.7101638
0.0,0.28676358
0.0,0.34761518
0.0,0.1947361
1.0,0.7977826
0.0,0.25837624
1.0,0.7283734
0.0,0.14007556
0.0,0.24872735
0.0,0.23405829
1.0,0.6830912
1.0,0.7736311
1.0,0.5150406
1.0,0.6763574
0.0,0.23882389
0.0,0.16304973
1.0,0.73408747
1.0,0.77351654
0.0,0.118747026
0.0,0.2803953
0.0,0.596293
1.0,0.9417199
0.0,0.16372901
0.0,0.15788487
0.0,0.16366667
0.0,0.1449678
1.0,0.5342456
1.0,0.70043314
0.0,0.05735886
1.0,0.6722228
0.0,0.14042717
0.0,0.162047
0.0,0.1021871
0.0,0.18502629
0.0,0.10324794
1.0,0.6907496
0.0,0.08755061
0.0,0.7203705
0.0,0.6615686
0.0,0.14982146
0.0,0.68615466
1.0,0.6315825
0.0,0.12858039
0.0,0.11134201
1.0,0.8292958
0.0,0.73160326
0.0,0.13190198
1.0,0.83805645
1.0,0.63332665
0.0,0.2509207
1.0,0.8558037
0.0,0.20759618
1.0,0.7203368
1.0,0.8558971
0.0,0.24341646
1.0,0.76148033
0.0,0.18153048
0.0,0.32871598
0.0,0.4766089
0.0,0.38893634
0.0,0.15061939
0.0,0.1741238
0.0,0.37573832
1.0,0.8128414
0.0,0.6197792
0.0,0.28064352
0.0,0.34605783
0.0,0.2446636
1.0,0.6576364
0.0,0.16254732
0.0,0.5113406
0.0,0.1450563
0.0,0.18206376
0.0,0.2153784
0.0,0.75481194
1.0,0.13108057
0.0,0.42512006
1.0,0.60214263
0.0,0.1515927
1.0,0.7122886
0.0,0.25087786
0.0,0.59214735
0.0,0.1431011
0.0,0.4818287
0.0,0.44664037
0.0,0.25468397
0.0,0.37204528
0.0,0.14325756
0.0,0.7836998
0.0,0.74645615
1.0,0.64696974
0.0,0.3677999
0.0,0.17553806
1.0,0.908453
0.0,0.22104347
0.0,0.14220011
0.0,0.16129455
1.0,0.66884774
1.0,0.6749218
1.0,0.52431095
1.0,0.9016996
0.0,0.4142278
1.0,0.68855834
0.0,0.023176312
1.0,0.3529156
0.0,0.1387127
0.0,0.7752687
0.0,0.1766738
0.0,0.12861365
0.0,0.1693115
1.0,0.7265803
1.0,0.3339653
0.0,0.7513182
1.0,0.69317603
0.0,0.15845636
1.0,0.7323378
0.0,0.14303151
0.0,0.17391148
0.0,0.73845005
0.0,0.52033085
0.0,0.15965658
0.0,0.13651648
1.0,0.8497895
0.0,0.10913676
1.0,0.73248506
1.0,0.65563625
1.0,0.68299276
0.0,0.14266115
0.0,0.6012528
0.0,0.15208021
0.0,0.00059375167
0.0,0.21179512
1.0,0.71012646
0.0,0.45244372
0.0,0.14316916
0.0,0.30351293
0.0,0.1728178
0.0,0.10492003
0.0,0.25679392
0.0,0.7188016
0.0,0.18718323
0.0,0.35194343
1.0,0.86235285
0.0,0.19116962
0.0,0.12307316
0.0,0.17497617
0.0,0.09461412
1.0,0.7130964
0.0,0.59231746
1.0,0.74952775
0.0,0.6394956
1.0,0.81629205
1.0,0.6574923
0.0,0.17186192
0.0,0.6065816
0.0,0.16152677
0.0,0.15882814
0.0,0.21263686
0.0,0.579528
1.0,0.7946351
0.0,0.11187318
1.0,0.7308937
0.0,0.3806844
0.0,0.07409033
0.0,0.18668038
1.0,0.8429327
0.0,0.13199624
1.0,0.8634547
0.0,0.24266094
0.0,0.21067277
0.0,0.64248306
0.0,0.112045825
0.0,0.9999987
0.0,0.16310674
1.0,0.5906028
1.0,0.73814774
0.0,0.29244035
0.0,0.21972817
0.0,0.15293759
1.0,0.6140673
0.0,0.18783617
1.0,0.47032702
0.0,0.5939623
1.0,0.7475756
1.0,0.8146613
0.0,0.07497427
0.0,0.27130842
0.0,0.18822694
1.0,0.5477313
0.0,0.47377652
0.0,0.53656
1.0,0.8108585
1.0,0.70607305
0.0,0.36993986
0.0,0.17373067
1.0,0.7176134
0.0,0.16793641
0.0,0.15431175
0.0,0.15714961
1.0,0.6525788
0.0,0.2537158
0.0,0.32918826
1.0,0.6350781
1.0,0.5619451
0.0,0.35225004
0.0,0.19962296
0.0,0.1403569
1.0,0.7633537
1.0,0.885123
1.0,0.6225851
0.0,0.2628731
0.0,0.24718153
0.0,0.433897
0.0,0.13001654
1.0,0.72010016
0.0,0.18721646
0.0,0.66221964
0.0,0.16818869
0.0,0.2630226
0.0,0.16704479
0.0,0.16718364
0.0,0.49565464
0.0,0.14773032
0.0,0.12938091
1.0,0.6682867
1.0,0.70162976
0.0,0.13571015
0.0,0.64936054
1.0,0.4505788
0.0,0.15220544
1.0,0.6501131
0.0,0.18786001
0.0,0.15981096
1.0,0.84648836
1.0,0.7552578
0.0,0.7199271
0.0,0.567543
1.0,0.40890998
0.0,0.36520672
0.0,0.43338677
0.0,0.8259468
0.0,0.105948836
1.0,0.6329168
1.0,0.39398187
0.0,0.3204422
0.0,0.11998457
0.0,0.20839733
1.0,0.6781249
0.0,0.18578348
1.0,0.5961517
0.0,0.2217462
1.0,0.73134863
1.0,0.63690025
0.0,0.42396477
1.0,0.4159578
0.0,0.52921057
0.0,0.22925338
1.0,0.8046139
1.0,0.65206563
0.0,0.11454162
0.0,0.5806676
0.0,0.75565886
0.0,0.26759547
1.0,0.755407
0.0,0.35956377
0.0,0.43679368
0.0,0.15058684
1.0,0.61494935
0.0,0.15145275
0.0,0.7482148
1.0,0.61586654
0.0,0.11681983
0.0,0.77127624
0.0,0.12918022
1.0,0.62196505
0.0,0.35670346
1.0,0.7549337
0.0,0.1442639
1.0,0.25876394
1.0,0.41825908
1.0,0.7382379
1.0,0.75189316
0.0,0.09350771
1.0,0.6500484
0.0,0.15914646
1.0,0.86357725
1.0,0.49403095
0.0,0.71559423
1.0,0.5334614
0.0,0.08732656
1.0,0.72921354
1.0,0.7703463
0.0,0.09335998
0.0,0.7144878
1.0,0.8739768
1.0,0.6694685
0.0,0.31259024
0.0,0.7046968
0.0,0.09789029
0.0,0.09887597
0.0,0.41733408
1.0,0.7486049
1.0,0.77828443
1.0,0.42118758
1.0,0.6642094
1.0,0.69873166
1.0,0.8344342
0.0,0.42625648
1.0,0.7839181
0.0,0.16395944
0.0,0.25699878
0.0,0.20549944
1.0,0.15369707
1.0,0.48643774
0.0,0.1763036
0.0,0.13439003
0.0,0.73133594
1.0,0.7679293
1.0,0.65843046
1.0,0.72145134
0.0,0.11365071
0.0,0.83882916
0.0,0.18827093
0.0,0.47859806
0.0,0.15865606
0.0,0.19229802
1.0,0.7641405
1.0,0.71203065
0.0,0.2940627
0.0,0.18179438
0.0,0.007217884
0.0,0.46939635
0.0,0.5479739
0.0,0.18797636
0.0,0.5206528
1.0,0.5682364
0.0,0.3056568
1.0,0.75261766
0.0,0.13107005
0.0,0.62124443
0.0,0.4343149
0.0,0.4676239
1.0,0.7868953
1.0,0.65819395
1.0,0.6821341
1.0,0.69239694
0.0,0.09591442
0.0,0.56843644
1.0,0.48000598
1.0,0.75316274
0.0,0.529894
0.0,0.10121697
0.0,0.017296016
1.0,0.32313243
0.0,0.13647619
1.0,0.031288415
0.0,0.1758855
0.0,0.32418746
0.0,0.15917596
0.0,0.18869624
0.0,0.6414171
0.0,0.08347952
0.0,0.21032771
1.0,0.75130147
0.0,0.14065155
0.0,0.49745587
0.0,0.16037238
1.0,0.5193447
0.0,0.1464816
1.0,0.8053894
0.0,0.13869902
0.0,0.2073271
0.0,0.12705943
0.0,0.5628902
0.0,0.09851289
0.0,0.08546695
1.0,0.77066875
0.0,0.5419885
1.0,0.7130532
1.0,0.82773113
0.0,0.15924636
0.0,0.40919828
1.0,0.77361125
1.0,0.84215707
0.0,0.26512071
0.0,0.6913223
0.0,0.13962972
0.0,0.34812176
0.0,0.15977225
1.0,0.74192595
0.0,0.14097881
1.0,0.5107283
1.0,0.44657347
0.0,0.7547977
0.0,0.2924204
0.0,0.08983821
0.0,0.13478243
0.0,0.41098285
0.0,0.16227064
0.0,0.13839582
0.0,0.67546487
1.0,0.64510965
1.0,0.6933701
0.0,0.19831246
0.0,0.16221759
0.0,0.6259735
1.0,0.7098205
0.0,0.11857948
0.0,0.19557828
1.0,0.45252693
1.0,0.8091982
0.0,0.18956915
0.0,0.18548328
0.0,0.13557178
1.0,0.78090113
0.0,0.09504369
1.0,0.81816506
1.0,0.6281859
0.0,0.112528026
0.0,0.0012997687
0.0,0.104334325
1.0,0.6199187
0.0,0.6311848
1.0,0.54413784
0.0,0.15403274
1.0,0.78771
0.0,0.37722737
0.0,0.16240266
0.0,0.2446712
1.0,0.8397099
0.0,0.5177467
1.0,0.81858397
1.0,0.36357874
0.0,0.07610622
1.0,0.293463
0.0,0.2022461
1.0,0.37632936
0.0,0.23775584
1.0,0.7005403
0.0,0.11292404
1.0,0.714674
1.0,0.81775427
1.0,0.8744811
0.0,0.115149885
1.0,0.86480665
1.0,0.590762
0.0,0.1937361
1.0,0.7556275
1.0,0.25751036
1.0,0.2890255
0.0,0.59827435
0.0,0.21353087
0.0,0.66315114
0.0,0.27122536
