0.0,0.71790636
0.0,0.578922
1.0,0.6056403
0.0,0.23215085
1.0,0.63580203
0.0,0.19180885
1.0,0.82429147
1.0,0.7895541
1.0,0.99994934
0.0,0.2511919
0.0,0.027265787
1.0,0.9752433
0.0,0.17483619
0.0,0.42356575
0.0,0.20494533
0.0,0.18240693
1.0,0.6757242
0.0,0.13518283
0.0,0.2021907
1.0,0.40167874
1.0,0.44182914
0.0,0.23020804
1.0,0.8762065
0.0,0.23902306
0.0,0.21943733
1.0,0.9191716
0.0,0.226619
1.0,0.82999396
0.0,0.1671778
1.0,0.7094791
0.0,0.19834328
0.0,0.670989
1.0,0.73303527
1.0,0.9205723
1.0,0.78412855
1.0,0.8203126
1.0,0.6382239
0.0,0.20460409
1.0,0.6974144
1.0,0.56863
1.0,0.88120496
1.0,0.7910496
0.0,0.19375312
1.0,0.85636055
1.0,0.76867867
0.0,0.22125265
0.0,0.24501836
0.0,0.20802519
0.0,0.18917307
1.0,0.93405366
0.0,0.7087276
1.0,0.75696427
1.0,0.78856504
1.0,0.7321385
0.0,0.23984173
0.0,0.20555907
0.0,0.6912687
1.0,0.26087165
1.0,0.92728746
1.0,0.611923
1.0,0.86787724
0.0,0.6302788
1.0,0.96583825
1.0,0.76991034
1.0,0.7404337
0.0,0.44993842
0.0,0.46641338
1.0,0.72880346
0.0,0.1823149
1.0,0.72974586
0.0,0.32171038
1.0,0.9194623
0.0,0.19383606
0.0,0.21737474
1.0,0.54944295
0.0,0.34276962
0.0,0.16313776
0.0,0.33955196
0.0,0.10131097
1.0,0.8796525
0.0,0.1973112
1.0,0.94028544
1.0,0.945585
1.0,0.96698
1.0,0.88516605
1.0,0.71959215
1.0,0.810408
0.0,0.35653108
0.0,0.20385405
1.0,0.7780851
0.0,0.20057404
1.0,0.4364551
0.0,0.15294874
0.0,0.7283136
0.0,0.23253205
1.0,0.8213642
0.0,0.17117563
0.0,0.2063933
1.0,0.44491416
1.0,0.9708217
0.0,0.15872732
0.0,0.23093498
1.0,0.16139773
0.0,0.39790994
0.0,0.30478546
1.0,0.89271355
1.0,0.13546515
0.0,0.19593802
1.0,0.19834203
1.0,0.90221834
1.0,0.844959
0.0,0.2510981
1.0,0.1671429
0.0,0.21855086
0.0,0.17495012
1.0,0.6316332
0.0,0.19275749
1.0,0.83341694
1.0,0.57790804
1.0,0.85070276
0.0,0.51274747
1.0,0.86076415
0.0,0.90439594
0.0,0.26848382
0.0,0.54344493
1.0,0.5211089
0.0,0.1652022
0.0,0.14896208
1.0,0.93113375
1.0,0.731951
1.0,0.8706062
0.0,0.24501553
0.0,0.21588066
1.0,0.55734944
1.0,0.96231306
0.0,0.72565824
0.0,0.14438021
0.0,0.32411316
0.0,0.24262103
0.0,0.23100147
1.0,0.8850827
0.0,0.20199561
1.0,0.77024245
0.0,0.23168927
0.0,0.32465798
0.0,0.18487123
1.0,0.6938301
0.0,0.20313084
0.0,0.13328478
0.0,0.22083706
0.0,0.38744098
0.0,0.16473341
0.0,0.16803348
0.0,0.8469231
0.0,0.17476103
1.0,0.75918484
0.0,0.09629676
0.0,0.19928953
1.0,0.91231215
0.0,0.33595765
0.0,0.8080175
0.0,0.6064821
0.0,0.18791977
0.0,0.38353834
1.0,0.9584767
0.0,0.39018267
1.0,0.6638062
0.0,0.24257636
0.0,0.18173799
1.0,0.7339252
0.0,0.5912457
0.0,0.866468
0.0,0.67088664
0.0,0.19487765
1.0,0.75022316
1.0,0.7755024
0.0,0.16434312
1.0,0.84577906
0.0,0.6478764
1.0,0.86446404
1.0,0.8241677
1.0,0.72234404
1.0,0.75638986
1.0,0.85966843
0.0,0.6765051
0.0,0.15341786
0.0,0.24256477
0.0,0.8153576
0.0,0.33659685
0.0,0.19617897
1.0,0.39685297
0.0,0.17525917
0.0,0.54326564
1.0,0.8017285
1.0,0.85496044
1.0,0.83305216
0.0,0.23250201
0.0,0.19625536
0.0,0.18814284
1.0,0.24918044
0.0,0.20315301
0.0,0.7100633
0.0,0.997879
0.0,0.4393083
0.0,0.1919787
1.0,0.19033009
0.0,0.17029113
1.0,0.48136413
0.0,0.17384452
0.0,0.3483218
0.0,0.20885536
1.0,0.90369487
0.0,0.29530156
0.0,0.24486357
0.0,0.17648268
0.0,0.13590708
0.0,0.8372575
0.0,0.6171832
1.0,0.9858488
0.0,0.20087531
0.0,0.17868605
1.0,0.82252675
1.0,0.81720483
0.0,0.44145977
0.0,0.21849406
0.0,0.13374928
0.0,0.26137447
0.0,0.19772333
0.0,0.24121696
1.0,0.847076
0.0,0.24239552
1.0,0.7527845
0.0,0.27905658
1.0,0.79784787
1.0,0.4692789
0.0,0.2183187
0.0,0.22815937
0.0,0.2141507
1.0,0.82215935
1.0,0.73892784
1.0,0.8120371
1.0,0.5735995
0.0,0.15523425
0.0,0.60680085
1.0,0.9360169
0.0,0.7664533
0.0,0.16045484
0.0,0.15488613
0.0,0.2817279
0.0,0.46735427
0.0,0.14261878
0.0,0.38731334
1.0,0.62207633
0.0,0.17031598
0.0,0.3087585
0.0,0.21003252
1.0,0.8557414
1.0,0.7229768
0.0,0.16681018
0.0,0.19128495
0.0,0.17510223
1.0,0.8280983
0.0,0.028857827
0.0,0.15272945
0.0,0.24932185
0.0,0.1814551
1.0,0.8531455
1.0,0.92113316
1.0,0.8981639
0.0,0.19072285
1.0,0.6416883
0.0,0.8152393
0.0,0.16683546
0.0,0.54699886
1.0,0.6946766
1.0,0.7587524
0.0,0.15287206
0.0,0.15765491
1.0,0.8383037
1.0,0.6493967
0.0,0.5714798
1.0,0.61262137
1.0,0.7598003
0.0,0.69739425
0.0,0.14441192
0.0,0.2329197
0.0,0.21933687
0.0,0.7308586
0.0,0.19624412
1.0,0.9340186
0.0,0.17531705
0.0,0.19582811
1.0,0.9728019
0.0,0.1993258
1.0,0.7906147
1.0,0.14439312
1.0,0.84911186
1.0,0.54385734
1.0,0.7851635
0.0,0.33609775
1.0,0.77572465
0.0,0.79992175
1.0,0.9740209
0.0,0.7491841
0.0,0.61383
0.0,0.19418263
0.0,0.6366733
0.0,0.37828195
1.0,0.8501849
0.0,0.9627778
1.0,0.6439622
0.0,0.6705637
1.0,0.78305185
1.0,0.9507723
0.0,0.16561651
0.0,0.14559838
0.0,0.15641665
1.0,0.7972628
1.0,0.7073848
0.0,0.15953839
0.0,0.18701512
0.0,0.18337196
0.0,0.20127034
1.0,0.92128813
1.0,0.6636714
0.0,0.17707351
0.0,0.70181465
1.0,0.6635273
1.0,0.86795497
1.0,0.7509636
0.0,0.20728582
0.0,0.90762126
0.0,0.2226719
0.0,0.7530335
1.0,0.7948292
1.0,0.6938764
0.0,0.25393403
0.0,0.29548597
0.0,0.18213046
0.0,0.42269576
0.0,0.14640692
0.0,0.1782586
1.0,0.46962747
0.0,0.33740067
0.0,0.20634568
0.0,0.23739976
0.0,0.83200085
0.0,0.90135586
0.0,0.2508651
0.0,0.1459885
1.0,0.5130201
0.0,0.17606798
1.0,0.8229666
0.0,0.14954191
0.0,0.36669713
0.0,0.3068589
0.0,0.17050031
0.0,0.6674368
1.0,0.30830497
1.0,0.7604214
0.0,0.9247117
1.0,0.81353587
0.0,0.17225152
0.0,0.4337893
0.0,0.41207677
0.0,0.8491074
0.0,0.21297067
0.0,0.10305989
1.0,0.78976023
0.0,0.1950402
1.0,0.9287871
0.0,0.32623738
1.0,0.57497495
0.0,0.29026288
1.0,0.33760685
1.0,0.89110184
1.0,0.8135172
0.0,0.16243115
0.0,0.21940851
1.0,0.999651
0.0,0.20276886
0.0,0.27500576
1.0,0.3233245
1.0,0.96565
0.0,0.3898104
1.0,0.7600598
1.0,0.9863921
0.0,0.6402324
0.0,0.1808399
0.0,0.39969087
0.0,0.19200361
0.0,0.18025598
0.0,0.31982428
1.0,0.82237625
0.0,0.7820824
1.0,0.77646655
1.0,0.48293442
0.0,0.2561524
0.0,0.534118
0.0,0.7477343
1.0,0.93276495
1.0,0.87584925
1.0,0.7629992
0.0,0.19589362
1.0,0.9373616
1.0,0.7971462
0.0,0.16027093
0.0,0.47506407
0.0,0.82134944
0.0,0.9017352
1.0,0.88244104
0.0,0.20789391
1.0,0.7419978
0.0,0.46287575
0.0,0.18720153
0.0,0.18872622
0.0,0.25991446
0.0,0.20814508
0.0,0.21685007
0.0,0.16426528
0.0,0.22425479
0.0,0.17491692
0.0,0.5600661
0.0,0.3289837
0.0,0.19298548
0.0,0.73993784
0.0,0.13882017
1.0,0.6915587
0.0,0.3342856
1.0,0.94695604
0.0,0.15556908
0.0,0.21824622
0.0,0.2335389
0.0,0.8840542
0.0,0.74509954
0.0,0.35486615
0.0,0.27752286
0.0,0.16457853
0.0,0.14267585
0.0,0.17014918
0.0,0.50308156
1.0,0.688955
0.0,0.334936
0.0,0.2115193
0.0,0.5547618
0.0,0.20060846
1.0,0.6440589
0.0,0.7362342
1.0,0.58477944
0.0,0.16834146
0.0,0.1898551
1.0,0.7044773
0.0,0.8447156
1.0,0.7368891
1.0,0.85952884
1.0,0.5805082
1.0,0.88901645
0.0,0.17393512
1.0,0.6342133
0.0,0.1602064
0.0,0.15502816
0.0,0.76927614
1.0,0.934751
0.0,0.31662953
0.0,0.20069927
1.0,0.035221696
1.0,0.97513723
0.0,0.2929206
0.0,0.16399759
1.0,0.5241486
0.0,0.40452117
1.0,0.7195859
0.0,0.42091233
0.0,0.45501128
1.0,0.8007256
0.0,0.7787777
0.0,0.13681337
1.0,0.5482079
0.0,0.25133747
1.0,0.9617312
0.0,0.18869385
1.0,0.52607256
1.0,0.51302683
1.0,0.7379081
1.0,0.93327755
0.0,0.8309361
0.0,0.20570031
1.0,0.8442077
0.0,0.21164161
0.0,0.4483548
1.0,0.7147598
1.0,0.7281741
1.0,0.8433521
0.0,0.16388005
1.0,0.9503844
1.0,0.8190077
0.0,0.19758722
1.0,0.9538617
0.0,0.98780334
1.0,0.41519713
1.0,0.7685864
0.0,0.73845816
0.0,0.5537736
1.0,0.90559953
0.0,0.47816703
1.0,0.79180837
0.0,0.6743469
0.0,0.16554973
0.0,0.72591764
1.0,0.96808666
0.0,0.31958824
0.0,0.15443507
0.0,0.6902572
1.0,0.70358074
0.0,0.13508281
0.0,0.1924015
0.0,0.4901344
0.0,0.7462837
1.0,0.7345441
1.0,0.86387104
0.0,0.3577183
0.0,0.30611065
0.0,0.17863801
0.0,0.6835009
0.0,0.18918994
1.0,0.9351249
0.0,0.2954775
1.0,0.7281527
0.0,0.72108465
0.0,0.38820186
1.0,0.6846939
0.0,0.23727053
0.0,0.39407325
0.0,0.16108695
0.0,0.19661373
0.0,0.8919792
0.0,0.18667284
0.0,0.17333835
0.0,0.23033985
1.0,0.7694628
1.0,0.92734313
0.0,0.16069907
0.0,0.1970168
1.0,0.95679915
0.0,0.25198665
1.0,0.7490158
0.0,0.4448327
0.0,0.17471898
1.0,0.8405421
0.0,0.74880517
1.0,0.4748694
0.0,0.5635623
1.0,0.46878538
0.0,0.23126906
0.0,0.18093276
0.0,0.60015905
1.0,0.87163943
0.0,0.16697353
0.0,0.22150755
0.0,0.16681233
0.0,0.5932008
1.0,0.5316498
0.0,0.2500116
0.0,0.15518764
1.0,0.94887805
1.0,0.4155049
0.0,0.5125398
1.0,0.6755636
0.0,0.7165135
0.0,0.71496964
1.0,0.9112028
1.0,0.878031
0.0,0.21640384
1.0,0.75689733
1.0,0.72721606
0.0,0.28084818
0.0,0.3850901
0.0,0.257164
1.0,0.28010046
0.0,0.14560843
0.0,0.15678579
0.0,0.22593397
1.0,0.94645154
1.0,0.80939436
0.0,0.26813275
1.0,0.39661682
1.0,0.5928439
0.0,0.22018126
1.0,0.7102761
0.0,0.33050138
1.0,0.9520302
0.0,0.193117
1.0,0.77040076
0.0,0.23606887
0.0,0.17153811
1.0,0.7884521
0.0,0.16735142
1.0,0.8270873
0.0,0.23768774
0.0,0.17693666
0.0,0.25828275
1.0,0.7369428
0.0,0.72495633
1.0,0.59862715
0.0,0.2154921
1.0,0.8396842
1.0,0.82801527
0.0,0.16980645
1.0,0.84270346
1.0,0.9131468
1.0,0.79763085
1.0,0.4813988
0.0,0.39852998
0.0,0.1799922
0.0,0.64586055
1.0,0.84751666
1.0,0.5324637
0.0,0.120971024
0.0,0.17284489
0.0,0.44146377
1.0,0.8269886
0.0,0.77815497
1.0,0.19863918
1.0,0.7281794
0.0,0.20166677
0.0,0.26184872
1.0,0.75194347
0.0,0.6483832
1.0,0.7597528
0.0,0.661301
0.0,0.18015009
0.0,0.3178028
1.0,0.597642
0.0,0.3511759
1.0,0.98281586
0.0,0.17638338
1.0,0.121058315
0.0,0.4991023
0.0,0.23990053
1.0,0.61292887
1.0,0.6708667
1.0,0.7831176
1.0,0.7009882
0.0,0.22141337
0.0,0.19690457
0.0,0.80863905
0.0,0.1471417
1.0,0.28372318
1.0,0.29509372
0.0,0.14502206
0.0,0.19932643
0.0,0.15430108
1.0,0.69148535
0.0,0.15642536
0.0,0.11941549
0.0,0.26847085
0.0,0.79583716
0.0,0.5791625
0.0,0.6274666
1.0,0.76634747
0.0,0.6184063
1.0,0.3252812
0.0,0.3144163
0.0,0.67875826
1.0,0.45032066
1.0,0.8203925
1.0,0.8135799
0.0,0.29338384
0.0,0.19129968
1.0,0.7881572
0.0,0.1711478
0.0,0.16433284
0.0,0.42569503
1.0,0.8083689
0.0,0.1943565
0.0,0.23189187
1.0,0.9377415
0.0,0.3368531
1.0,0.97108746
1.0,0.8482553
1.0,0.86671466
0.0,0.23182341
1.0,0.89552
1.0,0.8077797
0.0,0.40219462
1.0,0.60733753
0.0,0.28086838
0.0,0.48319504
0.0,0.22930026
0.0,0.20738694
1.0,0.8464407
1.0,0.83510226
1.0,0.780794
1.0,0.73543674
1.0,0.8427799
0.0,0.6748411
0.0,0.81703055
1.0,0.78690517
0.0,0.1868816
1.0,0.6221164
1.0,0.9536755
0.0,0.31610793
1.0,0.68802905
1.0,0.59317714
0.0,0.1656315
0.0,0.2324768
0.0,0.09629369
0.0,0.19955099
1.0,0.81423736
1.0,0.9308561
0.0,0.17940506
0.0,0.22172955
1.0,0.16356647
1.0,0.47069186
1.0,0.53283066
0.0,0.16598317
1.0,0.80552626
1.0,0.73676705
0.0,0.2246187
0.0,0.40352118
1.0,0.76613474
1.0,0.97051924
0.0,0.7342669
1.0,0.9156082
0.0,0.37508348
0.0,0.29899156
1.0,0.92797035
0.0,0.6802311
1.0,0.9596374
0.0,0.34027046
0.0,0.21740323
0.0,0.37480628
1.0,0.75321436
1.0,0.4819885
0.0,0.16220939
0.0,0.27107376
1.0,0.7457301
0.0,0.21868151
1.0,0.7510389
1.0,0.80318975
1.0,0.72952235
0.0,0.61424637
0.0,0.69272196
0.0,0.4466558
0.0,0.1779854
0.0,0.17947084
1.0,0.8020631
0.0,0.56721914
0.0,0.24510023
1.0,0.75051236
0.0,0.23903686
1.0,0.21228719
1.0,0.75006634
0.0,0.23991176
0.0,0.056035876
0.0,0.7919208
0.0,0.18797284
0.0,0.16814294
0.0,0.14726225
0.0,0.1646291
0.0,0.72875154
1.0,0.6049143
1.0,0.9320489
0.0,0.99658656
0.0,0.72913074
0.0,0.23701322
0.0,0.21101454
0.0,0.18750128
1.0,0.54650164
0.0,0.20634547
0.0,0.0988864
1.0,0.7465687
1.0,0.29230005
0.0,0.20013383
0.0,0.79882824
0.0,0.12990636
0.0,0.15474504
0.0,0.19051072
0.0,0.21172729
1.0,0.81838346
1.0,0.7904334
1.0,0.9184445
0.0,0.18495655
1.0,0.6666371
1.0,0.8581085
0.0,0.3780423
0.0,0.13836718
1.0,0.6879158
1.0,0.56430733
1.0,0.7272513
1.0,0.9996553
1.0,0.71360683
0.0,0.302563
0.0,0.4641846
1.0,0.6314052
0.0,0.19056064
1.0,0.7298355
0.0,0.16141826
1.0,0.096086115
0.0,0.2070255
0.0,0.7818494
0.0,0.23634762
0.0,0.32164747
0.0,0.66338956
0.0,0.16911507
0.0,0.20289361
0.0,0.20396423
0.0,0.8145027
0.0,0.16550398
0.0,0.15816861
1.0,0.8350049
1.0,0.6394464
1.0,0.8825921
0.0,0.7559657
0.0,0.37432462
0.0,0.24899152
0.0,0.22425085
1.0,0.8069413
1.0,0.63304234
1.0,0.7339567
1.0,0.85666454
0.0,0.7227677
0.0,0.17702308
0.0,0.15440768
1.0,0.65410393
0.0,0.18156627
1.0,0.19725391
1.0,0.8241031
0.0,0.9599077
0.0,0.14349362
0.0,0.27878696
0.0,0.36742237
1.0,0.94238603
1.0,0.7342663
0.0,0.27926052
1.0,0.92175055
1.0,0.6736306
0.0,0.7302699
0.0,0.26810065
1.0,0.840278
0.0,0.18129939
0.0,0.3311118
0.0,0.19104207
0.0,0.48675963
0.0,0.2099967
1.0,0.5908247
0.0,0.8522996
0.0,0.83868074
1.0,0.92273253
1.0,0.9131161
0.0,0.62381893
0.0,0.34532815
1.0,0.8974248
0.0,0.23131704
0.0,0.11233327
1.0,0.40337107
0.0,0.25593776
0.0,0.25076133
0.0,0.19547585
1.0,0.98093045
0.0,0.52950746
1.0,0.7183652
1.0,0.7317248
1.0,0.93868446
0.0,0.18624574
1.0,0.75583947
0.0,0.17057389
1.0,0.9236702
0.0,0.35186875
1.0,0.83369493
0.0,0.15651923
0.0,0.20172745
1.0,0.9252316
0.0,0.17168444
0.0,0.18256721
1.0,0.84174836
1.0,0.79434514
1.0,0.5509325
1.0,0.65209347
1.0,0.7767552
1.0,0.6867558
1.0,0.5390754
0.0,0.16009822
1.0,0.7047456
1.0,0.95144236
0.0,0.22065961
0.0,0.18724424
0.0,0.16394499
1.0,0.4862253
0.0,0.2538742
0.0,0.4821235
0.0,0.6217059
1.0,0.87559295
0.0,0.20993418
0.0,0.7081677
1.0,0.633751
1.0,0.74573946
1.0,0.88700587
1.0,0.25885248
0.0,0.90461695
0.0,0.27839106
0.0,0.22933966
0.0,0.17492545
0.0,0.1327627
0.0,0.16414747
0.0,0.19923419
1.0,0.55145425
1.0,0.92609584
0.0,0.18548307
1.0,0.80338645
0.0,0.17122811
0.0,0.18349436
1.0,0.8949168
0.0,0.09750256
0.0,0.9336057
0.0,0.2534167
0.0,0.77627146
0.0,0.2390649
0.0,0.18874487
0.0,0.8356639
1.0,0.7747437
0.0,0.29783905
0.0,0.6908017
1.0,0.75146306
0.0,0.22213477
1.0,0.7005249
0.0,0.23012969
0.0,0.20595413
0.0,0.19896692
0.0,0.25457722
0.0,0.18343791
0.0,0.18210256
0.0,0.24449217
0.0,0.25028023
0.0,0.6917219
1.0,0.6524972
0.0,0.19360662
1.0,0.93032
0.0,0.7040078
1.0,0.50730836
0.0,0.26350206
0.0,0.14370629
0.0,0.29297256
1.0,0.85330796
1.0,0.2266778
1.0,0.4503887
0.0,0.17804971
0.0,0.4609748
1.0,0.795928
0.0,0.3832066
0.0,0.40411186
1.0,0.7927005
0.0,0.25207734
1.0,0.88069904
1.0,0.7489774
0.0,0.18117294
1.0,0.44356737
0.0,0.4173205
1.0,0.39931235
0.0,0.33720613
1.0,0.967939
0.0,0.13607433
0.0,0.84117544
0.0,0.20110011
0.0,0.21272111
0.0,0.13948184
0.0,0.331602
0.0,0.2802366
1.0,0.84388995
0.0,0.21038243
0.0,0.16651857
0.0,0.10379279
0.0,0.9892281
0.0,0.2398721
1.0,0.7467146
0.0,0.32871348
0.0,0.3991682
1.0,0.6053584
0.0,0.29741633
1.0,0.9998924
0.0,0.78227526
1.0,0.679619
1.0,0.8275769
0.0,0.1160422
1.0,0.9670291
0.0,0.9995029
0.0,0.2702037
0.0,0.20086408
0.0,0.21453318
1.0,0.7091098
1.0,0.9736762
0.0,0.19028452
0.0,0.27450758
1.0,0.9463642
0.0,0.31912422
1.0,0.67802656
1.0,0.28870004
1.0,0.75866556
0.0,0.2546914
1.0,0.74389434
0.0,0.2435714
1.0,0.84901613
1.0,0.33165842
0.0,0.33484578
0.0,0.7242234
0.0,0.19522408
0.0,0.64912194
1.0,0.77242124
1.0,0.7904532
1.0,0.8496566
0.0,0.15369785
0.0,0.20591623
1.0,0.98503196
0.0,0.6282495
0.0,0.10621697
0.0,0.2706549
1.0,0.71179175
0.0,0.6555052
0.0,0.2015414
0.0,0.0006285906
0.0,0.342929
1.0,0.7397424
1.0,0.71226466
0.0,0.2656809
0.0,0.1733419
0.0,0.1895087
1.0,0.97123116
0.0,0.2793362
0.0,0.7438276
1.0,0.83660686
0.0,0.13121605
0.0,0.30993563
1.0,0.73439753
0.0,0.12729478
1.0,0.5837699
1.0,0.5501667
0.0,0.20889267
0.0,0.21185496
0.0,0.17547622
0.0,0.18338546
1.0,0.8674562
1.0,0.969447
1.0,0.92083126
1.0,0.77339303
0.0,0.7928115
0.0,0.25250322
1.0,0.7606625
1.0,0.95933807
0.0,0.77049804
0.0,0.22315791
1.0,0.4116667
0.0,0.16093922
1.0,0.7339045
0.0,0.15790054
0.0,0.5057174
1.0,0.8394843
0.0,0.5646483
0.0,0.16606998
0.0,0.2569895
0.0,0.3244739
0.0,0.37211788
1.0,0.3237847
0.0,0.16947109
1.0,0.98493767
0.0,0.21852306
1.0,0.6426682
0.0,0.21145168
1.0,0.74748784
1.0,0.9377769
1.0,0.9330003
0.0,0.5314429
0.0,0.18832037
1.0,0.7284724
0.0,0.16899243
0.0,0.30846173
1.0,0.93864
1.0,0.6482934
0.0,0.2088077
1.0,0.721265
1.0,0.86239445
0.0,0.8205143
0.0,0.18894404
0.0,0.1601122
0.0,0.17927426
0.0,0.18120784
0.0,0.783202
1.0,0.8541607
1.0,0.9607103
1.0,0.72651863
0.0,0.12035644
0.0,0.15256545
0.0,0.28262362
0.0,0.22158787
0.0,0.18160444
0.0,0.49274552
1.0,0.8708296
1.0,0.8525927
1.0,0.70348275
0.0,0.24550709
0.0,0.05187407
1.0,0.9183294
0.0,0.6126142
0.0,0.77522796
1.0,0.8271727
0.0,0.7035908
0.0,0.5484636
1.0,0.5070233
0.0,0.17637679
1.0,0.64569813
1.0,0.7353543
0.0,0.9011024
0.0,0.19062921
1.0,0.9517293
0.0,0.1552693
0.0,0.5935801
1.0,0.89107597
1.0,0.682306
1.0,0.7416977
1.0,0.8642223
0.0,0.93734074
0.0,0.98891145
0.0,0.18131027
1.0,0.72602195
0.0,0.8471601
1.0,0.85994077
0.0,0.75076807
1.0,0.8032918
1.0,0.44960323
0.0,0.21615955
0.0,0.21153048
0.0,0.12912509
0.0,0.5706473
0.0,0.2448023
0.0,0.30968285
1.0,0.6038901
1.0,0.77307117
0.0,0.59704024
1.0,0.9470267
1.0,0.25373337
0.0,0.14540064
0.0,0.2329107
1.0,0.82143366
1.0,0.2639949
0.0,0.1601502
0.0,0.58207697
0.0,0.12583631
0.0,0.2637173
1.0,0.7997251
1.0,0.96663797
0.0,0.33216268
0.0,0.13690326
0.0,0.23305517
0.0,0.33357233
0.0,0.18391412
0.0,0.21396533
0.0,0.71974576
0.0,0.28664398
0.0,0.30513892
0.0,0.34186494
0.0,0.5401796
1.0,0.8796491
1.0,0.8457686
0.0,0.18285856
0.0,0.2934287
0.0,0.12137607
0.0,0.19661236
0.0,0.33675712
0.0,0.202382
0.0,0.17803246
0.0,0.82303953
1.0,0.8537661
1.0,0.91876376
1.0,0.75009394
1.0,0.84937704
1.0,0.92239606
0.0,0.41984263
0.0,0.20604354
0.0,0.19299194
0.0,0.25744307
1.0,0.7035439
0.0,0.25826252
1.0,0.84809947
0.0,0.17877361
0.0,0.8232664
0.0,0.76761675
0.0,0.3269316
0.0,0.32132298
0.0,0.7062179
0.0,0.32001588
0.0,0.19551703
1.0,0.7366603
1.0,0.8142613
0.0,0.35625696
0.0,0.52385414
0.0,0.23235694
0.0,0.20470405
1.0,0.8205496
0.0,0.18336013
1.0,0.3955763
0.0,0.28626174
1.0,0.54321617
0.0,0.20225358
0.0,0.25791126
1.0,0.78996754
0.0,0.17794788
1.0,0.66953385
0.0,0.23837253
0.0,0.46010858
0.0,0.47232926
0.0,0.15250999
0.0,0.17372426
1.0,0.8068249
1.0,0.8271396
0.0,0.8152077
0.0,0.24841502
0.0,0.20901233
0.0,0.32925075
1.0,0.8642896
0.0,0.87523735
1.0,0.43529406
1.0,0.80964935
0.0,0.68707484
0.0,0.18570983
0.0,0.20018032
0.0,0.23694512
0.0,0.21722904
0.0,0.27699333
0.0,0.17443001
0.0,0.3862551
0.0,0.59980655
1.0,0.52580476
0.0,0.9685668
0.0,0.18736118
1.0,0.7274423
0.0,0.23123318
0.0,0.32370615
0.0,0.15849009
0.0,0.19387096
1.0,0.23395878
1.0,0.8464815
1.0,0.92843676
0.0,0.20021379
0.0,0.17702448
0.0,0.20277423
0.0,0.79027784
0.0,0.26057822
0.0,0.67891806
1.0,0.8965145
1.0,0.80025554
1.0,0.7706846
0.0,0.1869654
1.0,0.97132576
1.0,0.66353786
0.0,0.23052034
1.0,0.71337265
0.0,0.23720336
0.0,0.22793841
0.0,0.4474465
1.0,0.9277209
1.0,0.76501673
1.0,0.72819376
0.0,0.8293655
0.0,0.38210657
0.0,0.33494598
1.0,0.7465158
1.0,0.93574804
1.0,0.83501124
1.0,0.8480705
0.0,0.24656722
0.0,0.1608412
0.0,0.21854776
0.0,0.70634675
1.0,0.73296285
0.0,0.16101196
0.0,0.32950416
0.0,0.6044413
1.0,0.7168039
0.0,0.42281255
0.0,0.325979
0.0,0.2173171
0.0,0.8191308
0.0,0.21618
0.0,0.26769853
0.0,0.16097915
0.0,0.2762208
0.0,0.1467534
1.0,0.94438076
1.0,0.37832195
0.0,0.8008826
0.0,0.67828333
0.0,0.2180062
1.0,0.7697073
0.0,0.18520346
0.0,0.1731607
0.0,0.36698
0.0,0.16166994
1.0,0.92554396
0.0,0.17826188
0.0,0.38776976
1.0,0.7777734
1.0,0.6552461
1.0,0.78684616
0.0,0.1296145
0.0,0.1543057
1.0,0.9178314
1.0,0.860551
1.0,0.89984083
0.0,0.75676125
0.0,0.6778276
0.0,0.1303258
1.0,0.34751466
1.0,0.9312248
0.0,0.16474056
0.0,0.9914297
1.0,0.7608757
1.0,0.9187161
0.0,0.18955046
1.0,0.7554867
1.0,0.6926967
0.0,0.2073519
1.0,0.5420029
0.0,0.16141596
0.0,0.24050996
0.0,0.79069173
0.0,0.21342224
1.0,0.6836213
0.0,0.33646587
1.0,0.55464417
1.0,0.7332969
1.0,0.4152134
0.0,0.20302314
0.0,0.57109857
1.0,0.71119255
0.0,0.16562054
1.0,0.56864744
1.0,0.9162678
0.0,0.90228915
0.0,0.35809168
1.0,0.339154
1.0,0.94431794
0.0,0.15902993
1.0,0.73212004
1.0,0.6551225
1.0,0.8446125
1.0,0.88887024
1.0,0.84839666
1.0,0.89372885
0.0,0.18096903
0.0,0.541671
0.0,0.19279048
1.0,0.8459214
1.0,0.6490097
0.0,0.309963
0.0,0.2944966
1.0,0.80001485
0.0,0.21274346
1.0,0.89808226
0.0,0.68496484
1.0,0.72085595
1.0,0.83856606
0.0,0.6607309
1.0,0.11066213
0.0,0.25835663
1.0,0.9487114
1.0,0.9309243
1.0,0.44609433
0.0,0.28225327
0.0,0.18876436
1.0,0.7711258
0.0,0.22456798
1.0,0.8256098
0.0,0.1997985
0.0,0.276213
0.0,0.23133841
0.0,0.19255331
0.0,0.1242041
0.0,0.8891694
0.0,0.60926795
1.0,0.98052317
1.0,0.5076172
0.0,0.1780951
1.0,0.9682462
1.0,0.7112093
0.0,0.79991543
0.0,0.7384395
0.0,0.37039673
0.0,0.1892665
0.0,0.20246807
0.0,0.24074984
1.0,0.5657463
1.0,0.96590906
0.0,0.17629322
0.0,0.216761
0.0,0.62876534
0.0,0.8003757
0.0,0.3080445
1.0,0.87653494
0.0,0.66606957
0.0,0.31898284
1.0,0.95900506
1.0,0.7634926
0.0,0.27407858
0.0,0.5728827
0.0,0.20001799
1.0,0.89008677
1.0,0.8521059
0.0,0.05541593
0.0,0.2149694
0.0,0.18900344
0.0,0.19710654
0.0,0.1559402
1.0,0.7406929
1.0,0.73436105
1.0,0.8402776
0.0,0.12820348
1.0,0.47098932
0.0,0.7045727
1.0,0.9358244
1.0,0.6472405
0.0,0.19698346
0.0,0.1604251
0.0,0.2250404
0.0,0.23913264
0.0,0.8185452
1.0,0.95463264
0.0,0.6961774
0.0,0.6572329
0.0,0.3137151
0.0,0.17045358
0.0,0.19260892
0.0,0.25654882
0.0,0.58429736
1.0,0.66483647
1.0,0.9134795
0.0,0.19048661
0.0,0.23522848
0.0,0.6429343
0.0,0.15701309
1.0,0.831733
0.0,0.22946167
0.0,0.6503397
1.0,0.8179373
0.0,0.7922796
0.0,0.19613713
0.0,0.13373014
0.0,0.16940954
1.0,0.9304606
1.0,0.8451371
0.0,0.19583997
1.0,0.41641903
1.0,0.8609277
1.0,0.7337665
0.0,0.43765527
0.0,0.7490489
1.0,0.6981374
1.0,0.9696862
0.0,0.19463044
1.0,0.7934375
0.0,0.5070139
1.0,0.84087896
1.0,0.72163576
1.0,0.6478328
0.0,0.27569366
1.0,0.7131496
1.0,0.5181893
0.0,0.30089945
0.0,0.21613088
0.0,0.8836492
0.0,0.2074874
0.0,0.19050395
0.0,0.15760717
1.0,0.8873312
0.0,0.693205
0.0,0.45009488
0.0,0.8086322
0.0,0.15312442
0.0,0.21314433
0.0,0.6987994
1.0,0.8270183
0.0,0.1818665
0.0,0.48763338
0.0,0.3956421
1.0,0.71930134
1.0,0.7313436
1.0,0.7353506
1.0,0.78196347
0.0,0.20022485
0.0,0.19129455
0.0,0.41474205
0.0,0.5466077
0.0,0.7146136
0.0,0.34396857
1.0,0.7549307
0.0,0.554899
1.0,0.9079274
1.0,0.15052363
1.0,0.61991316
0.0,0.2229039
0.0,0.16345704
0.0,0.1639407
0.0,0.2670753
1.0,0.8396994
1.0,0.9213181
1.0,0.35530323
1.0,0.7743293
1.0,0.697105
0.0,0.2747789
0.0,0.22660989
0.0,0.7572483
0.0,0.1881251
1.0,0.75668895
0.0,0.20951483
0.0,0.67449105
1.0,0.97166765
1.0,0.7518467
0.0,0.20496199
0.0,0.32874894
0.0,0.22488853
0.0,0.33869943
1.0,0.48462442
0.0,0.95414245
0.0,0.41979358
1.0,0.9574877
0.0,0.6023843
1.0,0.85495406
1.0,0.8044753
0.0,0.16484505
0.0,0.49218008
0.0,0.23125675
0.0,0.1728535
1.0,0.8217349
0.0,0.16311136
0.0,0.28599128
0.0,0.8277496
0.0,0.24165958
1.0,0.9247623
1.0,0.70900995
1.0,0.87486506
1.0,0.77892494
0.0,0.26501626
0.0,0.23635408
1.0,0.69093287
0.0,0.26438594
1.0,0.5972355
0.0,0.22827652
1.0,0.93187225
1.0,0.8793982
0.0,0.4691715
0.0,0.9613184
0.0,0.84519494
0.0,0.15747714
0.0,0.24004373
0.0,0.2539393
1.0,0.69837916
0.0,0.17707592
0.0,0.41392413
0.0,0.30239946
0.0,0.40546542
0.0,0.2044816
0.0,0.20645416
0.0,0.3454638
0.0,0.1707358
0.0,0.15812016
0.0,0.16339442
0.0,0.99973977
0.0,0.15428191
1.0,0.6989642
0.0,0.5652492
1.0,0.79795927
0.0,0.18312776
0.0,0.18064451
1.0,0.7110259
0.0,0.18470064
1.0,0.9149753
0.0,0.75878656
1.0,0.86513567
0.0,0.5237505
0.0,0.4944027
1.0,0.7441361
1.0,0.5328257
0.0,0.20495787
0.0,0.3402171
0.0,0.10003963
0.0,0.17525384
0.0,0.14637941
0.0,0.7107302
1.0,0.91961
1.0,0.7464133
0.0,0.30575597
0.0,0.3221504
1.0,0.6289411
1.0,0.8816484
1.0,0.66783786
0.0,0.18324059
1.0,0.4031634
0.0,0.54097825
1.0,0.64978176
0.0,0.13586354
1.0,0.7243973
0.0,0.16187504
0.0,0.37473127
0.0,0.5745332
0.0,0.67137635
1.0,0.72809947
0.0,0.3282178
0.0,0.2962941
1.0,0.9574493
0.0,0.35556167
0.0,0.72596025
0.0,0.8857278
1.0,0.9567348
0.0,0.284154
0.0,0.19092548
0.0,0.90309227
1.0,0.69599324
0.0,0.1843178
0.0,0.65030915
0.0,0.3440974
1.0,0.66050446
0.0,0.11598539
1.0,0.96167046
0.0,0.7216258
1.0,0.7377043
1.0,0.8867295
0.0,0.6895343
1.0,0.91464275
1.0,0.87877524
0.0,0.19596517
0.0,0.68732405
0.0,0.43353826
1.0,0.91809094
0.0,0.20129526
1.0,0.8152652
1.0,0.6014797
0.0,0.21922418
1.0,0.7666116
0.0,0.15424517
1.0,0.7981446
0.0,0.70662373
1.0,0.73184514
0.0,0.5026837
1.0,0.34629425
0.0,0.40870526
0.0,0.18234724
0.0,0.15217471
0.0,0.2530505
0.0,0.16159147
0.0,0.16931361
0.0,0.15419033
0.0,0.39333645
0.0,0.4382319
0.0,0.3983271
0.0,0.50123125
0.0,0.22066295
1.0,0.39055592
1.0,0.54900706
0.0,0.7307718
1.0,0.30438137
0.0,0.24038088
0.0,0.32801616
0.0,0.66573703
0.0,0.21122435
0.0,0.25789702
0.0,0.31589139
1.0,0.82244825
0.0,0.14040455
0.0,0.26184464
1.0,0.15096524
0.0,0.1821154
1.0,0.8834699
0.0,0.23142105
0.0,0.49138078
1.0,0.48639625
0.0,0.19341391
1.0,0.9133194
0.0,0.19352055
0.0,0.14917955
0.0,0.15262192
1.0,0.9140606
0.0,0.17344293
1.0,0.77352667
1.0,0.50597614
0.0,0.86978
0.0,0.18032399
1.0,0.23566163
0.0,0.2562371
0.0,0.2530349
0.0,0.6503068
0.0,0.17931837
0.0,0.886801
0.0,0.91691196
1.0,0.2831287
0.0,0.20793644
1.0,0.75055873
0.0,0.14993298
0.0,0.15513471
0.0,0.1919601
1.0,0.91640747
1.0,0.7003697
0.0,0.38035318
0.0,0.7282263
0.0,0.1680972
0.0,0.26075834
0.0,0.27529055
0.0,0.13961273
0.0,0.1682201
1.0,0.31232202
1.0,0.91534233
0.0,0.22295052
0.0,0.8260865
1.0,0.7639931
0.0,0.21224362
1.0,0.73249304
0.0,0.21269289
0.0,0.19530761
1.0,0.91287446
0.0,0.99151826
1.0,0.7928497
1.0,0.82225657
1.0,0.85727274
0.0,0.26639444
0.0,0.17898652
0.0,0.7286761
1.0,0.92234355
0.0,0.32569546
1.0,0.85546076
0.0,0.2569064
0.0,0.15399182
0.0,0.81330454
1.0,0.75915354
0.0,0.2748961
0.0,0.19855362
0.0,0.7065155
1.0,0.6303417
1.0,0.9554082
0.0,0.4282957
0.0,0.3151696
1.0,0.7521604
1.0,0.85422546
1.0,0.96324635
1.0,0.6448459
0.0,0.16395727
1.0,0.8965218
0.0,0.18906349
0.0,0.2588166
0.0,0.18150708
1.0,0.71517277
0.0,0.19252944
0.0,0.23042962
0.0,0.19971448
1.0,0.48935673
0.0,0.47321615
1.0,0.9571043
1.0,0.95565903
0.0,0.41297582
1.0,0.8212253
0.0,0.16437283
1.0,0.4382705
0.0,0.4968621
0.0,0.22263205
0.0,0.18408239
0.0,0.49007934
1.0,0.92761815
0.0,0.28578758
0.0,0.35487986
0.0,0.3751429
1.0,0.962417
1.0,0.91903925
0.0,0.16765422
1.0,0.82345515
1.0,0.93569815
1.0,0.97282314
1.0,0.60494906
0.0,0.5000234
1.0,0.80639213
0.0,0.21191657
0.0,0.537747
1.0,0.5002651
0.0,0.2098482
0.0,0.30108345
0.0,0.68780917
1.0,0.57825404
0.0,0.31108046
0.0,0.6212592
1.0,0.7013337
0.0,0.18955982
1.0,0.9995857
0.0,0.23576587
0.0,0.58814096
1.0,0.7407546
1.0,0.92126
0.0,0.15830553
1.0,0.92212564
1.0,0.81952834
0.0,0.6308294
0.0,0.40175694
1.0,0.48254168
0.0,0.3044361
1.0,0.95914817
0.0,0.20409834
0.0,0.21114278
1.0,0.5020092
1.0,0.96058035
0.0,0.23135045
1.0,0.6100041
0.0,0.23952037
0.0,0.38971275
1.0,0.92343175
0.0,0.4945901
0.0,0.43920517
0.0,0.29532903
1.0,0.7567692
0.0,0.10973641
0.0,0.22039434
1.0,0.7039633
1.0,0.73060584
0.0,0.17286834
0.0,0.44540945
0.0,0.36274302
1.0,0.60428864
0.0,0.59097874
0.0,0.10466531
0.0,0.080821455
0.0,0.196632
0.0,0.17064199
1.0,0.4453821
0.0,0.36777312
0.0,0.18311125
0.0,0.22737208
1.0,0.848833
1.0,0.78889024
1.0,0.73329955
0.0,0.7505714
0.0,0.14614135
0.0,0.76974255
1.0,0.95393527
0.0,0.35850593
1.0,0.8612832
0.0,0.20541254
1.0,0.8540554
0.0,0.21460041
1.0,0.83720946
0.0,0.94188976
1.0,0.613229
0.0,0.51688296
0.0,0.36716527
1.0,0.44305742
1.0,0.7615636
1.0,0.79418135
0.0,0.6171458
1.0,0.7553953
1.0,0.62421453
1.0,0.4257448
0.0,0.17404246
1.0,0.61156416
0.0,0.2115413
0.0,0.7363368
1.0,0.68177605
0.0,0.5535313
0.0,0.18149257
0.0,0.27239472
0.0,0.30694222
0.0,0.76219654
1.0,0.8202376
1.0,0.766873
0.0,0.70319116
0.0,0.77991766
0.0,0.23901919
1.0,0.95146877
0.0,0.6896015
0.0,0.5436658
0.0,0.18008041
0.0,0.18789941
0.0,0.23834285
0.0,0.6982045
1.0,0.8746251
1.0,0.9667321
1.0,0.77880645
0.0,0.6387193
0.0,0.19633117
0.0,0.16994041
0.0,0.16930333
0.0,0.2529401
1.0,0.641026
0.0,0.43092236
0.0,0.94449234
1.0,0.94598633
0.0,0.30460796
1.0,0.54841995
1.0,0.5169419
0.0,0.5407256
0.0,0.17431429
0.0,0.21098995
1.0,0.7316915
0.0,0.23441839
0.0,0.20481804
1.0,0.8981364
1.0,0.44672123
0.0,0.21457177
0.0,0.2976403
0.0,0.64339626
0.0,0.17142147
0.0,0.76646304
1.0,0.38920623
1.0,0.81792676
0.0,0.19621691
0.0,0.1420682
0.0,0.47851995
0.0,0.30541676
1.0,0.8253753
0.0,0.14951348
1.0,0.98365307
0.0,0.24567723
1.0,0.9547441
0.0,0.18941727
1.0,0.9642414
1.0,0.7702849
0.0,0.19295874
0.0,0.47136784
0.0,0.11917755
0.0,0.4650372
1.0,0.8674879
1.0,0.35117912
1.0,0.50206906
1.0,0.5831611
1.0,0.5348201
0.0,0.11099747
1.0,0.8128716
1.0,0.6435818
0.0,0.3183117
0.0,0.18787402
0.0,0.20020711
1.0,0.9085474
1.0,0.96090174
0.0,0.73191106
0.0,0.17970523
1.0,0.80611897
0.0,0.13096303
0.0,0.21984464
1.0,0.89522135
0.0,0.72247463
0.0,0.23777872
1.0,0.78644264
1.0,0.85453296
0.0,0.199312
0.0,0.23426402
0.0,0.29993838
1.0,0.8585147
1.0,0.9484999
0.0,0.25664195
0.0,0.5510935
1.0,0.92791593
1.0,0.77932775
0.0,0.1783416
0.0,0.5975548
0.0,0.28832448
1.0,0.39037868
1.0,0.8244215
0.0,0.21698177
0.0,0.24087992
1.0,0.7950828
0.0,0.15724814
0.0,0.21647227
0.0,0.29375648
0.0,0.77663076
1.0,0.73083884
0.0,0.5118697
0.0,0.19495237
0.0,0.95265263
0.0,0.4358255
0.0,0.38205618
1.0,0.7990898
1.0,0.74611723
0.0,0.3686825
1.0,0.9526082
0.0,0.2465255
1.0,0.8588151
1.0,0.45880976
1.0,0.9397355
0.0,0.17154226
0.0,0.8311207
0.0,0.10771763
1.0,0.95169365
0.0,0.11446178
1.0,0.9244661
0.0,0.21024236
0.0,0.18272614
1.0,0.5054488
1.0,0.8196244
0.0,0.2233471
1.0,0.70435256
0.0,0.18980911
1.0,0.59243757
0.0,0.15637991
1.0,0.7348137
1.0,0.45977062
0.0,0.25224954
0.0,0.22095141
0.0,0.23408887
0.0,0.12753677
0.0,0.19265771
0.0,0.72224754
0.0,0.35505736
0.0,0.18286982
0.0,0.96599853
0.0,0.14028901
1.0,0.9391501
0.0,0.7340127
0.0,0.4080421
1.0,0.975386
0.0,0.20410919
1.0,0.90338266
0.0,0.17900023
1.0,0.8769418
0.0,0.19410709
0.0,0.17317134
1.0,0.95302796
0.0,0.27779704
0.0,0.19029933
0.0,0.2806939
1.0,0.8618256
1.0,0.6146702
0.0,0.15354761
1.0,0.77187705
1.0,0.027065217
1.0,0.81199455
0.0,0.66335756
1.0,0.3358817
1.0,0.61585796
0.0,0.3372966
1.0,0.41553703
1.0,0.7934123
0.0,0.21854371
0.0,0.21490034
0.0,0.17072839
0.0,0.22026056
0.0,0.2420434
0.0,0.14123547
0.0,0.17660281
0.0,0.12990236
1.0,0.8545935
0.0,0.4311565
0.0,0.22103575
0.0,0.295954
0.0,0.23549199
1.0,0.8865213
0.0,0.15101075
1.0,0.7901412
0.0,0.6343472
0.0,0.31589895
1.0,0.76967955
1.0,0.7496073
0.0,0.9900901
0.0,0.27165878
1.0,0.8779949
0.0,0.8360742
0.0,0.21693727
1.0,0.6997795
1.0,0.57400155
1.0,0.15202248
1.0,0.7470577
0.0,0.38311642
0.0,0.1955618
1.0,0.550583
0.0,0.19522482
0.0,0.19177905
1.0,0.93438923
1.0,0.7915038
1.0,0.9081731
0.0,0.23793826
1.0,0.40707803
1.0,0.7705096
1.0,0.9219254
0.0,0.18237042
0.0,0.15616822
1.0,0.54561454
0.0,0.1768542
0.0,0.7363566
0.0,0.23651811
1.0,0.85461414
0.0,0.19498947
0.0,0.24234697
0.0,0.1337628
0.0,0.7773983
0.0,0.3900208
0.0,0.14146084
0.0,0.91234064
1.0,0.9503435
0.0,0.23479062
1.0,0.7213099
0.0,0.1347017
0.0,0.4222733
0.0,0.7750228
1.0,0.18370122
0.0,0.7144785
0.0,0.14786312
0.0,0.17502657
0.0,0.43900222
0.0,0.2001482
1.0,0.87014735
0.0,0.6521924
1.0,0.80351675
0.0,0.42064333
0.0,0.3102827
0.0,0.19770458
0.0,0.6492849
0.0,0.20945635
0.0,0.64703786
0.0,0.17461681
0.0,0.15031391
1.0,0.6096338
0.0,0.1917493
1.0,0.5985919
1.0,0.4940272
0.0,0.20776078
0.0,0.22295547
1.0,0.93979657
0.0,0.23865497
1.0,0.6811936
1.0,0.72851884
0.0,0.21610528
1.0,0.9163672
0.0,0.20336005
1.0,0.79921466
0.0,0.0257878
0.0,0.44192567
1.0,0.4955895
0.0,0.8973984
0.0,0.11339432
0.0,0.673213
1.0,0.5866171
1.0,0.8782675
0.0,0.1792553
0.0,0.60200495
1.0,0.71025926
0.0,0.5034053
1.0,0.59229285
0.0,0.7074285
1.0,0.63907385
0.0,0.8232466
0.0,0.34730154
0.0,0.7621708
0.0,0.15853757
0.0,0.3455878
1.0,0.16098386
0.0,0.48482385
1.0,0.86815894
0.0,0.009465635
1.0,0.5894085
0.0,0.16077515
0.0,0.17015839
0.0,0.1777677
0.0,0.20016003
0.0,0.37069207
0.0,0.3544317
0.0,0.38487205
0.0,0.5952478
1.0,0.7154052
0.0,0.16375542
0.0,0.28333068
1.0,0.85908663
1.0,0.45539707
0.0,0.23835096
0.0,0.15716884
1.0,0.65332747
0.0,0.24899215
1.0,0.36257544
1.0,0.6818419
1.0,0.68358624
1.0,0.7233552
0.0,0.18123475
0.0,0.19608429
1.0,0.81583023
0.0,0.3770924
1.0,0.9317492
1.0,0.6463237
1.0,0.8521287
0.0,0.60387784
0.0,0.1764996
0.0,0.28694594
0.0,0.15152991
1.0,0.83961034
1.0,0.9157808
0.0,0.5966275
0.0,0.22312611
0.0,0.12787464
0.0,0.32101804
1.0,0.37584025
1.0,0.73097533
1.0,0.63974667
0.0,0.8136213
1.0,0.56995124
1.0,0.8601021
1.0,0.80106235
1.0,0.8874351
0.0,0.7120036
0.0,0.43654442
0.0,0.55192643
0.0,0.23102188
1.0,0.8667699
1.0,0.94541264
1.0,0.77282023
1.0,0.80141807
0.0,0.24142784
0.0,0.1488108
0.0,0.21210593
0.0,0.2905022
1.0,0.53120154
0.0,0.17189255
0.0,0.15488696
0.0,0.99923265
0.0,0.19671851
1.0,0.9704951
1.0,0.7767788
1.0,0.8884774
0.0,0.18106893
0.0,0.7023509
1.0,0.70997906
1.0,0.9516777
0.0,0.39318123
1.0,0.7674402
0.0,0.5762245
1.0,0.9612824
1.0,0.9353517
1.0,0.60955435
0.0,0.2696228
0.0,0.20832819
1.0,0.8266522
0.0,0.37981403
0.0,0.34672654
1.0,0.8594185
0.0,0.21853974
0.0,0.2079354
0.0,0.34625727
1.0,0.5919871
0.0,0.36829183
0.0,0.5883478
1.0,0.83421683
0.0,0.58616036
0.0,0.20091629
0.0,0.30558878
0.0,0.28994054
1.0,0.76855326
0.0,0.7423178
0.0,0.15702778
0.0,0.1550098
1.0,0.78437334
0.0,0.24139437
0.0,0.12655449
1.0,0.31447166
0.0,0.28393066
0.0,0.2769868
1.0,0.942742
1.0,0.7440931
0.0,0.18613532
1.0,0.54877335
1.0,0.99976146
0.0,0.4561286
0.0,0.43759912
1.0,0.52058357
1.0,0.77014875
0.0,0.16232744
1.0,0.6213983
1.0,0.466836
1.0,0.7934624
0.0,0.51385194
1.0,0.54495776
0.0,0.17698187
1.0,0.7152741
0.0,0.16520262
1.0,0.8865727
0.0,0.74968517
0.0,0.37290764
1.0,0.7618652
0.0,0.19153759
1.0,0.7345375
1.0,0.72745186
1.0,0.80128074
1.0,0.20397401
0.0,0.4948482
1.0,0.25773558
0.0,0.3636415
0.0,0.1701237
0.0,0.13586909
0.0,0.48161688
1.0,0.9536725
0.0,0.22852221
0.0,0.6552383
0.0,0.5291688
0.0,0.28624812
1.0,0.61613816
0.0,0.61726785
0.0,0.12992755
0.0,0.23042467
0.0,0.7439374
1.0,0.7109007
0.0,0.16947785
1.0,0.79004335
1.0,0.9453852
0.0,0.7504245
0.0,0.21329948
0.0,0.21935621
1.0,0.9472718
0.0,0.1789352
1.0,0.5579935
1.0,0.6310551
1.0,0.84059995
0.0,0.8381102
0.0,0.5366782
0.0,0.14330956
0.0,0.7191597
0.0,0.20318505
0.0,0.20091358
0.0,0.2877009
1.0,0.56725514
0.0,0.20152903
1.0,0.86501807
0.0,0.90136015
1.0,0.94664013
1.0,0.8845316
1.0,0.7270752
1.0,0.82653964
0.0,0.86292946
0.0,0.75649214
0.0,0.40214965
1.0,0.5889886
1.0,0.7822922
0.0,0.2223723
1.0,0.678762
1.0,0.74029326
1.0,0.9541497
1.0,0.8293682
0.0,0.836346
0.0,0.38236493
1.0,0.92381704
0.0,0.16838673
0.0,0.7050129
1.0,0.94252855
0.0,0.16475773
0.0,0.6197572
0.0,0.1653398
0.0,0.21230417
0.0,0.42574704
1.0,0.79639804
0.0,0.33628136
0.0,0.72058344
1.0,0.7727537
0.0,0.33559436
1.0,0.6806217
0.0,0.39327264
0.0,0.19421896
0.0,0.1857745
0.0,0.29493803
1.0,0.7078609
0.0,0.20991823
0.0,0.77201146
1.0,0.8738851
1.0,0.80823016
0.0,0.21537721
0.0,0.1996327
0.0,0.2272234
1.0,0.67303056
0.0,0.14907911
1.0,0.84636366
1.0,0.6955721
1.0,0.5645906
1.0,0.6750796
1.0,0.94110525
0.0,0.77617455
1.0,0.7620579
1.0,0.9020641
0.0,0.2096043
0.0,0.2194415
0.0,0.21155024
1.0,0.81591237
0.0,0.19019002
0.0,0.23580253
0.0,0.5696815
1.0,0.9528859
0.0,0.42883947
1.0,0.7053713
0.0,0.3090594
0.0,0.54527587
0.0,0.3423663
0.0,0.17664096
0.0,0.19340557
1.0,0.63481987
1.0,0.8716595
0.0,0.17620894
0.0,0.23833838
1.0,0.6734425
0.0,0.17975557
1.0,0.8495664
0.0,0.2706929
0.0,0.30087438
0.0,0.22129497
1.0,0.9498187
1.0,0.9138881
0.0,0.19160542
0.0,0.3790061
1.0,0.6908948
0.0,0.48534837
0.0,0.30937797
1.0,0.8422822
1.0,0.79591936
1.0,0.89243156
0.0,0.25436512
1.0,0.71060354
1.0,0.8491769
0.0,0.23822024
0.0,0.31054968
0.0,0.18776101
0.0,0.21826106
0.0,0.15311766
0.0,0.2976724
1.0,0.6376375
1.0,0.8467466
0.0,0.42031008
0.0,0.33355165
0.0,0.47441107
0.0,0.15928864
1.0,0.6466232
0.0,0.545125
0.0,0.7011844
0.0,0.68222976
0.0,0.7411523
1.0,0.5841841
0.0,0.19116428
0.0,0.609287
1.0,0.8370199
0.0,0.37472075
0.0,0.45064408
0.0,0.1948922
0.0,0.12630719
1.0,0.809658
1.0,0.68424594
0.0,0.27210355
0.0,0.9006867
0.0,0.15919816
0.0,0.5213248
0.0,0.8467581
0.0,0.41789606
0.0,0.10047877
0.0,0.30714118
1.0,0.23640743
0.0,0.17393681
1.0,0.8263527
0.0,0.66485226
0.0,0.15017039
0.0,0.37843436
0.0,0.028897554
0.0,0.43683448
0.0,0.36139172
1.0,0.934492
0.0,0.18362728
0.0,0.47156227
0.0,0.22915497
1.0,0.46557096
1.0,0.86767673
0.0,0.18250188
0.0,0.6061727
0.0,0.2235116
1.0,0.96940815
1.0,0.74925435
1.0,0.95598173
0.0,0.24556592
1.0,0.94960195
0.0,0.22343647
0.0,0.16456789
0.0,0.18054977
1.0,0.4948476
0.0,0.15465477
0.0,0.24569628
1.0,0.945224
1.0,0.1877659
0.0,0.32312322
1.0,0.9630431
0.0,0.20674786
1.0,0.59186
0.0,0.20520926
1.0,0.82198316
0.0,0.635295
0.0,0.06137964
1.0,0.6121447
0.0,0.22046515
0.0,0.3029703
0.0,0.21061325
0.0,0.30447257
0.0,0.31892532
0.0,0.17817235
1.0,0.5718825
1.0,0.9990549
0.0,0.22454849
0.0,0.18370098
0.0,0.19132921
0.0,0.37218398
1.0,0.9430765
0.0,0.19080451
0.0,0.3921808
0.0,0.9999552
0.0,0.75182176
0.0,0.13851628
1.0,0.8624548
1.0,0.8339157
0.0,0.16870886
0.0,0.14868486
0.0,0.25364667
0.0,0.16078463
1.0,0.70263714
0.0,0.7456604
0.0,0.275319
0.0,0.18044016
1.0,0.39836365
0.0,0.17083305
0.0,0.22980493
1.0,0.95329666
0.0,0.23570836
0.0,0.31919587
1.0,0.7173251
1.0,0.6507565
1.0,0.9476963
0.0,0.14912948
0.0,0.16235808
0.0,0.52230185
0.0,0.13576326
1.0,0.82073665
0.0,0.34176546
1.0,0.0036669672
0.0,0.12720948
0.0,0.1588049
0.0,0.2481331
1.0,0.9800482
0.0,0.6561938
0.0,0.23356143
0.0,0.39673308
1.0,0.7352276
0.0,0.15628159
0.0,0.32287297
0.0,0.16955397
1.0,0.6002287
0.0,0.2527963
0.0,0.17069334
1.0,0.53256875
1.0,0.9529507
0.0,0.16319162
1.0,0.9552453
1.0,0.7222248
1.0,0.78889626
1.0,0.83955693
0.0,0.17565286
1.0,0.77983403
0.0,0.98359334
1.0,0.48229477
0.0,0.2673973
1.0,0.5913595
0.0,0.32973272
1.0,0.32224086
1.0,0.9555495
1.0,0.5614433
0.0,0.20735443
0.0,0.65939534
0.0,0.4821283
0.0,0.19355175
0.0,0.19189376
0.0,0.2730851
1.0,0.9389552
1.0,0.87784386
1.0,0.77041143
0.0,0.23430601
0.0,0.18091768
0.0,0.25660306
0.0,0.25908267
1.0,0.29270536
0.0,0.21327952
0.0,0.17307445
0.0,0.17756641
0.0,0.64809495
1.0,0.78206575
0.0,0.8249687
0.0,0.96990156
0.0,0.7679356
1.0,0.65438706
0.0,0.21630993
0.0,0.44555408
1.0,0.7468134
0.0,0.6950307
1.0,0.8191728
0.0,0.39846697
0.0,0.591591
0.0,0.18508932
0.0,0.20501477
0.0,0.1424101
1.0,0.83184487
0.0,0.29614168
0.0,0.22727522
1.0,0.8394754
1.0,0.7958388
0.0,0.5821275
1.0,0.31876826
0.0,0.680528
0.0,0.35207492
1.0,0.8717588
0.0,0.18843412
0.0,0.26285815
0.0,0.17815486
0.0,0.2521376
1.0,0.73947847
1.0,0.7966163
1.0,0.6994234
1.0,0.95144093
0.0,0.17808267
0.0,0.2019305
0.0,0.50523204
1.0,0.86418307
0.0,0.36115828
0.0,0.2425763
1.0,0.9048704
1.0,0.60128176
1.0,0.7487339
0.0,0.18796611
0.0,0.2415911
0.0,0.42325658
1.0,0.95151716
1.0,0.71465635
1.0,0.95702595
0.0,0.3583988
0.0,0.13111201
0.0,0.14132166
1.0,0.80650365
1.0,0.55189776
0.0,0.66525817
1.0,0.7510449
1.0,0.563769
1.0,0.97098565
1.0,0.4570771
0.0,0.16072947
0.0,0.19294938
1.0,0.41266957
1.0,0.65331423
0.0,0.26342446
0.0,0.1942401
0.0,0.17091486
0.0,0.2710806
0.0,0.1784898
0.0,0.6500097
0.0,0.194873
0.0,0.24067423
1.0,0.7062455
1.0,0.7205607
0.0,0.22071463
1.0,0.8963116
0.0,0.16446245
1.0,0.7745012
0.0,0.26644284
1.0,0.9616476
0.0,0.25562555
0.0,0.1921286
0.0,0.17274284
0.0,0.08641589
1.0,0.28491998
1.0,0.8535767
0.0,0.18225461
0.0,0.22844124
1.0,0.3809629
0.0,0.1596896
1.0,0.7804581
1.0,0.66056377
0.0,0.26287282
0.0,0.384592
0.0,0.44797796
0.0,0.96207476
0.0,0.74607813
0.0,0.19226837
0.0,0.40366825
0.0,0.26004463
1.0,0.73756605
1.0,0.96302664
1.0,0.38442677
1.0,0.7668706
0.0,0.1902895
0.0,0.99999946
1.0,0.831125
0.0,0.82497364
0.0,0.24218568
0.0,0.44329467
1.0,0.618111
1.0,0.42219728
0.0,0.23193768
1.0,0.85759556
1.0,0.87918794
0.0,0.14723337
0.0,0.27619532
1.0,0.87312835
0.0,0.22805318
0.0,0.57016957
0.0,0.13224852
0.0,0.23156944
1.0,0.37500548
0.0,0.22130865
0.0,0.21328044
0.0,0.041071713
1.0,0.5982469
0.0,0.12341291
0.0,0.20256442
1.0,0.95578873
0.0,0.23859215
0.0,0.53644127
0.0,0.91578174
1.0,0.89630437
1.0,0.5759841
1.0,0.7725217
0.0,0.33669442
0.0,0.5833447
1.0,0.54690117
0.0,0.25871232
0.0,0.23068064
0.0,0.6851719
0.0,0.4245947
1.0,0.60330826
0.0,0.20325804
0.0,0.6875207
1.0,0.69215906
0.0,0.19012919
0.0,0.20241073
0.0,0.6610513
0.0,0.35748148
1.0,0.76576775
1.0,0.87557125
0.0,0.71733
1.0,0.76389575
0.0,0.19837663
0.0,0.18089628
0.0,0.19005191
1.0,0.74455357
0.0,0.23986998
0.0,0.21295837
1.0,0.6501904
1.0,0.7694552
1.0,0.6944812
0.0,0.47839487
1.0,0.7737937
1.0,0.9346506
0.0,0.15674803
0.0,0.76681757
0.0,0.82397234
1.0,0.6138807
0.0,0.24673572
0.0,0.291347
0.0,0.21903703
0.0,0.16713455
0.0,0.23687363
0.0,0.3633678
0.0,0.39347816
0.0,0.68365276
0.0,0.6147808
1.0,0.55457807
1.0,0.7052313
1.0,0.72400594
0.0,0.21882924
1.0,0.9332322
0.0,0.5731057
0.0,0.22380492
1.0,0.9511014
0.0,0.24682793
0.0,0.2065453
0.0,0.5360814
0.0,0.20168072
0.0,0.7880943
0.0,0.64492315
0.0,0.29538554
1.0,0.7060243
0.0,0.104996234
0.0,0.20076472
0.0,0.22618476
1.0,0.87576705
1.0,0.78946346
0.0,0.6644513
1.0,0.65064716
0.0,0.18311241
1.0,0.7140304
0.0,0.2875335
0.0,0.16588622
1.0,0.3070525
0.0,0.17329085
0.0,0.14440593
1.0,0.8825822
0.0,0.26168406
1.0,0.18544352
0.0,0.5917759
0.0,0.23812959
1.0,0.81396425
0.0,0.266613
0.0,0.41979057
0.0,0.73964775
0.0,0.15855545
0.0,0.14458114
1.0,0.78653526
0.0,0.18753973
0.0,0.15499559
0.0,0.21427166
1.0,0.65661716
0.0,0.83639
0.0,0.32343906
1.0,0.44860062
0.0,0.17102987
0.0,0.14891934
0.0,0.182502
0.0,0.34004474
1.0,0.8052788
0.0,0.19143194
0.0,0.17240348
0.0,0.15131351
0.0,0.14286697
0.0,0.7317744
1.0,0.8067459
1.0,0.7407536
0.0,0.21233138
1.0,0.8439536
0.0,0.21588483
0.0,0.23495066
0.0,0.14754084
0.0,0.36117786
1.0,0.9745756
0.0,0.18921393
0.0,0.33039764
0.0,0.69317
0.0,0.45075864
0.0,0.29322857
0.0,0.15475225
0.0,0.18639588
0.0,0.18479753
0.0,0.23561281
0.0,0.932027
1.0,0.91087204
0.0,0.32844296
0.0,0.40187952
0.0,0.2080993
1.0,0.9354439
0.0,0.46236682
1.0,0.8394338
0.0,0.18751365
0.0,0.38345307
0.0,0.195651
1.0,0.81560194
1.0,0.95967984
1.0,0.53078896
1.0,0.8038415
0.0,0.3090697
0.0,0.1950266
1.0,0.8670603
1.0,0.8392261
0.0,0.17945656
0.0,0.45683604
0.0,0.6434746
1.0,0.8395362
0.0,0.22710773
0.0,0.20452377
0.0,0.20912123
0.0,0.21197021
1.0,0.6986846
1.0,0.93919146
0.0,0.10329047
1.0,0.5911511
0.0,0.32000083
0.0,0.18175799
0.0,0.15840086
0.0,0.23376244
0.0,0.20487034
1.0,0.7536193
0.0,0.147255
0.0,0.33043605
0.0,0.7572689
0.0,0.39563775
0.0,0.70709497
1.0,0.6663177
0.0,0.25022924
0.0,0.20264354
1.0,0.7472776
0.0,0.81221426
0.0,0.34491348
1.0,0.84874046
1.0,0.6517397
0.0,0.39973125
1.0,0.94710636
0.0,0.3903209
1.0,0.81003785
1.0,0.9745867
0.0,0.2744348
1.0,0.90351516
0.0,0.19904876
0.0,0.51518923
0.0,0.42440534
0.0,0.40825954
0.0,0.19302249
0.0,0.23616773
0.0,0.4122368
1.0,0.9608786
0.0,0.45654997
0.0,0.41365913
0.0,0.38813287
0.0,0.79656214
1.0,0.66656077
0.0,0.25827253
0.0,0.1446239
0.0,0.17856207
0.0,0.22652838
0.0,0.24728474
0.0,0.8522786
1.0,0.0025995672
0.0,0.42424
1.0,0.6898734
0.0,0.22281131
1.0,0.789984
0.0,0.26187396
0.0,0.80285066
0.0,0.2051171
0.0,0.58081746
0.0,0.6329317
0.0,0.19042471
0.0,0.28589004
0.0,0.30981135
0.0,0.8611791
0.0,0.8283351
1.0,0.7615263
0.0,0.47454068
0.0,0.19984597
1.0,0.97978276
0.0,0.4486762
0.0,0.18616527
0.0,0.192799
1.0,0.44292971
1.0,0.7354677
1.0,0.47642514
1.0,0.95762444
0.0,0.5600271
1.0,0.9146455
0.0,0.6346387
1.0,0.466995
0.0,0.16970733
0.0,0.8267087
0.0,0.21868765
0.0,0.15429309
0.0,0.28747088
1.0,0.8411145
1.0,0.36507386
0.0,0.8069229
1.0,0.6753663
0.0,0.1900304
1.0,0.78724957
0.0,0.14882901
0.0,0.21000561
0.0,0.8394021
0.0,0.6930455
0.0,0.16928822
0.0,0.18759239
1.0,0.97761905
0.0,0.1597997
1.0,0.8791753
1.0,0.8386278
1.0,0.7351996
0.0,0.16269279
0.0,0.6823783
0.0,0.21954527
0.0,0.30582884
0.0,0.23070511
1.0,0.81301486
0.0,0.24292171
0.0,0.33270982
0.0,0.35532546
0.0,0.16951177
0.0,0.18287149
0.0,0.34524375
0.0,0.80603075
0.0,0.20468402
0.0,0.34550875
1.0,0.85675496
0.0,0.33946893
0.0,0.14756322
0.0,0.212215
0.0,0.1701535
1.0,0.83063215
0.0,0.42894128
1.0,0.95557034
0.0,0.50286686
1.0,0.91214216
1.0,0.5909868
0.0,0.22500157
0.0,0.96150786
0.0,0.098065495
0.0,0.3353539
0.0,0.2590713
0.0,0.458184
1.0,0.8773953
0.0,0.17775369
1.0,0.6922193
0.0,0.8695896
0.0,0.12808135
0.0,0.30491215
1.0,0.90488786
0.0,0.19288689
1.0,0.9742643
0.0,0.23258895
0.0,0.21283656
0.0,0.71205044
0.0,0.6335535
0.0,0.06749126
0.0,0.35082775
1.0,0.6371535
1.0,0.8603852
0.0,0.45002037
0.0,0.5884973
0.0,0.19948351
1.0,0.7394562
0.0,0.18096584
1.0,0.3974786
0.0,0.7229179
1.0,0.8329728
1.0,0.86781585
0.0,0.3127515
0.0,0.1680471
0.0,0.229745
1.0,0.5307214
0.0,0.5116443
0.0,0.6236106
1.0,0.9487505
1.0,0.8284656
0.0,0.43714014
0.0,0.24254295
1.0,0.7663686
0.0,0.21725887
0.0,0.19487053
0.0,0.20918286
1.0,0.6713861
0.0,0.24593419
0.0,0.27554032
1.0,0.69950604
1.0,0.6046638
0.0,0.2538668
0.0,0.22225025
0.0,0.32907012
1.0,0.9013196
1.0,0.9750911
1.0,0.42539078
0.0,0.23243818
0.0,0.18957168
0.0,0.4272823
0.0,0.17459917
1.0,0.7700741
0.0,0.17514634
0.0,0.7242661
0.0,0.19212049
0.0,0.8132241
0.0,0.1863895
0.0,0.17373332
0.0,0.39131576
0.0,0.21568897
0.0,0.21960476
1.0,0.3409449
1.0,0.8222092
0.0,0.5818452
0.0,0.75698006
1.0,0.5318118
0.0,0.22476557
1.0,0.686085
0.0,0.19526693
0.0,0.2646246
1.0,0.9382303
1.0,0.8656625
0.0,0.80788505
0.0,0.39370298
1.0,0.52395403
0.0,0.17266455
0.0,0.48847827
0.0,0.9532049
0.0,0.07601285
1.0,0.84654135
1.0,0.5149516
0.0,0.50630206
0.0,0.14660218
0.0,0.23685423
1.0,0.7520734
0.0,0.18203771
1.0,0.63679487
0.0,0.3579462
1.0,0.8429289
1.0,0.79859316
0.0,0.60716325
1.0,0.62930846
0.0,0.99997026
0.0,0.16743138
1.0,0.78985524
1.0,0.7473633
0.0,0.16331807
0.0,0.57594734
0.0,0.74432355
0.0,0.4702598
1.0,0.9221031
0.0,0.20711991
0.0,0.36232698
0.0,0.20013785
1.0,0.78898865
0.0,0.19134292
0.0,0.59962595
1.0,0.7410425
0.0,0.20959216
0.0,0.9427144
0.0,0.34595776
1.0,0.78218126
0.0,0.8224181
1.0,0.8057568
0.0,0.21825609
1.0,0.28722465
1.0,0.58923435
1.0,0.92205715
1.0,0.8425822
0.0,0.2740075
1.0,0.7545613
0.0,0.2325584
1.0,0.9223188
1.0,0.6083985
0.0,0.44399983
1.0,0.89900625
0.0,0.16845357
1.0,0.7032101
1.0,0.4674369
0.0,0.13308555
0.0,0.8592738
1.0,0.97564614
1.0,0.8166163
0.0,0.49841005
0.0,0.5440686
0.0,0.13743436
0.0,0.25149018
0.0,0.4949785
1.0,0.89451224
1.0,0.77385956
1.0,0.57586455
1.0,0.68846667
1.0,0.96454686
1.0,0.9454142
0.0,0.47761813
1.0,0.9472973
0.0,0.2125642
0.0,0.21607065
0.0,0.3347886
1.0,0.37377483
1.0,0.29428363
0.0,0.2567215
0.0,0.22351426
0.0,0.8231201
1.0,0.9284117
1.0,0.70359784
1.0,0.8517964
0.0,0.29511157
0.0,0.9532382
0.0,0.24074793
0.0,0.589083
0.0,0.17241502
0.0,0.22237131
1.0,0.9481153
1.0,0.7593014
0.0,0.41414693
0.0,0.36029202
0.0,0.50075567
0.0,0.4678482
0.0,0.59764147
0.0,0.31837684
0.0,0.36969218
1.0,0.69579643
0.0,0.32332975
1.0,0.8988306
0.0,0.20124441
0.0,0.85463977
0.0,0.45096612
0.0,0.55012715
1.0,0.9391776
1.0,0.77112144
1.0,0.7927895
1.0,0.7458633
0.0,0.13682407
0.0,0.6629342
1.0,0.92537236
1.0,0.8422022
0.0,0.55181813
0.0,0.19358072
0.0,0.28533536
1.0,0.29913342
0.0,0.16532221
1.0,0.34407133
0.0,0.15126958
0.0,0.50434697
0.0,0.21409258
0.0,0.16871509
0.0,0.70937884
0.0,0.17281908
0.0,0.20955804
1.0,0.9254061
0.0,0.17936093
0.0,0.65952563
0.0,0.19237372
1.0,0.5818999
0.0,0.2286799
1.0,0.94357026
0.0,0.13618785
0.0,0.19459644
0.0,0.14995024
0.0,0.6344485
0.0,0.12626353
0.0,0.13440022
1.0,0.7846968
0.0,0.41969544
1.0,0.8361284
1.0,0.6799458
0.0,0.17375529
0.0,0.24468815
1.0,0.9203261
1.0,0.9720677
0.0,0.25660157
0.0,0.58472866
0.0,0.1691319
0.0,0.5626514
0.0,0.14940906
1.0,0.85682416
0.0,0.20613196
1.0,0.5745133
1.0,0.4727147
0.0,0.7868303
0.0,0.4557267
0.0,0.15336785
0.0,0.19946146
0.0,0.9037139
0.0,0.16988018
0.0,0.2534523
0.0,0.7110535
1.0,0.72916216
1.0,0.75695634
0.0,0.19887966
0.0,0.19008946
0.0,0.6760675
1.0,0.82244796
0.0,0.08692002
0.0,0.23851824
1.0,0.65512985
1.0,0.93368
0.0,0.75612724
0.0,0.24222699
0.0,0.18007141
1.0,0.92338914
0.0,0.22451884
1.0,0.8505522
1.0,0.7429917
0.0,0.15956095
0.0,0.45834863
0.0,0.24148753
1.0,0.71388227
0.0,0.66604763
1.0,0.71026474
0.0,0.21539137
1.0,0.861556
0.0,0.31526315
0.0,0.172367
0.0,0.24741396
1.0,0.968451
0.0,0.59855855
1.0,0.999737
1.0,0.43728855
0.0,0.16071549
1.0,0.351184
0.0,0.28706354
1.0,0.58817613
0.0,0.15906313
1.0,0.84839463
0.0,0.18832344
1.0,0.73864454
1.0,0.9159981
1.0,0.94740456
0.0,0.19839147
1.0,0.9625566
1.0,0.7695569
0.0,0.22419131
1.0,0.8467696
1.0,0.46784407
1.0,0.36506557
0.0,0.748096
0.0,0.25540444
0.0,0.78731334
0.0,0.50228995
