0.0,0.59599304
0.0,0.6127203
1.0,0.4934038
0.0,0.27777988
1.0,0.50795954
0.0,0.19843897
1.0,0.67950463
1.0,0.7223696
1.0,0.45237678
0.0,0.1971583
0.0,0.51243055
1.0,0.4735181
0.0,0.16651791
0.0,0.36359277
0.0,0.21640223
0.0,0.19298446
1.0,0.58689547
0.0,0.21780407
0.0,0.17432338
1.0,0.28793114
1.0,0.4390931
0.0,0.23104092
1.0,0.6970088
0.0,0.273211
0.0,0.11779171
1.0,0.67782086
0.0,0.2623687
1.0,0.62111074
0.0,0.14310253
1.0,0.609844
0.0,0.18516594
0.0,0.44709843
1.0,0.59174824
1.0,0.7406015
1.0,0.6901679
1.0,0.59645194
1.0,0.5439775
0.0,0.3062184
1.0,0.58487135
1.0,0.47966933
1.0,0.6778574
1.0,0.6789385
0.0,0.1684126
1.0,0.7064024
1.0,0.58577335
0.0,0.2334064
0.0,0.09491259
0.0,0.21735626
0.0,0.1856243
1.0,0.6947183
0.0,0.4393408
1.0,0.63776636
1.0,0.6908143
1.0,0.6311122
0.0,0.15847397
0.0,0.20751226
0.0,0.5817769
1.0,0.28194115
1.0,0.6857539
1.0,0.48963425
1.0,0.7216736
0.0,0.53815746
1.0,0.7599927
1.0,0.6091849
1.0,0.6157403
0.0,0.38312986
0.0,0.3028425
1.0,0.69161654
0.0,0.15552735
1.0,0.6553032
0.0,0.22900167
1.0,0.6881773
0.0,0.11961931
0.0,0.2590238
1.0,0.4748653
0.0,0.42373455
0.0,0.16905949
0.0,0.39182353
0.0,0.23016283
1.0,0.65294284
0.0,0.21288285
1.0,0.73926234
1.0,0.7087525
1.0,0.814069
1.0,0.8008751
1.0,0.5918356
1.0,0.680985
0.0,0.35436577
0.0,0.20387119
1.0,0.7377775
0.0,0.17383355
1.0,0.32783526
0.0,0.2531601
0.0,0.653237
0.0,0.2625308
1.0,0.6900276
0.0,0.13759875
0.0,0.16330999
1.0,0.6213304
1.0,0.74496967
0.0,0.14699
0.0,0.1748335
1.0,0.36897188
0.0,0.2322956
0.0,0.25856382
1.0,0.6594739
1.0,0.26258552
0.0,0.20513791
1.0,0.24037734
1.0,0.7618221
1.0,0.713047
0.0,0.16618305
1.0,0.20780376
0.0,0.2141378
0.0,0.18396226
1.0,0.49972975
0.0,0.23393676
1.0,0.67010534
1.0,0.47634572
1.0,0.74713004
0.0,0.3555858
1.0,0.71267855
0.0,0.5738276
0.0,0.15945324
0.0,0.38725874
1.0,0.24074867
0.0,0.15235862
0.0,0.12589383
1.0,0.69454736
1.0,0.591596
1.0,0.72688323
0.0,0.21379241
0.0,0.1719302
1.0,0.4475435
1.0,0.7719488
0.0,0.60097665
0.0,0.22524044
0.0,0.26704907
0.0,0.3122324
0.0,0.18833077
1.0,0.65903234
0.0,0.15220532
1.0,0.47000822
0.0,0.20847714
0.0,0.16251138
0.0,0.11846924
1.0,0.53275746
0.0,0.22361937
0.0,0.2821256
0.0,0.20142472
0.0,0.36378866
0.0,0.17388615
0.0,0.146339
0.0,0.73130095
0.0,0.28723186
1.0,0.6918558
0.0,0.1639463
0.0,0.19811425
1.0,0.7477014
0.0,0.20552662
0.0,0.60094136
0.0,0.5450086
0.0,0.18112105
0.0,0.35279554
1.0,0.7175881
0.0,0.31201094
1.0,0.3422864
0.0,0.18897524
0.0,0.19670868
1.0,0.5960631
0.0,0.60091466
0.0,0.67240095
0.0,0.48086655
0.0,0.10109785
1.0,0.6315279
1.0,0.612738
0.0,0.23981503
1.0,0.66953236
0.0,0.47124982
1.0,0.72361565
1.0,0.6695
1.0,0.638083
1.0,0.66922164
1.0,0.69768333
0.0,0.6310506
0.0,0.17352253
0.0,0.18289837
0.0,0.6827041
0.0,0.20345843
0.0,0.2416541
1.0,0.41545826
0.0,0.14696673
0.0,0.5515058
1.0,0.67756927
1.0,0.7885052
1.0,0.71310896
0.0,0.16670907
0.0,0.42397213
0.0,0.17121047
1.0,0.24715948
0.0,0.2341989
0.0,0.58802545
0.0,0.6483226
0.0,0.46284658
0.0,0.3048617
1.0,0.22236848
0.0,0.18143287
1.0,0.33693415
0.0,0.14223313
0.0,0.19585049
0.0,0.22716588
1.0,0.67140126
0.0,0.19859582
0.0,0.1988962
0.0,0.19480774
0.0,0.1297769
0.0,0.7138878
0.0,0.47332478
1.0,0.71561736
0.0,0.17662203
0.0,0.1789301
1.0,0.6352419
1.0,0.75426793
0.0,0.32800454
0.0,0.22663763
0.0,0.095362246
0.0,0.31948298
0.0,0.23926792
0.0,0.28140658
1.0,0.7166773
0.0,0.31341434
1.0,0.52141136
0.0,0.18678352
1.0,0.56255704
1.0,0.4932092
0.0,0.17134905
0.0,0.18326777
0.0,0.1976361
1.0,0.6800443
1.0,0.6676868
1.0,0.6658762
1.0,0.63858783
0.0,0.15424815
0.0,0.5510638
1.0,0.72195053
0.0,0.5405989
0.0,0.19118944
0.0,0.17388034
0.0,0.3303113
0.0,0.2655898
0.0,0.13636836
0.0,0.16933265
1.0,0.5768165
0.0,0.1406678
0.0,0.30607253
0.0,0.21237686
1.0,0.6514322
1.0,0.6941295
0.0,0.11620402
0.0,0.22382334
0.0,0.17076784
1.0,0.70107245
0.0,0.29164892
0.0,0.14412066
0.0,0.21806407
0.0,0.18346322
1.0,0.69971037
1.0,0.65123105
1.0,0.7137216
0.0,0.20162722
1.0,0.6352093
0.0,0.16482201
0.0,0.16379365
0.0,0.45516554
1.0,0.63932
1.0,0.5534109
0.0,0.129327
0.0,0.17836362
1.0,0.6111969
1.0,0.4898308
0.0,0.3856616
1.0,0.5017283
1.0,0.7586037
0.0,0.66029876
0.0,0.37045836
0.0,0.31266296
0.0,0.21436456
0.0,0.7004725
0.0,0.18904057
1.0,0.7260133
0.0,0.20199627
0.0,0.17356461
1.0,0.7706081
0.0,0.25153774
1.0,0.62386924
1.0,0.1608622
1.0,0.7115275
1.0,0.59971803
1.0,0.6748867
0.0,0.17112449
1.0,0.63705856
0.0,0.5962093
1.0,0.77575696
0.0,0.5924195
0.0,0.49253142
0.0,0.19908291
0.0,0.45458668
0.0,0.428428
1.0,0.64326465
0.0,0.60790527
1.0,0.6392733
0.0,0.67548555
1.0,0.67719823
1.0,0.72030395
0.0,0.17036551
0.0,0.13776475
0.0,0.14583722
1.0,0.6421759
1.0,0.44225097
0.0,0.15973377
0.0,0.104127675
0.0,0.16063279
0.0,0.19962606
1.0,0.7092693
1.0,0.5531097
0.0,0.19065294
0.0,0.514447
1.0,0.5472705
1.0,0.7252105
1.0,0.5190838
0.0,0.25742874
0.0,0.53590477
0.0,0.20952973
0.0,0.62724984
1.0,0.68156034
1.0,0.6129087
0.0,0.22673228
0.0,0.21573308
0.0,0.15214941
0.0,0.41427773
0.0,0.14537662
0.0,0.4635812
1.0,0.3525434
0.0,0.32058117
0.0,0.23241863
0.0,0.17699412
0.0,0.68196565
0.0,0.68924534
0.0,0.23051143
0.0,0.12598816
1.0,0.48804912
0.0,0.18060818
1.0,0.6421526
0.0,0.11995691
0.0,0.29261446
0.0,0.334581
0.0,0.14905348
0.0,0.5512408
1.0,0.39710796
1.0,0.63660747
0.0,0.5699332
1.0,0.5047237
0.0,0.15624979
0.0,0.4239071
0.0,0.3311115
0.0,0.62997234
0.0,0.1943284
0.0,0.090789855
1.0,0.62806106
0.0,0.18177682
1.0,0.75805676
0.0,0.33615625
1.0,0.44240582
0.0,0.27869743
1.0,0.19865263
1.0,0.7535834
1.0,0.6980894
0.0,0.18503839
0.0,0.30698287
1.0,0.60728306
0.0,0.18128479
0.0,0.2297458
1.0,0.21746615
1.0,0.61967516
0.0,0.032385916
1.0,0.688127
1.0,0.7827091
0.0,0.0066999793
0.0,0.19448447
0.0,0.49088588
0.0,0.20254865
0.0,0.1670607
0.0,0.2689162
1.0,0.73020685
0.0,0.5231568
1.0,0.5134569
1.0,0.56674093
0.0,0.21340501
0.0,0.34963495
0.0,0.5922318
1.0,0.7095983
1.0,0.64070594
1.0,0.5970324
0.0,0.21254697
1.0,0.7112564
1.0,0.29950443
0.0,0.17820078
0.0,0.36291486
0.0,0.69172513
0.0,0.4764329
1.0,0.51318717
0.0,0.18231457
1.0,0.46161097
0.0,0.46709907
0.0,0.21579647
0.0,0.26305392
0.0,0.22376227
0.0,0.15759853
0.0,0.19577304
0.0,0.17650509
0.0,0.20340744
0.0,0.20038626
0.0,0.39200267
0.0,0.31118184
0.0,0.19085997
0.0,0.5686643
0.0,0.25175866
1.0,0.6080436
0.0,0.36006352
1.0,0.7241781
0.0,0.20083761
0.0,0.16669187
0.0,0.18688753
0.0,0.6064189
0.0,0.63046014
0.0,0.180545
0.0,0.253412
0.0,0.12391919
0.0,0.14708233
0.0,0.21532443
0.0,0.47590867
1.0,0.53998023
0.0,0.22025415
0.0,0.15316114
0.0,0.49481153
0.0,0.17993754
1.0,0.57710314
0.0,0.6078762
1.0,0.40613294
0.0,0.18317235
0.0,0.31011313
1.0,0.7223753
0.0,0.71304345
1.0,0.7001889
1.0,0.6755739
1.0,0.48878843
1.0,0.69844514
0.0,0.1523619
1.0,0.61614335
0.0,0.109654754
0.0,0.15147877
0.0,0.5392893
1.0,0.7564583
0.0,0.16001812
0.0,0.1464394
1.0,0.37048045
1.0,0.8450026
0.0,0.32312447
0.0,0.13607499
1.0,0.48233658
0.0,0.3402242
1.0,0.62968606
0.0,0.17230457
0.0,0.375172
1.0,0.6691994
0.0,0.66369045
0.0,0.10363141
1.0,0.37182415
0.0,0.18943161
1.0,0.7748629
0.0,0.17406318
1.0,0.39367703
1.0,0.53330106
1.0,0.573803
1.0,0.7785842
0.0,0.541048
0.0,0.22535262
1.0,0.6363198
0.0,0.17636862
0.0,0.4750266
1.0,0.63174874
1.0,0.6070925
1.0,0.6946356
0.0,0.15544996
1.0,0.72845423
1.0,0.64971226
0.0,0.18306631
1.0,0.70603144
0.0,0.025874168
1.0,0.46007612
1.0,0.6603404
0.0,0.6074061
0.0,0.47803095
1.0,0.69120526
0.0,0.44978285
1.0,0.6795542
0.0,0.4583741
0.0,0.17225343
0.0,0.600148
1.0,0.76311594
0.0,0.16229808
0.0,0.14485389
0.0,0.6028798
1.0,0.60821784
0.0,0.26240283
0.0,0.19669026
0.0,0.3129493
0.0,0.6710142
1.0,0.5753808
1.0,0.6396689
0.0,0.26800334
0.0,0.5257029
0.0,0.24932536
0.0,0.6072884
0.0,0.3171749
1.0,0.67904997
0.0,0.29084837
1.0,0.6469616
0.0,0.6006222
0.0,0.34919837
1.0,0.58952594
0.0,0.27352136
0.0,0.45693484
0.0,0.15538502
0.0,0.18206385
0.0,0.1870752
0.0,0.1833438
0.0,0.15776545
0.0,0.24108365
1.0,0.67446727
1.0,0.70032805
0.0,0.17382318
0.0,0.1971432
1.0,0.7429476
0.0,0.2031123
1.0,0.68494916
0.0,0.46512252
0.0,0.17222276
1.0,0.6544956
0.0,0.5511535
1.0,0.48765442
0.0,0.45030156
1.0,0.43069154
0.0,0.20491576
0.0,0.20074365
0.0,0.5780684
1.0,0.79089296
0.0,0.21591449
0.0,0.24542058
0.0,0.11322683
0.0,0.59256065
1.0,0.44754344
0.0,0.21855104
0.0,0.14255449
1.0,0.71907854
1.0,0.38344213
0.0,0.40165186
1.0,0.59502673
0.0,0.1298191
0.0,0.5334576
1.0,0.68082106
1.0,0.7847773
0.0,0.28002936
1.0,0.66303754
1.0,0.7123499
0.0,0.15884492
0.0,0.53890526
0.0,0.20245236
1.0,0.23811534
0.0,0.13877183
0.0,0.16276944
0.0,0.20242906
1.0,0.750252
1.0,0.63485694
0.0,0.15048042
1.0,0.047543377
1.0,0.3859679
0.0,0.390428
1.0,0.5605408
0.0,0.2387473
1.0,0.6054466
0.0,0.24175876
1.0,0.58417493
0.0,0.22435111
0.0,0.17883092
1.0,0.69186467
0.0,0.16063154
1.0,0.6961045
0.0,0.21691656
0.0,0.1748288
0.0,0.19593793
1.0,0.62212026
0.0,0.5687569
1.0,0.41350853
0.0,0.18879324
1.0,0.68895614
1.0,0.6634531
0.0,0.12877712
1.0,0.6820477
1.0,0.7807999
1.0,0.6134351
1.0,0.5319406
0.0,0.35558513
0.0,0.17826113
0.0,0.5185255
1.0,0.68216264
1.0,0.4295651
0.0,0.16462755
0.0,0.18623543
0.0,0.162929
1.0,0.7180895
0.0,0.5403607
1.0,0.17458817
1.0,0.74323094
0.0,0.19482106
0.0,0.22870028
1.0,0.646988
0.0,0.6296592
1.0,0.7257283
0.0,0.5085547
0.0,0.22705612
0.0,0.29149544
1.0,0.3949896
0.0,0.28390092
1.0,0.67458075
0.0,0.18549103
1.0,0.51840836
0.0,0.3297829
0.0,0.24814731
1.0,0.62642837
1.0,0.48315194
1.0,0.5845923
1.0,0.46893504
0.0,0.23991671
0.0,0.20254529
0.0,0.67148906
0.0,0.12936059
1.0,0.60009164
1.0,0.4551832
0.0,0.19764385
0.0,0.1595037
0.0,0.15905386
1.0,0.6168369
0.0,0.13303265
0.0,0.13004184
0.0,0.27833918
0.0,0.6561903
0.0,0.34525934
0.0,0.44579464
1.0,0.62096214
0.0,0.44538313
1.0,0.39555794
0.0,0.24341193
0.0,0.5583044
1.0,0.5457485
1.0,0.6679839
1.0,0.66264427
0.0,0.26132798
0.0,0.19482267
1.0,0.53994155
0.0,0.1731233
0.0,0.18691784
0.0,0.39530465
1.0,0.6993475
0.0,0.41591373
0.0,0.1914942
1.0,0.7835069
0.0,0.31273353
1.0,0.7404623
1.0,0.6539128
1.0,0.7186935
0.0,0.17487323
1.0,0.72849035
1.0,0.6081377
0.0,0.16984472
1.0,0.45219865
0.0,0.18285593
0.0,0.4923024
0.0,0.80114067
0.0,0.17555353
1.0,0.7093017
1.0,0.69816136
1.0,0.66356
1.0,0.6756391
1.0,0.7098725
0.0,0.583738
0.0,0.680308
1.0,0.66384864
0.0,0.17657816
1.0,0.5631462
1.0,0.7779223
0.0,0.3120709
1.0,0.61491144
1.0,0.4516846
0.0,0.16017145
0.0,0.19263697
0.0,0.080991715
0.0,0.14904153
1.0,0.6289829
1.0,0.68193346
0.0,0.16921043
0.0,0.18562645
1.0,0.26719338
1.0,0.4372859
1.0,0.35200185
0.0,0.20497766
1.0,0.70884216
1.0,0.63152486
0.0,0.20556584
0.0,0.18379977
1.0,0.5990202
1.0,0.75258124
0.0,0.46279702
1.0,0.7169092
0.0,0.33819956
0.0,0.32337797
1.0,0.6984465
0.0,0.62631464
1.0,0.742749
0.0,0.34080708
0.0,0.19663072
0.0,0.2879473
1.0,0.5832799
1.0,0.50776803
0.0,0.13888994
0.0,0.16540286
1.0,0.659095
0.0,0.32555985
1.0,0.6467694
1.0,0.57250804
1.0,0.6642455
0.0,0.2849685
0.0,0.48149058
0.0,0.3280328
0.0,0.16154414
0.0,0.13520563
1.0,0.6082831
0.0,0.41396126
0.0,0.21984518
1.0,0.59661436
0.0,0.23673806
1.0,0.24801785
1.0,0.5066953
0.0,0.21557659
0.0,0.37138653
0.0,0.7070842
0.0,0.13949576
0.0,0.19096625
0.0,0.14910272
0.0,0.17450383
0.0,0.6327833
1.0,0.5552475
1.0,0.7199083
0.0,0.30155906
0.0,0.6214999
0.0,0.15057895
0.0,0.23011994
0.0,0.16325748
1.0,0.44443512
0.0,0.18037626
0.0,0.08691579
1.0,0.7882005
1.0,0.40819952
0.0,0.17756328
0.0,0.7118571
0.0,0.11171457
0.0,0.32542592
0.0,0.15246367
0.0,0.18123779
1.0,0.65139544
1.0,0.69936764
1.0,0.69310486
0.0,0.17343837
1.0,0.48157302
1.0,0.76481634
0.0,0.40781027
0.0,0.13649243
1.0,0.5804299
1.0,0.5366595
1.0,0.6074551
1.0,0.6324102
1.0,0.6362253
0.0,0.29695848
0.0,0.54385275
1.0,0.50147235
0.0,0.14486673
1.0,0.6444482
0.0,0.23259288
1.0,0.50169694
0.0,0.18838003
0.0,0.64610815
0.0,0.2405971
0.0,0.17019147
0.0,0.5910181
0.0,0.15126309
0.0,0.14170659
0.0,0.32931134
0.0,0.6869026
0.0,0.17510563
0.0,0.12498945
1.0,0.71181226
1.0,0.56745225
1.0,0.7040028
0.0,0.66098535
0.0,0.44829023
0.0,0.16979197
0.0,0.23540246
1.0,0.64677715
1.0,0.41020575
1.0,0.64713967
1.0,0.73788583
0.0,0.62362504
0.0,0.12326515
0.0,0.14424267
1.0,0.5055694
0.0,0.27237898
1.0,0.1472469
1.0,0.6364224
0.0,0.18169504
0.0,0.15560052
0.0,0.1515623
0.0,0.38318798
1.0,0.7616478
1.0,0.640659
0.0,0.25850987
1.0,0.67129445
1.0,0.4974511
0.0,0.58712924
0.0,0.2264109
1.0,0.6621506
0.0,0.14186335
0.0,0.26061028
0.0,0.15918025
0.0,0.38391763
0.0,0.15239781
1.0,0.42521992
0.0,0.3572834
0.0,0.6182679
1.0,0.7588724
1.0,0.6407424
0.0,0.3997295
0.0,0.20437005
1.0,0.5783844
0.0,0.28531128
0.0,0.10399678
1.0,0.41877845
0.0,0.28104448
0.0,0.17754939
0.0,0.2090272
1.0,0.688581
0.0,0.36886603
1.0,0.61958396
1.0,0.6545917
1.0,0.7798847
0.0,0.18779954
1.0,0.6193972
0.0,0.14644513
1.0,0.6877232
0.0,0.1950236
1.0,0.6912257
0.0,0.16832346
0.0,0.1793842
1.0,0.7307383
0.0,0.14209065
0.0,0.17589667
1.0,0.59406734
1.0,0.61075246
1.0,0.41797355
1.0,0.60422695
1.0,0.74214333
1.0,0.67646873
1.0,0.4263874
0.0,0.16966075
1.0,0.60205424
1.0,0.683844
0.0,0.19246832
0.0,0.15907708
0.0,0.14776736
1.0,0.06542292
0.0,0.1585291
0.0,0.3231878
0.0,0.48612845
1.0,0.7122403
0.0,0.17532146
0.0,0.5255693
1.0,0.5238985
1.0,0.6644265
1.0,0.7715434
1.0,0.212255
0.0,0.70142114
0.0,0.28518665
0.0,0.19104409
0.0,0.22574702
0.0,0.13538888
0.0,0.28234953
0.0,0.18998787
1.0,0.39457977
1.0,0.6754136
0.0,0.18591592
1.0,0.6515496
0.0,0.18738368
0.0,0.17404816
1.0,0.7738538
0.0,0.19914564
0.0,0.20676094
0.0,0.26196402
0.0,0.68928945
0.0,0.19432947
0.0,0.17292243
0.0,0.7119478
1.0,0.7461529
0.0,0.30322725
0.0,0.57942647
1.0,0.67142284
0.0,0.20292774
1.0,0.4901536
0.0,0.24755561
0.0,0.20466101
0.0,0.22563264
0.0,0.43352547
0.0,0.15955183
0.0,0.15690905
0.0,0.19457448
0.0,0.20775169
0.0,0.60908604
1.0,0.5167162
0.0,0.2350376
1.0,0.6952265
0.0,0.5966953
1.0,0.3995716
0.0,0.32332307
0.0,0.14529034
0.0,0.21349588
1.0,0.70620537
1.0,0.31848773
1.0,0.42085993
0.0,0.18956998
0.0,0.47311234
1.0,0.7301468
0.0,0.2909258
0.0,0.3368966
1.0,0.6277101
0.0,0.16476455
1.0,0.7135912
1.0,0.6290542
0.0,0.23353812
1.0,0.55934614
0.0,0.4284342
1.0,0.3864583
0.0,0.4853954
1.0,0.7591591
0.0,0.12187925
0.0,0.67953956
0.0,0.20588389
0.0,0.19390526
0.0,0.16186368
0.0,0.1857144
0.0,0.24675989
1.0,0.7096343
0.0,0.20908427
0.0,0.16584873
0.0,0.105715334
0.0,0.021096557
0.0,0.36785334
1.0,0.62294143
0.0,0.51165843
0.0,0.39083013
1.0,0.47557506
0.0,0.32904917
1.0,0.6121676
0.0,0.7146422
1.0,0.4488432
1.0,0.7065441
0.0,0.09824586
1.0,0.75813067
0.0,0.45737323
0.0,0.193486
0.0,0.17442182
0.0,0.24222893
1.0,0.590099
1.0,0.7576531
0.0,0.21518132
0.0,0.21310961
1.0,0.71628696
0.0,0.2032423
1.0,0.49707425
1.0,0.30700526
1.0,0.593376
0.0,0.1479527
1.0,0.4822607
0.0,0.33219254
1.0,0.7068131
1.0,0.44455263
0.0,0.7521034
0.0,0.5935255
0.0,0.13563111
0.0,0.5838843
1.0,0.6905982
1.0,0.6753557
1.0,0.6946808
0.0,0.14261323
0.0,0.07516971
1.0,0.971111
0.0,0.7353457
0.0,0.05956909
0.0,0.23811841
1.0,0.54714227
0.0,0.57857466
0.0,0.18695626
0.0,0.3667377
0.0,0.42748433
1.0,0.6365385
1.0,0.5728549
0.0,0.25137764
0.0,0.19763169
0.0,0.19108132
1.0,0.793445
0.0,0.31067237
0.0,0.6561699
1.0,0.6864639
0.0,0.15199757
0.0,0.42738277
1.0,0.590784
0.0,0.15638319
1.0,0.34677947
1.0,0.4204488
0.0,0.18820578
0.0,0.20399454
0.0,0.11497328
0.0,0.15705195
1.0,0.7419138
1.0,0.7905539
1.0,0.70189655
1.0,0.5935753
0.0,0.5354612
0.0,0.25106025
1.0,0.7074511
1.0,0.76681733
0.0,0.46242112
0.0,0.18258277
1.0,0.35835975
0.0,0.15025672
1.0,0.66635793
0.0,0.13693872
0.0,0.5403489
1.0,0.6947069
0.0,0.47915182
0.0,0.15914229
0.0,0.21529153
0.0,0.29090983
0.0,0.38896787
1.0,0.027356684
0.0,0.20353907
1.0,0.81680274
0.0,0.3573485
1.0,0.5566863
0.0,0.20551842
1.0,0.54976684
1.0,0.74418676
1.0,0.761793
0.0,0.5897313
0.0,0.15567979
1.0,0.4255439
0.0,0.13994509
0.0,0.17888978
1.0,0.6651319
1.0,0.57953465
0.0,0.21448833
1.0,0.69719076
1.0,0.7790877
0.0,0.68132544
0.0,0.17955565
0.0,0.44905594
0.0,0.16226414
0.0,0.10595316
0.0,0.63866043
1.0,0.6973046
1.0,0.7353419
1.0,0.6624914
0.0,0.06234172
0.0,0.14285085
0.0,0.20881537
0.0,0.19849887
0.0,0.25811598
0.0,0.36701924
1.0,0.6380507
1.0,0.68402445
1.0,0.6558579
0.0,0.31294256
0.0,0.005301684
1.0,0.6747719
0.0,0.07276365
0.0,0.65969914
1.0,0.7205247
0.0,0.61872905
0.0,0.5221576
1.0,0.53727317
0.0,0.15421048
1.0,0.41519797
1.0,0.6786461
0.0,0.6385124
0.0,0.1743814
1.0,0.7935214
0.0,0.1256021
0.0,0.41459095
1.0,0.6450569
1.0,0.6105178
1.0,0.6435782
1.0,0.74300045
0.0,0.7158896
0.0,0.28074998
0.0,0.16243196
1.0,0.58808833
0.0,0.7244879
1.0,0.69742525
0.0,0.51652503
1.0,0.6941457
1.0,0.43918014
0.0,0.2692235
0.0,0.23580956
0.0,0.09826839
0.0,0.39737448
0.0,0.18997869
0.0,0.30956733
1.0,0.431383
1.0,0.5672246
0.0,0.48820612
1.0,0.63543427
1.0,0.26213863
0.0,0.11965099
0.0,0.32659274
1.0,0.6455453
1.0,0.34867978
0.0,0.16938388
0.0,0.37029794
0.0,0.18760726
0.0,0.22033092
1.0,0.5908538
1.0,0.57029074
0.0,0.16198292
0.0,0.17174664
0.0,0.30549225
0.0,0.33840233
0.0,0.15609825
0.0,0.23509389
0.0,0.6358397
0.0,0.27230787
0.0,0.15672332
0.0,0.18141961
0.0,0.36777583
1.0,0.74191815
1.0,0.6116965
0.0,0.15553886
0.0,0.24363855
0.0,0.060430795
0.0,0.18088299
0.0,0.33314764
0.0,0.3177992
0.0,0.16298985
0.0,0.6338427
1.0,0.6965238
1.0,0.71299314
1.0,0.6861584
1.0,0.66194916
1.0,0.75528204
0.0,0.4887657
0.0,0.20733047
0.0,0.21425068
0.0,0.21581423
1.0,0.56735533
0.0,0.21457908
1.0,0.6819476
0.0,0.14517346
0.0,0.7065962
0.0,0.6468096
0.0,0.34997025
0.0,0.16755006
0.0,0.60833496
0.0,0.29543966
0.0,0.15674725
1.0,0.65970063
1.0,0.6171782
0.0,0.21678919
0.0,0.39837658
0.0,0.16204429
0.0,0.19209707
1.0,0.6648979
0.0,0.16712701
1.0,0.3935334
0.0,0.32642722
1.0,0.51293755
0.0,0.15458685
0.0,0.37475187
1.0,0.5888995
0.0,0.16522771
1.0,0.7034613
0.0,0.26545596
0.0,0.48443025
0.0,0.39450207
0.0,0.09420979
0.0,0.14702609
1.0,0.71320987
1.0,0.6819641
0.0,0.6063386
0.0,0.16897371
0.0,0.18618783
0.0,0.73311013
1.0,0.6618503
0.0,0.49883202
1.0,0.44796938
1.0,0.67510915
0.0,0.6296705
0.0,0.17528957
0.0,0.26652744
0.0,0.2691006
0.0,0.19435552
0.0,0.23462996
0.0,0.2634644
0.0,0.4423142
0.0,0.41292262
1.0,0.5784961
0.0,0.690941
0.0,0.13867295
1.0,0.6493425
0.0,0.19516137
0.0,0.28415942
0.0,0.15555382
0.0,0.19138953
1.0,0.225063
1.0,0.7689389
1.0,0.5557345
0.0,0.16939422
0.0,0.17976016
0.0,0.18489125
0.0,0.6572387
0.0,0.36606747
0.0,0.60003114
1.0,0.7110737
1.0,0.7260887
1.0,0.65685123
0.0,0.19750655
1.0,0.7579236
1.0,0.5544957
0.0,0.22421858
1.0,0.5800164
0.0,0.17235377
0.0,0.25481117
0.0,0.5156423
1.0,0.7128772
1.0,0.6426829
1.0,0.5620094
0.0,0.6998737
0.0,0.39284787
0.0,0.12638128
1.0,0.7312445
1.0,0.71295965
1.0,0.6697099
1.0,0.5701145
0.0,0.17524543
0.0,0.16404238
0.0,0.19102705
0.0,0.5736058
1.0,0.68940794
0.0,0.19147214
0.0,0.35631892
0.0,0.4664409
1.0,0.45294785
0.0,0.41093546
0.0,0.2684549
0.0,0.13658226
0.0,0.67427427
0.0,0.17834282
0.0,0.26096416
0.0,0.1484271
0.0,0.3280688
0.0,0.14969882
1.0,0.77754456
1.0,0.38080484
0.0,0.59319913
0.0,0.69234043
0.0,0.23994878
1.0,0.6605514
0.0,0.18688169
0.0,0.1968326
0.0,0.41101968
0.0,0.15137225
1.0,0.70676684
0.0,0.14887664
0.0,0.36976224
1.0,0.52665997
1.0,0.6115705
1.0,0.7003714
0.0,0.15428394
0.0,0.34334508
1.0,0.67418987
1.0,0.75720036
1.0,0.7278203
0.0,0.6084508
0.0,0.41406336
0.0,0.1789195
1.0,0.12852076
1.0,0.76303554
0.0,0.15293795
0.0,0.04455495
1.0,0.4305372
1.0,0.72178304
0.0,0.17573738
1.0,0.64579403
1.0,0.6015399
0.0,0.35168487
1.0,0.2173121
0.0,0.22805959
0.0,0.20585617
0.0,0.65745395
0.0,0.2133986
1.0,0.59790885
0.0,0.26123172
1.0,0.47713444
1.0,0.6599072
1.0,0.4532343
0.0,0.16580576
0.0,0.6319869
1.0,0.5814012
0.0,0.19324183
1.0,0.5173718
1.0,0.6625519
0.0,0.6416647
0.0,0.2379874
1.0,0.3630172
1.0,0.8114491
0.0,0.13869819
1.0,0.6404244
1.0,0.52912027
1.0,0.6676595
1.0,0.65367264
1.0,0.6856166
1.0,0.6823327
0.0,0.18429011
0.0,0.4922436
0.0,0.2023569
1.0,0.6646062
1.0,0.6870719
0.0,0.30266723
0.0,0.34934247
1.0,0.62936217
0.0,0.17825755
1.0,0.73286647
0.0,0.51953
1.0,0.57748556
1.0,0.6577108
0.0,0.55380964
1.0,0.44143954
0.0,0.2134744
1.0,0.7676401
1.0,0.73570746
1.0,0.37554127
0.0,0.2919401
0.0,0.23623985
1.0,0.7079561
0.0,0.2469089
1.0,0.66485023
0.0,0.1525192
0.0,0.3934675
0.0,0.23289934
0.0,0.2162593
0.0,0.15894237
0.0,0.47608
0.0,0.4404392
1.0,0.6913364
1.0,0.4178988
0.0,0.13836265
1.0,0.7501146
1.0,0.5620682
0.0,0.6879419
0.0,0.66892844
0.0,0.3121995
0.0,0.23125783
0.0,0.19833943
0.0,0.19497415
1.0,0.38142395
1.0,0.69015545
0.0,0.18426394
0.0,0.1617609
0.0,0.5314014
0.0,0.6233606
0.0,0.27817702
1.0,0.5369763
0.0,0.6060117
0.0,0.39451838
1.0,0.55622923
1.0,0.66930544
0.0,0.17958191
0.0,0.43006834
0.0,0.09911448
1.0,0.6001691
1.0,0.66997594
0.0,0.2654398
0.0,0.2049894
0.0,0.17056537
0.0,0.24269217
0.0,0.17418629
1.0,0.6772181
1.0,0.624312
1.0,0.53124946
0.0,0.10417074
1.0,0.43015403
0.0,0.5738571
1.0,0.7824308
1.0,0.51190996
0.0,0.17102957
0.0,0.17125612
0.0,0.12804002
0.0,0.35003364
0.0,0.64709306
1.0,0.76666033
0.0,0.52242416
0.0,0.4940455
0.0,0.259849
0.0,0.16049108
0.0,0.20604238
0.0,0.25005066
0.0,0.48730594
1.0,0.49683678
1.0,0.7578844
0.0,0.1199722
0.0,0.38878405
0.0,0.56782705
0.0,0.27872843
1.0,0.6987317
0.0,0.22170654
0.0,0.57365066
1.0,0.63940793
0.0,0.2459701
0.0,0.22718814
0.0,0.35772115
0.0,0.16846135
1.0,0.6765274
1.0,0.6642016
0.0,0.19481984
1.0,0.36688235
1.0,0.6914783
1.0,0.7120099
0.0,0.34190658
0.0,0.46173888
1.0,0.618566
1.0,0.728085
0.0,0.17732987
1.0,0.7826611
0.0,0.28265315
1.0,0.5738287
1.0,0.7317539
1.0,0.8310575
0.0,0.23470551
1.0,0.60332996
1.0,0.46608442
0.0,0.30942708
0.0,0.175966
0.0,0.7226442
0.0,0.20011494
0.0,0.20325568
0.0,0.15163338
1.0,0.7996201
0.0,0.60919344
0.0,0.2831819
0.0,0.60090995
0.0,0.14771596
0.0,0.20441717
0.0,0.14972547
1.0,0.5265106
0.0,0.280699
0.0,0.29250413
0.0,0.54859114
1.0,0.5630068
1.0,0.6415855
1.0,0.59387124
1.0,0.7105503
0.0,0.1542579
0.0,0.19674054
0.0,0.35139441
0.0,0.28360322
0.0,0.62381107
0.0,0.18036228
1.0,0.66486144
0.0,0.021252453
1.0,0.20168158
1.0,0.4405914
1.0,0.48657745
0.0,0.15929171
0.0,0.114188224
0.0,0.16041225
0.0,0.18907854
1.0,0.7053866
1.0,0.7071541
1.0,0.41915205
1.0,0.690495
1.0,0.76865876
0.0,0.23362744
0.0,0.18451533
0.0,0.58723783
0.0,0.15026116
1.0,0.68057257
0.0,0.17408413
0.0,0.09348503
1.0,0.7120706
1.0,0.45760155
0.0,0.18990141
0.0,0.35783288
0.0,0.26782334
0.0,0.19504607
1.0,0.5345089
0.0,0.6121916
0.0,0.46796295
1.0,0.73644245
0.0,0.44610113
1.0,0.599203
1.0,0.61764103
0.0,0.16213712
0.0,0.41523743
0.0,0.19822505
0.0,0.20845094
1.0,0.7180926
0.0,0.18118706
0.0,0.42461672
0.0,0.6600835
0.0,0.27167702
1.0,0.76333606
1.0,0.60183924
1.0,0.6686043
1.0,0.6963254
0.0,0.24046671
0.0,0.1760596
1.0,0.6215676
0.0,0.13396344
1.0,0.4873183
0.0,0.20002502
1.0,0.6461729
1.0,0.719983
0.0,0.43105412
0.0,0.22825804
0.0,0.47338867
0.0,0.17735708
0.0,0.16624615
0.0,0.19194344
1.0,0.6163874
0.0,0.1576038
0.0,0.3465616
0.0,0.48096836
0.0,0.27792
0.0,0.15838793
0.0,0.16457704
0.0,0.27836293
0.0,0.13766351
0.0,0.17382413
0.0,0.19857234
0.0,0.2175591
0.0,0.18185535
1.0,0.5333232
0.0,0.40569407
1.0,0.6722275
0.0,0.16301093
0.0,0.14438152
1.0,0.69111663
0.0,0.13352883
1.0,0.78158665
0.0,0.58200914
1.0,0.72926176
0.0,0.6321192
0.0,0.38291025
1.0,0.662259
1.0,0.36551756
0.0,0.19448644
0.0,0.21432075
0.0,0.07661113
0.0,0.13138565
0.0,0.13576084
0.0,0.636943
1.0,0.6643787
1.0,0.6641368
0.0,0.26199633
0.0,0.1608966
1.0,0.6436926
1.0,0.7026644
1.0,0.5594067
0.0,0.17004243
1.0,0.3504491
0.0,0.45418197
1.0,0.50267214
0.0,0.1681681
1.0,0.55730927
0.0,0.14945364
0.0,0.30752397
0.0,0.47112936
0.0,0.5946438
1.0,0.64364755
0.0,0.22795993
0.0,0.3491162
1.0,0.5483579
0.0,0.2420598
0.0,0.660485
0.0,0.59052694
1.0,0.75740397
0.0,0.42563173
0.0,0.2184602
0.0,0.7202136
1.0,0.60960376
0.0,0.09379622
0.0,0.5001991
0.0,0.31146902
1.0,0.58457124
0.0,0.15850952
1.0,0.7356583
0.0,0.5528989
1.0,0.63386166
1.0,0.7377432
0.0,0.4451321
1.0,0.6838924
1.0,0.6112262
0.0,0.18406767
0.0,0.5124269
0.0,0.17349046
1.0,0.769313
0.0,0.21273187
1.0,0.67657614
1.0,0.57404035
0.0,0.15434825
1.0,0.67526054
0.0,0.42279667
1.0,0.5108881
0.0,0.66916436
1.0,0.6469121
0.0,0.451318
1.0,0.25442415
0.0,0.35108453
0.0,0.14834324
0.0,0.12683225
0.0,0.23892453
0.0,0.12973508
0.0,0.16054809
0.0,0.10966167
0.0,0.3213583
0.0,0.35329503
0.0,0.46903208
0.0,0.46523786
0.0,0.2259016
1.0,0.3956442
1.0,0.37022287
0.0,0.5992994
1.0,0.33982635
0.0,0.25291878
0.0,0.36891606
0.0,0.5932542
0.0,0.3197269
0.0,0.22448534
0.0,0.2833177
1.0,0.6304538
0.0,0.14076212
0.0,0.17853922
1.0,0.31984305
0.0,0.13669172
1.0,0.6853475
0.0,0.23138776
0.0,0.38185525
1.0,0.26736325
0.0,0.18381122
1.0,0.6514649
0.0,0.18284005
0.0,0.15357846
0.0,0.12573761
1.0,0.74179834
0.0,0.26919645
1.0,0.6787335
1.0,0.5049376
0.0,0.65117824
0.0,0.17405325
1.0,0.20965365
0.0,0.21987337
0.0,0.23241428
0.0,0.6193844
0.0,0.16619179
0.0,0.516246
0.0,0.6870874
1.0,0.30694035
0.0,0.1900697
1.0,0.7058035
0.0,0.13397944
0.0,0.17275396
0.0,0.14878303
1.0,0.70859104
1.0,0.74806374
0.0,0.30136716
0.0,0.5033037
0.0,0.15711957
0.0,0.29294205
0.0,0.23013523
0.0,0.13614962
0.0,0.1240221
1.0,0.3653064
1.0,0.6394669
0.0,0.2651829
0.0,0.7324852
1.0,0.6584816
0.0,0.17725083
1.0,0.668336
0.0,0.12798616
0.0,0.1744873
1.0,0.68353885
0.0,0.40868172
1.0,0.612042
1.0,0.7286654
1.0,0.729639
0.0,0.2617997
0.0,0.1373015
0.0,0.6128013
1.0,0.7029485
0.0,0.37507743
1.0,0.7116275
0.0,0.23706755
0.0,0.17971358
0.0,0.65189546
1.0,0.6284977
0.0,0.19796118
0.0,0.21214622
0.0,0.43893343
1.0,0.49709013
1.0,0.74319816
0.0,0.257304
0.0,0.22332558
1.0,0.63348323
1.0,0.729571
1.0,0.672932
1.0,0.5848962
0.0,0.16952196
1.0,0.67140305
0.0,0.21047789
0.0,0.31227857
0.0,0.1719628
1.0,0.6373662
0.0,0.22056332
0.0,0.24819547
0.0,0.11104804
1.0,0.46345446
0.0,0.3843968
1.0,0.6483952
1.0,0.72821116
0.0,0.26608783
1.0,0.62063545
0.0,0.1324018
1.0,0.53179127
0.0,0.46043628
0.0,0.19182816
0.0,0.19787794
0.0,0.22266334
1.0,0.7163025
0.0,0.20425999
0.0,0.30203205
0.0,0.40515128
1.0,0.7620687
1.0,0.6587459
0.0,0.16640362
1.0,0.6839301
1.0,0.6837906
1.0,0.7855871
1.0,0.42228952
0.0,0.4444587
1.0,0.71299577
0.0,0.19548339
0.0,0.82406116
1.0,0.4993474
0.0,0.23507139
0.0,0.19452941
0.0,0.5538865
1.0,0.565157
0.0,0.32319593
0.0,0.40118834
1.0,0.69201094
0.0,0.18785378
1.0,0.55539274
0.0,0.18870747
0.0,0.57086915
1.0,0.6178468
1.0,0.6820556
0.0,0.14394987
1.0,0.6916857
1.0,0.72308534
0.0,0.64489067
0.0,0.33155274
1.0,0.53423464
0.0,0.20242032
1.0,0.74672604
0.0,0.17310664
0.0,0.22237113
1.0,0.44970998
1.0,0.7550908
0.0,0.24600166
1.0,0.59977615
0.0,0.18869549
0.0,0.87373537
1.0,0.7570348
0.0,0.35712346
0.0,0.24997455
0.0,0.18448481
1.0,0.6400342
0.0,0.18499759
0.0,0.21189848
1.0,0.6357665
1.0,0.6194179
0.0,0.17750055
0.0,0.43287373
0.0,0.30500698
1.0,0.38197422
0.0,0.4150723
0.0,0.10272896
0.0,0.14736736
0.0,0.18841916
0.0,0.18970895
1.0,0.33474526
0.0,0.42488885
0.0,0.14591384
0.0,0.27702063
1.0,0.70199853
1.0,0.73066205
1.0,0.5624147
0.0,0.7104826
0.0,0.14456612
0.0,0.66576797
1.0,0.74357235
0.0,0.29022706
1.0,0.6257652
0.0,0.16824967
1.0,0.7209342
0.0,0.28174937
1.0,0.68866116
0.0,0.6058299
1.0,0.5623733
0.0,0.5133965
0.0,0.4369383
1.0,0.33631635
1.0,0.7052187
1.0,0.6664082
0.0,0.5233749
1.0,0.68320876
1.0,0.5639696
1.0,0.25968707
0.0,0.13035664
1.0,0.43881834
0.0,0.13264447
0.0,0.660284
1.0,0.63263655
0.0,0.43567747
0.0,0.15756953
0.0,0.23363045
0.0,0.26723456
0.0,0.5913532
1.0,0.6661968
1.0,0.6632141
0.0,0.49514142
0.0,0.62631124
0.0,0.21570694
1.0,0.766374
0.0,0.56424063
0.0,0.41761652
0.0,0.18784782
0.0,0.107732266
0.0,0.2459982
0.0,0.56675696
1.0,0.73987305
1.0,0.774203
1.0,0.18622395
0.0,0.43986252
0.0,0.15307269
0.0,0.15120405
0.0,0.19272152
0.0,0.21649647
1.0,0.6612924
0.0,0.33115694
0.0,0.017837763
1.0,0.72794497
0.0,0.28720447
1.0,0.45725748
1.0,0.54732174
0.0,0.3625044
0.0,0.17969832
0.0,0.27052978
1.0,0.60835415
0.0,0.25450748
0.0,0.26230285
1.0,0.71471417
1.0,0.5233147
0.0,0.21622124
0.0,0.39880538
0.0,0.6020555
0.0,0.1365856
0.0,0.6795622
1.0,0.43506944
1.0,0.57020736
0.0,0.15465665
0.0,0.19950828
0.0,0.03693852
0.0,0.24292713
1.0,0.6929631
0.0,0.34884325
1.0,0.7151997
0.0,0.22009438
1.0,0.797348
0.0,0.20083964
1.0,0.6680851
1.0,0.5638517
0.0,0.17644057
0.0,0.4022293
0.0,0.10767615
0.0,0.24741924
1.0,0.61728185
1.0,0.28356838
1.0,0.4011202
1.0,0.4307249
1.0,0.38587347
0.0,0.08758861
1.0,0.63855255
1.0,0.5055845
0.0,0.19494113
0.0,0.2074242
0.0,0.24213302
1.0,0.6381832
1.0,0.73980796
0.0,0.6019195
0.0,0.1515451
1.0,0.6657499
0.0,0.119900614
0.0,0.21970809
1.0,0.74432385
0.0,0.58994246
0.0,0.26679772
1.0,0.6273054
1.0,0.70913446
0.0,0.16460282
0.0,0.2489638
0.0,0.32634753
1.0,0.73166656
1.0,0.70076376
0.0,0.4281285
0.0,0.41751796
1.0,0.69419545
1.0,0.4138223
0.0,0.16113359
0.0,0.4754989
0.0,0.2124353
1.0,0.4510557
1.0,0.58738065
0.0,0.20271319
0.0,0.30939695
1.0,0.58831847
0.0,0.18799093
0.0,0.20252872
0.0,0.32378027
0.0,0.6257361
1.0,0.5833641
0.0,0.58974135
0.0,0.15354842
0.0,0.591093
0.0,0.39836633
0.0,0.16444123
1.0,0.6982284
1.0,0.6361111
0.0,0.35298306
1.0,0.7397533
0.0,0.3024425
1.0,0.80393636
1.0,0.2639106
1.0,0.7740437
0.0,0.16569525
0.0,0.67081124
0.0,0.17335129
1.0,0.7309568
0.0,0.1996904
1.0,0.69580173
0.0,0.28568766
0.0,0.2015796
1.0,0.501643
1.0,0.33880192
0.0,0.17365295
1.0,0.6357908
0.0,0.20003891
1.0,0.6319947
0.0,0.17461705
1.0,0.62258685
1.0,0.39904732
0.0,0.2013211
0.0,0.15612751
0.0,0.13566819
0.0,0.10060212
0.0,0.14381778
0.0,0.600532
0.0,0.3106779
0.0,0.15566885
0.0,0.63325727
0.0,0.135571
1.0,0.73551655
0.0,0.6411562
0.0,0.46705163
1.0,0.78418577
0.0,0.2517517
1.0,0.7413761
0.0,0.15809467
1.0,0.7490606
0.0,0.11618629
0.0,0.27324247
1.0,0.7924036
0.0,0.18186796
0.0,0.14340046
0.0,0.28024417
1.0,0.6310888
1.0,0.5695723
0.0,0.1615263
1.0,0.66155136
1.0,0.46728426
1.0,0.68204963
0.0,0.50689644
1.0,0.42518133
1.0,0.562652
0.0,0.45072198
1.0,0.29454905
1.0,0.33307135
0.0,0.19819126
0.0,0.17178175
0.0,0.15229481
0.0,0.20139554
0.0,0.2927275
0.0,0.20100865
0.0,0.19311842
0.0,0.1070517
1.0,0.7210549
0.0,0.30909264
0.0,0.19916117
0.0,0.26584515
0.0,0.25402042
1.0,0.6668268
0.0,0.1290485
1.0,0.687699
0.0,0.46992058
0.0,0.22722259
1.0,0.19974115
1.0,0.5871782
0.0,0.025601923
0.0,0.2472013
1.0,0.6182213
0.0,0.6780653
0.0,0.26890218
1.0,0.56667477
1.0,0.4562346
1.0,0.5036463
1.0,0.61236936
0.0,0.27502954
0.0,0.097657144
1.0,0.39802593
0.0,0.16862106
0.0,0.14829591
1.0,0.7395519
1.0,0.53087217
1.0,0.77173066
0.0,0.14900401
1.0,0.32999378
1.0,0.689003
1.0,0.7065302
0.0,0.1565477
0.0,0.1660485
1.0,0.39662528
0.0,0.3252896
0.0,0.63775456
0.0,0.21502772
1.0,0.68044883
0.0,0.17824185
0.0,0.21525294
0.0,0.1437782
0.0,0.6478589
0.0,0.2524938
0.0,0.15324286
0.0,0.59480536
1.0,0.7612661
0.0,0.19330978
1.0,0.6507001
0.0,0.20508799
0.0,0.24133989
0.0,0.6797219
1.0,0.16760796
0.0,0.6149616
0.0,0.13680372
0.0,0.19202209
0.0,0.41459635
0.0,0.2547565
1.0,0.69517064
0.0,0.3996958
1.0,0.59828824
0.0,0.3045326
0.0,0.2677263
0.0,0.15625888
0.0,0.54838824
0.0,0.20947278
0.0,0.10298309
0.0,0.2496734
0.0,0.17962989
1.0,0.5759872
0.0,0.18982989
1.0,0.6339467
1.0,0.5276503
0.0,0.20446855
0.0,0.20212832
1.0,0.68320256
0.0,0.1762574
1.0,0.50184065
1.0,0.64445585
0.0,0.2299321
1.0,0.6659142
0.0,0.19243437
1.0,0.70344055
0.0,0.34392372
0.0,0.38431612
1.0,0.44663358
0.0,0.531232
0.0,0.15978497
0.0,0.4405588
1.0,0.5275066
1.0,0.6599378
0.0,0.14740011
0.0,0.32684118
1.0,0.5947813
0.0,0.486367
1.0,0.49374676
0.0,0.56840277
1.0,0.53627646
0.0,0.62820417
0.0,0.3747006
0.0,0.6590258
0.0,0.19813976
0.0,0.40407753
1.0,0.26821625
0.0,0.43762216
1.0,0.71994334
0.0,0.20890808
1.0,0.42679146
0.0,0.12428334
0.0,0.13714793
0.0,0.1935024
0.0,0.17725807
0.0,0.32008728
0.0,0.3071085
0.0,0.4664253
0.0,0.41591108
1.0,0.626247
0.0,0.17932487
0.0,0.22928986
1.0,0.44666132
1.0,0.4459372
0.0,0.17166036
0.0,0.13865048
1.0,0.51929593
0.0,0.23432395
1.0,0.25204444
1.0,0.6288065
1.0,0.60341
1.0,0.6215937
0.0,0.2081323
0.0,0.1680491
1.0,0.68968236
0.0,0.33549175
1.0,0.72396183
1.0,0.54526675
1.0,0.7238934
0.0,0.48911294
0.0,0.21772698
0.0,0.21825084
0.0,0.26684117
1.0,0.678507
1.0,0.6698037
0.0,0.427072
0.0,0.27663347
0.0,0.24639791
0.0,0.32513234
1.0,0.37169662
1.0,0.6377855
1.0,0.5592449
0.0,0.5397267
1.0,0.51718175
1.0,0.62940615
1.0,0.6779958
1.0,0.79861987
0.0,0.6412432
0.0,0.34123418
0.0,0.5204239
0.0,0.15705335
1.0,0.6237278
1.0,0.7339424
1.0,0.65319043
1.0,0.6541728
0.0,0.34752166
0.0,0.15145382
0.0,0.3427969
0.0,0.31788585
1.0,0.6013607
0.0,0.14929831
0.0,0.15831143
0.0,0.012569845
0.0,0.15921062
1.0,0.59285283
1.0,0.7415769
1.0,0.7269782
0.0,0.28131783
0.0,0.5818437
1.0,0.62377226
1.0,0.7154898
0.0,0.17633802
1.0,0.65749943
0.0,0.5318407
1.0,0.7954639
1.0,0.68669724
1.0,0.41181883
0.0,0.19652548
0.0,0.31272674
1.0,0.7613105
0.0,0.29148555
0.0,0.33296248
1.0,0.74184036
0.0,0.24435374
0.0,0.22414982
0.0,0.18518701
1.0,0.53276277
0.0,0.4996972
0.0,0.39168206
1.0,0.54846585
0.0,0.5294696
0.0,0.17055058
0.0,0.31496537
0.0,0.23282555
1.0,0.7369148
0.0,0.8478172
0.0,0.1540164
0.0,0.15507266
1.0,0.69774795
0.0,0.20475742
0.0,0.18429649
1.0,0.46096843
0.0,0.2954436
0.0,0.18466195
1.0,0.7034853
1.0,0.7190745
0.0,0.16141129
1.0,0.40251067
1.0,0.46953484
0.0,0.34113604
0.0,0.51844275
1.0,0.3916253
1.0,0.65755045
0.0,0.13637692
1.0,0.54646623
1.0,0.50219965
1.0,0.6526097
0.0,0.50085783
1.0,0.39992133
0.0,0.20262352
1.0,0.5590278
0.0,0.16473323
1.0,0.76103324
0.0,0.6101916
0.0,0.5252436
1.0,0.65901774
0.0,0.20965636
1.0,0.6528313
1.0,0.59407115
1.0,0.6964736
1.0,0.31924576
0.0,0.2036402
1.0,0.46002755
0.0,0.3642457
0.0,0.17045277
0.0,0.21300563
0.0,0.35966772
1.0,0.6839143
0.0,0.23806223
0.0,0.41747203
0.0,0.5056433
0.0,0.3575663
1.0,0.55205667
0.0,0.41613168
0.0,0.17054453
0.0,0.1845223
0.0,0.5040232
1.0,0.57152563
0.0,0.20741603
1.0,0.6006226
1.0,0.7570566
0.0,0.6442615
0.0,0.13902816
0.0,0.194206
1.0,0.7593935
0.0,0.18047318
1.0,0.3871768
1.0,0.50566703
1.0,0.6625392
0.0,0.6228177
0.0,0.47016567
0.0,0.15436938
0.0,0.6269114
0.0,0.17908296
0.0,0.20235944
0.0,0.1967071
1.0,0.6410696
0.0,0.22612876
1.0,0.67742664
0.0,0.07684374
1.0,0.75268984
1.0,0.72170013
1.0,0.6177981
1.0,0.69782335
0.0,0.62712365
0.0,0.53999627
0.0,0.3127908
1.0,0.48220453
1.0,0.63519686
0.0,0.15115684
1.0,0.58469206
1.0,0.6425984
1.0,0.7253529
1.0,0.66773313
0.0,0.59644383
0.0,0.27168676
1.0,0.6674069
0.0,0.174853
0.0,0.42947528
1.0,0.6980357
0.0,0.20871025
0.0,0.51677746
0.0,0.33933017
0.0,0.23166603
0.0,0.21461037
1.0,0.77254814
0.0,0.17376411
0.0,0.4164228
1.0,0.5690427
0.0,0.1874415
1.0,0.651721
0.0,0.41607255
0.0,0.24309054
0.0,0.20205444
0.0,0.1532098
1.0,0.62723154
0.0,0.31667176
0.0,0.18149638
1.0,0.71700513
1.0,0.6599241
0.0,0.26844347
0.0,0.18753487
0.0,0.13214836
1.0,0.4788915
0.0,0.15149122
1.0,0.62590104
1.0,0.5586132
1.0,0.39200762
1.0,0.5641093
1.0,0.6992885
0.0,0.72035724
1.0,0.6237175
1.0,0.7611207
0.0,0.15874746
0.0,0.15149292
0.0,0.18354467
1.0,0.6097649
0.0,0.16096959
0.0,0.18694133
0.0,0.42182028
1.0,0.7287497
0.0,0.3288251
1.0,0.6172811
0.0,0.2993065
0.0,0.4905019
0.0,0.18462172
0.0,0.1939039
0.0,0.19768918
1.0,0.5032312
1.0,0.7663419
0.0,0.23340356
0.0,0.23483351
1.0,0.54470134
0.0,0.1237303
1.0,0.728114
0.0,0.2446656
0.0,0.20579907
0.0,0.19197494
1.0,0.79150546
1.0,0.6646397
0.0,0.18482265
0.0,0.40433264
1.0,0.47480983
0.0,0.41130447
0.0,0.23533708
1.0,0.69292474
1.0,0.7885355
1.0,0.7542912
0.0,0.19729388
1.0,0.59604436
1.0,0.6880891
0.0,0.3134359
0.0,0.21270877
0.0,0.17775747
0.0,0.19338456
0.0,0.13808796
0.0,0.21896702
1.0,0.5338275
1.0,0.6928692
0.0,0.24282435
0.0,0.16075411
0.0,0.4154876
0.0,0.3026168
1.0,0.58671296
0.0,0.6108672
0.0,0.23559585
0.0,0.61847794
0.0,0.6452376
1.0,0.40666866
0.0,0.11797416
0.0,0.0038436353
1.0,0.7170272
0.0,0.20244282
0.0,0.40660703
0.0,0.19923913
0.0,0.1395061
1.0,0.63428634
1.0,0.7038891
0.0,0.26854852
0.0,0.7071054
0.0,0.15092465
0.0,0.48032653
0.0,0.72572136
0.0,0.22804797
0.0,0.101153344
0.0,0.3412921
1.0,0.18504906
0.0,0.19620302
1.0,0.5457342
0.0,0.5374941
0.0,0.1433554
0.0,0.2730322
0.0,0.46078026
0.0,0.3403825
0.0,0.31287035
1.0,0.72032154
0.0,0.17184907
0.0,0.5872216
0.0,0.21745667
1.0,0.45818478
1.0,0.7268226
0.0,0.14126772
0.0,0.40986925
0.0,0.15268627
1.0,0.8415154
1.0,0.6955308
1.0,0.698961
0.0,0.63306683
1.0,0.762951
0.0,0.21493694
0.0,0.12921336
0.0,0.19887742
1.0,0.36498797
0.0,0.13671526
0.0,0.21751046
1.0,0.73472244
1.0,0.20833552
0.0,0.21010116
1.0,0.78400624
0.0,0.14371884
1.0,0.5646645
0.0,0.24991319
1.0,0.2678017
0.0,0.5084639
0.0,0.01127696
1.0,0.59210324
0.0,0.2487962
0.0,0.29258102
0.0,0.18845469
0.0,0.16378558
0.0,0.34460697
0.0,0.17163914
1.0,0.6345446
1.0,0.56422836
0.0,0.22525802
0.0,0.22514763
0.0,0.12874258
0.0,0.55417883
1.0,0.7630415
0.0,0.19856018
0.0,0.43124437
0.0,0.32020143
0.0,0.5041897
0.0,0.13714054
1.0,0.6898637
1.0,0.68599856
0.0,0.14216244
0.0,0.12289378
0.0,0.23467624
0.0,0.14766711
1.0,0.6487523
0.0,0.5663857
0.0,0.24365807
0.0,0.16803357
1.0,0.33401367
0.0,0.16601351
0.0,0.20798281
1.0,0.7337766
0.0,0.23941565
0.0,0.25560907
1.0,0.61551034
1.0,0.44572997
1.0,0.6369763
0.0,0.14114845
0.0,0.14999151
0.0,0.35332102
0.0,0.14034852
1.0,0.6790358
0.0,0.34712976
1.0,0.48503554
0.0,0.14480942
0.0,0.12803462
0.0,0.3917129
1.0,0.65994406
0.0,0.51778334
0.0,0.24918544
0.0,0.2992059
1.0,0.56720304
0.0,0.12147483
0.0,0.3238044
0.0,0.16263494
1.0,0.47858232
0.0,0.15036583
0.0,0.1335536
1.0,0.35291415
1.0,0.7286713
0.0,0.109733224
1.0,0.7317949
1.0,0.71585774
1.0,0.66099334
1.0,0.66022
0.0,0.18481815
1.0,0.6902185
0.0,0.7853138
1.0,0.29305154
0.0,0.15386337
1.0,0.4699667
0.0,0.2868011
1.0,0.37743524
1.0,0.7721147
1.0,0.41757417
0.0,0.12881768
0.0,0.57742566
0.0,0.30682382
0.0,0.2739513
0.0,0.18835378
0.0,0.39549762
1.0,0.6939707
1.0,0.7726618
1.0,0.6684251
0.0,0.17472512
0.0,0.16718489
0.0,0.28431252
0.0,0.4051661
1.0,0.19960701
0.0,0.23290783
0.0,0.13570362
0.0,0.17301297
0.0,0.49448383
1.0,0.67578334
0.0,0.68446994
0.0,0.026923835
0.0,0.5591986
1.0,0.43850136
0.0,0.21288759
0.0,0.059218794
1.0,0.6017995
0.0,0.5772129
1.0,0.6687948
0.0,0.31335327
0.0,0.41976464
0.0,0.16574436
0.0,0.27018726
0.0,0.15616411
1.0,0.61611074
0.0,0.34762415
0.0,0.2566976
1.0,0.66296244
1.0,0.728342
0.0,0.15048498
1.0,0.10092616
0.0,0.5019459
0.0,0.18341151
1.0,0.7321345
0.0,0.15194574
0.0,0.31117955
0.0,0.13464102
0.0,0.17983648
1.0,0.6424098
1.0,0.7035
1.0,0.6591683
1.0,0.73155886
0.0,0.14535761
0.0,0.20076704
0.0,0.3603994
1.0,0.73723596
0.0,0.15353134
0.0,0.2131269
1.0,0.66032004
1.0,0.5766077
1.0,0.56639665
0.0,0.17906973
0.0,0.22821566
0.0,0.393564
1.0,0.7548652
1.0,0.57307816
1.0,0.7098897
0.0,0.304331
0.0,0.17164835
0.0,0.14235738
1.0,0.65201217
1.0,0.36572495
0.0,0.44202402
1.0,0.6879705
1.0,0.44526714
1.0,0.66156644
1.0,0.5879095
0.0,0.20045942
0.0,0.34098423
1.0,0.041244358
1.0,0.57014936
0.0,0.30797774
0.0,0.16664311
0.0,0.14144519
0.0,0.20814916
0.0,0.19988456
0.0,0.5030882
0.0,0.16344845
0.0,0.2599815
1.0,0.60603595
1.0,0.6435124
0.0,0.33181286
1.0,0.71133417
0.0,0.16539851
1.0,0.63925755
0.0,0.20678332
1.0,0.72984475
0.0,0.16148672
0.0,0.17585176
0.0,0.19077995
0.0,0.5401318
1.0,0.33446193
1.0,0.6966672
0.0,0.17040288
0.0,0.26999542
1.0,0.33354065
0.0,0.23098406
1.0,0.65896046
1.0,0.705481
0.0,0.17129794
0.0,0.20494276
0.0,0.36875236
0.0,0.6607647
0.0,0.62259847
0.0,0.16871154
0.0,0.11782771
0.0,0.19239798
1.0,0.61013496
1.0,0.73554504
1.0,0.5085836
1.0,0.65702176
0.0,0.21516928
0.0,0.26387885
1.0,0.69035447
0.0,0.6871034
0.0,0.23602933
0.0,0.4738439
1.0,0.41872722
1.0,0.2175144
0.0,0.172025
1.0,0.7431192
1.0,0.67915165
0.0,0.11578113
0.0,0.18259111
1.0,0.7432525
0.0,0.16684872
0.0,0.48363024
0.0,0.12857363
0.0,0.33829355
1.0,0.2716509
0.0,0.28105912
0.0,0.13342777
0.0,0.49801916
1.0,0.4867312
0.0,0.20937502
0.0,0.22508216
1.0,0.73541623
0.0,0.15282437
0.0,0.12694183
0.0,0.74786663
1.0,0.71164525
1.0,0.47027016
1.0,0.5180884
0.0,0.33283466
0.0,0.56852996
1.0,0.6782929
0.0,0.34092498
0.0,0.16680121
0.0,0.5950229
0.0,0.22522008
1.0,0.41164136
0.0,0.2169734
0.0,0.5788118
1.0,0.57707113
0.0,0.20933998
0.0,0.18665147
0.0,0.5621611
0.0,0.24910653
1.0,0.68812174
1.0,0.732936
0.0,0.55445784
1.0,0.68358696
0.0,0.1871256
0.0,0.17530483
0.0,0.18743533
1.0,0.58858496
0.0,0.21941778
0.0,0.23558408
1.0,0.66284794
1.0,0.6279451
1.0,0.71320343
0.0,0.8423452
1.0,0.52018404
1.0,0.7311082
0.0,0.13358235
0.0,0.64365077
0.0,0.5934921
1.0,0.47901082
0.0,0.1661027
0.0,0.38056308
0.0,0.2303688
0.0,0.19479924
0.0,0.16897109
0.0,0.26037538
0.0,0.23115113
0.0,0.74255776
0.0,0.5089811
1.0,0.53810936
1.0,0.5980766
1.0,0.61992687
0.0,0.16564491
1.0,0.734916
0.0,0.4034993
0.0,0.2736244
1.0,0.6973697
0.0,0.2408894
0.0,0.17465767
0.0,0.37872726
0.0,0.20105171
0.0,0.55845475
0.0,0.5199783
0.0,0.18498117
1.0,0.70949227
0.0,0.10563189
0.0,0.17964807
0.0,0.1474976
1.0,0.6985837
1.0,0.6575916
0.0,0.50032836
1.0,0.24490583
0.0,0.18535033
1.0,0.40515885
0.0,0.2979058
0.0,0.11661896
1.0,0.2996148
0.0,0.17948994
0.0,0.17864943
1.0,0.61838603
0.0,0.19537374
1.0,0.118082345
0.0,0.52265877
0.0,0.21077406
1.0,0.50214684
0.0,0.1964423
0.0,0.2385318
0.0,0.6687267
0.0,0.144557
0.0,0.1509847
1.0,0.649196
0.0,0.1774492
0.0,0.32486963
0.0,0.17451406
1.0,0.5737421
0.0,0.71639466
0.0,0.28351253
1.0,0.20277983
0.0,0.16293001
0.0,0.17689061
0.0,0.27396572
0.0,0.28643382
1.0,0.65948075
0.0,0.17282903
0.0,0.12075031
0.0,0.16376412
0.0,0.13624239
0.0,0.57097673
1.0,0.79222983
1.0,0.66393095
0.0,0.23662421
1.0,0.6909385
0.0,0.17760909
0.0,0.16224834
0.0,0.18313342
0.0,0.3575089
1.0,0.7142085
0.0,0.17113292
0.0,0.16154736
0.0,0.5549089
0.0,0.3314517
0.0,0.26877433
0.0,0.17611286
0.0,0.16970107
0.0,0.15103778
0.0,0.110566795
0.0,0.7143599
1.0,0.6905412
0.0,0.14367664
0.0,0.2765085
0.0,0.23126283
1.0,0.72199774
0.0,0.12589756
1.0,0.72077537
0.0,0.15732259
0.0,0.21755826
0.0,0.32046843
1.0,0.68205845
1.0,0.8329183
1.0,0.5698166
1.0,0.6475078
0.0,0.25393203
0.0,0.20825148
1.0,0.7115626
1.0,0.68881357
0.0,0.16906607
0.0,0.33270693
0.0,0.6408163
1.0,0.81094635
0.0,0.18768027
0.0,0.17536482
0.0,0.23191613
0.0,0.20599976
1.0,0.70136285
1.0,0.7161715
0.0,0.15093166
1.0,0.5165367
0.0,0.15503782
0.0,0.20983699
0.0,0.12877584
0.0,0.21331641
0.0,0.15043452
1.0,0.68666804
0.0,0.18759185
0.0,0.042008817
0.0,0.6020425
0.0,0.27309656
0.0,0.59879386
1.0,0.63913417
0.0,0.23222756
0.0,0.2618643
1.0,0.6481818
0.0,0.67780805
0.0,0.10499677
1.0,0.74627787
1.0,0.54501486
0.0,0.18767357
1.0,0.7271543
0.0,0.32187453
1.0,0.7047288
1.0,0.8013952
0.0,0.28385162
1.0,0.7303841
0.0,0.23535213
0.0,0.38492617
0.0,0.49109712
0.0,0.45220172
0.0,0.16737315
0.0,0.1898252
0.0,0.39652923
1.0,0.75204986
0.0,0.31792963
0.0,0.3679958
0.0,0.36894706
0.0,0.23693979
1.0,0.68157274
0.0,0.19235694
0.0,0.5123294
0.0,0.20564273
0.0,0.20023936
0.0,0.021647453
0.0,0.732551
1.0,0.5002192
0.0,0.32547748
1.0,0.60482275
0.0,0.16895196
1.0,0.64806277
0.0,0.33268714
0.0,0.48165274
0.0,0.19300064
0.0,0.55830675
0.0,0.45301723
0.0,0.29338786
0.0,0.17678738
0.0,0.12397945
0.0,0.69893986
0.0,0.66188097
1.0,0.6554093
0.0,0.65507865
0.0,0.20132822
1.0,0.76986426
0.0,0.3546693
0.0,0.16132987
0.0,0.22069755
1.0,0.5421275
1.0,0.670579
1.0,0.44580737
1.0,0.734086
0.0,0.062490344
1.0,0.66714686
0.0,0.44338378
1.0,0.23946723
0.0,0.19377008
0.0,0.5762249
0.0,0.23353356
0.0,0.17804211
0.0,0.232321
1.0,0.70581937
1.0,0.3794123
0.0,0.69983995
1.0,0.6504063
0.0,0.1492053
1.0,0.7321802
0.0,0.1853413
0.0,0.19935808
0.0,0.6665934
0.0,0.5957068
0.0,0.23902798
0.0,0.1519545
1.0,0.7643179
0.0,0.16756329
1.0,0.73535466
1.0,0.48223883
1.0,0.6262908
0.0,0.20922667
0.0,0.66916907
0.0,0.17442071
0.0,0.37048286
0.0,0.20904997
1.0,0.6461454
0.0,0.40094492
0.0,0.16314176
0.0,0.20612761
0.0,0.25967664
0.0,0.17545718
0.0,0.31414828
0.0,0.68637717
0.0,0.20345935
0.0,0.33644658
1.0,0.78516245
0.0,0.30126625
0.0,0.088374674
0.0,0.17031714
0.0,0.11678085
1.0,0.7292269
0.0,0.6108604
1.0,0.7110717
0.0,0.5216287
1.0,0.7260549
1.0,0.55913454
0.0,0.13185292
0.0,0.017516553
0.0,0.21348885
0.0,0.48169652
0.0,0.15365487
0.0,0.6040601
1.0,0.6582718
0.0,0.181561
1.0,0.58076155
0.0,0.5034246
0.0,0.13938496
0.0,0.21728998
1.0,0.5366926
0.0,0.18006712
1.0,0.75023556
0.0,0.2764287
0.0,0.40395397
0.0,0.5279218
0.0,0.007730663
0.0,0.012268037
0.0,0.18426055
1.0,0.6000227
1.0,0.7007664
0.0,0.37803435
0.0,0.7282156
0.0,0.20488182
1.0,0.6595409
0.0,0.22627628
1.0,0.40949562
0.0,0.5397473
1.0,0.69245505
1.0,0.6069416
0.0,0.3742719
0.0,0.2445828
0.0,0.1868661
1.0,0.49253768
0.0,0.47591266
0.0,0.32021445
1.0,0.7061683
1.0,0.6072844
0.0,0.3318342
0.0,0.19431838
1.0,0.63538796
0.0,0.16314155
0.0,0.17433605
0.0,0.20168886
1.0,0.58231574
0.0,0.24275458
0.0,0.347418
1.0,0.58380824
1.0,0.6256785
0.0,0.11535025
0.0,0.18878505
0.0,0.20442137
1.0,0.6953052
1.0,0.70613205
1.0,0.52740467
0.0,0.27921265
0.0,0.21378255
0.0,0.23717242
0.0,0.115469486
1.0,0.7068334
0.0,0.16854584
0.0,0.6301849
0.0,0.19076183
0.0,0.28356755
0.0,0.27910835
0.0,0.15844664
0.0,0.45454985
0.0,0.16239542
0.0,0.1872164
1.0,0.541537
1.0,0.6551317
0.0,0.47217855
0.0,0.58377934
1.0,0.3543976
0.0,0.12617001
1.0,0.6176937
0.0,0.17418554
0.0,0.21804869
1.0,0.77233136
1.0,0.7329296
0.0,0.6592721
0.0,0.23639873
1.0,0.3826937
0.0,0.3247614
0.0,0.31258708
0.0,0.7853236
0.0,0.21112007
1.0,0.7320562
1.0,0.39685416
0.0,0.47722194
0.0,0.16526246
0.0,0.15248778
1.0,0.651781
0.0,0.17386878
1.0,0.38778722
0.0,0.26624846
1.0,0.6554925
1.0,0.63373023
0.0,0.30068567
1.0,0.37365216
0.0,0.49787253
0.0,0.2331459
1.0,0.80663866
1.0,0.5977483
0.0,0.18769556
0.0,0.4318909
0.0,0.69226164
0.0,0.36392593
1.0,0.6838445
0.0,0.33633733
0.0,0.39684504
0.0,0.17326108
1.0,0.65859044
0.0,0.22058424
0.0,0.7375659
1.0,0.6406433
0.0,0.099137396
0.0,0.6615033
0.0,0.17025909
1.0,0.49979407
0.0,0.58129555
1.0,0.73383176
0.0,0.21673128
1.0,0.28956687
1.0,0.39098236
1.0,0.63689876
1.0,0.64920723
0.0,0.085983515
1.0,0.5970241
0.0,0.23155484
1.0,0.75852585
1.0,0.4863711
0.0,0.43160325
1.0,0.9343744
0.0,0.16047445
1.0,0.5781039
1.0,0.41947705
0.0,0.31581768
0.0,0.72244835
1.0,0.78314716
1.0,0.51645243
0.0,0.44649196
0.0,0.4223519
0.0,0.14530864
0.0,0.1397196
0.0,0.46305218
1.0,0.7151219
1.0,0.6687249
1.0,0.41046858
1.0,0.60086954
1.0,0.7211764
1.0,0.71885943
0.0,0.03598678
1.0,0.7204528
0.0,0.17878443
0.0,0.26536214
0.0,0.27920252
1.0,0.26082325
1.0,0.39968628
0.0,0.3155156
0.0,0.20274723
0.0,0.678381
1.0,0.6434306
1.0,0.58225024
1.0,0.70599395
0.0,0.23262203
0.0,0.6681329
0.0,0.2611213
0.0,0.50087655
0.0,0.20503393
0.0,0.18978655
1.0,0.6796029
1.0,0.7051421
0.0,0.23967195
0.0,0.3125403
0.0,0.43946153
0.0,0.4246739
0.0,0.58306265
0.0,0.25860286
0.0,0.44233072
1.0,0.29008093
0.0,0.38388523
1.0,0.6809075
0.0,0.16892654
0.0,0.653211
0.0,0.25685447
0.0,0.58391285
1.0,0.7053324
1.0,0.6022417
1.0,0.60906905
1.0,0.6620271
0.0,0.13933763
0.0,0.47038612
1.0,0.46450812
1.0,0.67353606
0.0,0.37637922
0.0,0.16211343
0.0,0.41504836
1.0,0.3232914
0.0,0.17422736
1.0,0.26086265
0.0,0.20116994
0.0,0.35212004
0.0,0.17643556
0.0,0.18562126
0.0,0.47532317
0.0,0.17843187
0.0,0.3418873
1.0,0.7389742
0.0,0.17567015
0.0,0.5758791
0.0,0.24674565
1.0,0.46909344
0.0,0.16581723
1.0,0.73263466
0.0,0.15729645
0.0,0.28001708
0.0,0.1637103
0.0,0.50139546
0.0,0.13569582
0.0,0.17578876
1.0,0.66934776
0.0,0.54498124
1.0,0.5842479
1.0,0.52737343
0.0,0.2002413
0.0,0.17625242
1.0,0.7059134
1.0,0.7937962
0.0,0.29377013
0.0,0.65684843
0.0,0.19426805
0.0,0.41569987
0.0,0.16647735
1.0,0.71177053
0.0,0.2130498
1.0,0.60553944
1.0,0.3218064
0.0,0.70397794
0.0,0.38085133
0.0,0.18926683
0.0,0.16734868
0.0,0.5158506
0.0,0.15190685
0.0,0.3027576
0.0,0.6021625
1.0,0.6476042
1.0,0.65010774
0.0,0.2171795
0.0,0.1772533
0.0,0.5963906
1.0,0.72557515
0.0,0.17729348
0.0,0.18944913
1.0,0.41985482
1.0,0.7253103
0.0,0.21480471
0.0,0.18464723
0.0,0.20898485
1.0,0.76894474
0.0,0.22204691
1.0,0.6422928
1.0,0.5955517
0.0,0.1478607
0.0,0.2967056
0.0,0.20107552
1.0,0.6318754
0.0,0.5781008
1.0,0.5711269
0.0,0.15705657
1.0,0.70822775
0.0,0.30895853
0.0,0.1613994
0.0,0.2531584
1.0,0.7473756
0.0,0.3308146
1.0,0.6983268
1.0,0.3615803
0.0,0.1666128
1.0,0.24754271
0.0,0.25634307
1.0,0.37865132
0.0,0.2613135
1.0,0.6356796
0.0,0.15458009
1.0,0.6585262
1.0,0.7336482
1.0,0.7455128
0.0,0.17933333
1.0,0.72440374
1.0,0.5959716
0.0,0.12993371
1.0,0.75123465
1.0,0.5071226
1.0,0.5371737
0.0,0.5226636
0.0,0.14324786
0.0,0.65023714
0.0,0.45911804
