0.0,0.4076705
0.0,0.6313478
1.0,0.40629202
0.0,0.29324633
1.0,0.46347025
0.0,0.24289158
1.0,0.62253386
1.0,0.91153455
1.0,0.61855716
0.0,0.2034666
0.0,0.3634194
1.0,0.70513666
0.0,0.16340476
0.0,0.222157
0.0,0.42454988
0.0,0.23362347
1.0,0.5968418
0.0,0.1787194
0.0,0.10807863
1.0,0.47646955
1.0,0.5529103
0.0,0.15835631
1.0,0.7540232
0.0,0.28198168
0.0,0.1811159
1.0,0.62603664
0.0,0.3602845
1.0,0.74359465
0.0,0.24968666
1.0,0.70249665
0.0,0.204846
0.0,0.341994
1.0,0.79764986
1.0,0.9321184
1.0,0.7222099
1.0,0.71011406
1.0,0.51791286
0.0,0.2803349
1.0,0.66138184
1.0,0.29175198
1.0,0.7601061
1.0,0.832345
0.0,0.21291617
1.0,0.837897
1.0,0.80065536
0.0,0.27359498
0.0,0.14411268
0.0,0.21170694
0.0,0.22224015
1.0,0.82635355
0.0,0.31626803
1.0,0.64519185
1.0,0.8397752
1.0,0.76134086
0.0,0.24275124
0.0,0.16366333
0.0,0.40811983
1.0,0.2958439
1.0,0.7683057
1.0,0.44876236
1.0,0.8686465
0.0,0.48638797
1.0,0.82910395
1.0,0.51441044
1.0,0.7321577
0.0,0.38847965
0.0,0.22903523
1.0,0.6861729
0.0,0.16887853
1.0,0.59309125
0.0,0.89725256
1.0,0.80993026
0.0,0.102237165
0.0,0.24296832
1.0,0.29977292
0.0,0.4450577
0.0,0.18184423
0.0,0.37962085
0.0,0.13997722
1.0,0.9115135
0.0,0.19695005
1.0,0.8829328
1.0,0.81503505
1.0,0.97148895
1.0,0.9132525
1.0,0.60468
1.0,0.7861725
0.0,0.1957064
0.0,0.26851347
1.0,0.6144452
0.0,0.19951087
1.0,0.37821603
0.0,0.23164943
0.0,0.6192919
0.0,0.5065899
1.0,0.8215744
0.0,0.25115818
0.0,0.30778557
1.0,0.5064007
1.0,0.9175786
0.0,0.17085284
0.0,0.2510717
1.0,0.17650199
0.0,0.26112399
0.0,0.3516485
1.0,0.7592799
1.0,0.15369487
0.0,0.28277332
1.0,0.22877747
1.0,0.8875532
1.0,0.76650774
0.0,0.29617107
1.0,0.15658417
0.0,0.27952224
0.0,0.21451303
1.0,0.49899012
0.0,0.3218713
1.0,0.7965015
1.0,0.4708341
1.0,0.84083414
0.0,0.29232016
1.0,0.8635022
0.0,0.56451416
0.0,0.24094474
0.0,0.40721655
1.0,0.25201255
0.0,0.1683417
0.0,0.10325667
1.0,0.7827342
1.0,0.5457883
1.0,0.89410853
0.0,0.27297282
0.0,0.24456179
1.0,0.53220665
1.0,0.9182236
0.0,0.619288
0.0,0.22600865
0.0,0.24585375
0.0,0.36951983
0.0,0.23322278
1.0,0.64638126
0.0,0.9842904
1.0,0.23187098
0.0,0.23852953
0.0,0.2742464
0.0,0.09732205
1.0,0.51061386
0.0,0.21267113
0.0,0.11814633
0.0,0.20342696
0.0,0.28122243
0.0,0.12012136
0.0,0.15142718
0.0,0.8524104
0.0,0.2819534
1.0,0.7963
0.0,0.21318665
0.0,0.18892938
1.0,0.9020053
0.0,0.18913177
0.0,0.72664535
0.0,0.28631967
0.0,0.22227064
0.0,0.35085154
1.0,0.88905454
0.0,0.39335686
1.0,0.69842935
0.0,0.3581953
0.0,0.2284404
1.0,0.67002165
0.0,0.6177492
0.0,0.578406
0.0,0.7310249
0.0,0.099938154
1.0,0.6405667
1.0,0.5509774
0.0,0.18202907
1.0,0.7062108
0.0,0.4962397
1.0,0.8853256
1.0,0.6480833
1.0,0.6547388
1.0,0.7831521
1.0,0.83304024
0.0,0.59153247
0.0,0.18736428
0.0,0.23421538
0.0,0.8847339
0.0,0.4446072
0.0,0.2275711
1.0,0.32754168
0.0,0.102366835
0.0,0.6762832
1.0,0.81987417
1.0,0.9767934
1.0,0.8628093
0.0,0.23817575
0.0,0.31127253
0.0,0.188131
1.0,0.20076442
0.0,0.17468643
0.0,0.5946643
0.0,0.28273392
0.0,0.51326406
0.0,0.28142935
1.0,0.28471664
0.0,0.19097206
1.0,0.3206836
0.0,0.12663582
0.0,0.30934748
0.0,0.20842963
1.0,0.8669591
0.0,0.35724896
0.0,0.2773022
0.0,0.23150277
0.0,0.12868491
0.0,0.81343997
0.0,0.2719482
1.0,0.738588
0.0,0.18263328
0.0,0.15751359
1.0,0.7047713
1.0,0.9281182
0.0,0.8328524
0.0,0.2531621
0.0,0.079979
0.0,0.43851975
0.0,0.2648028
0.0,0.29633093
1.0,0.7892426
0.0,0.33635455
1.0,0.60130817
0.0,0.23548162
1.0,0.6570167
1.0,0.5216814
0.0,0.22800037
0.0,0.2733997
0.0,0.22490633
1.0,0.75734615
1.0,0.71694875
1.0,0.82830435
1.0,0.52392864
0.0,0.14751455
0.0,0.6031118
1.0,0.86545587
0.0,0.6799104
0.0,0.26023883
0.0,0.17835742
0.0,0.4090329
0.0,0.13236919
0.0,0.12159115
0.0,0.8024906
1.0,0.6054023
0.0,0.17030472
0.0,0.32465145
0.0,0.55949956
1.0,0.5229997
1.0,0.8117707
0.0,0.31876642
0.0,0.2747618
0.0,0.1981416
1.0,0.81016076
0.0,0.26476955
0.0,0.12533256
0.0,0.23373663
0.0,0.14253533
1.0,0.8617575
1.0,0.52842104
1.0,0.86366034
0.0,0.22823331
1.0,0.71185666
0.0,0.13969982
0.0,0.24039039
0.0,0.62711227
1.0,0.6807397
1.0,0.58460796
0.0,0.16028565
0.0,0.1733782
1.0,0.76482606
1.0,0.43511176
0.0,0.23446083
1.0,0.45979056
1.0,0.9814724
0.0,0.5476776
0.0,0.4724055
0.0,0.15907234
0.0,0.15464431
0.0,0.5922548
0.0,0.21954176
1.0,0.89635456
0.0,0.26204705
0.0,0.22456998
1.0,0.86433256
0.0,0.13533184
1.0,0.8011958
1.0,0.27244762
1.0,0.7660803
1.0,0.75132734
1.0,0.7067604
0.0,0.29528415
1.0,0.68674386
0.0,0.6351715
1.0,0.92252403
0.0,0.5326828
0.0,0.3799987
0.0,0.31941384
0.0,0.2671031
0.0,0.25255078
1.0,0.9225055
0.0,0.7432866
1.0,0.22831991
0.0,0.64829147
1.0,0.63667244
1.0,0.93168724
0.0,0.16542637
0.0,0.12906796
0.0,0.16304478
1.0,0.7255986
1.0,0.30953598
0.0,0.14024991
0.0,0.15851009
0.0,0.16775304
0.0,0.2720822
1.0,0.76723194
1.0,0.6335093
0.0,0.23231149
0.0,0.30400622
1.0,0.5586163
1.0,0.80078495
1.0,0.5321393
0.0,0.30307636
0.0,0.9702967
0.0,0.094486535
0.0,0.47674406
1.0,0.8084643
1.0,0.6694563
0.0,0.25392073
0.0,0.47465003
0.0,0.17152229
0.0,0.62692976
0.0,0.080726385
0.0,0.45474857
1.0,0.74149424
0.0,0.3836894
0.0,0.1974918
0.0,0.21958584
0.0,0.6998002
0.0,0.5429558
0.0,0.29926085
0.0,0.13916045
1.0,0.67871076
0.0,0.20805967
1.0,0.58157915
0.0,0.12855378
0.0,0.35364068
0.0,0.43670285
0.0,0.18001589
0.0,0.67380476
1.0,0.4881708
1.0,0.66153514
0.0,0.7732785
1.0,0.5432601
0.0,0.19096819
0.0,0.23812181
0.0,0.42173988
0.0,0.721116
0.0,0.197745
0.0,0.056837678
1.0,0.5065748
0.0,0.20858276
1.0,0.83730763
0.0,0.33552867
1.0,0.3580677
0.0,0.34547353
1.0,0.26589322
1.0,0.7945979
1.0,0.86885697
0.0,0.21279007
0.0,0.2786252
1.0,0.8314316
0.0,0.19861156
0.0,0.24874538
1.0,0.4263509
1.0,0.85017425
0.0,0.43770152
1.0,0.6855755
1.0,0.85949355
0.0,0.5828149
0.0,0.1857624
0.0,0.46446845
0.0,0.21928546
0.0,0.14767975
0.0,0.38500518
1.0,0.88578475
0.0,0.39783546
1.0,0.4970265
1.0,0.44544092
0.0,0.20902473
0.0,0.326141
0.0,0.61457986
1.0,0.81578267
1.0,0.86376965
1.0,0.5142621
0.0,0.38728648
1.0,0.88965756
1.0,0.67572093
0.0,0.12699988
0.0,0.38937283
0.0,0.7563223
0.0,0.63276833
1.0,0.7622468
0.0,0.21294725
1.0,0.2064819
0.0,0.5818258
0.0,0.2889303
0.0,0.37160116
0.0,0.27349076
0.0,0.15400511
0.0,0.23682964
0.0,0.18993941
0.0,0.14949328
0.0,0.22409078
0.0,0.5480158
0.0,0.22762612
0.0,0.18613175
0.0,0.507807
0.0,0.1937379
1.0,0.6555696
0.0,0.28691542
1.0,0.81809676
0.0,0.16360587
0.0,0.19528401
0.0,0.32285315
0.0,0.7375259
0.0,0.4332165
0.0,0.28480148
0.0,0.3453265
0.0,0.15111318
0.0,0.15901703
0.0,0.1843853
0.0,0.42419675
1.0,0.7617265
0.0,0.18868095
0.0,0.17714939
0.0,0.368294
0.0,0.25524402
1.0,0.6273581
0.0,0.60685146
1.0,0.38731408
0.0,0.13481727
0.0,0.30356956
1.0,0.73215365
0.0,0.74063
1.0,0.6166934
1.0,0.551207
1.0,0.66232073
1.0,0.7787286
0.0,0.12768072
1.0,0.6105854
0.0,0.10833037
0.0,0.20204905
0.0,0.40788773
1.0,0.67883277
0.0,0.17354897
0.0,0.09494433
1.0,0.39555836
1.0,0.9858067
0.0,0.33885482
0.0,0.1401799
1.0,0.61441
0.0,0.32436836
1.0,0.6749703
0.0,0.32448322
0.0,0.28956926
1.0,0.68380857
0.0,0.6715665
0.0,0.05567026
1.0,0.31682807
0.0,0.22354144
1.0,0.9355984
0.0,0.2108005
1.0,0.49793002
1.0,0.5513003
1.0,0.638227
1.0,0.90516055
0.0,0.335796
0.0,0.2863376
1.0,0.5621603
0.0,0.10917553
0.0,0.5850321
1.0,0.57345647
1.0,0.56398904
1.0,0.80998874
0.0,0.18113106
1.0,0.8358302
1.0,0.6885267
0.0,0.132857
1.0,0.8971478
0.0,0.2935055
1.0,0.5541946
1.0,0.7054848
0.0,0.5515799
0.0,0.739311
1.0,0.5689825
0.0,0.98360586
1.0,0.78706527
0.0,0.6066513
0.0,0.19136551
0.0,0.6222497
1.0,0.92614686
0.0,0.114001065
0.0,0.13846558
0.0,0.6996335
1.0,0.50079286
0.0,0.32462227
0.0,0.20031506
0.0,0.28743333
0.0,0.74280274
1.0,0.68174773
1.0,0.81150484
0.0,0.29726943
0.0,0.7333335
0.0,0.39579165
0.0,0.537403
0.0,0.30799246
1.0,0.7561104
0.0,0.27614963
1.0,0.7581332
0.0,0.55694616
0.0,0.26593345
1.0,0.61432624
0.0,0.2556806
0.0,0.4900422
0.0,0.18219572
0.0,0.23085317
0.0,0.1886527
0.0,0.18960878
0.0,0.15721864
0.0,0.30442542
1.0,0.7929687
1.0,0.8243015
0.0,0.18222761
0.0,0.23799232
1.0,0.9160366
0.0,0.20374411
1.0,0.8074787
0.0,0.5328078
0.0,0.13624942
1.0,0.6710609
0.0,0.41546583
1.0,0.73894536
0.0,0.44767642
1.0,0.43276
0.0,0.17454278
0.0,0.26689252
0.0,0.58060545
1.0,0.89702785
0.0,0.15813863
0.0,0.32590222
0.0,0.22050649
0.0,0.8471941
1.0,0.43503606
0.0,0.18912184
0.0,0.13551623
1.0,0.8267722
1.0,0.33271462
0.0,0.38483274
1.0,0.86218
0.0,0.11205408
0.0,0.31478268
1.0,0.7888052
1.0,0.8614673
0.0,0.22930679
1.0,0.7630859
1.0,0.79431874
0.0,0.26665625
0.0,0.13789749
0.0,0.30146077
1.0,0.19729409
0.0,0.15721616
0.0,0.23466113
0.0,0.17764792
1.0,0.93842447
1.0,0.67038673
0.0,0.22693765
1.0,0.19621164
1.0,0.21513504
0.0,0.34997496
1.0,0.6200736
0.0,0.62094903
1.0,0.6880283
0.0,0.3662824
1.0,0.6842929
0.0,0.11739287
0.0,0.23379523
1.0,0.5819243
0.0,0.21160999
1.0,0.7730706
0.0,0.22472629
0.0,0.1576297
0.0,0.1771647
1.0,0.72280145
0.0,0.31727928
1.0,0.6367314
0.0,0.16672668
1.0,0.8100519
1.0,0.75113446
0.0,0.1601035
1.0,0.71377903
1.0,0.8810321
1.0,0.7037516
1.0,0.72673005
0.0,0.41695628
0.0,0.19438243
0.0,0.68944997
1.0,0.73875755
1.0,0.5641532
0.0,0.098706484
0.0,0.23294479
0.0,0.33367902
1.0,0.7735421
0.0,0.53902173
1.0,0.23115733
1.0,0.96299076
0.0,0.2277537
0.0,0.14552227
1.0,0.78944004
0.0,0.68766624
1.0,0.81795675
0.0,0.50335604
0.0,0.15518254
0.0,0.19506824
1.0,0.50440294
0.0,0.2655167
1.0,0.73339033
0.0,0.18441626
1.0,0.56712145
0.0,0.51667666
0.0,0.37120336
1.0,0.3176003
1.0,0.5360614
1.0,0.6621226
1.0,0.6944467
0.0,0.28473333
0.0,0.14666358
0.0,0.6379072
0.0,0.096669585
1.0,0.6969038
1.0,0.6528318
0.0,0.18504328
0.0,0.19106004
0.0,0.14626458
1.0,0.7944964
0.0,0.1608932
0.0,0.13858145
0.0,0.32792372
0.0,0.66904855
0.0,0.24462229
0.0,0.44122383
1.0,0.6689805
0.0,0.62285674
1.0,0.36015353
0.0,0.39862338
0.0,0.5921032
1.0,0.59810156
1.0,0.601043
1.0,0.7743861
0.0,0.26378694
0.0,0.25753897
1.0,0.454784
0.0,0.20315853
0.0,0.17280728
0.0,0.44596297
1.0,0.76592505
0.0,0.22659048
0.0,0.2725314
1.0,0.8495846
0.0,0.2376461
1.0,0.9336492
1.0,0.79063284
1.0,0.8254408
0.0,0.13559589
1.0,0.8947488
1.0,0.7434539
0.0,0.36406237
1.0,0.37694663
0.0,0.19552383
0.0,0.43642575
0.0,0.20561898
0.0,0.19789004
1.0,0.7373754
1.0,0.77679247
1.0,0.9149077
1.0,0.7956922
1.0,0.7422364
0.0,0.6786947
0.0,0.71977377
1.0,0.87640357
0.0,0.18020546
1.0,0.67324144
1.0,0.90875316
0.0,0.27899906
1.0,0.45717496
1.0,0.3986912
0.0,0.17990881
0.0,0.24139974
0.0,0.14276788
0.0,0.1472325
1.0,0.56315327
1.0,0.8430789
0.0,0.16615316
0.0,0.2097756
1.0,0.22016144
1.0,0.70521617
1.0,0.40647468
0.0,0.27499568
1.0,0.714554
1.0,0.57964057
0.0,0.15843138
0.0,0.24346375
1.0,0.46674126
1.0,0.91563267
0.0,0.5062692
1.0,0.5101781
0.0,0.2517073
0.0,0.40849942
1.0,0.85231316
0.0,0.44637194
1.0,0.7860497
0.0,0.54154974
0.0,0.23540595
0.0,0.17560154
1.0,0.77661955
1.0,0.39695972
0.0,0.21379903
0.0,0.12159562
1.0,0.6967541
0.0,0.35547215
1.0,0.867604
1.0,0.60222393
1.0,0.6496316
0.0,0.21310443
0.0,0.6538764
0.0,0.4009872
0.0,0.16594008
0.0,0.123117656
1.0,0.8356792
0.0,0.59575516
0.0,0.14096361
1.0,0.77082634
0.0,0.25684503
1.0,0.30805925
1.0,0.6163639
0.0,0.248887
0.0,0.35319534
0.0,0.7327265
0.0,0.15566233
0.0,0.17633188
0.0,0.1281229
0.0,0.2126281
0.0,0.62956786
1.0,0.4853646
1.0,0.9082272
0.0,0.100823075
0.0,0.63169175
0.0,0.20261565
0.0,0.28234053
0.0,0.23364213
1.0,0.4599659
0.0,0.23056155
0.0,0.056989253
1.0,0.9651563
1.0,0.51382667
0.0,0.2054176
0.0,0.7638205
0.0,0.12526476
0.0,0.23910347
0.0,0.14996272
0.0,0.22406557
1.0,0.7656107
1.0,0.7791756
1.0,0.7409445
0.0,0.19030154
1.0,0.9897262
1.0,0.9043963
0.0,0.50831723
0.0,0.09302309
1.0,0.43159726
1.0,0.43935958
1.0,0.53575766
1.0,0.8022568
1.0,0.6506319
0.0,0.3853278
0.0,0.044092774
1.0,0.44321597
0.0,0.12684518
1.0,0.7655135
0.0,0.1732952
1.0,0.58738494
0.0,0.23121956
0.0,0.5719474
0.0,0.20719767
0.0,0.25009322
0.0,0.5086037
0.0,0.16749
0.0,0.14369702
0.0,0.4303319
0.0,0.7192896
0.0,0.17103669
0.0,0.15468127
1.0,0.78426933
1.0,0.595038
1.0,0.75602174
0.0,0.7401985
0.0,0.44136354
0.0,0.9954088
0.0,0.15632325
1.0,0.73342603
1.0,0.4364228
1.0,0.69024336
1.0,0.8764787
0.0,0.718521
0.0,0.18329462
0.0,0.11967161
1.0,0.55782783
0.0,0.19494987
1.0,0.10264906
1.0,0.8171799
0.0,0.25213897
0.0,0.1445454
0.0,0.22436324
0.0,0.32682127
1.0,0.7564186
1.0,0.6807487
0.0,0.20894927
1.0,0.7353263
1.0,0.7110106
0.0,0.3372992
0.0,0.30384523
1.0,0.7588438
0.0,0.1645436
0.0,0.21858406
0.0,0.1743913
0.0,0.41747084
0.0,0.18513602
1.0,0.46260768
0.0,0.92722785
0.0,0.6826478
1.0,0.8590746
1.0,0.8442798
0.0,0.88064516
0.0,0.77505606
1.0,0.058993697
0.0,0.32435408
0.0,0.09006512
1.0,0.6247889
0.0,0.20877072
0.0,0.29470825
0.0,0.22004974
1.0,0.6544125
0.0,0.43924698
1.0,0.6887276
1.0,0.6311953
1.0,0.94799626
0.0,0.20359984
1.0,0.695383
0.0,0.2731366
1.0,0.82264286
0.0,0.30548817
1.0,0.8062855
0.0,0.23668826
0.0,0.1657041
1.0,0.82064503
0.0,0.16848904
0.0,0.16632652
1.0,0.56328326
1.0,0.6999004
1.0,0.41061288
1.0,0.54012316
1.0,0.5946563
1.0,0.8611287
1.0,0.72176737
0.0,0.19649988
1.0,0.5363289
1.0,0.6986359
0.0,0.23087001
0.0,0.16196573
0.0,0.13982937
1.0,0.23677555
0.0,0.24270263
0.0,0.24419093
0.0,0.35521212
1.0,0.8077576
0.0,0.18283308
0.0,0.4569745
1.0,0.6177877
1.0,0.6967838
1.0,0.87406456
1.0,0.38699132
0.0,0.8486748
0.0,0.16285026
0.0,0.17671838
0.0,0.12778664
0.0,0.14872986
0.0,0.38957924
0.0,0.19887811
1.0,0.40574273
1.0,0.80797803
0.0,0.18079048
1.0,0.7199112
0.0,0.22437873
0.0,0.18076566
1.0,0.7448015
0.0,0.19381502
0.0,0.07082316
0.0,0.10629451
0.0,0.6677338
0.0,0.16319725
0.0,0.17519814
0.0,0.82236606
1.0,0.8871918
0.0,0.13227627
0.0,0.5663686
1.0,0.7744835
0.0,0.16859844
1.0,0.6533117
0.0,0.18039647
0.0,0.13315868
0.0,0.19794771
0.0,0.41486955
0.0,0.11761722
0.0,0.15388149
0.0,0.19151291
0.0,0.29078755
0.0,0.3532052
1.0,0.5829531
0.0,0.3180775
1.0,0.8101516
0.0,0.64537853
1.0,0.14884833
0.0,0.27668887
0.0,0.15755829
0.0,0.40999776
1.0,0.7964448
1.0,0.391694
1.0,0.3368236
0.0,0.2207137
0.0,0.40004104
1.0,0.8102498
0.0,0.27800435
0.0,0.26378152
1.0,0.6773453
0.0,0.2935689
1.0,0.84107363
1.0,0.63344824
0.0,0.2242212
1.0,0.6778804
0.0,0.34666845
1.0,0.4713926
0.0,0.5695127
1.0,0.9474837
0.0,0.09822506
0.0,0.74745584
0.0,0.30133486
0.0,0.42531627
0.0,0.1472151
0.0,0.25502086
0.0,0.22200826
1.0,0.7741512
0.0,0.21421975
0.0,0.09071043
0.0,0.08270913
0.0,0.35375407
0.0,0.40025574
1.0,0.62282103
0.0,0.49203828
0.0,0.2942531
1.0,0.5226766
0.0,0.41469067
1.0,0.57406557
0.0,0.80947214
1.0,0.54965484
1.0,0.83665776
0.0,0.12638333
1.0,0.92661965
0.0,0.37455517
0.0,0.2850492
0.0,0.24134168
0.0,0.33091557
1.0,0.52040195
1.0,0.84357405
0.0,0.2597037
0.0,0.35590103
1.0,0.8756199
0.0,0.5314504
1.0,0.54411453
1.0,0.36915514
1.0,0.645073
0.0,0.26020348
1.0,0.6257803
0.0,0.38441607
1.0,0.7914669
1.0,0.49609813
0.0,0.35572246
0.0,0.658461
0.0,0.14201728
0.0,0.42935953
1.0,0.8094844
1.0,0.6441029
1.0,0.7673975
0.0,0.26855186
0.0,0.12191078
1.0,0.83519757
0.0,0.72662914
0.0,0.06425637
0.0,0.20370382
1.0,0.574953
0.0,0.35625333
0.0,0.23720908
0.0,0.20349696
0.0,0.22467121
1.0,0.623513
1.0,0.7385245
0.0,0.45489645
0.0,0.28329277
0.0,0.1925601
1.0,0.94837224
0.0,0.25245067
0.0,0.70777756
1.0,0.7764783
0.0,0.12156674
0.0,0.5785261
1.0,0.7776332
0.0,0.31578404
1.0,0.42703447
1.0,0.4103052
0.0,0.16828892
0.0,0.21113458
0.0,0.10334715
0.0,0.13821009
1.0,0.8529365
1.0,0.95846856
1.0,0.8788018
1.0,0.6227257
0.0,0.692675
0.0,0.31699693
1.0,0.7291553
1.0,0.71729505
0.0,0.21251798
0.0,0.22902846
1.0,0.49602586
0.0,0.1543912
1.0,0.79978186
0.0,0.14210439
0.0,0.4392675
1.0,0.7806505
0.0,0.34199017
0.0,0.16485202
0.0,0.27810782
0.0,0.25914943
0.0,0.5715521
1.0,0.36195815
0.0,0.34595004
1.0,0.86528844
0.0,0.32874805
1.0,0.5261833
0.0,0.39002535
1.0,0.6469973
1.0,0.89119434
1.0,0.94045514
0.0,0.65748835
0.0,0.17959192
1.0,0.24458313
0.0,0.28538036
0.0,0.30197662
1.0,0.6482839
1.0,0.54927486
0.0,0.3337137
1.0,0.8558477
1.0,0.8675992
0.0,0.7533635
0.0,0.16409889
0.0,0.99047273
0.0,0.141462
0.0,0.100868195
0.0,0.6432254
1.0,0.7912884
1.0,0.878608
1.0,0.82576895
0.0,0.06825903
0.0,0.14529046
0.0,0.23102808
0.0,0.2602116
0.0,0.17957732
0.0,0.16073242
1.0,0.6362325
1.0,0.7374054
1.0,0.7899145
0.0,0.3417974
0.0,0.21717781
1.0,0.78993154
0.0,0.50379485
0.0,0.6867465
1.0,0.854337
0.0,0.5620906
0.0,0.48897192
1.0,0.44756663
0.0,0.29258025
1.0,0.47864008
1.0,0.78656805
0.0,0.7345608
0.0,0.20525393
1.0,0.930395
0.0,0.12659708
0.0,0.50923175
1.0,0.49985605
1.0,0.6649848
1.0,0.5960195
1.0,0.7914772
0.0,0.65511
0.0,0.9593725
0.0,0.15142664
1.0,0.57595074
0.0,0.8896357
1.0,0.89616495
0.0,0.58735764
1.0,0.7835036
1.0,0.44037327
0.0,0.37767234
0.0,0.29289997
0.0,0.08671427
0.0,0.49611312
0.0,0.26268595
0.0,0.21455103
1.0,0.6670417
1.0,0.59949565
0.0,0.5522008
1.0,0.7201538
1.0,0.33742535
0.0,0.07034096
0.0,0.3931449
1.0,0.4846973
1.0,0.30933672
0.0,0.22618517
0.0,0.3525262
0.0,0.17666471
0.0,0.19701147
1.0,0.61726636
1.0,0.779917
0.0,0.2818349
0.0,0.14181906
0.0,0.30032414
0.0,0.41402805
0.0,0.20731655
0.0,0.28102946
0.0,0.7121717
0.0,0.7354238
0.0,0.21356738
0.0,0.28247762
0.0,0.28562853
1.0,0.86527485
1.0,0.70794004
0.0,0.073298186
0.0,0.26219973
0.0,0.08207783
0.0,0.15408069
0.0,0.5401386
0.0,0.3618405
0.0,0.16993201
0.0,0.69443274
1.0,0.8059437
1.0,0.84594774
1.0,0.66268194
1.0,0.8005365
1.0,0.91484463
0.0,0.6252428
0.0,0.22745845
0.0,0.34657437
0.0,0.29990602
1.0,0.46197963
0.0,0.19396257
1.0,0.8236164
0.0,0.2435019
0.0,0.7079581
0.0,0.64114463
0.0,0.30994183
0.0,0.3218766
0.0,0.5013329
0.0,0.3379097
0.0,0.18673563
1.0,0.6365465
1.0,0.7084937
0.0,0.32851306
0.0,0.48449185
0.0,0.1681352
0.0,0.19651046
1.0,0.8825059
0.0,0.18494752
1.0,0.32782084
0.0,0.23521191
1.0,0.5063724
0.0,0.14767599
0.0,0.4526569
1.0,0.8099222
0.0,0.13493422
1.0,0.8118472
0.0,0.32095262
0.0,0.4257322
0.0,0.5221481
0.0,0.1762959
0.0,0.18598193
1.0,0.78905106
1.0,0.87187266
0.0,0.43455693
0.0,0.20281374
0.0,0.18336287
0.0,0.19641304
1.0,0.56342274
0.0,0.59838575
1.0,0.4104091
1.0,0.6755239
0.0,0.49594656
0.0,0.20599341
0.0,0.34644157
0.0,0.18639535
0.0,0.2288985
0.0,0.13097921
0.0,0.20312932
0.0,0.3686486
0.0,0.40922394
1.0,0.8055575
0.0,0.8216804
0.0,0.18396336
1.0,0.7240465
0.0,0.2530768
0.0,0.3592176
0.0,0.14581752
0.0,0.17530811
1.0,0.27575052
1.0,0.80229425
1.0,0.722782
0.0,0.22162828
0.0,0.23154166
0.0,0.25515527
0.0,0.6952072
0.0,0.48109937
0.0,0.5880344
1.0,0.9077723
1.0,0.91178894
1.0,0.628324
0.0,0.27613103
1.0,0.88099754
1.0,0.56280446
0.0,0.22042027
1.0,0.7389683
0.0,0.23659834
0.0,0.23449993
0.0,0.5969337
1.0,0.8413254
1.0,0.6862767
1.0,0.71108764
0.0,0.7423529
0.0,0.50148976
0.0,0.18619508
1.0,0.9301363
1.0,0.8671939
1.0,0.7552504
1.0,0.45085558
0.0,0.1877273
0.0,0.15094724
0.0,0.18297741
0.0,0.4836562
1.0,0.7833761
0.0,0.2116969
0.0,0.3599989
0.0,0.41187572
1.0,0.6198373
0.0,0.45980552
0.0,0.3066535
0.0,0.98905367
0.0,0.7422142
0.0,0.19606775
0.0,0.28019387
0.0,0.1698677
0.0,0.22535089
0.0,0.21405965
1.0,0.91326493
1.0,0.3732882
0.0,0.623071
0.0,0.8722625
0.0,0.31611484
1.0,0.79335463
0.0,0.18105459
0.0,0.15577477
0.0,0.4011299
0.0,0.10495499
1.0,0.77952313
0.0,0.19063318
0.0,0.16253543
1.0,0.6143975
1.0,0.5522878
1.0,0.80242753
0.0,0.039671093
0.0,0.28514537
1.0,0.73177266
1.0,0.81093824
1.0,0.8817421
0.0,0.7695769
0.0,0.30393583
0.0,0.1141659
1.0,0.21655282
1.0,0.7789953
0.0,0.22258887
0.0,0.600415
1.0,0.042821825
1.0,0.87467474
0.0,0.21466848
1.0,0.7307617
1.0,0.5716051
0.0,0.3489195
1.0,0.36052915
0.0,0.20564538
0.0,0.1299156
0.0,0.53916925
0.0,0.24589846
1.0,0.64577585
0.0,0.34889212
1.0,0.76305103
1.0,0.73526424
1.0,0.5664907
0.0,0.13874516
0.0,0.62448066
1.0,0.5674752
0.0,0.14163229
1.0,0.5094306
1.0,0.7535545
0.0,0.7213361
0.0,0.45655948
1.0,0.4476461
1.0,0.95527935
0.0,0.1682274
1.0,0.5672063
1.0,0.7066383
1.0,0.779785
1.0,0.8252193
1.0,0.668423
1.0,0.89035475
0.0,0.21002215
0.0,0.45556015
0.0,0.28316224
1.0,0.83863187
1.0,0.029575795
0.0,0.3195607
0.0,0.46701244
1.0,0.69016945
0.0,0.1449931
1.0,0.8985014
0.0,0.53113526
1.0,0.48442185
1.0,0.79252076
0.0,0.4332738
1.0,0.39735854
0.0,0.37749738
1.0,0.9092859
1.0,0.71060807
1.0,0.28382713
0.0,0.22829911
0.0,0.2966371
1.0,0.7983166
0.0,0.24876425
1.0,0.82998896
0.0,0.16804251
0.0,0.62923473
0.0,0.32600096
0.0,0.37847197
0.0,0.16398144
0.0,0.9547303
0.0,0.45258656
1.0,0.5097818
1.0,0.4090927
0.0,0.23239654
1.0,0.9245626
1.0,0.65523654
0.0,0.8047538
0.0,0.70382124
0.0,0.58844817
0.0,0.19417375
0.0,0.22112963
0.0,0.299865
1.0,0.49009973
1.0,0.87368107
0.0,0.21369186
0.0,0.21174046
0.0,0.27618527
0.0,0.7645489
0.0,0.40031534
1.0,0.89432395
0.0,0.41242447
0.0,0.19576055
1.0,0.55944914
1.0,0.77104867
0.0,0.5324564
0.0,0.0004172027
0.0,0.20360479
1.0,0.6769963
1.0,0.81359136
0.0,0.2820612
0.0,0.31984204
0.0,0.16755429
0.0,0.2097277
0.0,0.13896105
1.0,0.8252566
1.0,0.6949694
1.0,0.42112228
0.0,0.058782786
1.0,0.44093794
0.0,0.3873082
1.0,0.91227365
1.0,0.47864434
0.0,0.21802834
0.0,0.1503093
0.0,0.06296229
0.0,0.3953567
0.0,0.5529814
1.0,0.9222268
0.0,0.21065056
0.0,0.48048553
0.0,0.21808466
0.0,0.14716992
0.0,0.3065909
0.0,0.2879264
0.0,0.31794414
1.0,0.57560235
1.0,0.7685327
0.0,0.099410206
0.0,0.65575945
0.0,0.46151587
0.0,0.16796997
1.0,0.82227623
0.0,0.21511781
0.0,0.3407582
1.0,0.6416
0.0,0.5776795
0.0,0.16947407
0.0,0.20349604
0.0,0.18076515
1.0,0.8687519
1.0,0.8498639
0.0,0.21123189
1.0,0.41399884
1.0,0.84365577
1.0,0.82381797
0.0,0.30948085
0.0,0.3352446
1.0,0.5915175
1.0,0.864711
0.0,0.17714897
1.0,0.907851
0.0,0.13982397
1.0,0.7765039
1.0,0.8580756
1.0,0.62039715
0.0,0.24054301
1.0,0.56288236
1.0,0.98817134
0.0,0.24117035
0.0,0.27122188
0.0,0.8489429
0.0,0.3582567
0.0,0.21005619
0.0,0.16971663
1.0,0.919603
0.0,0.5734891
0.0,0.29262513
0.0,0.47403035
0.0,0.1495642
0.0,0.25371605
0.0,0.47823265
1.0,0.7582667
0.0,0.2206983
0.0,0.29996163
0.0,0.49191508
1.0,0.73741335
1.0,0.76109236
1.0,0.75856733
1.0,0.77045035
0.0,0.2261382
0.0,0.2071206
0.0,0.2846386
0.0,0.16818899
0.0,0.5825262
0.0,0.21215338
1.0,0.7455975
0.0,0.726658
1.0,0.32611066
1.0,0.39835593
1.0,0.5798164
0.0,0.21275091
0.0,0.18243283
0.0,0.1573419
0.0,0.14874107
1.0,0.68889654
1.0,0.68822676
1.0,0.43131942
1.0,0.7648855
1.0,0.8081565
0.0,0.21285751
0.0,0.16857871
0.0,0.35866708
0.0,0.2343077
1.0,0.80113924
0.0,0.19039297
0.0,0.56869847
1.0,0.8656741
1.0,0.49030542
0.0,0.20280072
0.0,0.14181042
0.0,0.4634142
0.0,0.29585373
1.0,0.5139031
0.0,0.6062548
0.0,0.5145616
1.0,0.92430687
0.0,0.23006052
1.0,0.8235624
1.0,0.7671799
0.0,0.14960301
0.0,0.60307723
0.0,0.238312
0.0,0.22516257
1.0,0.8753387
0.0,0.2416138
0.0,0.27273044
0.0,0.7005389
0.0,0.41001326
1.0,0.7982099
1.0,0.43470886
1.0,0.56128764
1.0,0.73881453
0.0,0.31770205
0.0,0.24946833
1.0,0.70978594
0.0,0.14872837
1.0,0.4941542
0.0,0.15067142
1.0,0.47672313
1.0,0.8608717
0.0,0.38451356
0.0,0.31328958
0.0,0.5110365
0.0,0.18866345
0.0,0.20340335
0.0,0.18563816
1.0,0.7058904
0.0,0.24451554
0.0,0.2500832
0.0,0.41600627
0.0,0.23165104
0.0,0.26154882
0.0,0.10285044
0.0,0.2979914
0.0,0.16581625
0.0,0.1715954
0.0,0.18626139
0.0,0.28938937
0.0,0.2263726
1.0,0.42145088
0.0,0.07596552
1.0,0.78990304
0.0,0.13775748
0.0,0.18372834
1.0,0.6457626
0.0,0.16297162
1.0,0.8685907
0.0,0.42508295
1.0,0.7008598
0.0,0.5115872
0.0,0.31137395
1.0,0.7365489
1.0,0.5744505
0.0,0.20197588
0.0,0.23423913
0.0,0.059221357
0.0,0.13347113
0.0,0.07671139
0.0,0.6111201
1.0,0.73817766
1.0,0.65293336
0.0,0.3854492
0.0,0.2353197
1.0,0.24838051
1.0,0.7590021
1.0,0.529405
0.0,0.13992387
1.0,0.256656
0.0,0.3111414
1.0,0.44357795
0.0,0.08472884
1.0,0.4907365
0.0,0.20208287
0.0,0.3433336
0.0,0.50436276
0.0,0.6977105
1.0,0.74850285
0.0,0.26980782
0.0,0.2247786
1.0,0.88394934
0.0,0.10994291
0.0,0.6725801
0.0,0.61154217
1.0,0.9081938
0.0,0.35522664
0.0,0.20738679
0.0,0.88408834
1.0,0.5912781
0.0,0.14631492
0.0,0.59841853
0.0,0.10323897
1.0,0.37479335
0.0,0.08561027
1.0,0.8886331
0.0,0.46071923
1.0,0.56710416
1.0,0.8556114
0.0,0.65574163
1.0,0.8331632
1.0,0.8309379
0.0,0.17298386
0.0,0.69282436
0.0,0.1619044
1.0,0.90419424
0.0,0.33710846
1.0,0.72778565
1.0,0.5015552
0.0,0.14214781
1.0,0.6946829
0.0,0.39463803
1.0,0.60215676
0.0,0.5304676
1.0,0.6543822
0.0,0.58717215
1.0,0.14827573
0.0,0.28810704
0.0,0.18698883
0.0,0.1180374
0.0,0.116048634
0.0,0.12335473
0.0,0.1310328
0.0,0.07300234
0.0,0.33252308
0.0,0.260585
0.0,0.47265065
0.0,0.8831388
0.0,0.22325614
1.0,0.7371649
1.0,0.42958465
0.0,0.62055475
1.0,0.27511454
0.0,0.21786433
0.0,0.6024243
0.0,0.70830405
0.0,0.29326004
0.0,0.17365623
0.0,0.30716282
1.0,0.73634136
0.0,0.14731735
0.0,0.23008958
1.0,0.24854034
0.0,0.11620414
1.0,0.8814373
0.0,0.24164858
0.0,0.0003966093
1.0,0.52420723
0.0,0.22698927
1.0,0.6864031
0.0,0.15829632
0.0,0.12435022
0.0,0.17902932
1.0,0.85884684
0.0,0.33281663
1.0,0.798587
1.0,0.71086407
0.0,0.90964985
0.0,0.14615497
1.0,0.26613986
0.0,0.34003952
0.0,0.3491822
0.0,0.70737875
0.0,0.13150239
0.0,0.62216246
0.0,0.6540021
1.0,0.28135967
0.0,0.21834847
1.0,0.87590706
0.0,0.14859381
0.0,0.12533808
0.0,0.16435948
1.0,0.38807577
1.0,0.77446127
0.0,0.94310474
0.0,0.52862877
0.0,0.11875385
0.0,0.26353598
0.0,0.39863688
0.0,0.12987277
0.0,0.10560936
1.0,0.34337285
1.0,0.6910939
0.0,0.20611885
0.0,0.9042597
1.0,0.8074455
0.0,0.1117478
1.0,0.7105811
0.0,0.16615242
0.0,0.19949362
1.0,0.8626663
0.0,0.9133943
1.0,0.72638685
1.0,0.8169671
1.0,0.8320364
0.0,0.4824397
0.0,0.29472888
0.0,0.64030135
1.0,0.8336038
0.0,0.39350963
1.0,0.7662264
0.0,0.25582373
0.0,0.17292902
0.0,0.7821114
1.0,0.6546143
0.0,0.24761361
0.0,0.26280826
0.0,0.4266243
1.0,0.34389693
1.0,0.94745755
0.0,0.2062563
0.0,0.12144908
1.0,0.7507602
1.0,0.76359415
1.0,0.60946894
1.0,0.41469812
0.0,0.17263597
1.0,0.6168026
0.0,0.26940262
0.0,0.24637228
0.0,0.131607
1.0,0.70787823
0.0,0.27987188
0.0,0.22319588
0.0,0.15153822
1.0,0.5948552
0.0,0.2896347
1.0,0.732424
1.0,0.9139949
0.0,0.2512885
1.0,0.85533
0.0,0.2725566
1.0,0.62844026
0.0,0.5932975
0.0,0.21175244
0.0,0.27673176
0.0,0.22480518
1.0,0.810766
0.0,0.37368792
0.0,0.3298102
0.0,0.5484891
1.0,0.9268061
1.0,0.8251085
0.0,0.18242052
1.0,0.7822789
1.0,0.8954606
1.0,0.9489302
1.0,0.41577965
0.0,0.5793899
1.0,0.800027
0.0,0.3051803
0.0,0.40963376
1.0,0.48465198
0.0,0.30390355
0.0,0.23170492
0.0,0.38164812
1.0,0.671397
0.0,0.46838397
0.0,0.30378598
1.0,0.8159852
0.0,0.19465894
1.0,0.5838789
0.0,0.15703818
0.0,0.53540635
1.0,0.73552644
1.0,0.8778063
0.0,0.08255008
1.0,0.75149965
1.0,0.84822685
0.0,0.6077084
0.0,0.50906587
1.0,0.2806759
0.0,0.55022955
1.0,0.93254614
0.0,0.1531226
0.0,0.2988998
1.0,0.44129723
1.0,0.5895236
0.0,0.18649948
1.0,0.5466741
0.0,0.25422484
0.0,0.21703288
1.0,0.8208072
0.0,0.3679893
0.0,0.47467104
0.0,0.29785758
1.0,0.6485884
0.0,0.1418646
0.0,0.18388978
1.0,0.63065094
1.0,0.7191557
0.0,0.26927626
0.0,0.388683
0.0,0.22285438
1.0,0.48734757
0.0,0.6293498
0.0,0.22221208
0.0,0.33565563
0.0,0.1960294
0.0,0.22225389
1.0,0.30640596
0.0,0.3035127
0.0,0.1215713
0.0,0.3012483
1.0,0.8410081
1.0,0.7169634
1.0,0.61035115
0.0,0.75784266
0.0,0.15031904
0.0,0.8581314
1.0,0.90964526
0.0,0.29753786
1.0,0.80673116
0.0,0.2341843
1.0,0.8089734
0.0,0.35036212
1.0,0.84332883
0.0,0.5077031
1.0,0.6530516
0.0,0.462877
0.0,0.40903795
1.0,0.73474205
1.0,0.86511606
1.0,0.7593633
0.0,0.3886865
1.0,0.7969943
1.0,0.49228224
1.0,0.32487884
0.0,0.14134988
1.0,0.20046976
0.0,0.24272802
0.0,0.6765441
1.0,0.5171954
0.0,0.44750825
0.0,0.15302452
0.0,0.28988054
0.0,0.2941737
0.0,0.49684575
1.0,0.77734196
1.0,0.8138079
0.0,0.36090058
0.0,0.5891198
0.0,0.16134906
1.0,0.93490696
0.0,0.4680257
0.0,0.27933896
0.0,0.21034798
0.0,0.15089285
0.0,0.2893123
0.0,0.70641124
1.0,0.89380455
1.0,0.9405842
1.0,0.97635293
0.0,0.45077652
0.0,0.19024867
0.0,0.12760034
0.0,0.2863563
0.0,0.25247246
1.0,0.6504475
0.0,0.19349125
0.0,0.3872447
1.0,0.8201565
0.0,0.26285487
1.0,0.368653
1.0,0.5902879
0.0,0.35788682
0.0,0.14387292
0.0,0.31762767
1.0,0.5100323
0.0,0.35314518
0.0,0.2798133
1.0,0.7692523
1.0,0.9841493
0.0,0.18127763
0.0,0.32188755
0.0,0.5999844
0.0,0.18815768
0.0,0.5239025
1.0,0.57301617
1.0,0.84741926
0.0,0.23573774
0.0,0.11848211
0.0,0.5866344
0.0,0.28170994
1.0,0.79791737
0.0,0.37067458
1.0,0.70493186
0.0,0.1845349
1.0,0.928676
0.0,0.12724835
1.0,0.80645204
1.0,0.5840498
0.0,0.2005313
0.0,0.33339095
0.0,0.13149726
0.0,0.43703175
1.0,0.5787382
1.0,0.18467447
1.0,0.41101885
1.0,0.3568809
1.0,0.6893196
0.0,0.047485054
1.0,0.5541083
1.0,0.53600496
0.0,0.24031612
0.0,0.26765049
0.0,0.19447154
1.0,0.6488937
1.0,0.91596925
0.0,0.88302934
0.0,0.16150337
1.0,0.66437685
0.0,0.1633077
0.0,0.27426398
1.0,0.8488674
0.0,0.60131294
0.0,0.29037306
1.0,0.46635318
1.0,0.73453414
0.0,0.19661555
0.0,0.18342724
0.0,0.44662765
1.0,0.7533145
1.0,0.8464883
0.0,0.7769201
0.0,0.4090463
1.0,0.7883018
1.0,0.061304837
0.0,0.15108216
0.0,0.3032967
0.0,0.23547435
1.0,0.21258065
1.0,0.5702836
0.0,0.2531234
0.0,0.24819154
1.0,0.7659356
0.0,0.22852626
0.0,0.33636397
0.0,0.262043
0.0,0.66127384
1.0,0.5457492
0.0,0.66961044
0.0,0.32561588
0.0,0.67477643
0.0,0.3608812
0.0,0.47368565
1.0,0.7705679
1.0,0.6861216
0.0,0.3468573
1.0,0.9097979
0.0,0.31646103
1.0,0.90370715
1.0,0.14550626
1.0,0.8628692
0.0,0.15676057
0.0,0.6925738
0.0,0.21430695
1.0,0.9338913
0.0,0.18889302
1.0,0.7688218
0.0,0.36722958
0.0,0.1865856
1.0,0.4924283
1.0,0.9397968
0.0,0.105849445
1.0,0.5446341
0.0,0.29711765
1.0,0.78101194
0.0,0.15879303
1.0,0.68897426
1.0,0.34564933
0.0,0.28357917
0.0,0.2921208
0.0,0.18506867
0.0,0.14889207
0.0,0.23329547
0.0,0.6915406
0.0,0.2296634
0.0,0.17382973
0.0,0.7453803
0.0,0.2241382
1.0,0.7428519
0.0,0.44872725
0.0,0.09186503
1.0,0.931317
0.0,0.25033614
1.0,0.92659175
0.0,0.14929175
1.0,0.89048177
0.0,0.17246091
0.0,0.15564713
1.0,0.93812513
0.0,0.29859143
0.0,0.19331625
0.0,0.21318004
1.0,0.84631586
1.0,0.588696
0.0,0.12917209
1.0,0.77289313
1.0,0.2992042
1.0,0.8590398
0.0,0.48518533
1.0,0.31987628
1.0,0.74812865
0.0,0.0034335554
1.0,0.37611812
1.0,0.5629069
0.0,0.19173485
0.0,0.18795973
0.0,0.18944556
0.0,0.26310658
0.0,0.12529984
0.0,0.19914737
0.0,0.18615589
0.0,0.095694035
1.0,0.7326367
0.0,0.25634122
0.0,0.27179646
0.0,0.1744267
0.0,0.25330937
1.0,0.5692405
0.0,0.14272651
1.0,0.7676246
0.0,0.44302657
0.0,0.23861095
1.0,0.30837083
1.0,0.65061724
0.0,0.33310714
0.0,0.20902511
1.0,0.80553937
0.0,0.7260218
0.0,0.24660808
1.0,0.6525914
1.0,0.5382353
1.0,0.6562075
1.0,0.6734097
0.0,0.33157343
0.0,0.17324841
1.0,0.24640155
0.0,0.21238565
0.0,0.15468004
1.0,0.8942592
1.0,0.48380655
1.0,0.9201246
0.0,0.22810778
1.0,0.48967612
1.0,0.8297488
1.0,0.76146007
0.0,0.21066323
0.0,0.1984337
1.0,0.031933844
0.0,0.1948978
0.0,0.7354864
0.0,0.32048553
1.0,0.7958822
0.0,0.2456406
0.0,0.25257102
0.0,0.31336173
0.0,0.6420039
0.0,0.23979476
0.0,0.10246286
0.0,0.72090286
1.0,0.88698375
0.0,0.27653727
1.0,0.73846436
0.0,0.27857092
0.0,0.35158303
0.0,0.741026
1.0,0.16562605
0.0,0.5833066
0.0,0.11501026
0.0,0.20658135
0.0,0.418824
0.0,0.30946833
1.0,0.8489291
0.0,0.5208569
1.0,0.7370056
0.0,0.3456587
0.0,0.23410255
0.0,0.22135836
0.0,0.41526923
0.0,0.2640167
0.0,0.50307405
0.0,0.4598399
0.0,0.21441954
1.0,0.7325504
0.0,0.23081455
1.0,0.42460227
1.0,0.5891895
0.0,0.30254465
0.0,0.26240778
1.0,0.8595599
0.0,0.3184176
1.0,0.62961185
1.0,0.75049466
0.0,0.16649929
1.0,0.49077943
0.0,0.23737073
1.0,0.82043433
0.0,0.12099174
0.0,0.31120753
1.0,0.53687316
0.0,0.71623164
0.0,0.130974
0.0,0.14474887
1.0,0.6055895
1.0,0.9513637
0.0,0.14272988
0.0,0.26042736
1.0,0.4378996
0.0,0.50029707
1.0,0.6365277
0.0,0.3525833
1.0,0.55467373
0.0,0.6703458
0.0,0.2790778
0.0,0.72872216
0.0,0.18863824
0.0,0.41534743
1.0,0.18529624
0.0,0.5860627
1.0,0.84236634
0.0,0.13923252
1.0,0.48650742
0.0,0.1391069
0.0,0.1380179
0.0,0.18784958
0.0,0.2102873
0.0,0.23134649
0.0,0.24560365
0.0,0.4853937
0.0,0.42393392
1.0,0.74049556
0.0,0.18426982
0.0,0.28491145
1.0,0.6445999
1.0,0.45609242
0.0,0.27425945
0.0,0.07370719
1.0,0.66467357
0.0,0.3634678
1.0,0.13918868
1.0,0.7174528
1.0,0.50984764
1.0,0.6544613
0.0,0.22491238
0.0,0.19468898
1.0,0.75069404
0.0,0.2702027
1.0,0.8082706
1.0,0.68489647
1.0,0.8309642
0.0,0.39692014
0.0,0.11594045
0.0,0.30049282
0.0,0.12602201
1.0,0.79178166
1.0,0.7741686
0.0,0.329036
0.0,0.32629985
0.0,0.23149708
0.0,0.2543084
1.0,0.33471033
1.0,0.7241094
1.0,0.5421376
0.0,0.73698163
1.0,0.5217835
1.0,0.71119857
1.0,0.66620004
1.0,0.87487185
0.0,0.50276977
0.0,0.52550954
0.0,0.46354032
0.0,0.23722434
1.0,0.98109674
1.0,0.9254118
1.0,0.8058952
1.0,0.75648
0.0,0.26962566
0.0,0.14768189
0.0,0.3450073
0.0,0.3209707
1.0,0.761975
0.0,0.15970868
0.0,0.1663293
0.0,0.5265926
0.0,0.20947126
1.0,0.5743542
1.0,0.78477967
1.0,0.7783437
0.0,0.37697566
0.0,0.47627923
1.0,0.5996752
1.0,0.8901842
0.0,0.27839985
1.0,0.7358446
0.0,0.989704
1.0,0.9111115
1.0,0.7729198
1.0,0.55015063
0.0,0.39905322
0.0,0.32144982
1.0,0.8854939
0.0,0.44480652
0.0,0.37903905
1.0,0.8626174
0.0,0.19376448
0.0,0.1817764
0.0,0.32132614
1.0,0.61755985
0.0,0.63487476
0.0,0.44091338
1.0,0.5631812
0.0,0.51948094
0.0,0.22230953
0.0,0.2825504
0.0,0.40756264
1.0,0.8600382
0.0,0.1226092
0.0,0.16470525
0.0,0.16003168
1.0,0.75371146
0.0,0.2111916
0.0,0.10045841
1.0,0.668692
0.0,0.49494594
0.0,0.34484625
1.0,0.89460766
1.0,0.6592698
0.0,0.123046845
1.0,0.27038324
1.0,0.9843068
0.0,0.37677187
0.0,0.57226825
1.0,0.4595701
1.0,0.716939
0.0,0.18509495
1.0,0.44525605
1.0,0.5951187
1.0,0.61047333
0.0,0.97105205
1.0,0.4211017
0.0,0.21199155
1.0,0.6729937
0.0,0.16937944
1.0,0.8036517
0.0,0.6725688
0.0,0.02402106
1.0,0.6871179
0.0,0.23259425
1.0,0.6100239
1.0,0.581425
1.0,0.79290605
1.0,0.69367135
0.0,0.20140389
1.0,0.180067
0.0,0.40717426
0.0,0.18568575
0.0,0.18060336
0.0,0.39133516
1.0,0.8579652
0.0,0.19968164
0.0,0.4529117
0.0,0.3255002
0.0,0.39061654
1.0,0.8093672
0.0,0.51346296
0.0,0.089966804
0.0,0.18647745
0.0,0.2873153
1.0,0.55770874
0.0,0.15957072
1.0,0.73739195
1.0,0.9272224
0.0,0.59490395
0.0,0.18829331
0.0,0.21207085
1.0,0.88251674
0.0,0.22785413
1.0,0.32557482
1.0,0.33615053
1.0,0.8080263
0.0,0.62453216
0.0,0.32070458
0.0,0.13578957
0.0,0.66393733
0.0,0.20164707
0.0,0.21633884
0.0,0.2314327
1.0,0.6585845
0.0,0.28500628
1.0,0.839854
0.0,0.6077334
1.0,0.81351817
1.0,0.8450016
1.0,0.52291703
1.0,0.73928875
0.0,0.38565326
0.0,0.8946307
0.0,0.43645483
1.0,0.5020036
1.0,0.73244214
0.0,0.20389634
1.0,0.69883335
1.0,0.65971684
1.0,0.8604834
1.0,0.751321
0.0,0.6477417
0.0,0.21896708
1.0,0.748065
0.0,0.22891492
0.0,0.5095785
1.0,0.90908784
0.0,0.13199526
0.0,0.6229181
0.0,0.3187382
0.0,0.1388129
0.0,0.17818195
1.0,0.7498883
0.0,0.20962
0.0,0.46788344
1.0,0.55829924
0.0,0.28609508
1.0,0.7844368
0.0,0.23668405
0.0,0.12921128
0.0,0.23301631
0.0,0.34337586
1.0,0.6306982
0.0,0.35689983
0.0,0.21281624
1.0,0.77570903
1.0,0.8239499
0.0,0.19963181
0.0,0.15854424
0.0,0.20056379
1.0,0.5587592
0.0,0.30836034
1.0,0.7177951
1.0,0.6931588
1.0,0.440796
1.0,0.64889914
1.0,0.6930115
0.0,0.8011551
1.0,0.70800465
1.0,0.9320229
0.0,0.17891625
0.0,0.22988811
0.0,0.19730413
1.0,0.73896694
0.0,0.17636284
0.0,0.17727795
0.0,0.29551148
1.0,0.91675353
0.0,0.30713317
1.0,0.82294786
0.0,0.30437428
0.0,0.67579
0.0,0.28978658
0.0,0.244486
0.0,0.23945478
1.0,0.5634683
1.0,0.8632871
0.0,0.24922344
0.0,0.4424811
1.0,0.57314
0.0,0.11232731
1.0,0.8413379
0.0,0.31019545
0.0,0.19575849
0.0,0.17417154
1.0,0.8231826
1.0,0.69639444
0.0,0.15353906
0.0,0.47909206
1.0,0.60329217
0.0,0.33744454
0.0,0.24147347
1.0,0.7803829
1.0,0.8703978
1.0,0.9322227
0.0,0.19070628
1.0,0.7739171
1.0,0.80797434
0.0,0.24989384
0.0,0.2732197
0.0,0.18642607
0.0,0.22621381
0.0,0.16237652
0.0,0.24723992
1.0,0.63552696
1.0,0.7078624
0.0,0.0872044
0.0,0.1203841
0.0,0.49838102
0.0,0.2192508
1.0,0.69865537
0.0,0.6118715
0.0,0.20709208
0.0,0.609393
0.0,0.5720697
1.0,0.5269837
0.0,0.16236028
0.0,0.69019717
1.0,0.8310427
0.0,0.5387922
0.0,0.4226919
0.0,0.21311986
0.0,0.11601636
1.0,0.5561668
1.0,0.77583075
0.0,0.20291945
0.0,0.74162567
0.0,0.11888829
0.0,0.550171
0.0,0.75384057
0.0,0.4325585
0.0,0.16152084
0.0,0.40230954
1.0,0.26774412
0.0,0.173365
1.0,0.16140276
0.0,0.6482029
0.0,0.1320813
0.0,0.22333229
0.0,0.440485
0.0,0.46987945
0.0,0.48750874
1.0,0.8243246
0.0,0.19628984
0.0,0.5508596
0.0,0.3373142
1.0,0.5706271
1.0,0.7554158
0.0,0.17852086
0.0,0.36944425
0.0,0.22464323
1.0,0.8700787
1.0,0.7526713
1.0,0.7440629
0.0,0.14358005
1.0,0.9103732
0.0,0.29035378
0.0,0.13849702
0.0,0.3343908
1.0,0.283274
0.0,0.16847959
0.0,0.2243743
1.0,0.8827294
1.0,0.29091555
0.0,0.22251761
1.0,0.88166296
0.0,0.1836386
1.0,0.66569674
0.0,0.321904
1.0,0.49492636
0.0,0.81043124
0.0,0.41652042
1.0,0.6556617
0.0,0.13598621
0.0,0.30074736
0.0,0.19173086
0.0,0.25988942
0.0,0.31886894
0.0,0.17656222
1.0,0.70556146
1.0,0.84611166
0.0,0.40030023
0.0,0.2298274
0.0,0.12903419
0.0,0.564427
1.0,0.83202696
0.0,0.20356262
0.0,0.48342076
0.0,0.48772445
0.0,0.4473498
0.0,0.11137712
1.0,0.7126877
1.0,0.8660891
0.0,0.17793718
0.0,0.37423453
0.0,0.39566958
0.0,0.21412703
1.0,0.52801853
0.0,0.49214253
0.0,0.18423751
0.0,0.18647373
1.0,0.47751027
0.0,0.19553107
0.0,0.30597723
1.0,0.8730857
0.0,0.22210035
0.0,0.13469529
1.0,0.78250784
1.0,0.44959813
1.0,0.8464675
0.0,0.14003778
0.0,0.15146443
0.0,0.26011294
0.0,0.16697815
1.0,0.6935406
0.0,0.41180402
1.0,0.30483872
0.0,0.08692059
0.0,0.17410439
0.0,0.33821613
1.0,0.6022495
0.0,0.61311734
0.0,0.42140377
0.0,0.4223757
1.0,0.44376776
0.0,0.23807609
0.0,0.33808726
0.0,0.1961157
1.0,0.2044996
0.0,0.21772364
0.0,0.253976
1.0,0.38391602
1.0,0.91357744
0.0,0.13762811
1.0,0.8903864
1.0,0.87177575
1.0,0.69189656
1.0,0.72831595
0.0,0.1943497
1.0,0.8286755
0.0,0.8653543
1.0,0.20281467
0.0,0.29428712
1.0,0.73596185
0.0,0.345331
1.0,0.22712561
1.0,0.91008604
1.0,0.97600853
0.0,0.20234364
0.0,0.5742841
0.0,0.54816246
0.0,0.27692303
0.0,0.25204882
0.0,0.28084177
1.0,0.8776456
1.0,0.91108465
1.0,0.7406037
0.0,0.23266861
0.0,0.21011114
0.0,0.31546554
0.0,0.3405705
1.0,0.27473855
0.0,0.31925198
0.0,0.2432434
0.0,0.2304179
0.0,0.41944516
1.0,0.7882192
0.0,0.570618
0.0,0.691298
0.0,0.38798112
1.0,0.43915993
0.0,0.21476722
0.0,0.4516525
1.0,0.46386844
0.0,0.36916882
1.0,0.61863637
0.0,0.2750092
0.0,0.2746328
0.0,0.1744869
0.0,0.20332125
0.0,0.117228836
1.0,0.7098585
0.0,0.24065459
0.0,0.2811256
1.0,0.76376486
1.0,0.8356879
0.0,0.2210241
1.0,0.108142346
0.0,0.40600392
0.0,0.34910464
1.0,0.8171782
0.0,0.109416366
0.0,0.42997304
0.0,0.2595904
0.0,0.18600452
1.0,0.69972104
1.0,0.7850857
1.0,0.63493264
1.0,0.8515148
0.0,0.22003171
0.0,0.24208751
0.0,0.57026637
1.0,0.8526189
0.0,0.26695213
0.0,0.20433718
1.0,0.7641176
1.0,0.6658132
1.0,0.7825936
0.0,0.19470826
0.0,0.46961296
0.0,0.411412
1.0,0.8217709
1.0,0.72974575
1.0,0.8178008
0.0,0.20985383
0.0,0.112969816
0.0,0.13514307
1.0,0.6660934
1.0,0.4315072
0.0,0.42891565
1.0,0.7782777
1.0,0.7305461
1.0,0.70676255
1.0,0.48134646
0.0,0.43911296
0.0,0.16604096
1.0,0.2730024
1.0,0.54942346
0.0,0.12655094
0.0,0.29422194
0.0,0.1854321
0.0,0.2440333
0.0,0.24049649
0.0,0.5589571
0.0,0.16618624
0.0,0.307562
1.0,0.63331044
1.0,0.67004406
0.0,0.5123675
1.0,0.8563899
0.0,0.14631715
1.0,0.67244256
0.0,0.4507445
1.0,0.89815557
0.0,0.09273714
0.0,0.14276206
0.0,0.18171197
0.0,0.3089587
1.0,0.26305312
1.0,0.806399
0.0,0.25797212
0.0,0.31843558
1.0,0.43310967
0.0,0.2624298
1.0,0.7436887
1.0,0.7324212
0.0,0.2847705
0.0,0.07127488
0.0,0.24083167
0.0,0.82873327
0.0,0.7712813
0.0,0.15791708
0.0,0.5917023
0.0,0.29472953
1.0,0.748648
1.0,0.88672084
1.0,0.68422985
1.0,0.7129464
0.0,0.19239166
0.0,0.30887517
1.0,0.7168962
0.0,0.7858341
0.0,0.24632642
0.0,0.4309259
1.0,0.56881595
1.0,0.8401545
0.0,0.3692442
1.0,0.7808424
1.0,0.8632604
0.0,0.09820995
0.0,0.18733734
1.0,0.9068289
0.0,0.22636819
0.0,0.43766922
0.0,0.13592401
0.0,0.2105541
1.0,0.2911631
0.0,0.21331653
0.0,0.1547854
0.0,0.5462346
1.0,0.44011247
0.0,0.14813346
0.0,0.2855233
1.0,0.8687819
0.0,0.06696662
0.0,0.19080016
0.0,0.84391445
1.0,0.9118788
1.0,0.5274073
1.0,0.56597006
0.0,0.29256755
0.0,0.472539
1.0,0.4917725
0.0,0.20077142
0.0,0.21281469
0.0,0.5969055
0.0,0.22148845
1.0,0.46019495
0.0,0.3897704
0.0,0.6130679
1.0,0.6207365
0.0,0.35198277
0.0,0.1986129
0.0,0.5572943
0.0,0.42719096
1.0,0.64992607
1.0,0.8703046
0.0,0.5847377
1.0,0.7471138
0.0,0.09355757
0.0,0.19289538
0.0,0.14000863
1.0,0.5210327
0.0,0.21918184
0.0,0.19652194
1.0,0.7640216
1.0,0.5776333
1.0,0.66128594
0.0,0.56790984
1.0,0.51460457
1.0,0.88690066
0.0,0.09121263
0.0,0.7044456
0.0,0.7079456
1.0,0.5750238
0.0,0.2999191
0.0,0.562578
0.0,0.20701727
0.0,0.1796174
0.0,0.12914541
0.0,0.26189145
0.0,0.80397695
0.0,0.9451773
0.0,0.41996202
1.0,0.7155465
1.0,0.5635871
1.0,0.6383484
0.0,0.18632549
1.0,0.88808584
0.0,0.48808625
0.0,0.25697243
1.0,0.82068884
0.0,0.25200936
0.0,0.16110635
0.0,0.4390289
0.0,0.23418975
0.0,0.49570543
0.0,0.5953229
0.0,0.30446798
1.0,0.66571116
0.0,0.059343874
0.0,0.123257816
0.0,0.23066378
1.0,0.8697305
1.0,0.8481106
0.0,0.48085132
1.0,0.4840444
0.0,0.16539732
1.0,0.35295865
0.0,0.39804143
0.0,0.20597607
1.0,0.11780998
0.0,0.15359887
0.0,0.19042808
1.0,0.5414596
0.0,0.3826018
1.0,0.17529497
0.0,0.47510633
0.0,0.15951392
1.0,0.77040297
0.0,0.18827084
0.0,0.28497785
0.0,0.70433056
0.0,0.17188305
0.0,0.14584523
1.0,0.7213549
0.0,0.1978609
0.0,0.3619725
0.0,0.9879908
1.0,0.66737324
0.0,0.870003
0.0,0.22122517
1.0,0.64597744
0.0,0.13843954
0.0,0.21200061
0.0,0.22676066
0.0,0.3834936
1.0,0.71278083
0.0,0.20450494
0.0,0.09696105
0.0,0.123553455
0.0,0.12687653
0.0,0.4163511
1.0,0.84763014
1.0,0.6962352
0.0,0.2124365
1.0,0.7032303
0.0,0.29662058
0.0,0.20834884
0.0,0.10225561
0.0,0.4080876
1.0,0.79992586
0.0,0.2580466
0.0,0.23173556
0.0,0.5561968
0.0,0.30159062
0.0,0.52846104
0.0,0.16024265
0.0,0.14037427
0.0,0.1866897
0.0,0.19540739
0.0,0.74437875
1.0,0.6325722
0.0,0.11606231
0.0,0.2856949
0.0,0.21854317
1.0,0.8719907
0.0,0.10264483
1.0,0.84087265
0.0,0.225074
0.0,0.22352168
0.0,0.471601
1.0,0.816061
1.0,0.93494034
1.0,0.6847403
1.0,0.57845724
0.0,0.14451876
0.0,0.21809104
1.0,0.8119552
1.0,0.7476076
0.0,0.1746616
0.0,0.34229475
0.0,0.708266
1.0,0.85195976
0.0,0.21940565
0.0,0.18168637
0.0,0.21462348
0.0,0.20902291
1.0,0.598961
1.0,0.7373828
0.0,0.08099213
1.0,0.44257802
0.0,0.23409638
0.0,0.24079546
0.0,0.16772932
0.0,0.2687137
0.0,0.18017668
1.0,0.74582154
0.0,0.1562297
0.0,0.40546656
0.0,0.6350635
0.0,0.14750484
0.0,0.6144587
1.0,0.45241052
0.0,0.17902446
0.0,0.1499176
1.0,0.62672603
0.0,0.7134491
0.0,0.22580889
1.0,0.8480091
1.0,0.6411203
0.0,0.2597618
1.0,0.9102954
0.0,0.50897324
1.0,0.84262055
1.0,0.96409583
0.0,0.24625018
1.0,0.86429787
0.0,0.3054617
0.0,0.20492917
0.0,0.59107757
0.0,0.34115866
0.0,0.18319401
0.0,0.24216953
0.0,0.40744534
1.0,0.9049222
0.0,0.107735395
0.0,0.29749802
0.0,0.40124226
0.0,0.30167294
1.0,0.7382484
0.0,0.19277304
0.0,0.46168807
0.0,0.22472176
0.0,0.33973247
0.0,0.04828894
0.0,0.77970606
1.0,0.2653147
0.0,0.2616778
1.0,0.7210771
0.0,0.2545712
1.0,0.58814967
0.0,0.26586252
0.0,0.30446357
0.0,0.20257133
0.0,0.4778438
0.0,0.37434295
0.0,0.37399396
0.0,0.3774758
0.0,0.17865655
0.0,0.8740034
0.0,0.7758112
1.0,0.71544296
0.0,0.29074234
0.0,0.21305835
1.0,0.9224298
0.0,0.3086638
0.0,0.16905266
0.0,0.15355614
1.0,0.69322383
1.0,0.63142776
1.0,0.65936214
1.0,0.89527106
0.0,0.5128095
1.0,0.74501026
0.0,0.2656619
1.0,0.47944883
0.0,0.35085493
0.0,0.751608
0.0,0.25727618
0.0,0.1438098
0.0,0.31995332
1.0,0.80972135
1.0,0.40774134
0.0,0.86597246
1.0,0.62132585
0.0,0.14477757
1.0,0.87463707
0.0,0.18743616
0.0,0.23364249
0.0,0.8498042
0.0,0.5463851
0.0,0.39919367
0.0,0.17847157
1.0,0.9654538
0.0,0.15094027
1.0,0.6309192
1.0,0.5061349
1.0,0.70497495
0.0,0.21317038
0.0,0.9430556
0.0,0.20011905
0.0,0.10730708
0.0,0.37025312
1.0,0.6327858
0.0,0.37353116
0.0,0.30052236
0.0,0.32572252
0.0,0.22724766
0.0,0.19901276
0.0,0.41669554
0.0,0.7752033
0.0,0.17393222
0.0,0.33065355
1.0,0.84791243
0.0,0.2886383
0.0,0.15834689
0.0,0.2420148
0.0,0.18322566
1.0,0.8040148
0.0,0.43134105
1.0,0.881165
0.0,0.45056844
1.0,0.95128334
1.0,0.68250424
0.0,0.11542228
0.0,0.5305887
0.0,0.2067684
0.0,0.36208647
0.0,0.23252982
0.0,0.51409125
1.0,0.7997064
0.0,0.16081825
1.0,0.72514766
0.0,0.31171632
0.0,0.057920933
0.0,0.20769048
1.0,0.817614
0.0,0.16754034
1.0,0.9253997
0.0,0.1769675
0.0,0.14535397
0.0,0.27347642
0.0,0.5907634
0.0,0.38683957
0.0,0.29779145
1.0,0.4545103
1.0,0.7952818
0.0,0.24799296
0.0,0.018596679
0.0,0.16289285
1.0,0.6577533
0.0,0.35418004
1.0,0.3474161
0.0,0.34119165
1.0,0.76584095
1.0,0.80419654
0.0,0.29222977
0.0,0.12720269
0.0,0.18998721
1.0,0.6882291
0.0,0.3581512
0.0,0.5615487
1.0,0.857586
1.0,0.73146605
0.0,0.32159722
0.0,0.26600873
1.0,0.64711225
0.0,0.22233415
0.0,0.16379791
0.0,0.19663799
1.0,0.62740856
0.0,0.24504521
0.0,0.23543563
1.0,0.83065
1.0,0.6611056
0.0,0.7921841
0.0,0.17766729
0.0,0.31449163
1.0,0.8323949
1.0,0.8991165
1.0,0.5227788
0.0,0.24200672
0.0,0.23238638
0.0,0.34317547
0.0,0.15344897
1.0,0.82398915
0.0,0.22228733
0.0,0.5480221
0.0,0.31026298
0.0,0.3849534
0.0,0.075826734
0.0,0.11744499
0.0,0.3704598
0.0,0.28659576
0.0,0.19021177
1.0,0.2195426
1.0,0.68456185
0.0,0.5456085
0.0,0.60890627
1.0,0.28252345
0.0,0.09689045
1.0,0.75282145
0.0,0.20293623
0.0,0.21427485
1.0,0.89868915
1.0,0.8779321
0.0,0.74287283
0.0,0.31780487
1.0,0.389424
0.0,0.25840208
0.0,0.292461
0.0,0.9429425
0.0,0.11878538
1.0,0.9759197
1.0,0.6701389
0.0,0.45526934
0.0,0.1415838
0.0,0.2313785
1.0,0.69555724
0.0,0.21827829
1.0,0.57494557
0.0,0.382848
1.0,0.78276885
1.0,0.6858405
0.0,0.520408
1.0,0.41914392
0.0,0.5068764
0.0,0.0827927
1.0,0.8954167
1.0,0.65872544
0.0,0.19526693
0.0,0.42978173
0.0,0.80796015
0.0,0.5990597
1.0,0.79571843
0.0,0.2767645
0.0,0.84813046
0.0,0.21275637
1.0,0.7564478
0.0,0.23926863
0.0,0.9000504
1.0,0.7811021
0.0,0.16070518
0.0,0.6280445
0.0,0.32066202
1.0,0.30796456
0.0,0.36973146
1.0,0.8628421
0.0,0.2714743
1.0,0.44814974
1.0,0.5396284
1.0,0.8057666
1.0,0.93769574
0.0,0.105561554
1.0,0.37876695
0.0,0.1377435
1.0,0.9226662
1.0,0.6367533
0.0,0.5316364
1.0,0.7801087
0.0,0.17195177
1.0,0.35219193
1.0,0.4486254
0.0,0.23008037
0.0,0.7777945
1.0,0.94337845
1.0,0.7795987
0.0,0.38298732
0.0,0.5011694
0.0,0.08789787
0.0,0.1985707
0.0,0.94193935
1.0,0.75649863
1.0,0.8314748
1.0,0.4722873
1.0,0.54306585
1.0,0.8896689
1.0,0.92850745
0.0,0.45846683
1.0,0.80958945
0.0,0.20496699
0.0,0.2083348
0.0,0.26757473
1.0,0.4894713
1.0,0.60226184
0.0,0.27450317
0.0,0.21815008
0.0,0.728201
1.0,0.8088409
1.0,0.4376493
1.0,0.7767319
0.0,0.23325351
0.0,0.7606082
0.0,0.26012644
0.0,0.2565375
0.0,0.198583
0.0,0.22372195
1.0,0.9163927
1.0,0.8318566
0.0,0.22902262
0.0,0.45309037
0.0,0.50790894
0.0,0.47252238
0.0,0.50758076
0.0,0.9929153
0.0,0.64139915
1.0,0.52842015
0.0,0.42999363
1.0,0.62367463
0.0,0.22718316
0.0,0.77415013
0.0,0.2587356
0.0,0.5705955
1.0,0.85788584
1.0,0.6480653
1.0,0.6897181
1.0,0.7113115
0.0,0.1276252
0.0,0.5685413
1.0,0.7905786
1.0,0.77127314
0.0,0.2939639
0.0,0.21680456
0.0,0.55206794
1.0,0.53771764
0.0,0.20775983
1.0,0.32064056
0.0,0.15027082
0.0,0.3173978
0.0,0.23497155
0.0,0.3153246
0.0,0.4245835
0.0,0.1992796
0.0,0.45702767
1.0,0.804538
0.0,0.1888242
0.0,0.43236208
0.0,0.25925556
1.0,0.52023387
0.0,0.15283686
1.0,0.8764345
0.0,0.19290748
0.0,0.2878704
0.0,0.16303399
0.0,0.5195091
0.0,0.16499925
0.0,0.120919645
1.0,0.75027263
0.0,0.3476166
1.0,0.6368551
1.0,0.6261999
0.0,0.22349754
0.0,0.29322332
1.0,0.6592403
1.0,0.9517913
0.0,0.40908486
0.0,0.50081784
0.0,0.18843251
0.0,0.41309088
0.0,0.17418024
1.0,0.7884486
0.0,0.52322537
1.0,0.64698756
1.0,0.39739063
0.0,0.79433393
0.0,0.39943275
0.0,0.14774817
0.0,0.16143778
0.0,0.581657
0.0,0.13596043
0.0,0.1368677
0.0,0.55838764
1.0,0.62450755
1.0,0.7361108
0.0,0.25056994
0.0,0.2751801
0.0,0.5118836
1.0,0.6876096
0.0,0.21769905
0.0,0.23687673
1.0,0.46478036
1.0,0.90937984
0.0,0.4015281
0.0,0.36500192
0.0,0.22570786
1.0,0.6686159
0.0,0.2783891
1.0,0.8601092
1.0,0.67561424
0.0,0.2469823
0.0,0.19537699
0.0,0.2536347
1.0,0.48326746
0.0,0.4593406
1.0,0.33006355
0.0,0.2003926
1.0,0.8422798
0.0,0.2745607
0.0,0.22791988
0.0,0.111857474
1.0,0.91057074
0.0,0.45492214
1.0,0.9394244
1.0,0.615925
0.0,0.17636299
1.0,0.3742171
0.0,0.25854623
1.0,0.5000697
0.0,0.122724265
1.0,0.76970315
0.0,0.16386533
1.0,0.66445786
1.0,0.75874186
1.0,0.9117197
0.0,0.23231062
1.0,0.6985658
1.0,0.3156941
0.0,0.30189458
1.0,0.8100928
1.0,0.20347053
1.0,0.37390196
0.0,0.4310104
0.0,0.25536403
0.0,0.65981984
0.0,0.39884466
