0.0,0.53893965
0.0,0.49858135
1.0,0.3747265
0.0,0.28610882
1.0,0.4907837
0.0,0.20276713
1.0,0.58864033
1.0,0.6606928
1.0,0.26216567
0.0,0.23541912
0.0,0.48946428
1.0,0.50922775
0.0,0.18652791
0.0,0.34260204
0.0,0.26645648
0.0,0.19449845
1.0,0.5173071
0.0,0.23528561
0.0,0.18737856
1.0,0.3971573
1.0,0.53348625
0.0,0.29215616
1.0,0.55676967
0.0,0.21966553
0.0,0.3047101
1.0,0.5690039
0.0,0.43036133
1.0,0.55671805
0.0,0.17444676
1.0,0.56355816
0.0,0.20727864
0.0,0.45789063
1.0,0.6439345
1.0,0.65676045
1.0,0.5534378
1.0,0.57430905
1.0,0.51578265
0.0,0.1800065
1.0,0.5417052
1.0,0.44324452
1.0,0.5264591
1.0,0.68919355
0.0,0.19698155
1.0,0.6856847
1.0,0.64046055
0.0,0.25254655
0.0,0.14879799
0.0,0.25429404
0.0,0.20383042
1.0,0.6599462
0.0,0.403455
1.0,0.611178
1.0,0.6996459
1.0,0.55831707
0.0,0.2450737
0.0,0.22187057
0.0,0.5333807
1.0,0.3008151
1.0,0.6061855
1.0,0.5123512
1.0,0.6531917
0.0,0.50856805
1.0,0.6571967
1.0,0.5249615
1.0,0.56797165
0.0,0.37476146
0.0,0.4149467
1.0,0.6122965
0.0,0.23728359
1.0,0.56242764
0.0,0.44147488
1.0,0.65380836
0.0,0.1578503
0.0,0.26741505
1.0,0.43820226
0.0,0.45595178
0.0,0.21121442
0.0,0.4025693
0.0,0.15115196
1.0,0.6639428
0.0,0.21873784
1.0,0.6407329
1.0,0.6559336
1.0,0.7652762
1.0,0.66138446
1.0,0.54046524
1.0,0.62096447
0.0,0.2921611
0.0,0.28033668
1.0,0.45521215
0.0,0.20829177
1.0,0.33815652
0.0,0.3021624
0.0,0.58457816
0.0,0.28570437
1.0,0.6417859
0.0,0.1318286
0.0,0.21956918
1.0,0.5083478
1.0,0.75513005
0.0,0.2021021
0.0,0.23766097
1.0,0.1674043
0.0,0.26254326
0.0,0.24737707
1.0,0.57076144
1.0,0.253792
0.0,0.22366858
1.0,0.355181
1.0,0.68890005
1.0,0.6390542
0.0,0.21786249
1.0,0.2911533
0.0,0.32964796
0.0,0.2129696
1.0,0.41428638
0.0,0.32204387
1.0,0.6293467
1.0,0.39170682
1.0,0.6149233
0.0,0.86906195
1.0,0.646166
0.0,0.5967496
0.0,0.2305224
0.0,0.5717181
1.0,0.16301516
0.0,0.17845362
0.0,0.9192515
1.0,0.64137566
1.0,0.5632835
1.0,0.71300125
0.0,0.23671317
0.0,0.21249634
1.0,0.48872888
1.0,0.69496214
0.0,0.5714707
0.0,0.23248726
0.0,0.27091748
0.0,0.32823125
0.0,0.26762033
1.0,0.54077536
0.0,0.14982566
1.0,0.39320034
0.0,0.23530114
0.0,0.31492448
0.0,0.12916729
1.0,0.5023939
0.0,0.23048383
0.0,0.27582592
0.0,0.2592122
0.0,0.3987732
0.0,0.2314446
0.0,0.17687342
0.0,0.63917214
0.0,0.30487725
1.0,0.6336301
0.0,0.2144588
0.0,0.2254861
1.0,0.6937888
0.0,0.39611748
0.0,0.5539505
0.0,0.4182793
0.0,0.20784053
0.0,0.24160409
1.0,0.6883831
0.0,0.3457448
1.0,0.6046963
0.0,0.32984385
0.0,0.22735843
1.0,0.53210104
0.0,0.6290103
0.0,0.5979129
0.0,0.20342296
0.0,0.12964082
1.0,0.5910776
1.0,0.553396
0.0,0.3298018
1.0,0.62108517
0.0,0.48284516
1.0,0.66996217
1.0,0.52217203
1.0,0.58228374
1.0,0.647507
1.0,0.6507832
0.0,0.56650066
0.0,0.19980073
0.0,0.22354484
0.0,0.67250335
0.0,0.3525399
0.0,0.26211298
1.0,0.50913775
0.0,0.17970747
0.0,0.59190917
1.0,0.59804124
1.0,0.6766878
1.0,0.64092165
0.0,0.18419826
0.0,0.23052639
0.0,0.21485591
1.0,0.34757018
0.0,0.4624165
0.0,0.5926509
0.0,0.3388424
0.0,0.5888674
0.0,0.29343635
1.0,0.29549026
0.0,0.19929492
1.0,0.32821202
0.0,0.16236222
0.0,0.22180334
0.0,0.2382302
1.0,0.6007835
0.0,0.36028755
0.0,0.37966675
0.0,0.21154523
0.0,0.18071881
0.0,0.6633636
0.0,0.4288835
1.0,0.7493575
0.0,0.20555106
0.0,0.19128782
1.0,0.59583896
1.0,0.64986306
0.0,0.5194274
0.0,0.23300287
0.0,0.15747729
0.0,0.2747381
0.0,0.37758103
0.0,0.30274057
1.0,0.62191725
0.0,0.29394442
1.0,0.47326285
0.0,0.21577486
1.0,0.53125566
1.0,0.4652213
0.0,0.21442181
0.0,0.25451267
0.0,0.3222896
1.0,0.5742202
1.0,0.63610655
1.0,0.66102535
1.0,0.007996082
0.0,0.18833542
0.0,0.5710032
1.0,0.68836004
0.0,0.5336769
0.0,0.20486858
0.0,0.19115525
0.0,0.3329193
0.0,0.30749935
0.0,0.17665088
0.0,0.3883989
1.0,0.5024189
0.0,0.20744935
0.0,0.31956095
0.0,0.24336427
1.0,0.6974761
1.0,0.6399631
0.0,0.26937625
0.0,0.2430974
0.0,0.21522424
1.0,0.6372967
0.0,0.28860432
0.0,0.21690995
0.0,0.22732934
0.0,0.21448696
1.0,0.6674479
1.0,0.7014073
1.0,0.68822104
0.0,0.21855119
1.0,0.6176157
0.0,0.42058134
0.0,0.2091715
0.0,0.3926986
1.0,0.52750635
1.0,0.55991036
0.0,0.17886075
0.0,0.19609189
1.0,0.6032123
1.0,0.4822162
0.0,0.4328236
1.0,0.40661994
1.0,0.7537518
0.0,0.49811947
0.0,0.46263942
0.0,0.32793844
0.0,0.22816628
0.0,0.5685718
0.0,0.22580248
1.0,0.70042264
0.0,0.267457
0.0,0.23475373
1.0,0.6988365
0.0,0.27471542
1.0,0.6940008
1.0,0.26701605
1.0,0.6558616
1.0,0.5387701
1.0,0.64913315
0.0,0.31645128
1.0,0.590892
0.0,0.5577676
1.0,0.736165
0.0,0.55677146
0.0,0.4281133
0.0,0.22104436
0.0,0.43006316
0.0,0.33315593
1.0,0.6490139
0.0,0.599831
1.0,0.4475255
0.0,0.6081968
1.0,0.6116974
1.0,0.7598652
0.0,0.19565263
0.0,0.17464727
0.0,0.2223385
1.0,0.57436323
1.0,0.3756466
0.0,0.19454238
0.0,0.13761654
0.0,0.1800198
0.0,0.2987188
1.0,0.653532
1.0,0.5278524
0.0,0.2386873
0.0,0.400674
1.0,0.56685257
1.0,0.67634094
1.0,0.56384814
0.0,0.26312366
0.0,0.17906648
0.0,0.23932248
0.0,0.54321694
1.0,0.63485605
1.0,0.5402453
0.0,0.26681677
0.0,0.37036407
0.0,0.1683341
0.0,0.44251797
0.0,0.16985425
0.0,0.4206252
1.0,0.44252437
0.0,0.40698373
0.0,0.29123932
0.0,0.18745872
0.0,0.63909125
0.0,0.5206122
0.0,0.2538796
0.0,0.17737535
1.0,0.50854325
0.0,0.1939601
1.0,0.6097551
0.0,0.16691351
0.0,0.35240346
0.0,0.44404203
0.0,0.1735574
0.0,0.5241881
1.0,0.42107022
1.0,0.5160946
0.0,0.61232394
1.0,0.48514512
0.0,0.18888623
0.0,0.35268295
0.0,0.36310768
0.0,0.6173482
0.0,0.20390832
0.0,0.15475133
1.0,0.5846043
0.0,0.22648856
1.0,0.61084914
0.0,0.3649915
1.0,0.37862462
0.0,0.23514456
1.0,0.30539662
1.0,0.5949299
1.0,0.6764852
0.0,0.2123068
0.0,0.17407644
1.0,0.60165
0.0,0.22137567
0.0,0.26090476
1.0,0.3223929
1.0,0.6425999
0.0,0.47297433
1.0,0.63587487
1.0,0.67693216
0.0,0.6697706
0.0,0.2293618
0.0,0.4401117
0.0,0.23093009
0.0,0.15438199
0.0,0.1739206
1.0,0.7342897
0.0,0.52419657
1.0,0.6585751
1.0,0.40940037
0.0,0.19977221
0.0,0.3625372
0.0,0.5697529
1.0,0.7095592
1.0,0.6307863
1.0,0.5679166
0.0,0.2658118
1.0,0.63919246
1.0,0.73503625
0.0,0.18680409
0.0,0.41951746
0.0,0.6418525
0.0,0.5650999
1.0,0.74179864
0.0,0.20798385
1.0,0.42425764
0.0,0.49913973
0.0,0.2344951
0.0,0.21024418
0.0,0.22489622
0.0,0.2066932
0.0,0.2324459
0.0,0.21675235
0.0,0.20802772
0.0,0.23028073
0.0,0.43772656
0.0,0.31391037
0.0,0.21856666
0.0,0.4887364
0.0,0.22090179
1.0,0.5040021
0.0,0.22387418
1.0,0.66606987
0.0,0.21292633
0.0,0.22180319
0.0,0.24153566
0.0,0.6428617
0.0,0.5181778
0.0,0.3404372
0.0,0.28942722
0.0,0.17384464
0.0,0.16197443
0.0,0.20609441
0.0,0.53658533
1.0,0.52926475
0.0,0.32050985
0.0,0.2138443
0.0,0.3935402
0.0,0.2348454
1.0,0.44949827
0.0,0.52098
1.0,0.020626783
0.0,0.22770077
0.0,0.25018805
1.0,0.52367145
0.0,0.6493378
1.0,0.5660786
1.0,0.59245837
1.0,0.54181623
1.0,0.5764514
0.0,0.1763857
1.0,0.51042706
0.0,0.21888736
0.0,0.21627417
0.0,0.43100306
1.0,0.66429913
0.0,0.27944782
0.0,0.18612039
1.0,0.47455803
1.0,0.83563447
0.0,0.29972732
0.0,0.14077333
1.0,0.54323965
0.0,0.25258455
1.0,0.55408955
0.0,0.3748162
0.0,0.46366838
1.0,0.5830333
0.0,0.5962293
0.0,0.1300244
1.0,0.4080361
0.0,0.29513806
1.0,0.7424617
0.0,0.19590136
1.0,0.050435275
1.0,0.52153975
1.0,0.63602716
1.0,0.7262993
0.0,0.50196064
0.0,0.24560699
1.0,0.60148793
0.0,0.14444792
0.0,0.5299979
1.0,0.5764022
1.0,0.5316684
1.0,0.6307509
0.0,0.24118236
1.0,0.68138134
1.0,0.60834455
0.0,0.25612167
1.0,0.65167737
0.0,0.29417014
1.0,0.49612623
1.0,0.5859529
0.0,0.58087337
0.0,0.70102763
1.0,0.6142488
0.0,0.40494397
1.0,0.6211219
0.0,0.48286477
0.0,0.2018997
0.0,0.5799675
1.0,0.7320497
0.0,0.14305535
0.0,0.17097881
0.0,0.58249325
1.0,0.5388102
0.0,0.21659333
0.0,0.20689973
0.0,0.2611863
0.0,0.6163537
1.0,0.52704394
1.0,0.6078013
0.0,0.3243506
0.0,0.40988716
0.0,0.3566941
0.0,0.48043403
0.0,0.27658936
1.0,0.5754167
0.0,0.27897987
1.0,0.5873907
0.0,0.5490397
0.0,0.24044934
1.0,0.5391741
0.0,0.28115666
0.0,0.35790104
0.0,0.19919106
0.0,0.229359
0.0,0.42190623
0.0,0.20241714
0.0,0.24229512
0.0,0.2754013
1.0,0.6280383
1.0,0.6413958
0.0,0.19446698
0.0,0.26924038
1.0,0.6838642
0.0,0.20721996
1.0,0.5969067
0.0,0.26569512
0.0,0.1889709
1.0,0.5700906
0.0,0.54595715
1.0,0.37918583
0.0,0.46690843
1.0,0.49647766
0.0,0.20099226
0.0,0.26921934
0.0,0.50428134
1.0,0.6734792
0.0,0.2220873
0.0,0.3054071
0.0,0.103109956
0.0,0.5985246
1.0,0.39221308
0.0,0.117005825
0.0,0.16540137
1.0,0.6636239
1.0,0.34904927
0.0,0.40412349
1.0,0.51560783
0.0,0.36065453
0.0,0.4202767
1.0,0.6808381
1.0,0.63487756
0.0,0.28578544
1.0,0.6756111
1.0,0.5564461
0.0,0.25197536
0.0,0.3175133
0.0,0.32869813
1.0,0.2520182
0.0,0.16271931
0.0,0.19084367
0.0,0.21444094
1.0,0.6942449
1.0,0.58800614
0.0,0.2053754
1.0,0.5687665
1.0,0.29137018
0.0,0.27720574
1.0,0.5736439
0.0,0.1827097
1.0,0.5779285
0.0,0.2528261
1.0,0.5326692
0.0,0.22890022
0.0,0.20981225
1.0,0.53809875
0.0,0.23127985
1.0,0.6483408
0.0,0.30709428
0.0,0.21626395
0.0,0.21598053
1.0,0.5909251
0.0,0.46091244
1.0,0.41196904
0.0,0.19482338
1.0,0.62698936
1.0,0.6283332
0.0,0.16571891
1.0,0.63534236
1.0,0.6312523
1.0,0.56985444
1.0,0.56718546
0.0,0.44963178
0.0,0.22864872
0.0,0.5320267
1.0,0.6411827
1.0,0.3612095
0.0,0.2584807
0.0,0.23256874
0.0,0.51028883
1.0,0.56770486
0.0,0.58009815
1.0,0.22455141
1.0,0.72081864
0.0,0.25415313
0.0,0.20772621
1.0,0.619061
0.0,0.53312767
1.0,0.6417134
0.0,0.51643986
0.0,0.23556158
0.0,0.26949614
1.0,0.47856882
0.0,0.34698397
1.0,0.73775876
0.0,0.28510818
1.0,0.4938052
0.0,0.3647984
0.0,0.40375686
1.0,0.53897446
1.0,0.5402964
1.0,0.55980766
1.0,0.46758986
0.0,0.2566495
0.0,0.25177976
0.0,0.60531676
0.0,0.16157898
1.0,0.67987233
1.0,0.41221258
0.0,0.23315498
0.0,0.19405976
0.0,0.2014412
1.0,0.58207417
0.0,0.16262364
0.0,0.24302876
0.0,0.3659247
0.0,0.58005595
0.0,0.3397296
0.0,0.44208264
1.0,0.4555294
0.0,0.48466757
1.0,0.40403712
0.0,0.28809857
0.0,0.5451081
1.0,0.5163045
1.0,0.56842613
1.0,0.6254839
0.0,0.22093084
0.0,0.23303127
1.0,0.54582506
0.0,0.21866015
0.0,0.23101798
0.0,0.41572678
1.0,0.61281997
0.0,0.30370018
0.0,0.23869926
1.0,0.7255583
0.0,0.36722952
1.0,0.70861185
1.0,0.61842155
1.0,0.63577044
0.0,0.21153057
1.0,0.6081012
1.0,0.5098062
0.0,0.36518335
1.0,0.3170467
0.0,0.23012704
0.0,0.3806203
0.0,0.26353273
0.0,0.18875208
1.0,0.59927654
1.0,0.6542207
1.0,0.7013639
1.0,0.57506067
1.0,0.63688296
0.0,0.5689162
0.0,0.6157015
1.0,0.6969697
0.0,0.23946974
1.0,0.55252004
1.0,0.6996131
0.0,0.34279507
1.0,0.5174249
1.0,0.4502072
0.0,0.22345242
0.0,0.2043319
0.0,0.113685906
0.0,0.20883042
1.0,0.6010606
1.0,0.68464756
0.0,0.21379367
0.0,0.18013555
1.0,0.22595873
1.0,0.64244735
1.0,0.41090682
0.0,0.2188245
1.0,0.63759124
1.0,0.58134073
0.0,0.23323378
0.0,0.26882333
1.0,0.582382
1.0,0.7194612
0.0,0.48197946
1.0,0.6129508
0.0,0.32851633
0.0,0.4205708
1.0,0.6486252
0.0,0.5309372
1.0,0.7285242
0.0,0.49154052
0.0,0.24337101
0.0,0.26533592
1.0,0.5942925
1.0,0.52154267
0.0,0.15843982
0.0,0.1973638
1.0,0.6259927
0.0,0.2691862
1.0,0.6943251
1.0,0.6505248
1.0,0.60256755
0.0,0.43101478
0.0,0.45495224
0.0,0.3378018
0.0,0.17333424
0.0,0.16628939
1.0,0.66436625
0.0,0.5102688
0.0,0.25001392
1.0,0.42266047
0.0,0.23847368
1.0,0.27067578
1.0,0.52973986
0.0,0.227159
0.0,0.5992957
0.0,0.67149645
0.0,0.1656324
0.0,0.22108099
0.0,0.18193772
0.0,0.2201409
0.0,0.6085756
1.0,0.533615
1.0,0.65830684
0.0,0.57864237
0.0,0.5168636
0.0,0.23029384
0.0,0.343125
0.0,0.18277824
1.0,0.42315477
0.0,0.2121773
0.0,0.12592578
1.0,0.75259036
1.0,0.42125016
0.0,0.20753124
0.0,0.67976797
0.0,0.15279627
0.0,0.21142915
0.0,0.19114453
0.0,0.23849115
1.0,0.6300693
1.0,0.62215805
1.0,0.61717224
0.0,0.18876877
1.0,0.5672225
1.0,0.6429759
0.0,0.4642926
0.0,0.15522516
1.0,0.49753234
1.0,0.52192914
1.0,0.5786068
1.0,0.60416985
1.0,0.540425
0.0,0.3318653
0.0,0.40634468
1.0,0.42533976
0.0,0.1764282
1.0,0.4864522
0.0,0.20091605
1.0,0.6517556
0.0,0.21888712
0.0,0.5523379
0.0,0.2647959
0.0,0.32279623
0.0,0.44889903
0.0,0.1637994
0.0,0.1822533
0.0,0.50509167
0.0,0.4894486
0.0,0.20815337
0.0,0.15677708
1.0,0.580374
1.0,0.48887485
1.0,0.6333773
0.0,0.58437824
0.0,0.09864226
0.0,0.21592358
0.0,0.23820472
1.0,0.6263817
1.0,0.5439503
1.0,0.59594405
1.0,0.6946842
0.0,0.6078459
0.0,0.20998752
0.0,0.13749823
1.0,0.48133227
0.0,0.22914469
1.0,0.2167024
1.0,0.65473366
0.0,0.8127303
0.0,0.17741147
0.0,0.34095967
0.0,0.3790893
1.0,0.66672397
1.0,0.62427247
0.0,0.35227925
1.0,0.6026446
1.0,0.62872237
0.0,0.4314103
0.0,0.2632328
1.0,0.6232124
0.0,0.17553344
0.0,0.2809512
0.0,0.19724265
0.0,0.5092811
0.0,0.18441886
1.0,0.48779833
0.0,0.10643786
0.0,0.5741974
1.0,0.7535175
1.0,0.64246964
0.0,0.12242052
0.0,0.44463435
1.0,0.3543943
0.0,0.29349798
0.0,0.12863588
1.0,0.5352897
0.0,0.28082287
0.0,0.236213
0.0,0.22429517
1.0,0.67922264
0.0,0.42859575
1.0,0.5745484
1.0,0.56494796
1.0,0.7386171
0.0,0.22786412
1.0,0.59771985
0.0,0.21293116
1.0,0.6333059
0.0,0.34967
1.0,0.6361678
0.0,0.26031715
0.0,0.2072022
1.0,0.6147689
0.0,0.1860578
0.0,0.1817562
1.0,0.5455655
1.0,0.5423044
1.0,0.40900698
1.0,0.5107843
1.0,0.5779454
1.0,0.64398897
1.0,0.5641758
0.0,0.17955741
1.0,0.5549676
1.0,0.6034118
0.0,0.23414052
0.0,0.17624962
0.0,0.18795407
1.0,0.6227648
0.0,0.24982312
0.0,0.46149564
0.0,0.4586153
1.0,0.5642141
0.0,0.22087255
0.0,0.440324
1.0,0.4562087
1.0,0.63044
1.0,0.6819442
1.0,0.25556374
0.0,0.6893019
0.0,0.33626503
0.0,0.20027211
0.0,0.22765365
0.0,0.17005205
0.0,0.18347612
0.0,0.22809479
1.0,0.42816982
1.0,0.63215566
0.0,0.2175596
1.0,0.62760377
0.0,0.23084852
0.0,0.23904544
1.0,0.67949456
0.0,0.28117788
0.0,0.4807349
0.0,0.25505334
0.0,0.54490453
0.0,0.21012533
0.0,0.21093339
0.0,0.6331431
1.0,0.63332796
0.0,0.28686005
0.0,0.5376004
1.0,0.60101247
0.0,0.22180587
1.0,0.5199091
0.0,0.2615869
0.0,0.19320461
0.0,0.19647413
0.0,0.40921527
0.0,0.17009875
0.0,0.19678846
0.0,0.22348675
0.0,0.39047217
0.0,0.51797175
1.0,0.49391028
0.0,0.40158284
1.0,0.627511
0.0,0.5429855
1.0,0.36240917
0.0,0.2256166
0.0,0.23693395
0.0,0.33050856
1.0,0.6410266
1.0,0.33401
1.0,0.40565586
0.0,0.24592096
0.0,0.5631653
1.0,0.68211496
0.0,0.2930215
0.0,0.25674838
1.0,0.6036202
0.0,0.2692379
1.0,0.66039115
1.0,0.557625
0.0,0.22907948
1.0,0.35459375
0.0,0.448294
1.0,0.35362846
0.0,0.5162062
1.0,0.72872645
0.0,0.15228304
0.0,0.63420284
0.0,0.23138568
0.0,0.27158648
0.0,0.17726177
0.0,0.34190154
0.0,0.28186697
1.0,0.648893
0.0,0.22050703
0.0,0.21313873
0.0,0.1550408
0.0,0.3377633
0.0,0.32526192
1.0,0.5112007
0.0,0.32904035
0.0,0.34304583
1.0,0.46487078
0.0,0.42245784
1.0,0.7048563
0.0,0.65408856
1.0,0.46913138
1.0,0.6447169
0.0,0.1532363
1.0,0.7233654
0.0,0.34345907
0.0,0.2753821
0.0,0.25237414
0.0,0.26667917
1.0,0.47226268
1.0,0.71537066
0.0,0.21216407
0.0,0.2772029
1.0,0.6689145
0.0,0.36183158
1.0,0.53907967
1.0,0.27853143
1.0,0.5457331
0.0,0.29954728
1.0,0.5603432
0.0,0.28925627
1.0,0.6506339
1.0,0.3176059
0.0,0.6366382
0.0,0.5760504
0.0,0.18487841
0.0,0.5663631
1.0,0.65216625
1.0,0.6272235
1.0,0.6129027
0.0,0.25400153
0.0,0.1341973
1.0,0.52765
0.0,0.72938967
0.0,0.12169799
0.0,0.28583866
1.0,0.4929327
0.0,0.53925526
0.0,0.19887286
0.0,0.38977808
0.0,0.47003126
1.0,0.53004956
1.0,0.6444603
0.0,0.3921968
0.0,0.23124
0.0,0.19998395
1.0,0.7837074
0.0,0.27869165
0.0,0.59094626
1.0,0.6499886
0.0,0.17580894
0.0,0.5008601
1.0,0.62390465
0.0,0.33935413
1.0,0.42061374
1.0,0.3515308
0.0,0.20633727
0.0,0.22409374
0.0,0.17938644
0.0,0.21398017
1.0,0.644961
1.0,0.71742684
1.0,0.66609156
1.0,0.5400134
0.0,0.61032355
0.0,0.3077054
1.0,0.56737036
1.0,0.6725406
0.0,0.43522125
0.0,0.22339672
1.0,0.0005842149
0.0,0.18381
1.0,0.5736186
0.0,0.17269164
0.0,0.46077156
1.0,0.6441461
0.0,0.38822386
0.0,0.17592329
0.0,0.21134901
0.0,0.3477956
0.0,0.4803289
1.0,0.5508226
0.0,0.22873059
1.0,0.6750261
0.0,0.062055588
1.0,0.51722836
0.0,0.287689
1.0,0.61068016
1.0,0.67140156
1.0,0.7243881
0.0,0.58428764
0.0,0.1836437
1.0,0.46050996
0.0,0.108317465
0.0,0.31180215
1.0,0.5660235
1.0,0.45982942
0.0,0.25301507
1.0,0.55991846
1.0,0.62574655
0.0,0.5955029
0.0,0.24113527
0.0,0.36496145
0.0,0.20779622
0.0,0.14458716
0.0,0.5611014
1.0,0.6756709
1.0,0.73090494
1.0,0.6511244
0.0,0.13622606
0.0,0.13257986
0.0,0.27798438
0.0,0.23286915
0.0,0.10917243
0.0,0.36461872
1.0,0.5478656
1.0,0.6234047
1.0,0.49014893
0.0,0.3264076
0.0,0.25299245
1.0,0.56978667
0.0,0.26100615
0.0,0.59195465
1.0,0.66402435
0.0,0.52611804
0.0,0.454951
1.0,0.52635753
0.0,0.21752408
1.0,0.47413206
1.0,0.62695724
0.0,0.55222726
0.0,0.20449251
1.0,0.7396189
0.0,0.16610849
0.0,0.4041959
1.0,0.57019496
1.0,0.5571842
1.0,0.59971154
1.0,0.64081556
0.0,0.6184471
0.0,0.36514238
0.0,0.19376957
1.0,0.39417958
0.0,0.6652728
1.0,0.59254545
0.0,0.5275817
1.0,0.526367
1.0,0.32513946
0.0,0.1976324
0.0,0.25209638
0.0,0.18424484
0.0,0.40906265
0.0,0.24395552
0.0,0.29711017
1.0,0.3944594
1.0,0.5259652
0.0,0.44314444
1.0,0.5858788
1.0,0.2661953
0.0,0.16790923
0.0,0.27879566
1.0,0.5414155
1.0,0.3596098
0.0,0.21841633
0.0,0.47408393
0.0,0.2274153
0.0,0.2474522
1.0,0.5892961
1.0,0.5838281
0.0,0.3412922
0.0,0.20567465
0.0,0.32755184
0.0,0.43162724
0.0,0.18743354
0.0,0.3201512
0.0,0.58451813
0.0,0.3959521
0.0,0.3429832
0.0,0.3438148
0.0,0.37684995
1.0,0.7047504
1.0,0.6012417
0.0,0.19042647
0.0,0.296599
0.0,0.090715975
0.0,0.2244308
0.0,0.17457059
0.0,0.347252
0.0,0.21036485
0.0,0.58840483
1.0,0.6824846
1.0,0.6242591
1.0,0.5568162
1.0,0.61437035
1.0,0.6857011
0.0,0.45854437
0.0,0.26504424
0.0,0.25084314
0.0,0.26149163
1.0,0.5266802
0.0,0.18821031
1.0,0.67510486
0.0,0.24882746
0.0,0.65181017
0.0,0.57126254
0.0,0.3549934
0.0,0.34739915
0.0,0.58044255
0.0,0.32071507
0.0,0.18060988
1.0,0.56289047
1.0,0.54527825
0.0,0.4321467
0.0,0.40916455
0.0,0.17333812
0.0,0.18030885
1.0,0.56620175
0.0,0.19315204
1.0,0.41344115
0.0,0.30577844
1.0,0.02967608
0.0,0.20500302
0.0,0.3576225
1.0,0.60493875
0.0,0.16968548
1.0,0.76824796
0.0,0.26782313
0.0,0.31486815
0.0,0.43510976
0.0,0.20844302
0.0,0.17475638
1.0,0.5649477
1.0,0.688301
0.0,0.5417627
0.0,0.23377779
0.0,0.22251007
0.0,0.54755294
1.0,0.5757408
0.0,0.37452638
1.0,0.45913208
1.0,0.58634365
0.0,0.5257133
0.0,0.19672671
0.0,0.26866397
0.0,0.31962594
0.0,0.25017026
0.0,0.22363481
0.0,0.27045012
0.0,0.4946234
0.0,0.43337506
1.0,0.5741312
0.0,0.63546157
0.0,0.20481366
1.0,0.5706111
0.0,0.22450477
0.0,0.3054517
0.0,0.14936715
0.0,0.22856236
1.0,0.35468835
1.0,0.64330494
1.0,0.5258401
0.0,0.22345695
0.0,0.23114687
0.0,0.21871075
0.0,0.6205782
0.0,0.32179144
0.0,0.5967688
1.0,0.6676298
1.0,0.59772944
1.0,0.6429744
0.0,0.22189602
1.0,0.7113602
1.0,0.50193167
0.0,0.2162376
1.0,0.58119655
0.0,0.23769245
0.0,0.26614964
0.0,0.56969565
1.0,0.658913
1.0,0.57573843
1.0,0.51303303
0.0,0.64362216
0.0,0.42756253
0.0,0.22159699
1.0,0.66800153
1.0,0.68384504
1.0,0.6474807
1.0,0.47913504
0.0,0.23661706
0.0,0.19810435
0.0,0.21107876
0.0,0.46874338
1.0,0.64192915
0.0,0.27186784
0.0,0.42235714
0.0,0.37919453
1.0,0.47120833
0.0,0.52809626
0.0,0.40193018
0.0,0.12872589
0.0,0.6212127
0.0,0.307817
0.0,0.38100755
0.0,0.20122313
0.0,0.33289692
0.0,0.19846252
1.0,0.64981747
1.0,0.23893416
0.0,0.58166397
0.0,0.6427259
0.0,0.32161683
1.0,0.59724057
0.0,0.18184635
0.0,0.2194367
0.0,0.42427677
0.0,0.19507301
1.0,0.6024772
0.0,0.2021693
0.0,0.34071988
1.0,0.44246784
1.0,0.69603974
1.0,0.62711865
0.0,0.13656968
0.0,0.36064517
1.0,0.5302041
1.0,0.67262805
1.0,0.7056194
0.0,0.64259005
0.0,0.43684617
0.0,0.17928231
1.0,0.35270166
1.0,0.7077733
0.0,0.18618783
0.0,0.46617836
1.0,0.0121587515
1.0,0.69360226
0.0,0.22355908
1.0,0.5941059
1.0,0.50244504
0.0,0.29875737
1.0,0.38118476
0.0,0.23005512
0.0,0.17900792
0.0,0.45293453
0.0,0.23703027
1.0,0.5423272
0.0,0.3634591
1.0,0.49532232
1.0,0.61135876
1.0,0.42886162
0.0,0.1598657
0.0,0.5898552
1.0,0.51246005
0.0,0.19316497
1.0,0.49178305
1.0,0.5530793
0.0,0.5420526
0.0,0.3197365
1.0,0.34450477
1.0,0.75045544
0.0,0.19334912
1.0,0.5559185
1.0,0.5470495
1.0,0.5930602
1.0,0.6125912
1.0,0.6265197
1.0,0.65494394
0.0,0.23796028
0.0,0.55064946
0.0,0.28159952
1.0,0.6422363
1.0,0.6593843
0.0,0.26825026
0.0,0.26156086
1.0,0.59226453
0.0,0.16441539
1.0,0.70583165
0.0,0.52094626
1.0,0.7949127
1.0,0.5775374
0.0,0.5311766
1.0,0.43367824
0.0,0.3491055
1.0,0.72113335
1.0,0.6201743
1.0,0.38169548
0.0,0.2850361
0.0,0.25961778
1.0,0.6864822
0.0,0.2285414
1.0,0.67340124
0.0,0.20955908
0.0,0.30795103
0.0,0.2587734
0.0,0.27166456
0.0,0.15187594
0.0,0.11388162
0.0,0.39944932
1.0,0.6522522
1.0,0.40272206
0.0,0.20703447
1.0,0.75100607
1.0,0.5438062
0.0,0.5259309
0.0,0.6292239
0.0,0.22097799
0.0,0.28212082
0.0,0.30809218
0.0,0.38454276
1.0,0.42450607
1.0,0.6788638
0.0,0.22337723
0.0,0.19492814
0.0,0.48471946
0.0,0.58866006
0.0,0.45385072
1.0,0.57063043
0.0,0.47083625
0.0,0.27522773
1.0,0.56475264
1.0,0.65957034
0.0,0.28558546
0.0,0.2987101
0.0,0.19754094
1.0,0.6813662
1.0,0.64006376
0.0,0.20348
0.0,0.2506314
0.0,0.1964646
0.0,0.2771774
0.0,0.16906899
1.0,0.54957235
1.0,0.55496037
1.0,0.5059915
0.0,0.099326104
1.0,0.5002484
0.0,0.5277784
1.0,0.74419284
1.0,0.49948683
0.0,0.19473088
0.0,0.21088383
0.0,0.14953217
0.0,0.33636403
0.0,0.6013156
1.0,0.7068943
0.0,0.51181567
0.0,0.46115234
0.0,0.23819578
0.0,0.20592645
0.0,0.24963379
0.0,0.32976538
0.0,0.39954597
1.0,0.5503212
1.0,0.6590963
0.0,0.1592404
0.0,0.38290733
0.0,0.5106528
0.0,0.13617945
1.0,0.6536641
0.0,0.32220116
0.0,0.45405963
1.0,0.61819947
0.0,0.7692841
0.0,0.2332139
0.0,0.20443091
0.0,0.22252002
1.0,0.5715655
1.0,0.6356717
0.0,0.21990612
1.0,0.46201316
1.0,0.6690811
1.0,0.69169736
0.0,0.4379281
0.0,0.37855053
1.0,0.5844021
1.0,0.6593034
0.0,0.2002005
1.0,0.6580893
0.0,0.2591164
1.0,0.5760328
1.0,0.573681
1.0,0.47473758
0.0,0.25436556
1.0,0.49763098
1.0,0.4235099
0.0,0.26710862
0.0,0.19565782
0.0,0.68523276
0.0,0.25769484
0.0,0.24150142
0.0,0.17003119
1.0,0.68617857
0.0,0.54562074
0.0,0.31361687
0.0,0.5109272
0.0,0.22664347
0.0,0.2104137
0.0,0.28900707
1.0,0.54841685
0.0,0.29116946
0.0,0.35206068
0.0,0.07295579
1.0,0.6088637
1.0,0.6886265
1.0,0.60276264
1.0,0.6333532
0.0,0.19314244
0.0,0.23273033
0.0,0.27350146
0.0,0.28027964
0.0,0.58826804
0.0,0.35764188
1.0,0.595116
0.0,0.57434154
1.0,0.3590695
1.0,0.19226578
1.0,0.53639203
0.0,0.21162689
0.0,0.19322628
0.0,0.20784801
0.0,0.17480871
1.0,0.61360896
1.0,0.59104246
1.0,0.46036574
1.0,0.6214993
1.0,0.78252435
0.0,0.2586676
0.0,0.2801596
0.0,0.49655262
0.0,0.28179866
1.0,0.6962574
0.0,0.2000289
0.0,0.58616847
1.0,0.6646986
1.0,0.5339802
0.0,0.19476587
0.0,0.32686615
0.0,0.28655457
0.0,0.26858416
1.0,0.42202264
0.0,0.70046055
0.0,0.22535336
1.0,0.7040183
0.0,0.47309482
1.0,0.62205964
1.0,0.6090967
0.0,0.19527411
0.0,0.5576556
0.0,0.23069108
0.0,0.2451128
1.0,0.67244864
0.0,0.25813958
0.0,0.99479264
0.0,0.6287668
0.0,0.23778856
1.0,0.62302655
1.0,0.519852
1.0,0.570915
1.0,0.60831934
0.0,0.18330875
0.0,0.20481554
1.0,0.6008742
0.0,0.22399092
1.0,0.48347285
0.0,0.30293828
1.0,0.6673755
1.0,0.67893934
0.0,0.43424195
0.0,0.9808425
0.0,0.52124333
0.0,0.23823357
0.0,0.31904265
0.0,0.3072163
1.0,0.5581306
0.0,0.17378423
0.0,0.30912685
0.0,0.38649932
0.0,0.2674361
0.0,0.27774668
0.0,0.18159696
0.0,0.3095497
0.0,0.18971321
0.0,0.17351887
0.0,0.2300688
0.0,0.41392723
0.0,0.20834741
1.0,0.50652325
0.0,0.5219131
1.0,0.6437035
0.0,0.17824695
0.0,0.18919569
1.0,0.56445956
0.0,0.23678255
1.0,0.68452036
0.0,0.47173098
1.0,0.63755834
0.0,0.50846523
0.0,0.37358612
1.0,0.62676656
1.0,0.36196458
0.0,0.22110885
0.0,0.24776822
0.0,0.11276725
0.0,0.17021173
0.0,0.23427027
0.0,0.5927101
1.0,0.62329924
1.0,0.6459041
0.0,0.36344868
0.0,0.35107642
1.0,0.4755872
1.0,0.63309413
1.0,0.52127695
0.0,0.1592575
1.0,0.38972253
0.0,0.4675702
1.0,0.4140386
0.0,0.1683749
1.0,0.519358
0.0,0.21978018
0.0,0.38739532
0.0,0.5116296
0.0,0.5484336
1.0,0.6008285
0.0,0.34143785
0.0,0.38123322
1.0,0.73614013
0.0,0.25634754
0.0,0.5030806
0.0,0.5396787
1.0,0.67117107
0.0,0.3975538
0.0,0.22836274
0.0,0.7054453
1.0,0.5551935
0.0,0.12629566
0.0,0.5630054
0.0,0.31600946
1.0,0.49267325
0.0,0.1598146
1.0,0.69900346
0.0,0.48536456
1.0,0.62136793
1.0,0.65418035
0.0,0.4822679
1.0,0.6045875
1.0,0.58765894
0.0,0.21356991
0.0,0.5051721
0.0,0.22453344
1.0,0.6617824
0.0,0.26405132
1.0,0.62007165
1.0,0.40803736
0.0,0.31001744
1.0,0.6506978
0.0,0.3898978
1.0,0.5189909
0.0,0.58933747
1.0,0.5855423
0.0,0.4980424
1.0,0.30213735
0.0,0.33109128
0.0,0.20434657
0.0,0.17360169
0.0,0.26210535
0.0,0.19855428
0.0,0.2024624
0.0,0.15006971
0.0,0.38596
0.0,0.44700438
0.0,0.47793606
0.0,0.3341095
0.0,0.26645342
1.0,0.5679233
1.0,0.3769747
0.0,0.50256306
1.0,0.35019952
0.0,0.14799812
0.0,0.0042820573
0.0,0.71198374
0.0,0.1947574
0.0,0.2814594
0.0,0.2969458
1.0,0.6264828
0.0,0.12733084
0.0,0.20521465
1.0,0.15119582
0.0,0.18309772
1.0,0.5826734
0.0,0.2719143
0.0,0.2607879
1.0,0.2837301
0.0,0.22385946
1.0,0.6058626
0.0,0.17586595
0.0,0.17780071
0.0,0.19866478
1.0,0.6318332
0.0,0.2416349
1.0,0.62957156
1.0,0.5486709
0.0,0.666138
0.0,0.18283707
1.0,0.22524029
0.0,0.24315336
0.0,0.29821697
0.0,0.49524555
0.0,0.18869826
0.0,0.5010573
0.0,0.56778824
1.0,0.30448604
0.0,0.22064716
1.0,0.5556422
0.0,0.17302701
0.0,0.19249454
0.0,0.18852687
1.0,0.56524074
1.0,0.6846161
0.0,0.34606457
0.0,0.48438054
0.0,0.17960191
0.0,0.28395438
0.0,0.28931314
0.0,0.24504721
0.0,0.1522305
1.0,0.33694148
1.0,0.5396069
0.0,0.25079715
0.0,0.67454886
1.0,0.6195685
0.0,0.19508937
1.0,0.6106531
0.0,0.2252573
0.0,0.19462329
1.0,0.6838991
0.0,0.3746621
1.0,0.56149304
1.0,0.5630284
1.0,0.62901086
0.0,0.36809483
0.0,0.16017023
0.0,0.59294724
1.0,0.62664825
0.0,0.38679153
1.0,0.67309976
0.0,0.19866732
0.0,0.19368571
0.0,0.5863116
1.0,0.5404451
0.0,0.21443236
0.0,0.2548281
0.0,0.43738106
1.0,0.42564043
1.0,0.71490526
0.0,0.34821042
0.0,0.252249
1.0,0.58146656
1.0,0.61712825
1.0,0.6341849
1.0,0.50113547
0.0,0.18474293
1.0,0.49968258
0.0,0.26114833
0.0,0.3227342
0.0,0.23116046
1.0,0.5702444
0.0,0.26034272
0.0,0.37010896
0.0,0.20280737
1.0,0.5229912
0.0,0.47498763
1.0,0.7074057
1.0,0.68930733
0.0,0.21862388
1.0,0.6837164
0.0,0.115228385
1.0,0.53584033
0.0,0.45373112
0.0,0.23884082
0.0,0.2392545
0.0,0.52755517
1.0,0.6534852
0.0,0.2697288
0.0,0.33663067
0.0,0.504689
1.0,0.71344477
1.0,0.611658
0.0,0.1952604
1.0,0.594067
1.0,0.6874018
1.0,0.7436612
1.0,0.41228992
0.0,0.57577324
1.0,0.66766715
0.0,0.26582402
0.0,0.5319765
1.0,0.5272498
0.0,0.2418665
0.0,0.28320616
0.0,0.47012028
1.0,0.2728627
0.0,0.45922363
0.0,0.41368032
1.0,0.6396367
0.0,0.20023403
1.0,0.3747834
0.0,0.26737928
0.0,0.49272695
1.0,0.5941021
1.0,0.60576916
0.0,0.165694
1.0,0.57623094
1.0,0.64334685
0.0,0.44385803
0.0,0.39950252
1.0,0.22303668
0.0,0.32772756
1.0,0.7004111
0.0,0.1936954
0.0,0.2488567
1.0,0.9937609
1.0,0.6793191
0.0,0.29131415
1.0,0.5062903
0.0,0.2655195
0.0,0.42659253
1.0,0.6384014
0.0,0.39405814
0.0,0.253959
0.0,0.21463788
1.0,0.51456785
0.0,0.27624518
0.0,0.1302746
1.0,0.5416151
1.0,0.6040202
0.0,0.25308713
0.0,0.3732515
0.0,0.26832482
1.0,0.42544675
0.0,0.4417982
0.0,0.11551687
0.0,0.31702662
0.0,0.21408811
0.0,0.22712287
1.0,0.41684633
0.0,0.30942923
0.0,0.18048635
0.0,0.2779833
1.0,0.664031
1.0,0.7101011
1.0,0.52158
0.0,0.462684
0.0,0.23547685
0.0,0.70799786
1.0,0.6834254
0.0,0.33649397
1.0,0.6268572
0.0,0.23954093
1.0,0.6325274
0.0,0.26935545
1.0,0.6161471
0.0,0.58911985
1.0,0.4379046
0.0,0.42378178
0.0,0.31995738
1.0,0.38517842
1.0,0.6323914
1.0,0.6069904
0.0,0.4982402
1.0,0.62762487
1.0,0.55530083
1.0,0.3644102
0.0,0.19810653
1.0,0.41300926
0.0,0.1616045
0.0,0.5844154
1.0,0.5399352
0.0,0.42406723
0.0,0.24679253
0.0,0.24908614
0.0,0.27926537
0.0,0.5524169
1.0,0.6638164
1.0,0.60465837
0.0,0.44312567
0.0,0.57515395
0.0,0.21012378
1.0,0.7103302
0.0,0.51553404
0.0,0.7362333
0.0,0.21698457
0.0,0.13108695
0.0,0.2986642
0.0,0.5548089
1.0,0.63084584
1.0,0.7287997
1.0,0.41603288
0.0,0.38448375
0.0,0.21470132
0.0,0.18884882
0.0,0.24364892
0.0,0.2505914
1.0,0.46524712
0.0,0.30734706
0.0,0.27076834
1.0,0.6527182
0.0,0.29617715
1.0,0.4082968
1.0,0.43337154
0.0,0.41562557
0.0,0.1709015
0.0,0.43811965
1.0,0.4534821
0.0,0.32671666
0.0,0.18268642
1.0,0.56633157
1.0,0.84565896
0.0,0.21433458
0.0,0.34641984
0.0,0.44021052
0.0,0.18708989
0.0,0.5320197
1.0,0.2846259
1.0,0.58087504
0.0,0.20039114
0.0,0.19625825
0.0,0.5325567
0.0,0.22863975
1.0,0.67695117
0.0,0.2929702
1.0,0.7175236
0.0,0.25831628
1.0,0.7206229
0.0,0.19727156
1.0,0.59514576
1.0,0.54924965
0.0,0.22576365
0.0,0.34354115
0.0,0.17477795
0.0,0.35506356
1.0,0.5314852
1.0,0.3065917
1.0,0.39881983
1.0,0.35687754
1.0,0.3872381
0.0,0.12040135
1.0,0.5905495
1.0,0.023481488
0.0,0.28021657
0.0,0.21920335
0.0,0.24742433
1.0,0.48076433
1.0,0.70426947
0.0,0.67511606
0.0,0.2569652
1.0,0.5928362
0.0,0.11816147
0.0,0.2387377
1.0,0.64581066
0.0,0.5339255
0.0,0.23130774
1.0,0.5196078
1.0,0.61574924
0.0,0.19792831
0.0,0.2818954
0.0,0.29370642
1.0,0.6442629
1.0,0.6566973
0.0,0.71650934
0.0,0.4941605
1.0,0.6373012
1.0,0.50817734
0.0,0.20382649
0.0,0.43153614
0.0,0.30748922
1.0,0.42217642
1.0,0.5007585
0.0,0.22829655
0.0,0.2892182
1.0,0.59066474
0.0,0.24378437
0.0,0.29846442
0.0,0.2833523
0.0,0.5204554
1.0,0.5457327
0.0,0.5246143
0.0,0.1918545
0.0,0.5409706
0.0,0.4439964
0.0,0.3155541
1.0,0.6473659
1.0,0.588111
0.0,0.36207664
1.0,0.69581497
0.0,0.34846932
1.0,0.6324008
1.0,0.3011441
1.0,0.7110476
0.0,0.19681501
0.0,0.63404155
0.0,0.26544148
1.0,0.7214979
0.0,0.20743448
1.0,0.612778
0.0,0.3165382
0.0,0.17173049
1.0,0.48880455
1.0,0.7671251
0.0,0.1593534
1.0,0.5502643
0.0,0.22711173
1.0,0.55129343
0.0,0.1796147
1.0,0.46974203
1.0,0.37268078
0.0,0.26154077
0.0,0.33348104
0.0,0.2693767
0.0,0.17910677
0.0,0.17998284
0.0,0.6466311
0.0,0.45831525
0.0,0.26848182
0.0,0.55723834
0.0,0.23218021
1.0,0.6133407
0.0,0.5871049
0.0,0.22531787
1.0,0.70036185
0.0,0.27208304
1.0,0.6745756
0.0,0.2551731
1.0,0.6974199
0.0,0.20266795
0.0,0.18943495
1.0,0.7312273
0.0,0.2602964
0.0,0.19283935
0.0,0.1558798
1.0,0.6275455
1.0,0.45204762
0.0,0.17339739
1.0,0.6847398
1.0,0.08160806
1.0,0.6628716
0.0,0.51432323
1.0,0.48247096
1.0,0.56788296
0.0,0.48214757
1.0,0.40034437
1.0,0.5722679
0.0,0.223017
0.0,0.17411193
0.0,0.32523647
0.0,0.21930602
0.0,0.37574995
0.0,0.28548324
0.0,0.26912796
0.0,0.13945428
1.0,0.60964835
0.0,0.24306673
0.0,0.22074944
0.0,0.28664196
0.0,0.24913076
1.0,0.5677104
0.0,0.18767074
1.0,0.6027495
0.0,0.42949045
0.0,0.26955774
1.0,0.26729488
1.0,0.6510076
0.0,0.302945
0.0,0.3557427
1.0,0.6233926
0.0,0.64621013
0.0,0.21390706
1.0,0.50295395
1.0,0.4526088
1.0,0.7026626
1.0,0.62015164
0.0,0.32297763
0.0,0.1845819
1.0,0.39838815
0.0,0.24339959
0.0,0.15340564
1.0,0.6794549
1.0,0.6188618
1.0,0.63534755
0.0,0.19341654
1.0,0.37099004
1.0,0.632637
1.0,0.5603174
0.0,0.18601918
0.0,0.20836264
1.0,0.4049268
0.0,0.16708964
0.0,0.608346
0.0,0.24273211
1.0,0.68074286
0.0,0.21268746
0.0,0.3009844
0.0,0.16924354
0.0,0.59019935
0.0,0.37630194
0.0,0.20867911
0.0,0.4814922
1.0,0.7197182
0.0,0.21845019
1.0,0.556984
0.0,0.24492857
0.0,0.3563508
0.0,0.6033691
1.0,0.19340411
0.0,0.6042645
0.0,0.21541566
0.0,0.21557063
0.0,0.41260946
0.0,0.34669262
1.0,0.6550319
0.0,0.4735467
1.0,0.5976731
0.0,0.19552633
0.0,0.23288357
0.0,0.21569553
0.0,0.39639488
0.0,0.22885814
0.0,0.32464355
0.0,0.42077202
0.0,0.21850851
1.0,0.58658564
0.0,0.22939873
1.0,0.5701167
1.0,0.46591988
0.0,0.26078564
0.0,0.22441876
1.0,0.6125746
0.0,0.2559698
1.0,0.48269838
1.0,0.59548485
0.0,0.24152824
1.0,0.70668745
0.0,0.20947221
1.0,0.65145755
0.0,0.2695404
0.0,0.41966483
1.0,0.50372094
0.0,0.4744257
0.0,0.16221604
0.0,0.46967733
1.0,0.4867925
1.0,0.67819816
0.0,0.18252018
0.0,0.46853632
1.0,0.49012193
0.0,0.48158008
1.0,0.46840754
0.0,0.5068755
1.0,0.46246877
0.0,0.5347041
0.0,0.3422167
0.0,0.64010197
0.0,0.34422258
0.0,0.28716972
1.0,0.23488575
0.0,0.49243647
1.0,0.6479237
0.0,0.22707489
1.0,0.4553221
0.0,0.21486437
0.0,0.19795766
0.0,0.21388379
0.0,0.22263142
0.0,0.28410476
0.0,0.36025637
0.0,0.452494
0.0,0.35946298
1.0,0.62152123
0.0,0.215561
0.0,0.29422504
1.0,0.51730144
1.0,0.4190029
0.0,0.22268924
0.0,0.17649186
1.0,0.5491441
0.0,0.39978898
1.0,0.37598756
1.0,0.6728063
1.0,0.49969658
1.0,0.6191699
0.0,0.23927593
0.0,0.17298582
1.0,0.6306286
0.0,0.3657924
1.0,0.66720986
1.0,0.4692859
1.0,0.6265435
0.0,0.3831985
0.0,0.20497307
0.0,0.30865902
0.0,0.27823746
1.0,0.6183608
1.0,0.6154057
0.0,0.45795497
0.0,0.29785782
0.0,0.35297137
0.0,0.3541785
1.0,0.33085176
1.0,0.62838495
1.0,0.48158062
0.0,0.50701094
1.0,0.44523358
1.0,0.49698445
1.0,0.57732177
1.0,0.700935
0.0,0.5412671
0.0,0.4245322
0.0,0.539035
0.0,0.21649599
1.0,0.47307768
1.0,0.716633
1.0,0.5604895
1.0,0.6064697
0.0,0.2686232
0.0,0.18048415
0.0,0.3529016
0.0,0.3269016
1.0,0.5850626
0.0,0.19055557
0.0,0.2007555
0.0,0.31903166
0.0,0.21069112
1.0,0.4142681
1.0,0.66860735
1.0,0.6372012
0.0,0.31252185
0.0,0.5281568
1.0,0.53162396
1.0,0.7155836
0.0,0.22748369
1.0,0.5196538
0.0,0.39079556
1.0,0.7329772
1.0,0.6206864
1.0,0.44121647
0.0,0.25237828
0.0,0.29521245
1.0,0.67511
0.0,0.48465058
0.0,0.33209363
1.0,0.661457
0.0,0.32416552
0.0,0.21597359
0.0,0.34637412
1.0,0.4720182
0.0,0.40107134
0.0,0.44920602
1.0,0.5039151
0.0,0.8092568
0.0,0.2091791
0.0,0.32180485
0.0,0.25763893
1.0,0.6490938
0.0,0.14172423
0.0,0.18635568
0.0,0.18630248
1.0,0.6312673
0.0,0.21157414
0.0,0.1280446
1.0,0.45897833
0.0,0.2995408
0.0,0.314317
1.0,0.71602976
1.0,0.5370169
0.0,0.18462446
1.0,0.4300871
1.0,0.41234154
0.0,0.45194584
0.0,0.53063357
1.0,0.35135573
1.0,0.60625374
0.0,0.10209668
1.0,0.47001234
1.0,0.52308524
1.0,0.5840777
0.0,0.31609315
1.0,0.37139484
0.0,0.238825
1.0,0.5821883
0.0,0.18566588
1.0,0.67236876
0.0,0.56304675
0.0,0.38497567
1.0,0.54000723
0.0,0.22919968
1.0,0.6709635
1.0,0.5779654
1.0,0.63948005
1.0,0.45912188
0.0,0.48145425
1.0,0.3429467
0.0,0.41658115
0.0,0.18501672
0.0,0.22887117
0.0,0.3313303
1.0,0.63384
0.0,0.25502908
0.0,0.5355222
0.0,0.44142193
0.0,0.46956888
1.0,0.5323426
0.0,0.4633395
0.0,0.16440234
0.0,0.21687683
0.0,0.5406846
1.0,0.5707272
0.0,0.20103896
1.0,0.59682715
1.0,0.68520254
0.0,0.551283
0.0,0.21530631
0.0,0.20686162
1.0,0.75833964
0.0,0.22785243
1.0,0.34797257
1.0,0.46739814
1.0,0.67066777
0.0,0.56839013
0.0,0.4395735
0.0,0.17010292
0.0,0.51591516
0.0,0.23405954
0.0,0.23947328
0.0,0.2797828
1.0,0.599537
0.0,0.25969207
1.0,0.6413168
0.0,0.46165904
1.0,0.67588717
1.0,0.6533237
1.0,0.58472174
1.0,0.588193
0.0,0.4777592
0.0,0.6129047
0.0,0.27895337
1.0,0.45204166
1.0,0.63658524
0.0,0.20542994
1.0,0.48243406
1.0,0.56820494
1.0,0.67506903
1.0,0.64595664
0.0,0.5208557
0.0,0.42667502
1.0,0.6003461
0.0,0.21633899
0.0,0.27797896
1.0,0.66088927
0.0,0.13715926
0.0,0.45054138
0.0,0.048690647
0.0,0.25750026
0.0,0.23935747
1.0,0.7214503
0.0,0.3330378
0.0,0.5535288
1.0,0.49011233
0.0,0.35411125
1.0,0.6153868
0.0,0.41645804
0.0,0.28507274
0.0,0.2375099
0.0,0.21304813
1.0,0.59706676
0.0,0.29992262
0.0,0.4115938
1.0,0.6593044
1.0,0.59335375
0.0,0.2660519
0.0,0.22202897
0.0,0.14144066
1.0,0.51874924
0.0,0.18711516
1.0,0.5639276
1.0,0.50040555
1.0,0.43880272
1.0,0.5618223
1.0,0.6352231
0.0,0.7080178
1.0,0.5493046
1.0,0.72823423
0.0,0.2154418
0.0,0.2444016
0.0,0.25509167
1.0,0.55236286
0.0,0.20332146
0.0,0.18319142
0.0,0.35037506
1.0,0.68505496
0.0,0.4253888
1.0,0.63500047
0.0,0.3299828
0.0,0.592321
0.0,0.3780628
0.0,0.27276152
0.0,0.32989436
1.0,0.52537566
1.0,0.6694461
0.0,0.24478993
0.0,0.3490003
1.0,0.49190086
0.0,0.14406806
1.0,0.66483426
0.0,0.3585056
0.0,0.2632635
0.0,0.2423102
1.0,0.68483114
1.0,0.54856783
0.0,0.24139214
0.0,0.3277536
1.0,0.5724189
0.0,0.4084057
0.0,0.3574959
1.0,0.63972604
1.0,0.69557226
1.0,0.68945146
0.0,0.26497564
1.0,0.62940407
1.0,0.65392476
0.0,0.37491888
0.0,0.3333007
0.0,0.19475043
0.0,0.21701357
0.0,0.1746898
0.0,0.23696333
1.0,0.53985065
1.0,0.6077085
0.0,0.13877869
0.0,0.17490059
0.0,0.5150433
0.0,0.2564456
1.0,0.6084312
0.0,0.5001296
0.0,0.10244542
0.0,0.52428997
0.0,0.59150946
1.0,0.42087722
0.0,0.17699683
0.0,0.5861123
1.0,0.6592676
0.0,0.30174744
0.0,0.5041806
0.0,0.25906503
0.0,0.18846557
1.0,0.55770457
1.0,0.6429387
0.0,0.33584312
0.0,0.60683787
0.0,0.21579078
0.0,0.8264129
0.0,0.60514724
0.0,0.26119715
0.0,0.10981578
0.0,0.38772923
1.0,0.16429606
0.0,0.2751631
1.0,0.29197824
0.0,0.49577856
0.0,0.17442179
0.0,0.3097735
0.0,0.47548866
0.0,0.5827591
0.0,0.3777482
1.0,0.62713015
0.0,0.20244038
0.0,0.45665744
0.0,0.2672091
1.0,0.4317662
1.0,0.55074817
0.0,0.17470095
0.0,0.44742072
0.0,0.2266413
1.0,0.6883755
1.0,0.6201288
1.0,0.66560185
0.0,0.31566185
1.0,0.6925731
0.0,0.2988947
0.0,0.20956308
0.0,0.24830785
1.0,0.29091483
0.0,0.16733646
0.0,0.23615068
1.0,0.68350327
1.0,0.25838584
0.0,0.3681584
1.0,0.7051827
0.0,0.19673851
1.0,0.49227038
0.0,0.27964875
1.0,0.37048888
0.0,0.65737087
0.0,0.377978
1.0,0.59278184
0.0,0.26428717
0.0,0.3617956
0.0,0.22316104
0.0,0.29503226
0.0,0.37389505
0.0,0.21319649
1.0,0.58427227
1.0,0.4368783
0.0,0.26591915
0.0,0.22352615
0.0,0.20028397
0.0,0.4612937
1.0,0.65788877
0.0,0.23358631
0.0,0.81868845
0.0,0.5652235
0.0,0.49571234
0.0,0.18130004
1.0,0.6212142
1.0,0.69565654
0.0,0.18426764
0.0,0.30213124
0.0,0.28310913
0.0,0.21359202
1.0,0.58092827
0.0,0.5241892
0.0,0.36115637
0.0,0.17937005
1.0,0.4095494
0.0,0.20875463
0.0,0.2441651
1.0,0.6720452
0.0,0.24568963
0.0,0.28148437
1.0,0.59260625
1.0,0.02206701
1.0,0.72118264
0.0,0.18039924
0.0,0.19125792
0.0,0.4098395
0.0,0.181889
1.0,0.61571693
0.0,0.2657316
1.0,0.34907913
0.0,0.20657173
0.0,0.18217462
0.0,0.39345816
1.0,0.7225216
0.0,0.45987037
0.0,0.25963968
0.0,0.35226965
1.0,0.49549407
0.0,0.13917384
0.0,0.359152
0.0,0.17650834
1.0,0.40156808
0.0,0.24796969
0.0,0.1625829
1.0,0.37549022
1.0,0.71966267
0.0,0.167541
1.0,0.68481016
1.0,0.6776012
1.0,0.5874108
1.0,0.6264647
0.0,0.20465842
1.0,0.5746034
0.0,0.7226529
1.0,0.3338136
0.0,0.2218827
1.0,0.6068958
0.0,0.37202016
1.0,0.3007196
1.0,0.7095004
1.0,0.46547055
0.0,0.19955423
0.0,0.5846001
0.0,0.4448826
0.0,0.18496129
0.0,0.2284171
0.0,0.35783392
1.0,0.6609409
1.0,0.6703582
1.0,0.63376683
0.0,0.28477445
0.0,0.19345224
0.0,0.28204656
0.0,0.3790932
1.0,0.24061853
0.0,0.31037483
0.0,0.21857151
0.0,0.23685887
0.0,0.5504887
1.0,0.66667545
0.0,0.5963232
0.0,0.32809073
0.0,0.4776349
1.0,0.5334656
0.0,0.22452605
0.0,0.6406271
1.0,0.51945585
0.0,0.49896893
1.0,0.59950644
0.0,0.35552472
0.0,0.38332993
0.0,0.1951544
0.0,0.2725258
0.0,0.1985704
1.0,0.5763354
0.0,0.3918422
0.0,0.26481673
1.0,0.634795
1.0,0.674072
0.0,0.33073628
1.0,0.20323545
0.0,0.43933645
0.0,0.33824608
1.0,0.62084883
0.0,0.17573214
0.0,0.36560005
0.0,0.16727212
0.0,0.25191045
1.0,0.6599047
1.0,0.65966934
1.0,0.5487466
1.0,0.6847744
0.0,0.26744187
0.0,0.23122883
0.0,0.45501223
1.0,0.6745831
0.0,0.359649
0.0,0.20094743
1.0,0.6216295
1.0,0.47865877
1.0,0.66303205
0.0,0.21488738
0.0,0.2888182
0.0,0.38002363
1.0,0.68848634
1.0,0.520707
1.0,0.64571095
0.0,0.34756714
0.0,0.16142625
0.0,0.17369917
1.0,0.5905093
1.0,0.39313245
0.0,0.48323256
1.0,0.64174926
1.0,0.40143743
1.0,0.70949435
1.0,0.43837836
0.0,0.26728785
0.0,0.2958551
1.0,0.57061434
1.0,0.5647439
0.0,0.3950295
0.0,0.23447412
0.0,0.18696353
0.0,0.2595961
0.0,0.23948559
0.0,0.46186146
0.0,0.1987763
0.0,0.30897087
1.0,0.47733256
1.0,0.6055272
0.0,0.3691172
1.0,0.656626
0.0,0.19217712
1.0,0.6196812
0.0,0.38307777
1.0,0.70859134
0.0,0.18557537
0.0,0.22872433
0.0,0.21473068
0.0,0.9617621
1.0,0.37233543
1.0,0.66646063
0.0,0.21244958
0.0,0.29236972
1.0,0.37536925
0.0,0.20291713
1.0,0.6289221
1.0,0.51196766
0.0,0.25392127
0.0,0.27860802
0.0,0.48123065
0.0,0.6423054
0.0,0.63198596
0.0,0.18983552
0.0,0.44399738
0.0,0.26205352
1.0,0.5801446
1.0,0.7015698
1.0,0.5330334
1.0,0.5878514
0.0,0.22521451
0.0,0.31187075
1.0,0.5479887
0.0,0.6193502
0.0,0.23769641
0.0,0.46273988
1.0,0.4651706
1.0,0.39849293
0.0,0.27623433
1.0,0.6529673
1.0,0.67244154
0.0,0.1516017
0.0,0.2403712
1.0,0.667602
0.0,0.23379746
0.0,0.52630293
0.0,0.15991125
0.0,0.2653277
1.0,0.3145998
0.0,0.21989721
0.0,0.20344925
0.0,0.6030913
1.0,0.36131474
0.0,0.20015866
0.0,0.24386075
1.0,0.6643471
0.0,0.16640928
0.0,0.43791208
0.0,0.70207334
1.0,0.69195265
1.0,0.4417975
1.0,0.5279746
0.0,0.35334933
0.0,0.5534234
1.0,0.1509228
0.0,0.17128694
0.0,0.2027551
0.0,0.5419611
0.0,0.22830424
1.0,0.41430548
0.0,0.30366126
0.0,0.51275766
1.0,0.4914397
0.0,0.23491967
0.0,0.22994515
0.0,0.31241345
0.0,0.3495261
1.0,0.58810127
1.0,0.6861816
0.0,0.5771397
1.0,0.62252855
0.0,0.1932989
0.0,0.23502198
0.0,0.17982414
1.0,0.5087028
0.0,0.22067368
0.0,0.26298982
1.0,0.544395
1.0,0.5167174
1.0,0.6155428
0.0,0.39010173
1.0,0.38426784
1.0,0.6616172
0.0,0.18974352
0.0,0.53187317
0.0,0.74550253
1.0,0.4322789
0.0,0.40764916
0.0,0.4748662
0.0,0.23366764
0.0,0.225095
0.0,0.25423485
0.0,0.32029623
0.0,0.35988635
0.0,0.7008518
0.0,0.45186508
1.0,0.6301771
1.0,0.50734794
1.0,0.558757
0.0,0.19920793
1.0,0.6803627
0.0,0.63554305
0.0,0.25708866
1.0,0.65213597
0.0,0.36741063
0.0,0.1798859
0.0,0.3266695
0.0,0.23803213
0.0,0.5564663
0.0,0.512384
0.0,0.26271528
1.0,0.55382496
0.0,0.1466105
0.0,0.20183101
0.0,0.23344672
1.0,0.6534703
1.0,0.6204974
0.0,0.52924305
1.0,0.2691757
0.0,0.19370148
1.0,0.38533354
0.0,0.2537036
0.0,0.116867244
1.0,0.27328473
0.0,0.18092361
0.0,0.2242283
1.0,0.4898977
0.0,0.35336027
1.0,0.2130067
0.0,0.4988852
0.0,0.18227789
1.0,0.5624131
0.0,0.21913835
0.0,0.26223743
0.0,0.60026777
0.0,0.2165572
0.0,0.16701141
1.0,0.6402694
0.0,0.24999222
0.0,0.32546815
0.0,0.21313402
1.0,0.5643795
0.0,0.6411672
0.0,0.37192535
1.0,0.52460045
0.0,0.19193769
0.0,0.18713453
0.0,0.26314092
0.0,0.31543648
1.0,0.5872649
0.0,0.2354767
0.0,0.16764295
0.0,0.20027035
0.0,0.18148726
0.0,0.49872297
1.0,0.66088045
1.0,0.61391264
0.0,0.19549054
1.0,0.61223114
0.0,0.24440083
0.0,0.2152097
0.0,0.21135825
0.0,0.32702512
1.0,0.6551676
0.0,0.33626717
0.0,0.31015497
0.0,0.5140543
0.0,0.30692577
0.0,0.28926396
0.0,0.19371325
0.0,0.18327525
0.0,0.20372993
0.0,0.16568533
0.0,0.5853513
1.0,0.6090202
0.0,0.22991079
0.0,0.39810994
0.0,0.23232755
1.0,0.67904073
0.0,0.31120294
1.0,0.6443626
0.0,0.18970656
0.0,0.2353087
0.0,0.3586306
1.0,0.64432514
1.0,0.73738253
1.0,0.5716675
1.0,0.56340885
0.0,0.24099314
0.0,0.22155848
1.0,0.66284573
1.0,0.60333365
0.0,0.20400348
0.0,0.3874822
0.0,0.50095147
1.0,0.70187044
0.0,0.24251133
0.0,0.22754031
0.0,0.21273664
0.0,0.22038233
1.0,0.53327245
1.0,0.606994
0.0,0.16760144
1.0,0.46660146
0.0,0.33593482
0.0,0.25134128
0.0,0.18259218
0.0,0.24261957
0.0,0.20543045
1.0,0.58984184
0.0,0.15920359
0.0,0.48746789
0.0,0.56891453
0.0,0.16517109
0.0,0.5534675
1.0,0.5191316
0.0,0.20533794
0.0,0.11196321
1.0,0.6253042
0.0,0.5968193
0.0,0.26756635
1.0,0.6592814
1.0,0.523129
0.0,0.23603714
1.0,0.20840791
0.0,0.4046514
1.0,0.60176164
1.0,0.75648624
0.0,0.34329212
1.0,0.69968486
0.0,0.27693605
0.0,0.28010496
0.0,0.5877197
0.0,0.22432765
0.0,0.21190676
0.0,0.22092539
0.0,0.4087358
1.0,0.7435508
0.0,0.15645263
0.0,0.25428697
0.0,0.3806892
0.0,0.46223223
1.0,0.6669107
0.0,0.2455298
0.0,0.31343457
0.0,0.2520834
0.0,0.26046425
0.0,0.13216749
0.0,0.6516875
1.0,0.42254695
0.0,0.46620798
1.0,0.59621555
0.0,0.21684462
1.0,0.58675647
0.0,0.28991085
0.0,0.49008977
0.0,0.21666256
0.0,0.5403612
0.0,0.482996
0.0,0.22835508
0.0,0.3705371
0.0,0.313638
0.0,0.66668344
0.0,0.63778365
1.0,0.5593454
0.0,0.276097
0.0,0.2634738
1.0,0.74105763
0.0,0.47919798
0.0,0.19384906
0.0,0.21170336
1.0,0.5645556
1.0,0.6380733
1.0,0.5646056
1.0,0.7341936
0.0,0.3657726
1.0,0.6133659
0.0,0.2672814
1.0,0.6201574
0.0,0.23913881
0.0,0.7443574
0.0,0.26216948
0.0,0.21260723
0.0,0.22771469
1.0,0.65554047
1.0,0.00062572956
0.0,0.6591815
1.0,0.5378271
0.0,0.21687338
1.0,0.6147555
0.0,0.1781424
0.0,0.2705945
0.0,0.66867936
0.0,0.5448471
0.0,0.2135297
0.0,0.17999488
1.0,0.7064737
0.0,0.19369185
1.0,0.61990976
1.0,0.5830842
1.0,0.62464815
0.0,0.15972796
0.0,0.62221265
0.0,0.22038656
0.0,0.19890052
0.0,0.30134404
1.0,0.6004716
0.0,0.3494202
0.0,0.3524136
0.0,0.312746
0.0,0.18027377
0.0,0.17782217
0.0,0.34180498
0.0,0.63202125
0.0,0.16254324
0.0,0.40710413
1.0,0.7358556
0.0,0.3518051
0.0,0.16560012
0.0,0.2042104
0.0,0.09660667
1.0,0.64611787
0.0,0.48346364
1.0,0.6594213
0.0,0.50484294
1.0,0.698519
1.0,0.5707632
0.0,0.21214864
0.0,0.29489946
0.0,0.3160802
0.0,0.072466165
0.0,0.26888627
0.0,0.48818645
1.0,0.60275805
0.0,0.19645557
1.0,0.46844566
0.0,0.48110402
0.0,0.16125193
0.0,0.3447315
1.0,0.7690393
0.0,0.19445837
1.0,0.7284092
0.0,0.27504963
0.0,0.23819545
0.0,0.5212118
0.0,0.6351434
0.0,0.37528202
0.0,0.37786743
1.0,0.54110557
1.0,0.6531898
0.0,0.3092453
0.0,0.075553894
0.0,0.20254233
1.0,0.60032135
0.0,0.24468139
1.0,0.4420539
0.0,0.4222905
1.0,0.64134413
1.0,0.6365057
0.0,0.062467575
0.0,0.24006796
0.0,0.21312273
1.0,0.5642834
0.0,0.479418
0.0,0.43349645
1.0,0.66086364
1.0,0.60231197
0.0,0.3276263
0.0,0.2617666
1.0,0.5235721
0.0,0.279766
0.0,0.21752587
0.0,0.22108492
1.0,0.52490866
0.0,0.2628557
0.0,0.19617656
1.0,0.5608148
1.0,0.538269
0.0,0.36027268
0.0,0.22523215
0.0,0.30163598
1.0,0.6755614
1.0,0.73400843
1.0,0.5219756
0.0,0.29780877
0.0,0.12493494
0.0,0.3347403
0.0,0.15773669
1.0,0.6285423
0.0,0.223973
0.0,0.56377506
0.0,0.26320308
0.0,0.46334726
0.0,0.19857436
0.0,0.21156856
0.0,0.51184547
0.0,0.19142959
0.0,0.219367
1.0,0.47650647
1.0,0.5794234
0.0,0.7235439
0.0,0.5588602
1.0,0.38125694
0.0,0.15539297
1.0,0.5652812
0.0,0.27910918
0.0,0.28658494
1.0,0.69950956
1.0,0.6272495
0.0,0.62303805
0.0,0.368239
1.0,0.39952004
0.0,0.30266264
0.0,0.85471153
0.0,0.7452382
0.0,0.14261961
1.0,0.53609973
1.0,0.3109802
0.0,0.3197271
0.0,0.16859865
0.0,0.25486577
1.0,0.6426971
0.0,0.25423518
1.0,0.42397237
0.0,0.36859798
1.0,0.55709386
1.0,0.48109478
0.0,0.3655429
1.0,0.43819708
0.0,0.23847899
0.0,0.15269968
1.0,0.8084514
1.0,0.55032104
0.0,0.22267544
0.0,0.5006267
0.0,0.64700735
0.0,0.48267353
1.0,0.6231926
0.0,0.3451689
0.0,0.48014614
0.0,0.19330633
1.0,0.6561743
0.0,0.23203495
0.0,0.68756944
1.0,0.6203569
0.0,0.12267038
0.0,0.58400196
0.0,0.21878558
1.0,0.41408414
0.0,0.5168644
1.0,0.6273416
0.0,0.24968043
1.0,0.2716073
1.0,0.4309057
1.0,0.7127615
1.0,0.5881183
0.0,0.2329413
1.0,0.55635405
0.0,0.30412638
1.0,0.72269505
1.0,0.46297598
0.0,0.5740555
1.0,0.5697172
0.0,0.18166003
1.0,0.44660896
1.0,0.3486023
0.0,0.23399213
0.0,0.66494155
1.0,0.74445295
1.0,0.55789405
0.0,0.3522244
0.0,0.5074168
0.0,0.16768676
0.0,0.20965883
0.0,0.37718272
1.0,0.5910318
1.0,0.6686373
1.0,0.4376517
1.0,0.5564779
1.0,0.6618601
1.0,0.70433635
0.0,0.44775745
1.0,0.65763044
0.0,0.2219894
0.0,0.1873124
0.0,0.34007174
1.0,0.3136334
1.0,0.4389717
0.0,0.36879998
0.0,0.21311045
0.0,0.62135786
1.0,0.5278726
1.0,0.5641143
1.0,0.6585591
0.0,0.3088661
0.0,0.6448729
0.0,0.29328668
0.0,0.48013347
0.0,0.24277946
0.0,0.23290095
1.0,0.6629264
1.0,0.6016532
0.0,0.230719
0.0,0.27214664
0.0,0.41093823
0.0,0.535209
0.0,0.028239638
0.0,0.43609813
0.0,0.46434733
1.0,0.46998367
0.0,0.2994531
1.0,0.61334866
0.0,0.25551003
0.0,0.62310493
0.0,0.47858134
0.0,0.49301806
1.0,0.63056266
1.0,0.5667127
1.0,0.5693099
1.0,0.6348207
0.0,0.186793
0.0,0.56332463
1.0,0.5200954
1.0,0.66317886
0.0,0.3376451
0.0,0.19062653
0.0,0.46501213
1.0,0.35452902
0.0,0.22149536
1.0,0.366373
0.0,0.22724316
0.0,0.3577181
0.0,0.21172842
0.0,0.28271258
0.0,0.4725477
0.0,0.17804366
0.0,0.29663777
1.0,0.6767652
0.0,0.22746125
0.0,0.34286565
0.0,0.17510194
1.0,0.47590852
0.0,0.20953289
1.0,0.6546284
0.0,0.20896038
0.0,0.19964516
0.0,0.19730791
0.0,0.45321652
0.0,0.18554598
0.0,0.20329729
1.0,0.5927371
0.0,0.39289665
1.0,0.5642514
1.0,0.59275776
0.0,0.25953686
0.0,0.36008614
1.0,0.55024403
1.0,0.7453359
0.0,0.3020206
0.0,0.42598334
0.0,0.20196241
0.0,0.4452829
0.0,0.27465025
1.0,0.6315921
0.0,0.25967568
1.0,0.43732002
1.0,0.4034481
0.0,0.6591524
0.0,0.4451365
0.0,0.18373293
0.0,0.1946891
0.0,0.51237065
0.0,0.21509752
0.0,0.29900897
0.0,0.5025563
1.0,0.60517645
1.0,0.6202557
0.0,0.3098926
0.0,0.25539345
0.0,0.5067554
1.0,0.62700844
0.0,0.24437052
0.0,0.25711292
1.0,0.5117694
1.0,0.6298846
0.0,0.5067052
0.0,0.38975722
0.0,0.22469524
1.0,0.69111717
0.0,0.22967407
1.0,0.57834977
1.0,0.50256693
0.0,0.25551468
0.0,0.30637777
0.0,0.24151146
1.0,0.53071797
0.0,0.48578405
1.0,0.5097562
0.0,0.20660666
1.0,0.66822517
0.0,0.35789743
0.0,0.23000565
0.0,0.25573045
1.0,0.72550267
0.0,0.46770024
1.0,0.6942444
1.0,0.39663526
0.0,0.18010855
1.0,0.31101394
0.0,0.3134176
1.0,0.38330406
0.0,0.23543325
1.0,0.5956137
0.0,0.16634879
1.0,0.6223664
1.0,0.71694005
1.0,0.7453903
0.0,0.21462527
1.0,0.63241565
1.0,0.5272691
0.0,0.21518409
1.0,0.61193186
1.0,0.29061136
1.0,0.39294794
0.0,0.5492586
0.0,0.21095748
0.0,0.64779836
0.0,0.46626422
