0.0,0.69396615
0.0,0.6183328
1.0,0.57080054
0.0,0.41952083
1.0,0.45954874
0.0,0.18001994
1.0,0.7654959
1.0,0.86391544
1.0,0.7105129
0.0,0.17235953
0.0,0.88318706
1.0,0.89217794
0.0,0.14977604
0.0,0.43269852
0.0,0.17000854
0.0,0.16066012
1.0,0.6079455
0.0,0.18155792
0.0,0.18584579
1.0,0.53953165
1.0,0.61860085
0.0,0.20339152
1.0,0.8169663
0.0,0.1868209
0.0,0.20511845
1.0,0.7783878
0.0,0.47791696
1.0,0.7491978
0.0,0.2520147
1.0,0.8356105
0.0,0.14328453
0.0,0.55672246
1.0,0.908684
1.0,0.93401825
1.0,0.0028067231
1.0,0.7575287
1.0,0.65471756
0.0,0.17219484
1.0,0.6825132
1.0,0.46396115
1.0,0.8456075
1.0,0.87535787
0.0,0.19625223
1.0,0.6538198
1.0,0.85557115
0.0,0.24546373
0.0,0.1304653
0.0,0.23135656
0.0,0.16834116
1.0,0.87901187
0.0,0.47221783
1.0,0.7793218
1.0,0.94938743
1.0,0.720474
0.0,0.15008411
0.0,0.1793823
0.0,0.57684326
1.0,0.39353204
1.0,0.83863163
1.0,0.5334718
1.0,0.88684744
0.0,0.47634882
1.0,0.90096915
1.0,0.74176645
1.0,0.79492044
0.0,0.43829933
0.0,0.06965488
1.0,0.8352923
0.0,0.10702291
1.0,0.7796059
0.0,0.29534423
1.0,0.8305015
0.0,0.0938589
0.0,0.25169763
1.0,0.9973431
0.0,0.99386203
0.0,0.12244594
0.0,0.48532337
0.0,0.2029461
1.0,0.75831944
0.0,0.14457172
1.0,0.9196677
1.0,0.890147
1.0,0.97660744
1.0,0.89805055
1.0,0.7197959
1.0,0.88380384
0.0,0.43589404
0.0,0.2158823
1.0,0.51103103
0.0,0.16840702
1.0,0.46092802
0.0,0.20060164
0.0,0.6732706
0.0,0.34517354
1.0,0.77948487
0.0,0.101757795
0.0,0.21718198
1.0,0.71550494
1.0,0.8140216
0.0,0.15520671
0.0,0.25525296
1.0,0.11906406
0.0,0.38609192
0.0,0.3644439
1.0,0.7928642
1.0,0.20351931
0.0,0.24389935
1.0,0.16055006
1.0,0.88880455
1.0,0.71895814
0.0,0.2458263
1.0,0.36148506
0.0,0.36014822
0.0,0.18153319
1.0,0.69699377
0.0,0.3209277
1.0,0.7706251
1.0,0.6267599
1.0,0.9302192
0.0,0.43423325
1.0,0.85860264
0.0,0.73495
0.0,0.13228172
0.0,0.6862454
1.0,0.8788241
0.0,0.14837825
0.0,0.25029045
1.0,0.8669632
1.0,0.6603055
1.0,0.9154325
0.0,0.19158438
0.0,0.15909708
1.0,0.64771193
1.0,0.9171131
0.0,0.66782033
0.0,0.20672673
0.0,0.2065888
0.0,0.4066786
0.0,0.23077413
1.0,0.68635935
0.0,0.2522661
1.0,0.33467448
0.0,0.18956113
0.0,0.13968354
0.0,0.11166707
1.0,0.42495015
0.0,0.11817488
0.0,0.11893538
0.0,0.30536744
0.0,0.45893234
0.0,0.15130818
0.0,0.14317453
0.0,0.79909587
0.0,0.34715223
1.0,0.77698755
0.0,0.14890888
0.0,0.19238147
1.0,0.95092016
0.0,0.24589503
0.0,0.58152705
0.0,0.46910533
0.0,0.20286447
0.0,0.4380785
1.0,0.90648544
0.0,0.30701268
1.0,0.6839099
0.0,0.2338818
0.0,0.15094337
1.0,0.714254
0.0,0.667318
0.0,0.7735385
0.0,0.6619341
0.0,0.10381043
1.0,0.72839403
1.0,0.693592
0.0,0.2635789
1.0,0.5215136
0.0,0.6251305
1.0,0.84912366
1.0,0.7993914
1.0,0.7354109
1.0,0.8526366
1.0,0.8186861
0.0,0.7928699
0.0,0.084131
0.0,0.25126034
0.0,0.93164337
0.0,0.21890533
0.0,0.17831978
1.0,0.5333819
0.0,0.14581752
0.0,0.6938656
1.0,0.8087276
1.0,0.50421137
1.0,0.8026663
0.0,0.1379691
0.0,0.26858345
0.0,0.16636628
1.0,0.32723647
0.0,0.4349091
0.0,0.65911883
0.0,0.94832075
0.0,0.3970431
0.0,0.411592
1.0,0.4778203
0.0,0.16085774
1.0,0.37865365
0.0,0.1195263
0.0,0.3095848
0.0,0.13498896
1.0,0.9210998
0.0,0.1881803
0.0,0.24917269
0.0,0.16503066
0.0,0.12610886
0.0,0.7555913
0.0,0.40617692
1.0,0.9284979
0.0,0.20080033
0.0,0.12792656
1.0,0.74230677
1.0,0.8991424
0.0,0.62233293
0.0,0.1441617
0.0,0.113131315
0.0,0.38892883
0.0,0.25032574
0.0,0.33324432
1.0,0.7698908
0.0,0.3227015
1.0,0.43707484
0.0,0.23102796
1.0,0.75479054
1.0,0.62419826
0.0,0.1584104
0.0,0.20768201
0.0,0.1903612
1.0,0.7646743
1.0,0.812098
1.0,0.918989
1.0,0.6259431
0.0,0.14366785
0.0,0.6886249
1.0,0.9152323
0.0,0.65259105
0.0,0.14446688
0.0,0.14191043
0.0,0.31763247
0.0,0.23716351
0.0,0.16178375
0.0,0.043102533
1.0,0.6074252
0.0,0.14353856
0.0,0.4404585
0.0,0.26149684
1.0,0.7461427
1.0,0.8186331
0.0,0.17484656
0.0,0.18344855
0.0,0.16467884
1.0,0.8505095
0.0,0.26299644
0.0,0.14161554
0.0,0.24750486
0.0,0.13974726
1.0,0.81621087
1.0,0.88439214
1.0,0.92827976
0.0,0.15825394
1.0,0.81289065
0.0,0.9152378
0.0,0.18587479
0.0,0.36014894
1.0,0.7953009
1.0,0.7392053
0.0,0.11679101
0.0,0.11980626
1.0,0.6520154
1.0,0.56874764
0.0,0.32539862
1.0,0.51875424
1.0,0.8883418
0.0,0.45436183
0.0,0.22943482
0.0,0.32067814
0.0,0.19120812
0.0,0.42223853
0.0,0.19013423
1.0,0.91069436
0.0,0.18776679
0.0,0.15984878
1.0,0.94724596
0.0,0.17684686
1.0,0.8682571
1.0,0.16078633
1.0,0.7735292
1.0,0.7226663
1.0,0.7911398
0.0,0.17263845
1.0,0.8387904
0.0,0.7109176
1.0,0.9618867
0.0,0.7329345
0.0,0.36166483
0.0,0.23227373
0.0,0.45638874
0.0,0.46819797
1.0,0.9193225
0.0,0.8495086
1.0,0.404085
0.0,0.63748914
1.0,0.7862387
1.0,0.9269679
0.0,0.19688073
0.0,0.13128585
0.0,0.12890211
1.0,0.84107196
1.0,0.33844078
0.0,0.10975632
0.0,0.13763732
0.0,0.13218394
0.0,0.21754372
1.0,0.83795774
1.0,0.66373456
0.0,0.19072503
0.0,0.39738157
1.0,0.63713455
1.0,0.8230338
1.0,0.6222601
0.0,0.28163517
0.0,0.5568636
0.0,0.16853207
0.0,0.75146043
1.0,0.84976256
1.0,0.6826435
0.0,0.2670117
0.0,0.35219866
0.0,0.14629108
0.0,0.22329834
0.0,0.09393397
0.0,0.42665845
1.0,0.5853735
0.0,0.47563776
0.0,0.1902239
0.0,0.21657479
0.0,0.7527107
0.0,0.7842789
0.0,0.19403818
0.0,0.12894273
1.0,0.59708863
0.0,0.22061235
1.0,0.72375506
0.0,0.075026035
0.0,0.37520957
0.0,0.4240733
0.0,0.13810784
0.0,0.7112116
1.0,0.53746784
1.0,0.81811
0.0,0.40193442
1.0,0.8569687
0.0,0.13576037
0.0,0.36890316
0.0,0.3571758
0.0,0.76152545
0.0,0.14387661
0.0,0.051499695
1.0,0.5632107
0.0,0.15363848
1.0,0.8756225
0.0,0.24310598
1.0,0.35349697
0.0,0.2985397
1.0,0.27462012
1.0,0.9085666
1.0,0.88679874
0.0,0.13528684
0.0,0.19751182
1.0,0.78200537
0.0,0.2088353
0.0,0.16325757
1.0,0.16793492
1.0,0.961702
0.0,0.45588103
1.0,0.73894596
1.0,0.9091166
0.0,0.7737608
0.0,0.18688917
0.0,0.34067607
0.0,0.20798111
0.0,0.14931425
0.0,0.3172083
1.0,0.93993247
0.0,0.5704887
1.0,0.5746394
1.0,0.40553188
0.0,0.15519118
0.0,0.372821
0.0,0.7011706
1.0,0.9312236
1.0,0.78018296
1.0,0.6318902
0.0,0.36144853
1.0,0.9036436
1.0,0.6585449
0.0,0.080632955
0.0,0.4830508
0.0,0.75691116
0.0,0.74288327
1.0,0.78121305
0.0,0.17052379
1.0,0.5417638
0.0,0.50031245
0.0,0.22943473
0.0,0.23476914
0.0,0.15091592
0.0,0.24567497
0.0,0.17676419
0.0,0.16524428
0.0,0.1646724
0.0,0.19849962
0.0,0.6700158
0.0,0.27536476
0.0,0.143354
0.0,0.701684
0.0,0.14984417
1.0,0.66670907
0.0,0.32987046
1.0,0.8905119
0.0,0.22823614
0.0,0.1159679
0.0,0.2107197
0.0,0.7216484
0.0,0.5793226
0.0,0.26030046
0.0,0.33165717
0.0,0.07855368
0.0,0.12434459
0.0,0.28742868
0.0,0.60221285
1.0,0.7877629
0.0,0.17657974
0.0,0.14838552
0.0,0.3453914
0.0,0.29615086
1.0,0.61899936
0.0,0.68058383
1.0,0.4284486
0.0,0.13839018
0.0,0.24095216
1.0,0.9050241
0.0,0.66321915
1.0,0.6689782
1.0,0.8067626
1.0,0.8788923
1.0,0.78381145
0.0,0.10341561
1.0,0.6747024
0.0,0.13086474
0.0,0.19028756
0.0,0.63010377
1.0,0.6968416
0.0,0.09473139
0.0,0.11344725
1.0,0.9920296
1.0,0.97305095
0.0,0.3939541
0.0,0.11336094
1.0,0.6769254
0.0,0.19865635
1.0,0.7604807
0.0,0.9488747
0.0,0.47962084
1.0,0.79324144
0.0,0.8230063
0.0,0.090854615
1.0,0.32795185
0.0,0.32715994
1.0,0.9369826
0.0,0.15304008
1.0,0.60200393
1.0,0.5941925
1.0,0.60003483
1.0,0.9386746
0.0,0.61957234
0.0,0.17602932
1.0,0.6102586
0.0,0.22417825
0.0,0.6258039
1.0,0.7280438
1.0,0.68151796
1.0,0.7869866
0.0,0.2465643
1.0,0.8585097
1.0,0.6329021
0.0,0.264868
1.0,0.92319727
0.0,0.36976653
1.0,0.7731063
1.0,0.7153574
0.0,0.62252665
0.0,0.5342698
1.0,0.8379675
0.0,0.15365127
1.0,0.8997937
0.0,0.6416401
0.0,0.15087286
0.0,0.7532628
1.0,0.9591094
0.0,0.08853626
0.0,0.13360777
0.0,0.76212907
1.0,0.7112673
0.0,0.14885885
0.0,0.14284283
0.0,0.2955501
0.0,0.83332866
1.0,0.6766348
1.0,0.7517317
0.0,0.2933355
0.0,0.50968933
0.0,0.29442248
0.0,0.64021844
0.0,0.15405312
1.0,0.8798717
0.0,0.2940943
1.0,0.85846853
0.0,0.61655444
0.0,0.22754127
1.0,0.77823997
0.0,0.20492926
0.0,0.5044452
0.0,0.18638432
0.0,0.17561829
0.0,0.9449086
0.0,0.14924666
0.0,0.23091352
0.0,0.23623544
1.0,0.7282858
1.0,0.8181458
0.0,0.16305885
0.0,0.21893078
1.0,0.84350264
0.0,0.1903727
1.0,0.78628457
0.0,0.22403032
0.0,0.11526063
1.0,0.7133496
0.0,0.4875085
1.0,0.5759771
0.0,0.49239928
1.0,0.5825348
0.0,0.20742077
0.0,0.21222672
0.0,0.75142145
1.0,0.8828846
0.0,0.105232894
0.0,0.20830953
0.0,0.08332944
0.0,0.793571
1.0,0.4947422
0.0,0.22000429
0.0,0.10840708
1.0,0.882347
1.0,0.32913834
0.0,0.35009763
1.0,0.57582957
0.0,0.6105788
0.0,0.6518336
1.0,0.7778486
1.0,0.8733943
0.0,0.21125463
1.0,0.9290975
1.0,0.8734373
0.0,0.2107003
0.0,0.53300375
0.0,0.2425848
1.0,0.27171314
0.0,0.06989816
0.0,0.13538277
0.0,0.18071881
1.0,0.944959
1.0,0.7252898
0.0,0.20060244
1.0,0.5055196
1.0,0.58774775
0.0,0.3680033
1.0,0.80143416
0.0,0.329989
1.0,0.7447154
0.0,0.24897012
1.0,0.65034676
0.0,0.2129209
0.0,0.15229335
1.0,0.77459407
0.0,0.15359437
1.0,0.7703179
0.0,0.1959452
0.0,0.10651761
0.0,0.19274375
1.0,0.7412364
0.0,0.52752787
1.0,0.47092414
0.0,0.14574865
1.0,0.8071974
1.0,0.76105237
0.0,0.0902589
1.0,0.7013452
1.0,0.81881
1.0,0.65499747
1.0,0.63052803
0.0,0.47535405
0.0,0.25066668
0.0,0.76269853
1.0,0.7435113
1.0,0.558161
0.0,0.30543673
0.0,0.1701279
0.0,0.88646734
1.0,0.9067291
0.0,0.43984285
1.0,0.1558626
1.0,0.7704277
0.0,0.21778926
0.0,0.1855411
1.0,0.85089254
0.0,0.69507265
1.0,0.8123188
0.0,0.40970367
0.0,0.22859266
0.0,0.3003504
1.0,0.54479355
0.0,0.30000103
1.0,0.94253564
0.0,0.15611288
1.0,0.70349324
0.0,0.409822
0.0,0.34773192
1.0,0.59005046
1.0,0.46228224
1.0,0.6425929
1.0,0.65407425
0.0,0.21277186
0.0,0.18690827
0.0,0.72543395
0.0,0.10124001
1.0,0.7653388
1.0,0.48017037
0.0,0.12558487
0.0,0.17003602
0.0,0.13716331
1.0,0.4349079
0.0,0.15343285
0.0,0.2581421
0.0,0.2033048
0.0,0.7205255
0.0,0.29851592
0.0,0.37584728
1.0,0.8147149
0.0,0.71694326
1.0,0.4288513
0.0,0.32484108
0.0,0.4795838
1.0,0.6084978
1.0,0.7546544
1.0,0.807801
0.0,0.107614696
0.0,0.19358978
1.0,0.5733913
0.0,0.13190082
0.0,0.13118294
0.0,0.2929855
1.0,0.7539327
0.0,0.17438132
0.0,0.21377486
1.0,0.9120606
0.0,0.49539402
1.0,0.9478904
1.0,0.74461836
1.0,0.86941695
0.0,0.19835642
1.0,0.85383004
1.0,0.7806578
0.0,0.20567939
1.0,0.5802898
0.0,0.18524852
0.0,0.48360297
0.0,0.55054057
0.0,0.1446633
1.0,0.78971505
1.0,0.7683809
1.0,0.7639468
1.0,0.81605077
1.0,0.8259969
0.0,0.8487618
0.0,0.7365845
1.0,0.9329034
0.0,0.22705013
1.0,0.63620144
1.0,0.94513506
0.0,0.33501157
1.0,0.63429725
1.0,0.53758216
0.0,0.2881042
0.0,0.23385179
0.0,0.10340047
0.0,0.1516135
1.0,0.78365594
1.0,0.91770303
0.0,0.17617089
0.0,0.1654633
1.0,0.27956158
1.0,0.7061476
1.0,0.41409808
0.0,0.17971918
1.0,0.8313203
1.0,0.62982893
0.0,0.1878618
0.0,0.3608905
1.0,0.69087166
1.0,0.9525701
0.0,0.5994103
1.0,0.60002905
0.0,0.2940523
0.0,0.4314935
1.0,0.9169377
0.0,0.6329207
1.0,0.9451648
0.0,0.47208127
0.0,0.2073803
0.0,0.28677648
1.0,0.8732097
1.0,0.6848568
0.0,0.18697104
0.0,0.101632655
1.0,0.8258118
0.0,0.15586469
1.0,0.9173807
1.0,0.66655123
1.0,0.7340486
0.0,0.25794685
0.0,0.5791334
0.0,0.54183733
0.0,0.1487144
0.0,0.12052429
1.0,0.6623694
0.0,0.5798119
0.0,0.16097131
1.0,0.7876107
0.0,0.20410281
1.0,0.32376242
1.0,0.75558
0.0,0.14000893
0.0,0.5580441
0.0,0.8204465
0.0,0.10682583
0.0,0.14108786
0.0,0.0758678
0.0,0.11645451
0.0,0.8434347
1.0,0.6417477
1.0,0.90218854
0.0,0.99862486
0.0,0.7103796
0.0,0.09500003
0.0,0.1741178
0.0,0.099990785
1.0,0.41040233
0.0,0.18467581
0.0,0.046771318
1.0,0.8751314
1.0,0.39348513
0.0,0.121085584
0.0,0.8737956
0.0,0.07972774
0.0,0.42493272
0.0,0.1391156
0.0,0.30844778
1.0,0.72874105
1.0,0.85620093
1.0,0.8565348
0.0,0.12058613
1.0,0.75272703
1.0,0.8453784
0.0,0.5703713
0.0,0.10696784
1.0,0.6318165
1.0,0.44659624
1.0,0.71746707
1.0,0.65597916
1.0,0.7039375
0.0,0.36753973
0.0,0.26906097
1.0,0.54731506
0.0,0.11894691
1.0,0.5676729
0.0,0.11820078
1.0,0.561915
0.0,0.19185197
0.0,0.6770689
0.0,0.20730713
0.0,0.13823932
0.0,0.49095562
0.0,0.09320921
0.0,0.10134524
0.0,0.25206262
0.0,0.7044158
0.0,0.09849954
0.0,0.116198
1.0,0.86696184
1.0,0.45838034
1.0,0.8389817
0.0,0.7767608
0.0,0.50739855
0.0,0.36328253
0.0,0.20789161
1.0,0.6542193
1.0,0.51906145
1.0,0.8057222
1.0,0.90768874
0.0,0.83355665
0.0,0.20303768
0.0,0.110953
1.0,0.6938786
0.0,0.24248853
1.0,0.17466208
1.0,0.8145997
0.0,0.43296105
0.0,0.16066629
0.0,0.26841742
0.0,0.48967144
1.0,0.7212095
1.0,0.73915166
0.0,0.27721232
1.0,0.8512242
1.0,0.67900455
0.0,0.5012174
0.0,0.23513222
1.0,0.802058
0.0,0.103165984
0.0,0.19755647
0.0,0.14759657
0.0,0.52197015
0.0,0.16360551
1.0,0.54936767
0.0,0.22923478
0.0,0.71135765
1.0,0.93742585
1.0,0.8394835
0.0,0.8497925
0.0,0.08836219
1.0,0.8157278
0.0,0.32261986
0.0,0.08630857
1.0,0.45101812
0.0,0.33370695
0.0,0.19403175
0.0,0.24196911
1.0,0.88226783
0.0,0.43211347
1.0,0.79630715
1.0,0.7648661
1.0,0.97855866
0.0,0.1763412
1.0,0.57521474
0.0,0.15344048
1.0,0.85886693
0.0,0.22603223
1.0,0.81095195
0.0,0.23831216
0.0,0.18444943
1.0,0.9449861
0.0,0.118130624
0.0,0.14895356
1.0,0.4059459
1.0,0.6885063
1.0,0.51780295
1.0,0.6208459
1.0,0.5025625
1.0,0.89088
1.0,0.6190413
0.0,0.13811818
1.0,0.63671833
1.0,0.91671026
0.0,0.29509968
0.0,0.16270968
0.0,0.085740715
1.0,0.5212086
0.0,0.13768783
0.0,0.41698444
0.0,0.4050629
1.0,0.8571398
0.0,0.15025935
0.0,0.46463728
1.0,0.6158879
1.0,0.82388926
1.0,0.87841415
1.0,0.3661571
0.0,0.9635721
0.0,0.27504104
0.0,0.2079269
0.0,0.11926323
0.0,0.118904024
0.0,0.14850754
0.0,0.1852026
1.0,0.4334493
1.0,0.8484882
0.0,0.30524874
1.0,0.73262906
0.0,0.14634255
0.0,0.22748047
1.0,0.9305998
0.0,0.111913264
0.0,0.54096526
0.0,0.24556574
0.0,0.7404327
0.0,0.26879457
0.0,0.16079345
0.0,0.7919072
1.0,0.785185
0.0,0.26607126
0.0,0.58381677
1.0,0.8162428
0.0,0.19114494
1.0,0.7088548
0.0,0.13738996
0.0,0.14087391
0.0,0.21464872
0.0,0.4694618
0.0,0.13429111
0.0,0.13183442
0.0,0.22536871
0.0,0.32790262
0.0,0.6034051
1.0,0.6207103
0.0,0.35783398
1.0,0.86359423
0.0,0.517488
1.0,0.23641011
0.0,0.1889382
0.0,0.08976996
0.0,0.34135795
1.0,0.77350163
1.0,0.43723232
1.0,0.492343
0.0,0.15661877
0.0,0.46977124
1.0,0.8802477
0.0,0.3150887
0.0,0.24234113
1.0,0.71186835
0.0,0.23286915
1.0,0.85977185
1.0,0.6182088
0.0,0.13133529
1.0,0.6895247
0.0,0.4230048
1.0,0.44734377
0.0,0.22134465
1.0,0.96238947
0.0,0.102846116
0.0,0.8529185
0.0,0.17787105
0.0,0.34075615
0.0,0.12874678
0.0,0.20272651
0.0,0.36457908
1.0,0.8329398
0.0,0.19100878
0.0,0.13408929
0.0,0.06463131
0.0,0.22821778
0.0,0.3485021
1.0,0.7382652
0.0,0.30238223
0.0,0.18380374
1.0,0.65462124
0.0,0.4914771
1.0,0.9522872
0.0,0.82908905
1.0,0.6393511
1.0,0.8798419
0.0,0.12832993
1.0,0.9513966
0.0,0.6896641
0.0,0.16040969
0.0,0.14767137
0.0,0.26230082
1.0,0.62308985
1.0,0.94095623
0.0,0.2181637
0.0,0.43073493
1.0,0.89440894
0.0,0.30495977
1.0,0.47047997
1.0,0.2635917
1.0,0.74911433
0.0,0.18982425
1.0,0.7579319
0.0,0.19379991
1.0,0.80727625
1.0,0.45028958
0.0,0.99165547
0.0,0.72146946
0.0,0.20761627
0.0,0.5301506
1.0,0.8097224
1.0,0.8596729
1.0,0.7340609
0.0,0.08575228
0.0,0.103199065
1.0,0.008173794
0.0,0.62215203
0.0,0.04655227
0.0,0.2456792
1.0,0.6364676
0.0,0.527098
0.0,0.1708549
0.0,0.35390478
0.0,0.47808263
1.0,0.74963695
1.0,0.7202227
0.0,0.4415597
0.0,0.16504014
0.0,0.18988699
1.0,0.8607875
0.0,0.35983065
0.0,0.7676682
1.0,0.75258106
0.0,0.101944685
0.0,0.4573145
1.0,0.83262205
0.0,0.22238055
1.0,0.5032931
1.0,0.568547
0.0,0.14173111
0.0,0.18424374
0.0,0.122505456
0.0,0.13115093
1.0,0.88829494
1.0,0.97655314
1.0,0.88654244
1.0,0.64787024
0.0,0.7212343
0.0,0.20293894
1.0,0.84704685
1.0,0.898368
0.0,0.437952
0.0,0.23455602
1.0,0.6225941
0.0,0.1308924
1.0,0.8117821
0.0,0.15297657
0.0,0.6465659
1.0,0.7771255
0.0,0.34795544
0.0,0.092246264
0.0,0.22935212
0.0,0.3265313
0.0,0.5365012
1.0,0.71862197
0.0,0.2335557
1.0,0.94984066
0.0,0.35648593
1.0,0.7621156
0.0,0.4175136
1.0,0.6204265
1.0,0.908911
1.0,0.9455966
0.0,0.7447506
0.0,0.14003628
1.0,0.4744507
0.0,0.13215697
0.0,0.16948459
1.0,0.8227593
1.0,0.40980184
0.0,0.28105897
1.0,0.856402
1.0,0.8929692
0.0,0.7967967
0.0,0.16473499
0.0,0.48291996
0.0,0.12565267
0.0,0.10498878
0.0,0.8096377
1.0,0.8838309
1.0,0.9246626
1.0,0.8829627
0.0,0.046198547
0.0,0.13972569
0.0,0.26773912
0.0,0.19521105
0.0,0.31803662
0.0,0.23788577
1.0,0.81455255
1.0,0.7724259
1.0,0.771701
0.0,0.46002588
0.0,0.26722577
1.0,0.79758215
0.0,0.26856327
0.0,0.7171557
1.0,0.80131614
0.0,0.6457823
0.0,0.9988263
1.0,0.8102391
0.0,0.19911629
1.0,0.5782483
1.0,0.63240504
0.0,0.7608334
0.0,0.16114339
1.0,0.9661614
0.0,0.07977441
0.0,0.41384047
1.0,0.8043157
1.0,0.7673893
1.0,0.77415526
1.0,0.85940707
0.0,0.8374275
0.0,0.163683
0.0,0.16487482
1.0,0.78771627
0.0,0.92052925
1.0,0.8914945
0.0,0.71339667
1.0,0.8367044
1.0,0.5543188
0.0,0.29567456
0.0,0.20169109
0.0,0.051935792
0.0,0.48811948
0.0,0.26199967
0.0,0.19245937
1.0,0.5464511
1.0,0.54530334
0.0,0.52615076
1.0,0.9306115
1.0,0.44263107
0.0,0.08369687
0.0,0.29457036
1.0,0.63852423
1.0,0.3625117
0.0,0.16967368
0.0,0.43999386
0.0,0.11751488
0.0,0.20529535
1.0,0.6440021
1.0,0.9440565
0.0,0.2293925
0.0,0.10906163
0.0,0.28759664
0.0,0.4314015
0.0,0.12060419
0.0,0.24292815
0.0,0.74621207
0.0,0.6536601
0.0,0.23464546
0.0,0.1669626
0.0,0.43182665
1.0,0.85921115
1.0,0.72172856
0.0,0.095983684
0.0,0.26497194
0.0,0.037904322
0.0,0.15000877
0.0,0.3627146
0.0,0.3339377
0.0,0.14526564
0.0,0.7382072
1.0,0.65083456
1.0,0.9067105
1.0,0.73225
1.0,0.7275957
1.0,0.86067796
0.0,0.4971107
0.0,0.19993347
0.0,0.21784699
0.0,0.37404507
1.0,0.5510994
0.0,0.134603
1.0,0.5883237
0.0,0.1613653
0.0,0.7353384
0.0,0.83299845
0.0,0.29537034
0.0,0.1894409
0.0,0.67759657
0.0,0.24962902
0.0,0.12856239
1.0,0.597599
1.0,0.7109127
0.0,0.346635
0.0,0.37054262
0.0,0.1363182
0.0,0.16692957
1.0,0.8190776
0.0,0.117271304
1.0,0.40016943
0.0,0.1865685
1.0,0.38079
0.0,0.15739927
0.0,0.3945499
1.0,0.82248867
0.0,0.11486411
1.0,0.7747654
0.0,0.20984247
0.0,0.54814243
0.0,0.55018365
0.0,0.12320176
0.0,0.110143065
1.0,0.8528041
1.0,0.80722183
0.0,0.4898288
0.0,0.27743894
0.0,0.15268278
0.0,0.9923423
1.0,0.763327
0.0,0.685899
1.0,0.56237346
1.0,0.7154013
0.0,0.6473059
0.0,0.20124215
0.0,0.3032825
0.0,0.24058425
0.0,0.20651463
0.0,0.7828386
0.0,0.31136933
0.0,0.21528229
0.0,0.5332612
1.0,0.63806194
0.0,0.95381
0.0,0.11991879
1.0,0.7563018
0.0,0.18615887
0.0,0.46800467
0.0,0.13889992
0.0,0.2241525
1.0,0.31738573
1.0,0.89204365
1.0,0.9515393
0.0,0.17075762
0.0,0.16999528
0.0,0.15288523
0.0,0.7838946
0.0,0.3953408
0.0,0.6424137
1.0,0.8803911
1.0,0.8998221
1.0,0.7644822
0.0,0.19344607
1.0,0.9395765
1.0,0.64417756
0.0,0.20570219
1.0,0.85499245
0.0,0.2441239
0.0,0.20771971
0.0,0.54607785
1.0,0.894132
1.0,0.76694334
1.0,0.9246944
0.0,0.76416206
0.0,0.61957073
0.0,0.18358865
1.0,0.8572664
1.0,0.9377374
1.0,0.89119005
1.0,0.60765827
0.0,0.21357846
0.0,0.18128383
0.0,0.17955431
0.0,0.5612666
1.0,0.84554124
0.0,0.15321746
0.0,0.24018663
0.0,0.44046256
1.0,0.45691025
0.0,0.15788525
0.0,0.28685564
0.0,0.3066405
0.0,0.7319833
0.0,0.19989091
0.0,0.2538581
0.0,0.16693047
0.0,0.3670125
0.0,0.11358181
1.0,0.9297856
1.0,0.5349885
0.0,0.6172527
0.0,0.83929646
0.0,0.35092336
1.0,0.76398516
0.0,0.14556038
0.0,0.1698983
0.0,0.5724138
0.0,0.15867415
1.0,0.8326993
0.0,0.14756799
0.0,0.29640508
1.0,0.77257353
1.0,0.6318022
1.0,0.8467159
0.0,0.063845485
0.0,0.511289
1.0,0.75405616
1.0,0.90883183
1.0,0.8482695
0.0,0.86533964
0.0,0.48640501
0.0,0.14150557
1.0,0.8904669
1.0,0.9027599
0.0,0.12908086
0.0,0.6382625
1.0,0.7793348
1.0,0.85099876
0.0,0.16794172
1.0,0.80655503
1.0,0.4636869
0.0,0.20400456
1.0,0.97852385
0.0,0.22761655
0.0,0.1630112
0.0,0.810303
0.0,0.20063096
1.0,0.63410866
0.0,0.33643675
1.0,0.75630474
1.0,0.78322124
1.0,0.28099287
0.0,0.11231476
0.0,0.5112905
1.0,0.6730118
0.0,0.100669295
1.0,0.6819841
1.0,0.7530791
0.0,0.7372472
0.0,0.38120148
1.0,0.3939843
1.0,0.96518016
0.0,0.101947814
1.0,0.75121593
1.0,0.52195525
1.0,0.7112355
1.0,0.86673325
1.0,0.69129205
1.0,0.93002164
0.0,0.21733803
0.0,0.58905494
0.0,0.2532675
1.0,0.8792637
1.0,0.970417
0.0,0.39503628
0.0,0.35481274
1.0,0.55080694
0.0,0.19419837
1.0,0.8649862
0.0,0.69146377
1.0,0.8961793
1.0,0.9051311
0.0,0.38627887
1.0,0.6495484
0.0,0.21065
1.0,0.96098965
1.0,0.78904736
1.0,0.3135293
0.0,0.20652425
0.0,0.20154896
1.0,0.85516787
0.0,0.23730251
1.0,0.7996804
0.0,0.16298413
0.0,0.5107795
0.0,0.31815124
0.0,0.37034652
0.0,0.12898377
0.0,0.44254482
0.0,0.45696267
1.0,0.74598503
1.0,0.3549308
0.0,0.15497714
1.0,0.9414197
1.0,0.8125181
0.0,0.88612294
0.0,0.7943381
0.0,0.20036379
0.0,0.21632549
0.0,0.19211969
0.0,0.18971527
1.0,0.48370975
1.0,0.9668106
0.0,0.18228227
0.0,0.097990006
0.0,0.46481425
0.0,0.80957484
0.0,0.43705636
1.0,0.8078984
0.0,0.5974982
0.0,0.25022227
1.0,0.7967675
1.0,0.860363
0.0,0.29707515
0.0,0.26069194
0.0,0.14459515
1.0,0.83916974
1.0,0.67127085
0.0,0.11662668
0.0,0.28257617
0.0,0.17308903
0.0,0.33667022
0.0,0.10055652
1.0,0.8201003
1.0,0.732694
1.0,0.6374764
0.0,0.047867894
1.0,0.5554361
0.0,0.60358745
1.0,0.9596158
1.0,0.618115
0.0,0.15999648
0.0,0.08397767
0.0,0.07922453
0.0,0.4379303
0.0,0.58110327
1.0,0.93995166
0.0,0.59582484
0.0,0.5670507
0.0,0.23197734
0.0,0.09375894
0.0,0.23717189
0.0,0.3246557
0.0,0.27967432
1.0,0.56576425
1.0,0.7920549
0.0,0.0833728
0.0,0.64841086
0.0,0.63349223
0.0,0.08934453
1.0,0.81632465
0.0,0.23305959
0.0,0.54192346
1.0,0.6082335
0.0,0.76406443
0.0,0.15010244
0.0,0.15765423
0.0,0.15675208
1.0,0.88967156
1.0,0.9028667
0.0,0.16652
1.0,0.45355943
1.0,0.67184824
1.0,0.7778013
0.0,0.46520972
0.0,0.16344732
1.0,0.7156546
1.0,0.9438029
0.0,0.11348915
1.0,0.90730774
0.0,0.11752209
1.0,0.7865461
1.0,0.8735156
1.0,0.7857504
0.0,0.17953143
1.0,0.5964974
1.0,0.78920376
0.0,0.19978818
0.0,0.01660049
0.0,0.8898809
0.0,0.42359015
0.0,0.14235291
0.0,0.16127995
1.0,0.9127513
0.0,0.59637594
0.0,0.48305956
0.0,0.5865626
0.0,0.171597
0.0,0.2581984
0.0,0.2007029
1.0,0.6519236
0.0,0.236877
0.0,0.3187215
0.0,0.68857473
1.0,0.71197474
1.0,0.7085942
1.0,0.7922858
1.0,0.8186707
0.0,0.14864156
0.0,0.26347807
0.0,0.23874795
0.0,0.23866856
0.0,0.7602573
0.0,0.26004437
1.0,0.7836323
0.0,0.8654608
1.0,0.29792473
1.0,0.18593615
1.0,0.70665175
0.0,0.15798911
0.0,0.18224314
0.0,0.09586543
0.0,0.18508688
1.0,0.7103962
1.0,0.8482693
1.0,0.6074728
1.0,0.85868555
1.0,0.82310045
0.0,0.16968036
0.0,0.28058988
0.0,0.55371916
0.0,0.15253884
1.0,0.9415201
0.0,0.19491109
0.0,0.847995
1.0,0.8715648
1.0,0.6452148
0.0,0.16338226
0.0,0.3843
0.0,0.35532588
0.0,0.42133334
1.0,0.06623107
0.0,0.9730201
0.0,0.29690227
1.0,0.9575371
0.0,0.40483427
1.0,0.913995
1.0,0.8939284
0.0,0.13984904
0.0,0.7783569
0.0,0.19198737
0.0,0.26588106
1.0,0.8857887
0.0,0.18364033
0.0,0.99548596
0.0,0.78385085
0.0,0.17672613
1.0,0.87783444
1.0,0.5412684
1.0,0.83313143
1.0,0.8679582
0.0,0.26443905
0.0,0.13450915
1.0,0.76024926
0.0,0.3254553
1.0,0.42972332
0.0,0.17913601
1.0,0.91370845
1.0,0.88833
0.0,0.56670016
0.0,0.4620354
0.0,0.5921026
0.0,0.15769422
0.0,0.23335367
0.0,0.17268687
1.0,0.71560043
0.0,0.09893018
0.0,0.38915926
0.0,0.28284475
0.0,0.32258564
0.0,0.20550084
0.0,0.15265495
0.0,0.28180233
0.0,0.15578905
0.0,0.12644985
0.0,0.22312737
0.0,0.2873218
0.0,0.15481001
1.0,0.41514954
0.0,0.5915795
1.0,0.84754634
0.0,0.14815545
0.0,0.092185855
1.0,0.64461726
0.0,0.10581446
1.0,0.9065299
0.0,0.53524184
1.0,0.9071708
0.0,0.7190014
0.0,0.37045085
1.0,0.8351246
1.0,0.54054034
0.0,0.18006533
0.0,0.32605752
0.0,0.0262506
0.0,0.09126887
0.0,0.14259768
0.0,0.6975943
1.0,0.88648427
1.0,0.82023877
0.0,0.27601552
0.0,0.25755605
1.0,0.4687262
1.0,0.8006493
1.0,0.5626488
0.0,0.14425576
1.0,0.29794917
0.0,0.42374918
1.0,0.501441
0.0,0.114670485
1.0,0.6628933
0.0,0.14931816
0.0,0.17773378
0.0,0.54971826
0.0,0.6955002
1.0,0.81260246
0.0,0.20113921
0.0,0.3114905
1.0,0.9409214
0.0,0.15185425
0.0,0.78821594
0.0,0.80673456
1.0,0.9058455
0.0,0.39670104
0.0,0.12992719
0.0,0.9228866
1.0,0.7809345
0.0,0.10025889
0.0,0.60214853
0.0,0.23831505
1.0,0.64924234
0.0,0.11598328
1.0,0.91846764
0.0,0.5698373
1.0,0.78908706
1.0,0.9030211
0.0,0.72145635
1.0,0.9150585
1.0,0.92328525
0.0,0.20628461
0.0,0.6873348
0.0,0.34645045
1.0,0.9081296
0.0,0.24456868
1.0,0.7535057
1.0,0.46719483
0.0,0.17812988
1.0,0.8503485
0.0,0.43619922
1.0,0.5156041
0.0,0.6840361
1.0,0.7463729
0.0,0.69231045
1.0,0.17470953
0.0,0.35156998
0.0,0.14450642
0.0,0.14214087
0.0,0.21356228
0.0,0.10552728
0.0,0.10980332
0.0,0.100527674
0.0,0.44869998
0.0,0.32466954
0.0,0.43549192
0.0,0.50414157
0.0,0.25372612
1.0,0.38930392
1.0,0.6438313
0.0,0.7180686
1.0,0.30458367
0.0,0.21327421
0.0,0.44368345
0.0,0.8712807
0.0,0.23498058
0.0,0.2936411
0.0,0.4198872
1.0,0.68525684
0.0,0.15284622
0.0,0.16014943
1.0,0.12830618
0.0,0.11277011
1.0,0.7149875
0.0,0.23463196
0.0,0.21897283
1.0,0.58210176
0.0,0.13933134
1.0,0.8460765
0.0,0.14416352
0.0,0.08009854
0.0,0.12877885
1.0,0.94274783
0.0,0.24025252
1.0,0.7858857
1.0,0.5673982
0.0,0.800735
0.0,0.12163836
1.0,0.26109195
0.0,0.1821084
0.0,0.27319413
0.0,0.68920445
0.0,0.14302361
0.0,0.8255893
0.0,0.7312058
1.0,0.6080257
0.0,0.18379521
1.0,0.85359645
0.0,0.100634396
0.0,0.11394304
0.0,0.15283114
1.0,0.8059102
1.0,0.93695986
0.0,0.32839572
0.0,0.62387884
0.0,0.12964854
0.0,0.30771685
0.0,0.25013676
0.0,0.13228446
0.0,0.10786685
1.0,0.44541416
1.0,0.7733407
0.0,0.27680364
0.0,0.9260801
1.0,0.75266105
0.0,0.15748572
1.0,0.8909732
0.0,0.10701966
0.0,0.19073147
1.0,0.94368905
0.0,0.99082685
1.0,0.75332856
1.0,0.8387491
1.0,0.81366074
0.0,0.36493114
0.0,0.12303907
0.0,0.6700859
1.0,0.8468839
0.0,0.5122504
1.0,0.8113743
0.0,0.18217957
0.0,0.19139984
0.0,0.5998767
1.0,0.84210825
0.0,0.14053869
0.0,0.19844821
0.0,0.62741834
1.0,0.53854376
1.0,0.90989083
0.0,0.0033355951
0.0,0.21618763
1.0,0.80838513
1.0,0.74653494
1.0,0.8190403
1.0,0.5525429
0.0,0.16280985
1.0,0.71305805
0.0,0.2160975
0.0,0.27670074
0.0,0.16027373
1.0,0.7736037
0.0,0.32946697
0.0,0.33592576
0.0,0.11880511
1.0,0.671129
0.0,0.3979668
1.0,0.81897914
1.0,0.9230653
0.0,0.19364232
1.0,0.91298443
0.0,0.12530762
1.0,0.5762743
0.0,0.6204037
0.0,0.15879944
0.0,0.24379644
0.0,0.17385444
1.0,0.9245914
0.0,0.26619297
0.0,0.4661598
0.0,0.48022664
1.0,0.9541341
1.0,0.8311608
0.0,0.17231765
1.0,0.8940843
1.0,0.9577236
1.0,0.9589294
1.0,0.48324567
0.0,0.604778
1.0,0.88348377
0.0,0.2638954
0.0,0.3982797
1.0,0.5250235
0.0,0.28068438
0.0,0.14099747
0.0,0.48134115
1.0,0.5243072
0.0,0.6256165
0.0,0.52757806
1.0,0.8776864
0.0,0.19087508
1.0,0.6223904
0.0,0.2109437
0.0,0.67555785
1.0,0.74532604
1.0,0.8059209
0.0,0.14393184
1.0,0.8618267
1.0,0.7555512
0.0,0.7262814
0.0,0.57779783
1.0,0.55541444
0.0,0.43113658
1.0,0.92905414
0.0,0.20534533
0.0,0.23188335
1.0,0.49369267
1.0,0.7472757
0.0,0.19206378
1.0,0.5945985
0.0,0.2377424
0.0,0.5612321
1.0,0.8611459
0.0,0.3177308
0.0,0.553929
0.0,0.25940856
1.0,0.7610934
0.0,0.21767592
0.0,0.15122518
1.0,0.5684097
1.0,0.7197131
0.0,0.14197463
0.0,0.3557152
0.0,0.16000831
1.0,0.4916101
0.0,0.5640751
0.0,0.085515946
0.0,0.4020284
0.0,0.16669828
0.0,0.15160674
1.0,0.33470607
0.0,0.31131926
0.0,0.1153135
0.0,0.2116878
1.0,0.68388355
1.0,0.9585736
1.0,0.79151344
0.0,0.7959076
0.0,0.19056687
0.0,0.95016813
1.0,0.9116174
0.0,0.27098495
1.0,0.78472
0.0,0.18892464
1.0,0.8278055
0.0,0.30960798
1.0,0.7493751
0.0,0.8958839
1.0,0.519359
0.0,0.2717452
0.0,0.21530876
1.0,0.57170725
1.0,0.89199704
1.0,0.8859358
0.0,0.5131635
1.0,0.9007838
1.0,0.618047
1.0,0.47840577
0.0,0.16319802
1.0,0.43084377
0.0,0.44815263
0.0,0.8312948
1.0,0.60430324
0.0,0.57859135
0.0,0.20001456
0.0,0.28638387
0.0,0.2341907
0.0,0.6135458
1.0,0.8565874
1.0,0.84851587
0.0,0.51796246
0.0,0.7595583
0.0,0.23816359
1.0,0.95975137
0.0,0.545274
0.0,0.5113523
0.0,0.12617645
0.0,0.17194384
0.0,0.1835638
0.0,0.8024349
1.0,0.8730357
1.0,0.9533422
1.0,0.40372747
0.0,0.6407322
0.0,0.16731343
0.0,0.12445772
0.0,0.2080726
0.0,0.16597709
1.0,0.8777318
0.0,0.2410798
0.0,0.4427182
1.0,0.87959003
0.0,0.38315398
1.0,0.2719072
1.0,0.69809574
0.0,0.73475057
0.0,0.1256834
0.0,0.3849658
1.0,0.5818508
0.0,0.35096318
0.0,0.17416859
1.0,0.82513577
1.0,0.6812877
0.0,0.116668105
0.0,0.28996772
0.0,0.7860787
0.0,0.16306719
0.0,0.48189875
1.0,0.64013886
1.0,0.93223655
0.0,0.17038882
0.0,0.12419307
0.0,0.6774121
0.0,0.19582433
1.0,0.6630699
0.0,0.11983538
1.0,0.933869
0.0,0.19249824
1.0,0.92267823
0.0,0.115469545
1.0,0.9084269
1.0,0.6100183
0.0,0.18654376
0.0,0.48717973
0.0,0.12173447
0.0,0.19420543
1.0,0.5365706
1.0,0.28683454
1.0,0.4833997
1.0,0.33987108
1.0,0.7505902
0.0,0.042532593
1.0,0.75416267
1.0,0.5520063
0.0,0.17873472
0.0,0.19745505
0.0,0.17015287
1.0,0.6632699
1.0,0.9363806
0.0,0.71608055
0.0,0.12855503
1.0,0.70592374
0.0,0.09002486
0.0,0.26727384
1.0,0.8923386
0.0,0.59338456
0.0,0.34380585
1.0,0.6834421
1.0,0.7542387
0.0,0.11676556
0.0,0.17624658
0.0,0.36996537
1.0,0.8661423
1.0,0.8934215
0.0,0.51744264
0.0,0.5857862
1.0,0.883639
1.0,0.41706926
0.0,0.13172123
0.0,0.5525052
0.0,0.27392018
1.0,0.49251226
1.0,0.5294587
0.0,0.20259517
0.0,0.30545092
1.0,0.83911014
0.0,0.19360265
0.0,0.21256083
0.0,0.29811418
0.0,0.7743819
1.0,0.61261237
0.0,0.6008461
0.0,0.12744957
0.0,0.8268783
0.0,0.4977997
0.0,0.1792346
1.0,0.8562078
1.0,0.6098162
0.0,0.3244781
1.0,0.94859445
0.0,0.38190264
1.0,0.9426048
1.0,0.14410806
1.0,0.92372894
0.0,0.11580783
0.0,0.75194883
0.0,0.11785656
1.0,0.9718552
0.0,0.18446442
1.0,0.84875953
0.0,0.2004984
0.0,0.12598285
1.0,0.5067668
1.0,0.96035403
0.0,0.119374454
1.0,0.6551174
0.0,0.19816202
1.0,0.70908713
0.0,0.13241056
1.0,0.6288961
1.0,0.5499401
0.0,0.22631997
0.0,0.08941707
0.0,0.22017735
0.0,0.1407536
0.0,0.12785044
0.0,0.6828978
0.0,0.38710937
0.0,0.15578377
0.0,0.91059697
0.0,0.07559812
1.0,0.86253333
0.0,0.6456026
0.0,0.20353347
1.0,0.9609487
0.0,0.27786756
1.0,0.90939045
0.0,0.2064875
1.0,0.8712958
0.0,0.1475097
0.0,0.18082699
1.0,0.95149815
0.0,0.23275372
0.0,0.15236446
0.0,0.1865572
1.0,0.9032881
1.0,0.6011105
0.0,0.12798142
1.0,0.81112397
1.0,0.5023276
1.0,0.8762497
0.0,0.5722048
1.0,0.35429728
1.0,0.81303716
0.0,0.5259451
1.0,0.5407424
1.0,0.49436343
0.0,0.1944462
0.0,0.16037878
0.0,0.2540815
0.0,0.21858653
0.0,0.1441333
0.0,0.24148864
0.0,0.16979972
0.0,0.06788957
1.0,0.7735717
0.0,0.32116336
0.0,0.17275676
0.0,0.22718498
0.0,0.26682788
1.0,0.7717768
0.0,0.11026263
1.0,0.7912853
0.0,0.5671594
0.0,0.19636288
1.0,0.5526556
1.0,0.77434236
0.0,0.3244943
0.0,0.3100206
1.0,0.7736584
0.0,0.7996981
0.0,0.389528
1.0,0.64878434
1.0,0.635646
1.0,0.67463505
1.0,0.7314949
0.0,0.25635976
0.0,0.11561531
1.0,0.33181858
0.0,0.15921977
0.0,0.12854582
1.0,0.91696143
1.0,0.810458
1.0,0.89220405
0.0,0.148081
1.0,0.474557
1.0,0.84534574
1.0,0.8709078
0.0,0.15952489
0.0,0.18077484
1.0,0.54228044
0.0,0.14431834
0.0,0.71913266
0.0,0.3043394
1.0,0.6949096
0.0,0.19562826
0.0,0.26632756
0.0,0.19216955
0.0,0.651371
0.0,0.38933772
0.0,0.11590958
0.0,0.8817922
1.0,0.903901
0.0,0.1809097
1.0,0.6510427
0.0,0.18626803
0.0,0.4285157
0.0,0.86822504
1.0,0.14494136
0.0,0.6425762
0.0,0.20490462
0.0,0.13736016
0.0,0.47842437
0.0,0.3256861
1.0,0.8130208
0.0,0.4697327
1.0,0.7489245
0.0,0.1949937
0.0,0.2865111
0.0,0.15015152
0.0,0.4536326
0.0,0.27506983
0.0,0.5519659
0.0,0.3588636
0.0,0.18810418
1.0,0.7486205
0.0,0.18678698
1.0,0.6999473
1.0,0.6490521
0.0,0.2650392
0.0,0.19813067
1.0,0.8691516
0.0,0.1297274
1.0,0.6399403
1.0,0.6579658
0.0,0.18436366
1.0,0.7737458
0.0,0.18722498
1.0,0.89480233
0.0,0.4432146
0.0,0.5344136
1.0,0.5713581
0.0,0.51281774
0.0,0.09371063
0.0,0.32492316
1.0,0.6306935
1.0,0.33637664
0.0,0.10852328
0.0,0.49839777
1.0,0.6896822
0.0,0.5512945
1.0,0.5094747
0.0,0.5532229
1.0,0.56343526
0.0,0.5907843
0.0,0.27801615
0.0,0.79526556
0.0,0.14560375
0.0,0.44516844
1.0,0.11935276
0.0,0.48312485
1.0,0.8497551
0.0,0.16314891
1.0,0.5682559
0.0,0.10533461
0.0,0.1179423
0.0,0.18843463
0.0,0.18251473
0.0,0.23752081
0.0,0.999702
0.0,0.32777548
0.0,0.36233348
1.0,0.802935
0.0,0.17706317
0.0,0.21138951
1.0,0.7513638
1.0,0.56619495
0.0,0.20921999
0.0,0.12137678
1.0,0.76520777
0.0,0.3176788
1.0,0.4018829
1.0,0.83078694
1.0,0.74061346
1.0,0.75420284
0.0,0.17528844
0.0,0.1083543
1.0,0.708413
0.0,0.33362353
1.0,0.90080225
1.0,0.6480833
1.0,0.7013084
0.0,0.4691355
0.0,0.15245873
0.0,0.22055644
0.0,0.11336303
1.0,0.744308
1.0,0.79545873
0.0,0.42157412
0.0,0.25057754
0.0,0.4219789
0.0,0.38767913
1.0,0.40996528
1.0,0.7546805
1.0,0.55359745
0.0,0.8194488
1.0,0.44434568
1.0,0.6754382
1.0,0.7020303
1.0,0.9133286
0.0,0.65641856
0.0,0.7109798
0.0,0.6567972
0.0,0.18643478
1.0,0.6806681
1.0,0.9600941
1.0,0.82500637
1.0,0.784837
0.0,0.2957151
0.0,0.16858259
0.0,0.19587693
0.0,0.3025669
1.0,0.641322
0.0,0.15428421
0.0,0.15229645
0.0,0.99973714
0.0,0.14950931
1.0,0.6972096
1.0,0.86183774
1.0,0.9292259
0.0,0.255671
0.0,0.6018415
1.0,0.7152899
1.0,0.96094394
0.0,0.25942898
1.0,0.8406667
0.0,0.22193286
1.0,0.94004214
1.0,0.9030401
1.0,0.53410804
0.0,0.22065574
0.0,0.31582698
1.0,0.9200194
0.0,0.23783106
0.0,0.39682359
1.0,0.8424774
0.0,0.2460368
0.0,0.17196992
0.0,0.2412067
1.0,0.6625161
0.0,0.67574114
0.0,0.57081705
1.0,0.774108
0.0,0.5241878
0.0,0.20208952
0.0,0.24538875
0.0,0.33940804
1.0,0.77512723
0.0,0.65025645
0.0,0.1553519
0.0,0.11303228
1.0,0.8175554
0.0,0.18963099
0.0,0.086991996
1.0,0.45824796
0.0,0.5192916
0.0,0.21868935
1.0,0.96088696
1.0,0.5990113
0.0,0.13664654
1.0,0.44881603
1.0,0.5816949
0.0,0.61065733
0.0,0.5832968
1.0,0.67792624
1.0,0.773985
0.0,0.10864115
1.0,0.5376498
1.0,0.6353891
1.0,0.6534018
0.0,0.13042802
1.0,0.43539792
0.0,0.19775054
1.0,0.710456
0.0,0.18230471
1.0,0.91429275
0.0,0.6846863
0.0,0.30911744
1.0,0.75191605
0.0,0.19291532
1.0,0.8032958
1.0,0.5992474
1.0,0.8687046
1.0,0.32303005
0.0,0.116547525
1.0,0.55438
0.0,0.42722812
0.0,0.15564534
0.0,0.14409891
0.0,0.28605527
1.0,0.8505711
0.0,0.17425075
0.0,0.4498959
0.0,0.55063075
0.0,0.58166987
1.0,0.87498367
0.0,0.6666809
0.0,0.13768315
0.0,0.20923284
0.0,0.6194247
1.0,0.62283015
0.0,0.20278525
1.0,0.87788427
1.0,0.92137694
0.0,0.5860034
0.0,0.12570578
0.0,0.16342321
1.0,0.96501184
0.0,0.15487078
1.0,0.4288568
1.0,0.42510697
1.0,0.80845916
0.0,0.67493397
0.0,0.48033357
0.0,0.15715727
0.0,0.68004745
0.0,0.16136277
0.0,0.19177565
0.0,0.38787788
1.0,0.6080567
0.0,0.21597707
1.0,0.787668
0.0,0.43730605
1.0,0.9020733
1.0,0.77887386
1.0,0.64152455
1.0,0.6531657
0.0,0.57815915
0.0,0.7475239
0.0,0.3076632
1.0,0.6176901
1.0,0.80697465
0.0,0.15409487
1.0,0.57577026
1.0,0.79860926
1.0,0.8853442
1.0,0.7390475
0.0,0.7217264
0.0,0.34756425
1.0,0.85053694
0.0,0.15930527
0.0,0.45690355
1.0,0.9258947
0.0,0.069977075
0.0,0.5990897
0.0,0.23843673
0.0,0.16352504
0.0,0.2912346
1.0,0.9481454
0.0,0.17076337
0.0,0.47089493
1.0,0.55936
0.0,0.24092352
1.0,0.8816891
0.0,0.34537232
0.0,0.16619164
0.0,0.1754069
0.0,0.15549561
1.0,0.6891906
0.0,0.35208464
0.0,0.709211
1.0,0.86714184
1.0,0.64171875
0.0,0.18835106
0.0,0.18789852
0.0,0.13006055
1.0,0.6038049
0.0,0.17033851
1.0,0.7922313
1.0,0.70264703
1.0,0.46056002
1.0,0.6775352
1.0,0.7260248
0.0,0.87890846
1.0,0.76829267
1.0,0.9088235
0.0,0.18399072
0.0,0.14188772
0.0,0.24619031
1.0,0.75769556
0.0,0.19401142
0.0,0.15961835
0.0,0.35518983
1.0,0.9026184
0.0,0.43896827
1.0,0.66957414
0.0,0.13497686
0.0,0.6818947
0.0,0.2529661
0.0,0.23215604
0.0,0.17658967
1.0,0.6948607
1.0,0.90811545
0.0,0.21351221
0.0,0.38269526
1.0,0.7127666
0.0,0.11028004
1.0,0.8582156
0.0,0.24151471
0.0,0.1943261
0.0,0.20092338
1.0,0.8256065
1.0,0.77519727
0.0,0.2400927
0.0,0.4743467
1.0,0.49235162
0.0,0.42730653
0.0,0.22092217
1.0,0.753376
1.0,0.9719541
1.0,0.89733267
0.0,0.22244292
1.0,0.7442751
1.0,0.62367946
0.0,0.28997123
0.0,0.3401441
0.0,0.19691166
0.0,0.20334518
0.0,0.094979435
0.0,0.3208524
1.0,0.6395375
1.0,0.7612026
0.0,0.15895748
0.0,0.15584344
0.0,0.49141473
0.0,0.23711601
1.0,0.6832045
0.0,0.77715033
0.0,0.17473856
0.0,0.66496366
0.0,0.74709255
1.0,0.41150382
0.0,0.107871294
0.0,0.80307543
1.0,0.8791498
0.0,0.39767116
0.0,0.5065793
0.0,0.21050149
0.0,0.15442884
1.0,0.64109606
1.0,0.6763859
0.0,0.24029842
0.0,0.9253305
0.0,0.09468293
0.0,0.94966984
0.0,0.7834813
0.0,0.35116816
0.0,0.084201425
0.0,0.393988
1.0,0.22820666
0.0,0.1666309
1.0,0.21741983
0.0,0.57372254
0.0,0.10099825
0.0,0.35980147
0.0,0.8676419
0.0,0.23717359
0.0,0.36377636
1.0,0.8655059
0.0,0.1417486
0.0,0.71291524
0.0,0.2103461
1.0,0.48504487
1.0,0.806916
0.0,0.17906281
0.0,0.63316786
0.0,0.13604581
1.0,0.95380664
1.0,0.79640055
1.0,0.93578565
0.0,0.33427483
1.0,0.96365285
0.0,0.2559948
0.0,0.17189145
0.0,0.3779307
1.0,0.2117863
0.0,0.08920434
0.0,0.14606434
1.0,0.9571471
1.0,0.23993379
0.0,0.22283876
1.0,0.9507541
0.0,0.15303206
1.0,0.605296
0.0,0.3039199
1.0,0.65322804
0.0,0.91582835
0.0,0.3380596
1.0,0.7694883
0.0,0.15335011
0.0,0.40918338
0.0,0.12639421
0.0,0.17151147
0.0,0.4286881
0.0,0.19118878
1.0,0.70525074
1.0,0.9921175
0.0,0.4201167
0.0,0.16603956
0.0,0.14859101
0.0,0.53038293
1.0,0.89204806
0.0,0.15605143
0.0,0.50795096
0.0,0.62176746
0.0,0.47926754
0.0,0.09308794
1.0,0.7846374
1.0,0.87660515
0.0,0.16768506
0.0,0.23339775
0.0,0.3327592
0.0,0.21196815
1.0,0.7558845
0.0,0.63281846
0.0,0.39665055
0.0,0.14988965
1.0,0.5279871
0.0,0.16990739
0.0,0.20591345
1.0,0.9071838
0.0,0.23870626
0.0,0.20547715
1.0,0.64523286
1.0,0.6219829
1.0,0.6409317
0.0,0.11657041
0.0,0.12961164
0.0,0.5592107
0.0,0.14517236
1.0,0.76034534
0.0,0.3543036
1.0,0.33916965
0.0,0.07027125
0.0,0.116401166
0.0,0.29323322
1.0,0.94281423
0.0,0.71534336
0.0,0.33132645
0.0,0.38133726
1.0,0.65917957
0.0,0.27597776
0.0,0.4864292
0.0,0.11259994
1.0,0.2086123
0.0,0.1543904
0.0,0.0812726
1.0,0.45137402
1.0,0.9530226
0.0,0.12728581
1.0,0.92509425
1.0,0.8517091
1.0,0.7480739
1.0,0.69721043
0.0,0.16254985
1.0,0.826064
0.0,0.9911071
1.0,0.26167488
0.0,0.17737377
1.0,0.54662055
0.0,0.43620306
1.0,0.29193133
1.0,0.9727886
1.0,0.9996675
0.0,0.17910665
0.0,0.63086283
0.0,0.68108785
0.0,0.1980238
0.0,0.17090634
0.0,0.36856508
1.0,0.94323623
1.0,0.8157736
1.0,0.80079705
0.0,0.1433177
0.0,0.11978316
0.0,0.32266384
0.0,0.3710675
1.0,0.30362523
0.0,0.2413534
0.0,0.2047993
0.0,0.21737921
0.0,0.5684019
1.0,0.82168376
0.0,0.6456233
0.0,0.7750399
0.0,0.69731545
1.0,0.48824775
0.0,0.2177364
0.0,0.39683318
1.0,0.565335
0.0,0.53247046
1.0,0.7349718
0.0,0.12022948
0.0,0.45853826
0.0,0.1767801
0.0,0.20716083
0.0,0.08442828
1.0,0.8094908
0.0,0.48591632
0.0,0.2755977
1.0,0.7323954
1.0,0.8799647
0.0,0.27511787
1.0,0.19894752
0.0,0.4505089
0.0,0.25251275
1.0,0.7850609
0.0,0.12602344
0.0,0.47248042
0.0,0.1987941
0.0,0.17628738
1.0,0.9239496
1.0,0.9106562
1.0,0.6354692
1.0,0.9122187
0.0,0.13327017
0.0,0.23235446
0.0,0.63947344
1.0,0.9218149
0.0,0.28234428
0.0,0.19958541
1.0,0.6988242
1.0,0.4347362
1.0,0.8096931
0.0,0.16909754
0.0,0.34570527
0.0,0.34516466
1.0,0.8512602
1.0,0.83789885
1.0,0.8939303
0.0,0.3454436
0.0,0.1410456
0.0,0.091267586
1.0,0.72299814
1.0,0.3914898
0.0,0.4446785
1.0,0.8541602
1.0,0.46238196
1.0,0.8663104
1.0,0.5714052
0.0,0.1752142
0.0,0.20432279
1.0,0.33386764
1.0,0.63930845
0.0,0.2290934
0.0,0.18120185
0.0,0.114576966
0.0,0.24542317
0.0,0.21479583
0.0,0.6800307
0.0,0.1362614
0.0,0.261764
1.0,0.59533787
1.0,0.7212274
0.0,0.36589408
1.0,0.9253949
0.0,0.14323226
1.0,0.8066541
0.0,0.28346208
1.0,0.9117955
0.0,0.16683999
0.0,0.16527936
0.0,0.122764766
0.0,0.9985297
1.0,0.32307917
1.0,0.6676035
0.0,0.12720919
0.0,0.3718394
1.0,0.37711793
0.0,0.21235007
1.0,0.8292351
1.0,0.7741416
0.0,0.21461463
0.0,0.105190486
0.0,0.4803096
0.0,0.94259024
0.0,0.6656619
0.0,0.1595451
0.0,0.95076954
0.0,0.1366196
1.0,0.70696443
1.0,0.93702036
1.0,0.63139176
1.0,0.74852216
0.0,0.15957344
0.0,0.30390882
1.0,0.7392431
0.0,0.71269053
0.0,0.20408845
0.0,0.12032047
1.0,0.5394961
1.0,0.2514264
0.0,0.23178607
1.0,0.81115127
1.0,0.8669522
0.0,0.09344801
0.0,0.20972559
1.0,0.8277495
0.0,0.14081502
0.0,0.1765028
0.0,0.09323615
0.0,0.23900384
1.0,0.23136154
0.0,0.20347679
0.0,0.15144947
0.0,0.5101494
1.0,0.58561254
0.0,0.11475101
0.0,0.23992547
1.0,0.9023477
0.0,0.15550286
0.0,0.20443872
0.0,0.9003701
1.0,0.90280426
1.0,0.47637364
1.0,0.64488614
0.0,0.3454695
0.0,0.5748955
1.0,0.559305
0.0,0.10509473
0.0,0.12614408
0.0,0.6164622
0.0,0.18235913
1.0,0.51078033
0.0,0.38317788
0.0,0.662464
1.0,0.7008356
0.0,0.25316173
0.0,0.21068087
0.0,0.652596
0.0,0.5040521
1.0,0.7533039
1.0,0.9061748
0.0,0.6638977
1.0,0.8304028
0.0,0.112520754
0.0,0.19839653
0.0,0.16788098
1.0,0.70933664
0.0,0.23401248
0.0,0.22051573
1.0,0.7642822
1.0,0.7633779
1.0,0.79446125
0.0,0.54055476
1.0,0.6439586
1.0,0.9241984
0.0,0.061431974
0.0,0.87336767
0.0,0.70251524
1.0,0.5450653
0.0,0.11254132
0.0,0.47723177
0.0,0.18167391
0.0,0.11824891
0.0,0.20894644
0.0,0.31057945
0.0,0.382924
0.0,0.7552442
0.0,0.49198884
1.0,0.2998172
1.0,0.8087908
1.0,0.6933583
0.0,0.15118247
1.0,0.9275402
0.0,0.382972
0.0,0.19013631
1.0,0.8838294
0.0,0.27894408
0.0,0.19571227
0.0,0.5270763
0.0,0.25492263
0.0,0.6668248
0.0,0.6821486
0.0,0.2016693
1.0,0.85448927
0.0,0.031184077
0.0,0.15389207
0.0,0.19195089
1.0,0.84836566
1.0,0.85920405
0.0,0.62226164
1.0,0.77161443
0.0,0.19358167
1.0,0.5097198
0.0,0.27244717
0.0,0.094218284
1.0,0.22973114
0.0,0.14625797
0.0,0.12590215
1.0,0.6379596
0.0,0.19388795
1.0,0.27364773
0.0,0.3540033
0.0,0.10765016
1.0,0.8235973
0.0,0.17426538
0.0,0.50600314
0.0,0.7771016
0.0,0.12261775
0.0,0.11116448
1.0,0.76612014
0.0,0.12938699
0.0,0.239382
0.0,0.32784823
1.0,0.715571
0.0,0.91796637
0.0,0.26890135
1.0,0.6539741
0.0,0.12420866
0.0,0.10820201
0.0,0.25429085
0.0,0.2764985
1.0,0.7301034
0.0,0.15887308
0.0,0.08476114
0.0,0.09404904
0.0,0.14746648
0.0,0.62293017
1.0,0.70519507
1.0,0.78131455
0.0,0.15836719
1.0,0.7044585
0.0,0.2116808
0.0,0.14346611
0.0,0.194868
0.0,0.30391502
1.0,0.757702
0.0,0.18080226
0.0,0.13704771
0.0,0.6696608
0.0,0.40479448
0.0,0.27196777
0.0,0.10584161
0.0,0.15571114
0.0,0.14215302
0.0,0.15186733
0.0,0.8088853
1.0,0.8106672
0.0,0.18623695
0.0,0.31177378
0.0,0.19719192
1.0,0.9259296
0.0,0.67707056
1.0,0.80529815
0.0,0.20220453
0.0,0.29532212
0.0,0.27251887
1.0,0.8589843
1.0,0.96853423
1.0,0.6804704
1.0,0.62699896
0.0,0.1711787
0.0,0.15454352
1.0,0.8058133
1.0,0.76671
0.0,0.18053627
0.0,0.48063824
0.0,0.63741636
1.0,0.6866745
0.0,0.18325275
0.0,0.16086292
0.0,0.26032853
0.0,0.2054908
1.0,0.6681247
1.0,0.8588031
0.0,0.11171934
1.0,0.54964817
0.0,0.20814615
0.0,0.16942418
0.0,0.10290018
0.0,0.3629387
0.0,0.1862266
1.0,0.8222422
0.0,0.09661281
0.0,0.38078165
0.0,0.7487275
0.0,0.58991563
0.0,0.59371424
1.0,0.868672
0.0,0.15095618
0.0,0.108480394
1.0,0.7359096
0.0,0.67943996
0.0,0.14526066
1.0,0.8650819
1.0,0.73222816
0.0,0.27703574
1.0,0.9194559
0.0,0.6084063
1.0,0.8245704
1.0,0.9868315
0.0,0.25769028
1.0,0.8867488
0.0,0.23356977
0.0,0.26312375
0.0,0.39412394
0.0,0.49597386
0.0,0.20273715
0.0,0.20531902
0.0,0.35626662
1.0,0.9467475
0.0,0.28284395
0.0,0.18253314
0.0,0.3720491
0.0,0.93598807
1.0,0.91127264
0.0,0.2554819
0.0,0.52234954
0.0,0.13111824
0.0,0.23178521
0.0,0.10460648
0.0,0.82595557
1.0,0.30231962
0.0,0.3227613
1.0,0.7416292
0.0,0.16076761
1.0,0.61202157
0.0,0.32904953
0.0,0.523642
0.0,0.1802738
0.0,0.09083614
0.0,0.77362716
0.0,0.3038423
0.0,0.30323708
0.0,0.13505483
0.0,0.8441194
0.0,0.80485123
1.0,0.7717644
0.0,0.22046545
0.0,0.18308133
1.0,0.97534966
0.0,0.11692631
0.0,0.11213696
0.0,0.14350277
1.0,0.5877827
1.0,0.67432785
1.0,0.7158356
1.0,0.67012036
0.0,0.42959788
1.0,0.768866
0.0,0.18654025
1.0,0.7125015
0.0,0.19004253
0.0,0.79828644
0.0,0.26333463
0.0,0.16506177
0.0,0.19014332
1.0,0.83083266
1.0,0.6091912
0.0,0.8863709
1.0,0.77038866
0.0,0.16900703
1.0,0.8959458
0.0,0.1530562
0.0,0.20075208
0.0,0.92216295
0.0,0.59159625
0.0,0.22676685
0.0,0.11733967
1.0,0.9491236
0.0,0.080830604
1.0,0.83036715
1.0,0.5682359
1.0,0.7630481
0.0,0.13483611
0.0,0.92025083
0.0,0.14293477
0.0,0.44324416
0.0,0.23855287
1.0,0.6676814
0.0,0.4866712
0.0,0.21862262
0.0,0.388844
0.0,0.11433673
0.0,0.14146304
0.0,0.29500908
0.0,0.8448342
0.0,0.14226624
0.0,0.53741324
1.0,0.976262
0.0,0.36160642
0.0,0.13780761
0.0,0.1788713
0.0,0.09775406
1.0,0.7635621
0.0,0.64195883
1.0,0.84096307
0.0,0.60340905
1.0,0.9641756
1.0,0.7436953
0.0,0.17866611
0.0,0.44969058
0.0,0.15336952
0.0,0.534142
0.0,0.13724315
0.0,0.66125965
1.0,0.82964855
0.0,0.22374418
1.0,0.5806713
0.0,0.7123885
0.0,0.0828948
0.0,0.21982372
1.0,0.84175074
0.0,0.1667698
1.0,0.9574372
0.0,0.17944285
0.0,0.12381813
0.0,0.6316146
0.0,0.7075946
0.0,0.3497197
0.0,0.23460075
1.0,0.73815507
1.0,0.7933221
0.0,0.27780426
0.0,0.24557212
0.0,0.20299104
1.0,0.8242978
0.0,0.26577288
1.0,0.5096463
0.0,0.6019526
1.0,0.81116974
1.0,0.80924106
0.0,0.18403712
0.0,0.18875402
0.0,0.16805762
1.0,0.6958067
0.0,0.33432359
0.0,0.5820663
1.0,0.8946584
1.0,0.6602126
0.0,0.36596096
0.0,0.2353386
1.0,0.8234991
0.0,0.19023713
0.0,0.12218276
0.0,0.19945118
1.0,0.68321323
0.0,0.32993189
0.0,0.1923644
1.0,0.83597153
1.0,0.53099483
0.0,0.034311533
0.0,0.18296355
0.0,0.2927124
1.0,0.8703824
1.0,0.9178852
1.0,0.5016024
0.0,0.3271224
0.0,0.1700365
0.0,0.15410244
0.0,0.10149562
1.0,0.8005422
0.0,0.21227881
0.0,0.6396818
0.0,0.2812764
0.0,0.20754749
0.0,0.34493297
0.0,0.17586195
0.0,0.2619325
0.0,0.2237337
0.0,0.16267732
1.0,0.753579
1.0,0.7612281
0.0,0.01583764
0.0,0.6811336
1.0,0.32992628
0.0,0.083865345
1.0,0.7692516
0.0,0.2258968
0.0,0.34907347
1.0,0.94045615
1.0,0.9205402
0.0,0.77898574
0.0,0.6152959
1.0,0.37901503
0.0,0.3204302
0.0,0.9540652
0.0,0.9271109
0.0,0.077807575
1.0,0.9064856
1.0,0.3920102
0.0,0.45282942
0.0,0.11084837
0.0,0.2686549
1.0,0.85491616
0.0,0.29173428
1.0,0.4575093
0.0,0.364325
1.0,0.55385274
1.0,0.70552045
0.0,0.5774261
1.0,0.54904324
0.0,0.68697083
0.0,0.124605834
1.0,0.89341325
1.0,0.65526783
0.0,0.14886773
0.0,0.47925
0.0,0.81869507
0.0,0.68943393
1.0,0.8722871
0.0,0.32289386
0.0,0.34547675
0.0,0.16631898
1.0,0.7882544
0.0,0.18183595
0.0,0.6408685
1.0,0.8602027
0.0,0.07553202
0.0,0.73390234
0.0,0.25059378
1.0,0.57801354
0.0,0.49083018
1.0,0.8547021
0.0,0.18915397
1.0,0.49250934
1.0,0.44794112
1.0,0.91341704
1.0,0.45169765
0.0,0.060904056
1.0,0.55529594
0.0,0.24959588
1.0,0.95147926
1.0,0.7605799
0.0,0.28248262
1.0,0.5507071
0.0,0.14498612
1.0,0.44797474
1.0,0.46594608
0.0,0.19884822
0.0,0.8506757
1.0,0.9679762
1.0,0.36060733
0.0,0.47644168
0.0,0.4675625
0.0,0.07904962
0.0,0.11330387
0.0,0.6200951
1.0,0.8429791
1.0,0.9167134
1.0,0.46797475
1.0,0.6069901
1.0,0.93080485
1.0,0.94397813
0.0,0.6285674
1.0,0.8925013
0.0,0.18348736
0.0,0.18085653
0.0,0.26247743
1.0,0.20169634
1.0,0.4674771
0.0,0.2621749
0.0,0.20345065
0.0,0.78103864
1.0,0.8589269
1.0,0.63874257
1.0,0.78557116
0.0,0.1850082
0.0,0.934358
0.0,0.29362324
0.0,0.46167
0.0,0.17448407
0.0,0.18310475
1.0,0.95476377
1.0,0.72510123
0.0,0.22630435
0.0,0.41358638
0.0,0.6792292
0.0,0.59990716
0.0,0.71257955
0.0,0.27219623
0.0,0.4703046
1.0,0.4857395
0.0,0.4388983
1.0,0.8277233
0.0,0.1505607
0.0,0.6966553
0.0,0.3213875
0.0,0.8356929
1.0,0.8627093
1.0,0.75715536
1.0,0.76291436
1.0,0.7450341
0.0,0.13350037
0.0,0.5627111
1.0,0.33098835
1.0,0.63220596
0.0,0.3014384
0.0,0.15371913
0.0,0.6921825
1.0,0.60938835
0.0,0.15429357
1.0,0.21887201
0.0,0.19620535
0.0,0.3602334
0.0,0.2058405
0.0,0.19781157
0.0,0.33472323
0.0,0.16677162
0.0,0.34650517
1.0,0.93087816
0.0,0.14254603
0.0,0.6174663
0.0,0.2232014
1.0,0.4513318
0.0,0.16108152
1.0,0.9521123
0.0,0.13143417
0.0,0.21458489
0.0,0.12108156
0.0,0.5803273
0.0,0.14339831
0.0,0.21489725
1.0,0.823248
0.0,0.43046603
1.0,0.7237267
1.0,0.9368192
0.0,0.18187588
0.0,0.1449439
1.0,0.7513515
1.0,0.97551394
0.0,0.418118
0.0,0.4603005
0.0,0.17778069
0.0,0.43808326
0.0,0.14371145
1.0,0.796702
0.0,0.14921969
1.0,0.4869661
1.0,0.48458332
0.0,0.82366836
0.0,0.43689695
0.0,0.20048764
0.0,0.12466627
0.0,0.8408407
0.0,0.18559876
0.0,0.20658112
0.0,0.6690658
1.0,0.80127347
1.0,0.73413575
0.0,0.1969955
0.0,0.17236513
0.0,0.62024033
1.0,0.7798301
0.0,0.10157785
0.0,0.15151304
1.0,0.5389614
1.0,0.9090979
0.0,0.39509827
0.0,0.2418707
0.0,0.15641072
1.0,0.9270073
0.0,0.21869016
1.0,0.96165043
1.0,0.7401724
0.0,0.16224635
0.0,0.035137445
0.0,0.24192053
1.0,0.6386115
0.0,0.5262377
1.0,0.4996025
0.0,0.16609058
1.0,0.64322925
0.0,0.342041
0.0,0.21714646
0.0,0.20671204
1.0,0.94856614
0.0,0.55879486
1.0,0.84572816
1.0,0.46247777
0.0,0.15982795
1.0,0.2833552
0.0,0.3404202
1.0,0.48014697
0.0,0.15203258
1.0,0.8676704
0.0,0.1102936
1.0,0.7328471
1.0,0.87580127
1.0,0.95758873
0.0,0.2499862
1.0,0.8519964
1.0,0.70876783
0.0,0.22740412
1.0,0.8287004
1.0,0.5495275
1.0,0.45951444
0.0,0.5907763
0.0,0.18768972
0.0,0.8343406
0.0,0.4521646
