0.0,0.47652426
0.0,0.4371435
1.0,0.46310502
0.0,0.10229966
1.0,0.52832067
0.0,0.06505382
1.0,0.7837342
1.0,0.7084827
1.0,0.44294202
0.0,0.06791425
0.0,0.53210163
1.0,0.6237547
0.0,0.05594006
0.0,0.20961899
0.0,0.07520917
0.0,0.056921244
1.0,0.596891
0.0,0.08953598
0.0,0.0819878
1.0,0.1036112
1.0,0.3510648
0.0,0.05936238
1.0,0.7538852
0.0,0.13363516
0.0,0.05027306
1.0,0.61043787
0.0,0.23325461
1.0,0.62252545
0.0,0.04909745
1.0,0.55602413
0.0,0.069016695
0.0,0.31256437
1.0,0.6612271
1.0,0.8237343
1.0,0.51963145
1.0,0.6713653
1.0,0.41801786
0.0,0.056468606
1.0,0.526523
1.0,0.34111944
1.0,0.56382
1.0,0.63995177
0.0,0.07470918
1.0,0.80061567
1.0,0.33769363
0.0,0.09689069
0.0,0.06995493
0.0,0.06541529
0.0,0.08207625
1.0,0.6970048
0.0,0.42262292
1.0,0.48779005
1.0,0.6986421
1.0,0.53319275
0.0,0.07480988
0.0,0.04908985
0.0,0.40056866
1.0,0.10503495
1.0,0.65497524
1.0,0.32219875
1.0,0.73044884
0.0,0.3939743
1.0,0.7180493
1.0,0.6846478
1.0,0.49260283
0.0,0.2930804
0.0,0.1975902
1.0,0.5482477
0.0,0.07275885
1.0,0.6376481
0.0,0.005387366
1.0,0.6698749
0.0,0.025893599
0.0,0.121727556
1.0,0.21737137
0.0,0.21395355
0.0,0.06805372
0.0,0.24660683
0.0,0.1992276
1.0,0.6485349
0.0,0.07028288
1.0,0.7981379
1.0,0.78393257
1.0,0.8672884
1.0,0.6875802
1.0,0.55716634
1.0,0.60282946
0.0,0.12790677
0.0,0.0953936
1.0,0.6205865
0.0,0.057804823
1.0,0.1384685
0.0,0.0486736
0.0,0.629815
0.0,0.11799002
1.0,0.7451322
0.0,0.14733246
0.0,0.076128304
1.0,0.32924125
1.0,0.7921626
0.0,0.0516901
0.0,0.13549572
1.0,0.071041286
0.0,0.25071627
0.0,0.18342319
1.0,0.72652084
1.0,0.039916486
0.0,0.056434274
1.0,0.3133455
1.0,0.75715256
1.0,0.6438252
0.0,0.079668075
1.0,0.11084646
0.0,0.11450946
0.0,0.0735293
1.0,0.62897897
0.0,0.066569805
1.0,0.6322063
1.0,0.4657576
1.0,0.68994427
0.0,0.26788408
1.0,0.70547175
0.0,0.575939
0.0,0.110485286
0.0,0.56811535
1.0,0.1302732
0.0,0.053532124
0.0,0.123149544
1.0,0.76147926
1.0,0.6370681
1.0,0.7287803
0.0,0.05574879
0.0,0.11185038
1.0,0.51439697
1.0,0.82826155
0.0,0.583857
0.0,0.053937674
0.0,0.10855621
0.0,0.13913041
0.0,0.06450346
1.0,0.5936779
0.0,0.048126876
1.0,0.40836155
0.0,0.059449792
0.0,0.14863244
0.0,0.035567492
1.0,0.5271096
0.0,0.09225923
0.0,0.050296664
0.0,0.064130515
0.0,0.2003397
0.0,0.05726233
0.0,0.051836252
0.0,0.70345694
0.0,0.16785556
1.0,0.60189444
0.0,0.079757094
0.0,0.069684446
1.0,0.80155885
0.0,0.09105417
0.0,0.5641741
0.0,0.41684568
0.0,0.101964265
0.0,0.3540935
1.0,0.80023694
0.0,0.23823446
1.0,0.5663056
0.0,0.08676103
0.0,0.06694713
1.0,0.46076483
0.0,0.61622304
0.0,0.673689
0.0,0.19334936
0.0,0.022936523
1.0,0.6502929
1.0,0.5492723
0.0,0.13766548
1.0,0.6602612
0.0,0.41866818
1.0,0.73106676
1.0,0.6187939
1.0,0.6324854
1.0,0.58807695
1.0,0.6840488
0.0,0.4399289
0.0,0.044800103
0.0,0.10220981
0.0,0.6759877
0.0,0.24437332
0.0,0.1170091
1.0,0.16969222
0.0,0.051980197
0.0,0.38643113
1.0,0.719108
1.0,0.6165924
1.0,0.67331386
0.0,0.07547766
0.0,0.047618
0.0,0.06281328
1.0,0.09793764
0.0,0.27917928
0.0,0.6102509
0.0,0.20837882
0.0,0.40636972
0.0,0.13336092
1.0,0.13760263
0.0,0.072031885
1.0,0.24162501
0.0,0.04169333
0.0,0.04098296
0.0,0.08784884
1.0,0.735506
0.0,0.18360448
0.0,0.049464703
0.0,0.086440206
0.0,0.058325022
0.0,0.6768676
0.0,0.28717726
1.0,0.8609712
0.0,0.048164874
0.0,0.04926464
1.0,0.60682845
1.0,0.7511662
0.0,0.19465408
0.0,0.08046836
0.0,0.06335279
0.0,0.16320086
0.0,0.047589958
0.0,0.18134227
1.0,0.79364187
0.0,0.18539935
1.0,0.43771058
0.0,0.05818805
1.0,0.56149966
1.0,0.35431346
0.0,0.056262612
0.0,0.09721884
0.0,0.08846581
1.0,0.6783977
1.0,0.64815056
1.0,0.72418517
1.0,0.41604674
0.0,0.065271765
0.0,0.44354662
1.0,0.7735971
0.0,0.51351637
0.0,0.0634186
0.0,0.051514745
0.0,0.18260574
0.0,0.15112564
0.0,0.05348903
0.0,0.13519222
1.0,0.50931585
0.0,0.07090208
0.0,0.18421954
0.0,0.10073322
1.0,0.7631954
1.0,0.59455764
0.0,0.051364988
0.0,0.085012645
0.0,0.08896512
1.0,0.6889082
0.0,0.15920076
0.0,0.0607225
0.0,0.07525483
0.0,0.07243353
1.0,0.72266036
1.0,0.61205065
1.0,0.79233557
0.0,0.08126196
1.0,0.70522857
0.0,0.6290388
0.0,0.058738083
0.0,0.44653967
1.0,0.58483183
1.0,0.6230457
0.0,0.04192829
0.0,0.05649051
1.0,0.72334975
1.0,0.46718648
0.0,0.28728336
1.0,0.32869253
1.0,0.8845815
0.0,0.5563647
0.0,0.2418881
0.0,0.08010405
0.0,0.08290735
0.0,0.44734862
0.0,0.07374632
1.0,0.7536936
0.0,0.07688475
0.0,0.07340899
1.0,0.67655385
0.0,0.06236449
1.0,0.6783295
1.0,0.12079975
1.0,0.6708367
1.0,0.4830308
1.0,0.6924613
0.0,0.166264
1.0,0.6955359
0.0,0.6753807
1.0,0.8507564
0.0,0.5992227
0.0,0.21831214
0.0,0.07367641
0.0,0.40730536
0.0,0.12699807
1.0,0.77637446
0.0,0.8109102
1.0,0.62796724
0.0,0.57697105
1.0,0.63702106
1.0,0.7278988
0.0,0.051350534
0.0,0.0548473
0.0,0.06364444
1.0,0.6801543
1.0,0.32484347
0.0,0.046397805
0.0,0.04030937
0.0,0.06125936
0.0,0.10433352
1.0,0.78569394
1.0,0.52478373
0.0,0.06569624
0.0,0.5324335
1.0,0.5251183
1.0,0.69530696
1.0,0.52831167
0.0,0.13711283
0.0,0.11230683
0.0,0.079842865
0.0,0.57367265
1.0,0.65960884
1.0,0.50145066
0.0,0.10469955
0.0,0.0800975
0.0,0.06690708
0.0,0.25799412
0.0,0.039551497
0.0,0.01455906
1.0,0.32407588
0.0,0.21361732
0.0,0.08524096
0.0,0.07392278
0.0,0.66285396
0.0,0.62190896
0.0,0.095312655
0.0,0.05399242
1.0,0.37947115
0.0,0.07017627
1.0,0.6314644
0.0,0.04568222
0.0,0.23188624
0.0,0.14596516
0.0,0.044990033
0.0,0.47423774
1.0,0.21541888
1.0,0.54268456
0.0,0.5213929
1.0,0.753592
0.0,0.06133586
0.0,0.30275977
0.0,0.24277249
0.0,0.57203686
0.0,0.062206924
0.0,0.026646912
1.0,0.5048053
0.0,0.08233896
1.0,0.7901367
0.0,0.19296715
1.0,0.22393733
0.0,0.074183375
1.0,0.08594793
1.0,0.690886
1.0,0.6698128
0.0,0.06269026
0.0,0.06813815
1.0,0.7801937
0.0,0.08820671
0.0,0.10503423
1.0,0.09788895
1.0,0.8613504
0.0,0.20722306
1.0,0.6620254
1.0,0.89189214
0.0,0.37674224
0.0,0.07052609
0.0,0.2358771
0.0,0.08153963
0.0,0.045315236
0.0,0.12828934
1.0,0.7518102
0.0,0.49138147
1.0,0.84228593
1.0,0.37117764
0.0,0.06615564
0.0,0.24552315
0.0,0.68338174
1.0,0.7771946
1.0,0.6390835
1.0,0.46399328
0.0,0.0999558
1.0,0.7069472
1.0,0.5641777
0.0,0.055339813
0.0,0.35275412
0.0,0.61543787
0.0,0.45091555
1.0,0.7986579
0.0,0.06376609
1.0,0.26198757
0.0,0.24764016
0.0,0.09214303
0.0,0.123586774
0.0,0.075841516
0.0,0.0753535
0.0,0.09458569
0.0,0.06484449
0.0,0.08219841
0.0,0.0746952
0.0,0.26633587
0.0,0.15013319
0.0,0.07480243
0.0,0.50210166
0.0,0.09070313
1.0,0.5008807
0.0,0.061016917
1.0,0.7710395
0.0,0.054572284
0.0,0.07878685
0.0,0.091267705
0.0,0.6771364
0.0,0.5010776
0.0,0.19601342
0.0,0.17068923
0.0,0.055734783
0.0,0.04681301
0.0,0.08741078
0.0,0.2722956
1.0,0.5357079
0.0,0.103621066
0.0,0.059270114
0.0,0.42548513
0.0,0.08990672
1.0,0.5655834
0.0,0.61976945
1.0,0.35654294
0.0,0.07390228
0.0,0.13061509
1.0,0.63768077
0.0,0.73478687
1.0,0.38275144
1.0,0.7775103
1.0,0.5413319
1.0,0.8107067
0.0,0.042877883
1.0,0.363613
0.0,0.045276582
0.0,0.09654036
0.0,0.4115034
1.0,0.6264004
0.0,0.1467982
0.0,0.045088112
1.0,0.5048612
1.0,0.9097297
0.0,0.12730762
0.0,0.041269064
1.0,0.43869865
0.0,0.15372461
1.0,0.636074
0.0,0.32755366
0.0,0.29824597
1.0,0.6106199
0.0,0.5422953
0.0,0.051169097
1.0,0.25704902
0.0,0.26608908
1.0,0.854419
0.0,0.053536028
1.0,0.62562954
1.0,0.37404472
1.0,0.6358524
1.0,0.8008785
0.0,0.25138158
0.0,0.13173068
1.0,0.52101004
0.0,0.037791222
0.0,0.36827743
1.0,0.59198326
1.0,0.599924
1.0,0.66262573
0.0,0.09185094
1.0,0.7638767
1.0,0.63432384
0.0,0.0950256
1.0,0.77006733
0.0,0.5817505
1.0,0.35494286
1.0,0.70539886
0.0,0.5973291
0.0,0.5371012
1.0,0.6728387
0.0,0.44438824
1.0,0.5764226
0.0,0.37877017
0.0,0.0625968
0.0,0.6837076
1.0,0.8497251
0.0,0.059138
0.0,0.060534656
0.0,0.4838868
1.0,0.38216987
0.0,0.051193565
0.0,0.05501941
0.0,0.097121894
0.0,0.7200688
1.0,0.6233396
1.0,0.77676696
0.0,0.18246803
0.0,0.22967038
0.0,0.15955076
0.0,0.5747371
0.0,0.0446696
1.0,0.7961889
0.0,0.159967
1.0,0.53678924
0.0,0.5739618
0.0,0.36905843
1.0,0.5130369
0.0,0.09573129
0.0,0.19129023
0.0,0.048053324
0.0,0.06368953
0.0,0.6665056
0.0,0.07206091
0.0,0.09949681
0.0,0.08837026
1.0,0.61961377
1.0,0.6658715
0.0,0.05935642
0.0,0.088268876
1.0,0.842313
0.0,0.06113851
1.0,0.5394901
0.0,0.27327955
0.0,0.055448472
1.0,0.6538294
0.0,0.48396474
1.0,0.22302553
0.0,0.4842873
1.0,0.34862667
0.0,0.11588389
0.0,0.09547728
0.0,0.40497592
1.0,0.72696704
0.0,0.06338233
0.0,0.08233991
0.0,0.10559982
0.0,0.55053824
1.0,0.27653846
0.0,0.043585688
0.0,0.045612067
1.0,0.7894052
1.0,0.36700463
0.0,0.2686711
1.0,0.57503355
0.0,0.11004746
0.0,0.469198
1.0,0.7777279
1.0,0.75203276
0.0,0.09590992
1.0,0.71774375
1.0,0.55510366
0.0,0.09037033
0.0,0.18054813
0.0,0.12631321
1.0,0.0827443
0.0,0.03562519
0.0,0.07059103
0.0,0.07568821
1.0,0.7803676
1.0,0.60577506
0.0,0.10523301
1.0,0.24989906
1.0,0.38631687
0.0,0.16217142
1.0,0.5606003
0.0,0.032754123
1.0,0.5987051
0.0,0.10575655
1.0,0.60353845
0.0,0.075695515
0.0,0.055111766
1.0,0.6635923
0.0,0.06279072
1.0,0.66020244
0.0,0.118071884
0.0,0.091478616
0.0,0.06693661
1.0,0.61995935
0.0,0.48080242
1.0,0.2847895
0.0,0.06886855
1.0,0.67347664
1.0,0.6409265
0.0,0.058918357
1.0,0.6654577
1.0,0.48535648
1.0,0.49590045
1.0,0.42638558
0.0,0.27313006
0.0,0.101424485
0.0,0.44334158
1.0,0.6974789
1.0,0.33437172
0.0,0.0439547
0.0,0.07786384
0.0,0.13632292
1.0,0.61652803
0.0,0.55833113
1.0,0.1047664
1.0,0.8859017
0.0,0.14687851
0.0,0.06304178
1.0,0.6637997
0.0,0.48791558
1.0,0.7710034
0.0,0.66805065
0.0,0.13978615
0.0,0.21640617
1.0,0.3686801
0.0,0.15311468
1.0,0.8927592
0.0,0.084309846
1.0,0.3393077
0.0,0.19731832
0.0,0.17173278
1.0,0.5240187
1.0,0.4109664
1.0,0.68150055
1.0,0.5000645
0.0,0.09207538
0.0,0.06451714
0.0,0.5991501
0.0,0.03292331
1.0,0.627803
1.0,0.3634886
0.0,0.07059711
0.0,0.07683706
0.0,0.0683513
1.0,0.6266407
0.0,0.062324673
0.0,0.13155916
0.0,0.10292122
0.0,0.5991931
0.0,0.23395953
0.0,0.42181015
1.0,0.6010259
0.0,0.38154045
1.0,0.17018685
0.0,0.061845154
0.0,0.4030147
1.0,0.42160666
1.0,0.63584226
1.0,0.7710283
0.0,0.06699228
0.0,0.08000502
1.0,0.53591955
0.0,0.059491962
0.0,0.07198325
0.0,0.13175654
1.0,0.60938823
0.0,0.13285723
0.0,0.07941127
1.0,0.76811874
0.0,0.11988473
1.0,0.83436906
1.0,0.76256835
1.0,0.7843538
0.0,0.058405757
1.0,0.6472961
1.0,0.3880937
0.0,0.14639449
1.0,0.41863903
0.0,0.12089726
0.0,0.28925174
0.0,0.09558511
0.0,0.055628777
1.0,0.6849979
1.0,0.689011
1.0,0.65535194
1.0,0.49277818
1.0,0.6869165
0.0,0.8268301
0.0,0.6281085
1.0,0.67580414
0.0,0.094020754
1.0,0.51601386
1.0,0.8690232
0.0,0.20500612
1.0,0.5791067
1.0,0.30253044
0.0,0.03570968
0.0,0.06715381
0.0,0.05718279
0.0,0.08312848
1.0,0.48583308
1.0,0.77438354
0.0,0.078190446
0.0,0.124688715
1.0,0.06991491
1.0,0.239903
1.0,0.25789592
0.0,0.07225117
1.0,0.70907
1.0,0.6684806
0.0,0.06301725
0.0,0.28962648
1.0,0.55358726
1.0,0.8371693
0.0,0.57099193
1.0,0.48162252
0.0,0.09307489
0.0,0.17595437
1.0,0.70322365
0.0,0.6030283
1.0,0.78552234
0.0,0.3572294
0.0,0.07816881
0.0,0.1323294
1.0,0.770663
1.0,0.26722863
0.0,0.060126692
0.0,0.031401962
1.0,0.50314033
0.0,0.06966251
1.0,0.75875974
1.0,0.64814067
1.0,0.6401905
0.0,0.21565399
0.0,0.48036647
0.0,0.14980632
0.0,0.047219694
0.0,0.03689605
1.0,0.75345373
0.0,0.4383747
0.0,0.15715021
1.0,0.6083134
0.0,0.10684115
1.0,0.13217726
1.0,0.618962
0.0,0.08826411
0.0,0.21822348
0.0,0.7208017
0.0,0.052402496
0.0,0.055041075
0.0,0.05710283
0.0,0.057990164
0.0,0.5400987
1.0,0.38414773
1.0,0.7391208
0.0,0.4553141
0.0,0.55951196
0.0,0.099482566
0.0,0.06693512
0.0,0.07594931
1.0,0.22620898
0.0,0.07448733
0.0,0.021815598
1.0,0.87982
1.0,0.32492334
0.0,0.041894406
0.0,0.63065094
0.0,0.03465855
0.0,0.07649851
0.0,0.055859268
0.0,0.14543277
1.0,0.67069596
1.0,0.6930425
1.0,0.6711216
0.0,0.068523794
1.0,0.5880079
1.0,0.7267107
0.0,0.20270932
0.0,0.037213475
1.0,0.5962851
1.0,0.34534568
1.0,0.6009714
1.0,0.72896963
1.0,0.4737577
0.0,0.09341672
0.0,0.27385038
1.0,0.3442111
0.0,0.059706688
1.0,0.5572054
0.0,0.05335769
1.0,0.71700376
0.0,0.065945
0.0,0.5406188
0.0,0.08944157
0.0,0.16128847
0.0,0.36961997
0.0,0.040173084
0.0,0.04389596
0.0,0.33640778
0.0,0.5549598
0.0,0.065464884
0.0,0.054932177
1.0,0.63907987
1.0,0.49969673
1.0,0.71638703
0.0,0.69015205
0.0,0.22448057
0.0,0.07905638
0.0,0.094331324
1.0,0.6342364
1.0,0.34855422
1.0,0.66321695
1.0,0.69745165
0.0,0.55512625
0.0,0.046478778
0.0,0.06686485
1.0,0.44305295
0.0,0.16010484
1.0,0.030920893
1.0,0.6809094
0.0,0.2683685
0.0,0.025626838
0.0,0.0810664
0.0,0.20481917
1.0,0.5144167
1.0,0.65345585
0.0,0.10108903
1.0,0.6928277
1.0,0.48243013
0.0,0.5974178
0.0,0.0827395
1.0,0.6528354
0.0,0.037137717
0.0,0.22736302
0.0,0.062163413
0.0,0.34236628
0.0,0.07171106
1.0,0.3267153
0.0,0.07208499
0.0,0.630909
1.0,0.75493944
1.0,0.69661653
0.0,0.25321695
0.0,0.022262245
1.0,0.5907782
0.0,0.15581894
0.0,0.034086376
1.0,0.49700433
0.0,0.11203539
0.0,0.094442934
0.0,0.065232545
1.0,0.84598064
0.0,0.38961488
1.0,0.62965524
1.0,0.53154093
1.0,0.8740467
0.0,0.04573685
1.0,0.42987487
0.0,0.06345272
1.0,0.679586
0.0,0.23148361
1.0,0.6370462
0.0,0.11553016
0.0,0.06936899
1.0,0.7861892
0.0,0.055705428
0.0,0.060270578
1.0,0.6665383
1.0,0.6617912
1.0,0.2698368
1.0,0.55988276
1.0,0.5255569
1.0,0.6061516
1.0,0.4575284
0.0,0.0776307
1.0,0.5786797
1.0,0.6632382
0.0,0.1049017
0.0,0.059710294
0.0,0.047038525
1.0,0.22601432
0.0,0.11831415
0.0,0.25917238
0.0,0.37558782
1.0,0.62972593
0.0,0.054330558
0.0,0.32779983
1.0,0.36305517
1.0,0.5485505
1.0,0.7304075
1.0,0.1346201
0.0,0.74528515
0.0,0.1500017
0.0,0.072294086
0.0,0.07889998
0.0,0.05264172
0.0,0.13108161
0.0,0.11067039
1.0,0.23111558
1.0,0.68351996
0.0,0.09082055
1.0,0.6701835
0.0,0.06965104
0.0,0.0681954
1.0,0.83137137
0.0,0.06375706
0.0,0.67851067
0.0,0.14971504
0.0,0.65327466
0.0,0.14766252
0.0,0.052991927
0.0,0.6821554
1.0,0.60487854
0.0,0.14652699
0.0,0.5825302
1.0,0.54166216
0.0,0.10458088
1.0,0.5381445
0.0,0.1008217
0.0,0.05882606
0.0,0.07715702
0.0,0.21963009
0.0,0.04219663
0.0,0.059648663
0.0,0.0909985
0.0,0.20543152
0.0,0.43430257
1.0,0.4478409
0.0,0.1608437
1.0,0.71647596
0.0,0.46505082
1.0,0.4309243
0.0,0.06432775
0.0,0.04621792
0.0,0.14118257
1.0,0.6870183
1.0,0.14474657
1.0,0.20330036
0.0,0.09399524
0.0,0.42809647
1.0,0.71994066
0.0,0.13507056
0.0,0.15146565
1.0,0.5945218
0.0,0.057406545
1.0,0.7008919
1.0,0.60258996
0.0,0.07478419
1.0,0.36354688
0.0,0.20582768
1.0,0.23268715
0.0,0.35077423
1.0,0.84261703
0.0,0.057798892
0.0,0.7819078
0.0,0.11504066
0.0,0.10255775
0.0,0.032874316
0.0,0.17461857
0.0,0.118916065
1.0,0.70754075
0.0,0.06441924
0.0,0.050676882
0.0,0.03427556
0.0,0.5487952
0.0,0.15218672
1.0,0.47866976
0.0,0.18853027
0.0,0.15967616
1.0,0.38760898
0.0,0.17720392
1.0,0.7668457
0.0,0.7334096
1.0,0.35733116
1.0,0.6421638
0.0,0.025532514
1.0,0.8452548
0.0,0.37575927
0.0,0.077919185
0.0,0.107269585
0.0,0.08498043
1.0,0.60125244
1.0,0.73585314
0.0,0.105504066
0.0,0.13293678
1.0,0.77410823
0.0,0.09727222
1.0,0.36753768
1.0,0.05097404
1.0,0.5554448
0.0,0.057980657
1.0,0.57301235
0.0,0.11909166
1.0,0.6825912
1.0,0.20584843
0.0,0.24065235
0.0,0.5920052
0.0,0.05838722
0.0,0.5203017
1.0,0.70840347
1.0,0.6572972
1.0,0.8019868
0.0,0.061073303
0.0,0.039349586
1.0,0.5744647
0.0,0.5220643
0.0,0.032705843
0.0,0.21052241
1.0,0.56602514
0.0,0.46011323
0.0,0.07495424
0.0,0.97479874
0.0,0.06903383
1.0,0.60569227
1.0,0.6143907
0.0,0.12682107
0.0,0.08315435
0.0,0.06987324
1.0,0.78182864
0.0,0.08372983
0.0,0.6391226
1.0,0.63517296
0.0,0.056170404
0.0,0.33677894
1.0,0.52236366
0.0,0.16785946
1.0,0.31055588
1.0,0.3744853
0.0,0.056640238
0.0,0.083633214
0.0,0.046896517
0.0,0.053189248
1.0,0.6792892
1.0,0.83116674
1.0,0.852275
1.0,0.5286375
0.0,0.6506147
0.0,0.074288756
1.0,0.70123506
1.0,0.67485076
0.0,0.17930636
0.0,0.065588236
1.0,0.1421414
0.0,0.071186095
1.0,0.6625465
0.0,0.042582512
0.0,0.60603344
1.0,0.6789097
0.0,0.3541962
0.0,0.048664212
0.0,0.06709173
0.0,0.17091641
0.0,0.30421805
1.0,0.18658662
0.0,0.080794156
1.0,0.7486712
0.0,0.04483807
1.0,0.50901246
0.0,0.14266422
1.0,0.6501752
1.0,0.7330434
1.0,0.8498396
0.0,0.43546423
0.0,0.056186736
1.0,0.39446062
0.0,0.14652559
0.0,0.20097306
1.0,0.71408564
1.0,0.47191775
0.0,0.12297234
1.0,0.576662
1.0,0.7259406
0.0,0.63507414
0.0,0.04914981
0.0,0.26796845
0.0,0.0723196
0.0,0.029040903
0.0,0.5357247
1.0,0.793171
1.0,0.83635235
1.0,0.6243193
0.0,0.041204512
0.0,0.03926143
0.0,0.046058983
0.0,0.05876735
0.0,0.0005607307
0.0,0.32632023
1.0,0.66171706
1.0,0.6787141
1.0,0.40372244
0.0,0.15055895
0.0,0.1256091
1.0,0.57556397
0.0,0.22650918
0.0,0.6043691
1.0,0.6854247
0.0,0.61371577
0.0,0.6154319
1.0,0.27629912
0.0,0.06601697
1.0,0.49018684
1.0,0.7477431
0.0,0.58434564
0.0,0.08004591
1.0,0.8708972
0.0,0.034192294
0.0,0.52345335
1.0,0.6301085
1.0,0.5380358
1.0,0.6437769
1.0,0.69051117
0.0,0.6564823
0.0,0.28798825
0.0,0.059500635
1.0,0.5272856
0.0,0.7117775
1.0,0.54224586
0.0,0.57518154
1.0,0.60318464
1.0,0.4438367
0.0,0.07532534
0.0,0.10331386
0.0,0.053890258
0.0,0.23808646
0.0,0.06994578
0.0,0.093581736
1.0,0.29141083
1.0,0.5220061
0.0,0.588888
1.0,0.75418496
1.0,0.12284085
0.0,0.042583495
0.0,0.15065974
1.0,0.65549946
1.0,0.16920272
0.0,0.06630379
0.0,0.30660057
0.0,0.08619824
0.0,0.09920961
1.0,0.61540306
1.0,0.8441694
0.0,0.16600728
0.0,0.052715868
0.0,0.124579966
0.0,0.29359686
0.0,0.088985085
0.0,0.09556359
0.0,0.527688
0.0,0.11298606
0.0,0.075097054
0.0,0.18040091
0.0,0.2627834
1.0,0.738009
1.0,0.74227214
0.0,0.06181228
0.0,0.100545734
0.0,0.013232976
0.0,0.057609767
0.0,0.13997945
0.0,0.17462331
0.0,0.06828606
0.0,0.6469947
1.0,0.76997244
1.0,0.8696238
1.0,0.6379367
1.0,0.6725979
1.0,0.75059044
0.0,0.2703974
0.0,0.10813272
0.0,0.10165015
0.0,0.12862682
1.0,0.5212943
0.0,0.06114307
1.0,0.73064035
0.0,0.06802872
0.0,0.6450376
0.0,0.57286453
0.0,0.20196253
0.0,0.14781475
0.0,0.62050444
0.0,0.20982635
0.0,0.058183163
1.0,0.6286544
1.0,0.52494967
0.0,0.17866978
0.0,0.22848734
0.0,0.073473096
0.0,0.06564519
1.0,0.6265061
0.0,0.059425056
1.0,0.25182062
0.0,0.09052381
1.0,0.3969357
0.0,0.059338123
0.0,0.24445742
1.0,0.6919766
0.0,0.04308343
1.0,0.56051993
0.0,0.13041946
0.0,0.39828104
0.0,0.2501318
0.0,0.039307624
0.0,0.07659629
1.0,0.6159752
1.0,0.6598695
0.0,0.43116283
0.0,0.08180484
0.0,0.07329586
0.0,0.3544972
1.0,0.6196031
0.0,0.49110895
1.0,0.31164935
1.0,0.6071163
0.0,0.6047139
0.0,0.060582936
0.0,0.106297016
0.0,0.07842973
0.0,0.079081535
0.0,0.14499879
0.0,0.11919668
0.0,0.21064031
0.0,0.25562197
1.0,0.45778805
0.0,0.8297055
0.0,0.055541903
1.0,0.64326686
0.0,0.06184244
0.0,0.061006427
0.0,0.04027942
0.0,0.09782004
1.0,0.10086718
1.0,0.67272794
1.0,0.8537266
0.0,0.07417756
0.0,0.0624685
0.0,0.09377608
0.0,0.67340475
0.0,0.19807199
0.0,0.62336314
1.0,0.8190584
1.0,0.70413136
1.0,0.6944158
0.0,0.07226926
1.0,0.85094076
1.0,0.44151956
0.0,0.08218855
1.0,0.54503036
0.0,0.061751485
0.0,0.08693588
0.0,0.272146
1.0,0.73306024
1.0,0.650001
1.0,0.47767907
0.0,0.67737466
0.0,0.29824412
0.0,0.07162869
1.0,0.494094
1.0,0.6982282
1.0,0.7590375
1.0,0.6926592
0.0,0.05550316
0.0,0.056465983
0.0,0.072449684
0.0,0.5121081
1.0,0.57428735
0.0,0.08311665
0.0,0.18350834
0.0,0.33178812
1.0,0.47033802
0.0,0.2972713
0.0,0.14311287
0.0,0.04534465
0.0,0.6080178
0.0,0.075614214
0.0,0.14807639
0.0,0.060167193
0.0,0.11406934
0.0,0.08664611
1.0,0.86028886
1.0,0.5230385
0.0,0.6220801
0.0,0.8634151
0.0,0.13685775
1.0,0.63841903
0.0,0.07489744
0.0,0.04888636
0.0,0.21032232
0.0,0.038040817
1.0,0.63870806
0.0,0.09309682
0.0,0.3142504
1.0,0.53163147
1.0,0.56307626
1.0,0.65468913
0.0,0.031021923
0.0,0.00930801
1.0,0.6145178
1.0,0.8433236
1.0,0.75723404
0.0,0.5716224
0.0,0.2593063
0.0,0.06651205
1.0,0.288235
1.0,0.81729686
0.0,0.068837106
0.0,0.66387177
1.0,0.49577206
1.0,0.78586316
0.0,0.085139126
1.0,0.5805694
1.0,0.521094
0.0,0.06578559
1.0,0.65502584
0.0,0.11320543
0.0,0.05478272
0.0,0.60302806
0.0,0.08184904
1.0,0.4733739
0.0,0.19836062
1.0,0.3331114
1.0,0.69456017
1.0,0.23575833
0.0,0.05952272
0.0,0.36731368
1.0,0.47215456
0.0,0.048043817
1.0,0.41832492
1.0,0.79386425
0.0,0.5664686
0.0,0.087874144
1.0,0.34466094
1.0,0.82989013
0.0,0.043787748
1.0,0.6193201
1.0,0.3801146
1.0,0.6760524
1.0,0.7872734
1.0,0.57503724
1.0,0.7928739
0.0,0.10566351
0.0,0.46861798
0.0,0.09446132
1.0,0.7406096
1.0,0.8653003
0.0,0.17942432
0.0,0.09709883
1.0,0.5452851
0.0,0.14194521
1.0,0.73031986
0.0,0.5286935
1.0,0.41416407
1.0,0.5702002
0.0,0.37386626
1.0,0.41268837
0.0,0.18362778
1.0,0.77894175
1.0,0.5160106
1.0,0.40585878
0.0,0.12475252
0.0,0.10201833
1.0,0.6937443
0.0,0.12588114
1.0,0.67374086
0.0,0.06912705
0.0,0.29871538
0.0,0.16025347
0.0,0.11020595
0.0,0.05151692
0.0,0.11413777
0.0,0.5557979
1.0,0.8251399
1.0,0.23964265
0.0,0.049753577
1.0,0.8412732
1.0,0.6393995
0.0,0.66613877
0.0,0.6349014
0.0,0.1290713
0.0,0.10310963
0.0,0.097016215
0.0,0.03782776
1.0,0.29526055
1.0,0.8086859
0.0,0.06844258
0.0,0.065048724
0.0,0.4787552
0.0,0.6078325
0.0,0.29901677
1.0,0.7505195
0.0,0.45976907
0.0,0.12250608
1.0,0.62879467
1.0,0.56118214
0.0,0.13858366
0.0,0.42273003
0.0,0.07511917
1.0,0.8377536
1.0,0.6850035
0.0,0.12160295
0.0,0.07960603
0.0,0.061080217
0.0,0.11068267
0.0,0.04237622
1.0,0.51875377
1.0,0.60346603
1.0,0.5789841
0.0,0.022868931
1.0,0.36796045
0.0,0.6139783
1.0,0.74936175
1.0,0.5396442
0.0,0.05622384
0.0,0.0640454
0.0,0.02851528
0.0,0.21568125
0.0,0.53379685
1.0,0.8927566
0.0,0.7426349
0.0,0.42578197
0.0,0.10772279
0.0,0.042433143
0.0,0.07759774
0.0,0.13685936
0.0,0.40916944
1.0,0.40153486
1.0,0.77270234
0.0,0.06426722
0.0,0.23448446
0.0,0.5471678
0.0,0.10288471
1.0,0.6784871
0.0,0.112701535
0.0,0.38558087
1.0,0.5972058
0.0,0.32961488
0.0,0.08680472
0.0,0.0919517
0.0,0.067929536
1.0,0.73507106
1.0,0.7385415
0.0,0.07986182
1.0,0.30968308
1.0,0.7825786
1.0,0.69677186
0.0,0.31832707
0.0,0.25635636
1.0,0.48419634
1.0,0.9115988
0.0,0.07481551
1.0,0.6504734
0.0,0.17701119
1.0,0.7524128
1.0,0.5970414
1.0,0.7474486
0.0,0.109530926
1.0,0.5881363
1.0,0.3727739
0.0,0.19230893
0.0,0.11591971
0.0,0.73581904
0.0,0.14882815
0.0,0.07494101
0.0,0.0344567
1.0,0.7551987
0.0,0.5280076
0.0,0.11898571
0.0,0.5242931
0.0,0.09359604
0.0,0.083321005
0.0,0.10855636
1.0,0.5451762
0.0,0.12299147
0.0,0.19419298
0.0,0.28530347
1.0,0.536481
1.0,0.80153817
1.0,0.5686761
1.0,0.7147012
0.0,0.050497502
0.0,0.045947343
0.0,0.08474165
0.0,0.19090778
0.0,0.6280759
0.0,0.081804246
1.0,0.6769434
0.0,0.34675783
1.0,0.13647678
1.0,0.104589015
1.0,0.55003965
0.0,0.076783985
0.0,0.040254712
0.0,0.046791732
0.0,0.054887593
1.0,0.5610563
1.0,0.60192597
1.0,0.24436185
1.0,0.632213
1.0,0.56313896
0.0,0.11099613
0.0,0.09046823
0.0,0.5071736
0.0,0.07848343
1.0,0.68202806
0.0,0.064974785
0.0,0.37258363
1.0,0.9116586
1.0,0.5805578
0.0,0.0669778
0.0,0.2627889
0.0,0.14638963
0.0,0.1564343
1.0,0.42347214
0.0,0.64893526
0.0,0.2631102
1.0,0.790864
0.0,0.47809276
1.0,0.7382324
1.0,0.7917597
0.0,0.04946506
0.0,0.4173926
0.0,0.06512034
0.0,0.22920689
1.0,0.7199251
0.0,0.0902828
0.0,0.13744864
0.0,0.64187646
0.0,0.22227368
1.0,0.68411505
1.0,0.3904215
1.0,0.84266984
1.0,0.5774934
0.0,0.20127377
0.0,0.103695005
1.0,0.48000738
0.0,0.11725414
1.0,0.26135552
0.0,0.08225644
1.0,0.6970113
1.0,0.72631294
0.0,0.17737353
0.0,0.2719511
0.0,0.28979522
0.0,0.059429705
0.0,0.067141265
0.0,0.06769496
1.0,0.5592994
0.0,0.03773749
0.0,0.18090954
0.0,0.21967104
0.0,0.12894204
0.0,0.08109009
0.0,0.055776328
0.0,0.18319687
0.0,0.060869038
0.0,0.046461135
0.0,0.073216945
0.0,0.43642747
0.0,0.06296927
1.0,0.43299922
0.0,0.3053517
1.0,0.5707214
0.0,0.056334257
0.0,0.06375545
1.0,0.5334742
0.0,0.06824815
1.0,0.8321572
0.0,0.49106133
1.0,0.8110279
0.0,0.33147323
0.0,0.228865
1.0,0.7061691
1.0,0.3656292
0.0,0.06526831
0.0,0.23065114
0.0,0.012471855
0.0,0.055313706
0.0,0.04029104
0.0,0.62281513
1.0,0.7712017
1.0,0.6846284
0.0,0.14168856
0.0,0.06676155
1.0,0.60364455
1.0,0.59028226
1.0,0.5209609
0.0,0.038239807
1.0,0.23917216
0.0,0.28499758
1.0,0.37266356
0.0,0.050019115
1.0,0.51641136
0.0,0.08745599
0.0,0.20610863
0.0,0.4487188
0.0,0.50200135
1.0,0.5258256
0.0,0.18692732
0.0,0.10688749
1.0,0.8262717
0.0,0.10757735
0.0,0.62479407
0.0,0.42120862
1.0,0.8456336
0.0,0.28024077
0.0,0.10179752
0.0,0.7989076
1.0,0.5432687
0.0,0.048744977
0.0,0.35558552
0.0,0.27063853
1.0,0.60473585
0.0,0.062177002
1.0,0.7809809
0.0,0.5875774
1.0,0.6381917
1.0,0.8078356
0.0,0.39046758
1.0,0.80244625
1.0,0.82141256
0.0,0.06214589
0.0,0.40209642
0.0,0.11682889
1.0,0.834399
0.0,0.10505444
1.0,0.63177717
1.0,0.29577133
0.0,0.026598364
1.0,0.69708204
0.0,0.120699674
1.0,0.41306204
0.0,0.6555736
1.0,0.6235704
0.0,0.33490825
1.0,0.114556044
0.0,0.38042584
0.0,0.049521178
0.0,0.036409438
0.0,0.16079909
0.0,0.06513983
0.0,0.04116726
0.0,0.037923723
0.0,0.24788067
0.0,0.24304762
0.0,0.31756613
0.0,0.7027395
0.0,0.09306559
1.0,0.3481581
1.0,0.73822224
0.0,0.48289427
1.0,0.054210156
0.0,0.05208999
0.0,0.53699726
0.0,0.6657582
0.0,0.14473733
0.0,0.11917642
0.0,0.15228763
1.0,0.6468103
0.0,0.04264027
0.0,0.08637628
1.0,0.059837908
0.0,0.063305944
1.0,0.5838939
0.0,0.07656267
0.0,0.3477593
1.0,0.31122655
0.0,0.075100064
1.0,0.7695715
0.0,0.060533136
0.0,0.050486863
0.0,0.037914574
1.0,0.7561593
0.0,0.10683808
1.0,0.67355716
1.0,0.4908903
0.0,0.6624724
0.0,0.043625623
1.0,0.0719783
0.0,0.13835624
0.0,0.0994724
0.0,0.42297032
0.0,0.053134263
0.0,0.8029822
0.0,0.5321413
1.0,0.14272016
0.0,0.085122734
1.0,0.61435187
0.0,0.041110337
0.0,0.05321142
0.0,0.061324805
1.0,0.48229468
1.0,0.8723254
0.0,0.27818465
0.0,0.43817827
0.0,0.064085275
0.0,0.16413417
0.0,0.09500942
0.0,0.06522748
0.0,0.036030143
1.0,0.15403414
1.0,0.54602605
0.0,0.10641545
0.0,0.71531695
1.0,0.6422171
0.0,0.05524391
1.0,0.60799795
0.0,0.043096393
0.0,0.064343095
1.0,0.8170246
0.0,0.29937428
1.0,0.602866
1.0,0.59012127
1.0,0.7095518
0.0,0.2003265
0.0,0.13159642
0.0,0.6075662
1.0,0.68638086
0.0,0.23679289
1.0,0.72915286
0.0,0.119619906
0.0,0.038753837
0.0,0.52819765
1.0,0.6981626
0.0,0.070864916
0.0,0.077828884
0.0,0.39519683
1.0,0.44871587
1.0,0.83586943
0.0,0.0044673383
0.0,0.095792204
1.0,0.5797894
1.0,0.80191314
1.0,0.7040691
1.0,0.48138407
0.0,0.061490923
1.0,0.5070936
0.0,0.09875131
0.0,0.081100374
0.0,0.089134336
1.0,0.61975604
0.0,0.08406621
0.0,0.11684495
0.0,0.06438631
1.0,0.34261006
0.0,0.34936205
1.0,0.9131005
1.0,0.82766813
0.0,0.072111905
1.0,0.784108
0.0,0.15629858
1.0,0.38021594
0.0,0.29012153
0.0,0.06896186
0.0,0.07773468
0.0,0.18479618
1.0,0.7288747
0.0,0.096414804
0.0,0.1818814
0.0,0.4816334
1.0,0.81585705
1.0,0.6875064
0.0,0.06584564
1.0,0.8279544
1.0,0.7765113
1.0,0.85174984
1.0,0.34597468
0.0,0.2798395
1.0,0.7401501
0.0,0.13366348
0.0,0.34567174
1.0,0.50551474
0.0,0.0737682
0.0,0.11866665
0.0,0.47456744
1.0,0.31167793
0.0,0.11672887
0.0,0.42305806
1.0,0.85978615
0.0,0.06255984
1.0,0.4893422
0.0,0.13671803
0.0,0.64025754
1.0,0.5373866
1.0,0.6808157
0.0,0.052010953
1.0,0.6891345
1.0,0.69354475
0.0,0.7074523
0.0,0.25834244
1.0,0.3041594
0.0,0.16040623
1.0,0.8265526
0.0,0.074765414
0.0,0.13088074
1.0,0.11572385
1.0,0.6785835
0.0,0.07919988
1.0,0.36814213
0.0,0.06518254
0.0,0.44543952
1.0,0.8305999
0.0,0.20621914
0.0,0.25066578
0.0,0.12248501
1.0,0.4589426
0.0,0.11093527
0.0,0.058512002
1.0,0.5888283
1.0,0.6349119
0.0,0.1113109
0.0,0.412773
0.0,0.11267689
1.0,0.26720017
0.0,0.30161244
0.0,0.084762424
0.0,0.1379649
0.0,0.06822857
0.0,0.0713062
1.0,0.32805496
0.0,0.50682616
0.0,0.0912236
0.0,0.116157204
1.0,0.7475107
1.0,0.7358094
1.0,0.68085986
0.0,0.5171458
0.0,0.066583484
0.0,0.69696605
1.0,0.81909573
0.0,0.15484759
1.0,0.6650197
0.0,0.07233578
1.0,0.8016708
0.0,0.12591839
1.0,0.5780259
0.0,0.6746806
1.0,0.3980108
0.0,0.35072446
0.0,0.15799356
1.0,0.2929892
1.0,0.63130176
1.0,0.606449
0.0,0.3958781
1.0,0.597568
1.0,0.42293704
1.0,0.16102645
0.0,0.0497759
1.0,0.38576144
0.0,0.04294613
0.0,0.6862895
1.0,0.58363456
0.0,0.36864424
0.0,0.066188544
0.0,0.05937478
0.0,0.16955358
0.0,0.48077998
1.0,0.66716975
1.0,0.5819215
0.0,0.5541742
0.0,0.55115217
0.0,0.075169265
1.0,0.8829287
0.0,0.5745277
0.0,0.08987972
0.0,0.062454134
0.0,0.043670386
0.0,0.069913775
0.0,0.52125233
1.0,0.71551615
1.0,0.8458452
1.0,0.009922087
0.0,0.47602883
0.0,0.08246374
0.0,0.039289385
0.0,0.061403006
0.0,0.028350681
1.0,0.665584
0.0,0.27332854
0.0,0.4409876
1.0,0.7716788
0.0,0.16364166
1.0,0.20977062
1.0,0.45024553
0.0,0.27507305
0.0,0.08516425
0.0,0.30671108
1.0,0.4200758
0.0,0.16008395
0.0,0.06733039
1.0,0.75925624
1.0,0.424411
0.0,0.05535817
0.0,0.18096763
0.0,0.38068932
0.0,0.04449737
0.0,0.43560898
1.0,0.45570117
1.0,0.7616272
0.0,0.063313395
0.0,0.058812946
0.0,0.307746
0.0,0.17315796
1.0,0.72536546
0.0,0.070195496
1.0,0.855371
0.0,0.027786314
1.0,0.83777547
0.0,0.054154754
1.0,0.7390928
1.0,0.556832
0.0,0.115397215
0.0,0.18010682
0.0,0.0329988
0.0,0.17411938
1.0,0.6635378
1.0,0.058215946
1.0,0.26061475
1.0,0.3753878
1.0,0.28821155
0.0,0.029736817
1.0,0.5920899
1.0,0.39609677
0.0,0.20922375
0.0,0.08797628
0.0,0.09205341
1.0,0.58803487
1.0,0.8369822
0.0,0.7936061
0.0,0.061915427
1.0,0.65043586
0.0,0.06466356
0.0,0.07827431
1.0,0.7329283
0.0,0.567712
0.0,0.09818375
1.0,0.4722666
1.0,0.7545564
0.0,0.08315641
0.0,0.05882892
0.0,0.17857537
1.0,0.7038637
1.0,0.8158803
0.0,0.3485708
0.0,0.38777494
1.0,0.68281305
1.0,0.088939965
0.0,0.07305172
0.0,0.35333157
0.0,0.0954389
1.0,0.072791636
1.0,0.6012592
0.0,0.06871697
0.0,0.10408023
1.0,0.65865684
0.0,0.09456679
0.0,0.13174555
0.0,0.119863
0.0,0.56696
1.0,0.58662874
0.0,0.43072835
0.0,0.035246402
0.0,0.2729553
0.0,0.3087747
0.0,0.11938238
1.0,0.7006234
1.0,0.6745743
0.0,0.24541628
1.0,0.84259915
0.0,0.20802686
1.0,0.74452025
1.0,0.20634785
1.0,0.7405679
0.0,0.07208112
0.0,0.6258954
0.0,0.077905536
1.0,0.8185993
0.0,0.058511883
1.0,0.67911524
0.0,0.15480629
0.0,0.042740554
1.0,0.29174122
1.0,0.48244584
0.0,0.058121562
1.0,0.63402295
0.0,0.06249565
1.0,0.33734912
0.0,0.051172137
1.0,0.5168434
1.0,0.08394855
0.0,0.15594098
0.0,0.17791685
0.0,0.04953757
0.0,0.061831832
0.0,0.06408599
0.0,0.5291112
0.0,0.008948356
0.0,0.09994888
0.0,0.8201288
0.0,0.05519125
1.0,0.56985736
0.0,0.5770323
0.0,0.34646365
1.0,0.82468724
0.0,0.09862468
1.0,0.83368623
0.0,0.077240795
1.0,0.6959207
0.0,0.06013891
0.0,0.063955486
1.0,0.8038062
0.0,0.110750705
0.0,0.07835233
0.0,0.04309982
1.0,0.5546406
1.0,0.3155505
0.0,0.06605354
1.0,0.56955147
1.0,0.20227015
1.0,0.6703341
0.0,0.38173288
1.0,0.30340716
1.0,0.4507316
0.0,0.39187345
1.0,0.29568237
1.0,0.66456276
0.0,0.13433391
0.0,0.04849258
0.0,0.12189081
0.0,0.086681485
0.0,0.07687518
0.0,0.0628292
0.0,0.071344495
0.0,0.036925822
1.0,0.63008183
0.0,0.0968366
0.0,0.067095995
0.0,0.16364327
0.0,0.15302378
1.0,0.7332967
0.0,0.047546297
1.0,0.6776528
0.0,0.4478216
0.0,0.09925711
1.0,0.62136936
1.0,0.5700158
0.0,0.5230613
0.0,0.15530103
1.0,0.6117605
0.0,0.6407336
0.0,0.3073176
1.0,0.41194022
1.0,0.3269918
1.0,0.42108688
1.0,0.6004647
0.0,0.19123507
0.0,0.06429079
1.0,0.31236225
0.0,0.1010679
0.0,0.053874433
1.0,0.8307485
1.0,0.8373407
1.0,0.8548065
0.0,0.056284666
1.0,0.10300568
1.0,0.6140728
1.0,0.7072387
0.0,0.05294007
0.0,0.0748401
1.0,0.22164625
0.0,0.1464428
0.0,0.6040173
0.0,0.08703914
1.0,0.77708185
0.0,0.18138364
0.0,0.13021135
0.0,0.08751482
0.0,0.5969299
0.0,0.10757697
0.0,0.040487736
0.0,0.6644912
1.0,0.7906436
0.0,0.06785017
1.0,0.5730832
0.0,0.09243649
0.0,0.22501159
0.0,0.6150303
1.0,0.06827816
0.0,0.6018442
0.0,0.09491807
0.0,0.06174946
0.0,0.18834597
0.0,0.12274516
1.0,0.66236407
0.0,0.31100804
1.0,0.73466
0.0,0.12143615
0.0,0.16994241
0.0,0.082855105
0.0,0.26754862
0.0,0.11628324
0.0,0.3163004
0.0,0.09127352
0.0,0.056426525
1.0,0.4876898
0.0,0.08310482
1.0,0.7447653
1.0,0.606441
0.0,0.10775179
0.0,0.09509832
1.0,0.71575016
0.0,0.11316416
1.0,0.36760202
1.0,0.5134925
0.0,0.061852336
1.0,0.56924367
0.0,0.06829831
1.0,0.61498946
0.0,0.09122193
0.0,0.23460841
1.0,0.46522105
0.0,0.44622654
0.0,0.027463049
0.0,0.4249415
1.0,0.558934
1.0,0.50208014
0.0,0.060178906
0.0,0.28185874
1.0,0.5571321
0.0,0.44343773
1.0,0.3488602
0.0,0.44133642
1.0,0.3763861
0.0,0.52313185
0.0,0.29740202
0.0,0.6572229
0.0,0.042559028
0.0,0.18063518
1.0,0.08245465
0.0,0.41592646
1.0,0.7253669
0.0,0.04728505
1.0,0.33988547
0.0,0.067862034
0.0,0.05324474
0.0,0.06725082
0.0,0.08083409
0.0,0.31583488
0.0,0.22919488
0.0,0.101814896
0.0,0.55309474
1.0,0.52619755
0.0,0.072377026
0.0,0.12661445
1.0,0.623567
1.0,0.024912983
0.0,0.077093035
0.0,0.051119953
1.0,0.5981355
0.0,0.19676307
1.0,0.14341533
1.0,0.66559273
1.0,0.49529612
1.0,0.62721527
0.0,0.06851557
0.0,0.051203758
1.0,0.59182173
0.0,0.2763084
1.0,0.80518353
1.0,0.3693431
1.0,0.7105349
0.0,0.2851662
0.0,0.03289458
0.0,0.13121447
0.0,0.2466828
1.0,0.6218749
1.0,0.64396083
0.0,0.23621005
0.0,0.15151164
0.0,0.067462176
0.0,0.1110211
1.0,0.16193119
1.0,0.65790087
1.0,0.35298097
0.0,0.6899905
1.0,0.5334936
1.0,0.69926625
1.0,0.58045197
1.0,0.77615774
0.0,0.6000929
0.0,0.3522029
0.0,0.37180036
0.0,0.0999392
1.0,0.72096115
1.0,0.83485556
1.0,0.65571374
1.0,0.66684663
0.0,0.14454359
0.0,0.07209298
0.0,0.07934919
0.0,0.21114242
1.0,0.41762394
0.0,0.055711716
0.0,0.05465573
0.0,0.2817263
0.0,0.08500776
1.0,0.91301095
1.0,0.7283189
1.0,0.79646146
0.0,0.124812365
0.0,0.58784235
1.0,0.62666863
1.0,0.8192247
0.0,0.18220878
1.0,0.50822926
0.0,0.5706686
1.0,0.8640419
1.0,0.6199213
1.0,0.3518521
0.0,0.12931538
0.0,0.16438308
1.0,0.624277
0.0,0.12590757
0.0,0.18762186
1.0,0.71880835
0.0,0.11520079
0.0,0.05370021
0.0,0.19753635
1.0,0.364168
0.0,0.640959
0.0,0.31709898
1.0,0.5001014
0.0,0.09163916
0.0,0.060469896
0.0,0.19755217
0.0,0.26110515
1.0,0.6408469
0.0,0.13752049
0.0,0.06257278
0.0,0.041361958
1.0,0.6168433
0.0,0.066701174
0.0,0.031942606
1.0,0.30069253
0.0,0.16561347
0.0,0.07412046
1.0,0.81220955
1.0,0.4349518
0.0,0.057091027
1.0,0.42978597
1.0,0.003291607
0.0,0.2598549
0.0,0.3521887
1.0,0.46490806
1.0,0.6735053
0.0,0.10844791
1.0,0.3055665
1.0,0.27141923
1.0,0.57145643
0.0,0.44295153
1.0,0.21554834
0.0,0.08075109
1.0,0.5371176
0.0,0.07344931
1.0,0.80109966
0.0,0.6111747
0.0,0.18387315
1.0,0.62552345
0.0,0.07756129
1.0,0.6962853
1.0,0.60696846
1.0,0.652218
1.0,0.36158073
0.0,0.20917943
1.0,0.050661236
0.0,0.22786045
0.0,0.05029881
0.0,0.10796875
0.0,0.24293247
1.0,0.6890309
0.0,0.09156516
0.0,0.3858684
0.0,0.31363368
0.0,0.17475194
1.0,0.5527761
0.0,0.35782093
0.0,0.0728645
0.0,0.08042714
0.0,0.50507224
1.0,0.6263467
0.0,0.079440445
1.0,0.7594869
1.0,0.72496057
0.0,0.58076286
0.0,0.0514791
0.0,0.06815839
1.0,0.76194245
0.0,0.06220001
1.0,0.28635073
1.0,0.41050726
1.0,0.7177446
0.0,0.60488385
0.0,0.41625845
0.0,0.054275364
0.0,0.6161016
0.0,0.08576402
0.0,0.08782342
0.0,0.11537427
1.0,0.5234953
0.0,0.10161248
1.0,0.7103402
0.0,0.00036597252
1.0,0.7948936
1.0,0.6743624
1.0,0.42178154
1.0,0.66340303
0.0,0.42047483
0.0,0.81034017
0.0,0.095151275
1.0,0.36186844
1.0,0.67579496
0.0,0.06383115
1.0,0.39605805
1.0,0.45194298
1.0,0.8107326
1.0,0.627036
0.0,0.69924617
0.0,0.21736926
1.0,0.68272704
0.0,0.07466203
0.0,0.5122745
1.0,0.7485556
0.0,0.08595386
0.0,0.43689597
0.0,0.06348798
0.0,0.072871745
0.0,0.23568717
1.0,0.76755214
0.0,0.11353856
0.0,0.7817943
1.0,0.49792224
0.0,0.14690146
1.0,0.49679703
0.0,0.42576414
0.0,0.07847968
0.0,0.0715774
0.0,0.08619502
1.0,0.638259
0.0,0.18981043
0.0,0.15927848
1.0,0.6940884
1.0,0.6094442
0.0,0.12202367
0.0,0.08704215
0.0,0.058161616
1.0,0.39818445
0.0,0.053451955
1.0,0.595538
1.0,0.6340351
1.0,0.28567147
1.0,0.4652298
1.0,0.7741053
0.0,0.7371481
1.0,0.6127624
1.0,0.7640363
0.0,0.06616926
0.0,0.05211243
0.0,0.0823974
1.0,0.5543787
0.0,0.10925883
0.0,0.104188025
0.0,0.42028388
1.0,0.8181657
0.0,0.066931695
1.0,0.73702
0.0,0.14129686
0.0,0.41050547
0.0,0.20023444
0.0,0.08497304
0.0,0.097378105
1.0,0.38764048
1.0,0.74411297
0.0,0.1532293
0.0,0.19264838
1.0,0.48597896
0.0,0.04538253
1.0,0.6983496
0.0,0.08845514
0.0,0.1195465
0.0,0.08033231
1.0,0.62187093
1.0,0.6400005
0.0,0.05163899
0.0,0.17276862
1.0,0.3642183
0.0,0.2058065
0.0,0.061787426
1.0,0.59672946
1.0,0.7896398
1.0,0.72432905
0.0,0.095814675
1.0,0.6340531
1.0,0.7317583
0.0,0.18002853
0.0,0.06491417
0.0,0.06238714
0.0,0.078947335
0.0,0.052673608
0.0,0.23891222
1.0,0.51364297
1.0,0.7136394
0.0,0.5566207
0.0,0.065469086
0.0,0.44616854
0.0,0.058089912
1.0,0.4691456
0.0,0.6209054
0.0,0.2495721
0.0,0.43865258
0.0,0.6392987
1.0,0.2879845
0.0,0.05027044
0.0,0.46975595
1.0,0.68342716
0.0,0.15592518
0.0,0.36775225
0.0,0.13058725
0.0,0.042464763
1.0,0.6302024
1.0,0.72049445
0.0,0.15066287
0.0,0.772081
0.0,0.04308492
0.0,0.4189372
0.0,0.7041352
0.0,0.28015772
0.0,0.056199044
0.0,0.17619735
1.0,0.12454283
0.0,0.052198082
1.0,0.22319677
0.0,0.5773605
0.0,0.044046044
0.0,0.15752944
0.0,0.50970864
0.0,0.3371853
0.0,0.10142976
1.0,0.751249
0.0,0.071695566
0.0,0.2642696
0.0,0.101346046
1.0,0.3978498
1.0,0.7366846
0.0,0.07273719
0.0,0.35218665
0.0,0.09561452
1.0,0.70100677
1.0,0.6770736
1.0,0.8169174
0.0,0.23446289
1.0,0.8575391
0.0,0.085678816
0.0,0.055797726
0.0,0.04227084
1.0,0.1586434
0.0,0.04525441
0.0,0.09039712
1.0,0.79302055
1.0,0.08936751
0.0,0.06428662
1.0,0.8324177
0.0,0.086961776
1.0,0.32812142
0.0,0.1138452
1.0,0.6991371
0.0,0.6435124
0.0,0.24940053
1.0,0.49962515
0.0,0.09243274
0.0,0.12703308
0.0,0.07736218
0.0,0.10306606
0.0,0.17278913
0.0,0.049595416
1.0,0.54430676
1.0,0.031145543
0.0,0.111670405
0.0,0.08752048
0.0,0.075185776
0.0,0.58552456
1.0,0.5971801
0.0,0.10078627
0.0,0.26262122
0.0,0.07391289
0.0,0.3947804
0.0,0.055290967
1.0,0.7808428
1.0,0.60280645
0.0,0.04740131
0.0,0.104335666
0.0,0.091621876
0.0,0.10294795
1.0,0.5693617
0.0,0.63626593
0.0,0.14156812
0.0,0.09579533
1.0,0.23881209
0.0,0.059904724
0.0,0.057005703
1.0,0.80039036
0.0,0.08218697
0.0,0.15209413
1.0,0.6129894
1.0,0.42151645
1.0,0.6727649
0.0,0.0482949
0.0,0.05911991
0.0,0.37616622
0.0,0.05330649
1.0,0.65543014
0.0,0.26314405
1.0,0.88713145
0.0,0.03866741
0.0,0.050225914
0.0,0.28396446
1.0,0.89305484
0.0,0.5577651
0.0,0.11446333
0.0,0.2530358
1.0,0.6210963
0.0,0.029865444
0.0,0.10714418
0.0,0.04068029
1.0,0.25053453
0.0,0.11234179
0.0,0.03303632
1.0,0.25705314
1.0,0.80806077
0.0,0.034848243
1.0,0.82208467
1.0,0.8738104
1.0,0.67516583
1.0,0.6651824
0.0,0.06619248
1.0,0.6439564
0.0,0.74871916
1.0,0.2026889
0.0,0.09176746
1.0,0.6863404
0.0,0.16357061
1.0,0.12627065
1.0,0.8522707
1.0,0.84582627
0.0,0.055093437
0.0,0.57235086
0.0,0.30550587
0.0,0.07296485
0.0,0.072910696
0.0,0.12217459
1.0,0.7356336
1.0,0.7227783
1.0,0.71235776
0.0,0.096678406
0.0,0.07680258
0.0,0.1355564
0.0,0.2597329
1.0,0.18763003
0.0,0.05843717
0.0,0.061324954
0.0,0.06871575
0.0,0.39061117
1.0,0.72649956
0.0,0.596242
0.0,0.54876727
0.0,0.68998903
1.0,0.47777343
0.0,0.05364403
0.0,0.71374154
1.0,0.4311387
0.0,0.5042966
1.0,0.5560163
0.0,0.106369436
0.0,0.48168012
0.0,0.082419485
0.0,0.09744933
0.0,0.04907301
1.0,0.53740585
0.0,0.1221464
0.0,0.07813287
1.0,0.6289866
1.0,0.75989485
0.0,0.9621893
1.0,0.058333606
0.0,0.26185936
0.0,0.16761518
1.0,0.8127221
0.0,0.030728519
0.0,0.15398344
0.0,0.07219201
0.0,0.09504342
1.0,0.6732992
1.0,0.6107478
1.0,0.6116271
1.0,0.82795507
0.0,0.120432824
0.0,0.06295508
0.0,0.27203476
1.0,0.8081794
0.0,0.08620533
0.0,0.16145161
1.0,0.82045174
1.0,0.44497198
1.0,0.58267653
0.0,0.07611844
0.0,0.14616433
0.0,0.37131003
1.0,0.58211666
1.0,0.41400784
1.0,0.79257214
0.0,0.024880767
0.0,0.053372324
0.0,0.04090658
1.0,0.70920604
1.0,0.23671347
0.0,0.4044966
1.0,0.5547827
1.0,0.25527978
1.0,0.7554834
1.0,0.23844194
0.0,0.07107115
0.0,0.13080007
1.0,0.2179321
1.0,0.55242467
0.0,0.069916934
0.0,0.11870673
0.0,0.053253114
0.0,0.08028817
0.0,0.070313424
0.0,0.5054701
0.0,0.04438293
0.0,0.105190665
1.0,0.5109234
1.0,0.6446672
0.0,0.2658109
1.0,0.78195083
0.0,0.04404074
1.0,0.6639048
0.0,0.17671266
1.0,0.83417594
0.0,0.092645794
0.0,0.06594974
0.0,0.057157695
0.0,0.19437331
1.0,0.110964
1.0,0.7407148
0.0,0.039281517
0.0,0.14529893
1.0,0.19949189
0.0,0.08960673
1.0,0.6644886
1.0,0.4605465
0.0,0.07125768
0.0,0.12519869
0.0,0.32201558
0.0,0.80162334
0.0,0.6766082
0.0,0.06419879
0.0,0.8745626
0.0,0.14649409
1.0,0.6236111
1.0,0.8129748
1.0,0.3465543
1.0,0.6930984
0.0,0.06941298
0.0,0.2684659
1.0,0.769042
0.0,0.6371999
0.0,0.09924632
0.0,0.20253068
1.0,0.31969237
1.0,0.18467861
0.0,0.11755881
1.0,0.6948323
1.0,0.7050224
0.0,0.040376544
0.0,0.15620503
1.0,0.71711916
0.0,0.12184921
0.0,0.3195026
0.0,0.052072853
0.0,0.07481709
1.0,0.21162438
0.0,0.06849578
0.0,0.07425928
0.0,0.19084963
1.0,0.45337984
0.0,0.082301855
0.0,0.17085171
1.0,0.81379354
0.0,0.07953456
0.0,0.9715096
0.0,0.6931018
1.0,0.787
1.0,0.31609198
1.0,0.5421807
0.0,0.17653427
0.0,0.5774175
1.0,0.667121
0.0,0.077647865
0.0,0.059892237
0.0,0.5713829
0.0,0.05817899
1.0,0.30974388
0.0,0.105091214
0.0,0.52771527
1.0,0.5702168
0.0,0.10015318
0.0,0.09517264
0.0,0.50358456
0.0,0.129098
1.0,0.68910456
1.0,0.7323
0.0,0.5717323
1.0,0.6771357
0.0,0.05140847
0.0,0.09156367
0.0,0.051188767
1.0,0.6067285
0.0,0.08855614
0.0,0.10940191
1.0,0.63397706
1.0,0.5256622
1.0,0.314274
0.0,0.14220178
1.0,0.49746117
1.0,0.8512802
0.0,0.041986227
0.0,0.59937584
0.0,0.7747953
1.0,0.38069034
0.0,0.2374317
0.0,0.3447854
0.0,0.11040285
0.0,0.04788515
0.0,0.08709487
0.0,0.18007636
0.0,0.20824566
0.0,0.8219007
0.0,0.36085403
1.0,0.67313504
1.0,0.6694676
1.0,0.6079401
0.0,0.06268579
1.0,0.75961316
0.0,0.39398783
0.0,0.11932182
1.0,0.7767697
0.0,0.20181033
0.0,0.051693022
0.0,0.47537133
0.0,0.06797424
0.0,0.60096204
0.0,0.4472861
0.0,0.09149313
1.0,0.65952253
0.0,0.033213913
0.0,0.064810485
0.0,0.0704712
1.0,0.76872814
1.0,0.6449502
0.0,0.5013608
1.0,0.44322172
0.0,0.037062287
1.0,0.26973847
0.0,0.088052005
0.0,0.08193186
1.0,0.104976416
0.0,0.05981481
0.0,0.060736477
1.0,0.48838803
0.0,0.040132046
1.0,0.055389076
0.0,0.64982927
0.0,0.04546541
1.0,0.6346229
0.0,0.088481426
0.0,0.30552715
0.0,0.5407656
0.0,0.05924791
0.0,0.049208313
1.0,0.580671
0.0,0.09232926
0.0,0.16871467
0.0,0.00088241696
1.0,0.4516176
0.0,0.6211945
0.0,0.1603823
1.0,0.00070631504
0.0,0.055268526
0.0,0.04797283
0.0,0.12078929
0.0,0.19055215
1.0,0.6239154
0.0,0.10578439
0.0,0.04154378
0.0,0.043195307
0.0,0.05603537
0.0,0.65877485
1.0,0.8228853
1.0,0.6287726
0.0,0.058699608
1.0,0.63526326
0.0,0.086995274
0.0,0.06439707
0.0,0.04771608
0.0,0.19326338
1.0,0.9277768
0.0,0.100449294
0.0,0.16074654
0.0,0.46472192
0.0,0.3591588
0.0,0.20775753
0.0,0.051401198
0.0,0.042666048
0.0,0.06561637
0.0,0.06265965
0.0,0.59750825
1.0,0.6406861
0.0,0.16807422
0.0,0.12926012
0.0,0.09631741
1.0,0.76056004
0.0,0.14671734
1.0,0.6695991
0.0,0.06972042
0.0,0.20070359
0.0,0.15990949
1.0,0.65534747
1.0,0.809154
1.0,0.44802973
1.0,0.50928897
0.0,0.10427439
0.0,0.06708667
1.0,0.7364194
1.0,0.7844
0.0,0.065518975
0.0,0.20230421
0.0,0.55814046
1.0,0.8707777
0.0,0.07896307
0.0,0.09237036
0.0,0.0686284
0.0,0.06825152
1.0,0.4048822
1.0,0.66603905
0.0,0.029719442
1.0,0.46299806
0.0,0.13561499
0.0,0.07013428
0.0,0.037967205
0.0,0.24520755
0.0,0.042153
1.0,0.7198668
0.0,0.050287396
0.0,0.16308114
0.0,0.6244713
0.0,0.14342344
0.0,0.5737815
1.0,0.66328293
0.0,0.06501284
0.0,0.08828014
1.0,0.7541101
0.0,0.5912733
0.0,0.11855918
1.0,0.82104325
1.0,0.5475842
0.0,0.20296237
1.0,0.6904974
0.0,0.12693515
1.0,0.72664374
1.0,0.86316824
0.0,0.24302131
1.0,0.68327
0.0,0.09592369
0.0,0.4298249
0.0,0.45846662
0.0,0.18871844
0.0,0.06171906
0.0,0.07574484
0.0,0.30738866
1.0,0.7557744
0.0,0.2186884
0.0,0.13423571
0.0,0.3607815
0.0,0.68385106
1.0,0.6833857
0.0,0.09161183
0.0,0.26402938
0.0,0.06338042
0.0,0.07638571
0.0,0.06265572
0.0,0.68671507
1.0,0.8969995
0.0,0.3160962
1.0,0.5053118
0.0,0.08202681
1.0,0.61476916
0.0,0.12000871
0.0,0.21901867
0.0,0.07089761
0.0,0.9364903
0.0,0.362258
0.0,0.13811323
0.0,0.14815941
0.0,0.11561465
0.0,0.6735902
0.0,0.69745433
1.0,0.5115047
0.0,0.1957806
0.0,0.09063512
1.0,0.92103446
0.0,0.2347605
0.0,0.056996197
0.0,0.050805688
1.0,0.42716253
1.0,0.54506075
1.0,0.4522016
1.0,0.7676153
0.0,0.223344
1.0,0.6982881
0.0,0.16573006
1.0,0.12331945
0.0,0.083695024
0.0,0.7543719
0.0,0.07156551
0.0,0.029853106
0.0,0.057424873
1.0,0.66044843
1.0,0.17278695
0.0,0.6954155
1.0,0.53243655
0.0,0.06471756
1.0,0.62524456
0.0,0.077178925
0.0,0.06929457
0.0,0.70634943
0.0,0.40629342
0.0,0.09447464
0.0,0.06241408
1.0,0.8717578
0.0,0.048972726
1.0,0.7425171
1.0,0.17129883
1.0,0.67508996
0.0,0.048975587
0.0,0.87403566
0.0,0.06133899
0.0,0.26981992
0.0,0.07038319
1.0,0.58585477
0.0,0.37235457
0.0,0.1768738
0.0,0.22508973
0.0,0.0469265
0.0,0.061953455
0.0,0.20356914
0.0,0.6897703
0.0,0.042883217
0.0,0.124922425
1.0,0.802792
0.0,0.18298635
0.0,0.056438804
0.0,0.056704134
0.0,0.114540875
1.0,0.64510936
0.0,0.27791208
1.0,0.84467816
0.0,0.33933896
1.0,0.86524534
1.0,0.43570495
0.0,0.034073383
0.0,0.43706176
0.0,0.08735347
0.0,0.23614752
0.0,0.073963374
0.0,0.29232976
1.0,0.7833015
0.0,0.0512594
1.0,0.527093
0.0,0.6963135
0.0,0.03009969
0.0,0.13023207
1.0,0.83948207
0.0,0.06564242
1.0,0.8387739
0.0,0.07667807
0.0,0.071109444
0.0,0.4116042
0.0,0.36505193
0.0,0.23593512
0.0,0.1841662
1.0,0.61566365
1.0,0.6837957
0.0,0.13149521
0.0,0.052619964
0.0,0.08185962
1.0,0.55271745
0.0,0.062579274
1.0,0.026715547
0.0,0.24554402
1.0,0.6614243
1.0,0.7840091
0.0,0.05337262
0.0,0.117664814
0.0,0.057046354
1.0,0.4894816
0.0,0.44157732
0.0,0.44373545
1.0,0.766538
1.0,0.5565182
0.0,0.22592515
0.0,0.099586815
1.0,0.67007834
0.0,0.18049365
0.0,0.08895743
0.0,0.052122295
1.0,0.3869889
0.0,0.106506884
0.0,0.05699554
1.0,0.44348478
1.0,0.58914673
0.0,0.059960097
0.0,0.06549448
0.0,0.077839464
1.0,0.636646
1.0,0.8293694
1.0,0.4347638
0.0,0.12265226
0.0,0.033667058
0.0,0.17381638
0.0,0.044775486
1.0,0.64878285
0.0,0.08498803
0.0,0.5975052
0.0,0.09417626
0.0,0.0933221
0.0,0.15027225
0.0,0.07798469
0.0,0.18273315
0.0,0.16360891
0.0,0.08911374
1.0,0.48567235
1.0,0.6350862
0.0,0.52839035
0.0,0.53572226
1.0,0.3302512
0.0,0.060054094
1.0,0.4600409
0.0,0.11919922
0.0,0.13547957
1.0,0.8221458
1.0,0.8720349
0.0,0.62814367
0.0,0.5200362
1.0,0.235614
0.0,0.22780836
0.0,0.2763912
0.0,0.81245935
0.0,0.029248685
1.0,0.5975769
1.0,0.5798934
0.0,0.29507512
0.0,0.044792205
0.0,0.09416494
1.0,0.5684727
0.0,0.110964954
1.0,0.295622
0.0,0.2550261
1.0,0.6956013
1.0,0.52117664
0.0,0.35723302
1.0,0.2930416
0.0,0.020647466
0.0,0.073165715
1.0,0.6745831
1.0,0.5312336
0.0,0.067908525
0.0,0.34604275
0.0,0.6781492
0.0,0.27349734
1.0,0.66879964
0.0,0.13857445
0.0,0.2119436
0.0,0.062019378
1.0,0.5966025
0.0,0.089796364
0.0,0.8564322
1.0,0.5681013
0.0,0.05277589
0.0,0.6967445
0.0,0.039378732
1.0,0.36452156
0.0,0.33748466
1.0,0.7448369
0.0,0.08764431
1.0,0.1905945
1.0,0.33746618
1.0,0.6345774
1.0,0.7024533
0.0,0.058828056
1.0,0.5628532
0.0,0.06905216
1.0,0.84776115
1.0,0.55184436
0.0,0.2752084
1.0,0.3005427
0.0,0.039666593
1.0,0.5193642
1.0,0.3223256
0.0,0.0770151
0.0,0.74103224
1.0,0.84932756
1.0,0.5161441
0.0,0.29019046
0.0,0.19621325
0.0,0.04399848
0.0,0.08710089
0.0,0.72239316
1.0,0.6730365
1.0,0.81655973
1.0,0.3427704
1.0,0.5810088
1.0,0.75250506
1.0,0.83814466
0.0,0.2809193
1.0,0.788486
0.0,0.05688402
0.0,0.032155365
0.0,0.1936188
1.0,0.14425728
1.0,0.28742212
0.0,0.13316384
0.0,0.07085517
0.0,0.65975326
1.0,0.6296283
1.0,0.5436115
1.0,0.67404616
0.0,0.057967126
0.0,0.8133147
0.0,0.05951649
0.0,0.47209397
0.0,0.08090553
0.0,0.063533485
1.0,0.8025812
1.0,0.6671084
0.0,0.16186592
0.0,0.16531909
0.0,0.6502035
0.0,0.3817058
0.0,0.72452724
0.0,0.4791905
0.0,0.30225682
1.0,0.15637475
0.0,0.17582771
1.0,0.7056422
0.0,0.086336344
0.0,0.5875732
0.0,0.3307243
0.0,0.23351642
1.0,0.7461778
1.0,0.60098994
1.0,0.67294633
1.0,0.6598847
0.0,0.05181554
0.0,0.64303625
1.0,0.44150144
1.0,0.70406616
0.0,0.20173791
0.0,0.05770278
0.0,0.047385693
1.0,0.16123196
0.0,0.064445406
1.0,0.1354959
0.0,0.08196151
0.0,0.18790182
0.0,0.06741941
0.0,0.1110346
0.0,0.46431008
0.0,0.049114108
0.0,0.15867612
1.0,0.81775963
0.0,0.07662997
0.0,0.301885
0.0,0.05979073
1.0,0.0038322806
0.0,0.046310633
1.0,0.87046635
0.0,0.052310616
0.0,0.072430104
0.0,0.059776098
0.0,0.4182778
0.0,0.045585006
0.0,0.039747804
1.0,0.7590649
0.0,0.20297208
1.0,0.53257287
1.0,0.8984766
0.0,0.10161424
0.0,0.22833696
1.0,0.7432903
1.0,0.8705859
0.0,0.17555374
0.0,0.4836359
0.0,0.067980975
0.0,0.24135643
0.0,0.0664534
1.0,0.6899457
0.0,0.042597324
1.0,0.43676478
1.0,0.25940973
0.0,0.68308353
0.0,0.33206853
0.0,0.08168295
0.0,0.06507194
0.0,0.8171565
0.0,0.059134603
0.0,0.05767533
0.0,0.5819481
1.0,0.6219732
1.0,0.67140675
0.0,0.081893414
0.0,0.10065475
0.0,0.6057167
1.0,0.6353322
0.0,0.053368986
0.0,0.07657987
1.0,0.37255055
1.0,0.7998769
0.0,0.014260501
0.0,0.03593567
0.0,0.06796178
1.0,0.7862396
0.0,0.07125208
1.0,0.57957697
1.0,0.59142387
0.0,0.057513624
0.0,0.2022723
0.0,0.11031571
1.0,0.5060511
0.0,0.55152535
1.0,0.55566394
0.0,0.05795455
1.0,0.775331
0.0,0.23047289
0.0,0.082601905
0.0,0.0920023
1.0,0.8464142
0.0,0.4827516
1.0,0.84383285
1.0,0.40402013
0.0,0.04486677
1.0,0.14308938
0.0,0.11209744
1.0,0.32448667
0.0,0.09042728
1.0,0.6000015
0.0,0.047444075
1.0,0.6902741
1.0,0.72953284
1.0,0.8720235
0.0,0.10180551
1.0,0.78364563
1.0,0.5637413
0.0,0.07437202
1.0,0.65967107
1.0,0.13161415
1.0,0.35855824
0.0,0.48694932
0.0,0.066796064
0.0,0.6273149
0.0,0.30952632
