0.0,0.73950756
0.0,0.6791696
1.0,0.5101272
0.0,0.1711958
1.0,0.6916671
0.0,0.07434973
1.0,0.7466325
1.0,0.8898133
1.0,0.69979304
0.0,0.19574478
0.0,0.65031964
1.0,0.7390673
0.0,0.08641335
0.0,0.37319437
0.0,0.20851111
0.0,0.12880504
1.0,0.6845663
0.0,0.027705252
0.0,0.11279926
1.0,0.37207532
1.0,0.44451886
0.0,0.07656112
1.0,0.91008496
0.0,0.17256495
0.0,0.18102887
1.0,0.7607243
0.0,0.13502678
1.0,0.7338152
0.0,0.13112766
1.0,0.64583653
0.0,0.09093052
0.0,0.65369874
1.0,0.7233896
1.0,0.89295566
1.0,0.8797419
1.0,0.7384379
1.0,0.6956625
0.0,0.05102539
1.0,0.7288924
1.0,0.6133899
1.0,0.8346176
1.0,0.86521786
0.0,0.12475383
1.0,0.8187872
1.0,0.79043674
0.0,0.11532366
0.0,0.052811444
0.0,0.16095412
0.0,0.14868593
1.0,0.90138614
0.0,0.36542726
1.0,0.7481562
1.0,0.8050096
1.0,0.72197765
0.0,0.087477
0.0,0.06885758
0.0,0.38448033
1.0,0.26605886
1.0,0.8717289
1.0,0.5865971
1.0,0.87360513
0.0,0.4305055
1.0,0.8791981
1.0,0.65881175
1.0,0.78391755
0.0,0.3512267
0.0,0.03714776
1.0,0.8132062
0.0,0.09686792
1.0,0.68513995
0.0,0.0897201
1.0,0.852644
0.0,0.111059844
0.0,0.10134083
1.0,0.4610021
0.0,0.19270289
0.0,0.103556305
0.0,0.3187963
0.0,0.22749355
1.0,0.7669474
0.0,0.20274279
1.0,0.86579037
1.0,0.8795021
1.0,0.9704988
1.0,0.8911465
1.0,0.64089566
1.0,0.8101591
0.0,0.05608806
0.0,0.3001532
1.0,0.6195665
0.0,0.08818591
1.0,0.43400437
0.0,0.19425842
0.0,0.75957066
0.0,0.25067183
1.0,0.6142671
0.0,0.09328106
0.0,0.080417305
1.0,0.6163636
1.0,0.94927657
0.0,0.054757982
0.0,0.38731235
1.0,0.12358764
0.0,0.48243254
0.0,0.15704593
1.0,0.7990964
1.0,0.1999563
0.0,0.11109465
1.0,0.100862145
1.0,0.89053047
1.0,0.8295822
0.0,0.11906481
1.0,0.46650374
0.0,0.45269358
0.0,0.106969476
1.0,0.9805872
0.0,0.28595603
1.0,0.8365481
1.0,0.62746835
1.0,0.87152964
0.0,0.0043643713
1.0,0.82169914
0.0,0.72781324
0.0,0.092265844
0.0,0.45592588
1.0,0.016754448
0.0,0.06916049
0.0,0.13450149
1.0,0.87202454
1.0,0.71375245
1.0,0.89039123
0.0,0.13845354
0.0,0.05905199
1.0,0.5082622
1.0,0.9233364
0.0,0.6584001
0.0,0.112460196
0.0,0.1951335
0.0,0.22609746
0.0,0.16859978
1.0,0.6127939
0.0,0.19417554
1.0,0.29314852
0.0,0.08790591
0.0,0.119036585
0.0,0.029609323
1.0,0.66164505
0.0,0.08512509
0.0,0.11512837
0.0,0.042547703
0.0,0.2798558
0.0,0.096532434
0.0,0.069615066
0.0,0.86356837
0.0,0.37996024
1.0,0.8182254
0.0,0.1432657
0.0,0.09243935
1.0,0.9138708
0.0,0.281208
0.0,0.62590367
0.0,0.5878427
0.0,0.11764529
0.0,0.24523532
1.0,0.9008838
0.0,0.3340593
1.0,0.88416404
0.0,0.13617894
0.0,0.14240602
1.0,0.68668985
0.0,0.6380467
0.0,0.7698246
0.0,0.57110006
0.0,0.072348535
1.0,0.72470003
1.0,0.6790167
0.0,0.21050012
1.0,0.72047496
0.0,0.5556004
1.0,0.8747302
1.0,0.788802
1.0,0.75454295
1.0,0.77904046
1.0,0.86271167
0.0,0.67278516
0.0,0.094531864
0.0,0.1876815
0.0,0.87127936
0.0,0.42684877
0.0,0.12518397
1.0,0.2560277
0.0,0.0824486
0.0,0.66124177
1.0,0.81589043
1.0,0.61115336
1.0,0.8225235
0.0,0.08738291
0.0,0.5113162
0.0,0.09832865
1.0,0.17706597
0.0,0.11475158
0.0,0.74436224
0.0,0.50467294
0.0,0.30741197
0.0,0.22067815
1.0,0.17567798
0.0,0.10610804
1.0,0.36293662
0.0,0.041252404
0.0,0.37631047
0.0,0.08751914
1.0,0.84782577
0.0,0.12144953
0.0,0.62636226
0.0,0.15081501
0.0,0.08864927
0.0,0.81370395
0.0,0.61612254
1.0,0.9161023
0.0,0.060091496
0.0,0.051329613
1.0,0.74742883
1.0,0.90829325
0.0,0.4229139
0.0,0.1592566
0.0,0.08955151
0.0,0.2577663
0.0,0.23016539
0.0,0.16553363
1.0,0.64986
0.0,0.22315893
1.0,0.70114577
0.0,0.069952875
1.0,0.8155923
1.0,0.5589144
0.0,0.10247198
0.0,0.1543389
0.0,0.15085202
1.0,0.82003534
1.0,0.77222973
1.0,0.8317245
1.0,0.60821134
0.0,0.16764998
0.0,0.5829329
1.0,0.89533514
0.0,0.63372946
0.0,0.0826579
0.0,0.07729575
0.0,0.35891157
0.0,0.4162215
0.0,0.0784103
0.0,0.3459257
1.0,0.55450004
0.0,0.08893967
0.0,0.21663648
0.0,0.33797634
1.0,0.269521
1.0,0.79094994
0.0,0.098353416
0.0,0.13391599
0.0,0.118034124
1.0,0.8594706
0.0,0.086607754
0.0,0.079233974
0.0,0.14301896
0.0,0.1347281
1.0,0.8621975
1.0,0.77410007
1.0,0.8976314
0.0,0.108771384
1.0,0.6065082
0.0,0.08209422
0.0,0.11082989
0.0,0.36655876
1.0,0.92278886
1.0,0.4842371
0.0,0.0610117
0.0,0.08844307
1.0,0.76622003
1.0,0.56070256
0.0,0.30199328
1.0,0.5659786
1.0,0.91351265
0.0,0.73539466
0.0,0.2250984
0.0,0.12668028
0.0,0.13984516
0.0,0.2800162
0.0,0.11972922
1.0,0.91471803
0.0,0.13242918
0.0,0.09370446
1.0,0.89921165
0.0,0.33809096
1.0,0.808691
1.0,0.42110837
1.0,0.80916816
1.0,0.7194398
1.0,0.7823865
0.0,0.15563464
1.0,0.770259
0.0,0.5915252
1.0,0.94115186
0.0,0.6963129
0.0,0.540637
0.0,0.11167359
0.0,0.36777586
0.0,0.049566537
1.0,0.8208723
0.0,0.5789531
1.0,0.6411356
0.0,0.777521
1.0,0.76340973
1.0,0.92747986
0.0,0.07603994
0.0,0.06606904
0.0,0.07981989
1.0,0.7711992
1.0,0.24861518
0.0,0.065133184
0.0,0.054334402
0.0,0.08235413
0.0,0.28640175
1.0,0.87371194
1.0,0.7638141
0.0,0.15104535
0.0,0.53480977
1.0,0.6793196
1.0,0.8543545
1.0,0.7233379
0.0,0.1929028
0.0,0.3519295
0.0,0.06878239
0.0,0.8173138
1.0,0.8516263
1.0,0.7269251
0.0,0.17771515
0.0,0.33099174
0.0,0.065945774
0.0,0.95642483
0.0,0.054107785
0.0,0.46910706
1.0,0.17319012
0.0,0.3658731
0.0,0.17225924
0.0,0.114331484
0.0,0.8247354
0.0,0.8736812
0.0,0.16678745
0.0,0.084513694
1.0,0.64801586
0.0,0.06574431
1.0,0.7096428
0.0,0.014576256
0.0,0.30395418
0.0,0.30536827
0.0,0.04098788
0.0,0.72955525
1.0,0.6139315
1.0,0.70554304
0.0,0.36265868
1.0,0.5032273
0.0,0.07907295
0.0,0.29535025
0.0,0.3671798
0.0,0.7260047
0.0,0.10376075
0.0,0.028277189
1.0,0.5699367
0.0,0.08046675
1.0,0.85676277
0.0,0.19576195
1.0,0.5748315
0.0,0.22838733
1.0,0.17222998
1.0,0.92425644
1.0,0.8237885
0.0,0.12791678
0.0,0.13836244
1.0,0.84480953
0.0,0.11852673
0.0,0.13878858
1.0,0.32065737
1.0,0.789691
0.0,0.54806495
1.0,0.74952596
1.0,0.8756395
0.0,0.62753916
0.0,0.11166561
0.0,0.5092684
0.0,0.16113412
0.0,0.13105208
0.0,0.24644494
1.0,0.8881833
0.0,0.5566957
1.0,0.56181407
1.0,0.52238476
0.0,0.25508118
0.0,0.23233554
0.0,0.7710797
1.0,0.9267481
1.0,0.81635725
1.0,0.5541418
0.0,0.25205076
1.0,0.90358484
1.0,0.81224966
0.0,0.07133874
0.0,0.5142191
0.0,0.7584602
0.0,0.7346574
1.0,0.75527394
0.0,0.0991416
1.0,0.31010222
0.0,0.5092355
0.0,0.14076781
0.0,0.13275391
0.0,0.391003
0.0,0.15269491
0.0,0.18378794
0.0,0.07599941
0.0,0.10948938
0.0,0.21504584
0.0,0.5395612
0.0,0.24688613
0.0,0.13103238
0.0,0.62226284
0.0,0.15492332
1.0,0.6680894
0.0,0.15778482
1.0,0.8725281
0.0,0.13928285
0.0,0.07929799
0.0,0.14416993
0.0,0.776756
0.0,0.79469067
0.0,0.1508804
0.0,0.5193605
0.0,0.027270794
0.0,0.109902024
0.0,0.11152962
0.0,0.49387848
1.0,0.87174714
0.0,0.23831466
0.0,0.047318906
0.0,0.48714104
0.0,0.179275
1.0,0.5501775
0.0,0.8174608
1.0,0.4243967
0.0,0.10405147
0.0,0.34972894
1.0,0.91242915
0.0,0.74415773
1.0,0.6976593
1.0,0.74677086
1.0,0.7086743
1.0,0.8339082
0.0,0.06786245
1.0,0.70514286
0.0,0.050461352
0.0,0.08378661
0.0,0.6091045
1.0,0.8872478
0.0,0.10901645
0.0,0.060753554
1.0,0.52898806
1.0,0.9730156
0.0,0.2562877
0.0,0.09565151
1.0,0.6961355
0.0,0.24471116
1.0,0.76715636
0.0,0.45178586
0.0,0.28786063
1.0,0.6953231
0.0,0.82866085
0.0,0.07048318
1.0,0.2885825
0.0,0.08923781
1.0,0.93887377
0.0,0.060622662
1.0,0.5521956
1.0,0.54383886
1.0,0.74662805
1.0,0.92436504
0.0,0.5356216
0.0,0.13100058
1.0,0.74310684
0.0,0.07160407
0.0,0.5005073
1.0,0.6555403
1.0,0.86668307
1.0,0.8161006
0.0,0.071118504
1.0,0.8717629
1.0,0.7297327
0.0,0.08265364
1.0,0.90690327
0.0,0.34778088
1.0,0.6094895
1.0,0.8211451
0.0,0.7117648
0.0,0.6168023
1.0,0.83097124
0.0,0.4165554
1.0,0.75486636
0.0,0.4931472
0.0,0.08051172
0.0,0.7707976
1.0,0.9476871
0.0,0.021958709
0.0,0.07501078
0.0,0.6749138
1.0,0.7225627
0.0,0.098147064
0.0,0.08940217
0.0,0.3365725
0.0,0.76665044
1.0,0.5020981
1.0,0.76030403
0.0,0.25970766
0.0,0.6990833
0.0,0.23146412
0.0,0.65322757
0.0,0.17544091
1.0,0.74438334
0.0,0.2697958
1.0,0.79649794
0.0,0.67409986
0.0,0.5027307
1.0,0.66962576
0.0,0.14581174
0.0,0.3756679
0.0,0.09232837
0.0,0.12688914
0.0,0.26785213
0.0,0.11730808
0.0,0.08669159
0.0,0.22678635
1.0,0.76112884
1.0,0.92089164
0.0,0.099754035
0.0,0.14970067
1.0,0.86914676
0.0,0.100207835
1.0,0.754308
0.0,0.07890901
0.0,0.07069069
1.0,0.72861576
0.0,0.38295
1.0,0.6119729
0.0,0.5448175
1.0,0.46885213
0.0,0.1352368
0.0,0.16612545
0.0,0.57233614
1.0,0.8945295
0.0,0.06959388
0.0,0.1009258
0.0,0.06559566
0.0,0.78677535
1.0,0.42661554
0.0,0.10767394
0.0,0.06050062
1.0,0.90221065
1.0,0.28183937
0.0,0.2816303
1.0,0.7614635
0.0,0.6502286
0.0,0.43711746
1.0,0.777689
1.0,0.888679
0.0,0.12635443
1.0,0.79834116
1.0,0.80637014
0.0,0.09337503
0.0,0.009857953
0.0,0.45763803
1.0,0.222179
0.0,0.05936864
0.0,0.10780585
0.0,0.12867317
1.0,0.94351506
1.0,0.73170257
0.0,0.21509331
1.0,0.50764155
1.0,0.6881948
0.0,0.38111448
1.0,0.7446096
0.0,0.29466414
1.0,0.69587713
0.0,0.28389603
1.0,0.6339826
0.0,0.140071
0.0,0.12099394
1.0,0.77266073
0.0,0.10858005
1.0,0.80665624
0.0,0.100969195
0.0,0.031708866
0.0,0.06295535
1.0,0.70456
0.0,0.5516685
1.0,0.54266655
0.0,0.09112099
1.0,0.85881054
1.0,0.792382
0.0,0.0707472
1.0,0.78688526
1.0,0.86841893
1.0,0.70553637
1.0,0.6957592
0.0,0.3518455
0.0,0.12072492
0.0,0.7509814
1.0,0.81949526
1.0,0.3811514
0.0,0.06709379
0.0,0.12967256
0.0,0.8822292
1.0,0.8491878
0.0,0.49572256
1.0,0.1492373
1.0,0.9219366
0.0,0.3060341
0.0,0.09399885
1.0,0.87016845
0.0,0.6869657
1.0,0.78349733
0.0,0.61090153
0.0,0.16715536
0.0,0.18714106
1.0,0.36300972
0.0,0.24150589
1.0,0.9291783
0.0,0.14445674
1.0,0.2174696
0.0,0.20752376
0.0,0.32605273
1.0,0.68548626
1.0,0.6950314
1.0,0.7674726
1.0,0.5153158
0.0,0.122766644
0.0,0.17747724
0.0,0.73730946
0.0,0.051433504
1.0,0.7061144
1.0,0.64348596
0.0,0.12765202
0.0,0.09320757
0.0,0.078082055
1.0,0.8657195
0.0,0.12803647
0.0,0.1835466
0.0,0.21642727
0.0,0.7598008
0.0,0.24733874
0.0,0.55553275
1.0,0.8003912
0.0,0.44691503
1.0,0.31695098
0.0,0.34079152
0.0,0.6664528
1.0,0.61396444
1.0,0.74293447
1.0,0.8598787
0.0,0.10191059
0.0,0.14169452
1.0,0.48223978
0.0,0.08335769
0.0,0.11704439
0.0,0.57796705
1.0,0.7511039
0.0,0.2793448
0.0,0.120857
1.0,0.7317992
0.0,0.33544165
1.0,0.95001674
1.0,0.74601763
1.0,0.88471305
0.0,0.05368215
1.0,0.89340246
1.0,0.8128916
0.0,0.15496925
1.0,0.43436792
0.0,0.17385349
0.0,0.39930505
0.0,0.19731408
0.0,0.11043081
1.0,0.81038713
1.0,0.78864276
1.0,0.8732945
1.0,0.8489673
1.0,0.82158124
0.0,0.9032864
0.0,0.7649662
1.0,0.9294205
0.0,0.10965598
1.0,0.6202587
1.0,0.9586586
0.0,0.25669444
1.0,0.69689393
1.0,0.28295162
0.0,0.051822662
0.0,0.12114143
0.0,0.122036874
0.0,0.08770433
1.0,0.6282898
1.0,0.78332776
0.0,0.067198426
0.0,0.11650452
1.0,0.12152785
1.0,0.53146994
1.0,0.24877375
0.0,0.10208306
1.0,0.8229152
1.0,0.7162527
0.0,0.13466898
0.0,0.4747498
1.0,0.62933165
1.0,0.91914713
0.0,0.5367608
1.0,0.69053245
0.0,0.3127457
0.0,0.29019356
1.0,0.88653326
0.0,0.6023092
1.0,0.95719385
0.0,0.34505934
0.0,0.13757575
0.0,0.34615618
1.0,0.8078927
1.0,0.5113593
0.0,0.027689338
0.0,0.12633523
1.0,0.77141356
0.0,0.27283376
1.0,0.9287846
1.0,0.7805556
1.0,0.76345646
0.0,0.30164367
0.0,0.334958
0.0,0.37174714
0.0,0.060249567
0.0,0.031697243
1.0,0.935604
0.0,0.68722963
0.0,0.16569227
1.0,0.831995
0.0,0.12814394
1.0,0.11570111
1.0,0.69214934
0.0,0.14278728
0.0,0.36188453
0.0,0.8439326
0.0,0.07411966
0.0,0.058335006
0.0,0.036498398
0.0,0.115647286
0.0,0.6911129
1.0,0.6273738
1.0,0.9199972
0.0,0.6596521
0.0,0.7153749
0.0,0.11919284
0.0,0.19522145
0.0,0.0965423
1.0,0.36009037
0.0,0.11188957
0.0,0.05468318
1.0,0.9013869
1.0,0.42962497
0.0,0.07555595
0.0,0.86746037
0.0,0.026025057
0.0,0.18210462
0.0,0.07776284
0.0,0.26310658
1.0,0.6922228
1.0,0.83862484
1.0,0.85068643
0.0,0.057673514
1.0,0.86464596
1.0,0.88546336
0.0,0.36325347
0.0,0.06993729
1.0,0.70002234
1.0,0.39781263
1.0,0.676745
1.0,0.7660788
1.0,0.51714236
0.0,0.25132817
0.0,0.24554732
1.0,0.61669403
0.0,0.049541116
1.0,0.92883474
0.0,0.12693861
1.0,0.63148725
0.0,0.11590174
0.0,0.7347406
0.0,0.107079476
0.0,0.10468364
0.0,0.6043199
0.0,0.0625492
0.0,0.054674774
0.0,0.16830966
0.0,0.7158146
0.0,0.12670085
0.0,0.051167846
1.0,0.882296
1.0,0.52083915
1.0,0.87443435
0.0,0.7764219
0.0,0.54354596
0.0,0.3299479
0.0,0.185283
1.0,0.67484415
1.0,0.59963137
1.0,0.79342276
1.0,0.9236662
0.0,0.72850096
0.0,0.047846287
0.0,0.062345088
1.0,0.57240677
0.0,0.3071687
1.0,0.044122428
1.0,0.8104579
0.0,0.014806807
0.0,0.042598754
0.0,0.23445714
0.0,0.21181121
1.0,0.77928644
1.0,0.73412645
0.0,0.17324114
1.0,0.8776698
1.0,0.78341126
0.0,0.51441336
0.0,0.16331577
1.0,0.80972254
0.0,0.046105415
0.0,0.25769913
0.0,0.088390976
0.0,0.5050931
0.0,0.11261585
1.0,0.3978562
0.0,0.09192482
0.0,0.7262983
1.0,0.85199714
1.0,0.8179487
0.0,0.43005735
0.0,0.8916184
1.0,0.11372477
0.0,0.3132206
0.0,0.04959789
1.0,0.5461457
0.0,0.18541962
0.0,0.13148737
0.0,0.100720406
1.0,0.8882505
0.0,0.32703567
1.0,0.81687367
1.0,0.7337607
1.0,0.96038496
0.0,0.09666568
1.0,0.7779857
0.0,0.09615609
1.0,0.8803204
0.0,0.20689887
1.0,0.8002424
0.0,0.16664317
0.0,0.124452084
1.0,0.92065
0.0,0.07753667
0.0,0.09575859
1.0,0.5989383
1.0,0.71780246
1.0,0.35952374
1.0,0.64010704
1.0,0.3444574
1.0,0.79892766
1.0,0.6521269
0.0,0.096485496
1.0,0.71678436
1.0,0.90257776
0.0,0.28933638
0.0,0.07924241
0.0,0.06612879
1.0,0.71622765
0.0,0.09098604
0.0,0.35404235
0.0,0.41913494
1.0,0.87132925
0.0,0.1088129
0.0,0.6706586
1.0,0.63296187
1.0,0.71155816
1.0,0.88688505
1.0,0.17411089
0.0,0.89920324
0.0,0.25983626
0.0,0.08749029
0.0,0.102911055
0.0,0.09140229
0.0,0.3209477
0.0,0.19069842
1.0,0.3383141
1.0,0.8641304
0.0,0.14385012
1.0,0.70731664
0.0,0.09509832
0.0,0.0726046
1.0,0.92288244
0.0,0.11662623
0.0,0.8724459
0.0,0.1862508
0.0,0.7881924
0.0,0.12642464
0.0,0.07763481
0.0,0.85065603
1.0,0.82526743
0.0,0.3163302
0.0,0.684454
1.0,0.80845505
0.0,0.09483436
1.0,0.7226204
0.0,0.087377995
0.0,0.1127255
0.0,0.204521
0.0,0.39422995
0.0,0.0674642
0.0,0.07517272
0.0,0.110311836
0.0,0.1015473
0.0,0.47345093
1.0,0.63604784
0.0,0.10057384
1.0,0.8940319
0.0,0.68240464
1.0,0.19089815
0.0,0.09744769
0.0,0.103538394
0.0,0.4589472
1.0,0.8200037
1.0,0.36450088
1.0,0.44353116
0.0,0.12846813
0.0,0.4488513
1.0,0.852242
0.0,0.14199206
0.0,0.19013658
1.0,0.7274748
0.0,0.088009894
1.0,0.8640976
1.0,0.68263704
0.0,0.10341069
1.0,0.47703433
0.0,0.5154219
1.0,0.5044746
0.0,0.50015604
1.0,0.9504198
0.0,0.05836478
0.0,0.81841815
0.0,0.124140054
0.0,0.19759297
0.0,0.06374505
0.0,0.1499027
0.0,0.13083011
1.0,0.84688175
0.0,0.13612196
0.0,0.08128187
0.0,0.054727584
0.0,0.33406165
0.0,0.27483585
1.0,0.68383765
0.0,0.6493083
0.0,0.13148165
1.0,0.45498157
0.0,0.3629248
1.0,0.7712815
0.0,0.75069475
1.0,0.38375533
1.0,0.8593421
0.0,0.032932192
1.0,0.9359119
0.0,0.27420044
0.0,0.1430476
0.0,0.19153571
0.0,0.15282032
1.0,0.63016367
1.0,0.881748
0.0,0.37712756
0.0,0.2620208
1.0,0.853804
0.0,0.37211886
1.0,0.65199226
1.0,0.38201857
1.0,0.5961987
0.0,0.033391893
1.0,0.65763533
0.0,0.23748499
1.0,0.8033558
1.0,0.17440918
0.0,0.39880115
0.0,0.6718773
0.0,0.07937503
0.0,0.6494125
1.0,0.82987165
1.0,0.8640337
1.0,0.6985396
0.0,0.12954232
0.0,0.052381843
1.0,0.9984704
0.0,0.71008813
0.0,0.010444969
0.0,0.14592543
1.0,0.6602764
0.0,0.49409097
0.0,0.105992705
0.0,0.21313855
0.0,0.5270961
1.0,0.5900245
1.0,0.77664506
0.0,0.37217835
0.0,0.102968454
0.0,0.15039971
1.0,0.93946964
0.0,0.21767753
0.0,0.79128015
1.0,0.8021664
0.0,0.06679344
0.0,0.42455003
1.0,0.7697533
0.0,0.18198097
1.0,0.19460684
1.0,0.45028973
0.0,0.056704253
0.0,0.1450763
0.0,0.05170062
0.0,0.0646694
1.0,0.8487892
1.0,0.9723233
1.0,0.8824035
1.0,0.5231303
0.0,0.71482843
0.0,0.08466089
1.0,0.83519614
1.0,0.84320736
0.0,0.319714
0.0,0.06728685
1.0,0.4983224
0.0,0.067687094
1.0,0.81530195
0.0,0.0725874
0.0,0.38434732
1.0,0.7792744
0.0,0.4545632
0.0,0.06595978
0.0,0.16355947
0.0,0.4636874
0.0,0.5100481
1.0,0.27542618
0.0,0.13229337
1.0,0.94351393
0.0,0.49402598
1.0,0.7118905
0.0,0.27123928
1.0,0.6281113
1.0,0.92278206
1.0,0.9576498
0.0,0.70706534
0.0,0.08681136
1.0,0.42912424
0.0,0.09718621
0.0,0.16859591
1.0,0.91430914
1.0,0.5449789
0.0,0.12838468
1.0,0.7811588
1.0,0.8769678
0.0,0.7839714
0.0,0.11017263
0.0,0.11107969
0.0,0.0756641
0.0,0.0753493
0.0,0.7902539
1.0,0.8149835
1.0,0.881142
1.0,0.8213198
0.0,0.012048662
0.0,0.11373058
0.0,0.28186542
0.0,0.10671222
0.0,0.07464889
0.0,0.22715324
1.0,0.7250793
1.0,0.8263091
1.0,0.69437987
0.0,0.19899675
0.0,0.1786868
1.0,0.67206866
0.0,0.43289053
0.0,0.7719239
1.0,0.79173553
0.0,0.6883608
0.0,0.66093934
1.0,0.58458495
0.0,0.08642465
1.0,0.4623372
1.0,0.66593254
0.0,0.67296064
0.0,0.22256741
1.0,0.9591534
0.0,0.051094413
0.0,0.39939213
1.0,0.8196478
1.0,0.72298896
1.0,0.714347
1.0,0.8498585
0.0,0.80822515
0.0,0.13777936
0.0,0.05965182
1.0,0.71664226
0.0,0.86058617
1.0,0.88017917
0.0,0.67524105
1.0,0.80732095
1.0,0.44531566
0.0,0.33786854
0.0,0.18593255
0.0,0.014970243
0.0,0.29363853
0.0,0.15188539
0.0,0.16834113
1.0,0.37767097
1.0,0.5042549
0.0,0.524821
1.0,0.87100005
1.0,0.16743577
0.0,0.05540508
0.0,0.32589698
1.0,0.67436415
1.0,0.21761537
0.0,0.12968552
0.0,0.58248603
0.0,0.014554411
0.0,0.11821917
1.0,0.7279372
1.0,0.7313651
0.0,0.1474227
0.0,0.063593835
0.0,0.1218161
0.0,0.35896453
0.0,0.14580661
0.0,0.29776752
0.0,0.75183463
0.0,0.67355627
0.0,0.21014988
0.0,0.15674913
0.0,0.2865184
1.0,0.8443414
1.0,0.68935966
0.0,0.047332555
0.0,0.1799357
0.0,0.017800182
0.0,0.08131415
0.0,0.27162695
0.0,0.28877902
0.0,0.1527828
0.0,0.73999137
1.0,0.80679476
1.0,0.883107
1.0,0.7619842
1.0,0.70154333
1.0,0.88738716
0.0,0.5640469
0.0,0.13072747
0.0,0.17527473
0.0,0.30968744
1.0,0.65858924
0.0,0.2038975
1.0,0.81403464
0.0,0.14716822
0.0,0.728507
0.0,0.7283832
0.0,0.25986522
0.0,0.15804347
0.0,0.7152269
0.0,0.24843743
0.0,0.07957965
1.0,0.70708036
1.0,0.72148377
0.0,0.020690113
0.0,0.36444604
0.0,0.06991559
0.0,0.15980059
1.0,0.93266475
0.0,0.077882975
1.0,0.30858925
0.0,0.2725677
1.0,0.6324886
0.0,0.09664628
0.0,0.47353986
1.0,0.7374338
0.0,0.0614388
1.0,0.8125434
0.0,0.19726396
0.0,0.39887935
0.0,0.26100874
0.0,0.0308851
0.0,0.08764988
1.0,0.828987
1.0,0.87228954
0.0,0.6574727
0.0,0.14521107
0.0,0.07899371
0.0,0.42247823
1.0,0.7046176
0.0,0.53480774
1.0,0.23110396
1.0,0.76087207
0.0,0.69969505
0.0,0.09332141
0.0,0.22573268
0.0,0.26070815
0.0,0.117201865
0.0,0.1386379
0.0,0.12342957
0.0,0.019259065
0.0,0.31151652
1.0,0.73683
0.0,0.9342215
0.0,0.046433598
1.0,0.6981052
0.0,0.09972808
0.0,0.5407632
0.0,0.085044205
0.0,0.14841932
1.0,0.21337214
1.0,0.8198743
1.0,0.59748673
0.0,0.08766395
0.0,0.10267672
0.0,0.10081175
0.0,0.8124788
0.0,0.39910963
0.0,0.71640843
1.0,0.910391
1.0,0.90513146
1.0,0.6293005
0.0,0.13401026
1.0,0.93218553
1.0,0.56847584
0.0,0.18584454
1.0,0.6669228
0.0,0.08812755
0.0,0.14544633
0.0,0.19979426
1.0,0.8689908
1.0,0.75890064
1.0,0.7747042
0.0,0.76379263
0.0,0.45180207
0.0,0.07038358
1.0,0.85420173
1.0,0.8364382
1.0,0.69361025
1.0,0.5252136
0.0,0.069129914
0.0,0.14556113
0.0,0.13259944
0.0,0.69366896
1.0,0.83256733
0.0,0.11158371
0.0,0.36215824
0.0,0.4798056
1.0,0.6157627
0.0,0.3457898
0.0,0.18080884
0.0,0.1377953
0.0,0.7816428
0.0,0.14542529
0.0,0.34511763
0.0,0.11619088
0.0,0.43953192
0.0,0.076814145
1.0,0.93145573
1.0,0.49661222
0.0,0.64689994
0.0,0.78048736
0.0,0.1046972
1.0,0.5936204
0.0,0.11411062
0.0,0.06961417
0.0,0.44262874
0.0,0.06334123
1.0,0.82903254
0.0,0.099128544
0.0,0.20638993
1.0,0.74615425
1.0,0.8295351
1.0,0.8037083
0.0,0.011168957
0.0,0.24228245
1.0,0.62239295
1.0,0.85735434
1.0,0.83517003
0.0,0.711327
0.0,0.3763113
0.0,0.03489232
1.0,0.2775772
1.0,0.85399634
0.0,0.08953896
0.0,0.60839564
1.0,0.7004256
1.0,0.8280337
0.0,0.07403344
1.0,0.8029432
1.0,0.5750035
0.0,0.3323866
1.0,0.39137173
0.0,0.122502714
0.0,0.058995962
0.0,0.8610213
0.0,0.14411706
1.0,0.7872635
0.0,0.22723809
1.0,0.58435935
1.0,0.81416404
1.0,0.35669094
0.0,0.061674744
0.0,0.49842918
1.0,0.582297
0.0,0.092749566
1.0,0.6152264
1.0,0.90233725
0.0,0.51813
0.0,0.22955105
1.0,0.28993696
1.0,0.94143224
0.0,0.06797984
1.0,0.67878854
1.0,0.64993656
1.0,0.78275585
1.0,0.8185394
1.0,0.7249067
1.0,0.92550707
0.0,0.16279468
0.0,0.5662856
0.0,0.18245351
1.0,0.80201364
1.0,0.97436655
0.0,0.43422648
0.0,0.20421061
1.0,0.7916382
0.0,0.15851343
1.0,0.888233
0.0,0.6456916
1.0,0.62898743
1.0,0.8058233
0.0,0.56838095
1.0,0.11327645
0.0,0.32501906
1.0,0.931229
1.0,0.7310349
1.0,0.32589704
0.0,0.22067782
0.0,0.12627771
1.0,0.85034347
0.0,0.19767019
1.0,0.8345418
0.0,0.10336879
0.0,0.5252094
0.0,0.21957588
0.0,0.16660613
0.0,0.06142032
0.0,0.23250684
0.0,0.49945834
1.0,0.8729451
1.0,0.28970173
0.0,0.09874451
1.0,0.9109842
1.0,0.6746133
0.0,0.7851274
0.0,0.7715524
0.0,0.13978145
0.0,0.23438302
0.0,0.14159167
0.0,0.44055587
1.0,0.30020255
1.0,0.9402349
0.0,0.12725085
0.0,0.09390539
0.0,0.3563265
0.0,0.7964884
0.0,0.20685956
1.0,0.75320876
0.0,0.6685959
0.0,0.20849529
1.0,0.45239866
1.0,0.84480715
0.0,0.4104688
0.0,0.2842642
0.0,0.11094788
1.0,0.8964133
1.0,0.8224102
0.0,0.116957396
0.0,0.15982538
0.0,0.091151804
0.0,0.12837046
0.0,0.12608162
1.0,0.81134415
1.0,0.72405005
1.0,0.5389335
0.0,0.022931725
1.0,0.5005984
0.0,0.61665076
1.0,0.91062224
1.0,0.61709225
0.0,0.055774778
0.0,0.09248495
0.0,0.053150237
0.0,0.36723918
0.0,0.5943188
1.0,0.92554057
0.0,0.8346822
0.0,0.6950277
0.0,0.21314514
0.0,0.046426445
0.0,0.14449254
0.0,0.22287813
0.0,0.46955365
1.0,0.7475912
1.0,0.8275721
0.0,0.013174683
0.0,0.4752849
0.0,0.7167793
0.0,0.16795999
1.0,0.81071144
0.0,0.15384474
0.0,0.44933456
1.0,0.724942
0.0,0.43464464
0.0,0.18383309
0.0,0.32899386
0.0,0.1158537
1.0,0.7012107
1.0,0.7850638
0.0,0.12149516
1.0,0.39723963
1.0,0.8331536
1.0,0.8336376
0.0,0.21010768
0.0,0.23937285
1.0,0.6960244
1.0,0.89897215
0.0,0.16754368
1.0,0.90193063
0.0,0.116658956
1.0,0.8359144
1.0,0.86644065
1.0,0.90571254
0.0,0.23491073
1.0,0.6351156
1.0,0.004424453
0.0,0.21550661
0.0,0.22280514
0.0,0.8858665
0.0,0.38145655
0.0,0.10260916
0.0,0.059849948
1.0,0.92599285
0.0,0.64645815
0.0,0.24086449
0.0,0.6062719
0.0,0.087693006
0.0,0.12071943
0.0,0.03321764
1.0,0.6750557
0.0,0.25589183
0.0,0.26407576
0.0,0.4837392
1.0,0.7155104
1.0,0.6851156
1.0,0.8055401
1.0,0.79502976
0.0,0.07437745
0.0,0.34583935
0.0,0.14690202
0.0,0.103348374
0.0,0.73268616
0.0,0.26464722
1.0,0.7603415
0.0,0.060338914
1.0,0.25029466
1.0,0.13435847
1.0,0.6435619
0.0,0.14473686
0.0,0.050450772
0.0,0.09000337
0.0,0.054584414
1.0,0.80981636
1.0,0.8330642
1.0,0.38783142
1.0,0.8600757
1.0,0.85819554
0.0,0.1130991
0.0,0.14337072
0.0,0.37848258
0.0,0.24793822
1.0,0.78409636
0.0,0.087854385
0.0,0.6360946
1.0,0.935408
1.0,0.4563939
0.0,0.13168803
0.0,0.4686237
0.0,0.35663226
0.0,0.136653
1.0,0.57790786
0.0,0.9601931
0.0,0.13219011
1.0,0.91826355
0.0,0.6378815
1.0,0.8068485
1.0,0.82563204
0.0,0.097522974
0.0,0.39856485
0.0,0.13040414
0.0,0.1636239
1.0,0.863063
0.0,0.0959318
0.0,0.27022874
0.0,0.8056943
0.0,0.10525483
1.0,0.8589619
1.0,0.4758392
1.0,0.82817435
1.0,0.8447134
0.0,0.3069321
0.0,0.12729773
1.0,0.6767194
0.0,0.050710917
1.0,0.23596558
0.0,0.12019727
1.0,0.72165155
1.0,0.8825046
0.0,0.3787124
0.0,0.24168462
0.0,0.45476526
0.0,0.0719949
0.0,0.18520525
0.0,0.16523802
1.0,0.71031225
0.0,0.1491457
0.0,0.2001296
0.0,0.43048745
0.0,0.43512064
0.0,0.24414814
0.0,0.06544837
0.0,0.2569102
0.0,0.08546239
0.0,0.060248494
0.0,0.1536045
0.0,0.9959043
0.0,0.13083431
1.0,0.6000099
0.0,0.10754061
1.0,0.8518207
0.0,0.08034998
0.0,0.10564846
1.0,0.71282506
0.0,0.09425664
1.0,0.8856911
0.0,0.5519417
1.0,0.8948487
0.0,0.5608705
0.0,0.2232647
1.0,0.7586001
1.0,0.83717555
0.0,0.13121283
0.0,0.46172842
0.0,0.018105656
0.0,0.048150927
0.0,0.07250628
0.0,0.7217241
1.0,0.7902385
1.0,0.7988559
0.0,0.28353703
0.0,0.24195886
1.0,0.6326754
1.0,0.862357
1.0,0.7011438
0.0,0.077186525
1.0,0.14092723
0.0,0.5184098
1.0,0.7117053
0.0,0.027222663
1.0,0.56593
0.0,0.06021294
0.0,0.9493594
0.0,0.6772084
0.0,0.69902945
1.0,0.77022314
0.0,0.16999465
0.0,0.4083686
1.0,0.9104843
0.0,0.09529191
0.0,0.77551645
0.0,0.6546186
1.0,0.878428
0.0,0.5570974
0.0,0.1018309
0.0,0.8651728
1.0,0.6789689
0.0,0.059841603
0.0,0.61763704
0.0,0.19029337
1.0,0.6428652
0.0,0.037748605
1.0,0.8149111
0.0,0.637395
1.0,0.71637845
1.0,0.904327
0.0,0.44586164
1.0,0.8802773
1.0,0.8384602
0.0,0.06833157
0.0,0.55835974
0.0,0.005333662
1.0,0.89901185
0.0,0.21076936
1.0,0.76959455
1.0,0.7316175
0.0,0.32841444
1.0,0.76155347
0.0,0.051386774
1.0,0.6651669
0.0,0.70672405
1.0,0.7553481
0.0,0.5029315
1.0,0.32325402
0.0,0.4411465
0.0,0.07340565
0.0,0.050309926
0.0,0.13565156
0.0,0.12402928
0.0,0.050547242
0.0,0.04110211
0.0,0.21501532
0.0,0.4773815
0.0,0.45731145
0.0,0.41182306
0.0,0.10178986
1.0,0.8246492
1.0,0.47863063
0.0,0.4491619
1.0,0.27898306
0.0,0.1476512
0.0,0.26594526
0.0,0.7259752
0.0,0.4323591
0.0,0.13157746
0.0,0.30559504
1.0,0.68772525
0.0,0.042119652
0.0,0.28589362
1.0,0.050588816
0.0,0.061687052
1.0,0.8630456
0.0,0.2140378
0.0,0.20329243
1.0,0.55288255
0.0,0.11284736
1.0,0.6764231
0.0,0.099228114
0.0,0.0673444
0.0,0.084970474
1.0,0.9197352
0.0,0.12952125
1.0,0.80294
1.0,0.66792256
0.0,0.85163724
0.0,0.07338661
1.0,0.1612812
0.0,0.35903925
0.0,0.18947831
0.0,0.7195789
0.0,0.07389784
0.0,0.47563827
0.0,0.6546114
1.0,0.26271564
0.0,0.11204767
1.0,0.8225171
0.0,0.04368174
0.0,0.08644697
0.0,0.08862433
1.0,0.82020074
1.0,0.91043353
0.0,0.33421642
0.0,0.46702707
0.0,0.06653115
0.0,0.19985732
0.0,0.1403813
0.0,0.13108107
0.0,0.045575976
1.0,0.13950333
1.0,0.56851006
0.0,0.18599954
0.0,0.8515066
1.0,0.77406716
0.0,0.074642
1.0,0.6876264
0.0,0.054621458
0.0,0.09340304
1.0,0.82522273
0.0,0.09486714
1.0,0.6976348
1.0,0.8806287
1.0,0.8466494
0.0,0.0061613023
0.0,0.31900972
0.0,0.68325865
1.0,0.8569063
0.0,0.37995073
1.0,0.85373884
0.0,0.15809834
0.0,0.07997537
0.0,0.68936
1.0,0.7205616
0.0,0.3150775
0.0,0.18274432
0.0,0.6275241
1.0,0.41636252
1.0,0.9302511
0.0,0.26053953
0.0,0.22369894
1.0,0.76215667
1.0,0.6957271
1.0,0.79038435
1.0,0.53685296
0.0,0.07842103
1.0,0.8690884
0.0,0.1361523
0.0,0.36136094
0.0,0.09714404
1.0,0.808691
0.0,0.16832846
0.0,0.17872897
0.0,0.08369288
1.0,0.45702004
0.0,0.16833046
1.0,0.76362336
1.0,0.9244138
0.0,0.16250521
1.0,0.92235243
0.0,0.12719867
1.0,0.66056144
0.0,0.47176832
0.0,0.08408296
0.0,0.13498011
0.0,0.09347984
1.0,0.8674447
0.0,0.23086709
0.0,0.4264784
0.0,0.4599438
1.0,0.9319491
1.0,0.87701344
0.0,0.124328464
1.0,0.7660785
1.0,0.87455416
1.0,0.95629764
1.0,0.33980855
0.0,0.5219568
1.0,0.8277389
0.0,0.18867818
0.0,0.26715028
1.0,0.5552956
0.0,0.117649555
0.0,0.16462931
0.0,0.5355037
1.0,0.53856415
0.0,0.3252418
0.0,0.42720947
1.0,0.7634078
0.0,0.14695469
1.0,0.64595443
0.0,0.07805467
0.0,0.6377911
1.0,0.74398047
1.0,0.86084247
0.0,0.103455395
1.0,0.8408179
1.0,0.8190746
0.0,0.57809657
0.0,0.6105075
1.0,0.2834304
0.0,0.42524227
1.0,0.9162955
0.0,0.12879074
0.0,0.17149162
1.0,0.9845575
1.0,0.7734138
0.0,0.08991432
1.0,0.53859526
0.0,0.14831135
0.0,0.37085274
1.0,0.9453994
0.0,0.25607094
0.0,0.20010376
0.0,0.16730732
1.0,0.70396864
0.0,0.065244764
0.0,0.09104869
1.0,0.6355356
1.0,0.7465798
0.0,0.15542784
0.0,0.40876305
0.0,0.1463573
1.0,0.30225658
0.0,0.67963934
0.0,0.19455749
0.0,0.20497766
0.0,0.10068175
0.0,0.13460153
1.0,0.41168496
0.0,0.3871206
0.0,0.13922164
0.0,0.14068061
1.0,0.8635003
1.0,0.9181212
1.0,0.6661513
0.0,0.7145451
0.0,0.11194357
0.0,0.81462705
1.0,0.9238435
0.0,0.41944695
1.0,0.7668905
0.0,0.076061666
1.0,0.71389467
0.0,0.24682239
1.0,0.7959667
0.0,0.8733535
1.0,0.51638585
0.0,0.20403922
0.0,0.14770177
1.0,0.45714018
1.0,0.8850063
1.0,0.8298942
0.0,0.46750653
1.0,0.7826185
1.0,0.5794761
1.0,0.4212
0.0,0.022425652
1.0,0.3885927
0.0,0.11707342
0.0,0.8267477
1.0,0.6984605
0.0,0.49086523
0.0,0.055643976
0.0,0.2058205
0.0,0.32992774
0.0,0.7270641
1.0,0.759359
1.0,0.79746234
0.0,0.6091183
0.0,0.6710759
0.0,0.13092557
1.0,0.93638813
0.0,0.6244818
0.0,0.5417115
0.0,0.072265655
0.0,0.09103441
0.0,0.19542783
0.0,0.69646066
1.0,0.86950004
1.0,0.9362534
1.0,0.15139273
0.0,0.49770066
0.0,0.08961666
0.0,0.05733019
0.0,0.120364726
0.0,0.09134179
1.0,0.90979195
0.0,0.21031055
0.0,0.18009731
1.0,0.888518
0.0,0.29197335
1.0,0.4968975
1.0,0.5474883
0.0,0.8804762
0.0,0.09198424
0.0,0.14400995
1.0,0.7326001
0.0,0.1997464
0.0,0.12306696
1.0,0.85385215
1.0,0.59926116
0.0,0.14738303
0.0,0.12775669
0.0,0.51693815
0.0,0.054876834
0.0,0.2513469
1.0,0.37147254
1.0,0.72479254
0.0,0.10998681
0.0,0.048631936
0.0,0.68110794
0.0,0.97756076
1.0,0.83071595
0.0,0.09090161
1.0,0.94287825
0.0,0.1475862
1.0,0.9434823
0.0,0.0883297
1.0,0.6609819
1.0,0.7754322
0.0,0.13941175
0.0,0.43305612
0.0,0.042627096
0.0,0.39168257
1.0,0.717645
1.0,0.1760202
1.0,0.29431617
1.0,0.6404911
1.0,0.53019077
0.0,0.013019204
1.0,0.70821935
1.0,0.6519086
0.0,0.07908261
0.0,0.085950226
0.0,0.10814127
1.0,0.544413
1.0,0.9287579
0.0,0.738397
0.0,0.080540895
1.0,0.784263
0.0,0.16139564
0.0,0.09613696
1.0,0.8771025
0.0,0.7085724
0.0,0.33281446
1.0,0.65116805
1.0,0.6375382
0.0,0.095801204
0.0,0.22618535
0.0,0.2860002
1.0,0.874779
1.0,0.88644934
0.0,0.74375767
0.0,0.5204902
1.0,0.89413023
1.0,0.70064473
0.0,0.065125644
0.0,0.36311743
0.0,0.07950795
1.0,0.500079
1.0,0.71347404
0.0,0.122534424
0.0,0.21567765
1.0,0.7581626
0.0,0.0983924
0.0,0.15120569
0.0,0.18353584
0.0,0.5761404
1.0,0.6069248
0.0,0.6435082
0.0,0.11838311
0.0,0.42170477
0.0,0.5511536
0.0,0.1387066
1.0,0.84600466
1.0,0.6354613
0.0,0.41161528
1.0,0.90490717
0.0,0.17506549
1.0,0.8963591
1.0,0.2356739
1.0,0.87173694
0.0,0.096001506
0.0,0.7643646
0.0,0.12870488
1.0,0.8999166
0.0,0.049853176
1.0,0.86440104
0.0,0.20493543
0.0,0.1308986
1.0,0.37927204
1.0,0.927894
0.0,0.07141587
1.0,0.7412991
0.0,0.09037742
1.0,0.7188108
0.0,0.07542759
1.0,0.69063914
1.0,0.5074183
0.0,0.09060204
0.0,0.18150425
0.0,0.034071058
0.0,0.06772739
0.0,0.07427475
0.0,0.80711794
0.0,0.46729422
0.0,0.14422348
0.0,0.87867445
0.0,0.09929812
1.0,0.8418827
0.0,0.7040298
0.0,0.16411406
1.0,0.9196937
0.0,0.14271128
1.0,0.9043441
0.0,0.07732722
1.0,0.8730045
0.0,0.07807988
0.0,0.10769752
1.0,0.9566712
0.0,0.31368163
0.0,0.08932963
0.0,0.05169913
1.0,0.8830302
1.0,0.67545366
0.0,0.0636003
1.0,0.8263987
1.0,0.23446617
1.0,0.8388063
0.0,0.6439645
1.0,0.4136718
1.0,0.6976162
0.0,0.98556876
1.0,0.29894084
1.0,0.5574866
0.0,0.11727059
0.0,0.057994336
0.0,0.13838157
0.0,0.2107648
0.0,0.26160225
0.0,0.124709606
0.0,0.12270966
0.0,0.04542494
1.0,0.78423667
0.0,0.48927146
0.0,0.087942004
0.0,0.22338971
0.0,0.1426281
1.0,0.80557275
0.0,0.06639528
1.0,0.8396631
0.0,0.6465394
0.0,0.10598865
1.0,0.66652405
1.0,0.81774473
0.0,0.07835373
0.0,0.24593085
1.0,0.7698995
0.0,0.76949835
0.0,0.18473884
1.0,0.70521975
1.0,0.47335422
1.0,0.7293994
1.0,0.66467094
0.0,0.3344351
0.0,0.083147645
1.0,0.24091932
0.0,0.09336108
0.0,0.034602165
1.0,0.8841462
1.0,0.6549662
1.0,0.9339541
0.0,0.11163971
1.0,0.34583044
1.0,0.85026085
1.0,0.82813275
0.0,0.06041822
0.0,0.15459031
1.0,0.87160003
0.0,0.2502708
0.0,0.6794816
0.0,0.1800155
1.0,0.8379935
0.0,0.2089253
0.0,0.1546436
0.0,0.35400844
0.0,0.75249946
0.0,0.46392024
0.0,0.08659884
0.0,0.87074673
1.0,0.8635506
0.0,0.16775712
1.0,0.5471578
0.0,0.14899257
0.0,0.25439203
0.0,0.8379452
1.0,0.099974275
0.0,0.6646041
0.0,0.06606221
0.0,0.15037104
0.0,0.25337255
0.0,0.20723104
1.0,0.80334246
0.0,0.22058353
1.0,0.8037124
0.0,0.19828016
0.0,0.23990309
0.0,0.13332021
0.0,0.5147327
0.0,0.13276127
0.0,0.6127414
0.0,0.5455135
0.0,0.3336239
1.0,0.66366386
0.0,0.11874327
1.0,0.62191
1.0,0.69219136
0.0,0.18512705
0.0,0.13336262
1.0,0.8369522
0.0,0.2552797
1.0,0.6535027
1.0,0.7356707
0.0,0.1243009
1.0,0.6298657
0.0,0.14367393
1.0,0.85898846
0.0,0.27808797
0.0,0.3196632
1.0,0.6190805
0.0,0.6665817
0.0,0.05362302
0.0,0.7978997
1.0,0.4873769
1.0,0.9608297
0.0,0.06923637
0.0,0.5201413
1.0,0.6166481
0.0,0.58279884
1.0,0.614705
0.0,0.52287984
1.0,0.6061116
0.0,0.71398556
0.0,0.168805
0.0,0.7520036
0.0,0.15134019
0.0,0.43659142
1.0,0.17018294
0.0,0.60199857
1.0,0.8525328
0.0,0.050020695
1.0,0.3494836
0.0,0.10131654
0.0,0.07050833
0.0,0.11474824
0.0,0.13574737
0.0,0.30054748
0.0,0.12996805
0.0,0.15689069
0.0,0.44542098
1.0,0.7808633
0.0,0.08967915
0.0,0.20014712
1.0,0.6576255
1.0,0.05215946
0.0,0.10115683
0.0,0.081216514
1.0,0.76711553
0.0,0.006056577
1.0,0.109086365
1.0,0.6917715
1.0,0.6133661
1.0,0.788549
0.0,0.12063983
0.0,0.086182
1.0,0.7521341
0.0,0.36301336
1.0,0.7602803
1.0,0.7009707
1.0,0.88253355
0.0,0.522454
0.0,0.15214846
0.0,0.14691645
0.0,0.1407564
1.0,0.76268166
1.0,0.83645767
0.0,0.55337995
0.0,0.20258468
0.0,0.23372081
0.0,0.4002943
1.0,0.37102398
1.0,0.72138125
1.0,0.6764345
0.0,0.8365377
1.0,0.5363248
1.0,0.7299731
1.0,0.6868103
1.0,0.9373671
0.0,0.7197777
0.0,0.19795701
0.0,0.575962
0.0,0.058413982
1.0,0.95249987
1.0,0.92788154
1.0,0.8144883
1.0,0.8490313
0.0,0.225582
0.0,0.06229341
0.0,0.33561122
0.0,0.24600601
1.0,0.7601123
0.0,0.07940638
0.0,0.12697229
0.0,0.26359597
0.0,0.08602899
1.0,0.7704034
1.0,0.8718663
1.0,0.89542687
0.0,0.2543612
0.0,0.68345165
1.0,0.7329779
1.0,0.9265233
0.0,0.36416
1.0,0.7589153
0.0,0.62407863
1.0,0.93707925
1.0,0.7752073
1.0,0.41876346
0.0,0.06163004
0.0,0.26040983
1.0,0.9465107
0.0,0.45339963
0.0,0.23613447
1.0,0.8712744
0.0,0.16398817
0.0,0.06660652
0.0,0.1958079
1.0,0.5462065
0.0,0.47267404
0.0,0.19252738
1.0,0.7300885
0.0,0.7247906
0.0,0.09724712
0.0,0.2887363
0.0,0.22447655
1.0,0.8433517
0.0,0.56534743
0.0,0.13069695
0.0,0.053283274
1.0,0.8165405
0.0,0.08300173
0.0,0.03365493
1.0,0.36458105
0.0,0.50640273
0.0,0.27338457
1.0,0.9221248
1.0,0.79490995
0.0,0.052862942
1.0,0.44287747
1.0,0.42706424
0.0,0.4506125
0.0,0.62023336
1.0,0.3010803
1.0,0.7856467
0.0,0.12065333
1.0,0.63347334
1.0,0.63763857
1.0,0.7242212
0.0,0.46286204
1.0,0.64422333
0.0,0.16535822
1.0,0.7391284
0.0,0.08257893
1.0,0.90444756
0.0,0.6241604
0.0,0.27940023
1.0,0.6959588
0.0,0.15961307
1.0,0.7228156
1.0,0.72123384
1.0,0.8910577
1.0,0.46030566
0.0,0.050598055
1.0,0.29728436
0.0,0.28461653
0.0,0.09637779
0.0,0.028070986
0.0,0.2786968
1.0,0.67988956
0.0,0.10438353
0.0,0.2661562
0.0,0.4647547
0.0,0.38769153
1.0,0.7950998
0.0,0.377704
0.0,0.04756409
0.0,0.11217427
0.0,0.824919
1.0,0.7342665
0.0,0.10516521
1.0,0.70970124
1.0,0.91642463
0.0,0.64793795
0.0,0.07667872
0.0,0.12944648
1.0,0.9235095
0.0,0.14871836
1.0,0.3237235
1.0,0.49906635
1.0,0.84915495
0.0,0.5533793
0.0,0.6339326
0.0,0.14106151
0.0,0.7751934
0.0,0.109166294
0.0,0.15068063
0.0,0.11950269
1.0,0.66659844
0.0,0.16774213
1.0,0.8073822
0.0,0.771495
1.0,0.87811005
1.0,0.8566123
1.0,0.57111865
1.0,0.7998103
0.0,0.45613927
0.0,0.85648084
0.0,0.14125982
1.0,0.60172606
1.0,0.74273306
0.0,0.04968795
1.0,0.3114364
1.0,0.5854599
1.0,0.88841844
1.0,0.7984438
0.0,0.70043164
0.0,0.27005115
1.0,0.83046377
0.0,0.107830495
0.0,0.76427495
1.0,0.922034
0.0,0.13735574
0.0,0.7104392
0.0,0.42140204
0.0,0.09454167
0.0,0.3420288
1.0,0.94335616
0.0,0.131284
0.0,0.72084635
1.0,0.5924099
0.0,0.15652516
1.0,0.73159933
0.0,0.34310806
0.0,0.120593995
0.0,0.1569793
0.0,0.10795879
1.0,0.73355603
0.0,0.20679808
0.0,0.79968184
1.0,0.8767216
1.0,0.7663164
0.0,0.094130576
0.0,0.07644209
0.0,0.07326925
1.0,0.6295725
0.0,0.07091153
1.0,0.8564238
1.0,0.66694325
1.0,0.27065906
1.0,0.6503715
1.0,0.84689164
0.0,0.8134625
1.0,0.7293667
1.0,0.8960607
0.0,0.13659301
0.0,0.0804134
0.0,0.21742755
1.0,0.77461505
0.0,0.09847942
0.0,0.15875065
0.0,0.24723142
1.0,0.89732635
0.0,0.22695625
1.0,0.7307527
0.0,0.13823813
0.0,0.5730711
0.0,0.1902484
0.0,0.06839234
0.0,0.16060436
1.0,0.6954147
1.0,0.87913406
0.0,0.1624543
0.0,0.20206445
1.0,0.7608919
0.0,0.032369465
1.0,0.85920715
0.0,0.1300405
0.0,0.126558
0.0,0.12539154
1.0,0.87711716
1.0,0.88482404
0.0,0.08160052
0.0,0.48625395
1.0,0.62715447
0.0,0.28289866
0.0,0.14727026
1.0,0.80853313
1.0,0.91521645
1.0,0.8708793
0.0,0.21252677
1.0,0.820271
1.0,0.8241167
0.0,0.16531092
0.0,0.1582672
0.0,0.08555058
0.0,0.12096456
0.0,0.074382335
0.0,0.21141025
1.0,0.60819304
1.0,0.8019794
0.0,0.29890952
0.0,0.057062715
0.0,0.70388377
0.0,0.2894191
1.0,0.5037769
0.0,0.6667704
0.0,0.021964848
0.0,0.57243705
0.0,0.73803574
1.0,0.30023783
0.0,0.06310356
0.0,0.5053101
1.0,0.8830501
0.0,0.4445373
0.0,0.22545385
0.0,0.10144818
0.0,0.07454154
1.0,0.6109719
1.0,0.7383387
0.0,0.20575762
0.0,0.892066
0.0,0.04859945
0.0,0.970209
0.0,0.7819849
0.0,0.50467247
0.0,0.112913966
0.0,0.3603317
1.0,0.16861627
0.0,0.10185003
1.0,0.107512
0.0,0.6644509
0.0,0.07269403
0.0,0.13110101
0.0,0.4650703
0.0,0.36295462
0.0,0.35904977
1.0,0.87324
0.0,0.06294361
0.0,0.6483596
0.0,0.15604001
1.0,0.5683765
1.0,0.8647218
0.0,0.09410998
0.0,0.33602893
0.0,0.10873288
1.0,0.9277773
1.0,0.81094944
1.0,0.8704878
0.0,0.17721793
1.0,0.9488808
0.0,0.14218307
0.0,0.03687954
0.0,0.10914853
1.0,0.37418205
0.0,0.06277603
0.0,0.09689528
1.0,0.91914713
1.0,0.1713854
0.0,0.34099847
1.0,0.9388046
0.0,0.13930729
1.0,0.65934116
0.0,0.23662335
1.0,0.86040986
0.0,0.8220973
0.0,0.41894615
1.0,0.5494247
0.0,0.07234821
0.0,0.26156908
0.0,0.18798146
0.0,0.10927221
0.0,0.36802363
0.0,0.0711762
1.0,0.7883319
1.0,0.6987827
0.0,0.19949305
0.0,0.115425766
0.0,0.09860006
0.0,0.45685378
1.0,0.8528286
0.0,0.1521278
0.0,0.016708732
0.0,0.5884737
0.0,0.4284665
0.0,0.07774091
1.0,0.61160594
1.0,0.868714
0.0,0.08221671
0.0,0.10665956
0.0,0.14990675
0.0,0.105234146
1.0,0.8226237
0.0,0.67992586
0.0,0.35314527
0.0,0.08662763
1.0,0.5383322
0.0,0.074706584
0.0,0.09655708
1.0,0.90752584
0.0,0.109328955
0.0,0.0973272
1.0,0.7717148
1.0,0.7100477
1.0,0.8991645
0.0,0.06623483
0.0,0.08616522
0.0,0.25461763
0.0,0.07919592
1.0,0.7372172
0.0,0.31027612
1.0,0.6620871
0.0,0.02995956
0.0,0.07531971
0.0,0.48594412
1.0,0.94172734
0.0,0.5936263
0.0,0.29296613
0.0,0.3844732
1.0,0.5268781
0.0,0.06760922
0.0,0.38349134
0.0,0.068499476
1.0,0.3417425
0.0,0.09094176
0.0,0.09553492
1.0,0.5794781
1.0,0.9224919
0.0,0.042069018
1.0,0.9138876
1.0,0.78200006
1.0,0.6836233
1.0,0.7640966
0.0,0.10648465
1.0,0.81860495
0.0,0.9501047
1.0,0.20420715
0.0,0.29639536
1.0,0.9011198
0.0,0.44563547
1.0,0.35411263
1.0,0.9590422
1.0,0.7329994
0.0,0.06897846
0.0,0.68751264
0.0,0.31365705
0.0,0.12763989
0.0,0.12687966
0.0,0.16776547
1.0,0.8791219
1.0,0.8828465
1.0,0.7661134
0.0,0.09930998
0.0,0.113179624
0.0,0.11842972
0.0,0.5088241
1.0,0.117391884
0.0,0.14729673
0.0,0.2574743
0.0,0.117046714
0.0,0.7511467
1.0,0.87129116
0.0,0.63873565
0.0,0.30615062
0.0,0.6378443
1.0,0.68254113
0.0,0.13765618
0.0,0.29588783
1.0,0.7301676
0.0,0.59456974
1.0,0.7717448
0.0,0.1136938
0.0,0.46490532
0.0,0.08669016
0.0,0.2054945
0.0,0.10468447
1.0,0.8331215
0.0,0.16427872
0.0,0.21572235
1.0,0.7957132
1.0,0.8977475
0.0,0.4195837
1.0,0.14644885
0.0,0.6609357
0.0,0.14870456
1.0,0.76956594
0.0,0.048508078
0.0,0.22991434
0.0,0.101867855
0.0,0.16668296
1.0,0.7341239
1.0,0.8291438
1.0,0.67847884
1.0,0.8881527
0.0,0.11502299
0.0,0.13474387
0.0,0.1636475
1.0,0.8876635
0.0,0.29733896
0.0,0.2302477
1.0,0.76439106
1.0,0.49525717
1.0,0.85520506
0.0,0.12096396
0.0,0.28264523
0.0,0.52464086
1.0,0.86794317
1.0,0.72206455
1.0,0.90312886
0.0,0.0489738
0.0,0.029990852
0.0,0.054790378
1.0,0.5491616
1.0,0.2819603
0.0,0.44328076
1.0,0.802349
1.0,0.6342893
1.0,0.85337216
1.0,0.48772502
0.0,0.39276704
0.0,0.3124711
1.0,0.35901502
1.0,0.6525595
0.0,0.33813393
0.0,0.26676846
0.0,0.07641095
0.0,0.09935215
0.0,0.15101507
0.0,0.6183558
0.0,0.054444283
0.0,0.18550017
1.0,0.59383565
1.0,0.75701374
0.0,0.5047242
1.0,0.8966193
0.0,0.038428336
1.0,0.72421265
0.0,0.47602853
1.0,0.9265493
0.0,0.03317204
0.0,0.092365175
0.0,0.0974313
0.0,0.30267066
1.0,0.14698425
1.0,0.82124215
0.0,0.17195937
0.0,0.27420002
1.0,0.27216405
0.0,0.2786781
1.0,0.69512165
1.0,0.8042089
0.0,0.07828125
0.0,0.16731623
0.0,0.25638598
0.0,0.87867665
0.0,0.78132606
0.0,0.062065452
0.0,0.38955134
0.0,0.06341368
1.0,0.7078918
1.0,0.9295823
1.0,0.44982117
1.0,0.81375206
0.0,0.14035457
0.0,0.15671068
1.0,0.8783637
0.0,0.7880513
0.0,0.13745427
0.0,0.55496556
1.0,0.65935344
1.0,0.56790483
0.0,0.18458247
1.0,0.8365829
1.0,0.8698256
0.0,0.021840572
0.0,0.10512504
1.0,0.88557684
0.0,0.04621932
0.0,0.086098075
0.0,0.0806759
0.0,0.36301607
1.0,0.36757916
0.0,0.07129085
0.0,0.12282568
0.0,0.49259874
1.0,0.5755639
0.0,0.020943671
0.0,0.15440336
1.0,0.9179648
0.0,0.09184453
0.0,0.39643437
0.0,0.8558347
1.0,0.90001273
1.0,0.54259723
1.0,0.47425303
0.0,0.4907228
0.0,0.4041433
1.0,0.64466494
0.0,0.04498011
0.0,0.10935241
0.0,0.68401945
0.0,0.13645366
1.0,0.49188828
0.0,0.20151174
0.0,0.7358924
1.0,0.8946407
0.0,0.12815884
0.0,0.12870032
0.0,0.6984715
0.0,0.3434124
1.0,0.798564
1.0,0.8542038
0.0,0.43825883
1.0,0.8318007
0.0,0.03771612
0.0,0.07112014
0.0,0.091579884
1.0,0.64789194
0.0,0.13581935
0.0,0.11549929
1.0,0.8483042
1.0,0.67449033
1.0,0.9883344
0.0,0.37708047
1.0,0.5866946
1.0,0.9128145
0.0,0.07865724
0.0,0.7556999
0.0,0.97032446
1.0,0.60877573
0.0,0.2354264
0.0,0.5118176
0.0,0.08232957
0.0,0.09148207
0.0,0.07529399
0.0,0.20030725
0.0,0.49392664
0.0,0.83234084
0.0,0.5417842
1.0,0.4509701
1.0,0.718765
1.0,0.67872494
0.0,0.1000886
1.0,0.7930933
0.0,0.39393592
0.0,0.122155875
1.0,0.87077403
0.0,0.010432899
0.0,0.07230061
0.0,0.38337672
0.0,0.113095134
0.0,0.5486889
0.0,0.55503947
0.0,0.20264062
1.0,0.7931902
0.0,0.021141082
0.0,0.06341237
0.0,0.07574576
1.0,0.87103236
1.0,0.7915206
0.0,0.6368532
1.0,0.04553014
0.0,0.074721396
1.0,0.26412773
0.0,0.17607439
0.0,0.10434887
1.0,0.31873018
0.0,0.1046108
0.0,0.10511139
1.0,0.4162071
0.0,0.5368088
1.0,0.12477833
0.0,0.7506261
0.0,0.15791115
1.0,0.6701865
0.0,0.10071635
0.0,0.47933894
0.0,0.73866254
0.0,0.09329143
0.0,0.10582024
1.0,0.69723773
0.0,0.11307672
0.0,0.06074369
0.0,0.15334922
1.0,0.60552967
0.0,0.9049231
0.0,0.43988428
1.0,0.6688055
0.0,0.077243865
0.0,0.105727136
0.0,0.17996058
0.0,0.268633
1.0,0.7236562
0.0,0.09810346
0.0,0.023047179
0.0,0.06439966
0.0,0.08012989
0.0,0.6379571
1.0,0.8016845
1.0,0.7691583
0.0,0.17325369
1.0,0.76388466
0.0,0.122015
0.0,0.14327615
0.0,0.08388585
0.0,0.49305984
1.0,0.9236262
0.0,0.2679077
0.0,0.15871477
0.0,0.62180257
0.0,0.2718281
0.0,0.13493764
0.0,0.07418716
0.0,0.0794678
0.0,0.09191799
0.0,0.069212794
0.0,0.8322659
1.0,0.85412645
0.0,0.18022302
0.0,0.35035294
0.0,0.13160539
1.0,0.91849256
0.0,0.2500108
1.0,0.70698506
0.0,0.08533442
0.0,0.44479603
0.0,0.26822662
1.0,0.90250444
1.0,0.9589756
1.0,0.5671259
1.0,0.55015916
0.0,0.08506593
0.0,0.15553775
1.0,0.848462
1.0,0.701074
0.0,0.105618745
0.0,0.44579798
0.0,0.61170745
1.0,0.8140483
0.0,0.09722385
0.0,0.10060105
0.0,0.24588558
0.0,0.14139476
1.0,0.59527564
1.0,0.8903285
0.0,0.039292097
1.0,0.5465754
0.0,0.07760334
0.0,0.17322955
0.0,0.07789177
0.0,0.21684411
0.0,0.20418808
1.0,0.84883726
0.0,0.08768836
0.0,0.3877116
0.0,0.66759557
0.0,0.37422636
0.0,0.75880575
1.0,0.90062463
0.0,0.19517803
0.0,0.35867456
1.0,0.6936881
0.0,0.6934199
0.0,0.090724945
1.0,0.75751877
1.0,0.71821904
0.0,0.3998125
1.0,0.69763875
0.0,0.3478855
1.0,0.81877667
1.0,0.9711927
0.0,0.18309999
1.0,0.8444997
0.0,0.2302466
0.0,0.22379056
0.0,0.26157758
0.0,0.4388419
0.0,0.088636935
0.0,0.13177654
0.0,0.6006666
1.0,0.9422889
0.0,0.27238023
0.0,0.23004097
0.0,0.42266512
0.0,0.29793453
1.0,0.6568681
0.0,0.12832594
0.0,0.5977762
0.0,0.124029875
0.0,0.21096641
0.0,0.049191713
0.0,0.8484045
1.0,0.5679104
0.0,0.21765697
1.0,0.565676
0.0,0.09416887
1.0,0.7353357
0.0,0.14573237
0.0,0.4135969
0.0,0.12618333
0.0,0.37767422
0.0,0.29966635
0.0,0.30187696
0.0,0.55373204
0.0,0.09000385
0.0,0.83738095
0.0,0.7679883
1.0,0.7507063
0.0,0.38122156
0.0,0.15018356
1.0,0.9475875
0.0,0.412236
0.0,0.07402605
0.0,0.07737255
1.0,0.7020072
1.0,0.66690266
1.0,0.75853944
1.0,0.9448229
0.0,0.48821104
1.0,0.8173601
0.0,0.41542053
1.0,0.5369151
0.0,0.13157344
0.0,0.9511126
0.0,0.16812843
0.0,0.10684386
0.0,0.15360814
1.0,0.8332669
1.0,0.3875061
0.0,0.8534421
1.0,0.79968137
0.0,0.08784443
1.0,0.8861704
0.0,0.16172683
0.0,0.15140435
0.0,0.8404972
0.0,0.5554735
0.0,0.3286079
0.0,0.07382801
1.0,0.9438665
0.0,0.03780228
1.0,0.80120474
1.0,0.8000852
1.0,0.72377634
0.0,0.074228704
0.0,0.918519
0.0,0.12820667
0.0,0.32851446
0.0,0.28720576
1.0,0.772344
0.0,0.014534175
0.0,0.15208775
0.0,0.37980896
0.0,0.09723699
0.0,0.09000918
0.0,0.31890944
0.0,0.8082681
0.0,0.14659008
0.0,0.4923411
1.0,0.9139268
0.0,0.47870162
0.0,0.08579248
0.0,0.08491406
0.0,0.05663401
1.0,0.7420034
0.0,0.5439483
1.0,0.9148699
0.0,0.5871457
1.0,0.9296921
1.0,0.6288825
0.0,0.05336067
0.0,0.16514167
0.0,0.1612058
0.0,0.26400483
0.0,0.08669707
0.0,0.5763451
1.0,0.82647085
0.0,0.14374432
1.0,0.78804827
0.0,0.42869994
0.0,0.022492975
0.0,0.18517733
1.0,0.82987577
0.0,0.07737106
1.0,0.9392331
0.0,0.08437666
0.0,0.5207636
0.0,0.5478396
0.0,0.4429228
0.0,0.4881131
0.0,0.18284562
1.0,0.60252124
1.0,0.8694979
0.0,0.14446291
0.0,0.10138887
0.0,0.12078661
1.0,0.7769456
0.0,0.24030906
1.0,0.036704153
0.0,0.6519496
1.0,0.7664752
1.0,0.59250236
0.0,0.18456939
0.0,0.0655452
0.0,0.11760813
1.0,0.77210855
0.0,0.46989006
0.0,0.5944125
1.0,0.8859391
1.0,0.68851537
0.0,0.28834355
0.0,0.12786797
1.0,0.73332494
0.0,0.20289531
0.0,0.07202536
0.0,0.09623122
1.0,0.66147274
0.0,0.1021955
0.0,0.1355887
1.0,0.80872643
1.0,0.17363203
0.0,0.32560927
0.0,0.080239624
0.0,0.11493546
1.0,0.8313575
1.0,0.9440728
1.0,0.5773653
0.0,0.09783125
0.0,0.12581998
0.0,0.2937969
0.0,0.077476054
1.0,0.81387615
0.0,0.12065598
0.0,0.66828364
0.0,0.1524179
0.0,0.07328513
0.0,0.12071073
0.0,0.1712412
0.0,0.090758115
0.0,0.28027827
0.0,0.12674913
1.0,0.36564243
1.0,0.82171273
0.0,0.66298175
0.0,0.70410335
1.0,0.3412514
0.0,0.038339287
1.0,0.8171332
0.0,0.2650797
0.0,0.14687654
1.0,0.913561
1.0,0.8419063
0.0,0.7476049
0.0,0.41613564
1.0,0.27785712
0.0,0.25356227
0.0,0.99867237
0.0,0.94118714
0.0,0.07622978
1.0,0.77826583
1.0,0.72109306
0.0,0.68017757
0.0,0.100263596
0.0,0.13174033
1.0,0.72308683
0.0,0.116808265
1.0,0.58780915
0.0,0.19737399
1.0,0.8073854
1.0,0.69854736
0.0,0.48981634
1.0,0.5406615
0.0,0.6135191
0.0,0.16894701
1.0,0.85928303
1.0,0.5544318
0.0,0.105020374
0.0,0.5422411
0.0,0.86317587
0.0,0.66205424
1.0,0.86377025
0.0,0.15932488
0.0,0.3626616
0.0,0.12368798
1.0,0.7368114
0.0,0.16139862
0.0,0.79309046
1.0,0.76994205
0.0,0.06602383
0.0,0.79810643
0.0,0.3551262
1.0,0.3897752
0.0,0.6196109
1.0,0.8684172
0.0,0.11174804
1.0,0.35691136
1.0,0.4007205
1.0,0.8657063
1.0,0.84756637
0.0,0.027091354
1.0,0.61599934
0.0,0.11174163
1.0,0.93511486
1.0,0.5232132
0.0,0.5455313
1.0,0.73515046
0.0,0.0615564
1.0,0.59175014
1.0,0.38949975
0.0,0.073132336
0.0,0.80036473
1.0,0.94181883
1.0,0.70052284
0.0,0.13246465
0.0,0.53077495
0.0,0.054611474
0.0,0.1100896
0.0,0.46577525
1.0,0.8475303
1.0,0.808478
1.0,0.36229575
1.0,0.7106852
1.0,0.8515793
1.0,0.9055931
0.0,0.6590402
1.0,0.8775075
0.0,0.09795305
0.0,0.07758269
0.0,0.16572824
1.0,0.35750192
1.0,0.40564635
0.0,0.18469667
0.0,0.13485023
0.0,0.8046156
1.0,0.79065645
1.0,0.6981162
1.0,0.78385305
0.0,0.09213224
0.0,0.86345756
0.0,0.14970016
0.0,0.58139235
0.0,0.13812333
0.0,0.09868413
1.0,0.923216
1.0,0.83151543
0.0,0.4797499
0.0,0.4524326
0.0,0.20107496
0.0,0.50573033
0.0,0.82689965
0.0,0.9948797
0.0,0.49072716
1.0,0.71004504
0.0,0.3929489
1.0,0.8630122
0.0,0.26460558
0.0,0.6573722
0.0,0.2635854
0.0,0.4139591
1.0,0.89162225
1.0,0.68608445
1.0,0.7885977
1.0,0.7885833
0.0,0.09372261
0.0,0.7431816
1.0,0.30040663
1.0,0.76223004
0.0,0.49526355
0.0,0.05535218
0.0,0.28082073
1.0,0.29740614
0.0,0.100937754
1.0,0.1638205
0.0,0.1310139
0.0,0.22970605
0.0,0.085013896
0.0,0.12180227
0.0,0.5297493
0.0,0.047935247
0.0,0.26795298
1.0,0.7814314
0.0,0.12834525
0.0,0.6786862
0.0,0.24483788
1.0,0.4233541
0.0,0.072182745
1.0,0.8704122
0.0,0.077867806
0.0,0.1822975
0.0,0.08436328
0.0,0.561939
0.0,0.06646067
0.0,0.09104997
1.0,0.7058626
0.0,0.4140823
1.0,0.7393792
1.0,0.94588256
0.0,0.11971602
0.0,0.3552093
1.0,0.75862765
1.0,0.9482595
0.0,0.2510938
0.0,0.7746992
0.0,0.16920519
0.0,0.6470911
0.0,0.12768841
1.0,0.82970536
0.0,0.19544491
1.0,0.4669697
1.0,0.22439954
0.0,0.80225205
0.0,0.44348168
0.0,0.117831856
0.0,0.06592062
0.0,0.5422912
0.0,0.1330885
0.0,0.26248986
0.0,0.67624474
1.0,0.7533904
1.0,0.7553582
0.0,0.3601356
0.0,0.14575607
0.0,0.6726525
1.0,0.8041046
0.0,0.089315504
0.0,0.18269676
1.0,0.55903363
1.0,0.8991746
0.0,0.4811225
0.0,0.6012059
0.0,0.1323109
1.0,0.9147744
0.0,0.14996046
1.0,0.9187578
1.0,0.66797805
0.0,0.13905829
0.0,0.042330205
0.0,0.094899684
1.0,0.54503644
0.0,0.6438581
1.0,0.6124568
0.0,0.11252341
1.0,0.8230089
0.0,0.2707281
0.0,0.16959861
0.0,0.0914509
1.0,0.9425933
0.0,0.54765856
1.0,0.9277872
1.0,0.3877409
0.0,0.056320608
1.0,0.2536466
0.0,0.14960381
1.0,0.30850276
0.0,0.042794287
1.0,0.82458806
0.0,0.0474855
1.0,0.7498024
1.0,0.6847017
1.0,0.95079875
0.0,0.14276347
1.0,0.8736748
1.0,0.6696584
0.0,0.0365175
1.0,0.8255881
1.0,0.06079167
1.0,0.23894343
0.0,0.41282058
0.0,0.10924235
0.0,0.71635824
0.0,0.40657112
