0.0,0.59936047
0.0,0.5126343
1.0,0.6021098
0.0,0.21851373
1.0,0.46578446
0.0,0.26413274
1.0,0.841959
1.0,0.8262609
1.0,0.8115374
0.0,0.22368911
0.0,0.9860802
1.0,0.83239496
0.0,0.20110512
0.0,0.42072392
0.0,0.24316159
0.0,0.21172822
1.0,0.63497007
0.0,0.22613624
0.0,0.30173218
1.0,0.7100365
1.0,0.42283493
0.0,0.25470954
1.0,0.75280285
0.0,0.17739001
0.0,0.18987489
1.0,0.5992707
0.0,0.5626745
1.0,0.7898083
0.0,0.26449877
1.0,0.61084425
0.0,0.21254593
0.0,0.447535
1.0,0.81019175
1.0,0.8632328
1.0,0.5271054
1.0,0.72064674
1.0,0.5240213
0.0,0.22781917
1.0,0.82298756
1.0,0.58887154
1.0,0.79486966
1.0,0.83527094
0.0,0.23101962
1.0,0.68971753
1.0,0.7521386
0.0,0.32528847
0.0,0.20954952
0.0,0.28097737
0.0,0.22317424
1.0,0.75732327
0.0,0.4292881
1.0,0.5858357
1.0,0.88587177
1.0,0.62824947
0.0,0.22174329
0.0,0.28433144
0.0,0.5106729
1.0,0.29704297
1.0,0.77251613
1.0,0.49141297
1.0,0.8160176
0.0,0.47271925
1.0,0.86055046
1.0,0.5349919
1.0,0.6848878
0.0,0.47237894
0.0,0.29976338
1.0,0.7151315
0.0,0.22272336
1.0,0.76417637
0.0,0.25941768
1.0,0.72854763
0.0,0.15871459
0.0,0.34501845
1.0,0.5854375
0.0,0.30272353
0.0,0.20285267
0.0,0.37042058
0.0,0.27310944
1.0,0.8421789
0.0,0.23930937
1.0,0.85385615
1.0,0.8194866
1.0,0.9607359
1.0,0.892663
1.0,0.59884167
1.0,0.7879701
0.0,0.3081425
0.0,0.21887016
1.0,0.8676357
0.0,0.20807886
1.0,0.4296212
0.0,0.19073898
0.0,0.6141509
0.0,0.45200914
1.0,0.79699445
0.0,0.18903142
0.0,0.27939335
1.0,0.44509062
1.0,0.8895985
0.0,0.21824807
0.0,0.22833622
1.0,0.23161244
0.0,0.29028785
0.0,0.2346203
1.0,0.8617885
1.0,0.22411785
0.0,0.2837314
1.0,0.3077598
1.0,0.8606354
1.0,0.68850803
0.0,0.36613262
1.0,0.3351822
0.0,0.3800575
0.0,0.21291178
1.0,0.9739779
0.0,0.5415513
1.0,0.71955854
1.0,0.69368184
1.0,0.8686724
0.0,0.43515402
1.0,0.77535105
0.0,0.7647
0.0,0.18807527
0.0,0.5642115
1.0,0.18819252
0.0,0.17362437
0.0,0.14127299
1.0,0.7981228
1.0,0.67887807
1.0,0.8550694
0.0,0.27204168
0.0,0.24393854
1.0,0.720051
1.0,0.8915339
0.0,0.7045543
0.0,0.27760994
0.0,0.26980335
0.0,0.3805061
0.0,0.18945181
1.0,0.7361275
0.0,0.18991044
1.0,0.34141642
0.0,0.25162566
0.0,0.2441532
0.0,0.15214995
1.0,0.56091803
0.0,0.2993685
0.0,0.2246984
0.0,0.28796673
0.0,0.43036085
0.0,0.181095
0.0,0.17920032
0.0,0.75198203
0.0,0.9716044
1.0,0.8562614
0.0,0.1709393
0.0,0.26118064
1.0,0.9124103
0.0,0.2386834
0.0,0.50863314
0.0,0.34903216
0.0,0.26087362
0.0,0.36814225
1.0,0.88059366
0.0,0.3793345
1.0,0.5902517
0.0,0.21870083
0.0,0.2306821
1.0,0.6623122
0.0,0.7066614
0.0,0.6760646
0.0,0.7727634
0.0,0.14822856
1.0,0.74590933
1.0,0.5294463
0.0,0.39438888
1.0,0.6513561
0.0,0.49711218
1.0,0.82640135
1.0,0.6609471
1.0,0.71823204
1.0,0.76821244
1.0,0.7707165
0.0,0.6179644
0.0,0.11803454
0.0,0.26425594
0.0,0.82926047
0.0,0.2765579
0.0,0.2984745
1.0,0.5169502
0.0,0.19985044
0.0,0.6433252
1.0,0.78684914
1.0,0.6833707
1.0,0.75560975
0.0,0.25225258
0.0,0.59522146
0.0,0.20961675
1.0,0.31139332
0.0,0.5881628
0.0,0.64236367
0.0,0.49852586
0.0,0.50799465
0.0,0.45397165
1.0,0.32932937
0.0,0.22911224
1.0,0.3483464
0.0,0.15979001
0.0,0.29315168
0.0,0.19274959
1.0,0.7315738
0.0,0.29870367
0.0,0.27478892
0.0,0.2201918
0.0,0.20695403
0.0,0.7186474
0.0,0.46920794
1.0,0.90076923
0.0,0.2509535
0.0,0.20855641
1.0,0.6780134
1.0,0.7673211
0.0,0.41472185
0.0,0.25476265
0.0,0.14076707
0.0,0.38398057
0.0,0.25344282
0.0,0.36672282
1.0,0.8814006
0.0,0.45804662
1.0,0.40290457
0.0,0.22896868
1.0,0.6386803
1.0,0.53962857
0.0,0.21895802
0.0,0.2713577
0.0,0.20514035
1.0,0.72948706
1.0,0.6866794
1.0,0.8213236
1.0,0.8095276
0.0,0.22706181
0.0,0.67094433
1.0,0.83736694
0.0,0.6800889
0.0,0.30967262
0.0,0.20761585
0.0,0.4089028
0.0,0.28844708
0.0,0.21652386
0.0,0.23479983
1.0,0.75567585
0.0,0.22527823
0.0,0.50263524
0.0,0.29564062
1.0,0.88089925
1.0,0.74038875
0.0,0.27216363
0.0,0.25913435
0.0,0.22738886
1.0,0.7164939
0.0,0.28535336
0.0,0.1905232
0.0,0.27671552
0.0,0.19294193
1.0,0.8123346
1.0,0.8028538
1.0,0.843704
0.0,0.20172346
1.0,0.72908056
0.0,0.25189656
0.0,0.2932939
0.0,0.59653014
1.0,0.8858977
1.0,0.7389077
0.0,0.21876192
0.0,0.19964352
1.0,0.77013093
1.0,0.5543811
0.0,0.003472805
1.0,0.5377574
1.0,0.78616863
0.0,0.5820315
0.0,0.41774398
0.0,0.30885762
0.0,0.24591458
0.0,0.28990585
0.0,0.25030464
1.0,0.8170948
0.0,0.21564156
0.0,0.21060243
1.0,0.89166784
0.0,0.3736902
1.0,0.760741
1.0,0.28586572
1.0,0.7053387
1.0,0.6365757
1.0,0.73066115
0.0,0.24735585
1.0,0.6833131
0.0,0.7425623
1.0,0.92329097
0.0,0.6102303
0.0,0.54026115
0.0,0.26630205
0.0,0.41361043
0.0,0.36843404
1.0,0.7708213
0.0,0.6924842
1.0,0.48710266
0.0,0.6720296
1.0,0.7281587
1.0,0.9122602
0.0,0.29486316
0.0,0.19407728
0.0,0.2204524
1.0,0.75437933
1.0,0.35250208
0.0,0.16856447
0.0,0.1652942
0.0,0.19735846
0.0,0.20429006
1.0,0.817304
1.0,0.68619823
0.0,0.32784677
0.0,0.49637428
1.0,0.7306506
1.0,0.78014016
1.0,0.5524858
0.0,0.29429916
0.0,0.27059913
0.0,0.09712425
0.0,0.67953825
1.0,0.7822082
1.0,0.612043
0.0,0.3008389
0.0,0.39513338
0.0,0.17831099
0.0,0.51024705
0.0,0.17596662
0.0,0.39830586
1.0,0.64339644
0.0,0.31537417
0.0,0.23659298
0.0,0.26562014
0.0,0.70162886
0.0,0.69551075
0.0,0.31130624
0.0,0.2004607
1.0,0.52089703
0.0,0.32926533
1.0,0.6736526
0.0,0.20245153
0.0,0.4083058
0.0,0.42185795
0.0,0.14973539
0.0,0.73477155
1.0,0.39762485
1.0,0.65265316
0.0,0.30335328
1.0,0.6405442
0.0,0.19947115
0.0,0.662776
0.0,0.43535328
0.0,0.65270865
0.0,0.22438866
0.0,0.096544
1.0,0.47247374
0.0,0.23697501
1.0,0.8463109
0.0,0.54794735
1.0,0.484291
0.0,0.3720188
1.0,0.51811934
1.0,0.78269964
1.0,0.7708503
0.0,0.18853694
0.0,0.23565763
1.0,0.7250477
0.0,0.22090182
0.0,0.21929559
1.0,0.34773463
1.0,0.70891166
0.0,0.34201646
1.0,0.70127547
1.0,0.90569293
0.0,0.09106457
0.0,0.2240409
0.0,0.44536132
0.0,0.22354913
0.0,0.24674723
0.0,0.44678727
1.0,0.8090632
0.0,0.3283741
1.0,0.42451283
1.0,0.33389765
0.0,0.22552124
0.0,0.34860814
0.0,0.56126636
1.0,0.8606963
1.0,0.75710434
1.0,0.50698864
0.0,0.41862303
1.0,0.79914796
1.0,0.78114027
0.0,0.1625902
0.0,0.40258944
0.0,0.69540733
0.0,0.6121596
1.0,0.60208035
0.0,0.21014893
1.0,0.38805047
0.0,0.60813034
0.0,0.30019677
0.0,0.30256104
0.0,0.24126661
0.0,0.19931522
0.0,0.20623308
0.0,0.2195602
0.0,0.22636095
0.0,0.31209484
0.0,0.7445682
0.0,0.31642017
0.0,0.23959842
0.0,0.5378376
0.0,0.22622079
1.0,0.56021124
0.0,0.51951975
1.0,0.8247178
0.0,0.21283332
0.0,0.17916963
0.0,0.26761055
0.0,0.7000307
0.0,0.59190136
0.0,0.31757134
0.0,0.4077945
0.0,0.11674976
0.0,0.16766602
0.0,0.2701295
0.0,0.48835525
1.0,0.757277
0.0,0.28514308
0.0,0.2588979
0.0,0.53952056
0.0,0.2614417
1.0,0.41352656
0.0,0.6447737
1.0,0.5994332
0.0,0.22366926
0.0,0.39437488
1.0,0.9090226
0.0,0.4905805
1.0,0.60145545
1.0,0.66658056
1.0,0.5891966
1.0,0.74575126
0.0,0.17710397
1.0,0.58978736
0.0,0.2044994
0.0,0.19094273
0.0,0.48293808
1.0,0.7978814
0.0,0.19740734
0.0,0.15455607
1.0,0.4788157
1.0,0.92190397
0.0,0.410521
0.0,0.20190293
1.0,0.6536565
0.0,0.3996085
1.0,0.62624013
0.0,0.42840648
0.0,0.4360745
1.0,0.6927532
0.0,0.7165111
0.0,0.13798031
1.0,0.41109306
0.0,0.23126853
1.0,0.89504224
0.0,0.20296913
1.0,0.3926484
1.0,0.54794616
1.0,0.8031044
1.0,0.8850156
0.0,0.53062207
0.0,0.22497472
1.0,0.6444101
0.0,0.23160034
0.0,0.5900932
1.0,0.6064967
1.0,0.5523957
1.0,0.7196932
0.0,0.22524568
1.0,0.8006481
1.0,0.5956007
0.0,0.2958513
1.0,0.8511196
0.0,0.63804424
1.0,0.52725875
1.0,0.6479309
0.0,0.7109835
0.0,0.84797573
1.0,0.7967714
0.0,0.511384
1.0,0.7691323
0.0,0.6656728
0.0,0.20517719
0.0,0.61480045
1.0,0.92565155
0.0,0.19212544
0.0,0.18490309
0.0,0.63387346
1.0,0.44101518
0.0,0.308967
0.0,0.21267441
0.0,0.5373359
0.0,0.7312382
1.0,0.73431754
1.0,0.79045844
0.0,0.36561522
0.0,0.62004215
0.0,0.31639433
0.0,0.5496431
0.0,0.24210128
1.0,0.78576624
0.0,0.29223013
1.0,0.7469772
0.0,0.6021965
0.0,0.2590556
1.0,0.609503
0.0,0.22208229
0.0,0.50358903
0.0,0.21746847
0.0,0.22751638
0.0,0.2747711
0.0,0.23695776
0.0,0.28150424
0.0,0.38419363
1.0,0.6635228
1.0,0.7123345
0.0,0.19013792
0.0,0.28134286
1.0,0.89678633
0.0,0.21005145
1.0,0.6769337
0.0,0.344547
0.0,0.112571776
1.0,0.628801
0.0,0.46097663
1.0,0.715328
0.0,0.60214627
1.0,0.5453216
0.0,0.26997387
0.0,0.27550483
0.0,0.74275297
1.0,0.8528764
0.0,0.15944576
0.0,0.30175072
0.0,0.18011552
0.0,0.7578426
1.0,0.3322764
0.0,0.16423377
0.0,0.19866523
1.0,0.83431643
1.0,0.45245624
0.0,0.43471885
1.0,0.8068559
0.0,0.49672478
0.0,0.540294
1.0,0.71882766
1.0,0.8334596
0.0,0.34030342
1.0,0.8482999
1.0,0.7694936
0.0,0.2607322
0.0,0.674171
0.0,0.22701558
1.0,0.31641543
0.0,0.107723385
0.0,0.20091084
0.0,0.20356238
1.0,0.88638693
1.0,0.65452087
0.0,0.22818139
1.0,0.5668454
1.0,0.28215605
0.0,0.47543705
1.0,0.66821253
0.0,0.33161643
1.0,0.75552756
0.0,0.33735704
1.0,0.65383273
0.0,0.2880075
0.0,0.19728333
1.0,0.60478413
0.0,0.21219778
1.0,0.7502599
0.0,0.31792212
0.0,0.1795044
0.0,0.20912427
1.0,0.7237919
0.0,0.58504397
1.0,0.5682961
0.0,0.21482536
1.0,0.7414626
1.0,0.639897
0.0,0.1497013
1.0,0.63548946
1.0,0.65587455
1.0,0.53764623
1.0,0.5945383
0.0,0.38063964
0.0,0.22250277
0.0,0.63476795
1.0,0.70826906
1.0,0.48498517
0.0,0.31822127
0.0,0.21410903
0.0,0.38101637
1.0,0.7644171
0.0,0.6722385
1.0,0.26389027
1.0,0.746613
0.0,0.22087699
0.0,0.290885
1.0,0.7484116
0.0,0.5719542
1.0,0.80080676
0.0,0.50306135
0.0,0.3347144
0.0,0.33062536
1.0,0.5297701
0.0,0.46319145
1.0,0.715857
0.0,0.24780032
1.0,0.54718375
0.0,0.49364206
0.0,0.36289942
1.0,0.65932524
1.0,0.6480092
1.0,0.5614172
1.0,0.8013859
0.0,0.37409556
0.0,0.27963865
0.0,0.6505875
0.0,0.16083714
1.0,0.80515015
1.0,0.5455285
0.0,0.18595266
0.0,0.19826812
0.0,0.16536498
1.0,0.7703346
0.0,0.19073293
0.0,0.2675699
0.0,0.2648277
0.0,0.58187085
0.0,0.2892561
0.0,0.48998934
1.0,0.7161031
0.0,0.55866176
1.0,0.3574923
0.0,0.30926752
0.0,0.55118823
1.0,0.5962889
1.0,0.63773036
1.0,0.7962532
0.0,0.27153474
0.0,0.26274005
1.0,0.40028572
0.0,0.21101114
0.0,0.21073315
0.0,0.5204612
1.0,0.65932506
0.0,0.20627826
0.0,0.25441414
1.0,0.91348445
0.0,0.29675245
1.0,0.9099318
1.0,0.72213995
1.0,0.8389277
0.0,0.21529764
1.0,0.8693157
1.0,0.73509127
0.0,0.33245775
1.0,0.51228446
0.0,0.18483123
0.0,0.40932712
0.0,0.15998879
0.0,0.23577136
1.0,0.7438503
1.0,0.71820456
1.0,0.89592576
1.0,0.7646303
1.0,0.733786
0.0,0.6729836
0.0,0.6994721
1.0,0.90903467
0.0,0.30220366
1.0,0.5410572
1.0,0.8884233
0.0,0.391136
1.0,0.61369395
1.0,0.46436828
0.0,0.22683665
0.0,0.24678135
0.0,0.23026666
0.0,0.22081178
1.0,0.6037383
1.0,0.86025643
0.0,0.23168248
0.0,0.21028832
1.0,0.2772013
1.0,0.638337
1.0,0.44545564
0.0,0.25857776
1.0,0.799383
1.0,0.6782694
0.0,0.36236927
0.0,0.2531541
1.0,0.5791291
1.0,0.82102406
0.0,0.4352467
1.0,0.4331961
0.0,0.2429384
0.0,0.31594566
1.0,0.814119
0.0,0.5676775
1.0,0.8370551
0.0,0.5950581
0.0,0.32674104
0.0,0.40866137
1.0,0.81257796
1.0,0.33736658
0.0,0.17170748
0.0,0.19841844
1.0,0.69033056
0.0,0.24513492
1.0,0.8582946
1.0,0.6262188
1.0,0.6706352
0.0,0.25755084
0.0,0.85610473
0.0,0.4710084
0.0,0.20247352
0.0,0.16358459
1.0,0.8853313
0.0,0.6841257
0.0,0.25270912
1.0,0.70988196
0.0,0.20535195
1.0,0.27895027
1.0,0.631076
0.0,0.23553085
0.0,0.5501836
0.0,0.75008535
0.0,0.19856736
0.0,0.10400486
0.0,0.16579351
0.0,0.19257525
0.0,0.73884064
1.0,0.6770924
1.0,0.8690918
0.0,0.7594794
0.0,0.5801813
0.0,0.24032801
0.0,0.33741802
0.0,0.23184842
1.0,0.35430542
0.0,0.23080078
0.0,0.15759787
1.0,0.75162745
1.0,0.5536653
0.0,0.2164042
0.0,0.76591104
0.0,0.1589143
0.0,0.38885665
0.0,0.17447323
0.0,0.29299885
1.0,0.5831838
1.0,0.76697326
1.0,0.7362394
0.0,0.18484533
1.0,0.7128505
1.0,0.8434738
0.0,0.3710841
0.0,0.14608446
1.0,0.6135261
1.0,0.40352243
1.0,0.5430011
1.0,0.6643179
1.0,0.6279974
0.0,0.45212707
0.0,0.37106574
1.0,0.54037213
0.0,0.18765306
1.0,0.82149786
0.0,0.24600786
1.0,0.5418618
0.0,0.2596432
0.0,0.6073331
0.0,0.19978744
0.0,0.25693244
0.0,0.41532815
0.0,0.11032635
0.0,0.18098542
0.0,0.21031159
0.0,0.7379899
0.0,0.18590385
0.0,0.14546761
1.0,0.7122636
1.0,0.44799316
1.0,0.7756052
0.0,0.7627107
0.0,0.36706066
0.0,0.25484347
0.0,0.21649423
1.0,0.5943061
1.0,0.40118363
1.0,0.71626234
1.0,0.80440307
0.0,0.6712153
0.0,0.2288504
0.0,0.18302917
1.0,0.5616097
0.0,0.25879148
1.0,0.20237285
1.0,0.7023556
0.0,0.24852586
0.0,0.18633428
0.0,0.22221729
0.0,0.4836996
1.0,0.6214948
1.0,0.6741674
0.0,0.21525246
1.0,0.78835356
1.0,0.60077214
0.0,0.7113643
0.0,0.34830034
1.0,0.7381738
0.0,0.18183503
0.0,0.34604394
0.0,0.20581919
0.0,0.5808277
0.0,0.20143172
1.0,0.5131063
0.0,0.1481683
0.0,0.5952857
1.0,0.88580287
1.0,0.7906501
0.0,0.63587105
0.0,0.8222223
1.0,0.9917978
0.0,0.38909736
0.0,0.13934508
1.0,0.56450474
0.0,0.27206767
0.0,0.28143144
0.0,0.29286247
1.0,0.82759255
0.0,0.40304488
1.0,0.6662332
1.0,0.7432542
1.0,0.93277115
0.0,0.258305
1.0,0.59246564
0.0,0.23578125
1.0,0.76027584
0.0,0.27123606
1.0,0.76841354
0.0,0.22471645
0.0,0.2119188
1.0,0.77565795
0.0,0.18212426
0.0,0.20042911
1.0,0.68451947
1.0,0.5879555
1.0,0.43290174
1.0,0.5203535
1.0,0.30655134
1.0,0.85702676
1.0,0.59091955
0.0,0.20869666
1.0,0.5976053
1.0,0.8780779
0.0,0.29949123
0.0,0.20830256
0.0,0.1860373
1.0,0.5322164
0.0,0.2003808
0.0,0.39475197
0.0,0.41840848
1.0,0.77198696
0.0,0.24999583
0.0,0.48535597
1.0,0.5628321
1.0,0.81560457
1.0,0.81979203
1.0,0.23597658
0.0,0.88469636
0.0,0.33154213
0.0,0.22642338
0.0,0.20943889
0.0,0.18789977
0.0,0.32141954
0.0,0.27546573
1.0,0.3975244
1.0,0.7336607
0.0,0.20688024
1.0,0.6252728
0.0,0.19845387
0.0,0.24260405
1.0,0.79644305
0.0,0.24845216
0.0,0.7639756
0.0,0.24157012
0.0,0.6421176
0.0,0.25085312
0.0,0.2647003
0.0,0.7151506
1.0,0.8242847
0.0,0.3796345
0.0,0.5767493
1.0,0.6414297
0.0,0.1272572
1.0,0.64644593
0.0,0.20609513
0.0,0.16469145
0.0,0.1901218
0.0,0.51467735
0.0,0.14928213
0.0,0.21342129
0.0,0.22480652
0.0,0.46090057
0.0,0.52989084
1.0,0.48439324
0.0,0.40725613
1.0,0.80484575
0.0,0.36234897
1.0,0.26483566
0.0,0.36178067
0.0,0.19811368
0.0,0.4098242
1.0,0.723808
1.0,0.3114078
1.0,0.4726848
0.0,0.20521247
0.0,0.63732743
1.0,0.8226019
0.0,0.31512195
0.0,0.4134136
1.0,0.62461644
0.0,0.22205344
1.0,0.761217
1.0,0.51304173
0.0,0.12467152
1.0,0.4921566
0.0,0.0015491247
1.0,0.4755119
0.0,0.423906
1.0,0.89975256
0.0,0.167166
0.0,0.79620266
0.0,0.2606381
0.0,0.29763767
0.0,0.16944489
0.0,0.23855042
0.0,0.2823729
1.0,0.73344064
0.0,0.23979133
0.0,0.10130513
0.0,0.11382681
0.0,0.69165546
0.0,0.425587
1.0,0.62196904
0.0,0.61827165
0.0,0.47040886
1.0,0.54742694
0.0,0.39003772
1.0,0.93857807
0.0,0.7586403
1.0,0.7161123
1.0,0.87036955
0.0,0.2642274
1.0,0.86346143
0.0,0.89612985
0.0,0.2043702
0.0,0.22838435
0.0,0.38696352
1.0,0.5190527
1.0,0.87911963
0.0,0.3616877
0.0,0.31326437
1.0,0.8258374
0.0,0.55582625
1.0,0.57952
1.0,0.35182345
1.0,0.63887095
0.0,0.32257515
1.0,0.6383901
0.0,0.21224704
1.0,0.7145412
1.0,0.26101297
0.0,0.4328057
0.0,0.69023466
0.0,0.19363743
0.0,0.5292372
1.0,0.7770709
1.0,0.73665607
1.0,0.85400647
0.0,0.24831516
0.0,0.14442825
1.0,0.60875654
0.0,0.86465
0.0,0.06994417
0.0,0.2259486
1.0,0.49832895
0.0,0.5253426
0.0,0.20469528
0.0,0.31605977
0.0,0.41727188
1.0,0.6094044
1.0,0.81787467
0.0,0.36290962
0.0,0.25583047
0.0,0.18538505
1.0,0.8883853
0.0,0.3855514
0.0,0.65962946
1.0,0.7182586
0.0,0.18136966
0.0,0.6167798
1.0,0.76743907
0.0,0.33422118
1.0,0.4786765
1.0,0.56249946
0.0,0.24268189
0.0,0.25833634
0.0,0.17832673
0.0,0.17288092
1.0,0.79791653
1.0,0.94713223
1.0,0.83388555
1.0,0.4877029
0.0,0.5906619
0.0,0.30700648
1.0,0.73189664
1.0,0.7691348
0.0,0.47250223
0.0,0.26088154
1.0,0.52600783
0.0,0.20604149
1.0,0.7714094
0.0,0.20266241
0.0,0.62887734
1.0,0.70013064
0.0,0.37867826
0.0,0.20127589
0.0,0.29050606
0.0,0.31122673
0.0,0.50773865
1.0,0.25613296
0.0,0.2574891
1.0,0.92395556
0.0,0.2790981
1.0,0.6675113
0.0,0.43776128
1.0,0.7155488
1.0,0.8129332
1.0,0.94532967
0.0,0.70547444
0.0,0.1840811
1.0,0.3460925
0.0,0.22856873
0.0,0.24800003
1.0,0.79504484
1.0,0.46824962
0.0,0.29254073
1.0,0.6759733
1.0,0.8438442
0.0,0.6477703
0.0,0.2031815
0.0,0.6608916
0.0,0.18541136
0.0,0.17446697
0.0,0.6348769
1.0,0.8265234
1.0,0.7797941
1.0,0.81450534
0.0,0.08790681
0.0,0.23617512
0.0,0.19480515
0.0,0.24584335
0.0,0.15851474
0.0,0.24507493
1.0,0.7226939
1.0,0.70700055
1.0,0.61495674
0.0,0.35488057
0.0,0.4573493
1.0,0.8125763
0.0,0.47841102
0.0,0.5871294
1.0,0.69386506
0.0,0.58556736
0.0,0.34232885
1.0,0.7600719
0.0,0.27162972
1.0,0.5044976
1.0,0.54752916
0.0,0.6606365
0.0,0.19446313
1.0,0.93920356
0.0,0.1845989
0.0,0.40768018
1.0,0.5942749
1.0,0.7105151
1.0,0.6949519
1.0,0.7593577
0.0,0.84035265
0.0,0.22558105
0.0,0.192543
1.0,0.5724761
0.0,0.82960534
1.0,0.85824275
0.0,0.57435995
1.0,0.7074858
1.0,0.6191338
0.0,0.26675272
0.0,0.27632308
0.0,0.069159836
0.0,0.46393117
0.0,0.24027523
0.0,0.19536442
1.0,0.38210863
1.0,0.44303587
0.0,0.57699007
1.0,0.7643233
1.0,0.25873607
0.0,0.16819331
0.0,0.42081344
1.0,0.54313475
1.0,0.31179154
0.0,0.21429992
0.0,0.35534924
0.0,0.20641056
0.0,0.24485004
1.0,0.61556226
1.0,0.76285124
0.0,0.24412772
0.0,0.18487203
0.0,0.3354473
0.0,0.31747228
0.0,0.2388281
0.0,0.230724
0.0,0.70373404
0.0,0.66721666
0.0,0.19289607
0.0,0.27362403
0.0,0.4050264
1.0,0.840639
1.0,0.7717073
0.0,0.16025898
0.0,0.26120806
0.0,0.07926768
0.0,0.19251007
0.0,0.38104552
0.0,0.444575
0.0,0.2238369
0.0,0.6125016
1.0,0.73576385
1.0,0.8786398
1.0,0.67573607
1.0,0.73193395
1.0,0.86084723
0.0,0.54287493
0.0,0.406607
0.0,0.27943236
0.0,0.3217352
1.0,0.5465546
0.0,0.20822623
1.0,0.7217678
0.0,0.2519542
0.0,0.6703157
0.0,0.7281291
0.0,0.28605396
0.0,0.23630631
0.0,0.67823166
0.0,0.29173297
0.0,0.1894168
1.0,0.70525503
1.0,0.54995567
0.0,0.4043039
0.0,0.3938271
0.0,0.1965181
0.0,0.19865453
1.0,0.8010326
0.0,0.20912507
1.0,0.4465046
0.0,0.26606026
1.0,0.46540534
0.0,0.17725557
0.0,0.4465678
1.0,0.6825523
0.0,0.091631144
1.0,0.91012853
0.0,0.27767074
0.0,0.4624799
0.0,0.45065334
0.0,0.26697776
0.0,0.20922595
1.0,0.741626
1.0,0.77488315
0.0,0.5011353
0.0,0.26552206
0.0,0.21933806
0.0,0.48589313
1.0,0.62676036
0.0,0.6637585
1.0,0.3756986
1.0,0.6447999
0.0,0.60273796
0.0,0.23804903
0.0,0.3495105
0.0,0.30268508
0.0,0.24127328
0.0,0.23660481
0.0,0.37121844
0.0,0.5089573
0.0,0.4565553
1.0,0.696452
0.0,0.869197
0.0,0.23976368
1.0,0.6477243
0.0,0.28500298
0.0,0.43129456
0.0,0.19083607
0.0,0.28773338
1.0,0.26106846
1.0,0.8710381
1.0,0.77404875
0.0,0.2092711
0.0,0.2160132
0.0,0.23594958
0.0,0.6012692
0.0,0.4351182
0.0,0.5785628
1.0,0.85036486
1.0,0.8521245
1.0,0.7268107
0.0,0.25243884
1.0,0.8148111
1.0,0.56631297
0.0,0.25186533
1.0,0.7200802
0.0,0.25148916
0.0,0.22997758
0.0,0.31211522
1.0,0.7939491
1.0,0.7142638
1.0,0.7510363
0.0,0.712582
0.0,0.38268813
0.0,0.21179444
1.0,0.8221439
1.0,0.77222216
1.0,0.8408142
1.0,0.59174436
0.0,0.24909103
0.0,0.24642354
0.0,0.23171917
0.0,0.5517405
1.0,0.7619871
0.0,0.21598858
0.0,0.3828832
0.0,0.3894182
1.0,0.6304245
0.0,0.4667089
0.0,0.39646214
0.0,0.20756161
0.0,0.6554693
0.0,0.25581563
0.0,0.23600313
0.0,0.22567701
0.0,0.31902337
0.0,0.2070114
1.0,0.8212819
1.0,0.3448248
0.0,0.632203
0.0,0.6803205
0.0,0.18494257
1.0,0.6535979
0.0,0.21858656
0.0,0.15601128
0.0,0.5687955
0.0,0.1546354
1.0,0.719887
0.0,0.23505661
0.0,0.38357183
1.0,0.5308727
1.0,0.45292127
1.0,0.7608936
0.0,0.10752222
0.0,0.415795
1.0,0.7014536
1.0,0.7930714
1.0,0.8065827
0.0,0.6457378
0.0,0.48793912
0.0,0.22394016
1.0,0.27147222
1.0,0.9136325
0.0,0.19459257
0.0,0.7878474
1.0,0.8173194
1.0,0.8026767
0.0,0.22548053
1.0,0.6182321
1.0,0.5141295
0.0,0.23877755
1.0,0.37711078
0.0,0.25271195
0.0,0.207598
0.0,0.8014052
0.0,0.264823
1.0,0.7830738
0.0,0.396306
1.0,0.6014821
1.0,0.76293087
1.0,0.6650926
0.0,0.17812753
0.0,0.5792316
1.0,0.50194776
0.0,0.09709528
1.0,0.5020616
1.0,0.76398104
0.0,0.7359418
0.0,0.36372453
1.0,0.41627106
1.0,0.93990993
0.0,0.20183325
1.0,0.6569505
1.0,0.57156754
1.0,0.7166255
1.0,0.8280027
1.0,0.5516395
1.0,0.8951417
0.0,0.25529903
0.0,0.54449165
0.0,0.31025463
1.0,0.73100173
1.0,0.9493072
0.0,0.34752524
0.0,0.25698227
1.0,0.50055987
0.0,0.21631101
1.0,0.8331007
0.0,0.6855517
1.0,0.8387055
1.0,0.82639
0.0,0.5276486
1.0,0.49679366
0.0,0.2431077
1.0,0.8990866
1.0,0.6203641
1.0,0.49267507
0.0,0.19258475
0.0,0.2975291
1.0,0.82641494
0.0,0.2770508
1.0,0.76883733
0.0,0.18969065
0.0,0.65192366
0.0,0.33799127
0.0,0.3035866
0.0,0.13308188
0.0,0.23893115
0.0,0.46162865
1.0,0.7487915
1.0,0.47075373
0.0,0.22088331
1.0,0.8975197
1.0,0.64942586
0.0,0.6889659
0.0,0.6882845
0.0,0.25004
0.0,0.23111594
0.0,0.25128004
0.0,0.23424387
1.0,0.43672243
1.0,0.91535485
0.0,0.22625893
0.0,0.20342356
0.0,0.33649155
0.0,0.77499557
0.0,0.42430833
1.0,0.54424286
0.0,0.40538147
0.0,0.40916425
1.0,0.56886405
1.0,0.78294295
0.0,0.32588643
0.0,0.3670795
0.0,0.20946336
1.0,0.7843116
1.0,0.7056141
0.0,0.26392558
0.0,0.3546865
0.0,0.20143974
0.0,0.2954391
0.0,0.22015288
1.0,0.71447664
1.0,0.5856638
1.0,0.5700611
0.0,0.099087
1.0,0.58771545
0.0,0.56829613
1.0,0.9261973
1.0,0.57415336
0.0,0.19584942
0.0,0.1618855
0.0,0.13620183
0.0,0.48647255
0.0,0.6041596
1.0,0.91629463
0.0,0.47813872
0.0,0.61792517
0.0,0.17726746
0.0,0.13346413
0.0,0.32500088
0.0,0.39461252
0.0,0.49252018
1.0,0.7279386
1.0,0.8272091
0.0,0.14712033
0.0,0.63827777
0.0,0.5939064
0.0,0.19038373
1.0,0.7112976
0.0,0.2565406
0.0,0.45421234
1.0,0.64718944
0.0,0.6584971
0.0,0.2528941
0.0,0.1803526
0.0,0.20470223
1.0,0.82623905
1.0,0.7456772
0.0,0.26872486
1.0,0.35857826
1.0,0.75506485
1.0,0.78001446
0.0,0.4788577
0.0,0.2706411
1.0,0.5971804
1.0,0.8317272
0.0,0.19909811
1.0,0.8164679
0.0,0.17671058
1.0,0.67042047
1.0,0.7118771
1.0,0.7456739
0.0,0.22334233
1.0,0.5047782
1.0,0.5746038
0.0,0.2166911
0.0,0.30119163
0.0,0.81300414
0.0,0.8575953
0.0,0.27207136
0.0,0.16388762
1.0,0.8926239
0.0,0.58903134
0.0,0.42984697
0.0,0.4880638
0.0,0.19285211
0.0,0.29847124
0.0,0.15690088
1.0,0.59244704
0.0,0.22603345
0.0,0.37596834
0.0,0.6047736
1.0,0.7397549
1.0,0.54367685
1.0,0.8033978
1.0,0.7894508
0.0,0.1978418
0.0,0.3884003
0.0,0.37063584
0.0,0.25284776
0.0,0.69231117
0.0,0.24266177
1.0,0.6975415
0.0,0.8285818
1.0,0.24297822
1.0,0.22816977
1.0,0.62165767
0.0,0.24179137
0.0,0.2124227
0.0,0.1623314
0.0,0.23395702
1.0,0.65077394
1.0,0.7846567
1.0,0.6197158
1.0,0.7769114
1.0,0.9164815
0.0,0.24102545
0.0,0.32937664
0.0,0.32553646
0.0,0.19994569
1.0,0.8128133
0.0,0.20398796
0.0,0.5765369
1.0,0.85826194
1.0,0.46635768
0.0,0.19012448
0.0,0.33271152
0.0,0.5109516
0.0,0.3206275
1.0,0.7023218
0.0,0.9186043
0.0,0.54496336
1.0,0.9297981
0.0,0.35512474
1.0,0.7444182
1.0,0.88927734
0.0,0.18648571
0.0,0.6045661
0.0,0.24463937
0.0,0.20388618
1.0,0.8310268
0.0,0.27884108
0.0,0.951518
0.0,0.7072766
0.0,0.21713954
1.0,0.87182534
1.0,0.5335171
1.0,0.78376114
1.0,0.68307847
0.0,0.33230287
0.0,0.26232827
1.0,0.67510396
0.0,0.22351244
1.0,0.5393398
0.0,0.27638423
1.0,0.9090618
1.0,0.83255494
0.0,0.4444785
0.0,0.41590762
0.0,0.5728723
0.0,0.19823411
0.0,0.22418332
0.0,0.2284933
1.0,0.82557875
0.0,0.24326342
0.0,0.454074
0.0,0.31121972
0.0,0.39242893
0.0,0.29780728
0.0,0.20300949
0.0,0.29447037
0.0,0.209972
0.0,0.21608678
0.0,0.23660553
0.0,0.5035294
0.0,0.23787597
1.0,0.57913435
0.0,0.7401492
1.0,0.7391529
0.0,0.18889052
0.0,0.1971485
1.0,0.6732955
0.0,0.20668855
1.0,0.85160476
0.0,0.5278448
1.0,0.88573384
0.0,0.5864072
0.0,0.40025455
1.0,0.72078186
1.0,0.51305586
0.0,0.25895658
0.0,0.20560223
0.0,0.06502232
0.0,0.21221611
0.0,0.16432828
0.0,0.68362695
1.0,0.8342149
1.0,0.7934382
0.0,0.28384966
0.0,0.21300128
1.0,0.46690536
1.0,0.67209136
1.0,0.65795946
0.0,0.13847959
1.0,0.40780967
0.0,0.5519703
1.0,0.584826
0.0,0.17660254
1.0,0.58524734
0.0,0.22378582
0.0,0.4558109
0.0,0.58775556
0.0,0.69124025
1.0,0.74924564
0.0,0.29213142
0.0,0.3174755
1.0,0.67949057
0.0,0.21269602
0.0,0.6395019
0.0,0.57491386
1.0,0.8545147
0.0,0.5509445
0.0,0.24267301
0.0,0.84608835
1.0,0.7046586
0.0,0.16904572
0.0,0.4816615
0.0,0.27703238
1.0,0.6318248
0.0,0.13262618
1.0,0.7594031
0.0,0.5181852
1.0,0.73003393
1.0,0.89318967
0.0,0.6806253
1.0,0.8225941
1.0,0.7578013
0.0,0.22819474
0.0,0.6489624
0.0,0.49734074
1.0,0.87795025
0.0,0.2969908
1.0,0.67663586
1.0,0.50538874
0.0,0.1941503
1.0,0.7589168
0.0,0.32456332
1.0,0.4224558
0.0,0.661013
1.0,0.66889
0.0,0.5545335
1.0,0.29222894
0.0,0.66599256
0.0,0.20247146
0.0,0.1689018
0.0,0.24685043
0.0,0.2485883
0.0,0.17386082
0.0,0.16144922
0.0,0.34654638
0.0,0.32857496
0.0,0.5511763
0.0,0.6781205
0.0,0.19184348
1.0,0.8193665
1.0,0.38285786
0.0,0.62223494
1.0,0.40102616
0.0,0.20677912
0.0,0.31984097
0.0,0.72367615
0.0,0.3296916
0.0,0.36809006
0.0,0.39403957
1.0,0.6182349
0.0,0.113532186
0.0,0.20550755
1.0,0.17815685
0.0,0.16916972
1.0,0.7520836
0.0,0.28407192
0.0,0.3116154
1.0,0.38014844
0.0,0.26588875
1.0,0.788123
0.0,0.19162616
0.0,0.1483882
0.0,0.20188087
1.0,0.87157047
0.0,0.33145225
1.0,0.75819576
1.0,0.6639941
0.0,0.7987505
0.0,0.092883706
1.0,0.2628135
0.0,0.27481484
0.0,0.33583793
0.0,0.7257578
0.0,0.17887545
0.0,0.66095346
0.0,0.874462
1.0,0.3050543
0.0,0.23214275
1.0,0.7323036
0.0,0.20504233
0.0,0.19181159
0.0,0.20862648
1.0,0.7721935
1.0,0.69030076
0.0,0.9562268
0.0,0.4445405
0.0,0.2261104
0.0,0.41372284
0.0,0.30637005
0.0,0.22869712
0.0,0.17084447
1.0,0.28310645
1.0,0.81211257
0.0,0.19023749
0.0,0.79446566
1.0,0.7116059
0.0,0.20573011
1.0,0.74537414
0.0,0.17828602
0.0,0.23778763
1.0,0.8433828
0.0,0.4725685
1.0,0.6132037
1.0,0.7963912
1.0,0.77125424
0.0,0.4521527
0.0,0.18595862
0.0,0.64655644
1.0,0.7748699
0.0,0.5293285
1.0,0.76096714
0.0,0.2463944
0.0,0.259804
0.0,0.41410753
1.0,0.6543641
0.0,0.23860723
0.0,0.34962314
0.0,0.34632075
1.0,0.47220656
1.0,0.88791716
0.0,0.37147713
0.0,0.24425167
1.0,0.83078104
1.0,0.8016776
1.0,0.5779212
1.0,0.5184116
0.0,0.23994297
1.0,0.6765735
0.0,0.26140377
0.0,0.22623464
0.0,0.25613162
1.0,0.75326174
0.0,0.33489436
0.0,0.3377536
0.0,0.17381191
1.0,0.5690899
0.0,0.5735036
1.0,0.7447049
1.0,0.849663
0.0,0.48424777
1.0,0.9105246
0.0,0.24338076
1.0,0.65780056
0.0,0.54550165
0.0,0.26499563
0.0,0.25689262
0.0,0.4328782
1.0,0.7661109
0.0,0.27123135
0.0,0.31955743
0.0,0.56730604
1.0,0.8853599
1.0,0.6468583
0.0,0.23767555
1.0,0.6924317
1.0,0.8105321
1.0,0.9228572
1.0,0.4378623
0.0,0.45996144
1.0,0.8022709
0.0,0.3251391
0.0,0.4553204
1.0,0.57143116
0.0,0.25886893
0.0,0.25313377
0.0,0.414397
1.0,0.5189424
0.0,0.7005671
0.0,0.48451722
1.0,0.67525977
0.0,0.1898149
1.0,0.94687426
0.0,0.28540277
0.0,0.5511552
1.0,0.7157132
1.0,0.7563063
0.0,0.22542298
1.0,0.7444394
1.0,0.6988608
0.0,0.667402
0.0,0.5710411
1.0,0.54950255
0.0,0.39066482
1.0,0.88511264
0.0,0.28209683
0.0,0.25661674
1.0,0.41603112
1.0,0.8260328
0.0,0.26435226
1.0,0.6469063
0.0,0.3716247
0.0,0.57968533
1.0,0.818326
0.0,0.36084998
0.0,0.3941377
0.0,0.21470961
1.0,0.6580172
0.0,0.32689917
0.0,0.16857043
1.0,0.61402947
1.0,0.6604136
0.0,0.25843525
0.0,0.5096042
0.0,0.21214405
1.0,0.3452407
0.0,0.57652396
0.0,0.250192
0.0,0.25280243
0.0,0.2032691
0.0,0.22675183
1.0,0.46535653
0.0,0.33949658
0.0,0.17619464
0.0,0.3564583
1.0,0.70168734
1.0,0.86714506
1.0,0.6438663
0.0,0.63693154
0.0,0.25525242
0.0,0.8804381
1.0,0.8563648
0.0,0.34597406
1.0,0.75047004
0.0,0.15497121
1.0,0.86554545
0.0,0.4386937
1.0,0.70466036
0.0,0.75237143
1.0,0.4601977
0.0,0.38583356
0.0,0.32345363
1.0,0.5464922
1.0,0.70891464
1.0,0.70948255
0.0,0.3774138
1.0,0.7591516
1.0,0.54991513
1.0,0.46709973
0.0,0.19353893
1.0,0.2438812
0.0,0.24626198
0.0,0.8196607
1.0,0.63033897
0.0,0.54711735
0.0,0.26815456
0.0,0.28652066
0.0,0.29773587
0.0,0.5405041
1.0,0.7574878
1.0,0.7672634
0.0,0.4733027
0.0,0.6411737
0.0,0.21587387
1.0,0.9363321
0.0,0.53485686
0.0,0.37820148
0.0,0.20331475
0.0,0.17160523
0.0,0.329499
0.0,0.703973
1.0,0.7914853
1.0,0.89735234
1.0,0.44613692
0.0,0.650567
0.0,0.2402272
0.0,0.17746037
0.0,0.30198398
0.0,0.276402
1.0,0.91241825
0.0,0.38531232
0.0,0.51689935
1.0,0.83666193
0.0,0.36894128
1.0,0.34030715
1.0,0.5369286
0.0,0.52286536
0.0,0.20100042
0.0,0.46509472
1.0,0.62347996
0.0,0.29271114
0.0,0.23723793
1.0,0.76987016
1.0,0.93891263
0.0,0.21776506
0.0,0.24200779
0.0,0.3785776
0.0,0.23409033
0.0,0.29629743
1.0,0.414926
1.0,0.69387364
0.0,0.1834875
0.0,0.19596756
0.0,0.49223834
0.0,0.74734956
1.0,0.68283063
0.0,0.33048713
1.0,0.88474345
0.0,0.2840597
1.0,0.8790946
0.0,0.16421032
1.0,0.7503383
1.0,0.47603056
0.0,0.29504183
0.0,0.36324167
0.0,0.16712323
0.0,0.42043266
1.0,0.69024533
1.0,0.09595305
1.0,0.41188577
1.0,0.5468519
1.0,0.4623693
0.0,0.16551808
1.0,0.6257638
1.0,0.7152686
0.0,0.23530766
0.0,0.31415474
0.0,0.2932979
1.0,0.67353445
1.0,0.85860467
0.0,0.85050285
0.0,0.19631538
1.0,0.64020795
0.0,0.19822097
0.0,0.2714398
1.0,0.7924583
0.0,0.57611036
0.0,0.3110324
1.0,0.4449239
1.0,0.69759804
0.0,0.21862033
0.0,0.30765122
0.0,0.366477
1.0,0.66908073
1.0,0.81863993
0.0,0.6802143
0.0,0.84972787
1.0,0.75465775
1.0,0.9713094
0.0,0.17694178
0.0,0.47535524
0.0,0.30512595
1.0,0.5891903
1.0,0.52807957
0.0,0.23005489
0.0,0.4313315
1.0,0.7397542
0.0,0.25664595
0.0,0.3198588
0.0,0.43169728
0.0,0.6807624
1.0,0.63874865
0.0,0.6996679
0.0,0.2708584
0.0,0.7835468
0.0,0.6027339
0.0,0.29217678
1.0,0.74372745
1.0,0.7233316
0.0,0.37495983
1.0,0.8462912
0.0,0.32814762
1.0,0.87702477
1.0,0.22195187
1.0,0.8274365
0.0,0.18238652
0.0,0.6759844
0.0,0.24770951
1.0,0.88746864
0.0,0.2778191
1.0,0.7384901
0.0,0.39255232
0.0,0.22693112
1.0,0.3510651
1.0,0.95704335
0.0,0.1767334
1.0,0.62965965
0.0,0.25769377
1.0,0.67358005
0.0,0.15950039
1.0,0.60504526
1.0,0.24784023
0.0,0.25232646
0.0,0.32742786
0.0,0.2833284
0.0,0.20549
0.0,0.20220903
0.0,0.6702591
0.0,0.27898926
0.0,0.2644032
0.0,0.82630515
0.0,0.24290964
1.0,0.65306765
0.0,0.56768423
0.0,0.40351716
1.0,0.8460517
0.0,0.4240393
1.0,0.87948817
0.0,0.25211027
1.0,0.80347216
0.0,0.17700848
0.0,0.24640909
1.0,0.9311656
0.0,0.27304453
0.0,0.20264557
0.0,0.22463092
1.0,0.82014
1.0,0.63385624
0.0,0.2043019
1.0,0.7404432
1.0,0.19672701
1.0,0.8412709
0.0,0.42741632
1.0,0.43561387
1.0,0.97403437
0.0,0.5091309
1.0,0.49429637
1.0,0.4804299
0.0,0.32530957
0.0,0.114482015
0.0,0.29076612
0.0,0.23263243
0.0,0.3345495
0.0,0.28354758
0.0,0.21301231
0.0,0.17245454
1.0,0.74148524
0.0,0.6233139
0.0,0.20501074
0.0,0.31185806
0.0,0.29256976
1.0,0.67436093
0.0,0.21498024
1.0,0.76468533
0.0,0.58909434
0.0,0.18551788
1.0,0.4972915
1.0,0.6454345
0.0,0.7095392
0.0,0.38791847
1.0,0.7237866
0.0,0.7108104
0.0,0.30246276
1.0,0.66922164
1.0,0.5586872
1.0,0.7133882
1.0,0.662954
0.0,0.32990593
0.0,0.15578699
1.0,0.29725248
0.0,0.24873662
0.0,0.18248814
1.0,0.8673712
1.0,0.5155142
1.0,0.80948305
0.0,0.17673475
1.0,0.70252824
1.0,0.7571137
1.0,0.73811775
0.0,0.24808314
0.0,0.23990676
1.0,0.4686502
0.0,0.22352186
0.0,0.64035213
0.0,0.26647684
1.0,0.71802354
0.0,0.21370801
0.0,0.33224398
0.0,0.35325673
0.0,0.56073266
0.0,0.3534404
0.0,0.13991117
0.0,0.75536287
1.0,0.9208956
0.0,0.22042418
1.0,0.5355935
0.0,0.19485918
0.0,0.4166567
0.0,0.69068825
1.0,0.2355074
0.0,0.6099786
0.0,0.20215848
0.0,0.20700005
0.0,0.30042738
0.0,0.37929875
1.0,0.701119
0.0,0.5392436
1.0,0.65926516
0.0,0.28473788
0.0,0.29084218
0.0,0.23201165
0.0,0.3529495
0.0,0.39776176
0.0,0.47911844
0.0,0.5640592
0.0,0.281942
1.0,0.68414557
0.0,0.2508284
1.0,0.4942661
1.0,0.4833693
0.0,0.26153228
0.0,0.3030256
1.0,0.76059234
0.0,0.28941184
1.0,0.6249891
1.0,0.8310741
0.0,0.30532408
1.0,0.805683
0.0,0.25487113
1.0,0.8031088
0.0,0.014353961
0.0,0.4515844
1.0,0.5208479
0.0,0.5868558
0.0,0.19221568
0.0,0.874617
1.0,0.56883264
1.0,0.9621757
0.0,0.19258693
0.0,0.39425555
1.0,0.5260861
0.0,0.5197612
1.0,0.345286
0.0,0.46905875
1.0,0.5418003
0.0,0.5569811
0.0,0.24317148
0.0,0.7576195
0.0,0.24158707
0.0,0.5165395
1.0,0.39588585
0.0,0.51325595
1.0,0.7677367
0.0,0.17481735
1.0,0.5832442
0.0,0.20117679
0.0,0.19350588
0.0,0.21812966
0.0,0.255291
0.0,0.472983
0.0,0.27744612
0.0,0.39025128
0.0,0.4159695
1.0,0.72046137
0.0,0.25436705
0.0,0.27581865
1.0,0.7216591
1.0,0.34923598
0.0,0.28206366
0.0,0.21499708
1.0,0.6555743
0.0,0.38491827
1.0,0.2891364
1.0,0.756215
1.0,0.62052715
1.0,0.6770123
0.0,0.23577031
0.0,0.2391504
1.0,0.619838
0.0,0.40765527
1.0,0.8298411
1.0,0.6626614
1.0,0.73586726
0.0,0.43228108
0.0,0.16402018
0.0,0.28066444
0.0,0.48121697
1.0,0.6302433
1.0,0.7257071
0.0,0.50220066
0.0,0.3222069
0.0,0.41781676
0.0,0.32010365
1.0,0.3856098
1.0,0.71737194
1.0,0.5667435
0.0,0.5754506
1.0,0.4561616
1.0,0.7891333
1.0,0.53767794
1.0,0.8829425
0.0,0.5980446
0.0,0.37498057
0.0,0.566568
0.0,0.24753898
1.0,0.8790266
1.0,0.92922735
1.0,0.6270176
1.0,0.60441595
0.0,0.5292674
0.0,0.20781487
0.0,0.26858386
0.0,0.3625079
1.0,0.67574775
0.0,0.22466114
0.0,0.23967686
0.0,0.62044454
0.0,0.24420416
1.0,0.106864244
1.0,0.80823493
1.0,0.86184967
0.0,0.26139832
0.0,0.57979494
1.0,0.668969
1.0,0.8711888
0.0,0.21488795
1.0,0.6788239
0.0,0.62744474
1.0,0.90152216
1.0,0.7278187
1.0,0.5070228
0.0,0.2601421
0.0,0.45340478
1.0,0.8537183
0.0,0.40200555
0.0,0.32073057
1.0,0.7886194
0.0,0.26471633
0.0,0.26303414
0.0,0.28935814
1.0,0.52346474
0.0,0.91839564
0.0,0.40184742
1.0,0.59597456
0.0,0.44226268
0.0,0.22874767
0.0,0.28858656
0.0,0.2720529
1.0,0.8249289
0.0,0.71169186
0.0,0.2346197
0.0,0.17444503
1.0,0.7657127
0.0,0.2760864
0.0,0.10886055
1.0,0.6403107
0.0,0.3759873
0.0,0.3707356
1.0,0.8390908
1.0,0.5532495
0.0,0.18494338
1.0,0.4223856
1.0,0.5208862
0.0,0.4926804
0.0,0.57111305
1.0,0.6294573
1.0,0.7696709
0.0,0.16781145
1.0,0.53973174
1.0,0.47123158
1.0,0.62581104
0.0,0.38980374
1.0,0.48029613
0.0,0.24402237
1.0,0.71577525
0.0,0.22365642
1.0,0.8491467
0.0,0.5802171
0.0,0.287762
1.0,0.68482864
0.0,0.24057755
1.0,0.7062062
1.0,0.71499723
1.0,0.78096604
1.0,0.7494025
0.0,0.37427235
1.0,0.22849593
0.0,0.545017
0.0,0.23324913
0.0,0.35739917
0.0,0.3643008
1.0,0.6355318
0.0,0.20627332
0.0,0.46574283
0.0,0.68925804
0.0,0.60634625
1.0,0.8304635
0.0,0.5522348
0.0,0.1777254
0.0,0.36456233
0.0,0.603688
1.0,0.5853779
0.0,0.23961133
1.0,0.69983596
1.0,0.8667731
0.0,0.54335105
0.0,0.22660697
0.0,0.26074794
1.0,0.91535383
0.0,0.22624516
1.0,0.45239687
1.0,0.4720105
1.0,0.74930114
0.0,0.6401965
0.0,0.5886564
0.0,0.17639616
0.0,0.5746305
0.0,0.20457357
0.0,0.309681
0.0,0.3619601
1.0,0.626439
0.0,0.27280536
1.0,0.8359921
0.0,0.28532803
1.0,0.8217176
1.0,0.69853103
1.0,0.5694831
1.0,0.7170247
0.0,0.47195947
0.0,0.8459233
0.0,0.29232693
1.0,0.48639148
1.0,0.7385789
0.0,0.22720364
1.0,0.45215818
1.0,0.51722664
1.0,0.84858453
1.0,0.6880266
0.0,0.65442574
0.0,0.2989241
1.0,0.7739657
0.0,0.20652738
0.0,0.6772009
1.0,0.81644654
0.0,0.15872425
0.0,0.7047141
0.0,0.29301384
0.0,0.25515187
0.0,0.28643405
1.0,0.9219581
0.0,0.19579703
0.0,0.41404006
1.0,0.5306432
0.0,0.33977517
1.0,0.77164924
0.0,0.55326813
0.0,0.14682123
0.0,0.26272738
0.0,0.270983
1.0,0.61593264
0.0,0.33919913
0.0,0.65447897
1.0,0.8027605
1.0,0.6557064
0.0,0.30198693
0.0,0.27508703
0.0,0.18388468
1.0,0.59848607
0.0,0.2563719
1.0,0.6971425
1.0,0.58791876
1.0,0.46673006
1.0,0.5929359
1.0,0.6446698
0.0,0.6984519
1.0,0.66619897
1.0,0.86198485
0.0,0.2315473
0.0,0.19208449
0.0,0.30497092
1.0,0.691426
0.0,0.24770555
0.0,0.18649566
0.0,0.36675122
1.0,0.8195141
0.0,0.35347947
1.0,0.6338677
0.0,0.3610347
0.0,0.60153913
0.0,0.33030728
0.0,0.19502383
0.0,0.3252265
1.0,0.64922845
1.0,0.84353435
0.0,0.22939569
0.0,0.59602314
1.0,0.58625054
0.0,0.17314216
1.0,0.764516
0.0,0.31334332
0.0,0.22412163
0.0,0.29850805
1.0,0.74796444
1.0,0.6454169
0.0,0.25345597
0.0,0.5156462
1.0,0.5472179
0.0,0.3859799
0.0,0.37182415
1.0,0.785903
1.0,0.8523272
1.0,0.7906678
0.0,0.25446355
1.0,0.72378325
1.0,0.7297121
0.0,0.43250048
0.0,0.439413
0.0,0.24240798
0.0,0.25905985
0.0,0.19606975
0.0,0.3678488
1.0,0.7079186
1.0,0.6414533
0.0,0.22601262
0.0,0.17253417
0.0,0.5812595
0.0,0.2905564
1.0,0.6497241
0.0,0.81725895
0.0,0.30935544
0.0,0.5595202
0.0,0.68532115
1.0,0.44362092
0.0,0.1690807
0.0,0.27247062
1.0,0.74127996
0.0,0.37703323
0.0,0.55924857
0.0,0.2788544
0.0,0.18890691
1.0,0.5423983
1.0,0.5189428
0.0,0.33616272
0.0,0.8537494
0.0,0.15390599
0.0,0.70954925
0.0,0.74058485
0.0,0.24794194
0.0,0.19359013
0.0,0.40434414
1.0,0.26122755
0.0,0.20210022
1.0,0.44000793
0.0,0.4920184
0.0,0.15080586
0.0,0.32305408
0.0,0.9841269
0.0,0.35293537
0.0,0.32291532
1.0,0.81861156
0.0,0.2403323
0.0,0.46372527
0.0,0.2658336
1.0,0.53425527
1.0,0.66995096
0.0,0.20657
0.0,0.0035315454
0.0,0.20217517
1.0,0.9063779
1.0,0.8048284
1.0,0.86112756
0.0,0.2948124
1.0,0.8840289
0.0,0.32868987
0.0,0.20104349
0.0,0.2886073
1.0,0.37017477
0.0,0.18443894
0.0,0.22292468
1.0,0.87977016
1.0,0.23019648
0.0,0.22897172
1.0,0.8439709
0.0,0.24768665
1.0,0.645878
0.0,0.28913933
1.0,0.53915566
0.0,0.76879925
0.0,0.71524674
1.0,0.6326426
0.0,0.18745995
0.0,0.40235525
0.0,0.20352066
0.0,0.2068412
0.0,0.46602386
0.0,0.18527132
1.0,0.6207044
1.0,0.47028267
0.0,0.45498815
0.0,0.2899518
0.0,0.30326617
0.0,0.35216022
1.0,0.7404977
0.0,0.2829238
0.0,0.4659569
0.0,0.66719764
0.0,0.38862255
0.0,0.1298298
1.0,0.8457745
1.0,0.82703817
0.0,0.17890877
0.0,0.31474924
0.0,0.30421603
0.0,0.22050813
1.0,0.6521493
0.0,0.4721823
0.0,0.41869292
0.0,0.26681387
1.0,0.5128361
0.0,0.2022315
0.0,0.26622397
1.0,0.8332411
0.0,0.19141218
0.0,0.21762127
1.0,0.68488985
1.0,0.7145827
1.0,0.7501712
0.0,0.19446945
0.0,0.20940739
0.0,0.4302044
0.0,0.18676493
1.0,0.6714636
0.0,0.22817945
1.0,0.4208584
0.0,0.09443542
0.0,0.21538743
0.0,0.46025056
1.0,0.751246
0.0,0.6791999
0.0,0.34598005
0.0,0.43318412
1.0,0.54675436
0.0,0.19402492
0.0,0.35762608
0.0,0.11302844
1.0,0.27581865
0.0,0.19341695
0.0,0.22686332
1.0,0.48436058
1.0,0.89380586
0.0,0.17671522
1.0,0.85340023
1.0,0.764971
1.0,0.72181475
1.0,0.6599721
0.0,0.20773059
1.0,0.77190304
0.0,0.94032276
1.0,0.3320526
0.0,0.21923652
1.0,0.37529245
0.0,0.3279537
1.0,0.40938362
1.0,0.9272299
1.0,0.52646613
0.0,0.19594812
0.0,0.5932324
0.0,0.4940184
0.0,0.25019133
0.0,0.23869962
0.0,0.31910163
1.0,0.88352406
1.0,0.8083203
1.0,0.72306263
0.0,0.23951733
0.0,0.23418334
0.0,0.31806707
0.0,0.4212678
1.0,0.24350888
0.0,0.3297258
0.0,0.19202688
0.0,0.22100693
0.0,0.38421267
1.0,0.59920263
0.0,0.63341975
0.0,0.7781551
0.0,0.51405036
1.0,0.53150636
0.0,0.2870248
0.0,0.5459735
1.0,0.5910825
0.0,0.55806315
1.0,0.64139706
0.0,0.2111876
0.0,0.3966575
0.0,0.25187698
0.0,0.3455718
0.0,0.11169082
1.0,0.68128127
0.0,0.28999722
0.0,0.39774695
1.0,0.67560923
1.0,0.84758544
0.0,0.62704396
1.0,0.26224458
0.0,0.38564947
0.0,0.29523063
1.0,0.83943707
0.0,0.14260694
0.0,0.4637546
0.0,0.16900894
0.0,0.18956539
1.0,0.8308394
1.0,0.7643273
1.0,0.61048
1.0,0.8299322
0.0,0.22986832
0.0,0.21526456
0.0,0.5943322
1.0,0.8375888
0.0,0.21212062
0.0,0.24918815
1.0,0.7611414
1.0,0.46167278
1.0,0.76635504
0.0,0.2682206
0.0,0.3421124
0.0,0.74028957
1.0,0.69168055
1.0,0.76151204
1.0,0.84963506
0.0,0.2510011
0.0,0.18608597
0.0,0.21808061
1.0,0.768018
1.0,0.43393105
0.0,0.4645288
1.0,0.76506126
1.0,0.60275906
1.0,0.7849592
1.0,0.49756083
0.0,0.31259125
0.0,0.24000674
1.0,0.45138147
1.0,0.5631793
0.0,0.35219353
0.0,0.298576
0.0,0.19451898
0.0,0.2798186
0.0,0.21338853
0.0,0.6235752
0.0,0.17391697
0.0,0.34165654
1.0,0.58354646
1.0,0.66591907
0.0,0.47356972
1.0,0.86258096
0.0,0.13150972
1.0,0.63421404
0.0,0.661779
1.0,0.81660974
0.0,0.15188363
0.0,0.22212964
0.0,0.20123503
0.0,0.29907715
1.0,0.31952298
1.0,0.7224188
0.0,0.2721796
0.0,0.4031992
1.0,0.4428178
0.0,0.3456148
1.0,0.65658724
1.0,0.5232526
0.0,0.24434558
0.0,0.29305798
0.0,0.5371231
0.0,0.8749245
0.0,0.7511344
0.0,0.19753721
0.0,0.8205159
0.0,0.24229768
1.0,0.6958377
1.0,0.83236164
1.0,0.7806693
1.0,0.6248088
0.0,0.21683413
0.0,0.30413902
1.0,0.6971874
0.0,0.6574187
0.0,0.23548856
0.0,0.38154003
1.0,0.577258
1.0,0.3418944
0.0,0.22372806
1.0,0.8390439
1.0,0.78503335
0.0,0.12442508
0.0,0.29979903
1.0,0.7472063
0.0,0.18746597
0.0,0.54455686
0.0,0.19662163
0.0,0.24262303
1.0,0.35092938
0.0,0.19245097
0.0,0.22785568
0.0,0.5305092
1.0,0.6861241
0.0,0.2171441
0.0,0.26045132
1.0,0.88062996
0.0,0.16127604
0.0,0.6602107
0.0,0.86580014
1.0,0.8894454
1.0,0.49138674
1.0,0.45611468
0.0,0.23283577
0.0,0.5720191
1.0,0.5013309
0.0,0.1392386
0.0,0.18439811
0.0,0.55573654
0.0,0.4716367
1.0,0.5839414
0.0,0.26755846
0.0,0.5390433
1.0,0.48662072
0.0,0.32721087
0.0,0.25509703
0.0,0.55957913
0.0,0.37718877
1.0,0.7546239
1.0,0.82560587
0.0,0.7011953
1.0,0.76306
0.0,0.18397105
0.0,0.21152747
0.0,0.15154701
1.0,0.6160453
0.0,0.21331719
0.0,0.22967875
1.0,0.85402364
1.0,0.6564447
1.0,0.8607823
0.0,0.51654243
1.0,0.5812738
1.0,0.88158166
0.0,0.11857104
0.0,0.64196247
0.0,0.9184258
1.0,0.4579658
0.0,0.51641494
0.0,0.5210835
0.0,0.25088012
0.0,0.21577644
0.0,0.28114814
0.0,0.30806696
0.0,0.40186566
0.0,0.60829604
0.0,0.5639995
1.0,0.49724942
1.0,0.45815665
1.0,0.7006911
0.0,0.25505728
1.0,0.84900403
0.0,0.67515343
0.0,0.34225655
1.0,0.8204129
0.0,0.46892715
0.0,0.20031232
0.0,0.48195016
0.0,0.24969488
0.0,0.5860615
0.0,0.55796194
0.0,0.273781
1.0,0.6343342
0.0,0.17458388
0.0,0.2214225
0.0,0.2266564
1.0,0.8089752
1.0,0.76508504
0.0,0.59242153
1.0,0.41217166
0.0,0.25978625
1.0,0.29393494
0.0,0.2500996
0.0,0.15488541
1.0,0.31369343
0.0,0.17090738
0.0,0.18102902
1.0,0.6680199
0.0,0.24865952
1.0,0.24418157
0.0,0.36076957
0.0,0.18878841
1.0,0.68906367
0.0,0.16195095
0.0,0.26665607
0.0,0.68377966
0.0,0.19100541
0.0,0.19225997
1.0,0.81714666
0.0,0.21698767
0.0,0.4492876
0.0,0.35834152
1.0,0.6380466
0.0,0.83695245
0.0,0.30509946
1.0,0.06442115
0.0,0.19443971
0.0,0.12989601
0.0,0.36735326
0.0,0.3318421
1.0,0.5649784
0.0,0.25511307
0.0,0.13120672
0.0,0.178967
0.0,0.20785198
0.0,0.70110303
1.0,0.6142566
1.0,0.68704665
0.0,0.22825247
1.0,0.66287017
0.0,0.28601402
0.0,0.18370077
0.0,0.22187912
0.0,0.2705984
1.0,0.86139065
0.0,0.19876423
0.0,0.2254152
0.0,0.6147319
0.0,0.45041966
0.0,0.28080583
0.0,0.16692427
0.0,0.15156716
0.0,0.20685431
0.0,0.2278142
0.0,0.82310027
1.0,0.7655957
0.0,0.20598301
0.0,0.22659919
0.0,0.29204112
1.0,0.83372164
0.0,0.19806415
1.0,0.7368029
0.0,0.236595
0.0,0.21986288
0.0,0.28828126
1.0,0.8094028
1.0,0.8747819
1.0,0.7133316
1.0,0.6757908
0.0,0.18377423
0.0,0.23880523
1.0,0.7723162
1.0,0.8159092
0.0,0.24736953
0.0,0.46443385
0.0,0.5016391
1.0,0.69322926
0.0,0.2387686
0.0,0.22146672
0.0,0.227379
0.0,0.26036954
1.0,0.61516917
1.0,0.88281584
0.0,0.18410844
1.0,0.6572572
0.0,0.2646527
0.0,0.27723366
0.0,0.20529786
0.0,0.27142882
0.0,0.2134943
1.0,0.7844708
0.0,0.14060208
0.0,0.33949357
0.0,0.70034933
0.0,0.25806913
0.0,0.5671794
1.0,0.8910371
0.0,0.19884372
0.0,0.23044208
1.0,0.89976597
0.0,0.6620641
0.0,0.21153185
1.0,0.80154246
1.0,0.6416904
0.0,0.2092849
1.0,0.71162754
0.0,0.58291775
1.0,0.80272865
1.0,0.96111774
0.0,0.30534256
1.0,0.86221576
0.0,0.33937925
0.0,0.30518293
0.0,0.58558345
0.0,0.56283444
0.0,0.23429212
0.0,0.28463495
0.0,0.3677223
1.0,0.90567404
0.0,0.7472608
0.0,0.37663642
0.0,0.41731033
0.0,0.43284985
1.0,0.8136636
0.0,0.25908956
0.0,0.7132895
0.0,0.21338868
0.0,0.32827857
0.0,0.13964808
0.0,0.75437677
1.0,0.26348436
0.0,0.38847178
1.0,0.69709873
0.0,0.26573843
1.0,0.52433443
0.0,0.47743475
0.0,0.45404935
0.0,0.23292679
0.0,0.60774606
0.0,0.0042643845
0.0,0.3810742
0.0,0.49569887
0.0,0.19321266
0.0,0.73401475
0.0,0.75519043
1.0,0.7351046
0.0,0.7142668
0.0,0.30039203
1.0,0.9178391
0.0,0.34433994
0.0,0.21309635
0.0,0.25244528
1.0,0.6266852
1.0,0.48560917
1.0,0.65608865
1.0,0.87472445
0.0,0.43138868
1.0,0.7241231
0.0,0.33824766
1.0,0.44817233
0.0,0.26821405
0.0,0.8945199
0.0,0.34979722
0.0,0.18465415
0.0,0.45305705
1.0,0.73640513
1.0,0.47773787
0.0,0.849445
1.0,0.582053
0.0,0.19899306
1.0,0.7996376
0.0,0.28184247
0.0,0.28560838
0.0,0.77943623
0.0,0.5222903
0.0,0.47932422
0.0,0.18303975
1.0,0.9318821
0.0,0.14493853
1.0,0.678668
1.0,0.75695693
1.0,0.63804644
0.0,0.19269153
0.0,0.794888
0.0,0.21479777
0.0,0.29166886
0.0,0.49082682
1.0,0.66547906
0.0,0.8961041
0.0,0.32214224
0.0,0.20718494
0.0,0.22839576
0.0,0.19276157
0.0,0.41455317
0.0,0.7081761
0.0,0.22802165
0.0,0.47886053
1.0,0.9053225
0.0,0.3711015
0.0,0.2974835
0.0,0.22232309
0.0,0.19322407
1.0,0.7145395
0.0,0.50745404
1.0,0.80392593
0.0,0.5453326
1.0,0.9371836
1.0,0.70419705
0.0,0.2553655
0.0,0.59933805
0.0,0.2541666
0.0,0.5543348
0.0,0.25409544
0.0,0.5907277
1.0,0.7953627
0.0,0.18210137
1.0,0.57788783
0.0,0.5139229
0.0,0.15489182
0.0,0.23911077
1.0,0.7398333
0.0,0.18764558
1.0,0.8787439
0.0,0.20486447
0.0,0.1320551
0.0,0.49463186
0.0,0.071526825
0.0,0.71629786
0.0,0.28047407
1.0,0.59708774
1.0,0.6832545
0.0,0.74136996
0.0,0.2369375
0.0,0.29100534
1.0,0.6855345
0.0,0.3115061
1.0,0.2940402
0.0,0.38473827
1.0,0.6933836
1.0,0.73732597
0.0,0.2721657
0.0,0.28091985
0.0,0.25854987
1.0,0.6545173
0.0,0.44445744
0.0,0.5818019
1.0,0.82506466
1.0,0.52926606
0.0,0.40076995
0.0,0.2834437
1.0,0.7056062
0.0,0.23687136
0.0,0.24115688
0.0,0.22666708
1.0,0.5985514
0.0,0.24462074
0.0,0.38273996
1.0,0.74859214
1.0,0.88339645
0.0,0.99488735
0.0,0.19864178
0.0,0.27094942
1.0,0.8321561
1.0,0.8625466
1.0,0.60692513
0.0,0.2493374
0.0,0.17713615
0.0,0.32075524
0.0,0.17216593
1.0,0.8099184
0.0,0.23280627
0.0,0.5750966
0.0,0.2958514
0.0,0.26002127
0.0,0.10458261
0.0,0.22932976
0.0,0.25301838
0.0,0.31606415
0.0,0.2126554
1.0,0.6849863
1.0,0.63163376
0.0,0.96697897
0.0,0.5269844
1.0,0.34296393
0.0,0.21069333
1.0,0.68213665
0.0,0.28550538
0.0,0.18419072
1.0,0.898185
1.0,0.9027527
0.0,0.6704278
0.0,0.30291244
1.0,0.3919201
0.0,0.38223675
0.0,0.25516957
0.0,0.9255712
0.0,0.24821919
1.0,0.69513994
1.0,0.29427052
0.0,0.38364106
0.0,0.19288939
0.0,0.29289997
1.0,0.6831349
0.0,0.25648263
1.0,0.5972514
0.0,0.37805787
1.0,0.67430794
1.0,0.6717497
0.0,0.51556736
1.0,0.88732123
0.0,0.5300741
0.0,0.28550366
1.0,0.93848276
1.0,0.543855
0.0,0.22248682
0.0,0.5564571
0.0,0.68152595
0.0,0.7115568
1.0,0.76121366
0.0,0.41174012
0.0,0.9342386
0.0,0.224641
1.0,0.7269245
0.0,0.25252017
0.0,0.5536416
1.0,0.7172818
0.0,0.19357884
0.0,0.7243739
0.0,0.3217228
1.0,0.42317328
0.0,0.54770464
1.0,0.8094743
0.0,0.26990604
1.0,0.37686533
1.0,0.51794386
1.0,0.70908123
1.0,0.82692134
0.0,0.1286923
1.0,0.4736684
0.0,0.23519453
1.0,0.90485793
1.0,0.68390584
0.0,0.454132
1.0,0.5007166
0.0,0.19488302
1.0,0.5325189
1.0,0.4489326
0.0,0.29803374
0.0,0.72766805
1.0,0.8862008
1.0,0.52640164
0.0,0.3782284
0.0,0.5098224
0.0,0.13796422
0.0,0.20919967
0.0,0.6671809
1.0,0.66399556
1.0,0.71891093
1.0,0.44119808
1.0,0.58817357
1.0,0.7644854
1.0,0.8776492
0.0,0.3232819
1.0,0.82771444
0.0,0.19839796
0.0,0.27200946
0.0,0.30733702
1.0,0.38049966
1.0,0.61270964
0.0,0.26593453
0.0,0.21544835
0.0,0.65744174
1.0,0.78508246
1.0,0.5524358
1.0,0.702757
0.0,0.32260698
0.0,0.8660202
0.0,0.4032709
0.0,0.35871947
0.0,0.23722836
0.0,0.18533221
1.0,0.85794437
1.0,0.6825065
0.0,0.24646214
0.0,0.31710905
0.0,0.6754191
0.0,0.6139086
0.0,0.39680588
0.0,0.3405133
0.0,0.67199254
1.0,0.68884265
0.0,0.5080045
1.0,0.78212655
0.0,0.2982668
0.0,0.88398665
0.0,0.7300882
0.0,0.5674371
1.0,0.80609256
1.0,0.59091794
1.0,0.53583306
1.0,0.7408275
0.0,0.19976422
0.0,0.5561869
1.0,0.3345759
1.0,0.6865735
0.0,0.4196837
0.0,0.2327947
0.0,0.58178735
1.0,0.36571997
0.0,0.19579038
1.0,0.35908282
0.0,0.26412636
0.0,0.36987025
0.0,0.24230477
0.0,0.2007964
0.0,0.37095928
0.0,0.22188812
0.0,0.42959875
1.0,0.8499887
0.0,0.17442816
0.0,0.5084138
0.0,0.20684138
1.0,0.744302
0.0,0.1999132
1.0,0.8588915
0.0,0.1391409
0.0,0.25714022
0.0,0.1771698
0.0,0.5554011
0.0,0.34120467
0.0,0.26935464
1.0,0.83327687
0.0,0.39451808
1.0,0.54352534
1.0,0.83620584
0.0,0.22715536
0.0,0.3459696
1.0,0.7600076
1.0,0.9341056
0.0,0.39056885
0.0,0.6483228
0.0,0.25203454
0.0,0.38425982
0.0,0.20583484
1.0,0.7205967
0.0,0.42072487
1.0,0.40957808
1.0,0.3539471
0.0,0.8132267
0.0,0.41625816
0.0,0.20401067
0.0,0.20081335
0.0,0.642735
0.0,0.24564752
0.0,0.24795514
0.0,0.6204842
1.0,0.6902101
1.0,0.723931
0.0,0.23304513
0.0,0.2723713
0.0,0.527345
1.0,0.7588217
0.0,0.22179872
0.0,0.23353821
1.0,0.89587516
1.0,0.8441242
0.0,0.36470106
0.0,0.2721601
0.0,0.19550493
1.0,0.9585117
0.0,0.31801754
1.0,0.7971652
1.0,0.5908767
0.0,0.25149265
0.0,0.39998358
0.0,0.24403092
1.0,0.5657576
0.0,0.52024215
1.0,0.31795812
0.0,0.22874922
1.0,0.7096548
0.0,0.3824591
0.0,0.24511594
0.0,0.20889828
1.0,0.8884505
0.0,0.5385541
1.0,0.8160914
1.0,0.4369139
0.0,0.15641883
1.0,0.34338456
0.0,0.346178
1.0,0.49663576
0.0,0.18900931
1.0,0.76647604
0.0,0.20016262
1.0,0.64007777
1.0,0.8695437
1.0,0.89134794
0.0,0.2893602
1.0,0.651003
1.0,0.62559927
0.0,0.22025639
1.0,0.7788765
1.0,0.4390863
1.0,0.4932198
0.0,0.490418
0.0,0.25580582
0.0,0.66109085
0.0,0.30171508
