0.0,0.6420269
0.0,0.64745724
1.0,0.538249
0.0,0.405626
1.0,0.68992984
0.0,0.29355547
1.0,0.74430126
1.0,0.8674226
1.0,0.7693795
0.0,0.31366292
0.0,0.58911717
1.0,0.64536655
0.0,0.31603742
0.0,0.5035312
0.0,0.39228272
0.0,0.26693505
1.0,0.63263917
0.0,0.33949542
0.0,0.36498892
1.0,0.4049108
1.0,0.60958177
0.0,0.23030359
1.0,0.769572
0.0,0.37428647
0.0,0.39392215
1.0,0.641571
0.0,0.53925353
1.0,0.67370087
0.0,0.34708637
1.0,0.7586987
0.0,0.3155545
0.0,0.4038821
1.0,0.8423478
1.0,0.88801825
1.0,0.79637873
1.0,0.7366489
1.0,0.48344767
0.0,0.32015604
1.0,0.679964
1.0,0.52589107
1.0,0.75737476
1.0,0.827284
0.0,0.30177328
1.0,0.86301893
1.0,0.73302007
0.0,0.36625904
0.0,0.2672006
0.0,0.33071977
0.0,0.35117108
1.0,0.79345816
0.0,0.43227357
1.0,0.6640944
1.0,0.85924363
1.0,0.71467686
0.0,0.38273636
0.0,0.30498838
0.0,0.5207894
1.0,0.34170997
1.0,0.76587445
1.0,0.47567236
1.0,0.82198966
0.0,0.6483745
1.0,0.7672827
1.0,0.7162822
1.0,0.6471745
0.0,0.42906392
0.0,0.3217438
1.0,0.74571764
0.0,0.36770606
1.0,0.7304728
0.0,0.8101665
1.0,0.6862849
0.0,0.21674314
0.0,0.4283784
1.0,0.8568859
0.0,0.36118582
0.0,0.349231
0.0,0.5989981
0.0,0.28288758
1.0,0.727273
0.0,0.40076
1.0,0.8688884
1.0,0.7440055
1.0,0.9338609
1.0,0.8170266
1.0,0.68555427
1.0,0.8255572
0.0,0.53335303
0.0,0.3470803
1.0,0.80992305
0.0,0.35337907
1.0,0.46768582
0.0,0.22893289
0.0,0.74257445
0.0,0.58574694
1.0,0.775705
0.0,0.35453832
0.0,0.40091553
1.0,0.6821847
1.0,0.82611156
0.0,0.295554
0.0,0.5025287
1.0,0.3692273
0.0,0.32155842
0.0,0.5284279
1.0,0.9233004
1.0,0.28275973
0.0,0.40473193
1.0,0.3136546
1.0,0.9086405
1.0,0.7293925
0.0,0.35007465
1.0,0.30574793
0.0,0.43433765
0.0,0.32623595
1.0,0.50850147
0.0,0.5318181
1.0,0.70456946
1.0,0.53489506
1.0,0.795585
0.0,0.48830843
1.0,0.8334025
0.0,0.5757918
0.0,0.3560718
0.0,0.371732
1.0,0.19842345
0.0,0.31053692
0.0,0.17314404
1.0,0.7696787
1.0,0.6464353
1.0,0.8832748
0.0,0.33414578
0.0,0.42983636
1.0,0.45508972
1.0,0.87132853
0.0,0.62103707
0.0,0.38496295
0.0,0.362396
0.0,0.4833041
0.0,0.38025182
1.0,0.67400587
0.0,0.33850393
1.0,0.4030166
0.0,0.28024054
0.0,0.30058417
0.0,0.29818916
1.0,0.5997734
0.0,0.3827806
0.0,0.35203946
0.0,0.36922935
0.0,0.39898053
0.0,0.3157733
0.0,0.20466733
0.0,0.7779045
0.0,0.44878674
1.0,0.83077574
0.0,0.34500986
0.0,0.36971518
1.0,0.8793054
0.0,0.38777632
0.0,0.6101011
0.0,0.5497405
0.0,0.38093174
0.0,0.82218575
1.0,0.85182023
0.0,0.49963772
1.0,0.79426306
0.0,0.4101474
0.0,0.34236455
1.0,0.6556028
0.0,0.4916856
0.0,0.7635833
0.0,0.7412741
0.0,0.21634427
1.0,0.71574247
1.0,0.5300835
0.0,0.34818146
1.0,0.7323022
0.0,0.59586895
1.0,0.784689
1.0,0.7640181
1.0,0.6654035
1.0,0.76127577
1.0,0.79671776
0.0,0.66245985
0.0,0.3041076
0.0,0.34145588
0.0,0.85560095
0.0,0.43452784
0.0,0.40198433
1.0,0.39852375
0.0,0.26963794
0.0,0.7468633
1.0,0.83049953
1.0,0.7055866
1.0,0.74457884
0.0,0.29280305
0.0,0.60274565
0.0,0.32016003
1.0,0.37606555
0.0,0.62482524
0.0,0.6423025
0.0,0.4763124
0.0,0.5237283
0.0,0.3955438
1.0,0.44131857
0.0,0.32708228
1.0,0.5297793
0.0,0.23998609
0.0,0.28247756
0.0,0.2973563
1.0,0.78646356
0.0,0.41094166
0.0,0.38493448
0.0,0.30820948
0.0,0.26165405
0.0,0.77993405
0.0,0.39118442
1.0,0.8361782
0.0,0.2843731
0.0,0.28076097
1.0,0.70142365
1.0,0.89296424
0.0,0.99738073
0.0,0.31851634
0.0,0.25303012
0.0,0.40120575
0.0,0.38797715
0.0,0.368627
1.0,0.7728483
0.0,0.4183049
1.0,0.5163983
0.0,0.3572964
1.0,0.68805075
1.0,0.5745384
0.0,0.33460087
0.0,0.37895834
0.0,0.25974572
1.0,0.662331
1.0,0.7031907
1.0,0.81369686
1.0,0.61663157
0.0,0.30599326
0.0,0.6922645
1.0,0.87195
0.0,0.5918309
0.0,0.33233225
0.0,0.3211851
0.0,0.5178878
0.0,0.3496616
0.0,0.28715515
0.0,0.47733915
1.0,0.61105853
0.0,0.31014585
0.0,0.55055416
0.0,0.5430371
1.0,0.91566926
1.0,0.75271285
0.0,0.3664822
0.0,0.3717223
0.0,0.3546778
1.0,0.7803503
0.0,0.22169551
0.0,0.32619953
0.0,0.37864256
0.0,0.3518093
1.0,0.7816024
1.0,0.5423579
1.0,0.81668234
0.0,0.33707094
1.0,0.63063157
0.0,0.28936732
0.0,0.3426088
0.0,0.5890143
1.0,0.8044196
1.0,0.67844987
0.0,0.3106123
0.0,0.30913955
1.0,0.7346904
1.0,0.5493922
0.0,0.46141195
1.0,0.44784406
1.0,0.9388275
0.0,0.5746225
0.0,0.39718628
0.0,0.3461714
0.0,0.2786158
0.0,0.6628998
0.0,0.32899243
1.0,0.820729
0.0,0.36569276
0.0,0.34217626
1.0,0.83179426
0.0,0.33012876
1.0,0.80663514
1.0,0.32830304
1.0,0.79823446
1.0,0.7231302
1.0,0.72596216
0.0,0.40533897
1.0,0.7108401
0.0,0.5248907
1.0,0.9168793
0.0,0.7050111
0.0,0.4792133
0.0,0.3155864
0.0,0.49116063
0.0,0.43983936
1.0,0.8439311
0.0,0.6843232
1.0,0.60614514
0.0,0.5865966
1.0,0.7612171
1.0,0.81151175
0.0,0.33357093
0.0,0.2527043
0.0,0.3532603
1.0,0.6660698
1.0,0.38069
0.0,0.25819927
0.0,0.31791487
0.0,0.32282528
0.0,0.34279996
1.0,0.73321795
1.0,0.6043268
0.0,0.41851363
0.0,0.5044767
1.0,0.6395628
1.0,0.8456812
1.0,0.5812159
0.0,0.38900253
0.0,0.5828593
0.0,0.28904876
0.0,0.5973977
1.0,0.802804
1.0,0.57052386
0.0,0.42411503
0.0,0.51128817
0.0,0.28328645
0.0,0.55605537
0.0,0.21564737
0.0,0.84849644
1.0,0.69720685
0.0,0.47895885
0.0,0.29580128
0.0,0.37140244
0.0,0.7673483
0.0,0.61878157
0.0,0.44049594
0.0,0.26807788
1.0,0.6249311
0.0,0.396147
1.0,0.700297
0.0,0.23678091
0.0,0.46194184
0.0,0.47036678
0.0,0.28194374
0.0,0.6236412
1.0,0.5632217
1.0,0.6935914
0.0,0.63056946
1.0,0.66408366
0.0,0.31298468
0.0,0.59902954
0.0,0.46275753
0.0,0.74077916
0.0,0.3321855
0.0,0.3124945
1.0,0.57244813
0.0,0.3147139
1.0,0.7708055
0.0,0.32766858
1.0,0.5147823
0.0,0.6062343
1.0,0.31297365
1.0,0.3689853
1.0,0.7621633
0.0,0.33726695
0.0,0.5400239
1.0,0.80884814
0.0,0.376452
0.0,0.3768334
1.0,0.5153507
1.0,0.7434563
0.0,0.40002924
1.0,0.75426316
1.0,0.86760855
0.0,0.6449032
0.0,0.36814824
0.0,0.44018131
0.0,0.35916734
0.0,0.3380988
0.0,0.5365963
1.0,0.82542235
0.0,0.5055403
1.0,0.6990064
1.0,0.3926409
0.0,0.33846843
0.0,0.4461116
0.0,0.5563285
1.0,0.8513348
1.0,0.7900969
1.0,0.5388618
0.0,0.5574608
1.0,0.79307854
1.0,0.6464982
0.0,0.22371301
0.0,0.41996515
0.0,0.7330659
0.0,0.6908556
1.0,0.8081181
0.0,0.34872836
1.0,0.6200004
0.0,0.515098
0.0,0.3835056
0.0,0.5554411
0.0,0.35155892
0.0,0.31352776
0.0,0.3963216
0.0,0.31056374
0.0,0.38512474
0.0,0.4015941
0.0,0.43675834
0.0,0.37126398
0.0,0.32476425
0.0,0.6128252
0.0,0.33915532
1.0,0.5863272
0.0,0.6238151
1.0,0.74451435
0.0,0.31908938
0.0,0.3190108
0.0,0.37522954
0.0,0.68620807
0.0,0.5459811
0.0,0.4375094
0.0,0.4878299
0.0,0.21086866
0.0,0.28646022
0.0,0.31593686
0.0,0.63014376
1.0,0.7546577
0.0,0.2906107
0.0,0.34923768
0.0,0.46805742
0.0,0.3906793
1.0,0.7160284
0.0,0.76848185
1.0,0.6039971
0.0,0.31860894
0.0,0.39961156
1.0,0.8676219
0.0,0.7777116
1.0,0.5824212
1.0,0.67186725
1.0,0.6094927
1.0,0.6915914
0.0,0.2658378
1.0,0.5236282
0.0,0.24277768
0.0,0.37809515
0.0,0.4924346
1.0,0.8423891
0.0,0.34828943
0.0,0.30309984
1.0,0.68944734
1.0,0.9179986
0.0,0.429497
0.0,0.31125116
1.0,0.61892855
0.0,0.46192625
1.0,0.74427533
0.0,0.49897036
0.0,0.4922122
1.0,0.71957016
0.0,0.6937886
0.0,0.19722405
1.0,0.5132838
0.0,0.3104652
1.0,0.88157785
0.0,0.32606626
1.0,0.5076143
1.0,0.5792093
1.0,0.7229879
1.0,0.81300116
0.0,0.6736024
0.0,0.4475325
1.0,0.5809878
0.0,0.22999638
0.0,0.56226796
1.0,0.69200337
1.0,0.53555506
1.0,0.7450583
0.0,0.30717784
1.0,0.75113606
1.0,0.6800365
0.0,0.44303188
1.0,0.81806576
0.0,0.41507176
1.0,0.61193216
1.0,0.7772428
0.0,0.6625299
0.0,0.5093813
1.0,0.70001614
0.0,0.36018878
1.0,0.7344254
0.0,0.66787875
0.0,0.29851133
0.0,0.5905858
1.0,0.8864961
0.0,0.38698873
0.0,0.29418176
0.0,0.6160982
1.0,0.5220354
0.0,0.39902043
0.0,0.30480644
0.0,0.41216657
0.0,0.80352795
1.0,0.6849197
1.0,0.83814293
0.0,0.43394503
0.0,0.77333915
0.0,0.570377
0.0,0.64797664
0.0,0.31464547
1.0,0.7908758
0.0,0.3066523
1.0,0.77134144
0.0,0.5993899
0.0,0.3873728
1.0,0.645987
0.0,0.3599335
0.0,0.5458429
0.0,0.33379963
0.0,0.32899043
0.0,0.3103674
0.0,0.3216325
0.0,0.26729944
0.0,0.4487394
1.0,0.7547431
1.0,0.89449394
0.0,0.28100336
0.0,0.395665
1.0,0.83957267
0.0,0.39945027
1.0,0.7043205
0.0,0.48308605
0.0,0.3180146
1.0,0.73212254
0.0,0.4764596
1.0,0.6564575
0.0,0.44396177
1.0,0.5170593
0.0,0.3523336
0.0,0.42601842
0.0,0.57796764
1.0,0.8179312
0.0,0.23062289
0.0,0.46885532
0.0,0.30403203
0.0,0.76094395
1.0,0.4265775
0.0,0.3118813
0.0,0.22046158
1.0,0.86799365
1.0,0.47428304
0.0,0.6071356
1.0,0.5522554
0.0,0.32811135
0.0,0.52611524
1.0,0.73885524
1.0,0.8645342
0.0,0.3608806
1.0,0.8256413
1.0,0.7963629
0.0,0.40397662
0.0,0.43464422
0.0,0.3828844
1.0,0.40083164
0.0,0.25549322
0.0,0.30646372
0.0,0.36594072
1.0,0.8686975
1.0,0.6987748
0.0,0.37317297
1.0,0.6696197
1.0,0.28332734
0.0,0.38924456
1.0,0.74650735
0.0,0.45085582
1.0,0.6730194
0.0,0.51880336
1.0,0.68463886
0.0,0.30810553
0.0,0.3342677
1.0,0.7755884
0.0,0.33249938
1.0,0.7390039
0.0,0.43332666
0.0,0.39606932
0.0,0.39538208
1.0,0.6494503
0.0,0.5399947
1.0,0.5442587
0.0,0.32598117
1.0,0.73769903
1.0,0.6594915
0.0,0.28055212
1.0,0.72431827
1.0,0.6462455
1.0,0.64069486
1.0,0.6928236
0.0,0.56498724
0.0,0.36881813
0.0,0.65576684
1.0,0.77722627
1.0,0.384885
0.0,0.3375265
0.0,0.35496402
0.0,0.23544687
1.0,0.71492666
0.0,0.7171662
1.0,0.30233738
1.0,0.8801803
0.0,0.46896324
0.0,0.40452573
1.0,0.7606529
0.0,0.6874468
1.0,0.67626065
0.0,0.10165498
0.0,0.32659075
0.0,0.31947532
1.0,0.61241174
0.0,0.5124996
1.0,0.8793962
0.0,0.3354169
1.0,0.457723
0.0,0.5537729
0.0,0.49223745
1.0,0.61864173
1.0,0.6231846
1.0,0.729911
1.0,0.6303965
0.0,0.41381764
0.0,0.4226899
0.0,0.6635686
0.0,0.3171808
1.0,0.60637414
1.0,0.6549449
0.0,0.3076992
0.0,0.3142016
0.0,0.3567328
1.0,0.83274925
0.0,0.27803582
0.0,0.37174836
0.0,0.3782283
0.0,0.69679517
0.0,0.3495077
0.0,0.59709346
1.0,0.59135365
0.0,0.6589242
1.0,0.49569923
0.0,0.45360813
0.0,0.61363137
1.0,0.62661695
1.0,0.68355906
1.0,0.71429294
0.0,0.34772113
0.0,0.4073579
1.0,0.58666086
0.0,0.32010204
0.0,0.30049247
0.0,0.48024324
1.0,0.7261319
0.0,0.41284525
0.0,0.39887348
1.0,0.77625144
0.0,0.49130055
1.0,0.890997
1.0,0.73780966
1.0,0.7408339
0.0,0.33716702
1.0,0.7571975
1.0,0.5606319
0.0,0.43194187
1.0,0.49274695
0.0,0.38772336
0.0,0.46572238
0.0,0.46628964
0.0,0.27147657
1.0,0.6946658
1.0,0.734547
1.0,0.8864125
1.0,0.8064672
1.0,0.77728224
0.0,0.98466074
0.0,0.6860145
1.0,0.8399761
0.0,0.36850655
1.0,0.68674344
1.0,0.8975004
0.0,0.37945944
1.0,0.61303097
1.0,0.5908138
0.0,0.5251664
0.0,0.373711
0.0,0.24495721
0.0,0.3390339
1.0,0.619108
1.0,0.8309897
0.0,0.336924
0.0,0.30184656
1.0,0.2584391
1.0,0.56000775
1.0,0.4880671
0.0,0.31021
1.0,0.7627268
1.0,0.635734
0.0,0.28780097
0.0,0.40465644
1.0,0.5468309
1.0,0.8565749
0.0,0.50019294
1.0,0.62234163
0.0,0.34946895
0.0,0.4807704
1.0,0.76836234
0.0,0.52221084
1.0,0.85014045
0.0,0.6300875
0.0,0.39721245
0.0,0.4409269
1.0,0.7210837
1.0,0.6829555
0.0,0.20219433
0.0,0.24163264
1.0,0.6168073
0.0,0.32378542
1.0,0.82378316
1.0,0.6892415
1.0,0.73369926
0.0,0.30725622
0.0,0.7038344
0.0,0.4992483
0.0,0.2998335
0.0,0.3129677
1.0,0.9049927
0.0,0.74126434
0.0,0.3518871
1.0,0.7020393
0.0,0.3198191
1.0,0.36890307
1.0,0.6029088
0.0,0.36371976
0.0,0.4512583
0.0,0.83695924
0.0,0.2897966
0.0,0.2656844
0.0,0.23217723
0.0,0.3272775
0.0,0.7293325
1.0,0.50682634
1.0,0.80933225
0.0,0.7743426
0.0,0.64890355
0.0,0.37958267
0.0,0.44923398
0.0,0.30426544
1.0,0.5046214
0.0,0.3599146
0.0,0.16488528
1.0,0.9167155
1.0,0.47584358
0.0,0.3368206
0.0,0.79203784
0.0,0.26333213
0.0,0.42901087
0.0,0.2798121
0.0,0.40732384
1.0,0.7579526
1.0,0.79935116
1.0,0.7299191
0.0,0.30081293
1.0,0.72970426
1.0,0.7820611
0.0,0.5149674
0.0,0.28198302
1.0,0.5426259
1.0,0.43937272
1.0,0.50250375
1.0,0.7693673
1.0,0.6586219
0.0,0.4500106
0.0,0.47566655
1.0,0.4404535
0.0,0.28508
1.0,0.93790925
0.0,0.2877848
1.0,0.503778
0.0,0.3421383
0.0,0.6993434
0.0,0.33873326
0.0,0.39715514
0.0,0.5473669
0.0,0.29346842
0.0,0.32336575
0.0,0.28836867
0.0,0.6640616
0.0,0.32947052
0.0,0.26334172
1.0,0.7767318
1.0,0.54039896
1.0,0.77598333
0.0,0.7581173
0.0,0.45428002
0.0,0.39478648
0.0,0.4087656
1.0,0.66887176
1.0,0.42899197
1.0,0.7232136
1.0,0.8888824
0.0,0.73774713
0.0,0.4343717
0.0,0.25053012
1.0,0.6268408
0.0,0.34877473
1.0,0.26955467
1.0,0.76279914
0.0,0.43111262
0.0,0.30966097
0.0,0.41723305
0.0,0.53963757
1.0,0.66776574
1.0,0.70955986
0.0,0.35590243
1.0,0.6266074
1.0,0.5408145
0.0,0.48325142
0.0,0.43761307
1.0,0.76250577
0.0,0.2752977
0.0,0.19974545
0.0,0.31707162
0.0,0.5174762
0.0,0.29942012
1.0,0.5102175
0.0,0.36329818
0.0,0.67013204
1.0,0.83999425
1.0,0.7633009
0.0,0.7016424
0.0,0.59258765
1.0,0.44762418
0.0,0.45467865
0.0,0.23366693
1.0,0.6195127
0.0,0.48869193
0.0,0.3809759
0.0,0.37090433
1.0,0.7713028
0.0,0.3524581
1.0,0.67498356
1.0,0.6592355
1.0,0.8972683
0.0,0.33345628
1.0,0.76247764
0.0,0.30621654
1.0,0.75950575
0.0,0.51257473
1.0,0.697389
0.0,0.37351567
0.0,0.30575702
1.0,0.7423911
0.0,0.31714767
0.0,0.31951365
1.0,0.62054974
1.0,0.81052744
1.0,0.535913
1.0,0.64043736
1.0,0.70750684
1.0,0.6342099
1.0,0.7245958
0.0,0.30438626
1.0,0.6715271
1.0,0.8691329
0.0,0.30748123
0.0,0.3045473
0.0,0.30769843
1.0,0.52764523
0.0,0.3543936
0.0,0.4667976
0.0,0.5948586
1.0,0.74210453
0.0,0.28749365
0.0,0.48188728
1.0,0.4682598
1.0,0.81439734
1.0,0.8524684
1.0,0.3746217
0.0,0.8348733
0.0,0.36819112
0.0,0.30709568
0.0,0.31296188
0.0,0.26272926
0.0,0.38035452
0.0,0.36910546
1.0,0.44918302
1.0,0.7300172
0.0,0.4048162
1.0,0.6930742
0.0,0.3610122
0.0,0.33299935
1.0,0.8707224
0.0,0.2788769
0.0,0.81203425
0.0,0.23403224
0.0,0.7336277
0.0,0.33756292
0.0,0.33726522
0.0,0.8050275
1.0,0.8166752
0.0,0.4523825
0.0,0.6157011
1.0,0.6597305
0.0,0.3624045
1.0,0.65346944
0.0,0.37054616
0.0,0.30853015
0.0,0.35708672
0.0,0.54853815
0.0,0.3162061
0.0,0.29507887
0.0,0.34842384
0.0,0.40485126
0.0,0.49259236
1.0,0.55972576
0.0,0.5088175
1.0,0.7516979
0.0,0.5715732
1.0,0.2778872
0.0,0.5277979
0.0,0.27981505
0.0,0.3804704
1.0,0.7611642
1.0,0.3932066
1.0,0.46230635
0.0,0.38642043
0.0,0.4170509
1.0,0.84013104
0.0,0.39672178
0.0,0.4747053
1.0,0.7009173
0.0,0.31779778
1.0,0.8130413
1.0,0.60453326
0.0,0.38194972
1.0,0.5146597
0.0,0.87839365
1.0,0.6875952
0.0,0.46467903
1.0,0.90800273
0.0,0.3449542
0.0,0.7670872
0.0,0.3919971
0.0,0.49292445
0.0,0.23984906
0.0,0.42701474
0.0,0.46825647
1.0,0.7306018
0.0,0.34487438
0.0,0.24535713
0.0,0.3081521
0.0,0.55429506
0.0,0.43165746
1.0,0.67000663
0.0,0.72523177
0.0,0.35225737
1.0,0.5814306
0.0,0.5197934
1.0,0.85024965
0.0,0.8454192
1.0,0.6516717
1.0,0.669086
0.0,0.23776993
1.0,0.88141555
0.0,0.6717539
0.0,0.34349585
0.0,0.3722427
0.0,0.39068192
1.0,0.55344343
1.0,0.8323506
0.0,0.43566632
0.0,0.44537422
1.0,0.8109662
0.0,0.6026414
1.0,0.52993137
1.0,0.44595498
1.0,0.61626357
0.0,0.46345425
1.0,0.52875435
0.0,0.42923626
1.0,0.7693603
1.0,0.43766028
0.0,0.5019668
0.0,0.6287092
0.0,0.32789093
0.0,0.5368217
1.0,0.8081133
1.0,0.7417593
1.0,0.75496143
0.0,0.2861096
0.0,0.28953868
1.0,0.9038455
0.0,0.6555931
0.0,0.16784209
0.0,0.41737798
1.0,0.5707492
0.0,0.57523745
0.0,0.3534649
0.0,0.06544015
0.0,0.6031641
1.0,0.647668
1.0,0.64215493
0.0,0.51355237
0.0,0.4025989
0.0,0.3643875
1.0,0.90676737
0.0,0.57323873
0.0,0.6960611
1.0,0.7503004
0.0,0.31783032
0.0,0.6172034
1.0,0.7778816
0.0,0.39860705
1.0,0.5403512
1.0,0.4185721
0.0,0.28580564
0.0,0.35175
0.0,0.14847606
0.0,0.28515756
1.0,0.80040073
1.0,0.9400759
1.0,0.8561586
1.0,0.55874026
0.0,0.69415563
0.0,0.4686269
1.0,0.81483084
1.0,0.7719533
0.0,0.43072343
0.0,0.3297194
1.0,0.54267377
0.0,0.3000781
1.0,0.79093844
0.0,0.3079489
0.0,0.43390325
1.0,0.73848736
0.0,0.4421681
0.0,0.26871592
0.0,0.3712249
0.0,0.43661097
0.0,0.55062866
1.0,0.32740662
0.0,0.3382125
1.0,0.82217634
0.0,0.173206
1.0,0.69646883
0.0,0.537834
1.0,0.6746623
1.0,0.778934
1.0,0.9406343
0.0,0.6924523
0.0,0.28892216
1.0,0.4742959
0.0,0.3631487
0.0,0.41647285
1.0,0.78325105
1.0,0.51844925
0.0,0.47942978
1.0,0.78256655
1.0,0.79180706
0.0,0.7373036
0.0,0.36577564
0.0,0.5853905
0.0,0.32205284
0.0,0.21228868
0.0,0.6850482
1.0,0.8659861
1.0,0.8256737
1.0,0.8217722
0.0,0.1744231
0.0,0.29879093
0.0,0.34852368
0.0,0.42732465
0.0,0.44741595
0.0,0.4546095
1.0,0.6545365
1.0,0.7238539
1.0,0.63487375
0.0,0.42055213
0.0,0.9219441
1.0,0.78611493
0.0,0.70587766
0.0,0.7694768
1.0,0.77082634
0.0,0.6572293
0.0,0.62011737
1.0,0.6649957
0.0,0.3639568
1.0,0.54228985
1.0,0.5849779
0.0,0.58705217
0.0,0.34762073
1.0,0.90462166
0.0,0.28746974
0.0,0.51576865
1.0,0.5209726
1.0,0.6580661
1.0,0.67828774
1.0,0.7304027
0.0,0.81646633
0.0,0.3800797
0.0,0.30730072
1.0,0.49535367
0.0,0.8640757
1.0,0.7844429
0.0,0.54544216
1.0,0.59636664
1.0,0.510072
0.0,0.5200358
0.0,0.43182153
0.0,0.20540607
0.0,0.60563254
0.0,0.41216317
0.0,0.36961108
1.0,0.53508747
1.0,0.5415047
0.0,0.5290788
1.0,0.68204635
1.0,0.44700712
0.0,0.17338514
0.0,0.53505236
1.0,0.5488451
1.0,0.44387382
0.0,0.32526022
0.0,0.4006414
0.0,0.33383018
0.0,0.3962868
1.0,0.7237431
1.0,0.7226366
0.0,0.40092343
0.0,0.2670113
0.0,0.38269377
0.0,0.47469792
0.0,0.28273004
0.0,0.38766846
0.0,0.71184576
0.0,0.7584128
0.0,0.4006284
0.0,0.37961927
0.0,0.51227057
1.0,0.9109105
1.0,0.7186735
0.0,0.20801824
0.0,0.40278524
0.0,0.15465477
0.0,0.34147412
0.0,0.567171
0.0,0.42786026
0.0,0.2979998
0.0,0.72714347
1.0,0.8565099
1.0,0.8583712
1.0,0.76824224
1.0,0.75166976
1.0,0.881027
0.0,0.64729583
0.0,0.36674732
0.0,0.39171934
0.0,0.43954116
1.0,0.63755083
0.0,0.3772742
1.0,0.79330385
0.0,0.30282992
0.0,0.7632227
0.0,0.6910068
0.0,0.39503187
0.0,0.38307706
0.0,0.6295881
0.0,0.42978442
0.0,0.32071596
1.0,0.7139103
1.0,0.6463956
0.0,0.4427542
0.0,0.56634045
0.0,0.33930826
0.0,0.33994418
1.0,0.77906847
0.0,0.31951138
1.0,0.4262367
0.0,0.38545892
1.0,0.58224046
0.0,0.34642944
0.0,0.42879802
1.0,0.73724246
0.0,0.28602692
1.0,0.7747304
0.0,0.38906556
0.0,0.6359874
0.0,0.42621884
0.0,0.30083618
0.0,0.31846458
1.0,0.65748286
1.0,0.80159307
0.0,0.46054196
0.0,0.3751037
0.0,0.31893018
0.0,0.53720933
1.0,0.58090264
0.0,0.5901976
1.0,0.41004637
1.0,0.696036
0.0,0.686106
0.0,0.36381635
0.0,0.3960011
0.0,0.36635315
0.0,0.40161836
0.0,0.3113251
0.0,0.3154307
0.0,0.5580127
0.0,0.46309805
1.0,0.73216665
0.0,0.87166375
0.0,0.31518218
1.0,0.75172055
0.0,0.3451691
0.0,0.49394643
0.0,0.30934665
0.0,0.34780926
1.0,0.39199802
1.0,0.71935797
1.0,0.74789906
0.0,0.36753047
0.0,0.32426536
0.0,0.34646958
0.0,0.7093233
0.0,0.5541497
0.0,0.65586376
1.0,0.85554487
1.0,0.8172221
1.0,0.7536214
0.0,0.37695345
1.0,0.85241294
1.0,0.6141634
0.0,0.3736
1.0,0.689316
0.0,0.323435
0.0,0.35819244
0.0,0.20086965
1.0,0.7855377
1.0,0.66008836
1.0,0.8680731
0.0,0.7606753
0.0,0.5563487
0.0,0.33147335
1.0,0.86899424
1.0,0.8233006
1.0,0.73089707
1.0,0.60093534
0.0,0.33086878
0.0,0.32457948
0.0,0.34951204
0.0,0.53201497
1.0,0.7168599
0.0,0.35774085
0.0,0.38389254
0.0,0.55845696
1.0,0.5218757
0.0,0.56198376
0.0,0.29078096
0.0,0.31528184
0.0,0.7245394
0.0,0.35893583
0.0,0.49818882
0.0,0.31861806
0.0,0.5154997
0.0,0.30681247
1.0,0.880507
1.0,0.48100424
0.0,0.641034
0.0,0.75871396
0.0,0.4072932
1.0,0.75752246
0.0,0.33983648
0.0,0.29413402
0.0,0.55323267
0.0,0.23327878
1.0,0.6123032
0.0,0.31285688
0.0,0.39235604
1.0,0.64871913
1.0,0.59007144
1.0,0.7896719
0.0,0.28509226
0.0,0.6237447
1.0,0.7907181
1.0,0.8665325
1.0,0.82441837
0.0,0.63762
0.0,0.3993701
0.0,0.33389723
1.0,0.43007123
1.0,0.82570755
0.0,0.31804788
0.0,0.7218604
1.0,0.7927732
1.0,0.77238643
0.0,0.3651284
1.0,0.7496911
1.0,0.5931044
0.0,0.3172077
1.0,0.49879947
0.0,0.3621637
0.0,0.35771903
0.0,0.5678464
0.0,0.36472267
1.0,0.67330605
0.0,0.4305056
1.0,0.71183395
1.0,0.6950914
1.0,0.5985894
0.0,0.30876198
0.0,0.7048933
1.0,0.6101803
0.0,0.3146369
1.0,0.4874243
1.0,0.68952227
0.0,0.70104915
0.0,0.49677306
1.0,0.47789446
1.0,0.88930583
0.0,0.309492
1.0,0.6430694
1.0,0.6506369
1.0,0.7693219
1.0,0.74815816
1.0,0.720562
1.0,0.6879655
0.0,0.3803382
0.0,0.4879886
0.0,0.39646262
1.0,0.8440439
1.0,0.81200564
0.0,0.4374407
0.0,0.42968458
1.0,0.62052023
0.0,0.31861168
1.0,0.8451152
0.0,0.61722183
1.0,0.9649924
1.0,0.70660406
0.0,0.48311207
1.0,0.552207
0.0,0.48788637
1.0,0.89080596
1.0,0.80241466
1.0,0.46105245
0.0,0.5319109
0.0,0.41499943
1.0,0.80689925
0.0,0.40123695
1.0,0.7668902
0.0,0.380068
0.0,0.55460745
0.0,0.26404512
0.0,0.43943426
0.0,0.3478372
0.0,0.48096204
0.0,0.5298023
1.0,0.64917046
1.0,0.5580431
0.0,0.3394708
1.0,0.9019692
1.0,0.5945282
0.0,0.6372955
0.0,0.6814827
0.0,0.4373067
0.0,0.36625782
0.0,0.273153
0.0,0.37792596
1.0,0.5290072
1.0,0.87414795
0.0,0.3218169
0.0,0.35208502
0.0,0.50167143
0.0,0.6001228
0.0,0.60357255
1.0,0.8759825
0.0,0.42402095
0.0,0.32781458
1.0,0.7089864
1.0,0.7349057
0.0,0.31494492
0.0,0.47625428
0.0,0.3170417
1.0,0.73794085
1.0,0.7622384
0.0,0.36324137
0.0,0.38893813
0.0,0.32648593
0.0,0.4544986
0.0,0.2703889
1.0,0.7503861
1.0,0.6933958
1.0,0.50241375
0.0,0.22815418
1.0,0.46912974
0.0,0.6340465
1.0,0.89066756
1.0,0.7047992
0.0,0.34041643
0.0,0.24351308
0.0,0.25063217
0.0,0.3006596
0.0,0.67898977
1.0,0.8738845
0.0,0.72701925
0.0,0.6775378
0.0,0.43287176
0.0,0.2405276
0.0,0.46593755
0.0,0.38889846
0.0,0.38089043
1.0,0.5299624
1.0,0.82518166
0.0,0.26971495
0.0,0.72037244
0.0,0.51245385
0.0,0.27391607
1.0,0.8122458
0.0,0.3571844
0.0,0.404266
1.0,0.6763347
0.0,0.702774
0.0,0.29457834
0.0,0.25483006
0.0,0.3475008
1.0,0.76587653
1.0,0.8464155
0.0,0.34281078
1.0,0.4749491
1.0,0.86245227
1.0,0.7881719
0.0,0.42223927
0.0,0.2921648
1.0,0.61982656
1.0,0.8798119
0.0,0.3206718
1.0,0.87356216
0.0,0.26691228
1.0,0.7443267
1.0,0.76301086
1.0,0.7022625
0.0,0.38544768
1.0,0.5033856
1.0,0.62659633
0.0,0.39381582
0.0,0.20935208
0.0,0.87467974
0.0,0.48653018
0.0,0.32702333
0.0,0.2509123
1.0,0.8885234
0.0,0.61929286
0.0,0.41237673
0.0,0.612803
0.0,0.36065924
0.0,0.36039734
0.0,0.38472053
1.0,0.6325919
0.0,0.37887594
0.0,0.42272502
0.0,0.48894304
1.0,0.6847862
1.0,0.6766379
1.0,0.6787026
1.0,0.7982068
0.0,0.3393197
0.0,0.42457944
0.0,0.46149135
0.0,0.52930754
0.0,0.7166377
0.0,0.411833
1.0,0.76814055
0.0,0.6155362
1.0,0.40197968
1.0,0.4722208
1.0,0.82403827
0.0,0.36438295
0.0,0.2664382
0.0,0.27441072
0.0,0.34854087
1.0,0.73895466
1.0,0.6897609
1.0,0.6605889
1.0,0.6929877
1.0,0.7857802
0.0,0.35161597
0.0,0.46927685
0.0,0.5036033
0.0,0.3122257
1.0,0.84255993
0.0,0.34741467
0.0,0.4878835
1.0,0.7543155
1.0,0.5271531
0.0,0.34962308
0.0,0.594242
0.0,0.57680684
0.0,0.5449567
1.0,0.6819904
0.0,0.86863625
0.0,0.48376825
1.0,0.8630145
0.0,0.3945445
1.0,0.83309317
1.0,0.7392884
0.0,0.27431607
0.0,0.52716553
0.0,0.4032746
0.0,0.4340423
1.0,0.79146945
0.0,0.4408764
0.0,0.41456056
0.0,0.69846827
0.0,0.37522015
1.0,0.7617898
1.0,0.4871838
1.0,0.6553099
1.0,0.7144239
0.0,0.4061732
0.0,0.36320418
1.0,0.67486525
0.0,0.17251804
1.0,0.5237947
0.0,0.3198219
1.0,0.53675735
1.0,0.8861522
0.0,0.5800133
0.0,0.47379124
0.0,0.70416456
0.0,0.27835703
0.0,0.38765985
0.0,0.30169553
1.0,0.72942734
0.0,0.2805786
0.0,0.49753425
0.0,0.40178782
0.0,0.46553582
0.0,0.37442863
0.0,0.24706319
0.0,0.43924308
0.0,0.2715561
0.0,0.31693876
0.0,0.39766663
0.0,0.34158593
0.0,0.3133035
1.0,0.45611358
0.0,0.55817425
1.0,0.7184156
0.0,0.29375196
0.0,0.26410866
1.0,0.6537783
0.0,0.35617572
1.0,0.75807965
0.0,0.5377439
1.0,0.88017505
0.0,0.677674
0.0,0.5269176
1.0,0.8023863
1.0,0.6582111
0.0,0.30159974
0.0,0.40662432
0.0,0.09129593
0.0,0.30593407
0.0,0.2845837
0.0,0.6727977
1.0,0.79822487
1.0,0.7670662
0.0,0.49041334
0.0,0.4261014
1.0,0.6203159
1.0,0.567871
1.0,0.5750391
0.0,0.30690977
1.0,0.47152427
0.0,0.5294988
1.0,0.49432394
0.0,0.31094217
1.0,0.5525053
0.0,0.31682402
0.0,0.5270597
0.0,0.44233578
0.0,0.697062
1.0,0.71339583
0.0,0.41464892
0.0,0.46990553
1.0,0.7965467
0.0,0.1545659
0.0,0.6785761
0.0,0.68955827
1.0,0.78217363
0.0,0.5927834
0.0,0.3494813
0.0,0.88495433
1.0,0.75314385
0.0,0.3044544
0.0,0.1480594
0.0,0.31186557
1.0,0.6375474
0.0,0.32661915
1.0,0.82997996
0.0,0.61407334
1.0,0.68885976
1.0,0.8966664
0.0,0.75086564
1.0,0.83816636
1.0,0.82150686
0.0,0.2844293
0.0,0.7533797
0.0,0.5045282
1.0,0.873724
0.0,0.4401243
1.0,0.73756975
1.0,0.39286783
0.0,0.30661857
1.0,0.77168894
0.0,0.42878285
1.0,0.6566223
0.0,0.77426344
1.0,0.67603445
0.0,0.57330906
1.0,0.25044894
0.0,0.37469047
0.0,0.33264118
0.0,0.26084578
0.0,0.33645278
0.0,0.32019413
0.0,0.3384878
0.0,0.17809212
0.0,0.42709914
0.0,0.33059096
0.0,0.5174255
0.0,0.75052786
0.0,0.3407392
1.0,0.6375835
1.0,0.95178163
0.0,0.52179337
1.0,0.44435024
0.0,0.33228904
0.0,0.9210856
0.0,0.71475697
0.0,0.4173614
0.0,0.32354093
0.0,0.36519617
1.0,0.6766951
0.0,0.27904487
0.0,0.35492587
1.0,0.3518753
0.0,0.28500256
1.0,0.613959
0.0,0.318515
0.0,0.40449172
1.0,0.59101737
0.0,0.34753925
1.0,0.62916833
0.0,0.31154162
0.0,0.22808653
0.0,0.30000854
1.0,0.82013106
0.0,0.36054805
1.0,0.77585465
1.0,0.62967825
0.0,0.81343484
0.0,0.31991452
1.0,0.30458665
0.0,0.4563376
0.0,0.50552887
0.0,0.56882644
0.0,0.3354499
0.0,0.60366404
0.0,0.75115854
1.0,0.4488455
0.0,0.36061448
1.0,0.7756033
0.0,0.28561664
0.0,0.29174423
0.0,0.29842293
1.0,0.7393917
1.0,0.82687277
0.0,0.7653439
0.0,0.5369109
0.0,0.2958469
0.0,0.4368893
0.0,0.35587162
0.0,0.28460258
0.0,0.2618501
1.0,0.5189518
1.0,0.718856
0.0,0.40725076
0.0,0.8557513
1.0,0.74798584
0.0,0.27375937
1.0,0.76271176
0.0,0.30973393
0.0,0.33836296
1.0,0.76386094
0.0,0.68205124
1.0,0.66062075
1.0,0.6950506
1.0,0.76033473
0.0,0.48439732
0.0,0.33501035
0.0,0.6545634
1.0,0.74245703
0.0,0.52902025
1.0,0.8013815
0.0,0.3924683
0.0,0.29572138
0.0,0.63010323
1.0,0.80867994
0.0,0.33849663
0.0,0.40722322
0.0,0.6643836
1.0,0.25681505
1.0,0.852823
0.0,0.33057946
0.0,0.25904423
1.0,0.76320577
1.0,0.7156545
1.0,0.6271541
1.0,0.5452954
0.0,0.31928357
1.0,0.6968593
0.0,0.4283035
0.0,0.50043714
0.0,0.3240361
1.0,0.7100422
0.0,0.44218308
0.0,0.34482872
0.0,0.26441288
1.0,0.6264082
0.0,0.5167028
1.0,0.77364933
1.0,0.77935266
0.0,0.33427963
1.0,0.81504774
0.0,0.35923538
1.0,0.45524913
0.0,0.605652
0.0,0.34409356
0.0,0.37634695
0.0,0.45004544
1.0,0.7244168
0.0,0.39497566
0.0,0.4686236
0.0,0.5561966
1.0,0.8777958
1.0,0.65113944
0.0,0.3483914
1.0,0.8183887
1.0,0.86198294
1.0,0.92902267
1.0,0.5247279
0.0,0.59485084
1.0,0.7784662
0.0,0.42785734
0.0,0.39731753
1.0,0.53489923
0.0,0.38959292
0.0,0.41320762
0.0,0.56418127
1.0,0.5069752
0.0,0.51639104
0.0,0.45217267
1.0,0.708828
0.0,0.37279552
1.0,0.79514074
0.0,0.35360026
0.0,0.579072
1.0,0.6330274
1.0,0.71812165
0.0,0.29767895
1.0,0.6947116
1.0,0.7492761
0.0,0.57663035
0.0,0.63283455
1.0,0.5702052
0.0,0.5462628
1.0,0.85913384
0.0,0.41363168
0.0,0.3565296
1.0,0.48648506
1.0,0.6510948
0.0,0.3408063
1.0,0.6072548
0.0,0.37948257
0.0,0.38004407
1.0,0.87526274
0.0,0.4044292
0.0,0.50773877
0.0,0.4744078
1.0,0.7195816
0.0,0.30337965
0.0,0.28181463
1.0,0.6479451
1.0,0.6775784
0.0,0.37614733
0.0,0.5077378
0.0,0.27593958
1.0,0.5570267
0.0,0.5040379
0.0,0.46798036
0.0,0.43202746
0.0,0.40057135
0.0,0.31785393
1.0,0.42693868
0.0,0.4710351
0.0,0.33626997
0.0,0.40271094
1.0,0.7857206
1.0,0.8143918
1.0,0.6576363
0.0,0.5221875
0.0,0.29703283
0.0,0.88656545
1.0,0.89288867
0.0,0.44811353
1.0,0.81634593
0.0,0.34395695
1.0,0.76801014
0.0,0.4191913
1.0,0.79170215
0.0,0.73746073
1.0,0.58062524
0.0,0.3877406
0.0,0.40249327
1.0,0.63285255
1.0,0.80188876
1.0,0.6877546
0.0,0.4748595
1.0,0.7315724
1.0,0.6731525
1.0,0.46303493
0.0,0.2206195
1.0,0.46557337
0.0,0.2844012
0.0,0.6825253
1.0,0.6568969
0.0,0.4890488
0.0,0.38193774
0.0,0.29407442
0.0,0.4138593
0.0,0.5022724
1.0,0.82293814
1.0,0.7284334
0.0,0.50984216
0.0,0.69792235
0.0,0.3674453
1.0,0.9292684
0.0,0.5827239
0.0,0.366984
0.0,0.33230644
0.0,0.28794608
0.0,0.4065019
0.0,0.70894176
1.0,0.84364086
1.0,0.91424054
1.0,0.3897504
0.0,0.5556803
0.0,0.31739438
0.0,0.30140758
0.0,0.30222777
0.0,0.48594183
1.0,0.8650118
0.0,0.30835652
0.0,0.50815934
1.0,0.7821952
0.0,0.3597593
1.0,0.3502813
1.0,0.7109617
0.0,0.7454688
0.0,0.30156788
0.0,0.5254415
1.0,0.6270896
0.0,0.54228926
0.0,0.35214728
1.0,0.7074113
1.0,0.9850334
0.0,0.2671172
0.0,0.28500313
0.0,0.5059431
0.0,0.29865682
0.0,0.6473757
1.0,0.5575076
1.0,0.84666127
0.0,0.34264657
0.0,0.33547902
0.0,0.55925524
0.0,0.34650984
1.0,0.8744041
0.0,0.27459842
1.0,0.80760086
0.0,0.32999656
1.0,0.8933811
0.0,0.2752541
1.0,0.87387854
1.0,0.7540684
0.0,0.41923794
0.0,0.44725612
0.0,0.27377307
0.0,0.45514262
1.0,0.834232
1.0,0.3220842
1.0,0.5328952
1.0,0.47364202
1.0,0.48041943
0.0,0.14627942
1.0,0.67642224
1.0,0.518479
0.0,0.41546375
0.0,0.31871927
0.0,0.35796696
1.0,0.7722086
1.0,0.9076184
0.0,0.5681586
0.0,0.35276303
1.0,0.7568666
0.0,0.36293373
0.0,0.33097506
1.0,0.81670237
0.0,0.6515846
0.0,0.39893198
1.0,0.6102908
1.0,0.6744396
0.0,0.30982533
0.0,0.31612295
0.0,0.52749383
1.0,0.744149
1.0,0.8638555
0.0,0.6529248
0.0,0.6705806
1.0,0.7635628
1.0,0.88667554
0.0,0.28205574
0.0,0.4437229
0.0,0.3674964
1.0,0.9128251
1.0,0.58830374
0.0,0.36219564
0.0,0.36674905
1.0,0.7554698
0.0,0.34917602
0.0,0.43964985
0.0,0.53572685
0.0,0.5368938
1.0,0.7600911
0.0,0.6507259
0.0,0.26182956
0.0,0.4757488
0.0,0.38629878
0.0,0.579658
1.0,0.7535189
1.0,0.77724266
0.0,0.44107026
1.0,0.91060483
0.0,0.41960108
1.0,0.83180356
1.0,0.21627897
1.0,0.7727715
0.0,0.30778354
0.0,0.7128739
0.0,0.32949662
1.0,0.8692796
0.0,0.2826946
1.0,0.7168587
0.0,0.4740113
0.0,0.3064292
1.0,0.5256865
1.0,0.9116733
0.0,0.35761404
1.0,0.69860464
0.0,0.3374949
1.0,0.55019015
0.0,0.32127136
1.0,0.5217274
1.0,0.48120722
0.0,0.5061563
0.0,0.34201223
0.0,0.43828243
0.0,0.3502248
0.0,0.33684045
0.0,0.67045456
0.0,0.39763078
0.0,0.3373667
0.0,0.859309
0.0,0.23205969
1.0,0.8003864
0.0,0.6484362
0.0,0.5465348
1.0,0.9291556
0.0,0.37448514
1.0,0.8700111
0.0,0.36260545
1.0,0.84037805
0.0,0.3002047
0.0,0.37838143
1.0,0.88092864
0.0,0.3811327
0.0,0.3115219
0.0,0.44627565
1.0,0.6900011
1.0,0.4893879
0.0,0.30686304
1.0,0.7914321
1.0,0.5019572
1.0,0.80266994
0.0,0.5552449
1.0,0.50066143
1.0,0.8062445
0.0,0.6312747
1.0,0.5193126
1.0,0.51584417
0.0,0.40063024
0.0,0.32650036
0.0,0.30457777
0.0,0.38242427
0.0,0.33122322
0.0,0.36882514
0.0,0.37003934
0.0,0.25371847
1.0,0.7673372
0.0,0.37024745
0.0,0.34790972
0.0,0.33629346
0.0,0.35783762
1.0,0.5674375
0.0,0.31390354
1.0,0.76543033
0.0,0.5863968
0.0,0.46616706
1.0,0.16291472
1.0,0.70533955
0.0,0.51367253
0.0,0.36027533
1.0,0.7948661
0.0,0.76752895
0.0,0.36910194
1.0,0.6646921
1.0,0.61018455
1.0,0.61858195
1.0,0.67752385
0.0,0.4343431
0.0,0.28222513
1.0,0.46370295
0.0,0.37493193
0.0,0.24678385
1.0,0.80481774
1.0,0.70455366
1.0,0.91509974
0.0,0.35062
1.0,0.3829131
1.0,0.75759816
1.0,0.6697147
0.0,0.3148104
0.0,0.3067516
1.0,0.4512127
0.0,0.33911946
0.0,0.6502984
0.0,0.36886287
1.0,0.890733
0.0,0.43467325
0.0,0.40315288
0.0,0.5569104
0.0,0.5766646
0.0,0.501622
0.0,0.29451346
0.0,0.6831465
1.0,0.8343694
0.0,0.341604
1.0,0.64281225
0.0,0.41230223
0.0,0.60329145
0.0,0.7155308
1.0,0.29095536
0.0,0.64400244
0.0,0.24844629
0.0,0.31872702
0.0,0.35287344
0.0,0.48325232
1.0,0.74156255
0.0,0.4643997
1.0,0.63962793
0.0,0.47414303
0.0,0.4849438
0.0,0.40622163
0.0,0.46703222
0.0,0.41191846
0.0,0.648701
0.0,0.55165935
0.0,0.38656065
1.0,0.7233331
0.0,0.31772363
1.0,0.4836766
1.0,0.5629968
0.0,0.3939533
0.0,0.37876314
1.0,0.7758823
0.0,0.460697
1.0,0.5920743
1.0,0.6330022
0.0,0.32771188
1.0,0.8895203
0.0,0.37003458
1.0,0.7996325
0.0,0.37475955
0.0,0.43425024
1.0,0.6252271
0.0,0.7077122
0.0,0.28785592
0.0,0.6273884
1.0,0.5850726
1.0,0.9988611
0.0,0.302463
0.0,0.33940935
1.0,0.57085353
0.0,0.53519404
1.0,0.64018756
0.0,0.48588738
1.0,0.6000573
0.0,0.6081282
0.0,0.42300725
0.0,0.76691115
0.0,0.35937655
0.0,0.40916327
1.0,0.36226177
0.0,0.5596172
1.0,0.7785664
0.0,0.26291275
1.0,0.5978498
0.0,0.31730482
0.0,0.30222946
0.0,0.34054852
0.0,0.39470682
0.0,0.32015085
0.0,0.38874733
0.0,0.52225816
0.0,0.49837723
1.0,0.7148974
0.0,0.3211363
0.0,0.40680104
1.0,0.6230033
1.0,0.9355719
0.0,0.40945268
0.0,0.38447133
1.0,0.65337646
0.0,0.47526136
1.0,0.24560282
1.0,0.7717477
1.0,0.57124585
1.0,0.66921407
0.0,0.36513364
0.0,0.2965464
1.0,0.7441523
0.0,0.36503237
1.0,0.83442587
1.0,0.6325671
1.0,0.8270023
0.0,0.5005677
0.0,0.29770535
0.0,0.40027738
0.0,0.44974014
1.0,0.7132967
1.0,0.7169507
0.0,0.47874203
0.0,0.3650937
0.0,0.42133498
0.0,0.5077159
1.0,0.40355724
1.0,0.7085414
1.0,0.46493644
0.0,0.5373701
1.0,0.49206853
1.0,0.90592587
1.0,0.6928055
1.0,0.8755092
0.0,0.64198524
0.0,0.5701869
0.0,0.5498147
0.0,0.3836298
1.0,0.7059429
1.0,0.8256668
1.0,0.72206634
1.0,0.71339995
0.0,0.29301196
0.0,0.32400078
0.0,0.3330568
0.0,0.4981583
1.0,0.7431206
0.0,0.27786916
0.0,0.2961563
0.0,0.4956189
0.0,0.34592408
1.0,0.6272587
1.0,0.86745733
1.0,0.8125024
0.0,0.41287974
0.0,0.6196878
1.0,0.7022759
1.0,0.8942472
0.0,0.36687332
1.0,0.69865775
0.0,0.57157016
1.0,0.8991144
1.0,0.8526878
1.0,0.6113137
0.0,0.38910177
0.0,0.4758293
1.0,0.8981691
0.0,0.46923357
0.0,0.5646829
1.0,0.8296913
0.0,0.371147
0.0,0.33345228
0.0,0.43986383
1.0,0.6281335
0.0,0.43704164
0.0,0.39948568
1.0,0.62896323
0.0,0.5180524
0.0,0.3623684
0.0,0.32911205
0.0,0.50501645
1.0,0.8320411
0.0,0.82766914
0.0,0.35559708
0.0,0.2684831
1.0,0.7999542
0.0,0.33267808
0.0,0.37777305
1.0,0.54942644
0.0,0.57692224
0.0,0.4412323
1.0,0.86561465
1.0,0.8116121
0.0,0.31483352
1.0,0.43673944
1.0,0.8582084
0.0,0.5120934
0.0,0.6461356
1.0,0.67816436
1.0,0.75898623
0.0,0.3485335
1.0,0.5361548
1.0,0.6064371
1.0,0.6785562
0.0,0.46724695
1.0,0.44630763
0.0,0.3213465
1.0,0.70286524
0.0,0.2919026
1.0,0.82627714
0.0,0.7312567
0.0,0.4005984
1.0,0.7360928
0.0,0.3544193
1.0,0.72419167
1.0,0.66555667
1.0,0.8250208
1.0,0.74588084
0.0,0.43408632
1.0,0.37867865
0.0,0.57629776
0.0,0.32497674
0.0,0.40096143
0.0,0.45637554
1.0,0.7576765
0.0,0.34100568
0.0,0.48738188
0.0,0.6144918
0.0,0.54323936
1.0,0.6963355
0.0,0.6236597
0.0,0.22217068
0.0,0.42556292
0.0,0.41887373
1.0,0.67111313
0.0,0.32516432
1.0,0.74103445
1.0,0.8171083
0.0,0.76036346
0.0,0.28909785
0.0,0.31497383
1.0,0.91519535
0.0,0.33812058
1.0,0.23756498
1.0,0.5082468
1.0,0.74705213
0.0,0.7013514
0.0,0.54430145
0.0,0.31696254
0.0,0.72284013
0.0,0.36156166
0.0,0.330307
0.0,0.5059995
1.0,0.5291744
0.0,0.3996805
1.0,0.7532948
0.0,0.5535266
1.0,0.86876696
1.0,0.8410972
1.0,0.52784544
1.0,0.6801689
0.0,0.59551024
0.0,0.512092
0.0,0.44072092
1.0,0.4587895
1.0,0.7172202
0.0,0.34024927
1.0,0.4703653
1.0,0.49184465
1.0,0.8336041
1.0,0.7266783
0.0,0.7000502
0.0,0.33224797
1.0,0.7143352
0.0,0.3228449
0.0,0.5264365
1.0,0.83238006
0.0,0.209752
0.0,0.55422586
0.0,0.1652407
0.0,0.37779033
0.0,0.29901725
1.0,0.9020388
0.0,0.3745686
0.0,0.5910734
1.0,0.6046765
0.0,0.43749562
1.0,0.7584634
0.0,0.43729433
0.0,0.33007896
0.0,0.33032697
0.0,0.46906754
1.0,0.665244
0.0,0.4078623
0.0,0.38149807
1.0,0.87297785
1.0,0.6925281
0.0,0.35781503
0.0,0.3278581
0.0,0.33265993
1.0,0.74020255
0.0,0.37818274
1.0,0.7546463
1.0,0.54090536
1.0,0.5251704
1.0,0.6521571
1.0,0.6630404
0.0,0.7657887
1.0,0.7285491
1.0,0.9181316
0.0,0.35319948
0.0,0.28075933
0.0,0.34954488
1.0,0.68216926
0.0,0.32678246
0.0,0.3714525
0.0,0.49190363
1.0,0.8564786
0.0,0.3714925
1.0,0.7027865
0.0,0.50409025
0.0,0.62992245
0.0,0.4390838
0.0,0.2986555
0.0,0.39548287
1.0,0.99327946
1.0,0.8563617
0.0,0.4607547
0.0,0.5193921
1.0,0.6198634
0.0,0.32591462
1.0,0.8207948
0.0,0.42185378
0.0,0.36175004
0.0,0.30016083
1.0,0.7800635
1.0,0.62300277
0.0,0.39654887
0.0,0.48527005
1.0,0.5762247
0.0,0.5433398
0.0,0.4647445
1.0,0.76617944
1.0,0.879967
1.0,0.8957248
0.0,0.32555306
1.0,0.7712331
1.0,0.83274055
0.0,0.35377443
0.0,0.4685473
0.0,0.2942016
0.0,0.3813656
0.0,0.2856918
0.0,0.41115117
1.0,0.64290893
1.0,0.76463205
0.0,0.91703117
0.0,0.18503869
0.0,0.5714243
0.0,0.4941834
1.0,0.6412082
0.0,0.5215702
0.0,0.53244334
0.0,0.55386984
0.0,0.70094466
1.0,0.5650313
0.0,0.26858163
0.0,0.6837524
1.0,0.7570765
0.0,0.43186057
0.0,0.53996104
0.0,0.3738724
0.0,0.25647452
1.0,0.56304455
1.0,0.67749023
0.0,0.32187256
0.0,0.7309897
0.0,0.28631648
0.0,0.91554385
0.0,0.73631775
0.0,0.39948928
0.0,0.39513415
0.0,0.47876567
1.0,0.34734744
0.0,0.3155161
1.0,0.41989794
0.0,0.5758203
0.0,0.26807916
0.0,0.36126113
0.0,0.49459058
0.0,0.5122547
0.0,0.5030052
1.0,0.7355781
0.0,0.31859773
0.0,0.5675503
0.0,0.38212064
1.0,0.75566655
1.0,0.818017
0.0,0.2842899
0.0,0.52131647
0.0,0.30581135
1.0,0.8799507
1.0,0.759218
1.0,0.7671201
0.0,0.23584518
1.0,0.9123149
0.0,0.40942293
0.0,0.31216308
0.0,0.60320085
1.0,0.36974913
0.0,0.23561198
0.0,0.35744166
1.0,0.874879
1.0,0.35279652
0.0,0.40831125
1.0,0.8467605
0.0,0.37933603
1.0,0.63848245
0.0,0.4372379
1.0,0.3203555
0.0,0.75849855
0.0,0.9528296
1.0,0.68988717
0.0,0.35200557
0.0,0.4331646
0.0,0.48920664
0.0,0.27056932
0.0,0.55466574
0.0,0.34375852
1.0,0.6952758
1.0,0.54834855
0.0,0.5556437
0.0,0.3400089
0.0,0.29965934
0.0,0.5838398
1.0,0.81223476
0.0,0.37167525
0.0,0.50397104
0.0,0.6019492
0.0,0.4610337
0.0,0.31778967
1.0,0.75648284
1.0,0.79019016
0.0,0.28146464
0.0,0.33761287
0.0,0.40933454
0.0,0.3398934
1.0,0.71785235
0.0,0.62585354
0.0,0.4242555
0.0,0.30360448
1.0,0.5006614
0.0,0.2822175
0.0,0.34492677
1.0,0.85252523
0.0,0.38028532
0.0,0.38823485
1.0,0.5295414
1.0,0.69964087
1.0,0.8350005
0.0,0.30108052
0.0,0.3060723
0.0,0.44767275
0.0,0.2835051
1.0,0.7279377
0.0,0.45370257
1.0,0.44997826
0.0,0.33472502
0.0,0.31000227
0.0,0.4857559
1.0,0.8618512
0.0,0.85523874
0.0,0.6213503
0.0,0.4668209
1.0,0.5829059
0.0,0.30207014
0.0,0.516879
0.0,0.31243074
1.0,0.18797332
0.0,0.32110304
0.0,0.23430446
1.0,0.54092014
1.0,0.8748525
0.0,0.29635677
1.0,0.8242232
1.0,0.85834134
1.0,0.6876912
1.0,0.7028647
0.0,0.3186498
1.0,0.6223271
0.0,0.9571562
1.0,0.3152885
0.0,0.34512663
1.0,0.48155296
0.0,0.42389578
1.0,0.44709212
1.0,0.89711016
1.0,0.5629271
0.0,0.30512446
0.0,0.568504
0.0,0.50824744
0.0,0.29501188
0.0,0.3628591
0.0,0.4644887
1.0,0.81991553
1.0,0.85438085
1.0,0.7185879
0.0,0.32803664
0.0,0.32828715
0.0,0.50184613
0.0,0.55746543
1.0,0.3886414
0.0,0.40233037
0.0,0.32027563
0.0,0.3572263
0.0,0.51072747
1.0,0.67964816
0.0,0.66286314
0.0,0.7049348
0.0,0.45620263
1.0,0.6424575
0.0,0.30189335
0.0,0.6491321
1.0,0.4801537
0.0,0.5869112
1.0,0.72263426
0.0,0.37414646
0.0,0.42151055
0.0,0.32661608
0.0,0.32573104
0.0,0.3175562
1.0,0.73319197
0.0,0.3672315
0.0,0.3641132
1.0,0.71337545
1.0,0.86148
0.0,0.44119272
1.0,0.22268018
0.0,0.38500044
0.0,0.41552773
1.0,0.7512039
0.0,0.3288955
0.0,0.5207497
0.0,0.29847378
0.0,0.36880046
1.0,0.8149401
1.0,0.7747425
1.0,0.6853689
1.0,0.8192458
0.0,0.42049056
0.0,0.37067974
0.0,0.66615915
1.0,0.7813843
0.0,0.4125262
0.0,0.42990404
1.0,0.7714125
1.0,0.5538953
1.0,0.6175765
0.0,0.34162188
0.0,0.5169451
0.0,0.35659534
1.0,0.8144795
1.0,0.70608056
1.0,0.7422699
0.0,0.8999113
0.0,0.30855376
0.0,0.23388061
1.0,0.6722128
1.0,0.5650276
0.0,0.47973052
1.0,0.7716146
1.0,0.48536268
1.0,0.8224832
1.0,0.64820164
0.0,0.43380934
0.0,0.30395514
1.0,0.5720678
1.0,0.5443831
0.0,0.30373454
0.0,0.38927585
0.0,0.28714296
0.0,0.3795814
0.0,0.36422247
0.0,0.6077821
0.0,0.34348255
0.0,0.4351133
1.0,0.6040839
1.0,0.6867559
0.0,0.40892226
1.0,0.80259985
0.0,0.2813028
1.0,0.7491641
0.0,0.4569574
1.0,0.7852485
0.0,0.31675085
0.0,0.32914308
0.0,0.3289046
0.0,0.5344756
1.0,0.39801994
1.0,0.84618044
0.0,0.27699918
0.0,0.4810382
1.0,0.48698577
0.0,0.4435811
1.0,0.6795431
1.0,0.57104796
0.0,0.34095493
0.0,0.3657508
0.0,0.50195515
0.0,0.8230021
0.0,0.7263261
0.0,0.31390518
0.0,0.91515315
0.0,0.36074156
1.0,0.64044774
1.0,0.9017838
1.0,0.6532978
1.0,0.7075296
0.0,0.31837022
0.0,0.020244807
1.0,0.78595585
0.0,0.71745324
0.0,0.40236595
0.0,0.4645716
1.0,0.64686507
1.0,0.5870349
0.0,0.36382312
1.0,0.6746242
1.0,0.8896777
0.0,0.26430076
0.0,0.3439299
1.0,0.8866813
0.0,0.32899687
0.0,0.5434458
0.0,0.2718919
0.0,0.43994766
1.0,0.4698316
0.0,0.3070919
0.0,0.31330514
0.0,0.46674663
1.0,0.54366267
0.0,0.32478374
0.0,0.33039004
1.0,0.8171133
0.0,0.2594583
0.0,0.44738504
0.0,0.8139082
1.0,0.85232335
1.0,0.476446
1.0,0.56883156
0.0,0.34993964
0.0,0.46952537
1.0,0.52244127
0.0,0.30121577
0.0,0.31142104
0.0,0.64260864
0.0,0.2656137
1.0,0.41925552
0.0,0.51123667
0.0,0.6992346
1.0,0.41301954
0.0,0.35044816
0.0,0.36470458
0.0,0.49347213
0.0,0.5725016
1.0,0.7406361
1.0,0.83353657
0.0,0.6040068
1.0,0.7133185
0.0,0.26922917
0.0,0.34479558
0.0,0.33841693
1.0,0.5364972
0.0,0.3147406
0.0,0.35030553
1.0,0.5839288
1.0,0.57345986
1.0,0.9620664
0.0,0.91279507
1.0,0.6155313
1.0,0.8351092
0.0,0.2567492
0.0,0.58901054
0.0,0.668946
1.0,0.50104624
0.0,0.42276645
0.0,0.49269092
0.0,0.3725106
0.0,0.27385962
0.0,0.3896547
0.0,0.4394237
0.0,0.58878976
0.0,0.88289285
0.0,0.45114094
1.0,0.5663961
1.0,0.79875225
1.0,0.6275312
0.0,0.2912799
1.0,0.8344797
0.0,0.55497473
0.0,0.39905345
1.0,0.8090191
0.0,0.32751638
0.0,0.31392807
0.0,0.7250738
0.0,0.32317322
0.0,0.6462021
0.0,0.6604055
0.0,0.5018102
1.0,0.80037445
0.0,0.16367972
0.0,0.29900277
0.0,0.33407164
1.0,0.8322234
1.0,0.758427
0.0,0.6372347
1.0,0.6823093
0.0,0.34191376
1.0,0.38961434
0.0,0.35641903
0.0,0.29225135
1.0,0.49478757
0.0,0.34297636
0.0,0.3449098
1.0,0.59849787
0.0,0.42219108
1.0,0.2740289
0.0,0.4695569
0.0,0.3434654
1.0,0.8680377
0.0,0.3789376
0.0,0.39403635
0.0,0.78285927
0.0,0.25675783
0.0,0.2583955
1.0,0.7185412
0.0,0.2887187
0.0,0.43248653
0.0,0.74362314
1.0,0.7025947
0.0,0.80005777
0.0,0.4326303
1.0,0.65000373
0.0,0.32301933
0.0,0.3630661
0.0,0.30195034
0.0,0.42625228
1.0,0.70140344
0.0,0.34669837
0.0,0.2662642
0.0,0.29335764
0.0,0.27518654
0.0,0.57203776
1.0,0.7519232
1.0,0.69698006
0.0,0.32860535
1.0,0.7483444
0.0,0.3550744
0.0,0.43074286
0.0,0.27378288
0.0,0.3336727
1.0,0.8246253
0.0,0.3366995
0.0,0.38289684
0.0,0.6150201
0.0,0.43311843
0.0,0.51184916
0.0,0.32693708
0.0,0.34659752
0.0,0.26360503
0.0,0.3363484
0.0,0.8164443
1.0,0.681644
0.0,0.33527893
0.0,0.42972827
0.0,0.36721593
1.0,0.80407506
0.0,0.29987147
1.0,0.73419744
0.0,0.3073755
0.0,0.35576066
0.0,0.49057445
1.0,0.83734655
1.0,0.919636
1.0,0.7091438
1.0,0.63859236
0.0,0.27281162
0.0,0.35976934
1.0,0.8300824
1.0,0.7600337
0.0,0.39810264
0.0,0.42135257
0.0,0.7286351
1.0,0.83649266
0.0,0.3661888
0.0,0.34185633
0.0,0.30092356
0.0,0.32688433
1.0,0.5675655
1.0,0.741709
0.0,0.22693062
1.0,0.52543056
0.0,0.34865695
0.0,0.33741567
0.0,0.31461203
0.0,0.37638947
0.0,0.3646209
1.0,0.752774
0.0,0.33851096
0.0,0.55401456
0.0,0.6833669
0.0,0.33166602
0.0,0.6854291
1.0,0.9023073
0.0,0.39068007
0.0,0.30889842
1.0,0.82936364
0.0,0.65700084
0.0,0.365892
1.0,0.84950733
1.0,0.688924
0.0,0.35184047
1.0,0.837255
0.0,0.6680587
1.0,0.8283264
1.0,0.9537107
0.0,0.34228867
1.0,0.80073583
0.0,0.4447573
0.0,0.2953927
0.0,0.5331743
0.0,0.50146717
0.0,0.3517914
0.0,0.38918912
0.0,0.4264503
1.0,0.89195836
0.0,0.23565018
0.0,0.4764978
0.0,0.5228989
0.0,0.4471936
1.0,0.7710866
0.0,0.3486228
0.0,0.53752875
0.0,0.32867151
0.0,0.40070805
0.0,0.27942938
0.0,0.8285559
1.0,0.3755111
0.0,0.46868134
1.0,0.67365533
0.0,0.3013221
1.0,0.5367895
0.0,0.29860497
0.0,0.42908624
0.0,0.40417606
0.0,0.6032105
0.0,0.74319625
0.0,0.44821754
0.0,0.54049206
0.0,0.31052077
0.0,0.81752694
0.0,0.7421851
1.0,0.7295256
0.0,0.7766362
0.0,0.37646863
1.0,0.9028024
0.0,0.5321837
0.0,0.31917793
0.0,0.33027196
1.0,0.6859658
1.0,0.60102683
1.0,0.71997833
1.0,0.737639
0.0,0.5940679
1.0,0.6235129
0.0,0.39267036
1.0,0.16897213
0.0,0.33094484
0.0,0.759785
0.0,0.33895546
0.0,0.31412184
0.0,0.4345866
1.0,0.74538594
1.0,0.64636004
0.0,0.8128358
1.0,0.63175
0.0,0.31430066
1.0,0.7977465
0.0,0.34436005
0.0,0.37353027
0.0,0.75470704
0.0,0.5524986
0.0,0.43263587
0.0,0.26645952
1.0,0.8999978
0.0,0.28947163
1.0,0.78005826
1.0,0.7624922
1.0,0.71034753
0.0,0.2523172
0.0,0.9122354
0.0,0.32541144
0.0,0.46620998
0.0,0.56269723
1.0,0.7264783
0.0,0.86199796
0.0,0.3927945
0.0,0.3564781
0.0,0.32281563
0.0,0.29709876
0.0,0.47184634
0.0,0.8420522
0.0,0.3074534
0.0,0.53548616
1.0,0.8574038
0.0,0.5808543
0.0,0.31741095
0.0,0.32649064
0.0,0.3173119
1.0,0.7388545
0.0,0.62869614
1.0,0.8864111
0.0,0.73749286
1.0,0.87522286
1.0,0.69964343
0.0,0.26717788
0.0,0.5030623
0.0,0.36489034
0.0,0.49059147
0.0,0.26812285
0.0,0.6779742
1.0,0.76243186
0.0,0.3592329
1.0,0.69720715
0.0,0.45268488
0.0,0.2900955
0.0,0.4287608
1.0,0.87748754
0.0,0.343293
1.0,0.8811602
0.0,0.376629
0.0,0.31772265
0.0,0.58734596
0.0,0.6190022
0.0,0.9463264
0.0,0.42508602
1.0,0.7358886
1.0,0.7948762
0.0,0.67398
0.0,0.54910034
0.0,0.41400865
1.0,0.70039874
0.0,0.516521
1.0,0.95666856
0.0,0.48136032
1.0,0.719753
1.0,0.7669759
0.0,0.32293484
0.0,0.29416394
0.0,0.27525055
1.0,0.77298474
0.0,0.47532427
0.0,0.5891608
1.0,0.81268066
1.0,0.6870814
0.0,0.45427367
0.0,0.3956005
1.0,0.7161512
0.0,0.45239857
0.0,0.3503241
0.0,0.36964256
1.0,0.52609724
0.0,0.38733828
0.0,0.48682964
1.0,0.79894966
1.0,0.2192981
0.0,0.9378383
0.0,0.35646516
0.0,0.43701825
1.0,0.7490126
1.0,0.8552748
1.0,0.58027184
0.0,0.45195037
0.0,0.31494325
0.0,0.28205484
0.0,0.31059057
1.0,0.7351812
0.0,0.31736487
0.0,0.6663829
0.0,0.4320504
0.0,0.45805252
0.0,0.29751483
0.0,0.31946594
0.0,0.14070201
0.0,0.60232043
0.0,0.28517976
1.0,0.6548749
1.0,0.79109585
0.0,0.7270506
0.0,0.57085866
1.0,0.38544348
0.0,0.2599609
1.0,0.68728673
0.0,0.28688625
0.0,0.3702349
1.0,0.8459915
1.0,0.8479161
0.0,0.72610116
0.0,0.47842777
1.0,0.5153304
0.0,0.52068436
0.0,0.67712486
0.0,0.8765265
0.0,0.2427803
1.0,0.79858774
1.0,0.3596164
0.0,0.60546374
0.0,0.30387303
0.0,0.34336114
1.0,0.67304355
0.0,0.35790363
1.0,0.62623984
0.0,0.4970458
1.0,0.7591981
1.0,0.7179046
0.0,0.55486476
1.0,0.60702276
0.0,0.53060085
0.0,0.16713616
1.0,0.8323082
1.0,0.5343492
0.0,0.35638654
0.0,0.47939608
0.0,0.78131783
0.0,0.6785464
1.0,0.7541869
0.0,0.38904393
0.0,0.25501037
0.0,0.31229502
1.0,0.7427391
0.0,0.37883553
0.0,0.8276703
1.0,0.72641814
0.0,0.32540876
0.0,0.7285782
0.0,0.24256909
1.0,0.2873968
0.0,0.47792125
1.0,0.82711107
0.0,0.40075964
1.0,0.5808301
1.0,0.6430029
1.0,0.866886
1.0,0.76846075
0.0,0.19873476
1.0,0.6371962
0.0,0.32721418
1.0,0.8955681
1.0,0.79989386
0.0,0.5462064
1.0,0.5126594
0.0,0.2838341
1.0,0.5802069
1.0,0.38669074
0.0,0.4275108
0.0,0.7893959
1.0,0.9120676
1.0,0.60594404
0.0,0.6017581
0.0,0.59221834
0.0,0.20097086
0.0,0.39831206
0.0,0.75772417
1.0,0.7027781
1.0,0.73551583
1.0,0.6354693
1.0,0.6246598
1.0,0.8589065
1.0,0.9095104
0.0,0.5295948
1.0,0.7772779
0.0,0.31912953
0.0,0.37260297
0.0,0.37122387
1.0,0.57174945
1.0,0.55299443
0.0,0.4193583
0.0,0.38231573
0.0,0.7058614
1.0,0.704856
1.0,0.61739415
1.0,0.75763583
0.0,0.34331506
0.0,0.76648974
0.0,0.31658107
0.0,0.46804956
0.0,0.33696777
0.0,0.38747936
1.0,0.85545295
1.0,0.74397314
0.0,0.34458154
0.0,0.5085035
0.0,0.5558675
0.0,0.63965416
0.0,0.74649143
0.0,0.3689661
0.0,0.5342949
1.0,0.68032455
0.0,0.34387136
1.0,0.80535746
0.0,0.37724003
0.0,0.4473953
0.0,0.64300627
0.0,0.59595287
1.0,0.80344296
1.0,0.6105036
1.0,0.6432028
1.0,0.75152373
0.0,0.26454413
0.0,0.46651357
1.0,0.5979721
1.0,0.7728896
0.0,0.39117062
0.0,0.29669145
0.0,0.6399987
1.0,0.5153856
0.0,0.32944182
1.0,0.3063175
0.0,0.26348722
0.0,0.46827537
0.0,0.35486498
0.0,0.38860166
0.0,0.5610512
0.0,0.3058271
0.0,0.5339695
1.0,0.79181755
0.0,0.33816364
0.0,0.8863145
0.0,0.37546903
1.0,0.5456233
0.0,0.31684905
1.0,0.8503802
0.0,0.31814826
0.0,0.36798397
0.0,0.300753
0.0,0.58668333
0.0,0.27520996
0.0,0.31882447
1.0,0.64991367
0.0,0.6083243
1.0,0.72305185
1.0,0.7943661
0.0,0.35250527
0.0,0.44736955
1.0,0.73364425
1.0,0.89657724
0.0,0.43343148
0.0,0.5733545
0.0,0.29997894
0.0,0.49949571
0.0,0.25142726
1.0,0.8051486
0.0,0.26600385
1.0,0.47720775
1.0,0.4614127
0.0,0.73513615
0.0,0.5432432
0.0,0.35030818
0.0,0.32372642
0.0,0.5836914
0.0,0.29061407
0.0,0.2842321
0.0,0.6847187
1.0,0.6918844
1.0,0.69599926
0.0,0.36169428
0.0,0.38286138
0.0,0.65207356
1.0,0.665131
0.0,0.24067098
0.0,0.35595793
1.0,0.6963235
1.0,0.8664386
0.0,0.4139104
0.0,0.3726449
0.0,0.36080635
1.0,0.7486053
0.0,0.41058236
1.0,0.7667819
1.0,0.65300834
0.0,0.2914759
0.0,0.34432477
0.0,0.47938165
1.0,0.57502365
0.0,0.4611067
1.0,0.5668039
0.0,0.34081674
1.0,0.88296807
0.0,0.44203898
0.0,0.3304798
0.0,0.2717668
1.0,0.9179187
0.0,0.6417514
1.0,0.882801
1.0,0.5638547
0.0,0.26989043
1.0,0.5105745
0.0,0.43207234
1.0,0.53268963
0.0,0.35518968
1.0,0.76761353
0.0,0.25667143
1.0,0.71752226
1.0,0.83067596
1.0,0.887715
0.0,0.3387471
1.0,0.833594
1.0,0.6980821
0.0,0.40840226
1.0,0.7298343
1.0,0.45125756
1.0,0.59633756
0.0,0.59028554
0.0,0.46471873
0.0,0.69450516
0.0,0.43758127
