0.0,0.39524132
0.0,0.57087445
1.0,0.3976073
0.0,0.19773367
1.0,0.51739454
0.0,0.15462846
1.0,0.6732569
1.0,0.8234049
1.0,0.5785663
0.0,0.086625844
0.0,0.271551
1.0,0.8437638
0.0,0.1426028
0.0,0.37118113
0.0,0.29100826
0.0,0.17347169
1.0,0.51832205
0.0,0.21552503
0.0,0.1797494
1.0,0.5592738
1.0,0.5291929
0.0,0.13072014
1.0,0.51405334
0.0,0.13510144
0.0,0.219028
1.0,0.45206895
0.0,0.2601611
1.0,0.5396651
0.0,0.16837972
1.0,0.6707331
0.0,0.15024328
0.0,0.5285815
1.0,0.5200202
1.0,0.8053732
1.0,0.16230568
1.0,0.60978353
1.0,0.45433077
0.0,0.17935619
1.0,0.71156085
1.0,0.31079838
1.0,0.5403362
1.0,0.7416698
0.0,0.12312776
1.0,0.6321708
1.0,0.7071436
0.0,0.19582775
0.0,0.118183285
0.0,0.26024053
0.0,0.14928901
1.0,0.7666262
0.0,0.41969487
1.0,0.582129
1.0,0.67030495
1.0,0.6789044
0.0,0.18154588
0.0,0.09029332
0.0,0.4075083
1.0,0.2816586
1.0,0.7554891
1.0,0.46137765
1.0,0.7786379
0.0,0.3823643
1.0,0.77393293
1.0,0.5296627
1.0,0.64019185
0.0,0.13535804
0.0,0.038475513
1.0,0.70041156
0.0,0.1314395
1.0,0.6731962
0.0,0.67313534
1.0,0.75924027
0.0,0.08947092
0.0,0.19410825
1.0,0.48251334
0.0,0.2090016
0.0,0.19388416
0.0,0.35465506
0.0,0.11321214
1.0,0.66997415
0.0,0.23829386
1.0,0.7733387
1.0,0.6928346
1.0,0.86571586
1.0,0.78248143
1.0,0.6029835
1.0,0.7185359
0.0,0.4741023
0.0,0.13438669
1.0,0.97135603
0.0,0.14862064
1.0,0.2737599
0.0,0.16655394
0.0,0.6678586
0.0,0.42606956
1.0,0.7491245
0.0,0.20699382
0.0,0.2437323
1.0,0.54526216
1.0,0.80877113
0.0,0.11781567
0.0,0.27671492
1.0,0.24797708
0.0,0.3450778
0.0,0.2854215
1.0,0.7925831
1.0,0.21369466
0.0,0.17947033
1.0,0.12430641
1.0,0.77432084
1.0,0.68825716
0.0,0.263016
1.0,0.17436919
0.0,0.1857095
0.0,0.18274689
1.0,0.14352614
0.0,0.28282765
1.0,0.5993574
1.0,0.46479374
1.0,0.82053745
0.0,0.17541867
1.0,0.7176311
0.0,0.7204567
0.0,0.14905667
0.0,0.06942767
1.0,0.03026113
0.0,0.13447109
0.0,0.18199295
1.0,0.78565854
1.0,0.63924605
1.0,0.7877625
0.0,0.19608119
0.0,0.14813331
1.0,0.43463743
1.0,0.8053245
0.0,0.67550933
0.0,0.108355075
0.0,0.20001626
0.0,0.29259536
0.0,0.20064414
1.0,0.4045627
0.0,0.18256384
1.0,0.1848163
0.0,0.17796144
0.0,0.12814683
0.0,0.06878418
1.0,0.40261915
0.0,0.12555003
0.0,0.1853731
0.0,0.11661795
0.0,0.16789508
0.0,0.11375722
0.0,0.15625274
0.0,0.6550489
0.0,0.24868259
1.0,0.7879382
0.0,0.13438761
0.0,0.14986104
1.0,0.84003097
0.0,0.21686542
0.0,0.5368163
0.0,0.30146945
0.0,0.14423764
0.0,0.4222335
1.0,0.7934263
0.0,0.30486345
1.0,0.66612124
0.0,0.24018928
0.0,0.17824188
1.0,0.6052304
0.0,0.5738126
0.0,0.6381741
0.0,0.3703957
0.0,0.0779542
1.0,0.66616297
1.0,0.69789803
0.0,0.24274504
1.0,0.34546217
0.0,0.46598995
1.0,0.7085247
1.0,0.5857655
1.0,0.607325
1.0,0.69794476
1.0,0.72514117
0.0,0.5622895
0.0,0.13409024
0.0,0.16153967
0.0,0.7446681
0.0,0.18010736
0.0,0.16771725
1.0,0.30306995
0.0,0.13040483
0.0,0.62676996
1.0,0.71482724
1.0,0.66236496
1.0,0.7070013
0.0,0.14006382
0.0,0.27876294
0.0,0.15341702
1.0,0.26873547
0.0,0.26823363
0.0,0.60844815
0.0,0.5004099
0.0,0.25291413
0.0,0.30051246
1.0,0.31328648
0.0,0.1632955
1.0,0.3980704
0.0,0.0944044
0.0,0.25102448
0.0,0.11669749
1.0,0.77774894
0.0,0.123833
0.0,0.35994762
0.0,0.21767238
0.0,0.075476885
0.0,0.72891086
0.0,0.43657726
1.0,0.7740741
0.0,0.11139619
0.0,0.18326482
1.0,0.56460637
1.0,0.8041382
0.0,0.55787516
0.0,0.16804653
0.0,0.07896268
0.0,0.25160027
0.0,0.38358754
0.0,0.22366339
1.0,0.7584848
0.0,0.3112016
1.0,0.32026505
0.0,0.12614965
1.0,0.58939755
1.0,0.47004852
0.0,0.1391176
0.0,0.35879833
0.0,0.20885539
1.0,0.5252432
1.0,0.6841017
1.0,0.7343468
1.0,0.56737375
0.0,0.1773122
0.0,0.56354845
1.0,0.77422667
0.0,0.52240145
0.0,0.13918322
0.0,0.15733528
0.0,0.27800262
0.0,0.30989206
0.0,0.15926978
0.0,0.0041804314
1.0,0.42883712
0.0,0.15746951
0.0,0.39109737
0.0,0.26924372
1.0,0.48774675
1.0,0.68766654
0.0,0.28350085
0.0,0.20144016
0.0,0.183341
1.0,0.72975075
0.0,0.13565058
0.0,0.11856097
0.0,0.23844415
0.0,0.22820452
1.0,0.70789665
1.0,0.68673307
1.0,0.7749749
0.0,0.17564765
1.0,0.54086626
0.0,0.41550514
0.0,0.16298437
0.0,0.9686885
1.0,0.6550956
1.0,0.50436294
0.0,0.12039447
0.0,0.13369316
1.0,0.6670919
1.0,0.22997054
0.0,0.3899162
1.0,0.3907315
1.0,0.8945291
0.0,0.46884167
0.0,0.14148238
0.0,0.1703045
0.0,0.22164136
0.0,0.46946108
0.0,0.21541676
1.0,0.8051795
0.0,0.14626774
0.0,0.19858783
1.0,0.8107674
0.0,0.18227178
1.0,0.73568547
1.0,0.12085742
1.0,0.7359456
1.0,0.5590684
1.0,0.6848829
0.0,0.15406656
1.0,0.6682097
0.0,0.6844758
1.0,0.8557824
0.0,0.63052535
0.0,0.40266013
0.0,0.14220807
0.0,0.20334399
0.0,0.266144
1.0,0.6891123
0.0,0.49159244
1.0,0.49556145
0.0,0.6096154
1.0,0.69024503
1.0,0.79472506
0.0,0.12720773
0.0,0.17975312
0.0,0.19280437
1.0,0.608266
1.0,0.21394631
0.0,0.11624992
0.0,0.09617713
0.0,0.1607596
0.0,0.16641933
1.0,0.6641859
1.0,0.40304774
0.0,0.1375159
0.0,0.5192622
1.0,0.59796494
1.0,0.7336687
1.0,0.46858555
0.0,0.22276017
0.0,0.49044317
0.0,0.108478755
0.0,0.5934586
1.0,0.7652205
1.0,0.593681
0.0,0.29826987
0.0,0.32067597
0.0,0.118316054
0.0,0.3902593
0.0,0.075235784
0.0,0.47727463
1.0,0.32275543
0.0,0.20461306
0.0,0.19538984
0.0,0.16168705
0.0,0.6935349
0.0,0.56051016
0.0,0.1870524
0.0,0.10810664
1.0,0.35493523
0.0,0.19200337
1.0,0.6212575
0.0,0.10140878
0.0,0.26114023
0.0,0.3178711
0.0,0.06965202
0.0,0.5817542
1.0,0.37412542
1.0,0.6188384
0.0,0.876144
1.0,0.575046
0.0,0.15392628
0.0,0.1746738
0.0,0.31118554
0.0,0.60987276
0.0,0.17491415
0.0,0.04561171
1.0,0.36864185
0.0,0.11551431
1.0,0.7889161
0.0,0.22067979
1.0,0.3188407
0.0,0.42694676
1.0,0.32408464
1.0,0.033863395
1.0,0.8242456
0.0,0.178467
0.0,0.19525862
1.0,0.71989685
0.0,0.16394109
0.0,0.15799853
1.0,0.15067586
1.0,0.6695054
0.0,0.33277804
1.0,0.7070067
1.0,0.82490873
0.0,0.3806796
0.0,0.19898763
0.0,0.3881415
0.0,0.22512138
0.0,0.10304931
0.0,0.19814792
1.0,0.78506017
0.0,0.36790204
1.0,0.5915978
1.0,0.28953412
0.0,0.22924459
0.0,0.2947623
0.0,0.55374265
1.0,0.74588865
1.0,0.7671308
1.0,0.31359047
0.0,0.40381098
1.0,0.78738385
1.0,0.5797773
0.0,0.08137217
0.0,0.47760367
0.0,0.65385836
0.0,0.3026327
1.0,0.77339625
0.0,0.17184487
1.0,0.381834
0.0,0.38251853
0.0,0.24387184
0.0,0.21137372
0.0,0.17584142
0.0,0.12988177
0.0,0.22292483
0.0,0.15156415
0.0,0.1769149
0.0,0.14260083
0.0,0.66783696
0.0,0.24487948
0.0,0.15404469
0.0,0.4373728
0.0,0.22551143
1.0,0.5826041
0.0,0.31460348
1.0,0.72204965
0.0,0.09668425
0.0,0.15186879
0.0,0.27917945
0.0,0.5697592
0.0,0.51682895
0.0,0.20993644
0.0,0.21995747
0.0,0.07743582
0.0,0.1391648
0.0,0.2732277
0.0,0.4168165
1.0,0.6111742
0.0,0.20969275
0.0,0.15515947
0.0,0.3911949
0.0,0.1999073
1.0,0.4680515
0.0,0.57603747
1.0,0.4380914
0.0,0.17886063
0.0,0.21367684
1.0,0.6725924
0.0,0.74074036
1.0,0.6287583
1.0,0.64340556
1.0,0.52316403
1.0,0.6694847
0.0,0.100657016
1.0,0.48381898
0.0,0.11002651
0.0,0.20096293
0.0,0.28104204
1.0,0.7543565
0.0,0.09108144
0.0,0.09512019
1.0,0.45424667
1.0,0.9169154
0.0,0.3644823
0.0,0.0842399
1.0,0.5359198
0.0,0.12508714
1.0,0.55686694
0.0,0.60194004
0.0,0.29243332
1.0,0.56318027
0.0,0.6294097
0.0,0.12811387
1.0,0.3907214
0.0,0.35736167
1.0,0.84724855
0.0,0.16986677
1.0,0.28806096
1.0,0.5270453
1.0,0.5535965
1.0,0.83279526
0.0,0.49097022
0.0,0.2804071
1.0,0.5036838
0.0,0.20361045
0.0,0.37780368
1.0,0.5763196
1.0,0.4524806
1.0,0.7180289
0.0,0.16925144
1.0,0.7570267
1.0,0.58333415
0.0,0.20181763
1.0,0.767247
0.0,0.40383643
1.0,0.5950231
1.0,0.66191006
0.0,0.45366398
0.0,0.12109107
1.0,0.496185
0.0,0.293036
1.0,0.6566304
0.0,0.5355087
0.0,0.14153439
0.0,0.55624855
1.0,0.8440244
0.0,0.074047744
0.0,0.14132297
0.0,0.57028705
1.0,0.49264425
0.0,0.20398015
0.0,0.15670162
0.0,0.23096427
0.0,0.6277645
1.0,0.46417922
1.0,0.5508361
0.0,0.28273636
0.0,0.78421366
0.0,0.26830572
0.0,0.53329086
0.0,0.20916918
1.0,0.6454378
0.0,0.26148307
1.0,0.739002
0.0,0.54364145
0.0,0.15394714
1.0,0.58657825
0.0,0.1791488
0.0,0.4592032
0.0,0.14303929
0.0,0.15767387
0.0,0.55255234
0.0,0.117115796
0.0,0.1979321
0.0,0.16037488
1.0,0.65162814
1.0,0.80056953
0.0,0.1595763
0.0,0.24214935
1.0,0.6926309
0.0,0.17011338
1.0,0.687122
0.0,0.22903669
0.0,0.12902158
1.0,0.54933417
0.0,0.47145292
1.0,0.39180472
0.0,0.422991
1.0,0.23851085
0.0,0.14714706
0.0,0.2492949
0.0,0.5743423
1.0,0.72019374
0.0,0.13319999
0.0,0.28784388
0.0,0.18000197
0.0,0.6212858
1.0,0.4962661
0.0,0.11829746
0.0,0.10165906
1.0,0.7636846
1.0,0.25912273
0.0,0.48626593
1.0,0.6538105
0.0,0.17340264
0.0,0.3329459
1.0,0.611245
1.0,0.7466394
0.0,0.18643472
1.0,0.668154
1.0,0.6700465
0.0,0.20495626
0.0,0.14580184
0.0,0.17861342
1.0,0.21281597
0.0,0.095921636
0.0,0.17468551
0.0,0.19169623
1.0,0.8316221
1.0,0.5613594
0.0,0.165382
1.0,0.34090567
1.0,0.13694155
0.0,0.275809
1.0,0.63581336
0.0,0.17101511
1.0,0.67379785
0.0,0.20830885
1.0,0.542054
0.0,0.25524265
0.0,0.19264555
1.0,0.61233735
0.0,0.16391626
1.0,0.6090978
0.0,0.16335934
0.0,0.22330606
0.0,0.13074255
1.0,0.6838962
0.0,0.35829067
1.0,0.5183756
0.0,0.13994572
1.0,0.68307877
1.0,0.6024012
0.0,0.10882971
1.0,0.633865
1.0,0.6417994
1.0,0.49675637
1.0,0.6041598
0.0,0.41462573
0.0,0.24087521
0.0,0.589299
1.0,0.67870724
1.0,0.38633454
0.0,0.28148925
0.0,0.2111597
0.0,0.3252971
1.0,0.65223116
0.0,0.36960316
1.0,0.098932534
1.0,0.79944885
0.0,0.17856464
0.0,0.2054503
1.0,0.7925179
0.0,0.5729817
1.0,0.72308135
0.0,0.18003944
0.0,0.18563709
0.0,0.13066906
1.0,0.55256814
0.0,0.23951516
1.0,0.7373889
0.0,0.18287584
1.0,0.36563367
0.0,0.265401
0.0,0.31157845
1.0,0.4093318
1.0,0.47506437
1.0,0.42069146
1.0,0.7061766
0.0,0.22578475
0.0,0.20455813
0.0,0.6182356
0.0,0.07372743
1.0,0.42853808
1.0,0.4367627
0.0,0.17225736
0.0,0.1456283
0.0,0.11275628
1.0,0.49895954
0.0,0.12735465
0.0,0.4527536
0.0,0.18382543
0.0,0.62159574
0.0,0.17729428
0.0,0.2938243
1.0,0.4153059
0.0,0.57963794
1.0,0.37502754
0.0,0.41666973
0.0,0.58170855
1.0,0.5737925
1.0,0.5956658
1.0,0.5861447
0.0,0.091505945
0.0,0.21684474
1.0,0.37757137
0.0,0.20098144
0.0,0.1928983
0.0,0.31599855
1.0,0.660145
0.0,0.14203155
0.0,0.20407325
1.0,0.7696339
0.0,0.293895
1.0,0.8517829
1.0,0.5105077
1.0,0.7270499
0.0,0.18302876
1.0,0.7372253
1.0,0.65962094
0.0,0.14884347
1.0,0.37510577
0.0,0.20516077
0.0,0.3464517
0.0,0.28780752
0.0,0.15253249
1.0,0.77469206
1.0,0.6814273
1.0,0.67970115
1.0,0.6933666
1.0,0.7095069
0.0,0.64831114
0.0,0.6548962
1.0,0.72249883
0.0,0.15787795
1.0,0.6962654
1.0,0.82361126
0.0,0.28373075
1.0,0.4869182
1.0,0.45870888
0.0,0.12837884
0.0,0.21352303
0.0,0.120345235
0.0,0.17835096
1.0,0.5650674
1.0,0.6845323
0.0,0.14712203
0.0,0.16108805
1.0,0.110648066
1.0,0.049167573
1.0,0.3749069
0.0,0.164067
1.0,0.7294043
1.0,0.5421048
0.0,0.21507919
0.0,0.38346675
1.0,0.5590669
1.0,0.8180139
0.0,0.4261315
1.0,0.49361113
0.0,0.24262732
0.0,0.32811216
1.0,0.76948476
0.0,0.60332614
1.0,0.83018595
0.0,0.46352533
0.0,0.2398949
0.0,0.28245005
1.0,0.77099645
1.0,0.32405567
0.0,0.07451972
0.0,0.11622095
1.0,0.6350933
0.0,0.24327585
1.0,0.81199205
1.0,0.6023766
1.0,0.6291664
0.0,0.17108688
0.0,0.6198858
0.0,0.46491885
0.0,0.1427935
0.0,0.06285587
1.0,0.73642564
0.0,0.56139
0.0,0.1226674
1.0,0.53664523
0.0,0.16408452
1.0,0.1837489
1.0,0.6013083
0.0,0.16553944
0.0,0.36309928
0.0,0.73912215
0.0,0.15525287
0.0,0.05630511
0.0,0.11764544
0.0,0.19349721
0.0,0.5885138
1.0,0.4018098
1.0,0.770363
0.0,0.5954583
0.0,0.4885955
0.0,0.16827399
0.0,0.17139462
0.0,0.16775447
1.0,0.34266114
0.0,0.1329678
0.0,0.036563724
1.0,0.88178027
1.0,0.45443878
0.0,0.12578902
0.0,0.7493265
0.0,0.057228446
0.0,0.16182005
0.0,0.13576624
0.0,0.30452883
1.0,0.67655206
1.0,0.76650375
1.0,0.66492444
0.0,0.13232574
1.0,0.34861565
1.0,0.7140476
0.0,0.3924942
0.0,0.07719317
1.0,0.48410308
1.0,0.24916199
1.0,0.70958376
1.0,0.61952317
1.0,0.51645255
0.0,0.2933872
0.0,0.5091029
1.0,0.50672007
0.0,0.12165901
1.0,0.7715243
0.0,0.11586183
1.0,0.33473688
0.0,0.18627322
0.0,0.43231225
0.0,0.15587601
0.0,0.13848975
0.0,0.45716482
0.0,0.111132324
0.0,0.09355083
0.0,0.24173951
0.0,0.59973085
0.0,0.13952306
0.0,0.13068241
1.0,0.5700499
1.0,0.48476106
1.0,0.68301034
0.0,0.72785354
0.0,0.38997886
0.0,0.40876478
0.0,0.27026552
1.0,0.54067916
1.0,0.4530356
1.0,0.6508192
1.0,0.82176256
0.0,0.6509774
0.0,0.13140592
0.0,0.09146315
1.0,0.47831202
0.0,0.27053976
1.0,0.06237629
1.0,0.6426123
0.0,0.00083228946
0.0,0.08218223
0.0,0.2336376
0.0,0.42028046
1.0,0.55621374
1.0,0.68361616
0.0,0.22541922
1.0,0.636243
1.0,0.47992608
0.0,0.4680724
0.0,0.22195691
1.0,0.68242055
0.0,0.09207305
0.0,0.30798274
0.0,0.13967532
0.0,0.39786965
0.0,0.15203184
1.0,0.34312046
0.0,0.3229568
0.0,0.5051053
1.0,0.83770543
1.0,0.692936
0.0,0.84549785
0.0,0.42659113
1.0,0.52793634
0.0,0.2899093
0.0,0.074870884
1.0,0.41508496
0.0,0.31888506
0.0,0.2120223
0.0,0.23853302
1.0,0.67250276
0.0,0.3079469
1.0,0.6586614
1.0,0.6293378
1.0,0.8534992
0.0,0.12153253
1.0,0.61152875
0.0,0.17464057
1.0,0.72185004
0.0,0.23927069
1.0,0.6427082
0.0,0.2658674
0.0,0.12193215
1.0,0.7031502
0.0,0.1362024
0.0,0.17064103
1.0,0.4713208
1.0,0.52699745
1.0,0.3982905
1.0,0.43966305
1.0,0.42541006
1.0,0.6983156
1.0,0.5876824
0.0,0.14610279
1.0,0.5471655
1.0,0.7411403
0.0,0.31891674
0.0,0.12108034
0.0,0.09042001
1.0,0.5002366
0.0,0.19176832
0.0,0.35735
0.0,0.32136163
1.0,0.64396834
0.0,0.1470092
0.0,0.4092295
1.0,0.4359916
1.0,0.6408274
1.0,0.7594788
1.0,0.30401105
0.0,0.8328223
0.0,0.31722152
0.0,0.1766608
0.0,0.16475806
0.0,0.13392916
0.0,0.17195126
0.0,0.22555819
1.0,0.4275656
1.0,0.70663035
0.0,0.17187846
1.0,0.5268225
0.0,0.16775817
0.0,0.19040903
1.0,0.7536684
0.0,0.19202751
0.0,0.6107229
0.0,0.16814902
0.0,0.6468513
0.0,0.21481219
0.0,0.16884345
0.0,0.67242575
1.0,0.70832765
0.0,0.20974001
0.0,0.5049415
1.0,0.65992546
0.0,0.16565815
1.0,0.6324623
0.0,0.17146337
0.0,0.10787079
0.0,0.17709821
0.0,0.53202987
0.0,0.08999014
0.0,0.11243498
0.0,0.20203707
0.0,0.18702719
0.0,0.52949506
1.0,0.4634875
0.0,0.20091084
1.0,0.7497792
0.0,0.60632455
1.0,0.1901078
0.0,0.17686045
0.0,0.08594513
0.0,0.36895967
1.0,0.67387193
1.0,0.27048892
1.0,0.32177877
0.0,0.22416809
0.0,0.29440355
1.0,0.7599882
0.0,0.19747251
0.0,0.1833942
1.0,0.63194424
0.0,0.14990333
1.0,0.72754407
1.0,0.33725643
0.0,0.138394
1.0,0.6379847
0.0,0.44067168
1.0,0.28149796
0.0,0.34212995
1.0,0.83987796
0.0,0.13489693
0.0,0.6835501
0.0,0.23463047
0.0,0.24997559
0.0,0.13090715
0.0,0.2076565
0.0,0.28777242
1.0,0.6869248
0.0,0.16406024
0.0,0.11768985
0.0,0.05250904
0.0,0.31286496
0.0,0.30707824
1.0,0.6594505
0.0,0.7506468
0.0,0.2655669
1.0,0.3949927
0.0,0.31873202
1.0,0.72476166
0.0,0.66403013
1.0,0.5468658
1.0,0.764941
0.0,0.097879976
1.0,0.87330997
0.0,0.51558656
0.0,0.16256326
0.0,0.20066407
0.0,0.2206769
1.0,0.3933491
1.0,0.81377137
0.0,0.2523625
0.0,0.29850966
1.0,0.74366665
0.0,0.5014402
1.0,0.4186057
1.0,0.31042695
1.0,0.5806905
0.0,0.11272398
1.0,0.6195352
0.0,0.16368657
1.0,0.6927862
1.0,0.20191297
0.0,0.0063418746
0.0,0.63067096
0.0,0.1452756
0.0,0.5879955
1.0,0.735829
1.0,0.69928944
1.0,0.76768905
0.0,0.11617473
0.0,0.10651833
1.0,0.19796431
0.0,0.42410022
0.0,0.030689448
0.0,0.17414972
1.0,0.42295936
0.0,0.45470595
0.0,0.15843445
0.0,0.13397858
0.0,0.3376955
1.0,0.5259317
1.0,0.7565143
0.0,0.3088931
0.0,0.22423336
0.0,0.18109292
1.0,0.73970747
0.0,0.19807097
0.0,0.62924355
1.0,0.68759215
0.0,0.16350135
0.0,0.3812671
1.0,0.69855183
0.0,0.24060923
1.0,0.25803158
1.0,0.32424825
0.0,0.1836091
0.0,0.18101251
0.0,0.09563449
0.0,0.16885236
1.0,0.74107134
1.0,0.9229861
1.0,0.74224484
1.0,0.385373
0.0,0.6230554
0.0,0.2610492
1.0,0.6645102
1.0,0.6984407
0.0,0.33560044
0.0,0.18665615
1.0,0.47554022
0.0,0.14481726
1.0,0.7035461
0.0,0.11113945
0.0,0.5022953
1.0,0.7221348
0.0,0.2890265
0.0,0.090987235
0.0,0.231826
0.0,0.25223884
0.0,0.4728069
1.0,0.26797298
0.0,0.15459934
1.0,0.8517916
0.0,0.22472897
1.0,0.5959077
0.0,0.3813731
1.0,0.61223954
1.0,0.79737854
1.0,0.8609536
0.0,0.5921114
0.0,0.14128366
1.0,0.47627214
0.0,0.23562294
0.0,0.18623027
1.0,0.71887136
1.0,0.43382663
0.0,0.3235297
1.0,0.61432564
1.0,0.7196971
0.0,0.6448282
0.0,0.18771219
0.0,0.4903784
0.0,0.14302483
0.0,0.08068895
0.0,0.6205859
1.0,0.75751793
1.0,0.76137686
1.0,0.73060435
0.0,0.03275481
0.0,0.07811746
0.0,0.15119293
0.0,0.20121816
0.0,0.31859273
0.0,0.15430093
1.0,0.7778871
1.0,0.68648463
1.0,0.62219113
0.0,0.3576086
0.0,0.10527322
1.0,0.45218801
0.0,0.23165461
0.0,0.72477615
1.0,0.6236781
0.0,0.54484105
0.0,0.5082046
1.0,0.5766288
0.0,0.20763198
1.0,0.59603095
1.0,0.7041564
0.0,0.6642496
0.0,0.17568171
1.0,0.8885245
0.0,0.094994426
0.0,0.30890018
1.0,0.41745597
1.0,0.6128853
1.0,0.5202007
1.0,0.7187891
0.0,0.76382923
0.0,0.17914656
0.0,0.13739803
1.0,0.4153624
0.0,0.7952775
1.0,0.7875988
0.0,0.6066801
1.0,0.677565
1.0,0.4279175
0.0,0.23967433
0.0,0.23111442
0.0,0.036444664
0.0,0.53091824
0.0,0.2939043
0.0,0.18651295
1.0,0.45497778
1.0,0.35504895
0.0,0.52617115
1.0,0.7023712
1.0,0.2387954
0.0,0.058411002
0.0,0.24549407
1.0,0.5910994
1.0,0.34902728
0.0,0.1707119
0.0,0.1917091
0.0,0.18891728
0.0,0.19376397
1.0,0.50622475
1.0,0.5688388
0.0,0.2299442
0.0,0.11527169
0.0,0.2317138
0.0,0.26697266
0.0,0.13685453
0.0,0.25455064
0.0,0.67431366
0.0,0.2825147
0.0,0.24386737
0.0,0.19975126
0.0,0.33307147
1.0,0.841444
1.0,0.55011916
0.0,0.059916288
0.0,0.1675395
0.0,0.044516623
0.0,0.16490403
0.0,0.39034766
0.0,0.38592145
0.0,0.17975026
0.0,0.55725515
1.0,0.60815376
1.0,0.75230795
1.0,0.7719048
1.0,0.72456527
1.0,0.81953347
0.0,0.4992706
0.0,0.2782867
0.0,0.22752693
0.0,0.2601763
1.0,0.45078048
0.0,0.17162234
1.0,0.58238065
0.0,0.29691222
0.0,0.69987804
0.0,0.60728616
0.0,0.25967082
0.0,0.20470273
0.0,0.55463463
0.0,0.30495864
0.0,0.119078934
1.0,0.66879404
1.0,0.53896415
0.0,0.2632748
0.0,0.35792115
0.0,0.13120794
0.0,0.18602428
1.0,0.7696123
0.0,0.13917527
1.0,0.3216099
0.0,0.17481014
1.0,0.4573744
0.0,0.17652908
0.0,0.31451347
1.0,0.6491806
0.0,0.123347074
1.0,0.50725967
0.0,0.19366339
0.0,0.46962258
0.0,0.42239636
0.0,0.100108
0.0,0.13925424
1.0,0.6125846
1.0,0.77006215
0.0,0.49844527
0.0,0.22388852
0.0,0.18673852
0.0,0.010437399
1.0,0.46969196
0.0,0.5441978
1.0,0.256842
1.0,0.61638784
0.0,0.49367738
0.0,0.14189696
0.0,0.28934896
0.0,0.1614438
0.0,0.19429752
0.0,0.18160364
0.0,0.31020957
0.0,0.48404872
0.0,0.40794188
1.0,0.6205647
0.0,0.8208964
0.0,0.1430228
1.0,0.57591677
0.0,0.18625319
0.0,0.3309984
0.0,0.07695776
0.0,0.13395777
1.0,0.28818566
1.0,0.69649136
1.0,0.70453763
0.0,0.14557132
0.0,0.1470286
0.0,0.18900213
0.0,0.5509145
0.0,0.3121097
0.0,0.5809276
1.0,0.75226915
1.0,0.77153033
1.0,0.5184407
0.0,0.21173239
1.0,0.8139514
1.0,0.41292495
0.0,0.20734644
1.0,0.58757186
0.0,0.17057392
0.0,0.18189067
0.0,0.69293725
1.0,0.761359
1.0,0.63077587
1.0,0.39390296
0.0,0.662273
0.0,0.34063482
0.0,0.12542766
1.0,0.70419186
1.0,0.78479385
1.0,0.7494821
1.0,0.6251677
0.0,0.13413915
0.0,0.1592117
0.0,0.2204839
0.0,0.33779505
1.0,0.7053104
0.0,0.18757775
0.0,0.39469597
0.0,0.37631035
1.0,0.47719234
0.0,0.33745265
0.0,0.22819251
0.0,0.13567424
0.0,0.64374995
0.0,0.19467202
0.0,0.29819822
0.0,0.17804211
0.0,0.26235864
0.0,0.12507662
1.0,0.8319384
1.0,0.7271476
0.0,0.527329
0.0,0.6577759
0.0,0.31647003
1.0,0.58293253
0.0,0.16926107
0.0,0.11779371
0.0,0.45192856
0.0,0.14818376
1.0,0.55071396
0.0,0.09070453
0.0,0.17391911
1.0,0.59497225
1.0,0.82975864
1.0,0.7330532
0.0,0.0704554
0.0,0.26282662
1.0,0.44253704
1.0,0.7730097
1.0,0.7505287
0.0,0.62472767
0.0,0.39378533
0.0,0.053633004
1.0,0.4679205
1.0,0.7902863
0.0,0.13923502
0.0,0.58825994
1.0,0.740247
1.0,0.7031459
0.0,0.14794698
1.0,0.6400628
1.0,0.48243657
0.0,0.24767518
1.0,0.40343663
0.0,0.16612032
0.0,0.16690767
0.0,0.49094015
0.0,0.20197168
1.0,0.20785108
0.0,0.37248772
1.0,0.03571853
1.0,0.66890275
1.0,0.45223314
0.0,0.10902369
0.0,0.5724821
1.0,0.556485
0.0,0.13591024
1.0,0.6385969
1.0,0.52368915
0.0,0.43312
0.0,0.3030322
1.0,0.34831995
1.0,0.8180398
0.0,0.12882632
1.0,0.49510023
1.0,0.4986243
1.0,0.59040517
1.0,0.7482086
1.0,0.47138172
1.0,0.6859189
0.0,0.2102834
0.0,0.5473553
0.0,0.21983424
1.0,0.70300734
1.0,0.84421873
0.0,0.22492996
0.0,0.18368167
1.0,0.49526
0.0,0.13866931
1.0,0.7749033
0.0,0.437097
1.0,0.6537308
1.0,0.62123007
0.0,0.4583631
1.0,0.44724977
0.0,0.2814755
1.0,0.8585616
1.0,0.6317632
1.0,0.36649382
0.0,0.28187358
0.0,0.18957567
1.0,0.7474874
0.0,0.26902992
1.0,0.6849828
0.0,0.21148968
0.0,0.33759815
0.0,0.1697191
0.0,0.28383934
0.0,0.100224614
0.0,0.35936132
0.0,0.35799116
1.0,0.61422634
1.0,0.39093378
0.0,0.19896069
1.0,0.76843095
1.0,0.4320356
0.0,0.5797923
0.0,0.6972028
0.0,0.2227549
0.0,0.16847542
0.0,0.20915535
0.0,0.3122437
1.0,0.39114234
1.0,0.80190766
0.0,0.19685584
0.0,0.14485052
0.0,0.23971927
0.0,0.6924939
0.0,0.28137368
1.0,0.65168875
0.0,0.22195849
0.0,0.35062888
1.0,0.3830474
1.0,0.73139524
0.0,0.16617614
0.0,0.32883534
0.0,0.16351396
1.0,0.7567692
1.0,0.49550253
0.0,0.14616236
0.0,0.26960155
0.0,0.17383495
0.0,0.22489572
0.0,0.10425976
1.0,0.7113091
1.0,0.62588847
1.0,0.445928
0.0,0.055247277
1.0,0.43880525
0.0,0.49038345
1.0,0.8695352
1.0,0.4982956
0.0,0.109865874
0.0,0.10683021
0.0,0.111777246
0.0,0.39768773
0.0,0.57721084
1.0,0.84739316
0.0,0.3885758
0.0,0.5520763
0.0,0.19625303
0.0,0.13912013
0.0,0.258085
0.0,0.40506583
0.0,0.25621653
1.0,0.4675422
1.0,0.69253254
0.0,0.056914568
0.0,0.56002235
0.0,0.43986917
0.0,0.17137837
1.0,0.71386266
0.0,0.24027193
0.0,0.4198255
1.0,0.5352177
0.0,0.5418739
0.0,0.22136992
0.0,0.103943735
0.0,0.2085832
1.0,0.7251979
1.0,0.6731784
0.0,0.16480571
1.0,0.375432
1.0,0.6925075
1.0,0.6673505
0.0,0.28830436
0.0,0.13706937
1.0,0.6398913
1.0,0.6094407
0.0,0.16329232
1.0,0.80592275
0.0,0.11700234
1.0,0.60890144
1.0,0.6663174
1.0,0.68574893
0.0,0.17212713
1.0,0.40513733
1.0,0.580842
0.0,0.2228662
0.0,0.17178795
0.0,0.7474753
0.0,0.46280783
0.0,0.17032596
0.0,0.1434449
1.0,0.8129804
0.0,0.5496763
0.0,0.29522723
0.0,0.43644202
0.0,0.20637721
0.0,0.22467905
0.0,0.7290152
1.0,0.53095436
0.0,0.18857312
0.0,0.26937252
0.0,0.5364025
1.0,0.6726341
1.0,0.8092276
1.0,0.72197366
1.0,0.67256474
0.0,0.13787425
0.0,0.27922347
0.0,0.2514782
0.0,0.13361824
0.0,0.64402014
0.0,0.21534371
1.0,0.6372796
0.0,0.6877396
1.0,0.37195718
1.0,0.28822297
1.0,0.66947967
0.0,0.18621713
0.0,0.110423654
0.0,0.0919798
0.0,0.13319159
1.0,0.6297924
1.0,0.67535603
1.0,0.5571683
1.0,0.7250482
1.0,0.55370045
0.0,0.13411143
0.0,0.34830105
0.0,0.21730813
0.0,0.18253979
1.0,0.6291002
0.0,0.16546443
0.0,0.051516354
1.0,0.7821837
1.0,0.5271265
0.0,0.17829734
0.0,0.23594439
0.0,0.37064657
0.0,0.327367
1.0,0.54489875
0.0,0.78303826
0.0,0.45282784
1.0,0.821806
0.0,0.3460232
1.0,0.6387422
1.0,0.7481252
0.0,0.15675467
0.0,0.40035555
0.0,0.25654972
0.0,0.29525873
1.0,0.77221483
0.0,0.20978534
0.0,0.1632931
0.0,0.6335567
0.0,0.17471972
1.0,0.78338873
1.0,0.43715057
1.0,0.5533184
1.0,0.6550981
0.0,0.12798148
0.0,0.21692082
1.0,0.64261496
0.0,0.12745166
1.0,0.45316476
0.0,0.14217123
1.0,0.7015664
1.0,0.7849633
0.0,0.5069961
0.0,0.0053151846
0.0,0.5304655
0.0,0.16813403
0.0,0.23927227
0.0,0.21969599
1.0,0.7028822
0.0,0.16317138
0.0,0.30981404
0.0,0.34631032
0.0,0.35994145
0.0,0.14060047
0.0,0.12913504
0.0,0.29599887
0.0,0.12533358
0.0,0.09495482
0.0,0.22527611
0.0,0.20240259
0.0,0.10949013
1.0,0.37384236
0.0,0.29806018
1.0,0.74326205
0.0,0.1368452
0.0,0.10237619
1.0,0.6983431
0.0,0.124622285
1.0,0.758111
0.0,0.2844497
1.0,0.54470706
0.0,0.5074203
0.0,0.26869953
1.0,0.6093838
1.0,0.42751348
0.0,0.20385268
0.0,0.28903335
0.0,0.02820322
0.0,0.078235984
0.0,0.12043029
0.0,0.58738047
1.0,0.63143027
1.0,0.7395432
0.0,0.20206288
0.0,0.2594533
1.0,0.5078998
1.0,0.6723832
1.0,0.54529876
0.0,0.10623291
1.0,0.2199249
0.0,0.46073613
1.0,0.31893888
0.0,0.047796965
1.0,0.31030542
0.0,0.12819797
0.0,0.21921533
0.0,0.5000868
0.0,0.59721273
1.0,0.7022108
0.0,0.24495551
0.0,0.32983997
1.0,0.62797
0.0,0.113921344
0.0,0.596448
0.0,0.49421203
1.0,0.77267015
0.0,0.34775913
0.0,0.2671549
0.0,0.8195091
1.0,0.5845599
0.0,0.10021922
0.0,0.34570014
0.0,0.160613
1.0,0.49491403
0.0,0.07103878
1.0,0.7889968
0.0,0.306862
1.0,0.5773961
1.0,0.8231624
0.0,0.5527725
1.0,0.7767434
1.0,0.6651886
0.0,0.12296051
0.0,0.57475483
0.0,0.339014
1.0,0.7996204
0.0,0.20308387
1.0,0.59017444
1.0,0.36806464
0.0,0.1849483
1.0,0.6519266
0.0,0.26100692
1.0,0.4080128
0.0,0.4131428
1.0,0.6803823
0.0,0.47214717
1.0,0.11094275
0.0,0.41473323
0.0,0.14314866
0.0,0.08822724
0.0,0.14006096
0.0,0.17777944
0.0,0.07736671
0.0,0.05053863
0.0,0.4719156
0.0,0.24475574
0.0,0.34548575
0.0,0.40195638
0.0,0.20350796
1.0,0.6261813
1.0,0.35185915
0.0,0.561222
1.0,0.29322928
0.0,0.1683318
0.0,0.33296323
0.0,0.10144687
0.0,0.25436062
0.0,0.2527663
0.0,0.4329323
1.0,0.64363587
0.0,0.079961985
0.0,0.19430685
1.0,0.15056777
0.0,0.11410931
1.0,0.6872645
0.0,0.27836597
0.0,0.18206728
1.0,0.52571154
0.0,0.14822215
1.0,0.61879146
0.0,0.15310347
0.0,0.076527745
0.0,0.16236374
1.0,0.6689404
0.0,0.15907824
1.0,0.7088736
1.0,0.49815467
0.0,0.7981062
0.0,0.11867958
1.0,0.19650036
0.0,0.26939565
0.0,0.22787762
0.0,0.60317826
0.0,0.09497082
0.0,0.5471653
0.0,0.5864629
1.0,0.3116721
0.0,0.18637207
1.0,0.6657636
0.0,0.14164817
0.0,0.14092347
0.0,0.1510784
1.0,0.7413413
1.0,0.79476035
0.0,0.30568337
0.0,0.5354447
0.0,0.1253835
0.0,0.29922348
0.0,0.15660718
0.0,0.13502434
0.0,0.07702842
1.0,0.3835038
1.0,0.45750847
0.0,0.19401035
0.0,0.7543734
1.0,0.7162952
0.0,0.12558833
1.0,0.63471156
0.0,0.09033644
0.0,0.13658372
1.0,0.75795555
0.0,0.4009595
1.0,0.5892248
1.0,0.56566024
1.0,0.7401672
0.0,0.2501762
0.0,0.16048476
0.0,0.6080787
1.0,0.7352741
0.0,0.37596935
1.0,0.74292535
0.0,0.21623895
0.0,0.12780613
0.0,0.52152616
1.0,0.65050614
0.0,0.14347538
0.0,0.1436576
0.0,0.27478343
1.0,0.3395403
1.0,0.72771466
0.0,0.078323334
0.0,0.14053702
1.0,0.73469603
1.0,0.74185
1.0,0.67143
1.0,0.43491992
0.0,0.15612829
1.0,0.5695238
0.0,0.2952065
0.0,0.21758354
0.0,0.1753406
1.0,0.71646893
0.0,0.3064705
0.0,0.3272019
0.0,0.08202955
1.0,0.3875144
0.0,0.22584847
1.0,0.55814236
1.0,0.7393583
0.0,0.1045095
1.0,0.77886266
0.0,0.24715987
1.0,0.4271084
0.0,0.49815175
0.0,0.16706485
0.0,0.21045324
0.0,0.17233735
1.0,0.7405235
0.0,0.26591036
0.0,0.2708974
0.0,0.34083915
1.0,0.8549776
1.0,0.6615211
0.0,0.19565505
1.0,0.71334916
1.0,0.7412839
1.0,0.8398948
1.0,0.4871616
0.0,0.41575855
1.0,0.79125583
0.0,0.39367926
0.0,0.36496887
1.0,0.42574546
0.0,0.14807785
0.0,0.14655313
0.0,0.310772
1.0,0.009857714
0.0,0.5693539
0.0,0.56367266
1.0,0.6499021
0.0,0.16558066
1.0,0.5742968
0.0,0.1958555
0.0,0.6328953
1.0,0.5207994
1.0,0.6833059
0.0,0.14624256
1.0,0.65690446
1.0,0.70852023
0.0,0.5980648
0.0,0.43499982
1.0,0.6260397
0.0,0.15767491
1.0,0.8361487
0.0,0.2217842
0.0,0.20178145
1.0,0.354995
1.0,0.57343906
0.0,0.15798804
1.0,0.5144114
0.0,0.24606007
0.0,0.70683855
1.0,0.6857142
0.0,0.25294936
0.0,0.3171431
0.0,0.19129437
1.0,0.6149934
0.0,0.1303677
0.0,0.12076691
1.0,0.4791863
1.0,0.6590435
0.0,0.2552656
0.0,0.42018482
0.0,0.09691301
1.0,0.4838026
0.0,0.67780775
0.0,0.1694813
0.0,0.2824
0.0,0.19153515
0.0,0.17543328
1.0,0.27928853
0.0,0.2278153
0.0,0.16757903
0.0,0.19288406
1.0,0.6006121
1.0,0.75011295
1.0,0.53577745
0.0,0.5870743
0.0,0.14130896
0.0,0.6632072
1.0,0.7615644
0.0,0.2871698
1.0,0.7256698
0.0,0.07591805
1.0,0.7831124
0.0,0.32164896
1.0,0.73009276
0.0,0.75828594
1.0,0.39877558
0.0,0.21452925
0.0,0.2983133
1.0,0.5112455
1.0,0.67631483
1.0,0.6761732
0.0,0.3924236
1.0,0.647424
1.0,0.49078748
1.0,0.26294369
0.0,0.16015184
1.0,0.19187975
0.0,0.18644497
0.0,0.73219013
1.0,0.4449777
0.0,0.4019457
0.0,0.18872744
0.0,0.19715226
0.0,0.2897256
0.0,0.49589813
1.0,0.67746735
1.0,0.7564869
0.0,0.5964122
0.0,0.48873493
0.0,0.17574486
1.0,0.8012416
0.0,0.4052886
0.0,0.3219612
0.0,0.13292688
0.0,0.14005727
0.0,0.21331707
0.0,0.59991926
1.0,0.7918503
1.0,0.87509716
1.0,0.29079515
0.0,0.38508397
0.0,0.124536455
0.0,0.1496591
0.0,0.2220639
0.0,0.19198179
1.0,0.69394535
0.0,0.15302974
0.0,0.01864186
1.0,0.80295855
0.0,0.3463388
1.0,0.32274324
1.0,0.6582804
0.0,0.43103963
0.0,0.106330186
0.0,0.36528254
1.0,0.5212292
0.0,0.3773608
0.0,0.18377861
1.0,0.59588206
1.0,0.43461055
0.0,0.11668497
0.0,0.25837904
0.0,0.5402697
0.0,0.14407602
0.0,0.40034395
1.0,0.5588259
1.0,0.63035643
0.0,0.20626205
0.0,0.06224194
0.0,0.40182972
0.0,0.14039168
1.0,0.5455097
0.0,0.28541198
1.0,0.77582073
0.0,0.25053677
1.0,0.8607992
0.0,0.21656016
1.0,0.6808352
1.0,0.58493567
0.0,0.24594796
0.0,0.30016965
0.0,0.08933133
0.0,0.35837394
1.0,0.6183874
1.0,0.07527894
1.0,0.41910893
1.0,0.37560362
1.0,0.34563142
0.0,0.083134204
1.0,0.5710731
1.0,0.6203431
0.0,0.13622183
0.0,0.16645303
0.0,0.19215912
1.0,0.4780696
1.0,0.7832261
0.0,0.59959567
0.0,0.13788927
1.0,0.62872976
0.0,0.21962556
0.0,0.27932152
1.0,0.7966089
0.0,0.43937388
0.0,0.25477332
1.0,0.38677916
1.0,0.67292166
0.0,0.15555775
0.0,0.19937989
0.0,0.1382787
1.0,0.7319609
1.0,0.70856076
0.0,0.6362183
0.0,0.5829919
1.0,0.7626683
1.0,0.30138278
0.0,0.14005345
0.0,0.31225723
0.0,0.3044843
1.0,0.4625496
1.0,0.4241507
0.0,0.18518117
0.0,0.37446284
1.0,0.62431216
0.0,0.19288784
0.0,0.20641175
0.0,0.26253825
0.0,0.55427945
1.0,0.48044765
0.0,0.5406365
0.0,0.170452
0.0,0.42598474
0.0,0.36921692
0.0,0.14630613
1.0,0.77235216
1.0,0.6572472
0.0,0.34409106
1.0,0.859661
0.0,0.3789611
1.0,0.73283076
1.0,0.09688288
1.0,0.77255446
0.0,0.14136958
0.0,0.61767256
0.0,0.17005387
1.0,0.7882781
0.0,0.11321202
1.0,0.7191628
0.0,0.24067166
0.0,0.14339316
1.0,0.4514764
1.0,0.79152477
0.0,0.13200173
1.0,0.547501
0.0,0.14436713
1.0,0.6496546
0.0,0.11958411
1.0,0.5704604
1.0,0.3073284
0.0,0.21999466
0.0,0.17379704
0.0,0.12790188
0.0,0.12462953
0.0,0.14213371
0.0,0.6206342
0.0,0.24301806
0.0,0.16082844
0.0,0.7738563
0.0,0.094383955
1.0,0.5815532
0.0,0.4974391
0.0,0.11218014
1.0,0.84564483
0.0,0.34805354
1.0,0.8063418
0.0,0.3215627
1.0,0.75337386
0.0,0.14872897
0.0,0.23520926
1.0,0.8128184
0.0,0.24377078
0.0,0.124028414
0.0,0.10823715
1.0,0.6282488
1.0,0.4009295
0.0,0.15075678
1.0,0.70980036
1.0,0.8857059
1.0,0.74904156
0.0,0.4266942
1.0,0.37391293
1.0,0.8328432
0.0,0.32545805
1.0,0.40966648
1.0,0.4924922
0.0,0.19735342
0.0,0.11201337
0.0,0.19231895
0.0,0.21808499
0.0,0.3007751
0.0,0.14760062
0.0,0.16080219
0.0,0.06337628
1.0,0.6419989
0.0,0.20528248
0.0,0.14697966
0.0,0.17319942
0.0,0.25057805
1.0,0.4699035
0.0,0.11554119
1.0,0.67720723
0.0,0.47362298
0.0,0.19861111
1.0,0.35298902
1.0,0.5690731
0.0,0.46681377
0.0,0.18913409
1.0,0.7583801
0.0,0.70611846
0.0,0.2556061
1.0,0.50309706
1.0,0.44502574
1.0,0.48518342
1.0,0.5543778
0.0,0.32239163
0.0,0.08021465
1.0,0.17242432
0.0,0.1526567
0.0,0.05273807
1.0,0.78717095
1.0,0.6668213
1.0,0.73969007
0.0,0.17860043
1.0,0.42887476
1.0,0.7299228
1.0,0.6721374
0.0,0.17470211
0.0,0.17730397
1.0,0.2190108
0.0,0.21527416
0.0,0.62700284
0.0,0.22000566
1.0,0.6516658
0.0,0.14634576
0.0,0.27638632
0.0,0.29184866
0.0,0.54611254
0.0,0.4008642
0.0,0.09374431
0.0,0.67092866
1.0,0.8232453
0.0,0.19748342
1.0,0.5921968
0.0,0.15783352
0.0,0.40952134
0.0,0.61722726
1.0,0.1794622
0.0,0.6039506
0.0,0.15508163
0.0,0.13242167
0.0,0.33381683
0.0,0.24879357
1.0,0.7124904
0.0,0.4045255
1.0,0.6020186
0.0,0.16692868
0.0,0.3098024
0.0,0.2398904
0.0,0.38285568
0.0,0.2515643
0.0,0.3638801
0.0,0.48696187
0.0,0.20719832
1.0,0.5788132
0.0,0.19981202
1.0,0.3192876
1.0,0.49168056
0.0,0.3429828
0.0,0.23035511
1.0,0.69481194
0.0,0.20139763
1.0,0.53334653
1.0,0.6473272
0.0,0.17394072
1.0,0.32514954
0.0,0.1950613
1.0,0.7608901
0.0,0.16091526
0.0,0.248876
1.0,0.48135194
0.0,0.6435958
0.0,0.091908425
0.0,0.152273
1.0,0.39857656
1.0,0.11534241
0.0,0.13119534
0.0,0.30034232
1.0,0.4979792
0.0,0.5398473
1.0,0.48279938
0.0,0.4134112
1.0,0.4207705
0.0,0.5097314
0.0,0.19570097
0.0,0.69549066
0.0,0.2618335
0.0,0.39136866
1.0,0.16917461
0.0,0.45324513
1.0,0.72145355
0.0,0.12141076
1.0,0.48819202
0.0,0.12097204
0.0,0.11070958
0.0,0.19291016
0.0,0.21512228
0.0,0.30826223
0.0,0.32175148
0.0,0.45939976
0.0,0.2982211
1.0,0.6968541
0.0,0.14119989
0.0,0.21372709
1.0,0.32337528
1.0,0.0020457804
0.0,0.16032383
0.0,0.1557171
1.0,0.5804114
0.0,0.26418406
1.0,0.12682983
1.0,0.5389004
1.0,0.6496367
1.0,0.6616813
0.0,0.2185556
0.0,0.10753143
1.0,0.665762
0.0,0.35842395
1.0,0.72979444
1.0,0.6771509
1.0,0.6447308
0.0,0.31212968
0.0,0.11513734
0.0,0.4052402
0.0,0.03146851
1.0,0.63879204
1.0,0.6408127
0.0,0.35201016
0.0,0.23827645
0.0,0.40402687
0.0,0.24183646
1.0,0.22899443
1.0,0.6410808
1.0,0.44801745
0.0,0.4441847
1.0,0.33489686
1.0,0.7063445
1.0,0.622737
1.0,0.83213115
0.0,0.561173
0.0,0.562155
0.0,0.44542181
0.0,0.12937322
1.0,0.011846095
1.0,0.8397936
1.0,0.57083225
1.0,0.50407094
0.0,0.26035124
0.0,0.13390395
0.0,0.27400866
0.0,0.23859948
1.0,0.5164075
0.0,0.13352579
0.0,0.16158009
0.0,0.03613296
0.0,0.16051236
1.0,0.7998563
1.0,0.8121379
1.0,0.6483423
0.0,0.4852569
0.0,0.42934752
1.0,0.5655122
1.0,0.8265898
0.0,0.24030486
1.0,0.7509196
0.0,0.45465365
1.0,0.8440306
1.0,0.7809875
1.0,0.4572912
0.0,0.1763111
0.0,0.2653818
1.0,0.7475701
0.0,0.2291638
0.0,0.44712725
1.0,0.7084238
0.0,0.18013695
0.0,0.122692496
0.0,0.2178044
1.0,0.34124663
0.0,0.48613504
0.0,0.45998892
1.0,0.6021413
0.0,0.3502927
0.0,0.18263388
0.0,0.25355422
0.0,0.26607263
1.0,0.7399969
0.0,0.7349718
0.0,0.20394364
0.0,0.10072225
1.0,0.7548919
0.0,0.17695603
0.0,0.0906803
1.0,0.38998333
0.0,0.47779122
0.0,0.30678123
1.0,0.7540774
1.0,0.38626412
0.0,0.10610899
1.0,0.3566864
1.0,0.495694
0.0,0.2918839
0.0,0.53423584
1.0,0.38449115
1.0,0.6477766
0.0,0.18899849
1.0,0.47830188
1.0,0.40403062
1.0,0.56014913
0.0,0.3299865
1.0,0.3199057
0.0,0.23059261
1.0,0.5959524
0.0,0.14858043
1.0,0.7585425
0.0,0.52234674
0.0,0.47204795
1.0,0.6569618
0.0,0.2034381
1.0,0.7273912
1.0,0.5418406
1.0,0.803483
1.0,0.78229594
0.0,0.28394237
1.0,0.2893679
0.0,0.4801424
0.0,0.15141574
0.0,0.37280488
0.0,0.29606104
1.0,0.68724346
0.0,0.17135361
0.0,0.2970398
0.0,0.2956805
0.0,0.58780354
1.0,0.5998484
0.0,0.48805854
0.0,0.15457791
0.0,0.2324023
0.0,0.32242268
1.0,0.54722226
0.0,0.14454097
1.0,0.57848024
1.0,0.8196202
0.0,0.49931192
0.0,0.11030397
0.0,0.16434214
1.0,0.8693445
0.0,0.1905101
1.0,0.2622549
1.0,0.29121011
1.0,0.7622468
0.0,0.57951814
0.0,0.40564662
0.0,0.14433742
0.0,0.5456948
0.0,0.22259372
0.0,0.21310106
0.0,0.21581495
1.0,0.5351133
0.0,0.2598892
1.0,0.6654537
0.0,0.34381747
1.0,0.6303247
1.0,0.67597127
1.0,0.5752424
1.0,0.61209035
0.0,0.34578782
0.0,0.46610945
0.0,0.23498374
1.0,0.6084679
1.0,0.75455934
0.0,0.16104323
1.0,0.29737523
1.0,0.74471307
1.0,0.7421708
1.0,0.7002224
0.0,0.5454999
0.0,0.24841768
1.0,0.6770928
0.0,0.1943056
0.0,0.4709115
1.0,0.8451956
0.0,0.10100889
0.0,0.3666889
0.0,0.12488592
0.0,0.10708067
0.0,0.2740956
1.0,0.8784808
0.0,0.11506012
0.0,0.5142386
1.0,0.3339401
0.0,0.20905024
1.0,0.6685766
0.0,0.31530228
0.0,0.12307489
0.0,0.22182956
0.0,0.15532607
1.0,0.5832606
0.0,0.35812205
0.0,0.28716412
1.0,0.7169837
1.0,0.5712326
0.0,0.1959109
0.0,0.21992016
0.0,0.14200962
1.0,0.49052614
0.0,0.19029379
1.0,0.6037835
1.0,0.5915088
1.0,0.43985167
1.0,0.4837754
1.0,0.6667885
0.0,0.7287427
1.0,0.6604873
1.0,0.8241869
0.0,0.17450011
0.0,0.12087849
0.0,0.14233512
1.0,0.5472251
0.0,0.16215876
0.0,0.17129195
0.0,0.18423012
1.0,0.83128583
0.0,0.19861713
1.0,0.6748079
0.0,0.01024276
0.0,0.417669
0.0,0.19230548
0.0,0.19556129
0.0,0.24931955
1.0,0.62326247
1.0,0.7250774
0.0,0.22821346
0.0,0.42403495
1.0,0.56014794
0.0,0.073079824
1.0,0.75547355
0.0,0.18578932
0.0,0.2468797
0.0,0.25994796
1.0,0.7438164
1.0,0.5689946
0.0,0.22160181
0.0,0.39689094
1.0,0.5162564
0.0,0.43627366
0.0,0.12418139
1.0,0.63458264
1.0,0.8084106
1.0,0.8274806
0.0,0.24261379
1.0,0.7017201
1.0,0.5993117
0.0,0.36236235
0.0,0.22017863
0.0,0.20217109
0.0,0.22611067
0.0,0.11757979
0.0,0.2777715
1.0,0.5300573
1.0,0.729766
0.0,0.29304022
0.0,0.10070324
0.0,0.4559219
0.0,0.27598697
1.0,0.50100946
0.0,0.531811
0.0,0.13019738
0.0,0.5011218
0.0,0.5686757
1.0,0.39921695
0.0,0.10859549
0.0,0.58765507
1.0,0.765647
0.0,0.19757628
0.0,0.51062757
0.0,0.29066485
0.0,0.12504092
1.0,0.37117714
1.0,0.71641654
0.0,0.30975288
0.0,0.67372555
0.0,0.084207356
0.0,0.71365774
0.0,0.7003694
0.0,0.42229944
0.0,0.11159605
0.0,0.22670937
1.0,0.13092697
0.0,0.19429281
1.0,0.16349456
0.0,0.5604284
0.0,0.106956095
0.0,0.25948912
0.0,0.21735907
0.0,0.1587702
0.0,0.2526654
1.0,0.7603632
0.0,0.17872792
0.0,0.49082792
0.0,0.27569836
1.0,0.47826222
1.0,0.5521515
0.0,0.14525643
0.0,0.32016605
0.0,0.13249838
1.0,0.82286066
1.0,0.6856273
1.0,0.8002062
0.0,0.0034228265
1.0,0.7922136
0.0,0.2164455
0.0,0.0772914
0.0,0.24166813
1.0,0.1985595
0.0,0.08561495
0.0,0.13850579
1.0,0.8120792
1.0,0.19672543
0.0,0.28183043
1.0,0.8388618
0.0,0.19340533
1.0,0.6470842
0.0,0.32377738
1.0,0.65458727
0.0,0.77393615
0.0,0.24665481
1.0,0.58829355
0.0,0.12703958
0.0,0.27179694
0.0,0.23675516
0.0,0.17983419
0.0,0.20497185
0.0,0.14996663
1.0,0.6931922
1.0,0.423618
0.0,0.3033973
0.0,0.15598688
0.0,0.1710383
0.0,0.5426789
1.0,0.7301802
0.0,0.16662687
0.0,0.52857345
0.0,0.1561512
0.0,0.27530795
0.0,0.06782603
1.0,0.73764616
1.0,0.74771076
0.0,0.114274144
0.0,0.20918933
0.0,0.20033622
0.0,0.17595094
1.0,0.45859265
0.0,0.5486284
0.0,0.28684905
0.0,0.14366648
1.0,0.33909315
0.0,0.123799205
0.0,0.18593493
1.0,0.79544914
0.0,0.15043575
0.0,0.14186633
1.0,0.5939316
1.0,0.5986697
1.0,0.6025717
0.0,0.14102495
0.0,0.1441898
0.0,0.3476202
0.0,0.14508176
1.0,0.63292277
0.0,0.38073066
1.0,0.38098532
0.0,0.09136668
0.0,0.13415316
0.0,0.2735942
1.0,0.7532677
0.0,0.55352587
0.0,0.28276086
0.0,0.31413215
1.0,0.45163488
0.0,0.18037772
0.0,0.31616744
0.0,0.10873571
1.0,0.4020645
0.0,0.1469388
0.0,0.09725723
1.0,0.4713617
1.0,0.7995462
0.0,0.07539174
1.0,0.79568094
1.0,0.77765137
1.0,0.5023289
1.0,0.64737487
0.0,0.18678728
1.0,0.68665534
0.0,0.8833761
1.0,0.16879752
0.0,0.19025823
1.0,0.4991175
0.0,0.31923148
1.0,0.28878647
1.0,0.82185805
1.0,0.55248266
0.0,0.13883865
0.0,0.68362594
0.0,0.3785764
0.0,0.1915122
0.0,0.19326589
0.0,0.3452124
1.0,0.7744397
1.0,0.75461507
1.0,0.6379354
0.0,0.14139962
0.0,0.19480899
0.0,0.36310494
0.0,0.28739637
1.0,0.15469033
0.0,0.21350163
0.0,0.124329686
0.0,0.23142222
0.0,0.5178982
1.0,0.52417064
0.0,0.55078745
0.0,0.055262923
0.0,0.31900597
1.0,0.46870026
0.0,0.15082237
0.0,0.39732975
1.0,0.50367707
0.0,0.39266166
1.0,0.6506508
0.0,0.24488196
0.0,0.3624068
0.0,0.12842187
0.0,0.18944183
0.0,0.0788202
1.0,0.6465613
0.0,0.34831405
0.0,0.3565839
1.0,0.66407496
1.0,0.7594303
0.0,0.38791472
1.0,0.23628014
0.0,0.39541465
0.0,0.22125965
1.0,0.775579
0.0,0.08448556
0.0,0.294996
0.0,0.14706919
0.0,0.1719391
1.0,0.62453544
1.0,0.7324389
1.0,0.5432955
1.0,0.7681447
0.0,0.17198166
0.0,0.16720629
0.0,0.31570536
1.0,0.6645156
0.0,0.27029645
0.0,0.2087805
1.0,0.6309477
1.0,0.32869646
1.0,0.65021634
0.0,0.16541779
0.0,0.39547217
0.0,0.459022
1.0,0.71139616
1.0,0.61473423
1.0,0.7294327
0.0,0.0031009018
0.0,0.050413877
0.0,0.091926664
1.0,0.59894496
1.0,0.40497667
0.0,0.2964065
1.0,0.76527774
1.0,0.5067714
1.0,0.6354873
1.0,0.37152475
0.0,0.23304033
0.0,0.20144969
1.0,0.32920837
1.0,0.67307585
0.0,0.24386045
0.0,0.23044649
0.0,0.13255885
0.0,0.15961954
0.0,0.20276332
0.0,0.5522267
0.0,0.14923295
0.0,0.26859206
1.0,0.52951634
1.0,0.6305301
0.0,0.2998159
1.0,0.7896826
0.0,0.065175325
1.0,0.54571307
0.0,0.38902298
1.0,0.6752473
0.0,0.098673254
0.0,0.16020516
0.0,0.19592172
0.0,0.31496868
1.0,0.31184262
1.0,0.60697603
0.0,0.15982705
0.0,0.38105646
1.0,0.32906932
0.0,0.23097244
1.0,0.5449956
1.0,0.4320644
0.0,0.28367922
0.0,0.22779667
0.0,0.24386767
0.0,0.8196356
0.0,0.6696733
0.0,0.13113269
0.0,0.4705028
0.0,0.15571785
1.0,0.64894015
1.0,0.8219837
1.0,0.496387
1.0,0.53152025
0.0,0.21224627
0.0,0.23900801
1.0,0.5880128
0.0,0.64706326
0.0,0.19896305
0.0,0.34717232
1.0,0.44416103
1.0,0.25474137
0.0,0.18138313
1.0,0.7305894
1.0,0.75511146
0.0,0.059783548
0.0,0.20414543
1.0,0.696362
0.0,0.13517869
0.0,0.10261485
0.0,0.116446525
0.0,0.25663394
1.0,0.27987164
0.0,0.124248385
0.0,0.15058059
0.0,0.38319522
1.0,0.28402078
0.0,0.21765473
0.0,0.1748296
1.0,0.7854465
0.0,0.188126
0.0,0.40875372
0.0,0.7824471
1.0,0.78661597
1.0,0.48989925
1.0,0.39418617
0.0,0.22641453
0.0,0.48235813
1.0,0.5123997
0.0,0.1855922
0.0,0.15087438
0.0,0.54707956
0.0,0.110955805
1.0,0.4286249
0.0,0.24952978
0.0,0.51665044
1.0,0.5418635
0.0,0.1513389
0.0,0.2308056
0.0,0.30353868
0.0,0.32652038
1.0,0.7036396
1.0,0.75669277
0.0,0.44672924
1.0,0.7252727
0.0,0.15223703
0.0,0.2138659
0.0,0.09516421
1.0,0.48749143
0.0,0.18736592
0.0,0.10306731
1.0,0.54760265
1.0,0.4285021
1.0,0.6325562
0.0,0.46050945
1.0,0.5867213
1.0,0.7968271
0.0,0.101959914
0.0,0.61467564
0.0,0.7582867
1.0,0.42953882
0.0,0.29107577
0.0,0.46913984
0.0,0.2311269
0.0,0.14183328
0.0,0.11647397
0.0,0.19597366
0.0,0.28866035
0.0,0.7827041
0.0,0.42086408
1.0,0.59614354
1.0,0.49479634
1.0,0.60983133
0.0,0.14003873
1.0,0.7747528
0.0,0.37182462
0.0,0.20906267
1.0,0.72631645
0.0,0.26717845
0.0,0.13797027
0.0,0.3594345
0.0,0.18782139
0.0,0.3959429
0.0,0.40396273
0.0,0.1679678
1.0,0.5747243
0.0,0.098963946
0.0,0.206005
0.0,0.10952902
1.0,0.7423356
1.0,0.67929935
0.0,0.513758
1.0,0.49844483
0.0,0.1505976
1.0,0.21030301
0.0,0.13877794
0.0,0.18000722
1.0,0.1853615
0.0,0.11700186
0.0,0.21597156
1.0,0.27184975
0.0,0.2734648
1.0,0.14226514
0.0,0.3319121
0.0,0.1672818
1.0,0.6562369
0.0,0.15934703
0.0,0.37545925
0.0,0.7180912
0.0,0.109871715
0.0,0.09557068
1.0,0.78220797
0.0,0.14431164
0.0,0.3088333
0.0,0.12200549
1.0,0.49656916
0.0,0.63533413
0.0,0.29249072
1.0,0.35751647
0.0,0.14082012
0.0,0.14281747
0.0,0.24109727
0.0,0.27421415
1.0,0.5762289
0.0,0.22395921
0.0,0.07747179
0.0,0.1821174
0.0,0.15872246
0.0,0.5403497
1.0,0.68598676
1.0,0.67202365
0.0,0.12824807
1.0,0.610699
0.0,0.2464318
0.0,0.1886431
0.0,0.080152005
0.0,0.28512192
1.0,0.7856729
0.0,0.22350672
0.0,0.14595565
0.0,0.5288088
0.0,0.3374762
0.0,0.26328108
0.0,0.14304408
0.0,0.08953264
0.0,0.15149724
0.0,0.15971604
0.0,0.7627069
1.0,0.55863565
0.0,0.19286028
0.0,0.2788906
0.0,0.1799325
1.0,0.81657815
0.0,0.21852773
1.0,0.7300862
0.0,0.14378849
0.0,0.34541643
0.0,0.56785786
1.0,0.8095888
1.0,0.8598724
1.0,0.56178725
1.0,0.50197804
0.0,0.08700955
0.0,0.20078063
1.0,0.7348396
1.0,0.70480883
0.0,0.24036205
0.0,0.42748225
0.0,0.48835632
1.0,0.7414907
0.0,0.23218635
0.0,0.14098927
0.0,0.20788622
0.0,0.21838373
1.0,0.58453256
1.0,0.6372262
0.0,0.06401694
1.0,0.42002925
0.0,0.18628457
0.0,0.21311414
0.0,0.12628075
0.0,0.26589417
0.0,0.22858024
1.0,0.75654364
0.0,0.041151583
0.0,0.4104256
0.0,0.56548434
0.0,0.26619756
0.0,0.5094973
1.0,0.70083076
0.0,0.23741189
0.0,0.12765011
1.0,0.6438522
0.0,0.675704
0.0,0.12245622
1.0,0.67041874
1.0,0.5314958
0.0,0.22498295
1.0,0.888
0.0,0.48729864
1.0,0.7249172
1.0,0.9144866
0.0,0.2554289
1.0,0.7694831
0.0,0.19988692
0.0,0.21853471
0.0,0.48214674
0.0,0.4764253
0.0,0.18109366
0.0,0.14323732
0.0,0.29358998
1.0,0.85170233
0.0,0.1838181
0.0,0.12648106
0.0,0.38850716
0.0,0.5567757
1.0,0.6142165
0.0,0.2642066
0.0,0.3449223
0.0,0.19048664
0.0,0.23694056
0.0,0.048413634
0.0,0.7295521
1.0,0.23235658
0.0,0.24145359
1.0,0.5345086
0.0,0.17308518
1.0,0.42559
0.0,0.28306442
0.0,0.40472707
0.0,0.23286659
0.0,0.5795956
0.0,0.48245496
0.0,0.234467
0.0,0.3749485
0.0,0.11255202
0.0,0.74630237
0.0,0.7192387
1.0,0.6901096
0.0,0.7558695
0.0,0.16608664
1.0,0.7743355
0.0,0.3545649
0.0,0.124237865
0.0,0.09818053
1.0,0.5118466
1.0,0.4339224
1.0,0.44976202
1.0,0.686615
0.0,0.3369429
1.0,0.52515036
0.0,0.30384022
1.0,0.7034508
0.0,0.13950849
0.0,0.7371906
0.0,0.24062595
0.0,0.15026823
0.0,0.3108814
1.0,0.725088
1.0,0.51889026
0.0,0.79699653
1.0,0.54547673
0.0,0.16232923
1.0,0.73483664
0.0,0.12921602
0.0,0.1543076
0.0,0.7280884
0.0,0.48299912
0.0,0.21208441
0.0,0.096108496
1.0,0.8541961
0.0,0.05170259
1.0,0.6536115
1.0,0.5773048
1.0,0.583181
0.0,0.12506431
0.0,0.7267565
0.0,0.17255297
0.0,0.34953362
0.0,0.42232928
1.0,0.648933
0.0,0.27314496
0.0,0.21053958
0.0,0.37093008
0.0,0.11302981
0.0,0.10425794
0.0,0.31978983
0.0,0.68831885
0.0,0.18292722
0.0,0.38811803
1.0,0.8664124
0.0,0.32056242
0.0,0.12175828
0.0,0.12138122
0.0,0.15632778
1.0,0.6874931
0.0,0.4071779
1.0,0.82387173
0.0,0.4468073
1.0,0.8191242
1.0,0.43712106
0.0,0.08492792
0.0,0.017904729
0.0,0.24563915
0.0,0.3733587
0.0,0.14934218
0.0,0.56936854
1.0,0.7261869
0.0,0.15052855
1.0,0.4811406
0.0,0.50396687
0.0,0.05411604
0.0,0.18355566
1.0,0.80669
0.0,0.16925105
1.0,0.79464173
0.0,0.18561509
0.0,0.031942815
0.0,0.4454338
0.0,0.41045392
0.0,0.2581191
0.0,0.20146433
1.0,0.70873964
1.0,0.681614
0.0,0.19150615
0.0,0.24477392
0.0,0.11880422
1.0,0.6478081
0.0,0.34013116
1.0,0.001847744
0.0,0.27027404
1.0,0.65834934
1.0,0.47055212
0.0,0.2545685
0.0,0.14376038
0.0,0.1831522
1.0,0.5984699
0.0,0.5087769
0.0,0.35204577
1.0,0.72005427
1.0,0.5769519
0.0,0.31038487
0.0,0.2976145
1.0,0.6097999
0.0,0.17459035
0.0,0.16138554
0.0,0.14035848
1.0,0.45486403
0.0,0.18957183
0.0,0.23086086
1.0,0.5792113
1.0,0.63960713
0.0,0.16704693
0.0,0.1659829
0.0,0.19351912
1.0,0.7072487
1.0,0.7607728
1.0,0.4237865
0.0,0.18640482
0.0,0.1633529
0.0,0.22595456
0.0,0.119178
1.0,0.69896543
0.0,0.13510016
0.0,0.55435944
0.0,0.2484794
0.0,0.39334476
0.0,0.06554088
0.0,0.13863125
0.0,0.40045422
0.0,0.20238084
0.0,0.14114633
1.0,0.63225675
1.0,0.631095
0.0,0.42468762
0.0,0.44759873
1.0,0.2297487
0.0,0.22886777
1.0,0.6583599
0.0,0.26328135
0.0,0.23341143
1.0,0.78233695
1.0,0.85003066
0.0,0.65058887
0.0,0.50629276
1.0,0.3758796
0.0,0.41330093
0.0,0.1934264
0.0,0.8324633
0.0,0.13565552
1.0,0.76453984
1.0,0.4802433
0.0,0.54603565
0.0,0.09683615
0.0,0.2884578
1.0,0.6423291
0.0,0.2136629
1.0,0.57656586
0.0,0.27235305
1.0,0.5588939
1.0,0.49512568
0.0,0.29594904
1.0,0.39715275
0.0,0.84329677
0.0,0.074664325
1.0,0.7747214
1.0,0.41834575
0.0,0.17759174
0.0,0.2745333
0.0,0.7028122
0.0,0.5477229
1.0,0.705554
0.0,0.29943126
0.0,0.06635976
0.0,0.17071888
1.0,0.69160295
0.0,0.20580217
0.0,0.7932359
1.0,0.7141758
0.0,0.11816698
0.0,0.604818
0.0,0.23252982
1.0,0.2442742
0.0,0.2688821
1.0,0.7863128
0.0,0.155539
1.0,0.24392796
1.0,0.53897
1.0,0.65160626
1.0,0.7338335
0.0,0.0570274
1.0,0.37692574
0.0,0.2084445
1.0,0.7524063
1.0,0.46203366
0.0,0.18826315
1.0,0.4195045
0.0,0.0881896
1.0,0.6195536
1.0,0.36862814
0.0,0.18075624
0.0,0.75414824
1.0,0.8516702
1.0,0.5482129
0.0,0.3373366
0.0,0.39627343
0.0,0.08713591
0.0,0.14273214
0.0,0.53666586
1.0,0.6494703
1.0,0.80609816
1.0,0.4212698
1.0,0.54243714
1.0,0.8090428
1.0,0.79288006
0.0,0.37145907
1.0,0.7020937
0.0,0.16747206
0.0,0.17894834
0.0,0.29871532
1.0,0.19365028
1.0,0.32361603
0.0,0.28193933
0.0,0.19544896
0.0,0.5913926
1.0,0.5398348
1.0,0.52465296
1.0,0.70906913
0.0,0.07488617
0.0,0.7570512
0.0,0.33781415
0.0,0.32201105
0.0,0.20419762
0.0,0.20753312
1.0,0.8297931
1.0,0.70438427
0.0,0.22361624
0.0,0.18971297
0.0,0.5381932
0.0,0.33438218
0.0,0.5312315
0.0,0.2601666
0.0,0.34590042
1.0,0.46899033
0.0,0.2635372
1.0,0.58265907
0.0,0.140692
0.0,0.50862175
0.0,0.13162604
0.0,0.40667903
1.0,0.7120248
1.0,0.49127278
1.0,0.39746127
1.0,0.6719971
0.0,0.14042535
0.0,0.41641867
1.0,0.87126875
1.0,0.4500623
0.0,0.4302572
0.0,0.17735511
0.0,0.24623576
1.0,0.34383857
0.0,0.20368609
1.0,0.13565186
0.0,0.22835147
0.0,0.30184948
0.0,0.16425824
0.0,0.19989377
0.0,0.36957568
0.0,0.11869651
0.0,0.3389741
1.0,0.73615193
0.0,0.1469124
0.0,0.21420518
0.0,0.1652855
1.0,0.38404414
0.0,0.115650505
1.0,0.7729785
0.0,0.10944101
0.0,0.23599133
0.0,0.16399628
0.0,0.41602147
0.0,0.111696154
0.0,0.0983313
1.0,0.7072546
0.0,0.27805525
1.0,0.551516
1.0,0.82889056
0.0,0.24665618
0.0,0.29103637
1.0,0.5899059
1.0,0.8759494
0.0,0.38059646
0.0,0.5349325
0.0,0.17420506
0.0,0.16771057
0.0,0.18746316
1.0,0.7085779
0.0,0.22873968
1.0,0.43796143
1.0,0.37087113
0.0,0.7032223
0.0,0.30578995
0.0,0.14457065
0.0,0.14652604
0.0,0.62746704
0.0,0.11500725
0.0,0.24629253
0.0,0.5512631
1.0,0.63569725
1.0,0.6914569
0.0,0.15099818
0.0,0.2127749
0.0,0.4583397
1.0,0.65579075
0.0,0.11880386
0.0,0.17677686
1.0,0.5714158
1.0,0.82576025
0.0,0.34234032
0.0,0.2845626
0.0,0.20325688
1.0,0.7782192
0.0,0.21586546
1.0,0.7104338
1.0,0.48197025
0.0,0.26102555
0.0,0.0759553
0.0,0.19119915
1.0,0.6360309
0.0,0.3477076
1.0,0.30349106
0.0,0.1825937
1.0,0.616355
0.0,0.3399852
0.0,0.31502885
0.0,0.14929432
1.0,0.8490077
0.0,0.3603115
1.0,0.83098435
1.0,0.53781843
0.0,0.12226555
1.0,0.46056855
0.0,0.32310152
1.0,0.3924691
0.0,0.060051233
1.0,0.74794173
0.0,0.10274291
1.0,0.6614058
1.0,0.64948905
1.0,0.8201765
0.0,0.13473836
1.0,0.72820914
1.0,0.521476
0.0,0.15814844
1.0,0.68225527
1.0,0.1467689
1.0,0.36069453
0.0,0.38070098
0.0,0.16232868
0.0,0.63954896
0.0,0.41876224
