0.0,0.67243296
0.0,0.5097065
1.0,0.519969
0.0,0.38897842
1.0,0.5993695
0.0,0.35757565
1.0,0.7839765
1.0,0.8159845
1.0,0.6238707
0.0,0.35986012
0.0,0.6942518
1.0,0.87369984
0.0,0.3325163
0.0,0.4821718
0.0,0.36208346
0.0,0.33386838
1.0,0.65563995
0.0,0.33809185
0.0,0.35150856
1.0,0.6995032
1.0,0.58352566
0.0,0.3374341
1.0,0.77191067
0.0,0.37892988
0.0,0.3502126
1.0,0.8277041
0.0,0.45781103
1.0,0.8088618
0.0,0.41521984
1.0,0.64820975
0.0,0.3352688
0.0,0.58081836
1.0,0.77322346
1.0,0.8208877
1.0,0.6379539
1.0,0.725093
1.0,0.54940516
0.0,0.38444242
1.0,0.66214716
1.0,0.47993731
1.0,0.8134415
1.0,0.7468169
0.0,0.3072112
1.0,0.668143
1.0,0.72913885
0.0,0.39370638
0.0,0.36003888
0.0,0.3358508
0.0,0.35328823
1.0,0.87261826
0.0,0.5466139
1.0,0.7112339
1.0,0.86337495
1.0,0.6781589
0.0,0.38564363
0.0,0.4240631
0.0,0.5944886
1.0,0.3929262
1.0,0.86723614
1.0,0.55838555
1.0,0.7831007
0.0,0.5306871
1.0,0.89412594
1.0,0.67675805
1.0,0.6709849
0.0,0.5271528
0.0,0.4272068
1.0,0.76475686
0.0,0.41573608
1.0,0.6695032
0.0,0.6004282
1.0,0.81528914
0.0,0.28185418
0.0,0.43761018
1.0,0.9982661
0.0,0.99034536
0.0,0.33820146
0.0,0.4936802
0.0,0.3262192
1.0,0.84448445
0.0,0.33952233
1.0,0.8897523
1.0,0.9004021
1.0,0.97066104
1.0,0.8763291
1.0,0.5974937
1.0,0.79261255
0.0,0.42098787
0.0,0.38101476
1.0,0.5997148
0.0,0.32230347
1.0,0.5677224
0.0,0.38608915
0.0,0.6635316
0.0,0.48017514
1.0,0.78764474
0.0,0.38655227
0.0,0.39787132
1.0,0.5179367
1.0,0.93130636
0.0,0.34748903
0.0,0.38768008
1.0,0.45648134
0.0,0.4873404
0.0,0.9918556
1.0,0.9105019
1.0,0.354703
0.0,0.37332863
1.0,0.36269566
1.0,0.82231724
1.0,0.75669146
0.0,0.36275643
1.0,0.5165936
0.0,0.3917452
0.0,0.34644085
1.0,0.6062192
0.0,0.27401805
1.0,0.72807693
1.0,0.600598
1.0,0.72296745
0.0,0.4351419
1.0,0.7621275
0.0,0.8101566
0.0,0.396047
0.0,0.8584392
1.0,0.3055619
0.0,0.30739295
0.0,0.4342642
1.0,0.86628485
1.0,0.64389706
1.0,0.79286444
0.0,0.39021236
0.0,0.39159596
1.0,0.6101981
1.0,0.91313434
0.0,0.6284511
0.0,0.32772025
0.0,0.438474
0.0,0.4064495
0.0,0.34213552
1.0,0.69145864
0.0,0.34567994
1.0,0.5860188
0.0,0.32685268
0.0,0.38536894
0.0,0.26893282
1.0,0.5703405
0.0,0.38000086
0.0,0.34045953
0.0,0.3614691
0.0,0.5120628
0.0,0.3774221
0.0,0.32422024
0.0,0.74982345
0.0,0.82300365
1.0,0.7338856
0.0,0.30290946
0.0,0.3472076
1.0,0.92733395
0.0,0.36153868
0.0,0.6689317
0.0,0.56138504
0.0,0.3546939
0.0,0.67221653
1.0,0.90923834
0.0,0.52681625
1.0,0.6101815
0.0,0.35377568
0.0,0.33588818
1.0,0.650231
0.0,0.5302816
0.0,0.7336803
0.0,0.5025255
0.0,0.28133726
1.0,0.6807446
1.0,0.59194154
0.0,0.3657571
1.0,0.6467095
0.0,0.6290901
1.0,0.7586082
1.0,0.7289607
1.0,0.6473709
1.0,0.749202
1.0,0.7536497
0.0,0.67716527
0.0,0.30471748
0.0,0.38679618
0.0,0.810745
0.0,0.41013157
0.0,0.40978402
1.0,0.61285037
0.0,0.30349845
0.0,0.71761626
1.0,0.6842909
1.0,0.713781
1.0,0.78265214
0.0,0.39954984
0.0,0.4298629
0.0,0.3404534
1.0,0.39363343
0.0,0.5315452
0.0,0.62070143
0.0,0.65054834
0.0,0.5252824
0.0,0.38481867
1.0,0.41314733
0.0,0.33407488
1.0,0.48057553
0.0,0.3054598
0.0,0.4543414
0.0,0.36473155
1.0,0.89389145
0.0,0.49797356
0.0,0.37538558
0.0,0.3522888
0.0,0.2903703
0.0,0.73865354
0.0,0.50170135
1.0,0.9084289
0.0,0.33376884
0.0,0.3236571
1.0,0.6745673
1.0,0.7926147
0.0,0.6216693
0.0,0.40842754
0.0,0.31248942
0.0,0.4111266
0.0,0.34270698
0.0,0.41682452
1.0,0.80889374
0.0,0.4427533
1.0,0.50249404
0.0,0.36999574
1.0,0.5884603
1.0,0.56924367
0.0,0.32780415
0.0,0.3768204
0.0,0.43078345
1.0,0.69972223
1.0,0.66364354
1.0,0.7394108
1.0,0.37790918
0.0,0.30613774
0.0,0.5324466
1.0,0.8808691
0.0,0.69052404
0.0,0.39524958
0.0,0.32434726
0.0,0.47094306
0.0,0.3462559
0.0,0.3188311
0.0,0.254053
1.0,0.6225405
0.0,0.3254459
0.0,0.45145726
0.0,0.3110333
1.0,0.6309843
1.0,0.7302127
0.0,0.40934062
0.0,0.3638119
0.0,0.33961654
1.0,0.7480949
0.0,0.39237058
0.0,0.32249194
0.0,0.35640842
0.0,0.35707843
1.0,0.7611469
1.0,0.5542401
1.0,0.89150596
0.0,0.34475428
1.0,0.6917508
0.0,0.9697529
0.0,0.3276332
0.0,0.98404527
1.0,0.796782
1.0,0.7228575
0.0,0.31091624
0.0,0.32660288
1.0,0.6534313
1.0,0.5930839
0.0,0.51693606
1.0,0.5205298
1.0,0.9599049
0.0,0.5907244
0.0,0.5302407
0.0,0.51146346
0.0,0.41394767
0.0,0.604396
0.0,0.35420528
1.0,0.8708451
0.0,0.32878
0.0,0.32374197
1.0,0.90118885
0.0,0.34829542
1.0,0.7644435
1.0,0.36159408
1.0,0.7438873
1.0,0.6954865
1.0,0.69945395
0.0,0.39889115
1.0,0.697002
0.0,0.65791225
1.0,0.9356197
0.0,0.6666633
0.0,0.42265776
0.0,0.3352462
0.0,0.5360032
0.0,0.58255875
1.0,0.65701663
0.0,0.8894583
1.0,0.68739444
0.0,0.71076
1.0,0.7139983
1.0,0.9344696
0.0,0.3881565
0.0,0.28068417
0.0,0.31419694
1.0,0.7153301
1.0,0.54369545
0.0,0.31291685
0.0,0.3335073
0.0,0.32510427
0.0,0.39039087
1.0,0.859812
1.0,0.62974226
0.0,0.35815245
0.0,0.5554457
1.0,0.6990607
1.0,0.738062
1.0,0.53813154
0.0,0.39981
0.0,0.6225714
0.0,0.34160045
0.0,0.6645037
1.0,0.7462747
1.0,0.65407145
0.0,0.35394967
0.0,0.46976236
0.0,0.33574528
0.0,0.51230717
0.0,0.29119217
0.0,0.6123648
1.0,0.57760805
0.0,0.49348125
0.0,0.28915417
0.0,0.40634924
0.0,0.67936957
0.0,0.8419326
0.0,0.38295263
0.0,0.3221563
1.0,0.4479192
0.0,0.38495642
1.0,0.69514287
0.0,0.36810556
0.0,0.50499606
0.0,0.46434563
0.0,0.32519126
0.0,0.6626742
1.0,0.63130414
1.0,0.7394403
0.0,0.72757095
1.0,0.658016
0.0,0.33446038
0.0,0.44265762
0.0,0.56383985
0.0,0.71935004
0.0,0.3368382
0.0,0.26656008
1.0,0.6669049
0.0,0.38146523
1.0,0.8781357
0.0,0.4136133
1.0,0.46558094
0.0,0.4131164
1.0,0.5891261
1.0,0.8209682
1.0,0.7588929
0.0,0.33206648
0.0,0.37863213
1.0,0.94451046
0.0,0.3416441
0.0,0.41203693
1.0,0.4841869
1.0,0.9257352
0.0,0.4917151
1.0,0.67219
1.0,0.89833796
0.0,0.68645453
0.0,0.35821277
0.0,0.46777868
0.0,0.34472477
0.0,0.30017644
0.0,0.39253026
1.0,0.86612463
0.0,0.6230211
1.0,0.8448397
1.0,0.59816974
0.0,0.40730777
0.0,0.46728247
0.0,0.57434785
1.0,0.8762364
1.0,0.7331974
1.0,0.62270564
0.0,0.49062878
1.0,0.8634756
1.0,0.7565129
0.0,0.36809805
0.0,0.5250327
0.0,0.7330484
0.0,0.79797447
1.0,0.6759134
0.0,0.32181624
1.0,0.4821166
0.0,0.61926484
0.0,0.3606844
0.0,0.44641393
0.0,0.37780172
0.0,0.3645812
0.0,0.38660777
0.0,0.33700353
0.0,0.3803821
0.0,0.36615518
0.0,0.55395925
0.0,0.574959
0.0,0.3543691
0.0,0.6565378
0.0,0.4253135
1.0,0.647688
0.0,0.55419344
1.0,0.8793483
0.0,0.38333908
0.0,0.39857787
0.0,0.38081586
0.0,0.79367054
0.0,0.6884604
0.0,0.40142566
0.0,0.4463924
0.0,0.3175385
0.0,0.28192666
0.0,0.36514908
0.0,0.6216129
1.0,0.65219116
0.0,0.36337605
0.0,0.38927945
0.0,0.5705466
0.0,0.3818952
1.0,0.5466007
0.0,0.6611943
1.0,0.59551305
0.0,0.35043645
0.0,0.47084507
1.0,0.8431182
0.0,0.7729759
1.0,0.7541661
1.0,0.6120976
1.0,0.64755183
1.0,0.781809
0.0,0.31893212
1.0,0.55220515
0.0,0.26130825
0.0,0.37696165
0.0,0.6394198
1.0,0.9111746
0.0,0.36837724
0.0,0.37076485
1.0,0.70053667
1.0,0.9702072
0.0,0.47197556
0.0,0.35862407
1.0,0.61600125
0.0,0.4661196
1.0,0.63662446
0.0,0.2825545
0.0,0.49893707
1.0,0.7281663
0.0,0.67252797
0.0,0.32109663
1.0,0.47767717
0.0,0.44083476
1.0,0.91402483
0.0,0.32913244
1.0,0.7057886
1.0,0.57329905
1.0,0.6301897
1.0,0.88194555
0.0,0.6693588
0.0,0.35095745
1.0,0.6020098
0.0,0.3500477
0.0,0.6109256
1.0,0.6180051
1.0,0.6225725
1.0,0.7150052
0.0,0.36189795
1.0,0.8778776
1.0,0.6770273
0.0,0.4252562
1.0,0.8918236
0.0,0.47366995
1.0,0.61779433
1.0,0.70022976
0.0,0.61824155
0.0,0.71168363
1.0,0.7959482
0.0,0.47294244
1.0,0.7159583
0.0,0.6015501
0.0,0.3511352
0.0,0.66498476
1.0,0.94381773
0.0,0.31927603
0.0,0.32581437
0.0,0.6565964
1.0,0.62245196
0.0,0.35479772
0.0,0.32535037
0.0,0.5562021
0.0,0.64653575
1.0,0.7170311
1.0,0.6976181
0.0,0.47808498
0.0,0.53656983
0.0,0.47144386
0.0,0.59338725
0.0,0.39214838
1.0,0.83987534
0.0,0.36101973
1.0,0.707461
0.0,0.60794127
0.0,0.3838464
1.0,0.6463045
0.0,0.36400947
0.0,0.36045572
0.0,0.31294662
0.0,0.3339775
0.0,0.974591
0.0,0.33624965
0.0,0.409459
0.0,0.3756938
1.0,0.6862236
1.0,0.8714889
0.0,0.3267821
0.0,0.35320204
1.0,0.91659284
0.0,0.36170003
1.0,0.7396426
0.0,0.61773777
0.0,0.23704943
1.0,0.66904473
0.0,0.5687672
1.0,0.5829194
0.0,0.6446759
1.0,0.5280243
0.0,0.3757635
0.0,0.35827935
0.0,0.5433742
1.0,0.8666686
0.0,0.32851177
0.0,0.42632887
0.0,0.3734507
0.0,0.6468798
1.0,0.48065096
0.0,0.35305572
0.0,0.31441075
1.0,0.8792773
1.0,0.49627963
0.0,0.4919014
1.0,0.6988393
0.0,0.6661215
0.0,0.5640444
1.0,0.8722646
1.0,0.8461946
0.0,0.41794556
1.0,0.8288722
1.0,0.6942193
0.0,0.41886497
0.0,0.40836263
0.0,0.4225569
1.0,0.37386167
0.0,0.28585923
0.0,0.34422925
0.0,0.39249817
1.0,0.92366475
1.0,0.69437575
0.0,0.39671496
1.0,0.994414
1.0,0.560377
0.0,0.43961838
1.0,0.68573666
0.0,0.6186737
1.0,0.6937056
0.0,0.38458225
1.0,0.71806407
0.0,0.40622696
0.0,0.35337394
1.0,0.7116515
0.0,0.3455258
1.0,0.7356238
0.0,0.34016645
0.0,0.29528195
0.0,0.38772196
1.0,0.64721626
0.0,0.6497433
1.0,0.54403
0.0,0.3903013
1.0,0.72184426
1.0,0.6882177
0.0,0.3243678
1.0,0.6967801
1.0,0.9339
1.0,0.6233295
1.0,0.6372869
0.0,0.53230405
0.0,0.40102535
0.0,0.5689191
1.0,0.7194823
1.0,0.61930716
0.0,0.29687643
0.0,0.3450048
0.0,0.38386393
1.0,0.78087956
0.0,0.6376984
1.0,0.33243054
1.0,0.92888
0.0,0.42179683
0.0,0.39094165
1.0,0.6967387
0.0,0.7004935
1.0,0.8749647
0.0,0.6190287
0.0,0.38865328
0.0,0.39810103
1.0,0.5705073
0.0,0.55131024
1.0,0.9116745
0.0,0.33001235
1.0,0.49698374
0.0,0.5321882
0.0,0.45375484
1.0,0.5545488
1.0,0.6374904
1.0,0.5712495
1.0,0.76394635
0.0,0.4240086
0.0,0.33661407
0.0,0.69603276
0.0,0.31637257
1.0,0.6135566
1.0,0.50534797
0.0,0.32009268
0.0,0.33064646
0.0,0.36997727
1.0,0.57923114
0.0,0.34198236
0.0,0.48081878
0.0,0.42719215
0.0,0.6824221
0.0,0.40400076
0.0,0.5741939
1.0,0.65891045
0.0,0.5881852
1.0,0.5983941
0.0,0.4359432
0.0,0.6356727
1.0,0.58038026
1.0,0.7026347
1.0,0.81022954
0.0,0.30344522
0.0,0.35746825
1.0,0.6437437
0.0,0.32556176
0.0,0.33947545
0.0,0.5053835
1.0,0.71800447
0.0,0.3550363
0.0,0.41799337
1.0,0.8934931
0.0,0.4863693
1.0,0.927511
1.0,0.71131253
1.0,0.8856211
0.0,0.38792485
1.0,0.8383529
1.0,0.8290405
0.0,0.410112
1.0,0.5069095
0.0,0.36509413
0.0,0.5220981
0.0,0.4088183
0.0,0.3365928
1.0,0.6460089
1.0,0.724863
1.0,0.7629956
1.0,0.69109064
1.0,0.70108646
0.0,0.7314451
0.0,0.66726303
1.0,0.84275055
0.0,0.3677433
1.0,0.6709933
1.0,0.9405687
0.0,0.4816711
1.0,0.5909488
1.0,0.5631183
0.0,0.37204587
0.0,0.37221107
0.0,0.38453147
0.0,0.36159337
1.0,0.656946
1.0,0.8916757
0.0,0.3393417
0.0,0.33053726
1.0,0.39529195
1.0,0.64359087
1.0,0.47572613
0.0,0.37407684
1.0,0.73984253
1.0,0.62653166
0.0,0.39268896
0.0,0.47335497
1.0,0.6508744
1.0,0.9577607
0.0,0.5839022
1.0,0.6759533
0.0,0.4847616
0.0,0.46041745
1.0,0.8641277
0.0,0.61592156
1.0,0.88823396
0.0,0.60686594
0.0,0.36742276
0.0,0.450825
1.0,0.76471466
1.0,0.6770948
0.0,0.31739873
0.0,0.4107272
1.0,0.71791214
0.0,0.39460087
1.0,0.8939251
1.0,0.62922263
1.0,0.6224203
0.0,0.3306586
0.0,0.77727485
0.0,0.59615916
0.0,0.2995102
0.0,0.30247283
1.0,0.9463162
0.0,0.49310815
0.0,0.3762617
1.0,0.7694481
0.0,0.35105383
1.0,0.3844298
1.0,0.6367845
0.0,0.34289926
0.0,0.41517064
0.0,0.7127055
0.0,0.30849874
0.0,0.32854998
0.0,0.34654248
0.0,0.35989472
0.0,0.6644971
1.0,0.65602016
1.0,0.901059
0.0,0.5514275
0.0,0.62550735
0.0,0.39200425
0.0,0.41387212
0.0,0.40005514
1.0,0.49015272
0.0,0.33597064
0.0,0.25612187
1.0,0.94684935
1.0,0.45458728
0.0,0.3788023
0.0,0.7885743
0.0,0.29104698
0.0,0.38290226
0.0,0.36308074
0.0,0.3798077
1.0,0.7142886
1.0,0.73663735
1.0,0.8523687
0.0,0.34195423
1.0,0.5405237
1.0,0.8218646
0.0,0.53459287
0.0,0.32780433
1.0,0.6644162
1.0,0.51100236
1.0,0.5881182
1.0,0.9498743
1.0,0.6660147
0.0,0.38972655
0.0,0.5660546
1.0,0.5430121
0.0,0.3326128
1.0,0.7082444
0.0,0.37721074
1.0,0.55810463
0.0,0.34914705
0.0,0.68504703
0.0,0.36368608
0.0,0.37278265
0.0,0.6383345
0.0,0.28877372
0.0,0.3345765
0.0,0.3374744
0.0,0.6369252
0.0,0.3288893
0.0,0.2964884
1.0,0.78977895
1.0,0.65642583
1.0,0.8544749
0.0,0.68675953
0.0,0.4678775
0.0,0.36477548
0.0,0.41853794
1.0,0.6640874
1.0,0.56950986
1.0,0.6506576
1.0,0.8426086
0.0,0.6877981
0.0,0.3228675
0.0,0.30512422
1.0,0.6104435
0.0,0.43311587
1.0,0.33661658
1.0,0.69914746
0.0,0.4270754
0.0,0.30607364
0.0,0.3805187
0.0,0.5954962
1.0,0.64644015
1.0,0.649156
0.0,0.40170857
1.0,0.8270117
1.0,0.6509981
0.0,0.65781057
0.0,0.38356966
1.0,0.7360681
0.0,0.34218282
0.0,0.49451268
0.0,0.3364016
0.0,0.5313955
0.0,0.41695413
1.0,0.558945
0.0,0.4422345
0.0,0.69567
1.0,0.89349496
1.0,0.8185738
0.0,0.6126473
0.0,0.7135843
1.0,0.599085
0.0,0.42161003
0.0,0.25893065
1.0,0.71199155
0.0,0.4629285
0.0,0.41303262
0.0,0.37978798
1.0,0.88476723
0.0,0.538345
1.0,0.72259814
1.0,0.70109713
1.0,0.93222404
0.0,0.35438216
1.0,0.6715075
0.0,0.3127501
1.0,0.8522897
0.0,0.3894825
1.0,0.77357006
0.0,0.38089472
0.0,0.34338528
1.0,0.8673994
0.0,0.310413
0.0,0.3266343
1.0,0.6397981
1.0,0.5614693
1.0,0.52254903
1.0,0.5902534
1.0,0.531004
1.0,0.8196965
1.0,0.5809847
0.0,0.3443002
1.0,0.6266432
1.0,0.70146084
0.0,0.50625145
0.0,0.32269454
0.0,0.28940117
1.0,0.9948201
0.0,0.38749886
0.0,0.45409176
0.0,0.5807441
1.0,0.8009873
0.0,0.3430073
0.0,0.7620298
1.0,0.53943574
1.0,0.7865686
1.0,0.81767476
1.0,0.41405454
0.0,0.8748182
0.0,0.40266454
0.0,0.36201954
0.0,0.47096696
0.0,0.31737322
0.0,0.54748905
0.0,0.32773536
1.0,0.51125515
1.0,0.82827735
0.0,0.35711187
1.0,0.7289359
0.0,0.3180845
0.0,0.37293994
1.0,0.8895812
0.0,0.35776561
0.0,0.7722025
0.0,0.35888728
0.0,0.69263065
0.0,0.45823196
0.0,0.31867683
0.0,0.75909024
1.0,0.6738411
0.0,0.43295568
0.0,0.581
1.0,0.71765566
0.0,0.31284338
1.0,0.6815387
0.0,0.35789037
0.0,0.38360214
0.0,0.37433338
0.0,0.48222917
0.0,0.33918196
0.0,0.4045635
0.0,0.39582595
0.0,0.47465885
0.0,0.56283784
1.0,0.5609399
0.0,0.42368937
1.0,0.8483618
0.0,0.69653976
1.0,0.48479187
0.0,0.49318123
0.0,0.41838408
0.0,0.39896336
1.0,0.7306798
1.0,0.4405911
1.0,0.57582235
0.0,0.34318238
0.0,0.5302172
1.0,0.7485235
0.0,0.4746981
0.0,0.45083183
1.0,0.7221479
0.0,0.34999692
1.0,0.80568266
1.0,0.5837897
0.0,0.3530661
1.0,0.88608456
0.0,0.6526124
1.0,0.47428373
0.0,0.9966034
1.0,0.9285129
0.0,0.30425668
0.0,0.74755543
0.0,0.38164324
0.0,0.41102043
0.0,0.34852594
0.0,0.38386685
0.0,0.42470345
1.0,0.7335942
0.0,0.34142438
0.0,0.31868154
0.0,0.25386894
0.0,0.513515
0.0,0.43784624
1.0,0.6926373
0.0,0.6168713
0.0,0.45768657
1.0,0.52119774
0.0,0.48470387
1.0,0.8907145
0.0,0.81407446
1.0,0.5356099
1.0,0.82962763
0.0,0.33621085
1.0,0.9383367
0.0,0.654023
0.0,0.39454082
0.0,0.37204772
0.0,0.4026038
1.0,0.6095744
1.0,0.91841483
0.0,0.38031933
0.0,0.5281105
1.0,0.8675605
0.0,0.5256606
1.0,0.5186462
1.0,0.49810946
1.0,0.68350434
0.0,0.3234101
1.0,0.5379435
0.0,0.45986468
1.0,0.70998305
1.0,0.46575782
0.0,0.5603523
0.0,0.62241966
0.0,0.34351346
0.0,0.59664804
1.0,0.7545911
1.0,0.76661205
1.0,0.797739
0.0,0.44503114
0.0,0.37414357
1.0,0.9136861
0.0,0.8434093
0.0,0.23493707
0.0,0.37741178
1.0,0.62909174
0.0,0.5996574
0.0,0.38789043
0.0,0.5624826
0.0,0.544069
1.0,0.60224485
1.0,0.6978452
0.0,0.49016938
0.0,0.34364936
0.0,0.33707553
1.0,0.9347095
0.0,0.51023567
0.0,0.6367312
1.0,0.7409798
0.0,0.31962228
0.0,0.6372294
1.0,0.6858735
0.0,0.3642887
1.0,0.45581925
1.0,0.6091
0.0,0.35684755
0.0,0.37678173
0.0,0.30728203
0.0,0.35926145
1.0,0.82639444
1.0,0.9533536
1.0,0.8765379
1.0,0.6468175
0.0,0.7059118
0.0,0.4344628
1.0,0.6668254
1.0,0.74344057
0.0,0.6154276
0.0,0.33461007
1.0,0.8491688
0.0,0.2990814
1.0,0.6809077
0.0,0.29911983
0.0,0.5790852
1.0,0.7098527
0.0,0.52843827
0.0,0.39095765
0.0,0.38031542
0.0,0.47795895
0.0,0.5208285
1.0,0.68043983
0.0,0.35130948
1.0,0.826778
0.0,0.41011643
1.0,0.6733756
0.0,0.50964314
1.0,0.6524255
1.0,0.88480717
1.0,0.86481345
0.0,0.68681383
0.0,0.33112866
1.0,0.7365425
0.0,0.39744478
0.0,0.38298112
1.0,0.89096856
1.0,0.64488095
0.0,0.40911412
1.0,0.6697115
1.0,0.82752705
0.0,0.73164946
0.0,0.3867794
0.0,0.66794395
0.0,0.38033274
0.0,0.29036725
0.0,0.7190942
1.0,0.83766204
1.0,0.9466702
1.0,0.69772893
0.0,0.24308053
0.0,0.2673105
0.0,0.38187107
0.0,0.40955898
0.0,0.23148304
0.0,0.4833702
1.0,0.7084957
1.0,0.7214329
1.0,0.6504358
0.0,0.40557927
0.0,0.35130274
1.0,0.79850954
0.0,0.49516514
0.0,0.6557816
1.0,0.7110687
0.0,0.61034715
0.0,0.3026799
1.0,0.7410115
0.0,0.35922652
1.0,0.6533413
1.0,0.744683
0.0,0.6154968
0.0,0.3442223
1.0,0.9441533
0.0,0.31717288
0.0,0.49054462
1.0,0.81590766
1.0,0.6565305
1.0,0.6619835
1.0,0.8192936
0.0,0.7733754
0.0,0.4547143
0.0,0.32933706
1.0,0.63404214
0.0,0.83233076
1.0,0.87501705
0.0,0.5960695
1.0,0.6306169
1.0,0.5327324
0.0,0.35078675
0.0,0.3778202
0.0,0.2937885
0.0,0.5460552
0.0,0.4349393
0.0,0.41327083
1.0,0.49247146
1.0,0.6093408
0.0,0.6016258
1.0,0.8115468
1.0,0.39725664
0.0,0.25934505
0.0,0.45607126
1.0,0.59075797
1.0,0.5371251
0.0,0.35008675
0.0,0.53668636
0.0,0.31487325
0.0,0.3759895
1.0,0.66798997
1.0,0.8932725
0.0,0.39708596
0.0,0.29842687
0.0,0.39942008
0.0,0.5034169
0.0,0.3679497
0.0,0.37505138
0.0,0.7017592
0.0,0.62553495
0.0,0.4262408
0.0,0.3964611
0.0,0.5013047
1.0,0.8248836
1.0,0.7036153
0.0,0.30099034
0.0,0.42029446
0.0,0.3372668
0.0,0.33008224
0.0,0.38814682
0.0,0.40904728
0.0,0.31325036
0.0,0.70178086
1.0,0.6652341
1.0,0.7683308
1.0,0.6897436
1.0,0.72211736
1.0,0.7832424
0.0,0.5700025
0.0,0.34954447
0.0,0.376768
0.0,0.39325243
1.0,0.58690786
0.0,0.40356195
1.0,0.59775245
0.0,0.407824
0.0,0.7076589
0.0,0.67349595
0.0,0.40714884
0.0,0.39584416
0.0,0.6723182
0.0,0.47605714
0.0,0.34114456
1.0,0.70755607
1.0,0.6626422
0.0,0.51982486
0.0,0.51559925
0.0,0.3788451
0.0,0.37115973
1.0,0.84465194
0.0,0.3975453
1.0,0.53174496
0.0,0.41085806
1.0,0.40482342
0.0,0.38379514
0.0,0.43511206
1.0,0.71336025
0.0,0.22904691
1.0,0.83753777
0.0,0.43363968
0.0,0.56197214
0.0,0.54905206
0.0,0.30668193
0.0,0.34450632
1.0,0.756886
1.0,0.8159448
0.0,0.60470295
0.0,0.4169842
0.0,0.36717692
0.0,0.5725829
1.0,0.7515101
0.0,0.66221964
1.0,0.57310057
1.0,0.6973003
0.0,0.58765864
0.0,0.3637604
0.0,0.38694218
0.0,0.41201055
0.0,0.4073343
0.0,0.40888846
0.0,0.36110997
0.0,0.5709866
0.0,0.49231347
1.0,0.6713873
0.0,0.9010785
0.0,0.35129234
1.0,0.6539955
0.0,0.3764212
0.0,0.60632294
0.0,0.3334748
0.0,0.3549949
1.0,0.36201948
1.0,0.84259444
1.0,0.8091078
0.0,0.3471117
0.0,0.3462335
0.0,0.36792368
0.0,0.63440585
0.0,0.43831524
0.0,0.61150837
1.0,0.813679
1.0,0.8048248
1.0,0.72826964
0.0,0.38315576
1.0,0.9611274
1.0,0.5794815
0.0,0.33761585
1.0,0.6846067
0.0,0.34242484
0.0,0.385531
0.0,0.7102069
1.0,0.8748635
1.0,0.6886729
1.0,0.6288505
0.0,0.7060586
0.0,0.55703795
0.0,0.4068218
1.0,0.9697977
1.0,0.8435332
1.0,0.7577631
1.0,0.5954201
0.0,0.38201618
0.0,0.34139162
0.0,0.3440796
0.0,0.6196502
1.0,0.7396723
0.0,0.35642445
0.0,0.4645347
0.0,0.57031053
1.0,0.63070214
0.0,0.5469523
0.0,0.49004823
0.0,0.3703875
0.0,0.7211638
0.0,0.38687816
0.0,0.4023121
0.0,0.3399434
0.0,0.47118774
0.0,0.3678763
1.0,0.89585114
1.0,0.28667563
0.0,0.64071095
0.0,0.746088
0.0,0.41532093
1.0,0.77271664
0.0,0.35618246
0.0,0.3248
0.0,0.63360655
0.0,0.3196681
1.0,0.81088364
0.0,0.33574665
0.0,0.41976565
1.0,0.6627291
1.0,0.8335209
1.0,0.6911689
0.0,0.2843758
0.0,0.5609341
1.0,0.7783842
1.0,0.8286716
1.0,0.84020734
0.0,0.7088865
0.0,0.5291212
0.0,0.32908857
1.0,0.25037417
1.0,0.911576
0.0,0.38084692
0.0,0.6547662
1.0,0.71892595
1.0,0.87306416
0.0,0.31637776
1.0,0.6665689
1.0,0.6318659
0.0,0.4191209
1.0,0.5749555
0.0,0.45387396
0.0,0.37288696
0.0,0.6506717
0.0,0.40551624
1.0,0.66138643
0.0,0.42889616
1.0,0.99896246
1.0,0.67971635
1.0,0.5809645
0.0,0.3815899
0.0,0.56223834
1.0,0.57632726
0.0,0.26493388
1.0,0.5920747
1.0,0.79361486
0.0,0.7533723
0.0,0.38320962
1.0,0.5641106
1.0,0.93288094
0.0,0.31772572
1.0,0.643178
1.0,0.67242044
1.0,0.74522877
1.0,0.7571888
1.0,0.7110702
1.0,0.8452729
0.0,0.36510816
0.0,0.6449365
0.0,0.39590532
1.0,0.6784724
1.0,0.9999808
0.0,0.46231413
0.0,0.4492279
1.0,0.6267719
0.0,0.3572287
1.0,0.81371593
0.0,0.6260913
1.0,0.25281033
1.0,0.75376105
0.0,0.67304397
1.0,0.42959547
0.0,0.3840829
1.0,0.90871155
1.0,0.7217072
1.0,0.4950934
0.0,0.41041625
0.0,0.39972675
1.0,0.75328034
0.0,0.40651166
1.0,0.70768094
0.0,0.37203574
0.0,0.5392863
0.0,0.39313856
0.0,0.379953
0.0,0.34770858
0.0,0.5765946
0.0,0.5906249
1.0,0.8861922
1.0,0.48298287
0.0,0.3559506
1.0,0.88449854
1.0,0.65093505
0.0,0.741569
0.0,0.6641278
0.0,0.46321136
0.0,0.39582968
0.0,0.37220293
0.0,0.38144824
1.0,0.51247317
1.0,0.92048174
0.0,0.32582116
0.0,0.36777705
0.0,0.59540975
0.0,0.69850945
0.0,0.50855905
1.0,0.69655776
0.0,0.629693
0.0,0.40342772
1.0,0.8572946
1.0,0.74143547
0.0,0.41416162
0.0,0.94420475
0.0,0.33668643
1.0,0.6609695
1.0,0.63406825
0.0,0.31596497
0.0,0.3968702
0.0,0.3432064
0.0,0.38619363
0.0,0.3204834
1.0,0.7270317
1.0,0.6289276
1.0,0.64071417
0.0,0.24961859
1.0,0.5022692
0.0,0.6142612
1.0,0.912302
1.0,0.62427914
0.0,0.3311162
0.0,0.33266997
0.0,0.3138122
0.0,0.43139467
0.0,0.63455343
1.0,0.9169353
0.0,0.59922165
0.0,0.5687524
0.0,0.35879484
0.0,0.27544498
0.0,0.37280977
0.0,0.42790836
0.0,0.4913314
1.0,0.5465824
1.0,0.8923467
0.0,0.3281526
0.0,0.4591745
0.0,0.6119554
0.0,0.4400942
1.0,0.74210143
0.0,0.37189674
0.0,0.5693366
1.0,0.69011617
0.0,0.6105257
0.0,0.3695736
0.0,0.38090014
0.0,0.35180414
1.0,0.8212952
1.0,0.6892256
0.0,0.33947712
1.0,0.4721528
1.0,0.6833308
1.0,0.6589118
0.0,0.46916112
0.0,0.54698366
1.0,0.67450356
1.0,0.7959142
0.0,0.3776363
1.0,0.76274645
0.0,0.4446227
1.0,0.718293
1.0,0.7105799
1.0,0.6997956
0.0,0.39147496
1.0,0.6441663
1.0,0.55442435
0.0,0.43311393
0.0,0.556815
0.0,0.74767387
0.0,0.5396354
0.0,0.38044432
0.0,0.29035693
1.0,0.888939
0.0,0.59427136
0.0,0.465555
0.0,0.6423608
0.0,0.39133093
0.0,0.35364828
0.0,0.48011452
1.0,0.59742844
0.0,0.3936875
0.0,0.45420536
0.0,0.5651719
1.0,0.6969425
1.0,0.7345816
1.0,0.69629276
1.0,0.6542352
0.0,0.32952794
0.0,0.39242917
0.0,0.41624027
0.0,0.36284935
0.0,0.64097816
0.0,0.40152794
1.0,0.66600615
0.0,0.689893
1.0,0.46104714
1.0,0.48976222
1.0,0.73822135
0.0,0.37805855
0.0,0.3020854
0.0,0.31611413
0.0,0.37036058
1.0,0.6900386
1.0,0.7294375
1.0,0.5971502
1.0,0.74187255
1.0,0.8465347
0.0,0.42573518
0.0,0.31458712
0.0,0.64649355
0.0,0.3683613
1.0,0.8432716
0.0,0.32014674
0.0,0.6799612
1.0,0.85468066
1.0,0.5981518
0.0,0.36840206
0.0,0.98063
0.0,0.4601643
0.0,0.53645664
1.0,0.9962112
0.0,0.8571546
0.0,0.5610963
1.0,0.91712534
0.0,0.5197722
1.0,0.6516617
1.0,0.82185906
0.0,0.32477236
0.0,0.60200137
0.0,0.37129742
0.0,0.4024222
1.0,0.7831869
0.0,0.3738274
0.0,0.31051832
0.0,0.7362428
0.0,0.4392968
1.0,0.80704296
1.0,0.6494234
1.0,0.8546481
1.0,0.7300826
0.0,0.88919795
0.0,0.38014656
1.0,0.7046538
0.0,0.34985477
1.0,0.56762
0.0,0.26705945
1.0,0.5714327
1.0,0.8041299
0.0,0.6185727
0.0,0.99549246
0.0,0.57448435
0.0,0.4108112
0.0,0.41060746
0.0,0.38392252
1.0,0.71660143
0.0,0.4082038
0.0,0.43162376
0.0,0.44115755
0.0,0.43496355
0.0,0.3818159
0.0,0.3162128
0.0,0.4914674
0.0,0.33350074
0.0,0.34409854
0.0,0.34829134
0.0,0.41015485
0.0,0.35629344
1.0,0.6053653
0.0,0.6090813
1.0,0.75780916
0.0,0.3274144
0.0,0.3593306
1.0,0.75600934
0.0,0.34730026
1.0,0.8676214
0.0,0.5901873
1.0,0.8746972
0.0,0.61223674
0.0,0.48022753
1.0,0.65132964
1.0,0.4643016
0.0,0.35042697
0.0,0.46419805
0.0,0.23042262
0.0,0.28133628
0.0,0.32696462
0.0,0.64516985
1.0,0.8399009
1.0,0.66582924
0.0,0.47384962
0.0,0.40784088
1.0,0.6980847
1.0,0.82078254
1.0,0.6427986
0.0,0.3318063
1.0,0.42187184
0.0,0.4328618
1.0,0.55626416
0.0,0.35054588
1.0,0.65508926
0.0,0.36698526
0.0,0.4792872
0.0,0.64875257
0.0,0.6594058
1.0,0.71866405
0.0,0.36113608
0.0,0.485771
1.0,0.8868737
0.0,0.32278666
0.0,0.7193201
0.0,0.76062405
1.0,0.8377048
0.0,0.41375768
0.0,0.3831561
0.0,0.8765911
1.0,0.70517313
0.0,0.36534506
0.0,0.72837883
0.0,0.37599862
1.0,0.55042803
0.0,0.30312133
1.0,0.9246022
0.0,0.5947742
1.0,0.6819228
1.0,0.91841567
0.0,0.6340672
1.0,0.8528435
1.0,0.66974366
0.0,0.37982973
0.0,0.64137065
0.0,0.441926
1.0,0.7988671
0.0,0.39416477
1.0,0.71308064
1.0,0.5945029
0.0,0.34641325
1.0,0.9110923
0.0,0.29482362
1.0,0.5622949
0.0,0.7111564
1.0,0.6518476
0.0,0.58438337
1.0,0.3383345
0.0,0.5410588
0.0,0.31308496
0.0,0.31195438
0.0,0.37079528
0.0,0.32778892
0.0,0.31357515
0.0,0.2896554
0.0,0.38372692
0.0,0.43626553
0.0,0.5812199
0.0,0.5462189
0.0,0.37196004
1.0,0.68821704
1.0,0.55408823
0.0,0.6583435
1.0,0.52386624
0.0,0.35819972
0.0,0.525429
0.0,0.8973211
0.0,0.49078247
0.0,0.34084377
0.0,0.41647696
1.0,0.7290741
0.0,0.36495617
0.0,0.40116084
1.0,0.426804
0.0,0.33885115
1.0,0.8115857
0.0,0.3562632
0.0,0.9296465
1.0,0.57462543
0.0,0.36189848
1.0,0.8684895
0.0,0.3460525
0.0,0.30558026
0.0,0.314844
1.0,0.8484734
0.0,0.46808147
1.0,0.74037397
1.0,0.5978231
0.0,0.77338076
0.0,0.2547405
1.0,0.37359262
0.0,0.33853605
0.0,0.43680045
0.0,0.57849634
0.0,0.34920514
0.0,0.68280184
0.0,0.76704633
1.0,0.43256968
0.0,0.34278288
1.0,0.6872169
0.0,0.2927801
0.0,0.31425124
0.0,0.3358417
1.0,0.7459261
1.0,0.8044659
0.0,0.98242486
0.0,0.5445003
0.0,0.31989288
0.0,0.42443615
0.0,0.4224814
0.0,0.29556027
0.0,0.30154547
1.0,0.37503457
1.0,0.72291106
0.0,0.3648708
0.0,0.84642816
1.0,0.71555763
0.0,0.34057537
1.0,0.75650525
0.0,0.29354328
0.0,0.33914593
1.0,0.88014615
0.0,0.6166227
1.0,0.6714595
1.0,0.7237282
1.0,0.7756265
0.0,0.5500325
0.0,0.38352358
0.0,0.62349457
1.0,0.84153557
0.0,0.44459808
1.0,0.73386
0.0,0.3922378
0.0,0.40689272
0.0,0.6460746
1.0,0.75168043
0.0,0.39546105
0.0,0.37840208
0.0,0.6227932
1.0,0.5668993
1.0,0.8987367
0.0,0.43537015
0.0,0.37969482
1.0,0.72244126
1.0,0.8114524
1.0,0.90670323
1.0,0.600092
0.0,0.35514215
1.0,0.84364235
0.0,0.35921514
0.0,0.4472259
0.0,0.35176212
1.0,0.7133994
0.0,0.3904361
0.0,0.3877967
0.0,0.30275953
1.0,0.5977397
0.0,0.44706532
1.0,0.72336185
1.0,0.89644426
0.0,0.50466317
1.0,0.80095434
0.0,0.38015497
1.0,0.53487265
0.0,0.631207
0.0,0.37530732
0.0,0.36285043
0.0,0.9939629
1.0,0.8690667
0.0,0.42674488
0.0,0.507978
0.0,0.64718074
1.0,0.90294296
1.0,0.793413
0.0,0.32490343
1.0,0.86009777
1.0,0.9076899
1.0,0.9409586
1.0,0.5139857
0.0,0.6563795
1.0,0.7590897
0.0,0.3607434
0.0,0.538487
1.0,0.6115606
0.0,0.34255314
0.0,0.4218285
0.0,0.56679416
1.0,0.84875906
0.0,0.6345811
0.0,0.6310246
1.0,0.7617511
0.0,0.3332433
1.0,0.72390115
0.0,0.38224456
0.0,0.75360394
1.0,0.6917902
1.0,0.84569687
0.0,0.32788944
1.0,0.85752565
1.0,0.7551669
0.0,0.6428626
0.0,0.5877388
1.0,0.5987849
0.0,0.56381255
1.0,0.9110266
0.0,0.3401882
0.0,0.41929668
1.0,0.1375882
1.0,0.75607
0.0,0.47706154
1.0,0.6142449
0.0,0.37991682
0.0,0.55940694
1.0,0.9158646
0.0,0.4858565
0.0,0.38424137
0.0,0.41880196
1.0,0.68507177
0.0,0.35221207
0.0,0.3533033
1.0,0.6768468
1.0,0.6592323
0.0,0.34655228
0.0,0.60813844
0.0,0.40773904
1.0,0.5285835
0.0,0.6328743
0.0,0.40017313
0.0,0.39859456
0.0,0.35501856
0.0,0.35785484
1.0,0.8234525
0.0,0.45324165
0.0,0.3573612
0.0,0.42016646
1.0,0.6832741
1.0,0.92326796
1.0,0.7614374
0.0,0.51738566
0.0,0.33821794
0.0,0.87473345
1.0,0.912307
0.0,0.47783005
1.0,0.7072432
0.0,0.39936954
1.0,0.80265296
0.0,0.42100906
1.0,0.7589258
0.0,0.83335155
1.0,0.68840146
0.0,0.506567
0.0,0.4632362
1.0,0.7406366
1.0,0.7237716
1.0,0.73781294
0.0,0.517796
1.0,0.75924325
1.0,0.6083518
1.0,0.44816026
0.0,0.27148104
1.0,0.6106205
0.0,0.40125245
0.0,0.6582463
1.0,0.6026002
0.0,0.54350185
0.0,0.3026961
0.0,0.39101577
0.0,0.4573425
0.0,0.6469211
1.0,0.786731
1.0,0.7444102
0.0,0.5790323
0.0,0.6581842
0.0,0.40021592
1.0,0.94101137
0.0,0.5985275
0.0,0.51427037
0.0,0.3273576
0.0,0.31540564
0.0,0.4518343
0.0,0.6936152
1.0,0.805055
1.0,0.9428381
1.0,0.49725482
0.0,0.6085334
0.0,0.3434397
0.0,0.31796598
0.0,0.3326857
0.0,0.35493642
1.0,0.87407553
0.0,0.5088751
0.0,0.5224369
1.0,0.8866551
0.0,0.4042444
1.0,0.47307894
1.0,0.7046467
0.0,0.62791467
0.0,0.30419236
0.0,0.43341607
1.0,0.7394558
0.0,0.40565825
0.0,0.3956294
1.0,0.85961807
1.0,0.58208555
0.0,0.3378123
0.0,0.36417976
0.0,0.64651704
0.0,0.30948085
0.0,0.52800184
1.0,0.85603964
1.0,0.57468295
0.0,0.3575609
0.0,0.32770437
0.0,0.6072441
0.0,0.4406452
1.0,0.63423055
0.0,0.42254752
1.0,0.9177041
0.0,0.38191056
1.0,0.9178821
0.0,0.2996298
1.0,0.7218573
1.0,0.64584756
0.0,0.3320197
0.0,0.5155413
0.0,0.2755571
0.0,0.43557498
1.0,0.880505
1.0,0.355556
1.0,0.5524217
1.0,0.5718007
1.0,0.5877142
0.0,0.21090484
1.0,0.6762334
1.0,0.65689355
0.0,0.44688708
0.0,0.36802667
0.0,0.39003682
1.0,0.73448616
1.0,0.91078115
0.0,0.70840764
0.0,0.35878572
1.0,0.6801364
0.0,0.35969138
0.0,0.35675415
1.0,0.80515224
0.0,0.6462599
0.0,0.4250715
1.0,0.64586633
1.0,0.7805184
0.0,0.37444204
0.0,0.34089443
0.0,0.42589527
1.0,0.6806359
1.0,0.88010275
0.0,0.5277559
0.0,0.28195208
1.0,0.87099683
1.0,0.8281139
0.0,0.3279575
0.0,0.54938024
0.0,0.3613897
1.0,0.44740272
1.0,0.6496607
0.0,0.3483943
0.0,0.4325655
1.0,0.72630906
0.0,0.3573854
0.0,0.44648215
0.0,0.5188207
0.0,0.73240715
1.0,0.59075165
0.0,0.63720757
0.0,0.4135739
0.0,0.9171369
0.0,0.50548285
0.0,0.38346487
1.0,0.73362267
1.0,0.69587946
0.0,0.5426442
1.0,0.91758513
0.0,0.43015423
1.0,0.81984127
1.0,0.46494377
1.0,0.87884045
0.0,0.32896173
0.0,0.7146153
0.0,0.3663417
1.0,0.92082006
0.0,0.28296393
1.0,0.8316392
0.0,0.48036623
0.0,0.31401476
1.0,0.47393623
1.0,0.88338363
0.0,0.33952236
1.0,0.59502304
0.0,0.33835474
1.0,0.7622769
0.0,0.3227628
1.0,0.5676291
1.0,0.44864082
0.0,0.43141758
0.0,0.41447645
0.0,0.33054012
0.0,0.32627195
0.0,0.3597681
0.0,0.62528
0.0,0.41058505
0.0,0.3402255
0.0,0.84467757
0.0,0.4069647
1.0,0.7438166
0.0,0.6033071
0.0,0.73308426
1.0,0.95438135
0.0,0.38948324
1.0,0.8061793
0.0,0.29505312
1.0,0.8225408
0.0,0.37707743
0.0,0.43653533
1.0,0.9637011
0.0,0.40724322
0.0,0.3687242
0.0,0.48690814
1.0,0.6848901
1.0,0.554253
0.0,0.33721045
1.0,0.7374318
1.0,0.14155626
1.0,0.8161038
0.0,0.55387163
1.0,0.69818336
1.0,0.6804459
0.0,0.5459473
1.0,0.5904627
1.0,0.64521486
0.0,0.32940483
0.0,0.3977437
0.0,0.35909235
0.0,0.39144015
0.0,0.4626809
0.0,0.41624832
0.0,0.35379592
0.0,0.26229537
1.0,0.79834175
0.0,0.95342433
0.0,0.3533482
0.0,0.3705017
0.0,0.38079977
1.0,0.81130767
0.0,0.31377
1.0,0.71036917
0.0,0.5611084
0.0,0.38257164
1.0,0.3915705
1.0,0.62291104
0.0,0.5372007
0.0,0.4252935
1.0,0.69697905
0.0,0.7106475
0.0,0.47015095
1.0,0.67647
1.0,0.57936597
1.0,0.9967617
1.0,0.68695253
0.0,0.492768
0.0,0.27800447
1.0,0.56452537
0.0,0.36853248
0.0,0.28249007
1.0,0.8850449
1.0,0.8952507
1.0,0.93636596
0.0,0.364042
1.0,0.69699746
1.0,0.738747
1.0,0.81892395
0.0,0.3516448
0.0,0.34697074
1.0,0.9911322
0.0,0.49146533
0.0,0.6661136
0.0,0.37404704
1.0,0.7017936
0.0,0.36957842
0.0,0.40503898
0.0,0.44070864
0.0,0.67296684
0.0,0.47236037
0.0,0.36167336
0.0,0.8743622
1.0,0.90843517
0.0,0.37408006
1.0,0.6631659
0.0,0.32856977
0.0,0.58705235
0.0,0.7237981
1.0,0.33604276
0.0,0.6330909
0.0,0.38952792
0.0,0.329045
0.0,0.535483
0.0,0.40053427
1.0,0.70570135
0.0,0.6019273
1.0,0.651428
0.0,0.3635767
0.0,0.3776564
0.0,0.3290518
0.0,0.5663469
0.0,0.36545637
0.0,0.5337888
0.0,0.6387719
0.0,0.37135783
1.0,0.6700143
0.0,0.35180455
1.0,0.6589389
1.0,0.65600944
0.0,0.35337204
0.0,0.39832732
1.0,0.8636638
0.0,0.39810997
1.0,0.49173346
1.0,0.6833874
0.0,0.39495862
1.0,0.58991694
0.0,0.35606158
1.0,0.79252803
0.0,0.45890066
0.0,0.5217947
1.0,0.55717045
0.0,0.63879424
0.0,0.34606972
0.0,0.6611443
1.0,0.6855487
1.0,0.9626062
0.0,0.3391748
0.0,0.5575823
1.0,0.68194467
0.0,0.5624849
1.0,0.6277493
0.0,0.62369275
1.0,0.6788685
0.0,0.60778534
0.0,0.39045432
0.0,0.70884544
0.0,0.31552106
0.0,0.50215554
1.0,0.36131734
0.0,0.5310411
1.0,0.7392263
0.0,0.49911964
1.0,0.54374135
0.0,0.33997905
0.0,0.28530306
0.0,0.33985612
0.0,0.32586652
0.0,0.48912305
0.0,0.4238087
0.0,0.31511062
0.0,0.4834948
1.0,0.7540276
0.0,0.34173918
0.0,0.42824912
1.0,0.6141988
1.0,0.6354537
0.0,0.40697774
0.0,0.32684407
1.0,0.6666488
0.0,0.5769653
1.0,0.40023977
1.0,0.76449955
1.0,0.5978987
1.0,0.63722044
0.0,0.3284617
0.0,0.33350962
1.0,0.6679634
0.0,0.43789643
1.0,0.8917686
1.0,0.6161599
1.0,0.7574922
0.0,0.57404363
0.0,0.37651926
0.0,0.39178115
0.0,0.49729082
1.0,0.7039686
1.0,0.8382994
0.0,0.5053406
0.0,0.4330033
0.0,0.3427388
0.0,0.5243255
1.0,0.45542327
1.0,0.6868206
1.0,0.56558347
0.0,0.60187453
1.0,0.50313985
1.0,0.8975177
1.0,0.7052487
1.0,0.8687053
0.0,0.6424286
0.0,0.5610939
0.0,0.63794565
0.0,0.3936031
1.0,0.73301375
1.0,0.8913859
1.0,0.5837941
1.0,0.65485877
0.0,0.4602131
0.0,0.33817178
0.0,0.40444043
0.0,0.4723629
1.0,0.6597488
0.0,0.35226804
0.0,0.35415858
0.0,0.87586653
0.0,0.34445232
1.0,0.79717165
1.0,0.721992
1.0,0.86789536
0.0,0.37684408
0.0,0.6356834
1.0,0.64660585
1.0,0.9206042
0.0,0.4424229
1.0,0.7361814
0.0,0.5939716
1.0,0.91947204
1.0,0.8574395
1.0,0.57608116
0.0,0.37476012
0.0,0.42709076
1.0,0.84910214
0.0,0.35476375
0.0,0.49539122
1.0,0.77110606
0.0,0.35725623
0.0,0.4117094
0.0,0.3924653
1.0,0.652264
0.0,0.79113173
0.0,0.5517284
1.0,0.6451953
0.0,0.5629084
0.0,0.33552146
0.0,0.39721394
0.0,0.50907946
1.0,0.68580604
0.0,0.6607158
0.0,0.3217771
0.0,0.32927668
1.0,0.7013198
0.0,0.4707243
0.0,0.252921
1.0,0.6083759
0.0,0.42230156
0.0,0.472894
1.0,0.9000898
1.0,0.7677517
0.0,0.30277753
1.0,0.59567887
1.0,0.39846286
0.0,0.56735694
0.0,0.5938708
1.0,0.56260794
1.0,0.69882977
0.0,0.35276902
1.0,0.56940275
1.0,0.6106774
1.0,0.67311907
0.0,0.44724685
1.0,0.48139688
0.0,0.3708706
1.0,0.67941153
0.0,0.32466158
1.0,0.9228138
0.0,0.7314341
0.0,0.51841897
1.0,0.66841507
0.0,0.35524064
1.0,0.70853865
1.0,0.6175089
1.0,0.7380222
1.0,0.47554654
0.0,0.9922726
1.0,0.3038237
0.0,0.6837143
0.0,0.3729993
0.0,0.37112153
0.0,0.46356046
1.0,0.9160075
0.0,0.3615042
0.0,0.5032933
0.0,0.55586094
0.0,0.6181871
1.0,0.74313253
0.0,0.56596744
0.0,0.34158957
0.0,0.34800816
0.0,0.6950299
1.0,0.619448
0.0,0.35908765
1.0,0.62456757
1.0,0.9009025
0.0,0.69762754
0.0,0.30914438
0.0,0.36116958
1.0,0.8687124
0.0,0.36106056
1.0,0.4892075
1.0,0.59268486
1.0,0.7816782
0.0,0.6856394
0.0,0.5791993
0.0,0.3030342
0.0,0.6542661
0.0,0.3385402
0.0,0.36082816
0.0,0.46584368
1.0,0.6705197
0.0,0.36105976
1.0,0.66903687
0.0,0.5104925
1.0,0.9182912
1.0,0.7433759
1.0,0.63204503
1.0,0.69236505
0.0,0.72141016
0.0,0.6702173
0.0,0.46556413
1.0,0.5699216
1.0,0.7848995
0.0,0.35524964
1.0,0.5579769
1.0,0.7888772
1.0,0.890442
1.0,0.7228504
0.0,0.64252245
0.0,0.41481823
1.0,0.8444941
0.0,0.33712995
0.0,0.7155956
1.0,0.9062118
0.0,0.36398077
0.0,0.5499234
0.0,0.4325487
0.0,0.40467396
0.0,0.48863527
1.0,0.9453231
0.0,0.39096713
0.0,0.62037617
1.0,0.579888
0.0,0.381409
1.0,0.7582061
0.0,0.50124574
0.0,0.41001928
0.0,0.35365194
0.0,0.33405876
1.0,0.62220305
0.0,0.41570175
0.0,0.70460916
1.0,0.783083
1.0,0.69812435
0.0,0.414229
0.0,0.34987277
0.0,0.38898513
1.0,0.6348518
0.0,0.29526013
1.0,0.6762569
1.0,0.5817497
1.0,0.53816456
1.0,0.69688535
1.0,0.90739286
0.0,0.7899474
1.0,0.64568937
1.0,0.85139465
0.0,0.3790499
0.0,0.35067183
0.0,0.35070437
1.0,0.61586314
0.0,0.34098795
0.0,0.36561507
0.0,0.49763548
1.0,0.9020291
0.0,0.28003186
1.0,0.66712433
0.0,0.41283438
0.0,0.64361024
0.0,0.40452182
0.0,0.39985445
0.0,0.35338205
1.0,0.8669502
1.0,0.8523165
0.0,0.3857413
0.0,0.47654673
1.0,0.66511
0.0,0.27773917
1.0,0.75517774
0.0,0.44953334
0.0,0.40424138
0.0,0.40785748
1.0,0.77892816
1.0,0.7680588
0.0,0.32555652
0.0,0.45960242
1.0,0.5935051
0.0,0.49547446
0.0,0.46810454
1.0,0.7274012
1.0,0.92447835
1.0,0.8140508
0.0,0.40243644
1.0,0.69215846
1.0,0.6759714
0.0,0.37399453
0.0,0.3979612
0.0,0.36983627
0.0,0.33637562
0.0,0.30702645
0.0,0.3758014
1.0,0.61370975
1.0,0.6546541
0.0,0.91467214
0.0,0.3767037
0.0,0.5503654
0.0,0.4163468
1.0,0.62963545
0.0,0.7472364
0.0,0.41263115
0.0,0.65152746
0.0,0.59769166
1.0,0.5165454
0.0,0.37220502
0.0,0.63053226
1.0,0.7899692
0.0,0.5315663
0.0,0.65873265
0.0,0.34387374
0.0,0.29965085
1.0,0.5893719
1.0,0.75645983
0.0,0.3963403
0.0,0.8018509
0.0,0.33325934
0.0,0.6563121
0.0,0.6682239
0.0,0.544626
0.0,0.39281967
0.0,0.46749696
1.0,0.41160935
0.0,0.40397567
1.0,0.52487344
0.0,0.562724
0.0,0.2710703
0.0,0.35235184
0.0,0.5916135
0.0,0.50218004
0.0,0.4650257
1.0,0.754109
0.0,0.32470953
0.0,0.59573424
0.0,0.36772615
1.0,0.9715642
1.0,0.89266497
0.0,0.32682353
0.0,0.56538564
0.0,0.376221
1.0,0.881215
1.0,0.68134874
1.0,0.8729862
0.0,0.45037484
1.0,0.92034006
0.0,0.40343648
0.0,0.3512268
0.0,0.44840562
1.0,0.38873738
0.0,0.3245293
0.0,0.35438418
1.0,0.9295683
1.0,0.37703955
0.0,0.3725934
1.0,0.8917213
0.0,0.3687889
1.0,0.6212359
0.0,0.4006859
1.0,0.4862969
0.0,0.76906693
0.0,0.47252488
1.0,0.697879
0.0,0.3640207
0.0,0.43814418
0.0,0.39170414
0.0,0.33893877
0.0,0.48591086
0.0,0.3104842
1.0,0.63262665
1.0,0.56845695
0.0,0.44837543
0.0,0.41041034
0.0,0.36637563
0.0,0.55264014
1.0,0.7843853
0.0,0.3647684
0.0,0.69696295
0.0,0.7530318
0.0,0.5975224
0.0,0.2828992
1.0,0.7546705
1.0,0.7791852
0.0,0.33187455
0.0,0.4252794
0.0,0.46479252
0.0,0.3952372
1.0,0.68535286
0.0,0.58612806
0.0,0.4527979
0.0,0.35570621
1.0,0.48734626
0.0,0.36121064
0.0,0.36478835
1.0,0.89694697
0.0,0.36269617
0.0,0.424605
1.0,0.6735927
1.0,0.6482607
1.0,0.88228536
0.0,0.3170156
0.0,0.33235508
0.0,0.6396697
0.0,0.35304695
1.0,0.71280247
0.0,0.4337278
1.0,0.46484447
0.0,0.24015346
0.0,0.31827623
0.0,0.45672834
1.0,0.91395557
0.0,0.6620225
0.0,0.42702878
0.0,0.5513803
1.0,0.6491271
0.0,0.35470363
0.0,0.45908102
0.0,0.30516657
1.0,0.35581398
0.0,0.38482514
0.0,0.3912575
1.0,0.518072
1.0,0.91411316
0.0,0.30417493
1.0,0.907506
1.0,0.7980219
1.0,0.7517657
1.0,0.71054983
0.0,0.33452266
1.0,0.6125221
0.0,0.9139084
1.0,0.43228024
0.0,0.39711118
1.0,0.717126
0.0,0.5248057
1.0,0.51226234
1.0,0.9406441
1.0,0.60835266
0.0,0.38649377
0.0,0.6107021
0.0,0.590931
0.0,0.4037434
0.0,0.33524394
0.0,0.4936191
1.0,0.8667866
1.0,0.7983061
1.0,0.70167696
0.0,0.3714164
0.0,0.36455476
0.0,0.37124527
0.0,0.422091
1.0,0.43871367
0.0,0.42431518
0.0,0.3583302
0.0,0.39050925
0.0,0.5590712
1.0,0.5865438
0.0,0.69463944
0.0,0.70824087
0.0,0.6087086
1.0,0.48015478
0.0,0.37055308
0.0,0.47943923
1.0,0.63709384
0.0,0.5820219
1.0,0.6966791
0.0,0.44964966
0.0,0.5014876
0.0,0.33259743
0.0,0.33638257
0.0,0.2918341
1.0,0.6753175
0.0,0.40267873
0.0,0.42186856
1.0,0.7434069
1.0,0.78702974
0.0,0.36407623
1.0,0.4025259
0.0,0.69368005
0.0,0.38433948
1.0,0.803983
0.0,0.35276908
0.0,0.5480784
0.0,0.41470197
0.0,0.3389093
1.0,0.7813227
1.0,0.77176213
1.0,0.6316467
1.0,0.89477754
0.0,0.38294256
0.0,0.34193462
0.0,0.63457495
1.0,0.7730339
0.0,0.41525775
0.0,0.34623402
1.0,0.8218681
1.0,0.6749333
1.0,0.64517087
0.0,0.3571539
0.0,0.5108278
0.0,0.5798106
1.0,0.77282727
1.0,0.65125525
1.0,0.8734231
0.0,0.55186415
0.0,0.31927913
0.0,0.2626499
1.0,0.7577156
1.0,0.5150626
0.0,0.53980833
1.0,0.7631385
1.0,0.6161548
1.0,0.74316686
1.0,0.5061796
0.0,0.4322316
0.0,0.3838477
1.0,0.9945691
1.0,0.6034683
0.0,0.3575086
0.0,0.3583911
0.0,0.33048344
0.0,0.36054325
0.0,0.3419079
0.0,0.6511011
0.0,0.3433267
0.0,0.3851527
1.0,0.66713655
1.0,0.63725024
0.0,0.39484265
1.0,0.90168214
0.0,0.33149934
1.0,0.7513057
0.0,0.45623064
1.0,0.9335337
0.0,0.24891353
0.0,0.3333401
0.0,0.31774992
0.0,0.2913253
1.0,0.51876765
1.0,0.64638627
0.0,0.43302888
0.0,0.43501174
1.0,0.6248954
0.0,0.3917781
1.0,0.6838211
1.0,0.6475959
0.0,0.31216884
0.0,0.34940356
0.0,0.5139839
0.0,0.87380874
0.0,0.6745435
0.0,0.35067576
0.0,0.46696752
0.0,0.38324887
1.0,0.63650227
1.0,0.91467315
1.0,0.71666867
1.0,0.6057062
0.0,0.35880142
0.0,0.35586846
1.0,0.8966689
0.0,0.6833881
0.0,0.35313454
0.0,0.49577752
1.0,0.63519216
1.0,0.62398785
0.0,0.3638162
1.0,0.8479923
1.0,0.8104032
0.0,0.31301033
0.0,0.38600925
1.0,0.77001613
0.0,0.3245092
0.0,0.55026233
0.0,0.2974587
0.0,0.436148
1.0,0.48649952
0.0,0.4045073
0.0,0.34094226
0.0,0.41381794
1.0,0.57198554
0.0,0.34970438
0.0,0.37809876
1.0,0.89817846
0.0,0.37880352
0.0,0.34134847
0.0,0.8561357
1.0,0.9054964
1.0,0.5577835
1.0,0.6404483
0.0,0.46427578
0.0,0.6119602
1.0,0.49567777
0.0,0.4475461
0.0,0.3778005
0.0,0.6079335
0.0,0.55338156
1.0,0.5474766
0.0,0.4568512
0.0,0.6502891
1.0,0.54381514
0.0,0.34520346
0.0,0.3641225
0.0,0.5538825
0.0,0.47983167
1.0,0.6694232
1.0,0.87436104
0.0,0.6238121
1.0,0.71939254
0.0,0.3738866
0.0,0.3523329
0.0,0.3943584
1.0,0.66196185
0.0,0.34314668
0.0,0.342999
1.0,0.84832865
1.0,0.7050905
1.0,0.7845348
0.0,0.045802116
1.0,0.6080615
1.0,0.89090633
0.0,0.2606607
0.0,0.69487435
0.0,0.8196826
1.0,0.55607647
0.0,0.45122376
0.0,0.661302
0.0,0.39373854
0.0,0.35336334
0.0,0.44702584
0.0,0.40993392
0.0,0.6145737
0.0,0.9266109
0.0,0.5500219
1.0,0.7244359
1.0,0.5565473
1.0,0.6302764
0.0,0.33851555
1.0,0.8971751
0.0,0.9949919
0.0,0.3898234
1.0,0.8847613
0.0,0.50237924
0.0,0.35524085
0.0,0.51628757
0.0,0.3749013
0.0,0.6499148
0.0,0.6087012
0.0,0.42865106
1.0,0.86779165
0.0,0.2297003
0.0,0.36065733
0.0,0.43116605
1.0,0.7155484
1.0,0.753104
0.0,0.6344263
1.0,0.6686003
0.0,0.32821202
1.0,0.55196196
0.0,0.4516384
0.0,0.36224863
1.0,0.43717185
0.0,0.31901354
0.0,0.33383864
1.0,0.7410134
0.0,0.39204922
1.0,0.36264092
0.0,0.5698522
0.0,0.4043031
1.0,0.6566703
0.0,0.32380128
0.0,0.48583388
0.0,0.7627401
0.0,0.3095631
0.0,0.31512177
1.0,0.76588774
0.0,0.3596214
0.0,0.4211232
0.0,0.551674
1.0,0.7289396
0.0,0.8317226
0.0,0.48456222
1.0,0.7676816
0.0,0.36256498
0.0,0.32896733
0.0,0.39517054
0.0,0.49468008
1.0,0.7160821
0.0,0.32525918
0.0,0.33320275
0.0,0.3153785
0.0,0.33925918
0.0,0.6874531
1.0,0.830744
1.0,0.6599648
0.0,0.38298076
1.0,0.6938316
0.0,0.40597612
0.0,0.39832902
0.0,0.3777637
0.0,0.47656024
1.0,0.879264
0.0,0.36373872
0.0,0.37599602
0.0,0.63140583
0.0,0.56529033
0.0,0.50266147
0.0,0.32641286
0.0,0.34525415
0.0,0.31085223
0.0,0.3864481
0.0,0.7720847
1.0,0.77628267
0.0,0.54523563
0.0,0.4203313
0.0,0.38478062
1.0,0.88714576
0.0,0.39138812
1.0,0.73476726
0.0,0.34591916
0.0,0.46201327
0.0,0.41742578
1.0,0.77096343
1.0,0.93606496
1.0,0.6366508
1.0,0.6934475
0.0,0.42602164
0.0,0.3468209
1.0,0.76892984
1.0,0.7791709
0.0,0.33923587
0.0,0.50827813
0.0,0.7088641
1.0,0.87120765
0.0,0.3716751
0.0,0.3181221
0.0,0.40609613
0.0,0.3582965
1.0,0.6217387
1.0,0.7610734
0.0,0.25028735
1.0,0.59802073
0.0,0.37259227
0.0,0.34642103
0.0,0.3232784
0.0,0.43361264
0.0,0.37931082
1.0,0.73118544
0.0,0.27312738
0.0,0.60507613
0.0,0.6600415
0.0,0.42239782
0.0,0.67958
1.0,0.86285305
0.0,0.3919181
0.0,0.40696347
1.0,0.625277
0.0,0.6546424
0.0,0.39154682
1.0,0.8371818
1.0,0.6556742
0.0,0.49549535
1.0,0.7960087
0.0,0.5676177
1.0,0.7007779
1.0,0.9623336
0.0,0.41590112
1.0,0.84689796
0.0,0.37334013
0.0,0.43963432
0.0,0.52739507
0.0,0.5919556
0.0,0.33196676
0.0,0.35394317
0.0,0.4334823
1.0,0.9314294
0.0,0.46778905
0.0,0.39774087
0.0,0.5368328
0.0,0.9761006
1.0,0.84646916
0.0,0.39941594
0.0,0.19599503
0.0,0.377869
0.0,0.40948778
0.0,0.29987043
0.0,0.7440862
1.0,0.48882833
0.0,0.47745934
1.0,0.61774635
0.0,0.3846954
1.0,0.6647315
0.0,0.42775756
0.0,0.646133
0.0,0.34584904
0.0,0.60081804
0.0,0.64833623
0.0,0.50329274
0.0,0.40803656
0.0,0.383792
0.0,0.77681357
0.0,0.7588856
1.0,0.7240814
0.0,0.7419262
0.0,0.37749547
1.0,0.874626
0.0,0.48987636
0.0,0.35225564
0.0,0.38711804
1.0,0.6316591
1.0,0.6354694
1.0,0.56217223
1.0,0.9089718
0.0,0.4762891
1.0,0.8243128
0.0,0.49560156
1.0,0.068282634
0.0,0.3533287
0.0,0.8092748
0.0,0.36234447
0.0,0.41553605
0.0,0.45231292
1.0,0.7296419
1.0,0.82116294
0.0,0.8276163
1.0,0.6582041
0.0,0.33701217
1.0,0.73902774
0.0,0.3585391
0.0,0.35173553
0.0,0.79529727
0.0,0.6322915
0.0,0.41723272
0.0,0.39032716
1.0,0.9515548
0.0,0.27901992
1.0,0.83491933
1.0,0.7577367
1.0,0.69152564
0.0,0.35826844
0.0,0.78427136
0.0,0.37946874
0.0,0.44950083
0.0,0.47438315
1.0,0.7198861
0.0,0.5759215
0.0,0.39067608
0.0,0.47908142
0.0,0.39770877
0.0,0.3805966
0.0,0.46199208
0.0,0.7651051
0.0,0.31489193
0.0,0.49731037
1.0,0.94174373
0.0,0.51592076
0.0,0.32103345
0.0,0.33604854
0.0,0.3584585
1.0,0.7270819
0.0,0.5305587
1.0,0.88112146
0.0,0.63981724
1.0,0.93765575
1.0,0.6517779
0.0,0.31965336
0.0,0.53194445
0.0,0.35962224
0.0,0.53070104
0.0,0.3516071
0.0,0.52884096
1.0,0.7268144
0.0,0.30471098
1.0,0.7418428
0.0,0.59934795
0.0,0.25014228
0.0,0.34209234
1.0,0.7370693
0.0,0.32346687
1.0,0.96689224
0.0,0.38069433
0.0,0.40111148
0.0,0.51027185
0.0,0.606571
0.0,0.4953756
0.0,0.39514226
1.0,0.557552
1.0,0.7325538
0.0,0.3750805
0.0,0.3779242
0.0,0.32661203
1.0,0.7486311
0.0,0.38380077
1.0,0.52213
0.0,0.7473093
1.0,0.7235116
1.0,0.6346694
0.0,0.4109748
0.0,0.3298962
0.0,0.3240351
1.0,0.58981574
0.0,0.55859834
0.0,0.67351586
1.0,0.8812778
1.0,0.69477135
0.0,0.46122426
0.0,0.4026135
1.0,0.7044576
0.0,0.37595853
0.0,0.33975548
0.0,0.34384474
1.0,0.55965906
0.0,0.3971474
0.0,0.47851065
1.0,0.6970467
1.0,0.5708914
0.0,0.59184206
0.0,0.4151965
0.0,0.3646865
1.0,0.83475614
1.0,0.8117347
1.0,0.5814218
0.0,0.40905026
0.0,0.30819148
0.0,0.37412643
0.0,0.34096205
1.0,0.7193388
0.0,0.35766312
0.0,0.65043706
0.0,0.3861907
0.0,0.3895775
0.0,0.4658082
0.0,0.32232442
0.0,0.63327575
0.0,0.4151697
0.0,0.3747363
1.0,0.74876237
1.0,0.72616947
0.0,0.64657116
0.0,0.65334964
1.0,0.44472414
0.0,0.3217817
1.0,0.6247724
0.0,0.3708508
0.0,0.34294578
1.0,0.8880225
1.0,0.9120303
0.0,0.72692513
0.0,0.501214
1.0,0.5026666
0.0,0.38902366
0.0,0.48515064
0.0,0.95097435
0.0,0.38158876
1.0,0.742711
1.0,0.64050424
0.0,0.5286103
0.0,0.32164878
0.0,0.41569018
1.0,0.6824422
0.0,0.39429724
1.0,0.5372356
0.0,0.4698525
1.0,0.66524124
1.0,0.7370138
0.0,0.62256444
1.0,0.3565637
0.0,0.6096895
0.0,0.30208218
1.0,0.8923035
1.0,0.68578076
0.0,0.32526064
0.0,0.5131613
0.0,0.7425054
0.0,0.75729537
1.0,0.83910036
0.0,0.40246043
0.0,0.9635402
0.0,0.32219368
1.0,0.79112625
0.0,0.3769259
0.0,0.90589356
1.0,0.7329961
0.0,0.38362595
0.0,0.85590416
0.0,0.48294297
1.0,0.62097037
0.0,0.5786774
1.0,0.8015244
0.0,0.3879342
1.0,0.54347
1.0,0.55700296
1.0,0.8148993
1.0,0.7197014
0.0,0.25471425
1.0,0.5696353
0.0,0.40925562
1.0,0.9185917
1.0,0.56398106
0.0,0.5308599
1.0,0.6573066
0.0,0.31055647
1.0,0.64658093
1.0,0.62512094
0.0,0.34336227
0.0,0.77874225
1.0,0.9692069
1.0,0.6388002
0.0,0.50268143
0.0,0.60875314
0.0,0.27906507
0.0,0.37731653
0.0,0.5630795
1.0,0.79851246
1.0,0.7383328
1.0,0.53623056
1.0,0.6015438
1.0,0.919713
1.0,0.8953527
0.0,0.5130039
1.0,0.9010157
0.0,0.3284697
0.0,0.41013137
0.0,0.34626627
1.0,0.5351849
1.0,0.67197114
0.0,0.44245926
0.0,0.3431344
0.0,0.70659566
1.0,0.814318
1.0,0.58658063
1.0,0.72250426
0.0,0.4398695
0.0,0.8637752
0.0,0.37919694
0.0,0.616694
0.0,0.3412497
0.0,0.3965283
1.0,0.92354083
1.0,0.7293892
0.0,0.43072838
0.0,0.39001554
0.0,0.6142149
0.0,0.5533096
0.0,0.0808084
0.0,0.38843912
0.0,0.6383145
1.0,0.70479006
0.0,0.48095936
1.0,0.82466274
0.0,0.3494591
0.0,0.75477535
0.0,0.44349015
0.0,0.51110315
1.0,0.8790486
1.0,0.6870432
1.0,0.6073231
1.0,0.68336624
0.0,0.31963325
0.0,0.62492275
1.0,0.72225356
1.0,0.5852715
0.0,0.5137057
0.0,0.30607277
0.0,0.6174991
1.0,0.45677269
0.0,0.3472746
1.0,0.4494441
0.0,0.40659067
0.0,0.49689895
0.0,0.34559572
0.0,0.45504385
0.0,0.64896804
0.0,0.37735587
0.0,0.5379523
1.0,0.9215373
0.0,0.31738377
0.0,0.742421
0.0,0.34015885
1.0,0.97301054
0.0,0.35288724
1.0,0.8969749
0.0,0.3476001
0.0,0.403833
0.0,0.30766273
0.0,0.59788805
0.0,0.36269417
0.0,0.32323658
1.0,0.75843304
0.0,0.54057306
1.0,0.6620852
1.0,0.84845495
0.0,0.34438938
0.0,0.431296
1.0,0.85194224
1.0,0.95567167
0.0,0.42989945
0.0,0.9999515
0.0,0.36985236
0.0,0.5258637
0.0,0.34897506
1.0,0.73018366
0.0,0.44106662
1.0,0.7313285
1.0,0.58338636
0.0,0.7609656
0.0,0.46863723
0.0,0.34152862
0.0,0.32735664
0.0,0.7230494
0.0,0.32459557
0.0,0.38195327
0.0,0.61870337
1.0,0.67772704
1.0,0.65790665
0.0,0.41812065
0.0,0.3394053
0.0,0.64027154
1.0,0.74877554
0.0,0.34312254
0.0,0.38187125
1.0,0.35693383
1.0,0.9014233
0.0,0.5238811
0.0,0.39777014
0.0,0.34015906
1.0,0.8288435
0.0,0.3784743
1.0,0.66304255
1.0,0.68043
0.0,0.40540934
0.0,0.40947732
0.0,0.42348534
1.0,0.67811584
0.0,0.57262397
1.0,0.5551908
0.0,0.33780777
1.0,0.66068417
0.0,0.4618164
0.0,0.33012497
0.0,0.36972475
1.0,0.924181
0.0,0.6352353
1.0,0.9744675
1.0,0.58865523
0.0,0.34031984
1.0,0.4158995
0.0,0.5008446
1.0,0.57377434
0.0,0.35200363
1.0,0.68135554
0.0,0.35429743
1.0,0.6196072
1.0,0.8713028
1.0,0.9231379
0.0,0.3190316
1.0,0.9298944
1.0,0.6905638
0.0,0.35720277
1.0,0.81200397
1.0,0.48988837
1.0,0.5518922
0.0,0.6354101
0.0,0.39730752
0.0,0.6992854
0.0,0.45307443
