0.0,0.5860976
0.0,0.47415838
1.0,0.2700573
0.0,0.17925957
1.0,0.6169794
0.0,0.10635966
1.0,0.7879925
1.0,0.7169045
1.0,0.5730557
0.0,0.15169
0.0,0.854205
1.0,0.81074905
0.0,0.09994924
0.0,0.3151391
0.0,0.13232169
0.0,0.11080232
1.0,0.55503863
0.0,0.144288
0.0,0.12666231
1.0,0.43704
1.0,0.5254931
0.0,0.17845124
1.0,0.78826916
0.0,0.24301481
0.0,0.07598698
1.0,0.7535111
0.0,0.26371777
1.0,0.72796726
0.0,0.13431928
1.0,0.6520514
0.0,0.11243799
0.0,0.43305185
1.0,0.7303206
1.0,0.87382334
1.0,0.7182428
1.0,0.73855716
1.0,0.44262373
0.0,0.2475416
1.0,0.5939252
1.0,0.32361078
1.0,0.8017603
1.0,0.82621336
0.0,0.089666605
1.0,0.6386759
1.0,0.6570323
0.0,0.16175795
0.0,0.06283018
0.0,0.10269931
0.0,0.09671825
1.0,0.8235359
0.0,0.5013901
1.0,0.68067604
1.0,0.7938306
1.0,0.54418343
0.0,0.18153942
0.0,0.09142092
0.0,0.5892926
1.0,0.15199745
1.0,0.8089304
1.0,0.39954185
1.0,0.78754234
0.0,0.4728222
1.0,0.8394674
1.0,0.72781503
1.0,0.5362123
0.0,0.17228553
0.0,0.26724148
1.0,0.6889404
0.0,0.15309659
1.0,0.56435275
0.0,0.44055432
1.0,0.7849941
0.0,0.06812239
0.0,0.20347694
1.0,0.00013649464
0.0,0.21465513
0.0,0.11010957
0.0,0.3557837
0.0,0.06559053
1.0,0.7599286
0.0,0.13626504
1.0,0.85319555
1.0,0.83391035
1.0,0.92757046
1.0,0.77014554
1.0,0.6124807
1.0,0.7695594
0.0,0.61890256
0.0,0.14761284
1.0,0.4964949
0.0,0.114162445
1.0,0.34387618
0.0,0.12783372
0.0,0.5997106
0.0,0.18765014
1.0,0.7668616
0.0,0.16365978
0.0,0.1291075
1.0,0.50079834
1.0,0.9305885
0.0,0.07373947
0.0,0.16982415
1.0,0.07179919
0.0,0.19870558
0.0,0.57430756
1.0,0.67932725
1.0,0.043878287
0.0,0.10005754
1.0,0.11100513
1.0,0.81451833
1.0,0.73402864
0.0,0.13648266
1.0,0.27384317
0.0,0.23151538
0.0,0.10692939
1.0,0.45004654
0.0,0.09279007
1.0,0.6926938
1.0,0.33190703
1.0,0.526537
0.0,0.42748475
1.0,0.76929945
0.0,0.63721746
0.0,0.1493398
0.0,0.9993198
1.0,0.6203742
0.0,0.08209661
0.0,0.15954691
1.0,0.8232677
1.0,0.5995777
1.0,0.83355904
0.0,0.100712866
0.0,0.12937975
1.0,0.4368473
1.0,0.8753134
0.0,0.5138691
0.0,0.10090998
0.0,0.19645324
0.0,0.18517354
0.0,0.075517714
1.0,0.6367189
0.0,0.19528902
1.0,0.50870496
0.0,0.104319096
0.0,0.18613207
0.0,0.06530446
1.0,0.522242
0.0,0.12503323
0.0,0.16726553
0.0,0.12039143
0.0,0.44395444
0.0,0.07814956
0.0,0.07479876
0.0,0.7596029
0.0,0.0023777187
1.0,0.68173444
0.0,0.093331575
0.0,0.1261836
1.0,0.87058145
0.0,0.20162478
0.0,0.5981668
0.0,0.33890098
0.0,0.11456999
0.0,0.42153144
1.0,0.8740388
0.0,0.32756272
1.0,0.30098948
0.0,0.08353126
0.0,0.10003346
1.0,0.646701
0.0,0.6309343
0.0,0.727945
0.0,0.40248704
0.0,0.06360847
1.0,0.6845728
1.0,0.7082286
0.0,0.15002987
1.0,0.628458
0.0,0.3952399
1.0,0.7782259
1.0,0.59910166
1.0,0.62706584
1.0,0.74091697
1.0,0.77138954
0.0,0.6805773
0.0,0.070560634
0.0,0.16257864
0.0,0.7964611
0.0,0.22658494
0.0,0.15242913
1.0,0.46003902
0.0,0.06826401
0.0,0.53501785
1.0,0.6148126
1.0,0.6459583
1.0,0.76196563
0.0,0.12460184
0.0,0.2975787
0.0,0.1036956
1.0,0.24398264
0.0,0.2510063
0.0,0.6068171
0.0,0.48446196
0.0,0.6600977
0.0,0.17670703
1.0,0.13043636
0.0,0.109889805
1.0,0.32242748
0.0,0.0702607
0.0,0.266016
0.0,0.12884709
1.0,0.7735599
0.0,0.2587027
0.0,0.10962251
0.0,0.112589985
0.0,0.062393367
0.0,0.7798463
0.0,0.3877778
1.0,0.8561887
0.0,0.07910457
0.0,0.10281694
1.0,0.69840753
1.0,0.8154647
0.0,0.3358909
0.0,0.13198689
0.0,0.06805438
0.0,0.15847799
0.0,0.09447569
0.0,0.12552816
1.0,0.8185703
0.0,0.20749998
1.0,0.6586837
0.0,0.14526725
1.0,0.72828805
1.0,0.52483886
0.0,0.11223096
0.0,0.11810696
0.0,0.12827247
1.0,0.74418247
1.0,0.65608823
1.0,0.69815725
1.0,0.49437326
0.0,0.08477971
0.0,0.5735597
1.0,0.8499161
0.0,0.5134837
0.0,0.1580827
0.0,0.09934887
0.0,0.12880993
0.0,0.19885615
0.0,0.08308563
0.0,0.121135116
1.0,0.34199142
0.0,0.08508387
0.0,0.20737323
0.0,0.26180214
1.0,0.733907
1.0,0.718603
0.0,0.090132505
0.0,0.1257931
0.0,0.103548974
1.0,0.760622
0.0,0.20466515
0.0,0.09104037
0.0,0.13699532
0.0,0.10143179
1.0,0.789315
1.0,0.812498
1.0,0.82760656
0.0,0.09593427
1.0,0.6237622
0.0,0.1188705
0.0,0.0658502
0.0,0.7906909
1.0,0.81781065
1.0,0.59296644
0.0,0.07525581
0.0,0.08996919
1.0,0.77405316
1.0,0.39013368
0.0,0.34953707
1.0,0.45922115
1.0,0.7678432
0.0,0.5024656
0.0,0.013816565
0.0,0.13137558
0.0,0.12440956
0.0,0.53976613
0.0,0.1140396
1.0,0.8370842
0.0,0.09633595
0.0,0.1124405
1.0,0.85007966
0.0,0.08941281
1.0,0.8410789
1.0,0.15347603
1.0,0.76587814
1.0,0.57851386
1.0,0.69445103
0.0,0.22354609
1.0,0.635959
0.0,0.6401059
1.0,0.926165
0.0,0.52732843
0.0,0.39927465
0.0,0.12519863
0.0,0.3917851
0.0,0.28087354
1.0,0.7579891
0.0,0.53090304
1.0,0.45261362
0.0,0.68898344
1.0,0.64657736
1.0,0.8996534
0.0,0.16931549
0.0,0.07910532
0.0,0.07678369
1.0,0.6646466
1.0,0.3972689
0.0,0.08159459
0.0,0.05422491
0.0,0.10471302
0.0,0.17035633
1.0,0.8558414
1.0,0.5688254
0.0,0.10285625
0.0,0.494821
1.0,0.5609461
1.0,0.8104988
1.0,0.561896
0.0,0.14566848
0.0,0.4690361
0.0,0.0818221
0.0,0.64233065
1.0,0.74263585
1.0,0.6201736
0.0,0.1388593
0.0,0.032613575
0.0,0.08477467
0.0,0.21233815
0.0,0.064588755
0.0,0.5247083
1.0,0.31623444
0.0,0.36124703
0.0,0.07179183
0.0,0.12801242
0.0,0.70535463
0.0,0.75176513
0.0,0.15202269
0.0,0.08388212
1.0,0.13331789
0.0,0.1553886
1.0,0.7315054
0.0,0.060941726
0.0,0.2665857
0.0,0.2917676
0.0,0.06842342
0.0,0.45706058
1.0,0.26376843
1.0,0.6612506
0.0,0.7333424
1.0,0.61353934
0.0,0.09932545
0.0,0.20255321
0.0,0.30500883
0.0,0.7120747
0.0,0.13377637
0.0,0.047315806
1.0,0.6581131
0.0,0.08818418
1.0,0.8555343
0.0,0.16359785
1.0,0.3895977
0.0,0.2023595
1.0,0.31340706
1.0,0.37618732
1.0,0.8522519
0.0,0.09191108
0.0,0.24578238
1.0,0.79804087
0.0,0.12331623
0.0,0.1962806
1.0,0.14389703
1.0,0.60808533
0.0,0.36341178
1.0,0.66468406
1.0,0.8928403
0.0,0.14618048
0.0,0.10588434
0.0,0.42851043
0.0,0.109757334
0.0,0.07546157
0.0,0.15591761
1.0,0.8734653
0.0,0.49919528
1.0,0.4661735
1.0,0.73391235
0.0,0.18991041
0.0,0.2088412
0.0,0.69519377
1.0,0.825629
1.0,0.8496227
1.0,0.6800299
0.0,0.17070922
1.0,0.8428587
1.0,0.64744943
0.0,0.1077674
0.0,0.47539744
0.0,0.7311678
0.0,0.6661751
1.0,0.7814301
0.0,0.10243437
1.0,0.5726011
0.0,0.31306264
0.0,0.13125083
0.0,0.17914361
0.0,0.13343391
0.0,0.14833665
0.0,0.06925556
0.0,0.09488827
0.0,0.117260456
0.0,0.12069881
0.0,0.42649844
0.0,0.26846048
0.0,0.10227868
0.0,0.5430653
0.0,0.10109395
1.0,0.572224
0.0,0.4388565
1.0,0.8377836
0.0,0.081175745
0.0,0.08416623
0.0,0.1485123
0.0,0.7848566
0.0,0.6012412
0.0,0.24036291
0.0,0.25486022
0.0,0.08106238
0.0,0.051144928
0.0,0.063821495
0.0,0.45630127
1.0,0.5537628
0.0,0.16197267
0.0,0.098923504
0.0,0.35205224
0.0,0.1087105
1.0,0.56317466
0.0,0.571049
1.0,0.13712656
0.0,0.10126531
0.0,0.24792352
1.0,0.83632314
0.0,0.7211452
1.0,0.54681295
1.0,0.88330424
1.0,0.60885316
1.0,0.7126075
0.0,0.07654405
1.0,0.53630924
0.0,0.059639722
0.0,0.12900248
0.0,0.45682505
1.0,0.49174476
0.0,0.13944748
0.0,0.0840804
1.0,0.45654535
1.0,0.95631564
0.0,0.18247867
0.0,0.06195703
1.0,0.5849603
0.0,0.21653095
1.0,0.6475474
0.0,0.45499605
0.0,0.37224913
1.0,0.5991319
0.0,0.6674057
0.0,0.060722172
1.0,0.21892431
0.0,0.24768785
1.0,0.8970222
0.0,0.08736956
1.0,0.87858146
1.0,0.53577214
1.0,0.5010234
1.0,0.883917
0.0,0.21352106
0.0,0.14336085
1.0,0.5233495
0.0,0.062538296
0.0,0.51338726
1.0,0.5146837
1.0,0.7164127
1.0,0.7771838
0.0,0.0957714
1.0,0.8455622
1.0,0.71443164
0.0,0.09812158
1.0,0.87027663
0.0,0.84730273
1.0,0.53123987
1.0,0.7300412
0.0,0.5350086
0.0,0.3747962
1.0,0.7483958
0.0,0.3439712
1.0,0.73268765
0.0,0.33134007
0.0,0.09661332
0.0,0.6112023
1.0,0.90908635
0.0,0.08620313
0.0,0.08473787
0.0,0.6787199
1.0,0.6485369
0.0,0.1898796
0.0,0.09813169
0.0,0.06761134
0.0,0.61390144
1.0,0.6340564
1.0,0.83217067
0.0,0.26306224
0.0,0.33943248
0.0,0.21929833
0.0,0.4953633
0.0,0.24884605
1.0,0.78156865
0.0,0.117112786
1.0,0.6232346
0.0,0.57714915
0.0,0.26849437
1.0,0.516108
0.0,0.16242331
0.0,0.30260003
0.0,0.083470166
0.0,0.09702486
0.0,0.1862171
0.0,0.11244494
0.0,0.09647888
0.0,0.15174705
1.0,0.66562515
1.0,0.62053365
0.0,0.08858162
0.0,0.12458503
1.0,0.8850136
0.0,0.13080364
1.0,0.71540797
0.0,0.4151098
0.0,0.10384944
1.0,0.7605671
0.0,0.60934293
1.0,0.25109679
0.0,0.54398996
1.0,0.43187475
0.0,0.14479768
0.0,0.13118124
0.0,0.54688257
1.0,0.7635323
0.0,0.10234371
0.0,0.1338177
0.0,0.165838
0.0,0.77343243
1.0,0.22709146
0.0,0.13670832
0.0,0.06994179
1.0,0.84593856
1.0,0.3971846
0.0,0.2297245
1.0,0.51392484
0.0,0.48846933
0.0,0.44266173
1.0,0.7999881
1.0,0.7747164
0.0,0.19556633
1.0,0.7774813
1.0,0.7866779
0.0,0.24810714
0.0,0.21441397
0.0,0.32375062
1.0,0.21593449
0.0,0.055594236
0.0,0.10301158
0.0,0.0982469
1.0,0.88655794
1.0,0.71393776
0.0,0.14162517
1.0,0.5561786
1.0,0.37393308
0.0,0.2833145
1.0,0.54859155
0.0,0.21207297
1.0,0.7989476
0.0,0.14657313
1.0,0.72459394
0.0,0.11994031
0.0,0.10940334
1.0,0.68318814
0.0,0.11225435
1.0,0.751394
0.0,0.16599491
0.0,0.21122175
0.0,0.12835306
1.0,0.5783404
0.0,0.52477413
1.0,0.31791258
0.0,0.09651169
1.0,0.76807284
1.0,0.7457246
0.0,0.06994021
1.0,0.7316941
1.0,0.7900709
1.0,0.6753196
1.0,0.54690564
0.0,0.21488479
0.0,0.13059333
0.0,0.575108
1.0,0.74865216
1.0,0.046037674
0.0,0.13505161
0.0,0.10625282
0.0,0.22670454
1.0,0.6680559
0.0,0.7472209
1.0,0.1634064
1.0,0.68834513
0.0,0.15330341
0.0,0.13711938
1.0,0.7090711
0.0,0.6591882
1.0,0.7897799
0.0,0.9997929
0.0,0.15205538
0.0,0.22173813
1.0,0.29376605
0.0,0.21387458
1.0,0.7986817
0.0,0.104389966
1.0,0.44280759
0.0,0.30691868
0.0,0.26236314
1.0,0.4192782
1.0,0.74103636
1.0,0.73555386
1.0,0.5183425
0.0,0.16786215
0.0,0.11587575
0.0,0.6826265
0.0,0.068179995
1.0,0.3556437
1.0,0.26630607
0.0,0.07676014
0.0,0.105523735
0.0,0.10916123
1.0,0.6145673
0.0,0.08891913
0.0,0.077398986
0.0,0.32937986
0.0,0.65494776
0.0,0.3153275
0.0,0.5491018
1.0,0.66953385
0.0,0.35576886
1.0,0.20239621
0.0,0.24191567
0.0,0.6485276
1.0,0.50610936
1.0,0.7038263
1.0,0.75017333
0.0,0.04000804
0.0,0.11549622
1.0,0.52847826
0.0,0.087751925
0.0,0.09746376
0.0,0.16402963
1.0,0.7285571
0.0,0.21652773
0.0,0.1443291
1.0,0.85673046
0.0,0.22416967
1.0,0.9108076
1.0,0.767758
1.0,0.7908101
0.0,0.08905652
1.0,0.83539426
1.0,0.61759716
0.0,0.45801172
1.0,0.32670122
0.0,0.13819292
0.0,0.49490088
0.0,0.14578235
0.0,0.11025879
1.0,0.52134717
1.0,0.7622866
1.0,0.8361144
1.0,0.6240382
1.0,0.7420655
0.0,0.45505866
0.0,0.70647925
1.0,0.8025004
0.0,0.15046814
1.0,0.63702166
1.0,0.9318273
0.0,0.2748636
1.0,0.51717204
1.0,0.3180778
0.0,0.0656068
0.0,0.13349718
0.0,0.06131351
0.0,0.096957505
1.0,0.6756035
1.0,0.85864425
0.0,0.12600991
0.0,0.11153248
1.0,0.18081477
1.0,0.67672324
1.0,0.19617146
0.0,0.119971395
1.0,0.6606794
1.0,0.58182704
0.0,0.13003159
0.0,0.19735265
1.0,0.6453873
1.0,0.9051119
0.0,0.5935569
1.0,0.5985149
0.0,0.23198783
0.0,0.40972245
1.0,0.84615725
0.0,0.6582463
1.0,0.91529393
0.0,0.16460282
0.0,0.14314356
0.0,0.15096995
1.0,0.7396337
1.0,0.4474385
0.0,0.07109162
0.0,0.19867846
1.0,0.73839974
0.0,0.22749776
1.0,0.9168208
1.0,0.5976358
1.0,0.61772704
0.0,0.30806857
0.0,0.45927128
0.0,0.3579048
0.0,0.08912039
0.0,0.06799975
1.0,0.8577337
0.0,0.6600294
0.0,0.112205476
1.0,0.7101483
0.0,0.12381318
1.0,0.122541845
1.0,0.7199991
0.0,0.1282627
0.0,0.25203723
0.0,0.7107909
0.0,0.0896633
0.0,0.08074811
0.0,0.056636184
0.0,0.10507238
0.0,0.7473215
1.0,0.49065444
1.0,0.8419717
0.0,0.5270202
0.0,0.5577186
0.0,0.1751762
0.0,0.08685422
0.0,0.111282736
1.0,0.25176027
0.0,0.10023138
0.0,0.016713649
1.0,0.73984647
1.0,0.26824516
0.0,0.121647835
0.0,0.7868774
0.0,0.045407385
0.0,0.15036711
0.0,0.08771801
0.0,0.17998642
1.0,0.69311595
1.0,0.6884866
1.0,0.8047508
0.0,0.078843564
1.0,0.499337
1.0,0.75895154
0.0,0.45939785
0.0,0.07748777
1.0,0.6009834
1.0,0.33358562
1.0,0.704784
1.0,0.72060347
1.0,0.5919673
0.0,0.3032645
0.0,0.3191534
1.0,0.46182948
0.0,0.09099561
1.0,0.46835086
0.0,0.11238012
1.0,0.4493978
0.0,0.113511264
0.0,0.6309482
0.0,0.15705183
0.0,0.1928412
0.0,0.56237423
0.0,0.06438911
0.0,0.11554772
0.0,0.151364
0.0,0.3156587
0.0,0.07168862
0.0,0.07557535
1.0,0.6958055
1.0,0.5498294
1.0,0.74796575
0.0,0.6513233
0.0,0.47925946
0.0,0.23223421
0.0,0.11879745
1.0,0.70593446
1.0,0.4451931
1.0,0.6182342
1.0,0.8114974
0.0,0.685568
0.0,0.04406035
0.0,0.07627684
1.0,0.47196046
0.0,0.08519027
1.0,0.15876538
1.0,0.7183484
0.0,0.13680404
0.0,0.06419647
0.0,0.12341303
0.0,0.28701416
1.0,0.75878793
1.0,0.6335497
0.0,0.19247517
1.0,0.83237064
1.0,0.63551956
0.0,0.50661075
0.0,0.117052734
1.0,0.7379886
0.0,0.0994111
0.0,0.20681018
0.0,0.10898948
0.0,0.48746115
0.0,0.102901876
1.0,0.3496536
0.0,0.29905766
0.0,0.6992773
1.0,0.8881376
1.0,0.8401871
0.0,0.23920682
0.0,0.38644746
1.0,0.5555385
0.0,0.20760795
0.0,0.035284966
1.0,0.54189247
0.0,0.15878233
0.0,0.16573292
0.0,0.1587447
1.0,0.7557658
0.0,0.31519163
1.0,0.7677399
1.0,0.7178825
1.0,0.9266434
0.0,0.10661206
1.0,0.5242081
0.0,0.046189338
1.0,0.8235954
0.0,0.22625971
1.0,0.7388898
0.0,0.101691455
0.0,0.11611837
1.0,0.84730554
0.0,0.09585664
0.0,0.094979525
1.0,0.7566776
1.0,0.68859637
1.0,0.2812608
1.0,0.45785868
1.0,0.5275122
1.0,0.7704473
1.0,0.51082
0.0,0.08475143
1.0,0.54309803
1.0,0.8943521
0.0,0.13809064
0.0,0.09072173
0.0,0.08178383
1.0,0.5279699
0.0,0.15631425
0.0,0.26285702
0.0,0.33907604
1.0,0.8192264
0.0,0.103811115
0.0,0.43799055
1.0,0.49721727
1.0,0.72090876
1.0,0.8222221
1.0,0.17987701
0.0,0.87253404
0.0,0.2588864
0.0,0.11092517
0.0,0.17248467
0.0,0.08455235
0.0,0.1998215
0.0,0.12352699
1.0,0.2472671
1.0,0.8150728
0.0,0.09269279
1.0,0.70779455
0.0,0.09633365
0.0,0.06968266
1.0,0.87693805
0.0,0.082181245
0.0,0.6982818
0.0,0.15237209
0.0,0.6993186
0.0,0.10154316
0.0,0.09793556
0.0,0.7565839
1.0,0.70117104
0.0,0.17320952
0.0,0.5571641
1.0,0.72252566
0.0,0.17153543
1.0,0.50640786
0.0,0.12838241
0.0,0.111459196
0.0,0.09644711
0.0,0.28319132
0.0,0.08896145
0.0,0.10994163
0.0,0.108942896
0.0,0.29775602
0.0,0.59088576
1.0,0.5149682
0.0,0.26066273
1.0,0.82176566
0.0,0.76089454
1.0,0.22835732
0.0,0.30613765
0.0,0.10845882
0.0,0.14465731
1.0,0.76565456
1.0,0.10906574
1.0,0.36243635
0.0,0.10970023
0.0,0.73977363
1.0,0.70694095
0.0,0.1548411
0.0,0.21448356
1.0,0.66577446
0.0,0.0855805
1.0,0.77218807
1.0,0.6392801
0.0,0.12199566
1.0,0.5031918
0.0,0.40462404
1.0,0.2912146
0.0,0.49436337
1.0,0.89935017
0.0,0.05247006
0.0,0.60715574
0.0,0.13807976
0.0,0.13114652
0.0,0.09011224
0.0,0.24763623
0.0,0.15537289
1.0,0.72733957
0.0,0.12212324
0.0,0.057300776
0.0,0.030667335
0.0,0.8489191
0.0,0.24092305
1.0,0.6239998
0.0,0.3210876
0.0,0.27423385
1.0,0.45019543
0.0,0.3578045
1.0,0.7987555
0.0,0.77036595
1.0,0.28238928
1.0,0.7292039
0.0,0.072288185
1.0,0.9075805
0.0,0.56664896
0.0,0.13989583
0.0,0.09776035
0.0,0.11667684
1.0,0.5435056
1.0,0.8757505
0.0,0.062725365
0.0,0.17879307
1.0,0.86144865
0.0,0.038775355
1.0,0.45129073
1.0,0.14883184
1.0,0.602742
0.0,0.3331586
1.0,0.6104635
0.0,0.2301319
1.0,0.74080646
1.0,0.33214808
0.0,0.013619244
0.0,0.5647937
0.0,0.08600503
0.0,0.58932006
1.0,0.7250297
1.0,0.7087022
1.0,0.7954873
0.0,0.11753672
0.0,0.065381706
1.0,0.8767465
0.0,0.6987748
0.0,0.037540942
0.0,0.144018
1.0,0.64416033
0.0,0.45916992
0.0,0.10803169
0.0,0.46052715
0.0,0.24694717
1.0,0.6286342
1.0,0.5222626
0.0,0.3697176
0.0,0.12591827
0.0,0.09247726
1.0,0.8065223
0.0,0.19130391
0.0,0.6208884
1.0,0.7391456
0.0,0.06815234
0.0,0.52811307
1.0,0.50512046
0.0,0.010414571
1.0,0.28725868
1.0,0.31729865
0.0,0.08056599
0.0,0.10409796
0.0,0.0798738
0.0,0.0950678
1.0,0.7745052
1.0,0.91769683
1.0,0.79042125
1.0,0.5784161
0.0,0.7658707
0.0,0.14661676
1.0,0.691677
1.0,0.6681275
0.0,0.13516924
0.0,0.10349408
1.0,0.43910044
0.0,0.09056711
1.0,0.64556664
0.0,0.07309869
0.0,0.13296708
1.0,0.7468968
0.0,0.36335385
0.0,0.09300795
0.0,0.17139047
0.0,0.27145147
0.0,0.41138786
1.0,0.23092797
0.0,0.13027453
1.0,0.8901669
0.0,0.2561744
1.0,0.39217806
0.0,0.1786179
1.0,0.535335
1.0,0.84957325
1.0,0.9014557
0.0,0.6518866
0.0,0.08666846
1.0,0.70706236
0.0,0.19784641
0.0,0.23366284
1.0,0.70423335
1.0,0.504367
0.0,0.13787663
1.0,0.7780516
1.0,0.7725467
0.0,0.7237774
0.0,0.13789654
0.0,0.22366613
0.0,0.092832804
0.0,0.0772796
0.0,0.6811032
1.0,0.61197734
1.0,0.89491796
1.0,0.770216
0.0,0.04927087
0.0,0.047356576
0.0,0.120633274
0.0,0.11516631
0.0,0.14044303
0.0,0.3255951
1.0,0.8235611
1.0,0.73200226
1.0,0.59289914
0.0,0.21923542
0.0,0.16975111
1.0,0.716302
0.0,0.45322526
0.0,0.6410797
1.0,0.75216734
0.0,0.5220078
0.0,0.9768723
1.0,0.44948837
0.0,0.11580035
1.0,0.4214641
1.0,0.8066753
0.0,0.64206517
0.0,0.088066995
1.0,0.9224861
0.0,0.060587913
0.0,0.42638928
1.0,0.70047635
1.0,0.49906197
1.0,0.60230935
1.0,0.74088746
0.0,0.6025364
0.0,0.65111434
0.0,0.09594536
1.0,0.6036954
0.0,0.8464706
1.0,0.72081417
0.0,0.6593381
1.0,0.37951052
1.0,0.40922293
0.0,0.12572888
0.0,0.14596713
0.0,0.059127003
0.0,0.2268996
0.0,0.19455743
0.0,0.22868723
1.0,0.32490146
1.0,0.5585223
0.0,0.4908288
1.0,0.8404904
1.0,0.1656943
0.0,0.04713738
0.0,0.2196517
1.0,0.83013695
1.0,0.15803084
0.0,0.1031459
0.0,0.39470035
0.0,0.11127436
0.0,0.12037456
1.0,0.71494496
1.0,0.58355546
0.0,0.20327678
0.0,0.07113254
0.0,0.15881482
0.0,0.29901007
0.0,0.0802525
0.0,0.13498545
0.0,0.56543887
0.0,0.3805533
0.0,0.12135035
0.0,0.20709756
0.0,0.28162396
1.0,0.79771996
1.0,0.7854396
0.0,0.06819591
0.0,0.27887332
0.0,0.026201874
0.0,0.09581572
0.0,0.14366841
0.0,0.16044289
0.0,0.08849496
0.0,0.6985852
1.0,0.70254296
1.0,0.8144582
1.0,0.54297984
1.0,0.727085
1.0,0.84535396
0.0,0.3826996
0.0,0.13007736
0.0,0.13832393
0.0,0.17077106
1.0,0.5276653
0.0,0.17571321
1.0,0.70225525
0.0,0.10365325
0.0,0.7400399
0.0,0.7113494
0.0,0.08687806
0.0,0.22841033
0.0,0.55583507
0.0,0.2581005
0.0,0.09706211
1.0,0.5489552
1.0,0.61152244
0.0,0.17862126
0.0,0.28028622
0.0,0.09235114
0.0,0.06682542
1.0,0.78702253
0.0,0.11228433
1.0,0.39189947
0.0,0.3745445
1.0,0.4148373
0.0,0.117513776
0.0,0.22760189
1.0,0.6651598
0.0,0.079150856
1.0,0.766346
0.0,0.12650931
0.0,0.39725065
0.0,0.32874334
0.0,0.058770627
0.0,0.09258044
1.0,0.608979
1.0,0.80821085
0.0,0.45315543
0.0,0.10285607
0.0,0.108171225
0.0,0.011743009
1.0,0.6046833
0.0,0.4660312
1.0,0.2916094
1.0,0.7069365
0.0,0.5801596
0.0,0.15271872
0.0,0.15716663
0.0,0.15245962
0.0,0.13303754
0.0,0.17801726
0.0,0.13005996
0.0,0.9909893
0.0,0.41595757
1.0,0.543867
0.0,0.90775836
0.0,0.10449636
1.0,0.59155685
0.0,0.07625729
0.0,0.17491981
0.0,0.07048741
0.0,0.13388503
1.0,0.19299883
1.0,0.7845303
1.0,0.6831027
0.0,0.11552939
0.0,0.11122081
0.0,0.1185849
0.0,0.7391592
0.0,0.19618902
0.0,0.6163094
1.0,0.8715356
1.0,0.7844211
1.0,0.7015554
0.0,0.09601599
1.0,0.899837
1.0,0.40678144
0.0,0.12955707
1.0,0.53091025
0.0,0.13775945
0.0,0.15475139
0.0,0.084373176
1.0,0.8243038
1.0,0.6386243
1.0,0.5534458
0.0,0.74350226
0.0,0.39451462
0.0,0.17052385
1.0,0.8672389
1.0,0.8536258
1.0,0.7629639
1.0,0.83489084
0.0,0.14788193
0.0,0.09614998
0.0,0.14412725
0.0,0.5604156
1.0,0.73904467
0.0,0.11501253
0.0,0.33436805
0.0,0.3873515
1.0,0.53586984
0.0,0.3442914
0.0,0.17331818
0.0,0.1807599
0.0,0.7093361
0.0,0.16027114
0.0,0.32122508
0.0,0.10153946
0.0,0.16737899
0.0,0.106912404
1.0,0.8953467
1.0,0.17434892
0.0,0.6491856
0.0,0.7851603
0.0,0.46749282
1.0,0.7630452
0.0,0.13112459
0.0,0.082722664
0.0,0.26746026
0.0,0.06999469
1.0,0.792078
0.0,0.08067089
0.0,0.20043
1.0,0.7165077
1.0,0.5716499
1.0,0.7975067
0.0,0.071922004
0.0,0.32725507
1.0,0.7331752
1.0,0.8080136
1.0,0.8186684
0.0,0.7453762
0.0,0.3512798
0.0,0.093841165
1.0,0.38346136
1.0,0.87448025
0.0,0.10445231
0.0,0.9386145
1.0,0.19995388
1.0,0.83546567
0.0,0.11188978
1.0,0.67118657
1.0,0.55580986
0.0,0.17438859
1.0,0.13836744
0.0,0.12805569
0.0,0.12769452
0.0,0.6084143
0.0,0.14732644
1.0,0.5384879
0.0,0.3846052
1.0,0.45931593
1.0,0.6504053
1.0,0.39863634
0.0,0.08213064
0.0,0.44350383
1.0,0.5837549
0.0,0.083548695
1.0,0.61807466
1.0,0.7801255
0.0,0.6142058
0.0,0.22623354
1.0,0.57693315
1.0,0.9258536
0.0,0.07677835
1.0,0.57553744
1.0,0.6329862
1.0,0.66892105
1.0,0.83632994
1.0,0.70074844
1.0,0.7469164
0.0,0.12122217
0.0,0.6583289
0.0,0.12660933
1.0,0.7442118
1.0,0.57137096
0.0,0.21734768
0.0,0.21580255
1.0,0.713338
0.0,0.1289888
1.0,0.8229253
0.0,0.5320965
1.0,0.2843336
1.0,0.6437247
0.0,0.5396228
1.0,0.43609172
0.0,0.104424626
1.0,0.8754206
1.0,0.6175413
1.0,0.374983
0.0,0.14057705
0.0,0.11378822
1.0,0.69244885
0.0,0.15015063
1.0,0.7559166
0.0,0.10357872
0.0,0.43240342
0.0,0.1069192
0.0,0.14990997
0.0,0.06180635
0.0,0.4217901
0.0,0.4836363
1.0,0.74338585
1.0,0.28525567
0.0,0.09809169
1.0,0.911585
1.0,0.5740744
0.0,0.7024337
0.0,0.64517695
0.0,0.17792833
0.0,0.10084477
0.0,0.1284892
0.0,0.095703036
1.0,0.2625007
1.0,0.9016285
0.0,0.10050428
0.0,0.103307724
0.0,0.31296372
0.0,0.63482726
0.0,0.27556872
1.0,0.63845855
0.0,0.4937097
0.0,0.15121934
1.0,0.85895574
1.0,0.7472115
0.0,0.20281675
0.0,0.86565167
0.0,0.104246885
1.0,0.8860355
1.0,0.6377989
0.0,0.024024457
0.0,0.10673562
0.0,0.104693145
0.0,0.1677661
0.0,0.10181311
1.0,0.7072481
1.0,0.5634709
1.0,0.60425824
0.0,0.042055637
1.0,0.4745307
0.0,0.5370687
1.0,0.9035436
1.0,0.65548295
0.0,0.09128496
0.0,0.1033895
0.0,0.10918227
0.0,0.18921116
0.0,0.6936096
1.0,0.8985274
0.0,0.5922473
0.0,0.38220263
0.0,0.120230585
0.0,0.06551525
0.0,0.12702364
0.0,0.22083387
0.0,0.35536885
1.0,0.4347039
1.0,0.85640204
0.0,0.06266606
0.0,0.3606854
0.0,0.54115665
0.0,0.06628889
1.0,0.78347784
0.0,0.18771964
0.0,0.5549899
1.0,0.7039078
0.0,0.50589675
0.0,0.1307756
0.0,0.07126135
0.0,0.11214447
1.0,0.7913332
1.0,0.7431617
0.0,0.12485212
1.0,0.36258334
1.0,0.7548102
1.0,0.65368044
0.0,0.338748
0.0,0.48148888
1.0,0.6859317
1.0,0.72956
0.0,0.109503955
1.0,0.8387617
0.0,0.17368078
1.0,0.8430367
1.0,0.76075053
1.0,0.8477248
0.0,0.16468155
1.0,0.63680136
1.0,0.35767436
0.0,0.22913548
0.0,0.26162475
0.0,0.81948286
0.0,0.4224015
0.0,0.1367324
0.0,0.07975343
1.0,0.7844752
0.0,0.63353455
0.0,0.21679282
0.0,0.57232535
0.0,0.10534343
0.0,0.12968889
0.0,0.20901528
1.0,0.6545166
0.0,0.14723843
0.0,0.13276258
0.0,0.4307911
1.0,0.5246222
1.0,0.8613366
1.0,0.60391855
1.0,0.63904405
0.0,0.11569175
0.0,0.13680345
0.0,0.30339736
0.0,0.20301217
0.0,0.6230116
0.0,0.15360186
1.0,0.622359
0.0,0.40883365
1.0,0.2406582
1.0,0.09871927
1.0,0.64392173
0.0,0.0908584
0.0,0.06268069
0.0,0.09550372
0.0,0.13020304
1.0,0.68673176
1.0,0.69548047
1.0,0.2744109
1.0,0.7393513
1.0,0.79107744
0.0,0.16538662
0.0,0.08945307
0.0,0.42632443
0.0,0.14928046
1.0,0.75215477
0.0,0.10713461
0.0,0.13668051
1.0,0.66662264
1.0,0.5945606
0.0,0.0730547
0.0,0.29740238
0.0,0.16185126
0.0,0.19811699
1.0,0.4409879
0.0,0.875634
0.0,0.5642612
1.0,0.87762964
0.0,0.33785158
1.0,0.75281787
1.0,0.7595083
0.0,0.09573662
0.0,0.41507047
0.0,0.10797006
0.0,0.23910502
1.0,0.7645254
0.0,0.12247932
0.0,0.24503839
0.0,0.71615916
0.0,0.22216102
1.0,0.707904
1.0,0.6335042
1.0,0.82159513
1.0,0.7061833
0.0,0.24324816
0.0,0.107785195
1.0,0.68414426
0.0,0.07882765
1.0,0.3288356
0.0,0.050811827
1.0,0.89362276
1.0,0.81077904
0.0,0.39003265
0.0,0.63596594
0.0,0.28759438
0.0,0.1264512
0.0,0.100138605
0.0,0.11480871
1.0,0.5344465
0.0,0.13235372
0.0,0.31001806
0.0,0.3801006
0.0,0.16047952
0.0,0.18170294
0.0,0.07907915
0.0,0.2087855
0.0,0.09798306
0.0,0.105009675
0.0,0.11745578
0.0,0.40224755
0.0,0.13498574
1.0,0.5182375
0.0,0.6568234
1.0,0.7000018
0.0,0.0791446
0.0,0.08256751
1.0,0.5623078
0.0,0.1275182
1.0,0.86799407
0.0,0.58887655
1.0,0.8816094
0.0,0.63280696
0.0,0.21921441
1.0,0.60530823
1.0,0.314897
0.0,0.11449224
0.0,0.17651832
0.0,0.03826669
0.0,0.095508635
0.0,0.04055038
0.0,0.5913015
1.0,0.73048496
1.0,0.69919556
0.0,0.37028742
0.0,0.15129116
1.0,0.46284854
1.0,0.80204844
1.0,0.4768803
0.0,0.057054043
1.0,0.16304031
0.0,0.45001104
1.0,0.38571203
0.0,0.0691278
1.0,0.5021572
0.0,0.07275075
0.0,0.14915958
0.0,0.5890208
0.0,0.4705956
1.0,0.7366996
0.0,0.17745048
0.0,0.20971471
1.0,0.92965597
0.0,0.13287878
0.0,0.58935684
0.0,0.7840296
1.0,0.8534721
0.0,0.21280774
0.0,0.11249256
0.0,0.7715867
1.0,0.5123334
0.0,0.05071023
0.0,0.5448683
0.0,0.14424428
1.0,0.57112116
0.0,0.032958567
1.0,0.80593175
0.0,0.5026281
1.0,0.6148187
1.0,0.8418453
0.0,0.39756224
1.0,0.71750736
1.0,0.69191265
0.0,0.08168304
0.0,0.3789048
0.0,0.20244351
1.0,0.877746
0.0,0.13636133
1.0,0.7365918
1.0,0.4277106
0.0,0.08499271
1.0,0.7457529
0.0,0.25762954
1.0,0.5892388
0.0,0.53262115
1.0,0.62174976
0.0,0.5469958
1.0,0.121534854
0.0,0.369501
0.0,0.105284184
0.0,0.08408356
0.0,0.14291704
0.0,0.08955875
0.0,0.079144895
0.0,0.05002299
0.0,0.18503347
0.0,0.3472568
0.0,0.4155917
0.0,0.5391555
0.0,0.13887855
1.0,0.3774932
1.0,0.3067931
0.0,0.54246974
1.0,0.21626604
0.0,0.18982518
0.0,0.31287384
0.0,0.9996326
0.0,0.17580783
0.0,0.17517558
0.0,0.16113085
1.0,0.7490247
0.0,0.086670995
0.0,0.16871944
1.0,0.0658806
0.0,0.06788817
1.0,0.7034726
0.0,0.11742282
0.0,0.85556597
1.0,0.2968276
0.0,0.11128983
1.0,0.80374146
0.0,0.10476583
0.0,0.084994465
0.0,0.07424894
1.0,0.7902757
0.0,0.14338732
1.0,0.64927244
1.0,0.4929014
0.0,0.85715574
0.0,0.08968815
1.0,0.124367654
0.0,0.25633764
0.0,0.17989594
0.0,0.48566425
0.0,0.11712104
0.0,0.61514676
0.0,0.687396
1.0,0.176373
0.0,0.11532539
1.0,0.7899384
0.0,0.057903826
0.0,0.09494379
0.0,0.10382548
1.0,0.55753255
1.0,0.6250025
0.0,0.17727932
0.0,0.60568875
0.0,0.11144653
0.0,0.2093077
0.0,0.153148
0.0,0.09159005
0.0,0.0353536
1.0,0.28554332
1.0,0.63057315
0.0,0.13764045
0.0,0.710069
1.0,0.5954855
0.0,0.09199238
1.0,0.68334854
0.0,0.06300089
0.0,0.11674556
1.0,0.71426654
0.0,0.56856257
1.0,0.6931091
1.0,0.66108733
1.0,0.7712529
0.0,0.17058906
0.0,0.22352692
0.0,0.5629677
1.0,0.81215465
0.0,0.24497083
1.0,0.78354454
0.0,0.10470748
0.0,0.06737977
0.0,0.6368867
1.0,0.74413955
0.0,0.18142572
0.0,0.120456636
0.0,0.32785803
1.0,0.5396235
1.0,0.8765012
0.0,0.044110894
0.0,0.18909687
1.0,0.6043184
1.0,0.8035724
1.0,0.84561574
1.0,0.5726873
0.0,0.1446945
1.0,0.6521654
0.0,0.13567454
0.0,0.15779987
0.0,0.11689851
1.0,0.66312784
0.0,0.1230908
0.0,0.2488477
0.0,0.10581517
1.0,0.49876782
0.0,0.37120405
1.0,0.669916
1.0,0.877221
0.0,0.04356268
1.0,0.73261935
0.0,0.18592072
1.0,0.3834194
0.0,0.47825223
0.0,0.089069605
0.0,0.120063275
0.0,0.00052288175
1.0,0.8277515
0.0,0.21250567
0.0,0.2952599
0.0,0.5821843
1.0,0.87925637
1.0,0.82208943
0.0,0.1011146
1.0,0.77602583
1.0,0.84294355
1.0,0.9056493
1.0,0.29107046
0.0,0.3902802
1.0,0.72986275
0.0,0.15043989
0.0,0.0851334
1.0,0.525199
0.0,0.1386798
0.0,0.24464083
0.0,0.42596135
1.0,0.5118778
0.0,0.25046217
0.0,0.32319435
1.0,0.8132776
0.0,0.09793612
1.0,0.7029818
0.0,0.14839888
0.0,0.7341569
1.0,0.73168993
1.0,0.8040576
0.0,0.085689604
1.0,0.7630234
1.0,0.7629852
0.0,0.5887738
0.0,0.4129974
1.0,0.30003744
0.0,0.27023226
1.0,0.8870621
0.0,0.10157898
0.0,0.14475718
1.0,0.87596554
1.0,0.5536055
0.0,0.21586874
1.0,0.5328054
0.0,0.13882217
0.0,0.0015662014
1.0,0.8723029
0.0,0.26756126
0.0,0.14365312
0.0,0.18403062
1.0,0.6265118
0.0,0.222633
0.0,0.13830045
1.0,0.5762608
1.0,0.6297101
0.0,0.10865998
0.0,0.41720772
0.0,0.15624717
1.0,0.28223848
0.0,0.47166616
0.0,0.06698552
0.0,0.08511451
0.0,0.12642086
0.0,0.092974186
1.0,0.2687433
0.0,0.4150924
0.0,0.06869331
0.0,0.18617338
1.0,0.6878779
1.0,0.8226397
1.0,0.641054
0.0,0.42302492
0.0,0.12562025
0.0,0.8040954
1.0,0.8688414
0.0,0.26516867
1.0,0.8117963
0.0,0.09645724
1.0,0.8227841
0.0,0.18023604
1.0,0.7008808
0.0,0.8405144
1.0,0.82705706
0.0,0.3928573
0.0,0.11811572
1.0,0.4160081
1.0,0.8159206
1.0,0.71601224
0.0,0.46071762
1.0,0.7510948
1.0,0.47420686
1.0,0.19452322
0.0,0.04531637
1.0,0.26093456
0.0,0.058899343
0.0,0.7035291
1.0,0.5989995
0.0,0.5038022
0.0,0.07265437
0.0,0.13197398
0.0,0.20713302
0.0,0.7236155
1.0,0.7497596
1.0,0.74741834
0.0,0.66635287
0.0,0.585699
0.0,0.10805279
1.0,0.89137053
0.0,0.47869915
0.0,0.12025419
0.0,0.09310889
0.0,0.07502514
0.0,0.089877486
0.0,0.54596794
1.0,0.78558636
1.0,0.9098344
1.0,0.014771104
0.0,0.2977521
0.0,0.1263381
0.0,0.10913381
0.0,0.100532115
0.0,0.19930103
1.0,0.82913387
0.0,0.2299948
0.0,0.7697569
1.0,0.8431945
0.0,0.122535765
1.0,0.32353714
1.0,0.5356852
0.0,0.9015436
0.0,0.0905188
0.0,0.30838796
1.0,0.5885056
0.0,0.4046535
0.0,0.18258041
1.0,0.82166886
1.0,0.52976424
0.0,0.080467254
0.0,0.1464923
0.0,0.46899474
0.0,0.07760492
0.0,0.50193995
1.0,0.509693
1.0,0.6475176
0.0,0.10341939
0.0,0.07838163
0.0,0.36240995
0.0,0.12619814
1.0,0.68359375
0.0,0.18320519
1.0,0.8320012
0.0,0.19596276
1.0,0.8888103
0.0,0.106514394
1.0,0.76990175
1.0,0.7571789
0.0,0.13183373
0.0,0.3209444
0.0,0.053330332
0.0,0.19342425
1.0,0.61954135
1.0,0.079084456
1.0,0.27485305
1.0,0.30118597
1.0,0.40999264
0.0,0.04087472
1.0,0.66312724
1.0,0.23278174
0.0,0.14708352
0.0,0.13016891
0.0,0.15364727
1.0,0.54253745
1.0,0.8599654
0.0,0.8849211
0.0,0.16308099
1.0,0.70843387
0.0,0.08891925
0.0,0.09857145
1.0,0.7632805
0.0,0.53734845
0.0,0.13248885
1.0,0.62865996
1.0,0.7268177
0.0,0.09876418
0.0,0.11046028
0.0,0.30589986
1.0,0.7322378
1.0,0.8397037
0.0,0.4369474
0.0,0.49347016
1.0,0.83321935
1.0,0.61056453
0.0,0.07057175
0.0,0.53941226
0.0,0.1462158
1.0,0.26197296
1.0,0.6997038
0.0,0.12221804
0.0,0.2379914
1.0,0.73236537
0.0,0.09405592
0.0,0.1744565
0.0,0.19420958
0.0,0.5896472
1.0,0.520699
0.0,0.56201166
0.0,0.13483956
0.0,0.7597838
0.0,0.48582995
0.0,0.42765623
1.0,0.65580094
1.0,0.57771444
0.0,0.36198843
1.0,0.8857249
0.0,0.18807504
1.0,0.78090334
1.0,0.1864222
1.0,0.8217009
0.0,0.07496932
0.0,0.74647367
0.0,0.13322452
1.0,0.88569427
0.0,0.09088522
1.0,0.79558504
0.0,0.15662405
0.0,0.104690224
1.0,0.29808435
1.0,0.37753165
0.0,0.080976635
1.0,0.6004122
0.0,0.12529698
1.0,0.88693357
0.0,0.07945135
1.0,0.55719626
1.0,0.13632101
0.0,0.13001513
0.0,0.1833952
0.0,0.2741797
0.0,0.08602771
0.0,0.111233175
0.0,0.60724103
0.0,0.26753378
0.0,0.11429328
0.0,0.83997685
0.0,0.1035901
1.0,0.6924577
0.0,0.58468175
0.0,0.4172051
1.0,0.90974593
0.0,0.17976943
1.0,0.8852235
0.0,0.08195773
1.0,0.81016505
0.0,0.12848008
0.0,0.17721003
1.0,0.92129385
0.0,0.18473664
0.0,0.10489544
0.0,0.24005878
1.0,0.8147346
1.0,0.4680444
0.0,0.09574452
1.0,0.7215065
1.0,0.28186107
1.0,0.82911307
0.0,0.47895023
1.0,0.45586348
1.0,0.32396075
0.0,0.8128549
1.0,0.3154086
1.0,0.57378817
0.0,0.122464925
0.0,0.11191216
0.0,0.10355231
0.0,0.0686343
0.0,0.0759694
0.0,0.19527179
0.0,0.10285187
0.0,0.06364161
1.0,0.7090021
0.0,0.24629557
0.0,0.13053113
0.0,0.22008866
0.0,0.13506064
1.0,0.7323499
0.0,0.084804535
1.0,0.6758663
0.0,0.39943513
0.0,0.124795526
1.0,0.37639385
1.0,0.57992
0.0,0.8710981
0.0,0.13990566
1.0,0.78712875
0.0,0.7520781
0.0,0.20582545
1.0,0.63832134
1.0,0.3026861
1.0,0.48979732
1.0,0.6245999
0.0,0.24521089
0.0,0.09992689
1.0,0.20385349
0.0,0.12988791
0.0,0.079538345
1.0,0.87922204
1.0,0.5368934
1.0,0.6914705
0.0,0.096092016
1.0,0.39509565
1.0,0.7317878
1.0,0.8185687
0.0,0.10883275
0.0,0.10128224
1.0,0.61032397
0.0,0.094644606
0.0,0.59832466
0.0,0.13928548
1.0,0.69659555
0.0,0.14679217
0.0,0.15265504
0.0,0.10003042
0.0,0.6534883
0.0,0.17307541
0.0,0.050671905
0.0,0.68449676
1.0,0.8897531
0.0,0.11950117
1.0,0.7737
0.0,0.11343458
0.0,0.30917084
0.0,0.7010915
1.0,0.08778578
0.0,0.62984055
0.0,0.07332167
0.0,0.09062776
0.0,0.22838438
0.0,0.21256402
1.0,0.77022934
0.0,0.43667188
1.0,0.6979441
0.0,0.20885277
0.0,0.15207973
0.0,0.11504415
0.0,0.4469022
0.0,0.15990111
0.0,0.51726216
0.0,0.095588654
0.0,0.041916788
1.0,0.54511887
0.0,0.121394604
1.0,0.5946821
1.0,0.4514205
0.0,0.12467557
0.0,0.11145496
1.0,0.83772826
0.0,0.18157265
1.0,0.51054215
1.0,0.5686083
0.0,0.09164351
1.0,0.81917924
0.0,0.116235375
1.0,0.75842786
0.0,0.4814433
0.0,0.4419867
1.0,0.60119665
0.0,0.6308898
0.0,0.13402328
0.0,0.95453644
1.0,0.48195186
1.0,0.84698117
0.0,0.0849852
0.0,0.3799913
1.0,0.48464242
0.0,0.5346896
1.0,0.56981164
0.0,0.5935564
1.0,0.50841516
0.0,0.61990225
0.0,0.18209952
0.0,0.69053674
0.0,0.08277923
0.0,0.20435268
1.0,0.12659734
0.0,0.48678204
1.0,0.73415715
0.0,0.18339169
1.0,0.28059223
0.0,0.12716475
0.0,0.072891265
0.0,0.10483533
0.0,0.12233263
0.0,0.25498208
0.0,0.013851494
0.0,0.18982399
0.0,0.436261
1.0,0.720038
0.0,0.098713696
0.0,0.18616873
1.0,0.59845996
1.0,0.28566688
0.0,0.12558824
0.0,0.073521346
1.0,0.61889213
0.0,0.17959157
1.0,0.20620406
1.0,0.73330736
1.0,0.7022578
1.0,0.63991517
0.0,0.11759144
0.0,0.10577333
1.0,0.74855006
0.0,0.25060415
1.0,0.8354639
1.0,0.5054443
1.0,0.74238324
0.0,0.38430688
0.0,0.0729312
0.0,0.15558684
0.0,0.007618934
1.0,0.7245532
1.0,0.75318736
0.0,0.4169485
0.0,0.15620095
0.0,0.24690822
0.0,0.1917702
1.0,0.25435543
1.0,0.59626365
1.0,0.4910861
0.0,0.6904448
1.0,0.5792445
1.0,0.70094997
1.0,0.6949046
1.0,0.7846242
0.0,0.56723356
0.0,0.38003212
0.0,0.5138178
0.0,0.12971112
1.0,0.7154292
1.0,0.90478486
1.0,0.6705389
1.0,0.7099547
0.0,0.12450901
0.0,0.06502706
0.0,0.29929975
0.0,0.24475208
1.0,0.58305717
0.0,0.073266536
0.0,0.09626013
0.0,0.2685899
0.0,0.12388563
1.0,0.47738218
1.0,0.7675758
1.0,0.8784719
0.0,0.1871776
0.0,0.5190853
1.0,0.6305219
1.0,0.8855914
0.0,0.19837609
1.0,0.65231395
0.0,0.5030088
1.0,0.898541
1.0,0.81892586
1.0,0.31475833
0.0,0.15880153
0.0,0.23838103
1.0,0.67074114
0.0,0.275829
0.0,0.3034535
1.0,0.8032767
0.0,0.16907391
0.0,0.10280767
0.0,0.20552543
1.0,0.4577943
0.0,0.33257952
0.0,0.29444164
1.0,0.6955532
0.0,0.19281214
0.0,0.1211679
0.0,0.08500698
0.0,0.1890915
1.0,0.7022605
0.0,0.6787616
0.0,0.10049066
0.0,0.1169709
1.0,0.659624
0.0,0.13143519
0.0,0.07055694
1.0,0.4730847
0.0,0.42547143
0.0,0.028757602
1.0,0.88584113
1.0,0.3081469
0.0,0.08179885
1.0,0.33062696
1.0,1.5467405e-05
0.0,0.35203308
0.0,0.5090501
1.0,0.16725487
1.0,0.61064297
0.0,0.14175698
1.0,0.5317817
1.0,0.45240194
1.0,0.7143474
0.0,0.3140396
1.0,0.3177396
0.0,0.09785336
1.0,0.54643583
0.0,0.10170519
1.0,0.82342803
0.0,0.5975583
0.0,0.29853874
1.0,0.59511685
0.0,0.121608526
1.0,0.69497645
1.0,0.5400942
1.0,0.7724145
1.0,0.03167355
0.0,0.00036916137
1.0,0.2112414
0.0,0.3285254
0.0,0.1526806
0.0,0.16730016
0.0,0.3534057
1.0,0.68804204
0.0,0.13840204
0.0,0.27499425
0.0,0.2821241
0.0,0.26056632
1.0,0.63885516
0.0,0.26571855
0.0,0.035192758
0.0,0.10278952
0.0,0.28120336
1.0,0.58860123
0.0,0.08691293
1.0,0.7501496
1.0,0.8721433
0.0,0.5736596
0.0,0.15352413
0.0,0.14369753
1.0,0.89587915
0.0,0.112697124
1.0,0.41317374
1.0,0.5337297
1.0,0.803524
0.0,0.6660248
0.0,0.36171693
0.0,0.07568237
0.0,0.60302234
0.0,0.09832567
0.0,0.13611466
0.0,0.16369134
1.0,0.6179555
0.0,0.13574916
1.0,0.76554894
0.0,0.6922666
1.0,0.8491816
1.0,0.7406721
1.0,0.66157645
1.0,0.73885727
0.0,0.58184147
0.0,0.8937877
0.0,0.13970423
1.0,0.6193582
1.0,0.73412657
0.0,0.12004408
1.0,0.56212306
1.0,0.4595367
1.0,0.8576776
1.0,0.6929815
0.0,0.7369022
0.0,0.3939788
1.0,0.7945535
0.0,0.10668254
0.0,0.572203
1.0,0.8493749
0.0,0.06652719
0.0,0.56071365
0.0,0.3145228
0.0,0.14842397
0.0,0.19249201
1.0,0.80991197
0.0,0.1875704
0.0,0.57771313
1.0,0.6481719
0.0,0.19080022
1.0,0.6772141
0.0,0.19950762
0.0,0.08316645
0.0,0.112383336
0.0,0.07952288
1.0,0.60807365
0.0,0.1364533
0.0,0.584743
1.0,0.8075371
1.0,0.66443515
0.0,0.17845938
0.0,0.104617804
0.0,0.11686191
1.0,0.63737494
0.0,0.06478289
1.0,0.8186681
1.0,0.6481142
1.0,0.2514891
1.0,0.6434714
1.0,0.8443208
0.0,0.8209159
1.0,0.6223154
1.0,0.8253077
0.0,0.11188337
0.0,0.069200486
0.0,0.22830883
1.0,0.7610471
0.0,0.12202448
0.0,0.13689992
0.0,0.38835135
1.0,0.87490296
0.0,0.2568524
1.0,0.71828514
0.0,0.14329356
0.0,0.62898266
0.0,0.22435454
0.0,0.1260955
0.0,0.22244233
1.0,0.6211561
1.0,0.7411391
0.0,0.12815967
0.0,0.2289803
1.0,0.48191583
0.0,0.08668828
1.0,0.7782252
0.0,0.14147371
0.0,0.16280943
0.0,0.14772564
1.0,0.7154264
1.0,0.8002597
0.0,0.08796522
0.0,0.21866989
1.0,0.55429196
0.0,0.2685594
0.0,0.119004786
1.0,0.7282926
1.0,0.88852257
1.0,0.87530184
0.0,0.21658155
1.0,0.71825093
1.0,0.6883634
0.0,0.09851009
0.0,0.18589711
0.0,0.23615107
0.0,0.11564812
0.0,0.07344714
0.0,0.15587518
1.0,0.50562733
1.0,0.6901216
0.0,0.923792
0.0,0.08181158
0.0,0.5214839
0.0,0.051657945
1.0,0.87155664
0.0,0.7728217
0.0,0.10352808
0.0,0.6047541
0.0,0.5809666
1.0,0.2892794
0.0,0.11196038
0.0,0.4949659
1.0,0.7472476
0.0,0.24465868
0.0,0.54670507
0.0,0.1436359
0.0,0.096775204
1.0,0.5394247
1.0,0.83694804
0.0,0.29459435
0.0,0.7357329
0.0,0.07773188
0.0,0.77018905
0.0,0.6879689
0.0,0.24167779
0.0,0.050529957
0.0,0.47039443
1.0,0.15291175
0.0,0.18035036
1.0,0.017953187
0.0,0.43395448
0.0,0.04781893
0.0,0.13704339
0.0,0.78787446
0.0,0.37822634
0.0,0.1828855
1.0,0.79693604
0.0,0.09729391
0.0,0.5318387
0.0,0.09850711
1.0,0.8426895
1.0,0.5987029
0.0,0.10540548
0.0,0.4184721
0.0,0.113471
1.0,0.88860506
1.0,0.67475593
1.0,0.8646879
0.0,0.18323717
1.0,0.874919
0.0,0.14218587
0.0,0.068348825
0.0,0.07031223
1.0,0.17954037
0.0,0.07190484
0.0,0.13279033
1.0,0.86967105
1.0,0.12413442
0.0,0.093398035
1.0,0.8733844
0.0,0.10063204
1.0,0.44641125
0.0,0.16260403
1.0,0.53932
0.0,0.6534778
0.0,0.31034368
1.0,0.60384744
0.0,0.12744838
0.0,0.23819393
0.0,0.123598665
0.0,0.16241589
0.0,0.26617754
0.0,0.10605562
1.0,0.4827667
1.0,0.49754715
0.0,0.17700177
0.0,0.15790102
0.0,0.09061918
0.0,0.49630943
1.0,0.74760306
0.0,0.12504378
0.0,0.00052314997
0.0,0.951983
0.0,0.5361906
0.0,0.053179324
1.0,0.78427273
1.0,0.76249063
0.0,0.090381116
0.0,0.19193226
0.0,0.2299861
0.0,0.1399545
1.0,0.72138286
0.0,0.5891094
0.0,0.17793849
0.0,0.100301415
1.0,0.37226275
0.0,0.08208987
0.0,0.120423526
1.0,0.8674637
0.0,0.14541107
0.0,0.12741292
1.0,0.47407645
1.0,0.17394876
1.0,0.9003881
0.0,0.08099532
0.0,0.09278852
0.0,0.37375885
0.0,0.07664889
1.0,0.73141277
0.0,0.29235315
1.0,0.3450929
0.0,0.091304004
0.0,0.07848424
0.0,0.26465553
1.0,0.81064
0.0,0.6405684
0.0,0.15704662
0.0,0.28850675
1.0,0.650452
0.0,0.06006685
0.0,0.20092845
0.0,0.07520354
1.0,0.25141448
0.0,0.15625942
0.0,0.11515996
1.0,0.30138886
1.0,0.89037967
0.0,0.07542449
1.0,0.88139427
1.0,0.80334145
1.0,0.7351947
1.0,0.7482339
0.0,0.096874565
1.0,0.45469326
0.0,0.96053016
1.0,0.13846189
0.0,0.16058436
1.0,0.594213
0.0,0.32154608
1.0,0.13059118
1.0,0.90019035
1.0,0.9815578
0.0,0.13650572
0.0,0.6788951
0.0,0.42238045
0.0,0.16182554
0.0,0.12833044
0.0,0.14903417
1.0,0.8220837
1.0,0.8063406
1.0,0.63985324
0.0,0.20458066
0.0,0.09714219
0.0,0.20988351
0.0,0.2209447
1.0,0.16172448
0.0,0.21038237
0.0,0.117952466
0.0,0.0977675
0.0,0.5038344
1.0,0.7101507
0.0,0.66557515
0.0,0.8653246
0.0,0.5961752
1.0,0.63686365
0.0,0.09454456
0.0,0.07618934
1.0,0.57012975
0.0,0.48686296
1.0,0.74096096
0.0,0.34261465
0.0,0.44478372
0.0,0.11815342
0.0,0.12696284
0.0,0.046023935
1.0,0.7781675
0.0,0.22814578
0.0,0.12175068
1.0,0.7359655
1.0,0.7009337
0.0,0.44708058
1.0,0.16326404
0.0,0.52255607
0.0,0.22365046
1.0,0.79909223
0.0,0.10773054
0.0,0.28446293
0.0,0.104368925
0.0,0.13432923
1.0,0.7424822
1.0,0.7836193
1.0,0.5718476
1.0,0.8828429
0.0,0.14451513
0.0,0.12115246
0.0,0.3767988
1.0,0.7284958
0.0,0.19461858
0.0,0.12993485
1.0,0.73040146
1.0,0.7993353
1.0,0.6932531
0.0,0.12176177
0.0,0.24169898
0.0,0.3621623
1.0,0.7413261
1.0,0.63711315
1.0,0.8570617
0.0,0.24163386
0.0,0.07082972
0.0,0.06141457
1.0,0.7690629
1.0,0.26960018
0.0,0.40262848
1.0,0.774752
1.0,0.48376775
1.0,0.8448609
1.0,0.46218428
0.0,0.07085791
0.0,0.21790585
1.0,0.48760575
1.0,0.6637932
0.0,0.23515129
0.0,0.10554084
0.0,0.0861983
0.0,0.13983378
0.0,0.11272916
0.0,0.43699896
0.0,0.12394416
0.0,0.17932427
1.0,0.5580312
1.0,0.643873
0.0,0.16112736
1.0,0.8431946
0.0,0.07402733
1.0,0.7278816
0.0,0.29871863
1.0,0.8792621
0.0,0.14345211
0.0,0.10684663
0.0,0.099814564
0.0,0.23107216
1.0,0.13852158
1.0,0.69312453
0.0,0.14337802
0.0,0.19260517
1.0,0.3004642
0.0,0.063765794
1.0,0.67742145
1.0,0.7047821
0.0,0.12561002
0.0,0.13659942
0.0,0.3680717
0.0,0.8729708
0.0,0.60545546
0.0,0.0902496
0.0,0.30674672
0.0,0.14824265
1.0,0.56498873
1.0,0.8788023
1.0,0.5850975
1.0,0.7154802
0.0,0.10761428
0.0,0.124212146
1.0,0.56698436
0.0,0.73867035
0.0,0.17767489
0.0,0.42562407
1.0,0.46281096
1.0,0.40120092
0.0,0.12545973
1.0,0.7547608
1.0,0.82360125
0.0,0.05636543
0.0,0.115397125
1.0,0.7469023
0.0,0.11839607
0.0,0.49326143
0.0,0.073830664
0.0,0.16074452
1.0,0.18438795
0.0,0.15320203
0.0,0.117462814
0.0,0.4314504
1.0,0.22462851
0.0,0.122674376
0.0,0.12158987
1.0,0.87241757
0.0,0.0830324
0.0,0.41619006
0.0,0.851969
1.0,0.82055104
1.0,0.28196013
1.0,0.60235536
0.0,0.36400002
0.0,0.61295414
1.0,0.657247
0.0,0.0923419
0.0,0.103780955
0.0,0.54990107
0.0,0.05592659
1.0,0.36308447
0.0,0.109458804
0.0,0.56471515
1.0,0.4166114
0.0,0.14276567
0.0,0.08561665
0.0,0.49352318
0.0,0.28686488
1.0,0.62992144
1.0,0.7628262
0.0,0.6798432
1.0,0.6837964
0.0,0.1449107
0.0,0.11064458
0.0,0.09685695
1.0,0.5830679
0.0,0.1442917
0.0,0.12071362
1.0,0.79023635
1.0,0.55763555
1.0,0.6599296
0.0,0.18632135
1.0,0.68622786
1.0,0.87468755
0.0,0.0647507
0.0,0.651269
0.0,0.9203774
1.0,0.43582562
0.0,0.20057777
0.0,0.51701534
0.0,0.2486639
0.0,0.10784662
0.0,0.08247602
0.0,0.21086583
0.0,0.36653638
0.0,0.66670746
0.0,0.45069316
1.0,0.34542716
1.0,0.5556303
1.0,0.54203475
0.0,0.12045407
1.0,0.85784817
0.0,0.00090432167
0.0,0.17377198
1.0,0.83388686
0.0,0.18885395
0.0,0.12596482
0.0,0.5026052
0.0,0.120235234
0.0,0.66294956
0.0,0.46979487
0.0,0.14148426
1.0,0.7573148
0.0,0.048964262
0.0,0.090084106
0.0,0.18438944
1.0,0.8209051
1.0,0.73443174
0.0,0.44171542
1.0,0.57113004
0.0,0.08751401
1.0,0.3488684
0.0,0.24499938
0.0,0.14909452
1.0,0.13977554
0.0,0.076019794
0.0,0.11086658
1.0,0.48267758
0.0,0.11685306
1.0,0.07003239
0.0,0.48376098
0.0,0.1386365
1.0,0.7840407
0.0,0.10004696
0.0,0.2299388
0.0,0.616635
0.0,0.09566018
0.0,0.077025115
1.0,0.6035081
0.0,0.14427951
0.0,0.10388917
0.0,0.08668384
1.0,0.5408964
0.0,0.70601416
0.0,0.24055627
1.0,0.2044918
0.0,0.09680942
0.0,0.08661756
0.0,0.18794286
0.0,0.21082744
1.0,0.6580305
0.0,0.11535701
0.0,0.07688862
0.0,0.09898722
0.0,0.08069685
0.0,0.6587867
1.0,0.71481365
1.0,0.6689646
0.0,0.12585261
1.0,0.7166424
0.0,0.16527832
0.0,0.13576108
0.0,0.071820945
0.0,0.3602661
1.0,0.6948776
0.0,0.14917883
0.0,0.17345971
0.0,0.48908675
0.0,0.21357498
0.0,0.23766223
0.0,0.071344644
0.0,0.10344657
0.0,0.0848425
0.0,0.08148992
0.0,0.5456215
1.0,0.7793977
0.0,0.23152745
0.0,0.2488187
0.0,0.16235003
1.0,0.85167134
0.0,0.18630746
1.0,0.7606127
0.0,0.10062736
0.0,0.23749852
0.0,0.2583919
1.0,0.74595195
1.0,0.88264227
1.0,0.5778119
1.0,0.6793409
0.0,0.10077503
0.0,0.1294384
1.0,0.75566816
1.0,0.7584674
0.0,0.09749055
0.0,0.26006016
0.0,0.8329948
1.0,0.81353164
0.0,0.11296955
0.0,0.114242494
0.0,0.11662561
0.0,0.120957375
1.0,0.61532617
1.0,0.64847356
0.0,0.048650682
1.0,0.3952497
0.0,0.17831728
0.0,0.11419991
0.0,0.08787578
0.0,0.23130551
0.0,0.0774734
1.0,0.7039714
0.0,0.075930685
0.0,0.37818632
0.0,0.6238745
0.0,0.19702426
0.0,0.54309803
1.0,0.8379713
0.0,0.19158974
0.0,0.07423386
1.0,0.6739136
0.0,0.706602
0.0,0.12514976
1.0,0.8505297
1.0,0.5407218
0.0,0.19702971
1.0,0.791119
0.0,0.3083713
1.0,0.65525925
1.0,0.940944
0.0,0.1521982
1.0,0.84714663
0.0,0.12711573
0.0,0.30010903
0.0,0.39967877
0.0,0.41818324
0.0,0.10892701
0.0,0.12444049
0.0,0.37321067
1.0,0.90032685
0.0,0.18245023
0.0,0.26728198
0.0,0.26611647
0.0,0.31629974
1.0,0.7555979
0.0,0.20174995
0.0,0.37221605
0.0,0.12943175
0.0,0.1404626
0.0,0.12841934
0.0,0.79281807
1.0,0.26526356
0.0,0.2796267
1.0,0.58388275
0.0,0.14195314
1.0,0.68434197
0.0,0.12286657
0.0,0.17502901
0.0,0.10240784
0.0,0.5732504
0.0,0.3605492
0.0,0.12355301
0.0,0.24866754
0.0,0.14526999
0.0,0.7611836
0.0,0.7010279
1.0,0.7283181
0.0,0.28661162
0.0,0.11761901
1.0,0.8426765
0.0,0.2901788
0.0,0.09620929
0.0,0.07238734
1.0,0.50314194
1.0,0.61289924
1.0,0.6095365
1.0,0.91773283
0.0,0.2954147
1.0,0.8268837
0.0,0.057471037
1.0,0.37818727
0.0,0.12522796
0.0,0.9108553
0.0,0.13907465
0.0,0.14913091
0.0,0.22864482
1.0,0.751204
1.0,0.5029011
0.0,0.84172815
1.0,0.68882173
0.0,0.12174919
1.0,0.82943046
0.0,0.050439864
0.0,0.103895605
0.0,0.77304226
0.0,0.63324445
0.0,0.065265626
0.0,0.09880254
1.0,0.90685165
0.0,0.068265766
1.0,0.8252164
1.0,0.6087892
1.0,0.5927619
0.0,0.12614217
0.0,0.75754803
0.0,0.17010608
0.0,0.29494256
0.0,0.107599854
1.0,0.68109626
0.0,0.11618698
0.0,0.20290866
0.0,0.19380817
0.0,0.19724229
0.0,0.090476304
0.0,0.28135595
0.0,0.6874635
0.0,0.12555727
0.0,0.23512119
1.0,0.81374156
0.0,0.2804136
0.0,0.12907296
0.0,0.11423847
0.0,0.13753852
1.0,0.7419051
0.0,0.4922033
1.0,0.8535736
0.0,0.40218237
1.0,0.8870813
1.0,0.5331639
0.0,0.14989284
0.0,0.79361284
0.0,0.08932939
0.0,0.34725475
0.0,0.119056195
0.0,0.51905835
1.0,0.80717397
0.0,0.093607485
1.0,0.6272131
0.0,0.591142
0.0,0.06283122
0.0,0.12806672
1.0,0.8490813
0.0,0.10234398
1.0,0.90262735
0.0,0.10818657
0.0,0.2553019
0.0,0.7677207
0.0,0.11701384
0.0,0.32139426
0.0,0.26118636
1.0,0.70882994
1.0,0.79083323
0.0,0.15574032
0.0,0.41534084
0.0,0.12074897
1.0,0.6703101
0.0,0.10106999
1.0,0.25244308
0.0,0.47637135
1.0,0.75598466
1.0,0.7747288
0.0,0.13094127
0.0,0.14019257
0.0,0.09891176
1.0,0.64840686
0.0,0.43970808
0.0,0.63122535
1.0,0.83827525
1.0,0.6519437
0.0,0.36042553
0.0,0.18600398
1.0,0.7571112
0.0,0.21075132
0.0,0.10551071
0.0,0.10792479
1.0,0.5780484
0.0,0.18536878
0.0,0.3478791
1.0,0.6831904
1.0,0.5740911
0.0,0.41583672
0.0,0.14062315
0.0,0.14834017
1.0,0.8242347
1.0,0.9095147
1.0,0.5104886
0.0,0.20017663
0.0,0.14725786
0.0,0.28219742
0.0,0.05311659
1.0,0.6788965
0.0,0.08857739
0.0,0.5879735
0.0,0.14554027
0.0,0.20939651
0.0,0.38995343
0.0,0.16314179
0.0,0.040196985
0.0,0.14124191
0.0,0.12696129
1.0,0.014693797
1.0,0.6151541
0.0,0.5696593
0.0,0.67564803
1.0,0.21941891
0.0,0.10041207
1.0,0.6391493
0.0,0.10271284
0.0,0.24373546
1.0,0.8766884
1.0,0.8650578
0.0,0.7318803
0.0,0.5084334
1.0,0.22625327
0.0,0.2213288
0.0,0.9956485
0.0,0.9056345
0.0,0.083768874
1.0,0.79386353
1.0,0.49591666
0.0,0.5383605
0.0,0.070916
0.0,0.1591034
1.0,0.7144797
0.0,0.09426457
1.0,0.3663513
0.0,0.23823464
1.0,0.7199273
1.0,0.6709159
0.0,0.45638296
1.0,0.44909865
0.0,0.53981453
0.0,0.06367797
1.0,0.7981416
1.0,0.6760612
0.0,0.118774414
0.0,0.3108962
0.0,0.6722784
0.0,0.47351137
1.0,0.8065411
0.0,0.19326484
0.0,0.22351572
0.0,0.10900584
1.0,0.7735475
0.0,0.11187968
0.0,0.74133545
1.0,0.7446615
0.0,0.0545716
0.0,0.8465291
0.0,0.32380491
1.0,0.5676799
0.0,0.36750543
1.0,0.7526226
0.0,0.13736641
1.0,0.31709367
1.0,0.30125055
1.0,0.79105747
1.0,0.5128401
0.0,0.10899919
1.0,0.5698113
0.0,0.17844656
1.0,0.90969706
1.0,0.6231428
0.0,0.5398372
1.0,0.8385277
0.0,0.091222346
1.0,0.50550216
1.0,0.04813978
0.0,0.07529193
0.0,0.80483854
1.0,0.92106915
1.0,0.6351965
0.0,0.3222795
0.0,0.5023146
0.0,0.058916986
0.0,0.1359413
0.0,0.51223576
1.0,0.78668547
1.0,0.79521155
1.0,0.27010518
1.0,0.58235407
1.0,0.7481552
1.0,0.87935007
0.0,0.24279585
1.0,0.8628968
0.0,0.09034711
0.0,0.24788883
0.0,0.17675868
1.0,0.2462615
1.0,0.44521576
0.0,0.33861515
0.0,0.1020093
0.0,0.7305839
1.0,0.790321
1.0,0.5324679
1.0,0.7373885
0.0,0.11820182
0.0,0.8833452
0.0,0.18365702
0.0,0.37239718
0.0,0.11329904
0.0,0.16145045
1.0,0.875018
1.0,0.66393167
0.0,0.19460422
0.0,0.3089957
0.0,0.057219476
0.0,0.40889165
0.0,0.00043866038
0.0,0.122270316
0.0,0.49283233
1.0,0.49670538
0.0,0.15018502
1.0,0.8213761
0.0,0.15019614
0.0,0.79783046
0.0,0.4042191
0.0,0.6787388
1.0,0.793967
1.0,0.6318984
1.0,0.6930137
1.0,0.63115734
0.0,0.086381674
0.0,0.4952955
1.0,0.58161426
1.0,0.6282769
0.0,0.25384307
0.0,0.09818742
0.0,0.31022286
1.0,0.28578106
0.0,0.09949982
1.0,0.17182988
0.0,0.10419485
0.0,0.296085
0.0,0.12601379
0.0,0.10008705
0.0,0.56907463
0.0,0.13829923
0.0,0.20034623
1.0,0.83407784
0.0,0.1016804
0.0,0.33165267
0.0,0.09797168
1.0,0.4379716
0.0,0.125406
1.0,0.862392
0.0,0.09359589
0.0,0.2044507
0.0,0.07687989
0.0,0.32574612
0.0,0.10559118
0.0,0.09692788
1.0,0.74177283
0.0,0.40122178
1.0,0.6358656
1.0,0.8901803
0.0,0.12245092
0.0,0.21618813
1.0,0.83000684
1.0,0.9245728
0.0,0.1720142
0.0,0.012860566
0.0,0.11597508
0.0,0.31090805
0.0,0.088419735
1.0,0.7564279
0.0,0.18577427
1.0,0.78138244
1.0,0.42707777
0.0,0.70119435
0.0,0.40594754
0.0,0.067490816
0.0,0.083648115
0.0,0.51110655
0.0,0.13370872
0.0,0.17939654
0.0,0.54786545
1.0,0.6345303
1.0,0.6382029
0.0,0.2588921
0.0,0.11504391
0.0,0.503915
1.0,0.7315829
0.0,0.07533732
0.0,0.15050563
1.0,0.47626016
1.0,0.84805536
0.0,0.097234964
0.0,0.11066657
0.0,0.10267648
1.0,0.9495716
0.0,0.18047595
1.0,0.9353429
1.0,0.5323301
0.0,0.10220334
0.0,0.30329084
0.0,0.1394544
1.0,0.68310344
0.0,0.5169723
1.0,0.38101834
0.0,0.12223044
1.0,0.65161026
0.0,0.28642154
0.0,0.10431975
0.0,0.12850368
1.0,0.8915189
0.0,0.6243068
1.0,0.83702433
1.0,0.2566532
0.0,0.11227733
1.0,0.20171836
0.0,0.16279912
1.0,0.27722597
0.0,0.108713835
1.0,0.8097211
0.0,0.10914841
1.0,0.5935497
1.0,0.80729103
1.0,0.9232962
0.0,0.11777419
1.0,0.88625246
1.0,0.57298917
0.0,0.15090337
1.0,0.7266621
1.0,0.38064176
1.0,0.21731114
0.0,0.6210761
0.0,0.094666936
0.0,0.7097379
0.0,0.25348657
