0.0,0.3851648
0.0,0.56955653
1.0,0.43489206
0.0,0.37149814
1.0,0.37612358
0.0,0.1818187
1.0,0.59909064
1.0,0.6671
1.0,0.63611627
0.0,0.09211889
0.0,0.12212995
1.0,0.65472853
0.0,0.1250127
0.0,0.3581838
0.0,0.33034763
0.0,0.12774915
1.0,0.51662314
0.0,0.22087345
0.0,0.20875603
1.0,0.5176339
1.0,0.4403004
0.0,0.08905664
1.0,0.63501894
0.0,0.22432622
0.0,0.123826265
1.0,0.48140004
0.0,0.5098567
1.0,0.55933297
0.0,0.15498346
1.0,0.56932425
0.0,0.1607956
0.0,0.46649227
1.0,0.5445675
1.0,0.6438078
1.0,0.3689924
1.0,0.6085462
1.0,0.547977
0.0,0.3008581
1.0,0.6273426
1.0,0.41208252
1.0,0.50214785
1.0,0.67322165
0.0,0.189906
1.0,0.5862561
1.0,0.5191007
0.0,0.28862208
0.0,0.049175173
0.0,0.24220324
0.0,0.18737096
1.0,0.67314076
0.0,0.2672282
1.0,0.48846352
1.0,0.64701366
1.0,0.53607905
0.0,0.2825697
0.0,0.116342336
0.0,0.36404848
1.0,0.30680555
1.0,0.55683476
1.0,0.44120607
1.0,0.6866387
0.0,0.545011
1.0,0.660763
1.0,0.50150454
1.0,0.62564075
0.0,0.2868262
0.0,0.2425817
1.0,0.6197208
0.0,0.24441338
1.0,0.56957185
0.0,0.35910073
1.0,0.6142754
0.0,0.03974381
0.0,0.39204982
1.0,0.39183444
0.0,0.016584069
0.0,0.15763652
0.0,0.35178256
0.0,0.27359688
1.0,0.6172414
0.0,0.22336042
1.0,0.62613404
1.0,0.62393296
1.0,0.70977443
1.0,0.5914956
1.0,0.5279984
1.0,0.56584
0.0,0.304781
0.0,0.27410626
1.0,0.5381821
0.0,0.13776153
1.0,0.4692603
0.0,0.2602721
0.0,0.55186254
0.0,0.37963337
1.0,0.65795267
0.0,0.20317003
0.0,0.2759199
1.0,0.46367165
1.0,0.6892841
0.0,0.13709071
0.0,0.28002265
1.0,0.18800634
0.0,0.3671291
0.0,0.03880158
1.0,0.7274607
1.0,0.18581232
0.0,0.20441759
1.0,0.31793976
1.0,0.67793137
1.0,0.5640496
0.0,0.28489682
1.0,0.2100204
0.0,0.38581136
0.0,0.18343481
1.0,0.5676861
0.0,0.24884388
1.0,0.5687838
1.0,0.4866899
1.0,0.6279453
0.0,0.017722249
1.0,0.6232046
0.0,0.6341244
0.0,0.13568664
0.0,0.37587312
1.0,0.12124959
0.0,0.17424044
0.0,0.20314005
1.0,0.5627115
1.0,0.5522571
1.0,0.6778424
0.0,0.36469328
0.0,0.19271985
1.0,0.47840258
1.0,0.68953574
0.0,0.50794023
0.0,0.31593966
0.0,0.34273797
0.0,0.34859616
0.0,0.31315243
1.0,0.5220616
0.0,0.122917235
1.0,0.16843608
0.0,0.23573324
0.0,0.18741506
0.0,0.022250563
1.0,0.44205365
0.0,0.24063069
0.0,0.107611746
0.0,0.22372743
0.0,0.30994648
0.0,0.10772976
0.0,0.10308385
0.0,0.603076
0.0,0.37453297
1.0,0.6517184
0.0,0.05256802
0.0,0.13678426
1.0,0.701004
0.0,0.2637943
0.0,0.3950004
0.0,0.20776486
0.0,0.19113937
0.0,0.46930027
1.0,0.6639578
0.0,0.3557411
1.0,0.38397136
0.0,0.38702172
0.0,0.17578086
1.0,0.6052784
0.0,0.56457216
0.0,0.5816099
0.0,0.5797859
0.0,0.036474526
1.0,0.5602202
1.0,0.40630138
0.0,0.32566172
1.0,0.49508762
0.0,0.35677662
1.0,0.64903986
1.0,0.50175494
1.0,0.554472
1.0,0.5986171
1.0,0.63580287
0.0,0.4618592
0.0,0.065900266
0.0,0.16474506
0.0,0.6416914
0.0,0.35111877
0.0,0.27433187
1.0,0.40183657
0.0,0.041098684
0.0,0.5749911
1.0,0.5671783
1.0,0.03031966
1.0,0.66537255
0.0,0.118789464
0.0,0.27655166
0.0,0.22253764
1.0,0.22292167
0.0,0.5454712
0.0,0.561197
0.0,0.29944968
0.0,0.3343796
0.0,0.32609358
1.0,0.4619865
0.0,0.1901268
1.0,0.4480328
0.0,0.06565124
0.0,0.15217486
0.0,0.1417371
1.0,0.6102458
0.0,0.2593832
0.0,0.08510512
0.0,0.16473734
0.0,0.15803838
0.0,0.6280149
0.0,0.45539176
1.0,0.7101595
0.0,0.15166247
0.0,0.15319282
1.0,0.5507101
1.0,0.69549865
0.0,0.5087318
0.0,0.12456992
0.0,0.07830012
0.0,0.37799677
0.0,0.41132623
0.0,0.29402655
1.0,0.6789278
0.0,0.50412047
1.0,0.54653704
0.0,0.1382182
1.0,0.50754887
1.0,0.5012098
0.0,0.18269745
0.0,0.3167926
0.0,0.18963075
1.0,0.526052
1.0,0.63281786
1.0,0.64077264
1.0,0.29954132
0.0,0.22567949
0.0,0.5825142
1.0,0.6958052
0.0,0.41335183
0.0,0.16509342
0.0,0.11554125
0.0,0.3952972
0.0,0.30274522
0.0,0.16397908
0.0,0.3152495
1.0,0.5826404
0.0,0.2065478
0.0,0.5393585
0.0,0.26582867
1.0,0.4498909
1.0,0.63836986
0.0,0.19268087
0.0,0.24253267
0.0,0.22780499
1.0,0.65137243
0.0,0.18381155
0.0,0.051938623
0.0,0.25337648
0.0,0.18592328
1.0,0.6426854
1.0,0.5632919
1.0,0.6320366
0.0,0.24033043
1.0,0.5916521
0.0,0.046902895
0.0,0.26838064
0.0,0.046437323
1.0,0.54785484
1.0,0.5582402
0.0,0.087564826
0.0,0.09157604
1.0,0.45755345
1.0,0.49654254
0.0,0.40796477
1.0,0.48426226
1.0,0.6683577
0.0,0.5129828
0.0,0.22616372
0.0,0.31309187
0.0,0.19733867
0.0,0.54502976
0.0,0.20322484
1.0,0.64088637
0.0,0.27609316
0.0,0.23919052
1.0,0.69910425
0.0,0.36294848
1.0,0.6320614
1.0,0.298059
1.0,0.6302428
1.0,0.60167575
1.0,0.5973683
0.0,0.2648338
1.0,0.6045028
0.0,0.54959816
1.0,0.6705222
0.0,0.50981915
0.0,0.3940672
0.0,0.19803178
0.0,0.19852754
0.0,0.35178667
1.0,0.68131095
0.0,0.6337146
1.0,0.33713624
0.0,0.47899133
1.0,0.60312897
1.0,0.66950095
0.0,0.16805074
0.0,0.11200553
0.0,0.16618007
1.0,0.57680285
1.0,0.115927964
0.0,0.07173577
0.0,0.06123644
0.0,0.14407468
0.0,0.26055592
1.0,0.5947935
1.0,0.5194017
0.0,0.23883796
0.0,0.4776761
1.0,0.57588303
1.0,0.65380883
1.0,0.47527125
0.0,0.22268215
0.0,0.5298676
0.0,0.08960378
0.0,0.40240714
1.0,0.63344574
1.0,0.52403176
0.0,0.32929277
0.0,0.40524524
0.0,0.10279608
0.0,0.37209442
0.0,0.08909872
0.0,0.0044394135
1.0,0.38127422
0.0,0.24229097
0.0,0.20767722
0.0,0.22478119
0.0,0.57923776
0.0,0.40184325
0.0,0.24262166
0.0,0.10572243
1.0,0.4977295
0.0,0.19135511
1.0,0.54368114
0.0,0.06043625
0.0,0.31342703
0.0,0.33669674
0.0,0.05002579
0.0,0.6210707
1.0,0.43832546
1.0,0.59248924
0.0,0.5055483
1.0,0.51014745
0.0,0.17639023
0.0,0.41561198
0.0,0.35491982
0.0,0.39937285
0.0,0.21456176
0.0,0.0154700875
1.0,0.42261422
0.0,0.17382047
1.0,0.6391476
0.0,0.21283266
1.0,0.4506266
0.0,0.00017738342
1.0,0.2776758
1.0,0.2169297
1.0,0.6589201
0.0,0.16462976
0.0,0.33436036
1.0,0.6172637
0.0,0.16979259
0.0,0.2571265
1.0,0.17386815
1.0,0.65139043
0.0,0.36379623
1.0,0.5989475
1.0,0.67890203
0.0,0.4866524
0.0,0.17133236
0.0,0.39295915
0.0,0.2337566
0.0,0.12552229
0.0,0.42100945
1.0,0.65712774
0.0,0.26166856
1.0,0.43564764
1.0,0.31479073
0.0,0.29102886
0.0,0.29901385
0.0,0.46458235
1.0,0.6319543
1.0,0.64434177
1.0,0.42588654
0.0,0.41065496
1.0,0.63543546
1.0,0.22641066
0.0,0.08405134
0.0,0.3761903
0.0,0.5600559
0.0,0.36928374
1.0,0.5273896
0.0,0.23295856
1.0,0.3206936
0.0,0.5536543
0.0,0.25012758
0.0,0.27125436
0.0,0.21960443
0.0,0.12551248
0.0,0.17512017
0.0,0.13663155
0.0,0.23566335
0.0,0.27994525
0.0,0.48563316
0.0,0.35286033
0.0,0.20805964
0.0,0.40100157
0.0,0.20637158
1.0,0.50183135
0.0,0.5989473
1.0,0.55015945
0.0,0.18200895
0.0,0.2289454
0.0,0.3706047
0.0,0.39507058
0.0,0.37374735
0.0,0.3276842
0.0,0.39065066
0.0,0.06578657
0.0,0.19140044
0.0,0.21447724
0.0,0.5325808
1.0,0.5404585
0.0,0.22643268
0.0,0.20285663
0.0,0.42626253
0.0,0.25965086
1.0,0.4368946
0.0,0.50651634
1.0,0.4329392
0.0,0.1680131
0.0,0.38273138
1.0,0.5926988
0.0,0.61029303
1.0,0.45690608
1.0,0.6139826
1.0,0.5116871
1.0,0.5566754
0.0,0.07007849
1.0,0.587144
0.0,0.13568985
0.0,0.24754232
0.0,0.27221853
1.0,0.6168546
0.0,0.11512622
0.0,0.0772872
1.0,0.08696842
1.0,0.7010839
0.0,0.4549754
0.0,0.09328312
1.0,0.5607965
0.0,0.14658588
1.0,0.5179894
0.0,0.18654713
0.0,0.4118122
1.0,0.53318495
0.0,0.58941203
0.0,0.04722652
1.0,0.35129368
0.0,0.1980716
1.0,0.65760875
0.0,0.105052024
1.0,0.49921426
1.0,0.4757384
1.0,0.55105746
1.0,0.7209832
0.0,0.42782372
0.0,0.2966179
1.0,0.529923
0.0,0.2624073
0.0,0.53672117
1.0,0.5053081
1.0,0.52401227
1.0,0.6330583
0.0,0.21370676
1.0,0.66098285
1.0,0.55601376
0.0,0.2427975
1.0,0.5717599
0.0,0.36413693
1.0,0.6015601
1.0,0.5926081
0.0,0.5425186
0.0,0.3956443
1.0,0.5020355
0.0,0.000105559826
1.0,0.5646587
0.0,0.56831086
0.0,0.12671798
0.0,0.5576507
1.0,0.68823373
0.0,0.031683028
0.0,0.14173725
0.0,0.54395175
1.0,0.3742273
0.0,0.1845687
0.0,0.11389637
0.0,0.51379913
0.0,0.6145066
1.0,0.5518218
1.0,0.55020154
0.0,0.28167096
0.0,0.6401179
0.0,0.5002663
0.0,0.46187717
0.0,0.19408736
1.0,0.5313064
0.0,0.13491601
1.0,0.64464855
0.0,0.50096554
0.0,0.44110662
1.0,0.57495177
0.0,0.27601194
0.0,0.23296496
0.0,0.18529138
0.0,0.22383428
0.0,0.060816854
0.0,0.15157914
0.0,0.30949807
0.0,0.29414767
1.0,0.5558495
1.0,0.6018108
0.0,0.12374693
0.0,0.30002388
1.0,0.6525932
0.0,0.18325853
1.0,0.57786983
0.0,0.06652179
0.0,0.06726685
1.0,0.57344466
0.0,0.3674813
1.0,0.55820024
0.0,0.3954975
1.0,0.50494015
0.0,0.1940467
0.0,0.32374293
0.0,0.526595
1.0,0.6347739
0.0,0.07059735
0.0,0.35158902
0.0,0.17434129
0.0,0.5674392
1.0,0.2689351
0.0,0.24891245
0.0,0.17097089
1.0,0.62540334
1.0,0.3600815
0.0,0.3066516
1.0,0.37601125
0.0,0.54675674
0.0,0.18972716
1.0,0.53471434
1.0,0.64048314
0.0,0.30534917
1.0,0.58397347
1.0,0.6142751
0.0,0.25018632
0.0,0.15719768
0.0,0.31235355
1.0,0.20877415
0.0,0.058759212
0.0,0.262492
0.0,0.26041657
1.0,0.6662562
1.0,0.50123644
0.0,0.2252422
1.0,0.54020673
1.0,0.28993133
0.0,0.48026958
1.0,0.57105494
0.0,0.18676075
1.0,0.56163204
0.0,0.3536105
1.0,0.4871377
0.0,0.19425893
0.0,0.108395696
1.0,0.5175023
0.0,0.1199812
1.0,0.62636745
0.0,0.23375121
0.0,0.15726814
0.0,0.16484761
1.0,0.5709864
0.0,0.35346848
1.0,0.4024157
0.0,0.141301
1.0,0.6397789
1.0,0.5907215
0.0,0.07389358
1.0,0.6273299
1.0,0.6110264
1.0,0.33106118
1.0,0.5587474
0.0,0.47126904
0.0,0.32449612
0.0,0.61588264
1.0,0.6353597
1.0,0.0021449625
0.0,0.10597709
0.0,0.22389618
0.0,0.39597002
1.0,0.5901591
0.0,0.43381882
1.0,0.13512146
1.0,0.6309843
0.0,0.16545698
0.0,0.232418
1.0,0.5878797
0.0,0.49671003
1.0,0.6367705
0.0,0.541324
0.0,0.3283343
0.0,0.19840834
1.0,0.47573027
0.0,0.3563844
1.0,0.6755564
0.0,0.20995146
1.0,0.5373866
0.0,0.38802627
0.0,0.49622288
1.0,0.44000128
1.0,0.45374164
1.0,0.5720489
1.0,0.63505113
0.0,0.35451096
0.0,0.16586566
0.0,0.51042724
0.0,0.044551432
1.0,0.66756296
1.0,0.5350584
0.0,0.17158902
0.0,0.24281311
0.0,0.09372783
1.0,0.38634512
0.0,0.13950714
0.0,0.43783846
0.0,0.22952202
0.0,0.50988245
0.0,0.18461701
0.0,0.46013275
1.0,0.5975813
0.0,0.5378846
1.0,0.40612885
0.0,0.44525528
0.0,0.38927984
1.0,0.54893655
1.0,0.5300411
1.0,0.5911771
0.0,0.1920687
0.0,0.2643156
1.0,0.27932036
0.0,0.072357744
0.0,0.15869826
0.0,0.44289917
1.0,0.60463595
0.0,0.09690574
0.0,0.28362995
1.0,0.6993106
0.0,0.30116153
1.0,0.6698766
1.0,0.57099974
1.0,0.63098353
0.0,0.15876237
1.0,0.5994198
1.0,0.6144019
0.0,0.49368757
1.0,0.36629564
0.0,0.17580923
0.0,0.383679
0.0,0.36861727
0.0,0.06846535
1.0,0.5337104
1.0,0.5760092
1.0,0.7167344
1.0,0.61690795
1.0,0.6476223
0.0,0.6246501
0.0,0.5873464
1.0,0.6499339
0.0,0.19382894
1.0,0.46884748
1.0,0.6754724
0.0,0.25414068
1.0,0.44667134
1.0,0.48710725
0.0,0.30809122
0.0,0.29912096
0.0,0.08770335
0.0,0.22296837
1.0,0.53759557
1.0,0.56705356
0.0,0.13378763
0.0,0.19925547
1.0,0.21421134
1.0,0.5355036
1.0,0.33217257
0.0,0.19701737
1.0,0.64485073
1.0,0.5132922
0.0,0.25665694
0.0,0.3814476
1.0,0.43965727
1.0,0.71100307
0.0,0.3891437
1.0,0.49126253
0.0,0.24147466
0.0,0.3843154
1.0,0.6592156
0.0,0.34899688
1.0,0.6399327
0.0,0.5460148
0.0,0.27083117
0.0,0.35253757
1.0,0.6144719
1.0,0.5341215
0.0,0.16703421
0.0,0.05805126
1.0,0.540402
0.0,0.17595324
1.0,0.64618325
1.0,0.56517625
1.0,0.59380746
0.0,0.16844904
0.0,0.5454928
0.0,0.46732756
0.0,0.10634935
0.0,0.046936065
1.0,0.6569954
0.0,0.40081513
0.0,0.2663483
1.0,0.5296888
0.0,0.102020144
1.0,0.37803668
1.0,0.54296374
0.0,0.19162941
0.0,0.3642461
0.0,0.63550544
0.0,0.115005195
0.0,0.02376914
0.0,0.12694508
0.0,0.15149015
0.0,0.5539887
1.0,0.5405583
1.0,0.6658054
0.0,0.5983111
0.0,0.45707408
0.0,0.23679972
0.0,0.23084706
0.0,0.124066204
1.0,0.4636335
0.0,0.19865382
0.0,0.07895255
1.0,0.6392022
1.0,0.4624379
0.0,0.11560753
0.0,0.6203867
0.0,0.02229178
0.0,0.4311642
0.0,0.056704402
0.0,0.337547
1.0,0.5289908
1.0,0.5952612
1.0,0.6090973
0.0,0.10366961
1.0,0.36905578
1.0,0.59522974
0.0,0.4188366
0.0,0.05605656
1.0,0.44991022
1.0,0.3312433
1.0,0.4293315
1.0,0.6278152
1.0,0.5287795
0.0,0.38864678
0.0,0.00014302135
1.0,0.5089494
0.0,0.1644898
1.0,0.6279125
0.0,0.12432867
1.0,0.006718427
0.0,0.22524062
0.0,0.41382205
0.0,0.21218437
0.0,0.2501846
0.0,0.439435
0.0,0.06038788
0.0,0.08252421
0.0,0.5022863
0.0,0.35323584
0.0,0.06885308
0.0,0.15619671
1.0,0.57526153
1.0,0.53894114
1.0,0.5983601
0.0,0.57786703
0.0,0.42155927
0.0,0.26383072
0.0,0.29475725
1.0,0.580414
1.0,0.32511622
1.0,0.60019606
1.0,0.67484254
0.0,0.5870776
0.0,0.27299803
0.0,0.089093
1.0,0.52059
0.0,0.39921996
1.0,0.10753113
1.0,0.6283089
0.0,0.2536059
0.0,0.14007664
0.0,0.1760849
0.0,0.4874149
1.0,0.5955079
1.0,0.5484885
0.0,0.12745798
1.0,0.5293221
1.0,0.48657608
0.0,0.33060434
0.0,0.25359303
1.0,0.57642215
0.0,0.088745624
0.0,0.23212355
0.0,0.1261631
0.0,0.4368444
0.0,0.15223166
1.0,0.581501
0.0,0.20114288
0.0,0.43843004
1.0,0.69602036
1.0,0.44389874
0.0,0.04574123
0.0,0.13986337
1.0,0.17784992
0.0,0.30996835
0.0,0.032133847
1.0,0.644781
0.0,0.39445555
0.0,0.3198726
0.0,0.2706703
1.0,0.5849329
0.0,0.36873198
1.0,0.5180202
1.0,0.53808194
1.0,0.6968458
0.0,0.10587591
1.0,0.46384725
0.0,0.2185008
1.0,0.62219167
0.0,0.40868956
1.0,0.5880052
0.0,0.29007626
0.0,0.23695308
1.0,0.5979008
0.0,0.14539397
0.0,0.13770294
1.0,0.40471634
1.0,0.5296571
1.0,0.4569557
1.0,0.5249391
1.0,0.582816
1.0,0.5967561
1.0,0.56871986
0.0,0.1525268
1.0,0.53579116
1.0,0.60558295
0.0,0.3018043
0.0,0.12259656
0.0,0.055579394
1.0,0.53647876
0.0,0.18333745
0.0,0.38291672
0.0,0.3440228
1.0,0.62473357
0.0,0.26263008
0.0,0.36066812
1.0,0.5239071
1.0,0.5800961
1.0,0.66374356
1.0,0.47287583
0.0,0.6451708
0.0,0.22404107
0.0,0.19384047
0.0,0.38549703
0.0,0.13785884
0.0,0.17843851
0.0,0.25478792
1.0,0.42067435
1.0,0.6011153
0.0,0.113162845
1.0,0.55684555
0.0,0.12880355
0.0,0.11400157
1.0,0.60960335
0.0,0.12929404
0.0,0.35334855
0.0,0.14697006
0.0,0.54459316
0.0,0.14408532
0.0,0.1704106
0.0,0.6515213
1.0,0.64597315
0.0,0.3074199
0.0,0.49800268
1.0,0.50822663
0.0,0.068207055
1.0,0.6204903
0.0,0.16758093
0.0,0.073099494
0.0,0.20229742
0.0,0.50323415
0.0,0.05719605
0.0,0.108656466
0.0,0.28268892
0.0,0.5224024
0.0,0.44274914
1.0,0.42863607
0.0,0.36350924
1.0,0.5972828
0.0,0.36544025
1.0,0.10712305
0.0,0.4900033
0.0,0.095335335
0.0,0.23031402
1.0,0.6015015
1.0,0.23563564
1.0,0.36860928
0.0,0.22818738
0.0,0.38512027
1.0,0.658365
0.0,0.20760593
0.0,0.14590082
1.0,0.54324853
0.0,0.20951518
1.0,0.6438941
1.0,0.41187426
0.0,0.0742791
1.0,0.41467497
0.0,0.46113473
1.0,0.5530913
0.0,0.22893435
1.0,0.69620955
0.0,0.025360227
0.0,0.65512544
0.0,0.29540455
0.0,0.2326878
0.0,0.08685365
0.0,0.33529776
0.0,0.30361462
1.0,0.6099144
0.0,0.24126899
0.0,0.05617088
0.0,0.048208177
0.0,0.4498461
0.0,0.52817893
1.0,0.5008877
0.0,0.59025383
0.0,0.2802163
1.0,0.48241276
0.0,0.45098677
1.0,0.61906636
0.0,0.6388729
1.0,0.51588154
1.0,0.60410094
0.0,0.13199484
1.0,0.675272
0.0,0.5294478
0.0,0.18330649
0.0,0.2701107
0.0,0.32614306
1.0,0.4412639
1.0,0.6972456
0.0,0.31360096
0.0,0.45050097
1.0,0.59292877
0.0,0.46638265
1.0,0.562264
1.0,0.38129887
1.0,0.55875194
0.0,0.13150328
1.0,0.5370382
0.0,0.34285888
1.0,0.63264155
1.0,0.28122285
0.0,0.11377901
0.0,0.5224645
0.0,0.1484203
0.0,0.40873826
1.0,0.64677817
1.0,0.5940141
1.0,0.6805376
0.0,0.21272159
0.0,0.031184614
1.0,0.7162169
0.0,0.6173346
0.0,0.013792783
0.0,0.256804
1.0,0.42844412
0.0,0.21693984
0.0,0.21698558
0.0,0.2399387
0.0,0.08971277
1.0,0.47012565
1.0,0.6602135
0.0,0.4772446
0.0,0.23807803
0.0,0.18022984
1.0,0.7178319
0.0,0.23857084
0.0,0.5717263
1.0,0.6004618
0.0,0.09260321
0.0,0.5067783
1.0,0.62940073
0.0,0.33215514
1.0,0.4727425
1.0,0.3858245
0.0,0.20416397
0.0,0.22471237
0.0,0.10274553
0.0,0.191596
1.0,0.6055202
1.0,0.7659847
1.0,0.666754
1.0,0.28142023
0.0,0.5746776
0.0,0.31950867
1.0,0.62291044
1.0,0.64146316
0.0,0.38241556
0.0,0.1944516
1.0,0.42208585
0.0,0.1589205
1.0,0.6261062
0.0,0.10241881
0.0,0.26901698
1.0,0.57422256
0.0,0.31966466
0.0,0.08057827
0.0,0.35480595
0.0,0.31255615
0.0,0.37942106
1.0,0.19168529
0.0,0.21848547
1.0,0.6850483
0.0,0.2543308
1.0,0.5801175
0.0,0.44693738
1.0,0.58228713
1.0,0.64688474
1.0,0.67610574
0.0,0.58171594
0.0,0.0529705
1.0,0.469845
0.0,0.19537705
0.0,0.30058098
1.0,0.31840545
1.0,0.4877284
0.0,0.31866938
1.0,0.56716096
1.0,0.6290976
0.0,0.6035584
0.0,0.15050352
0.0,0.5946392
0.0,0.17446011
0.0,0.045451134
0.0,0.5802366
1.0,0.69547284
1.0,0.6231395
1.0,0.63666314
0.0,0.01704672
0.0,0.12048423
0.0,0.21015272
0.0,0.21712995
0.0,0.13062155
0.0,0.08244288
1.0,0.4858361
1.0,0.6196716
1.0,0.6094157
0.0,0.3847834
0.0,0.054208577
1.0,0.62240237
0.0,0.43202767
0.0,0.3891605
1.0,0.5858977
0.0,0.497321
0.0,0.54515105
1.0,0.6323303
0.0,0.2602414
1.0,0.5431918
1.0,0.59227586
0.0,0.4790765
0.0,0.21808764
1.0,0.73325264
0.0,0.03870976
0.0,0.46331382
1.0,0.4638626
1.0,0.58854735
1.0,0.57662463
1.0,0.61036086
0.0,0.56567746
0.0,0.006712258
0.0,0.10513914
1.0,0.58703345
0.0,0.66967005
1.0,0.6795217
0.0,0.5019333
1.0,0.48436552
1.0,0.45169312
0.0,0.2849099
0.0,0.22177613
0.0,0.024247348
0.0,0.45185703
0.0,0.3281303
0.0,0.095093966
1.0,0.57899565
1.0,0.23094466
0.0,0.4617564
1.0,0.53947324
1.0,0.34146252
0.0,0.09455669
0.0,0.46485603
1.0,0.54533
1.0,0.41407263
0.0,0.28892922
0.0,0.33359358
0.0,0.112984955
0.0,0.20385295
1.0,0.5336795
1.0,0.6172847
0.0,0.28085095
0.0,0.0917708
0.0,0.36057472
0.0,0.38911927
0.0,0.20007977
0.0,0.34199053
0.0,0.6139617
0.0,0.61405915
0.0,0.15715078
0.0,0.22019842
0.0,0.37710553
1.0,0.62500006
1.0,0.49175456
0.0,0.15247643
0.0,0.2537378
0.0,0.0684582
0.0,0.14776668
0.0,0.53201246
0.0,0.40251204
0.0,0.22980037
0.0,0.4166206
1.0,0.5875153
1.0,0.6586448
1.0,0.6219613
1.0,0.6232819
1.0,0.69478375
0.0,0.40160856
0.0,0.25434566
0.0,0.32717177
0.0,0.307747
1.0,0.4723248
0.0,0.26189232
1.0,0.5120102
0.0,0.24035987
0.0,0.5878821
0.0,0.4840446
0.0,0.22720635
0.0,0.29285353
0.0,0.52463657
0.0,0.30050725
0.0,0.1281353
1.0,0.5418841
1.0,0.5103887
0.0,0.35753036
0.0,0.29301655
0.0,0.13840145
0.0,0.11697042
1.0,0.6281354
0.0,0.18150225
1.0,0.3151769
0.0,0.2595238
1.0,0.0064172745
0.0,0.15939379
0.0,0.3832905
1.0,0.62505984
0.0,0.054962903
1.0,0.5939265
0.0,0.21557406
0.0,0.49735665
0.0,0.40501797
0.0,0.14616367
0.0,0.086172014
1.0,0.5979489
1.0,0.662953
0.0,0.42156976
0.0,0.25043857
0.0,0.17782196
0.0,0.06668678
1.0,0.5164811
0.0,0.4897734
1.0,0.2996316
1.0,0.5526962
0.0,0.50662875
0.0,0.18261755
0.0,0.40293777
0.0,0.2698633
0.0,0.313393
0.0,0.1379469
0.0,0.23695725
0.0,0.53363544
0.0,0.36933398
1.0,0.5800867
0.0,0.645789
0.0,0.18764386
1.0,0.57186127
0.0,0.26685756
0.0,0.33639544
0.0,0.11527583
0.0,0.26680794
1.0,0.21201143
1.0,0.57859975
1.0,0.63944566
0.0,0.21671462
0.0,0.11790511
0.0,0.1873588
0.0,0.56342566
0.0,0.45373282
0.0,0.5476592
1.0,0.6357018
1.0,0.684827
1.0,0.6387177
0.0,0.29749823
1.0,0.70821553
1.0,0.5234944
0.0,0.29860586
1.0,0.6116701
0.0,0.24966219
0.0,0.26943183
0.0,0.54620045
1.0,0.66773355
1.0,0.60406816
1.0,0.2336123
0.0,0.5777374
0.0,0.37367672
0.0,0.28461826
1.0,0.57255983
1.0,0.64377016
1.0,0.62136704
1.0,0.40976614
0.0,0.15598953
0.0,0.17871076
0.0,0.28607118
0.0,0.3712942
1.0,0.61621046
0.0,0.17425382
0.0,0.25492066
0.0,0.29105768
1.0,0.46951738
0.0,0.34546816
0.0,0.2354795
0.0,0.095846444
0.0,0.56043774
0.0,0.26933601
0.0,0.32872713
0.0,0.20230278
0.0,0.30195314
0.0,0.12866864
1.0,0.64995015
1.0,0.44646257
0.0,0.40177467
0.0,0.5249723
0.0,0.40308052
1.0,0.6218621
0.0,0.1163857
0.0,0.17197421
0.0,0.55988777
0.0,0.16531488
1.0,0.5519519
0.0,0.1918441
0.0,0.2041148
1.0,0.5710654
1.0,0.57771695
1.0,0.6349318
0.0,0.050967842
0.0,0.0057007074
1.0,0.58037823
1.0,0.6479106
1.0,0.70003057
0.0,0.5127315
0.0,0.29893473
0.0,0.08121058
1.0,0.15199101
1.0,0.6715662
0.0,0.13323244
0.0,0.58012134
1.0,0.17061868
1.0,0.56339467
0.0,0.14125347
1.0,0.5547612
1.0,0.4744904
0.0,0.148738
1.0,0.007130146
0.0,0.20310572
0.0,0.13893047
0.0,0.5918445
0.0,0.18041053
1.0,0.44211432
0.0,0.4002936
1.0,0.5559034
1.0,0.6185529
1.0,0.3965545
0.0,0.090494245
0.0,0.55650544
1.0,0.47418788
0.0,0.060011655
1.0,0.37879524
1.0,0.42576167
0.0,0.628994
0.0,0.2390401
1.0,0.5854994
1.0,0.6730135
0.0,0.0911769
1.0,0.5331276
1.0,0.47067818
1.0,0.5517984
1.0,0.62746924
1.0,0.57905734
1.0,0.64410216
0.0,0.24382767
0.0,0.4097134
0.0,0.33512446
1.0,0.5855821
1.0,0.6722409
0.0,0.38317162
0.0,0.3017444
1.0,0.38462746
0.0,0.16021568
1.0,0.6858466
0.0,0.53914535
1.0,0.6058744
1.0,0.53230065
0.0,0.36916304
1.0,0.62035656
0.0,0.18218702
1.0,0.70946795
1.0,0.5697352
1.0,0.35532027
0.0,0.21471605
0.0,0.25521556
1.0,0.6356677
0.0,0.2414729
1.0,0.63495225
0.0,0.17588288
0.0,0.49737006
0.0,0.14039877
0.0,0.29993886
0.0,0.048719198
0.0,0.42374197
0.0,0.4993682
1.0,0.5264891
1.0,0.38500506
0.0,0.23643032
1.0,0.73119843
1.0,0.5423798
0.0,0.5060847
0.0,0.62754095
0.0,0.28478134
0.0,0.28462595
0.0,0.223483
0.0,0.058829367
1.0,0.4724012
1.0,0.691764
0.0,0.22455591
0.0,0.09577811
0.0,0.3614053
0.0,0.5181462
0.0,0.49535543
1.0,0.7222836
0.0,0.20601937
0.0,0.25257432
1.0,0.35058683
1.0,0.58668077
0.0,0.2726825
0.0,0.28160045
0.0,0.20153692
1.0,0.4670272
1.0,0.4515111
0.0,0.10110015
0.0,0.21306384
0.0,0.15084067
0.0,0.33858418
0.0,0.10438013
1.0,0.65308595
1.0,0.55283797
1.0,0.5212547
0.0,0.0143969655
1.0,0.3298849
0.0,0.4640728
1.0,0.730805
1.0,0.46984786
0.0,0.106987655
0.0,0.08786473
0.0,0.12342864
0.0,0.3113292
0.0,0.41454297
1.0,0.7229879
0.0,0.14930516
0.0,0.4751253
0.0,0.19586816
0.0,0.052344114
0.0,0.29823145
0.0,0.3223308
0.0,0.3294546
1.0,0.48279253
1.0,0.67742753
0.0,0.070340514
0.0,0.5659789
0.0,0.51097953
0.0,0.18415263
1.0,0.63025475
0.0,0.18388128
0.0,0.36447653
1.0,0.51801115
0.0,0.32848048
0.0,0.22816157
0.0,0.096367925
0.0,0.1652362
1.0,0.59684527
1.0,0.60650283
0.0,0.18534023
1.0,0.5024653
1.0,0.5929451
1.0,0.6158085
0.0,0.47997233
0.0,0.062130988
1.0,0.5546613
1.0,0.6243283
0.0,0.14796165
1.0,0.66085124
0.0,0.09518102
1.0,0.55891216
1.0,0.57983315
1.0,0.54838645
0.0,0.24657926
1.0,0.47815704
1.0,0.4980913
0.0,0.18052718
0.0,0.07018274
0.0,0.6918522
0.0,0.15450975
0.0,0.17821094
0.0,0.08166742
1.0,0.6553146
0.0,0.42680657
0.0,0.33158118
0.0,0.38146794
0.0,0.15301234
0.0,0.23407286
0.0,0.28837717
1.0,0.6020106
0.0,0.20343518
0.0,0.14534158
0.0,0.4747922
1.0,0.6098396
1.0,0.58246046
1.0,0.6442147
1.0,0.64258975
0.0,0.16497439
0.0,0.19683129
0.0,0.2460866
0.0,0.11677924
0.0,0.5649621
0.0,0.2214117
1.0,0.604053
0.0,0.528193
1.0,0.0028558075
1.0,0.32880843
1.0,0.33224607
0.0,0.2720539
0.0,0.19488749
0.0,0.064260274
0.0,0.14149466
1.0,0.56306654
1.0,0.5166326
1.0,0.59376454
1.0,0.62845236
1.0,0.65435636
0.0,0.19684044
0.0,0.3305853
0.0,0.44578403
0.0,0.21610078
1.0,0.6438665
0.0,0.18907589
0.0,0.42450148
1.0,0.518122
1.0,0.47321817
0.0,0.13888028
0.0,0.3822126
0.0,0.5555733
0.0,0.3843523
1.0,0.59541494
0.0,0.6737371
0.0,0.4058431
1.0,0.661079
0.0,0.24874365
1.0,0.63731277
1.0,0.6036524
0.0,0.14006966
0.0,0.45467824
0.0,0.31853652
0.0,0.29490238
1.0,0.6659957
0.0,0.250156
0.0,0.048168153
0.0,0.5618811
0.0,0.17614764
1.0,0.6630762
1.0,0.3280938
1.0,0.47461736
1.0,0.6246235
0.0,0.37426054
0.0,0.2544136
1.0,0.5522309
0.0,0.16020042
1.0,0.47932085
0.0,0.17991388
1.0,0.601038
1.0,0.69425225
0.0,0.4829159
0.0,0.3004023
0.0,0.54530346
0.0,0.22538793
0.0,0.17693734
0.0,0.27080196
1.0,0.6508332
0.0,0.20368269
0.0,0.34267414
0.0,0.34666005
0.0,0.37869167
0.0,0.21414387
0.0,0.046170473
0.0,0.2502247
0.0,0.055851102
0.0,0.07567486
0.0,0.32929435
0.0,0.29538894
0.0,0.08977792
1.0,0.40294778
0.0,0.48291716
1.0,0.6032014
0.0,0.037196785
0.0,0.10888913
1.0,0.6431198
0.0,0.23542354
1.0,0.66851324
0.0,0.28006893
1.0,0.5344506
0.0,0.41398397
0.0,0.26731133
1.0,0.6178359
1.0,0.39363772
0.0,0.19084513
0.0,0.317356
0.0,0.0067166686
0.0,0.06233427
0.0,0.09569684
0.0,0.4883028
1.0,0.4977621
1.0,0.60679185
0.0,0.30624735
0.0,0.23835668
1.0,0.3628415
1.0,0.52425617
1.0,0.5788005
0.0,0.04317546
1.0,0.25950736
0.0,0.3100666
1.0,0.44482553
0.0,0.07106611
1.0,0.51181835
0.0,0.20338222
0.0,0.27198273
0.0,0.4033545
0.0,0.6007829
1.0,0.57552874
0.0,0.38794473
0.0,0.29823226
1.0,0.51982117
0.0,0.0583871
0.0,0.50151193
0.0,0.41650814
1.0,0.6910979
0.0,0.40492362
0.0,0.25623026
0.0,0.7165499
1.0,0.55271715
0.0,0.043061376
0.0,0.013780534
0.0,0.19772479
1.0,0.46821135
0.0,0.13731724
1.0,0.5923321
0.0,0.37561363
1.0,0.59830356
1.0,0.6305834
0.0,0.5926398
1.0,0.6101031
1.0,0.65707254
0.0,0.17189988
0.0,0.60699964
0.0,0.2956674
1.0,0.6602111
0.0,0.28801018
1.0,0.5598361
1.0,0.46741542
0.0,0.036928922
1.0,0.6257388
0.0,0.41830304
1.0,0.3663451
0.0,0.4661887
1.0,0.6146797
0.0,0.52579457
1.0,0.131567
0.0,0.52295834
0.0,0.17686304
0.0,0.06747717
0.0,0.18928218
0.0,0.23620853
0.0,0.05138147
0.0,0.124914795
0.0,0.5052885
0.0,0.3332949
0.0,0.5135126
0.0,0.45126063
0.0,0.20723543
1.0,0.52890635
1.0,0.32440943
0.0,0.36742055
1.0,0.36683133
0.0,0.35702884
0.0,0.36185732
0.0,0.59941995
0.0,0.35893404
0.0,0.18345314
0.0,0.32970738
1.0,0.61219984
0.0,0.11120933
0.0,0.1657792
1.0,0.15085122
0.0,0.13474485
1.0,0.6167523
0.0,0.28860563
0.0,0.25704283
1.0,0.401435
0.0,0.12253067
1.0,0.4777535
0.0,0.10240576
0.0,0.07787296
0.0,0.08280879
1.0,0.6813414
0.0,0.33247316
1.0,0.6084224
1.0,0.59220594
0.0,0.65210056
0.0,0.09369972
1.0,0.22285059
0.0,0.1362195
0.0,0.43639955
0.0,0.5515463
0.0,0.07118529
0.0,0.58452165
0.0,0.5815558
1.0,0.44483355
0.0,0.15839347
1.0,0.5994891
0.0,0.051851302
0.0,0.10607627
0.0,0.15797457
1.0,0.6167507
1.0,0.637468
0.0,0.30591235
0.0,0.43255115
0.0,0.119120896
0.0,0.45325953
0.0,0.22531205
0.0,0.19694659
0.0,0.037826806
1.0,0.505004
1.0,0.5797687
0.0,0.28388482
0.0,0.7224599
1.0,0.58030814
0.0,0.07893023
1.0,0.49413148
0.0,0.1078715
0.0,0.21636164
1.0,0.60869676
0.0,0.50683415
1.0,0.5449629
1.0,0.5467329
1.0,0.6639148
0.0,0.26150107
0.0,0.22175202
0.0,0.5390544
1.0,0.6371443
0.0,0.47721145
1.0,0.6603896
0.0,0.2665286
0.0,0.15102887
0.0,0.33654445
1.0,0.59642684
0.0,0.16879791
0.0,0.2831421
0.0,0.23663643
1.0,0.21206409
1.0,0.63787335
0.0,0.03128791
0.0,0.10453734
1.0,0.65633285
1.0,0.6601789
1.0,0.56140316
1.0,0.35704893
0.0,0.14390814
1.0,0.520966
0.0,0.26472664
0.0,0.15039971
0.0,0.1769411
1.0,0.56904775
0.0,0.31030118
0.0,0.30999118
0.0,0.05702558
1.0,0.5250876
0.0,0.33936787
1.0,0.58321476
1.0,0.6642118
0.0,0.3228559
1.0,0.6619199
0.0,0.26452637
1.0,0.5271348
0.0,0.5167375
0.0,0.17857113
0.0,0.22840819
0.0,0.27875093
1.0,0.6407491
0.0,0.36383677
0.0,0.3320639
0.0,0.5815779
1.0,0.730352
1.0,0.5802969
0.0,0.19414014
1.0,0.63656795
1.0,0.63489175
1.0,0.71579283
1.0,0.44762567
0.0,0.43135205
1.0,0.650224
0.0,0.31824407
0.0,0.4798116
1.0,0.40336266
0.0,0.28700638
0.0,0.28617
0.0,0.30343977
1.0,0.4098381
0.0,0.61217105
0.0,0.41182947
1.0,0.5560649
0.0,0.20490548
1.0,0.59423906
0.0,0.15788043
0.0,0.47044617
1.0,0.52160656
1.0,0.6121273
0.0,0.18144894
1.0,0.60619843
1.0,0.5995541
0.0,0.6013073
0.0,0.4528868
1.0,0.6254689
0.0,0.29552254
1.0,0.6606897
0.0,0.3177349
0.0,0.23070234
1.0,0.40913513
1.0,0.61400634
0.0,0.3945577
1.0,0.49385962
0.0,0.22372973
0.0,0.1427798
1.0,0.64192975
0.0,0.21069905
0.0,0.2874131
0.0,0.40168086
1.0,0.60584307
0.0,0.17161238
0.0,0.28828263
1.0,0.5766304
1.0,0.5328559
0.0,0.34581214
0.0,0.42877525
0.0,0.12114203
1.0,0.30322722
0.0,0.63038355
0.0,0.06883305
0.0,0.38208085
0.0,0.16641134
0.0,0.19600528
1.0,0.30795556
0.0,0.41634446
0.0,0.048001975
0.0,0.2998142
1.0,0.56817126
1.0,0.68284523
1.0,0.60542554
0.0,0.51274943
0.0,0.1838094
0.0,0.64669406
1.0,0.6762183
0.0,0.26991886
1.0,0.57994294
0.0,0.026767641
1.0,0.66513574
0.0,0.38650084
1.0,0.592205
0.0,0.6300884
1.0,0.3544265
0.0,0.21177629
0.0,0.39092892
1.0,0.5250099
1.0,0.61362994
1.0,0.58253664
0.0,0.30789554
1.0,0.5930609
1.0,0.56100065
1.0,0.25909996
0.0,0.035373002
1.0,0.4142825
0.0,0.23750636
0.0,0.59466803
1.0,0.36446047
0.0,0.49672195
0.0,0.16889465
0.0,0.29856622
0.0,0.2621674
0.0,0.49513486
1.0,0.6403082
1.0,0.64302605
0.0,0.43930268
0.0,0.54865974
0.0,0.22610772
1.0,0.68651295
0.0,0.4192422
0.0,0.3525137
0.0,0.07016468
0.0,0.12808797
0.0,0.2287592
0.0,0.54651636
1.0,0.6592542
1.0,0.7060577
1.0,0.25837064
0.0,0.44007826
0.0,0.12579942
0.0,0.10101831
0.0,0.19867042
0.0,0.2601473
1.0,0.63211095
0.0,0.17731339
0.0,0.49465814
1.0,0.6482328
0.0,0.32605863
1.0,0.36621156
1.0,0.59593886
0.0,0.12658885
0.0,0.09929374
0.0,0.52014315
1.0,0.5676009
0.0,0.48048592
0.0,0.23946548
1.0,0.5495025
1.0,0.5051662
0.0,0.1474219
0.0,0.25248623
0.0,0.39842588
0.0,0.119788826
0.0,0.47135383
1.0,0.41252142
1.0,0.6474383
0.0,0.22861347
0.0,0.07197356
0.0,0.55188155
0.0,0.24628872
1.0,0.57420176
0.0,0.20255452
1.0,0.62014705
0.0,0.278791
1.0,0.617177
0.0,0.15449232
1.0,0.5474347
1.0,0.41135782
0.0,0.22500283
0.0,0.39559215
0.0,0.14628688
0.0,0.36144614
1.0,0.67663056
1.0,0.06744525
1.0,0.34449247
1.0,0.41397288
1.0,0.37631026
0.0,0.010596573
1.0,0.48510864
1.0,0.54787135
0.0,0.20312107
0.0,0.20668605
0.0,0.34343386
1.0,0.5065723
1.0,0.6503936
0.0,0.6247441
0.0,0.2462672
1.0,0.5269745
0.0,0.12357509
0.0,0.24072245
1.0,0.7125249
0.0,0.4285164
0.0,0.26790106
1.0,0.3096565
1.0,0.6544603
0.0,0.099277645
0.0,0.28411597
0.0,0.3727315
1.0,0.67839825
1.0,0.5728147
0.0,0.46631524
0.0,0.5379506
1.0,0.66007173
1.0,0.4336444
0.0,0.17725378
0.0,0.27048922
0.0,0.3124206
1.0,0.45417792
1.0,0.32743007
0.0,0.24429551
0.0,0.31412673
1.0,0.6021881
0.0,0.2702176
0.0,0.19159189
0.0,0.30388618
0.0,0.5501005
1.0,0.50180995
0.0,0.60131454
0.0,0.20669785
0.0,0.43000138
0.0,0.39398676
0.0,0.41653454
1.0,0.6742771
1.0,0.5857023
0.0,0.40777296
1.0,0.66860485
0.0,0.43382084
1.0,0.6183025
1.0,0.04174003
1.0,0.64081556
0.0,0.1378327
0.0,0.54222065
0.0,0.28081465
1.0,0.6614385
0.0,0.13223055
1.0,0.62882596
0.0,0.36153
0.0,0.09970081
1.0,0.45768964
1.0,0.09100741
0.0,0.082250595
1.0,0.5303663
0.0,0.22167286
1.0,0.4812794
0.0,0.13861796
1.0,0.61830044
1.0,0.38452795
0.0,0.2294026
0.0,0.26914236
0.0,0.116027
0.0,0.15403435
0.0,0.1714549
0.0,0.6174716
0.0,0.14644775
0.0,0.22703189
0.0,0.5727637
0.0,0.12991938
1.0,0.58470136
0.0,0.4580914
0.0,0.19186541
1.0,0.6574724
0.0,0.2960539
1.0,0.6800321
0.0,0.18342301
1.0,0.63001275
0.0,0.10493678
0.0,0.19392869
1.0,0.6753973
0.0,0.18062168
0.0,0.12831429
0.0,0.43653983
1.0,0.6262159
1.0,0.5116501
0.0,0.16630459
1.0,0.6605061
1.0,0.004763603
1.0,0.6562352
0.0,0.4074807
1.0,0.62058836
1.0,0.81662965
0.0,0.48245203
1.0,0.4049395
1.0,0.5915941
0.0,0.21241814
0.0,0.18639788
0.0,0.30213737
0.0,0.20739931
0.0,0.279946
0.0,0.24978596
0.0,0.24209043
0.0,0.049523383
1.0,0.51726013
0.0,0.3053301
0.0,0.16628686
0.0,0.1505773
0.0,0.26452017
1.0,0.5047011
0.0,0.10000324
1.0,0.63399196
0.0,0.4560137
0.0,0.112736225
1.0,0.35424972
1.0,0.5887011
0.0,0.44814056
0.0,0.37009418
1.0,0.6396766
0.0,0.6145712
0.0,0.33630145
1.0,0.5079698
1.0,0.49493232
1.0,0.6499577
1.0,0.57343733
0.0,0.29279995
0.0,0.06357679
1.0,0.3755542
0.0,0.18935081
0.0,0.059822798
1.0,0.6662295
1.0,0.49960583
1.0,0.61257875
0.0,0.10522288
1.0,0.3892572
1.0,0.646575
1.0,0.55080634
0.0,0.07567912
0.0,0.24320847
1.0,0.3182704
0.0,0.28549796
0.0,0.40955323
0.0,0.24070647
1.0,0.5985582
0.0,0.19095352
0.0,0.29628816
0.0,0.2476576
0.0,0.34587666
0.0,0.337237
0.0,0.088400275
0.0,0.33371764
1.0,0.71273935
0.0,0.2230956
1.0,0.6556731
0.0,0.08642304
0.0,0.4391966
0.0,0.58036304
1.0,0.09511161
0.0,0.5323657
0.0,0.20832619
0.0,0.14230314
0.0,0.38002053
0.0,0.46781805
1.0,0.675377
0.0,0.46388587
1.0,0.56578195
0.0,0.20371142
0.0,0.3501935
0.0,0.22718078
0.0,0.32106733
0.0,0.2500376
0.0,0.4937137
0.0,0.54839665
0.0,0.2653642
1.0,0.5442287
0.0,0.2107324
1.0,0.34615332
1.0,0.4341935
0.0,0.3197379
0.0,0.28148296
1.0,0.5879953
0.0,0.27755868
1.0,0.5481096
1.0,0.5895955
0.0,0.21843433
1.0,0.33250323
0.0,0.30613524
1.0,0.62515175
0.0,0.23166156
0.0,0.29125693
1.0,0.44618157
0.0,0.47376686
0.0,0.06492838
0.0,0.20451713
1.0,0.5586848
1.0,0.5171685
0.0,0.07769734
0.0,0.4154605
1.0,0.42893714
0.0,0.39961007
1.0,0.22364584
0.0,0.36022434
1.0,0.33421642
0.0,0.34638095
0.0,0.20434985
0.0,0.5980898
0.0,0.3201854
0.0,0.3333407
1.0,0.21024182
0.0,0.44054192
1.0,0.6582835
0.0,0.1167573
1.0,0.52969635
0.0,0.23189348
0.0,0.06292376
0.0,0.17191902
0.0,0.23042786
0.0,0.3728323
0.0,0.36108354
0.0,0.5056524
0.0,0.3473033
1.0,0.5862508
0.0,0.19151288
0.0,0.30374017
1.0,0.34056216
1.0,0.33053893
0.0,0.2165583
0.0,0.08385128
1.0,0.58523446
0.0,0.32253045
1.0,0.10978231
1.0,0.52166563
1.0,0.47595614
1.0,0.59548944
0.0,0.16113853
0.0,0.10036731
1.0,0.5158602
0.0,0.38992488
1.0,0.5733313
1.0,0.58514905
1.0,0.61150014
0.0,0.3426783
0.0,0.120554775
0.0,0.38845727
0.0,0.110437006
1.0,0.54718876
1.0,0.47506875
0.0,0.39367598
0.0,0.30762374
0.0,0.33483413
0.0,0.29240158
1.0,0.34811157
1.0,0.56630397
1.0,0.57095337
0.0,0.5387761
1.0,0.4616206
1.0,0.6831806
1.0,0.43646944
1.0,0.6456326
0.0,0.5137915
0.0,0.384745
0.0,0.5717076
0.0,0.12691236
1.0,0.5854414
1.0,0.64997137
1.0,0.48595425
1.0,0.5393212
0.0,0.27249473
0.0,0.17324054
0.0,0.2745067
0.0,0.49362445
1.0,0.5641407
0.0,0.15971836
0.0,0.17782071
0.0,0.33627027
0.0,0.20666707
1.0,0.11623594
1.0,0.64439815
1.0,0.61746293
0.0,0.45157
0.0,0.4553449
1.0,0.5559502
1.0,0.63300097
0.0,0.29521596
1.0,0.66424894
0.0,0.00042885542
1.0,0.65264916
1.0,0.6286557
1.0,0.5561843
0.0,0.28799227
0.0,0.33253515
1.0,0.6205343
0.0,0.40711975
0.0,0.38844115
1.0,0.67250276
0.0,0.28633875
0.0,0.15664679
0.0,0.37917998
1.0,0.39349085
0.0,0.009392947
0.0,0.49636513
1.0,0.50994605
0.0,0.4495739
0.0,0.21149221
0.0,0.27680847
0.0,0.43966398
1.0,0.6572724
0.0,0.37804547
0.0,0.25270212
0.0,0.08453247
1.0,0.6579029
0.0,0.23634204
0.0,0.028255254
1.0,0.5072647
0.0,0.35741135
0.0,0.29556713
1.0,0.6177865
1.0,0.31431264
0.0,0.04587856
1.0,0.3979422
1.0,0.49837738
0.0,0.4345313
0.0,0.47245508
1.0,0.27250707
1.0,0.62742937
0.0,0.1613473
1.0,0.3889652
1.0,0.4660086
1.0,0.5047522
0.0,9.211898e-05
1.0,0.41572368
0.0,0.2110379
1.0,0.57601774
0.0,0.13378859
1.0,0.65547806
0.0,0.57598776
0.0,5.64456e-05
1.0,0.5702486
0.0,0.2478551
1.0,0.6382905
1.0,0.57112336
1.0,0.53777444
1.0,0.57141584
0.0,0.23512962
1.0,0.39469117
0.0,0.56601745
0.0,0.15572941
0.0,0.22091159
0.0,0.28794655
1.0,0.6241193
0.0,0.24503642
0.0,0.38404074
0.0,0.50093496
0.0,0.60085875
1.0,0.61217505
0.0,0.5355276
0.0,0.12490103
0.0,0.32403183
0.0,0.4462332
1.0,0.55569184
0.0,0.2069605
1.0,0.6097516
1.0,0.64085966
0.0,0.47199693
0.0,0.060214072
0.0,0.17852381
1.0,0.7628759
0.0,0.1640175
1.0,0.21008417
1.0,0.31634682
1.0,0.67079073
0.0,0.5346172
0.0,0.43065012
0.0,0.1596283
0.0,0.54415256
0.0,0.20774373
0.0,0.21743214
0.0,0.34689546
1.0,0.48241568
0.0,0.31247923
1.0,0.5887714
0.0,0.014658213
1.0,0.57760686
1.0,0.6819814
1.0,0.5111775
1.0,0.60979295
0.0,0.51631796
0.0,0.6245705
0.0,0.225097
1.0,0.32322678
1.0,0.6068829
0.0,0.18739292
1.0,0.27179635
1.0,0.40097752
1.0,0.59457546
1.0,0.57838255
0.0,0.42429072
0.0,0.1865336
1.0,0.5629579
0.0,0.19250795
0.0,0.45398882
1.0,0.69896406
0.0,0.1518288
0.0,0.5923556
0.0,0.37429625
0.0,0.13205656
0.0,0.29594943
1.0,0.6513988
0.0,0.14931825
0.0,0.5243269
1.0,0.28718197
0.0,0.3310166
1.0,0.63470346
0.0,0.42811003
0.0,0.13556018
0.0,0.20663741
0.0,0.26841754
1.0,0.55591184
0.0,0.4671825
0.0,0.56569177
1.0,0.65707123
1.0,0.5463817
0.0,0.28854656
0.0,0.15801126
0.0,0.12690136
1.0,0.50880605
0.0,0.35042518
1.0,0.54885656
1.0,0.5828665
1.0,0.45225373
1.0,0.5069274
1.0,0.47672325
0.0,0.5777695
1.0,0.5866426
1.0,0.70511246
0.0,0.26375398
0.0,0.17506954
0.0,0.35795188
1.0,0.55738145
0.0,0.24039641
0.0,0.17258933
0.0,0.24371189
1.0,0.5987916
0.0,0.20377737
1.0,0.608989
0.0,0.23762706
0.0,0.4094092
0.0,0.33111206
0.0,0.26418155
0.0,0.2821355
1.0,0.5439623
1.0,0.6280689
0.0,0.33268642
0.0,0.35258937
1.0,0.48988265
0.0,0.027230412
1.0,0.6345979
0.0,0.3090348
0.0,0.2310746
0.0,0.23088157
1.0,0.6449356
1.0,0.4790608
0.0,0.35819957
0.0,0.28878665
1.0,0.55600715
0.0,0.26899922
0.0,0.12670937
1.0,0.5430573
1.0,0.69685566
1.0,0.68809485
0.0,0.25593174
1.0,0.6047971
1.0,0.5790326
0.0,0.33125484
0.0,0.22276932
0.0,0.22142163
0.0,0.20162883
0.0,0.07073116
0.0,0.38994002
1.0,0.5437074
1.0,0.52592283
0.0,0.008008003
0.0,0.051175624
0.0,0.5491552
0.0,0.35105652
1.0,0.56109464
0.0,0.54552484
0.0,0.028600425
0.0,0.4648353
0.0,0.6064888
1.0,0.32719868
0.0,0.06918368
0.0,0.5289491
1.0,0.6178283
0.0,0.20336795
0.0,0.57196045
0.0,0.21120149
0.0,0.18709385
1.0,0.44038337
1.0,0.49635452
0.0,0.35796434
0.0,0.6367221
0.0,0.0971601
0.0,0.62052655
0.0,0.6286353
0.0,0.4517697
0.0,0.065776646
0.0,0.40064895
1.0,0.1907905
0.0,0.23198453
1.0,0.39361918
0.0,0.40520483
0.0,0.036144197
0.0,0.29230112
0.0,0.13073936
0.0,0.4600777
0.0,0.46173078
1.0,0.64018095
0.0,0.0824886
0.0,0.39977393
0.0,0.28100073
1.0,0.5316563
1.0,0.45677975
0.0,0.2695691
0.0,0.39267644
0.0,0.13791874
1.0,0.6362587
1.0,0.55151993
1.0,0.6521016
0.0,0.27562368
1.0,0.65836513
0.0,0.31043482
0.0,0.09459737
0.0,0.34245896
1.0,0.16753078
0.0,0.073862076
0.0,0.13547072
1.0,0.6512576
1.0,0.2960676
0.0,0.24939322
1.0,0.699668
0.0,0.25477865
1.0,0.60496557
0.0,0.2795564
1.0,0.58717513
0.0,0.72432494
0.0,0.2917602
1.0,0.58518016
0.0,0.08236882
0.0,0.35036767
0.0,0.22452179
0.0,0.17952803
0.0,0.39444533
0.0,0.16670719
1.0,0.5378662
1.0,0.6009404
0.0,0.5170302
0.0,0.25671598
0.0,0.21849993
0.0,0.46999767
1.0,0.66209066
0.0,0.23475522
0.0,0.3076839
0.0,0.59810007
0.0,0.4761144
0.0,0.07545033
1.0,0.6450319
1.0,0.6629312
0.0,0.077715725
0.0,0.069883734
0.0,0.34077042
0.0,0.21057361
1.0,0.4919892
0.0,0.42970878
0.0,0.24658126
0.0,0.1603291
1.0,0.48127225
0.0,0.16395938
0.0,0.26728374
1.0,0.6277864
0.0,0.14938873
0.0,0.24064517
1.0,0.45314834
1.0,0.53107125
1.0,0.57278997
0.0,0.08769709
0.0,0.1333003
0.0,0.3158818
0.0,0.15384233
1.0,0.59263194
0.0,0.34751207
1.0,0.3077374
0.0,0.03631988
0.0,0.10343331
0.0,0.38279024
1.0,0.64801735
0.0,0.5775008
0.0,0.47036734
0.0,0.3514636
1.0,0.57741916
0.0,0.29602888
0.0,0.32697594
0.0,0.10252747
1.0,0.44276184
0.0,0.1085214
0.0,0.11643264
1.0,0.38995776
1.0,0.6505445
0.0,0.055998504
1.0,0.6360684
1.0,0.5501528
1.0,0.61394
1.0,0.61635923
0.0,0.18277839
1.0,0.5188289
0.0,0.68809974
1.0,0.2805366
0.0,0.21563372
1.0,0.6153026
0.0,0.38523042
1.0,0.41643104
1.0,0.6902207
1.0,0.4677213
0.0,0.09201115
0.0,0.40242597
0.0,0.46329185
0.0,0.20993036
0.0,0.2604168
0.0,0.37157464
1.0,0.6538674
1.0,0.697065
1.0,0.56150573
0.0,0.15268481
0.0,0.18260565
0.0,0.3829401
0.0,0.4082207
1.0,0.21594757
0.0,0.48075926
0.0,0.22165525
0.0,0.27753937
0.0,0.5129488
1.0,0.6332834
0.0,0.51640546
0.0,0.64856
0.0,0.35492876
1.0,0.45273787
0.0,0.1680583
0.0,0.4620658
1.0,0.35511008
0.0,0.44420537
1.0,0.5686818
0.0,0.19276416
0.0,0.4232088
0.0,0.14947858
0.0,0.20704377
0.0,0.06686875
1.0,0.62516254
0.0,0.29865795
0.0,0.24462682
1.0,0.56761956
1.0,0.655873
0.0,0.18864343
1.0,0.1469813
0.0,0.42055184
0.0,0.2771744
1.0,0.62755513
0.0,0.06973997
0.0,0.39536625
0.0,0.15913877
0.0,0.15383407
1.0,0.62409216
1.0,0.540914
1.0,0.54394805
1.0,0.5915314
0.0,0.28329992
0.0,0.26627553
0.0,0.36938184
1.0,0.6344565
0.0,0.22670081
0.0,0.30024672
1.0,0.63404995
1.0,0.3711294
1.0,0.5799639
0.0,0.19195238
0.0,0.5161891
0.0,0.46974087
1.0,0.61354136
1.0,0.54717815
1.0,0.6085068
0.0,0.27114826
0.0,0.06547856
0.0,0.09769729
1.0,0.56196856
1.0,0.4387779
0.0,0.43435168
1.0,0.5564012
1.0,0.4896118
1.0,0.53765184
1.0,0.4615422
0.0,0.32755446
0.0,0.11712855
1.0,0.56382984
1.0,0.41770935
0.0,0.18024573
0.0,0.3336267
0.0,0.17541635
0.0,0.20909885
0.0,0.25306398
0.0,0.55006355
0.0,0.1929014
0.0,0.3277321
1.0,0.53305686
1.0,0.58086985
0.0,0.376946
1.0,0.6622385
0.0,0.0932439
1.0,0.5857336
0.0,0.3984797
1.0,0.67360395
0.0,0.038594604
0.0,0.19968233
0.0,0.078164905
0.0,0.45743766
1.0,0.3638815
1.0,0.5803077
0.0,0.17649534
0.0,0.27309525
1.0,0.44806907
0.0,0.2933094
1.0,0.601066
1.0,0.47897515
0.0,0.16194722
0.0,0.35684437
0.0,0.43144783
0.0,0.66925395
0.0,0.6201232
0.0,0.121999025
0.0,0.4682883
0.0,0.18358865
1.0,0.5330236
1.0,0.6443646
1.0,0.5987523
1.0,0.60560507
0.0,0.25363934
0.0,0.19685331
1.0,0.4143294
0.0,0.5738288
0.0,0.18112445
0.0,0.26616699
1.0,0.49858528
1.0,0.2918628
0.0,0.17651731
1.0,0.61798424
1.0,0.68416095
0.0,0.09852293
0.0,0.29446086
1.0,0.68405795
0.0,0.27326596
0.0,0.44443744
0.0,0.070788324
0.0,0.25856096
1.0,0.37231195
0.0,0.22298661
0.0,0.21555176
0.0,0.40661559
1.0,0.4372088
0.0,0.1339845
0.0,0.21377146
1.0,0.598688
0.0,0.098777354
0.0,0.270307
0.0,0.61696756
1.0,0.6432525
1.0,0.40622318
1.0,0.3278311
0.0,0.29103792
0.0,0.36868054
1.0,0.076945186
0.0,0.12035307
0.0,0.070634484
0.0,0.45570496
0.0,0.45010564
1.0,0.42037055
0.0,0.38303524
0.0,0.51887643
1.0,0.48088056
0.0,0.22353974
0.0,0.155788
0.0,0.41456676
0.0,0.4652832
1.0,0.5858576
1.0,0.63702536
0.0,0.5270374
1.0,0.6066169
0.0,0.16167644
0.0,0.16296026
0.0,0.08077657
1.0,0.38762525
0.0,0.1475082
0.0,0.28359446
1.0,0.6106368
1.0,0.5176367
1.0,0.54817575
0.0,0.4528627
1.0,0.5747551
1.0,0.6544075
0.0,0.052526027
0.0,0.52163064
0.0,0.651176
1.0,0.498538
0.0,0.28367016
0.0,0.5594459
0.0,0.26881966
0.0,0.13410053
0.0,0.056010425
0.0,0.22430095
0.0,0.37349552
0.0,0.53326505
0.0,0.4725222
1.0,0.3895718
1.0,0.3244699
1.0,0.57634234
0.0,0.14123806
1.0,0.5564067
0.0,0.5701144
0.0,0.2826724
1.0,0.586849
0.0,0.38518992
0.0,0.16174671
0.0,0.2883558
0.0,0.27011716
0.0,0.29938406
0.0,0.5102761
0.0,0.21020237
1.0,0.54568964
0.0,0.011642247
0.0,0.14762875
0.0,0.13416865
1.0,0.59895474
1.0,0.6020016
0.0,0.54957175
1.0,0.61269534
0.0,0.23355135
1.0,0.14028227
0.0,0.21243662
0.0,0.09795749
1.0,0.38344193
0.0,0.109470785
0.0,0.14352739
1.0,0.543
0.0,0.060220987
1.0,0.2710854
0.0,0.40802377
0.0,0.11807144
1.0,0.42589062
0.0,0.16159785
0.0,0.4068409
0.0,0.60849494
0.0,0.14777437
0.0,0.12807918
1.0,0.67452836
0.0,0.14999014
0.0,0.18158332
0.0,0.023468792
1.0,0.53046995
0.0,0.5619044
0.0,0.293397
1.0,0.5832981
0.0,0.13311112
0.0,0.044240624
0.0,0.32358748
0.0,0.36075127
1.0,0.54352283
0.0,0.23162219
0.0,0.09761715
0.0,0.0663735
0.0,0.140335
0.0,0.56690437
1.0,0.5524618
1.0,0.6251039
0.0,0.13745719
1.0,0.63053656
0.0,0.27909616
0.0,0.18429261
0.0,0.08945373
0.0,0.30938548
1.0,0.4633464
0.0,0.3150993
0.0,0.16684723
0.0,0.5061734
0.0,0.38334158
0.0,0.45711905
0.0,0.087825835
0.0,0.0967347
0.0,0.14803746
0.0,0.10627395
0.0,0.54675055
1.0,0.5531522
0.0,0.12469199
0.0,0.24727926
0.0,0.23590055
1.0,0.66451585
0.0,0.02711144
1.0,0.64404845
0.0,0.22711256
0.0,0.2217733
0.0,0.46610352
1.0,0.6266707
1.0,0.66566634
1.0,0.5298459
1.0,0.48048833
0.0,0.102222085
0.0,0.21446246
1.0,0.6761564
1.0,0.6294898
0.0,0.1830473
0.0,0.39248312
0.0,0.44288522
1.0,0.5665988
0.0,0.19049728
0.0,0.099636436
0.0,0.21844593
0.0,0.2137824
1.0,0.5081673
1.0,0.6205881
0.0,0.10945436
1.0,0.4791028
0.0,0.21848613
0.0,0.1845099
0.0,0.12776497
0.0,0.31934112
0.0,0.14586002
1.0,0.5673328
0.0,0.10621372
0.0,0.35463247
0.0,0.52502924
0.0,0.21445727
0.0,0.52973455
1.0,0.6084753
0.0,0.32928848
0.0,0.19286269
1.0,0.44559774
0.0,0.39132252
0.0,0.110706
1.0,0.6212022
1.0,0.580514
0.0,0.27032286
1.0,0.32684416
0.0,0.42278993
1.0,0.61531377
1.0,0.7301117
0.0,0.2284858
1.0,0.6068842
0.0,0.30975467
0.0,0.23708898
0.0,0.35124448
0.0,0.4512699
0.0,0.21282172
0.0,0.24509129
0.0,0.45703164
1.0,0.72051036
0.0,0.24859759
0.0,0.107702166
0.0,0.39939454
0.0,0.07459089
1.0,0.608055
0.0,0.22172704
0.0,0.5319532
0.0,0.16746467
0.0,0.22632197
0.0,0.030508608
0.0,0.68344945
1.0,0.29656804
0.0,0.3943466
1.0,0.5998516
0.0,0.21973631
1.0,0.38487765
0.0,0.17617682
0.0,0.3492704
0.0,0.23145664
0.0,0.46625137
0.0,0.5325618
0.0,0.2423993
0.0,0.38507935
0.0,0.13451341
0.0,0.6227058
0.0,0.646207
1.0,0.61726785
0.0,0.58475196
0.0,0.15813303
1.0,0.70682037
0.0,0.1849888
0.0,0.060927987
0.0,0.08276388
1.0,0.50665027
1.0,0.46891916
1.0,0.55877763
1.0,0.6397957
0.0,0.3995207
1.0,0.44230407
0.0,0.00014200807
1.0,0.00016787648
0.0,0.19293219
0.0,0.6049765
0.0,0.27772832
0.0,0.15923443
0.0,0.26971114
1.0,0.6371299
1.0,0.44937277
0.0,0.7048595
1.0,0.5336573
0.0,0.18094707
1.0,0.63767076
0.0,0.1573816
0.0,0.16879931
0.0,0.6074865
0.0,0.34078467
0.0,0.253052
0.0,0.07668805
1.0,0.704764
0.0,0.03323558
1.0,0.6011378
1.0,0.2986005
1.0,0.54973435
0.0,0.11441484
0.0,0.7135633
0.0,0.15331638
0.0,0.3870442
0.0,0.23745188
1.0,0.45581776
0.0,0.026820093
0.0,0.3320879
0.0,0.3728534
0.0,0.14212456
0.0,0.102024704
0.0,0.28968087
0.0,0.62165517
0.0,0.16004488
0.0,0.4028448
1.0,0.74682504
0.0,0.39704013
0.0,0.15464357
0.0,0.11920774
0.0,0.13960189
1.0,0.5899814
0.0,0.45637053
1.0,0.7177215
0.0,0.500109
1.0,0.6486114
1.0,0.5807692
0.0,0.089270204
0.0,0.40353703
0.0,0.2328122
0.0,0.38796097
0.0,0.24819183
0.0,0.47154096
1.0,0.60317737
0.0,0.16536835
1.0,0.39767328
0.0,0.51872665
0.0,0.11776134
0.0,0.21860602
1.0,0.5999244
0.0,0.14572313
1.0,0.69599354
0.0,0.09173396
0.0,0.10971138
0.0,0.45613396
0.0,0.4645383
0.0,0.26659143
0.0,0.41747728
1.0,0.42991215
1.0,0.597319
0.0,0.2754767
0.0,0.07062912
0.0,0.25672007
1.0,0.5974927
0.0,0.3620926
1.0,0.39760235
0.0,0.35062727
1.0,0.6095212
1.0,0.6048832
0.0,0.29445794
0.0,0.20328277
0.0,0.06574947
1.0,0.62545335
0.0,0.26564708
0.0,0.54291046
1.0,0.60575056
1.0,0.37334266
0.0,0.41624042
0.0,0.3897941
1.0,0.60050726
0.0,0.27240145
0.0,0.11294314
0.0,0.1730034
1.0,0.5704472
0.0,0.26950294
0.0,0.39673537
1.0,0.58574635
1.0,0.6523477
0.0,0.23504066
0.0,0.19680873
0.0,0.15858516
1.0,0.5846248
1.0,0.63287306
1.0,0.43529037
0.0,0.42266592
0.0,0.25387517
0.0,0.14014858
0.0,0.039441377
1.0,0.5843867
0.0,0.23853841
0.0,0.5418367
0.0,0.28275555
0.0,0.31428987
0.0,0.23956758
0.0,0.29596752
0.0,0.4497087
0.0,0.36743766
0.0,0.13816059
1.0,0.09250602
1.0,0.54045075
0.0,0.24163738
0.0,0.2983809
1.0,0.15593445
0.0,0.18715155
1.0,0.6159261
0.0,0.2900836
0.0,0.15330586
1.0,0.6906867
1.0,0.65854454
0.0,0.51647043
0.0,0.30097264
1.0,0.3124267
0.0,0.39530927
0.0,0.31910682
0.0,0.6672561
0.0,0.21968904
1.0,0.015791178
1.0,0.38891992
0.0,0.35488385
0.0,0.07499382
0.0,0.27259234
1.0,0.56160766
0.0,0.28980264
1.0,0.50275064
0.0,0.29910162
1.0,0.5014657
1.0,0.47683594
0.0,0.46433908
1.0,0.43813002
0.0,0.46948892
0.0,0.09887281
1.0,0.7307033
1.0,0.39564693
0.0,0.25078744
0.0,0.44077438
0.0,0.6701498
0.0,0.5161751
1.0,0.60253686
0.0,0.38258797
0.0,0.18816862
0.0,0.17586562
1.0,0.6591953
0.0,0.24367607
0.0,0.4412506
1.0,0.57680434
0.0,0.04016024
0.0,0.41967377
0.0,0.12599358
1.0,0.11405465
0.0,0.50491595
1.0,0.6618182
0.0,0.30954003
1.0,0.31334034
1.0,0.52072114
1.0,0.6578706
1.0,0.38731143
0.0,0.0743708
1.0,0.20028102
0.0,0.15968966
1.0,0.6759923
1.0,0.5187885
0.0,0.41277838
1.0,9.2595816e-05
0.0,0.07871887
1.0,0.4032979
1.0,0.0016216338
0.0,0.22270489
0.0,0.66791344
1.0,0.7452674
1.0,0.39190283
0.0,0.36639827
0.0,0.48157722
0.0,0.042160958
0.0,0.23254353
0.0,0.4950716
1.0,0.600234
1.0,0.6161665
1.0,0.5048245
1.0,0.5536991
1.0,0.67801464
1.0,0.6484543
0.0,0.5071739
1.0,0.6128999
0.0,0.080433995
0.0,0.29697436
0.0,0.33641267
1.0,0.2524303
1.0,0.3925693
0.0,0.36279017
0.0,0.2401239
0.0,0.549338
1.0,0.44549236
1.0,0.5281612
1.0,0.59875846
0.0,0.0992758
0.0,0.5695225
0.0,0.34690094
0.0,0.26554507
0.0,0.22124782
0.0,0.2581337
1.0,0.6787145
1.0,0.6178528
0.0,0.21265677
0.0,0.41140676
0.0,0.5708995
0.0,0.54895765
0.0,0.514226
0.0,0.36049515
0.0,0.52994144
1.0,0.28071252
0.0,0.26697353
1.0,0.49905866
0.0,0.14660656
0.0,0.545307
0.0,0.2264426
0.0,0.4455357
1.0,0.61268616
1.0,0.5440849
1.0,0.45881516
1.0,0.5825298
0.0,0.11185178
0.0,0.48718193
1.0,0.5161363
1.0,0.47267133
0.0,0.30909425
0.0,0.088085115
0.0,0.33982667
1.0,0.50327575
0.0,0.12941837
1.0,0.21805987
0.0,0.2374925
0.0,0.3653249
0.0,0.20861435
0.0,0.2926988
0.0,0.21245205
0.0,0.14510742
0.0,0.44851512
1.0,0.60628134
0.0,0.08839068
0.0,0.3757758
0.0,0.16107097
1.0,0.54832566
0.0,0.11837894
1.0,0.6427251
0.0,0.100887746
0.0,0.21502492
0.0,0.14623097
0.0,0.38383207
0.0,0.2570997
0.0,0.20852768
1.0,0.60130227
0.0,0.26161653
1.0,0.3742771
1.0,0.6439592
0.0,0.19783315
0.0,0.4267634
1.0,0.52589387
1.0,0.68616194
0.0,0.38535708
0.0,0.47145236
0.0,0.22838828
0.0,0.2235592
0.0,0.19075239
1.0,0.6108747
0.0,0.2890809
1.0,0.3971452
1.0,0.27269852
0.0,0.64794564
0.0,0.32899952
0.0,0.19183269
0.0,0.09595692
0.0,0.62680423
0.0,0.15676287
0.0,0.12560108
0.0,0.5193661
1.0,0.56896895
1.0,0.5901814
0.0,0.26642942
0.0,0.32204136
0.0,0.46072167
1.0,0.56536263
0.0,0.13780975
0.0,0.1663531
1.0,0.5699494
1.0,0.6006291
0.0,0.38484883
0.0,0.080563605
0.0,0.14738932
1.0,0.5258779
0.0,0.24184102
1.0,0.5656928
1.0,0.5138237
0.0,0.24541765
0.0,0.38283402
0.0,0.19807622
1.0,0.47652748
0.0,0.4459081
1.0,0.45436445
0.0,0.15643561
1.0,0.58986974
0.0,0.34648684
0.0,0.289792
0.0,0.08630824
1.0,0.6678809
0.0,0.5177376
1.0,0.6947061
1.0,0.5537042
0.0,0.082968
1.0,0.55272216
0.0,0.37518921
1.0,0.48330846
0.0,0.111551285
1.0,0.61034906
0.0,0.10079369
1.0,0.58161956
1.0,0.66603756
1.0,0.6889242
0.0,0.21045172
1.0,0.5952325
1.0,0.5507449
0.0,0.23931372
1.0,0.6095919
1.0,0.41765943
1.0,0.39974436
0.0,0.39143178
0.0,0.15753616
0.0,0.62017494
0.0,0.41967607
