0.0,0.4808854
0.0,0.59227085
1.0,0.4288121
0.0,0.39011544
1.0,0.5445332
0.0,0.22401762
1.0,0.71631193
1.0,0.7419938
1.0,0.7769202
0.0,0.25206894
0.0,0.34429055
1.0,0.6312641
0.0,0.24525237
0.0,0.46590894
0.0,0.33970648
0.0,0.23831773
1.0,0.5446473
0.0,0.2008279
0.0,0.21952623
1.0,0.4699715
1.0,0.3735664
0.0,0.22829685
1.0,0.49736887
0.0,0.32187635
0.0,0.21897432
1.0,0.4491489
0.0,0.31828374
1.0,0.5348576
0.0,0.29416037
1.0,0.50075996
0.0,0.25140232
0.0,0.45596537
1.0,0.6735952
1.0,0.8132272
1.0,0.4817782
1.0,0.5747027
1.0,0.50214404
0.0,0.26333556
1.0,0.5987816
1.0,0.2942174
1.0,0.6425317
1.0,0.6906913
0.0,0.2151689
1.0,0.550777
1.0,0.53244436
0.0,0.2765798
0.0,0.15722144
0.0,0.38726518
0.0,0.27095184
1.0,0.61242926
0.0,0.39930964
1.0,0.53795743
1.0,0.73206925
1.0,0.49955177
0.0,0.25583094
0.0,0.22781879
0.0,0.33559835
1.0,0.31991154
1.0,0.489025
1.0,0.36503392
1.0,0.69730353
0.0,0.5406685
1.0,0.73828024
1.0,0.52395576
1.0,0.6886233
0.0,0.24708354
0.0,0.014691472
1.0,0.6508045
0.0,0.24176443
1.0,0.5512178
0.0,0.50786084
1.0,0.5786982
0.0,0.18593884
0.0,0.37834996
1.0,0.47708127
0.0,0.15089846
0.0,0.2735141
0.0,0.35443625
0.0,0.17629063
1.0,0.6830839
0.0,0.24451283
1.0,0.6747447
1.0,0.6982751
1.0,0.8029195
1.0,0.70759565
1.0,0.5872502
1.0,0.7083758
0.0,0.33475426
0.0,0.3693426
1.0,0.55401397
0.0,0.2060627
1.0,0.5434152
0.0,0.33253068
0.0,0.58531135
0.0,0.48475254
1.0,0.6842418
0.0,0.24290526
0.0,0.3044562
1.0,0.44300985
1.0,0.72363675
0.0,0.20235547
0.0,0.2683956
1.0,0.34521878
0.0,0.38248914
0.0,0.21161312
1.0,0.96421206
1.0,0.24123919
0.0,0.30394894
1.0,0.30066073
1.0,0.70461327
1.0,0.6954154
0.0,0.21232024
1.0,0.24594063
0.0,0.32980514
0.0,0.22498313
1.0,0.35970044
0.0,0.08961862
1.0,0.5267432
1.0,0.6220245
1.0,0.7053949
0.0,0.39641118
1.0,0.6900729
0.0,0.6142833
0.0,0.23162246
0.0,0.47346282
1.0,0.08378455
0.0,0.1602
0.0,0.2122784
1.0,0.68200165
1.0,0.5214825
1.0,0.77859485
0.0,0.2689913
0.0,0.19379231
1.0,0.4509964
1.0,0.7060319
0.0,0.5071444
0.0,0.23942745
0.0,0.27009076
0.0,0.3203051
0.0,0.25541514
1.0,0.6375463
0.0,0.30781323
1.0,0.2308684
0.0,0.24411112
0.0,0.22441208
0.0,0.15431264
1.0,0.4847862
0.0,0.27124906
0.0,0.23139584
0.0,0.4413198
0.0,0.28244674
0.0,0.17348632
0.0,0.1930443
0.0,0.67319554
0.0,0.34026018
1.0,0.735058
0.0,0.17278138
0.0,0.24114275
1.0,0.756068
0.0,0.24009833
0.0,0.4543908
0.0,0.2861331
0.0,0.26317257
0.0,0.37459457
1.0,0.7108331
0.0,0.42489624
1.0,0.7508035
0.0,0.2879538
0.0,0.24487975
1.0,0.4824008
0.0,0.5123196
0.0,0.6031359
0.0,0.89108145
0.0,0.19193938
1.0,0.5143346
1.0,0.489778
0.0,0.39005506
1.0,0.46928525
0.0,0.5273632
1.0,0.7149203
1.0,0.61868227
1.0,0.54724175
1.0,0.64720964
1.0,0.6974757
0.0,0.6250583
0.0,0.15862653
0.0,0.22582957
0.0,0.65928185
0.0,0.42278647
0.0,0.3095591
1.0,0.41323137
0.0,0.22246727
0.0,0.651832
1.0,0.63271236
1.0,0.6322437
1.0,0.6256937
0.0,0.24965772
0.0,0.27890855
0.0,0.1814352
1.0,0.28214896
0.0,0.3713568
0.0,0.5336556
0.0,0.3643344
0.0,0.48390013
0.0,0.2941052
1.0,0.35700223
0.0,0.22794214
1.0,0.4375738
0.0,0.15093082
0.0,0.29686344
0.0,0.23027116
1.0,0.6882303
0.0,0.28092575
0.0,0.42941928
0.0,0.2137171
0.0,0.19155529
0.0,0.6470569
0.0,0.38473982
1.0,0.74458086
0.0,0.22123519
0.0,0.2178267
1.0,0.5078327
1.0,0.7612053
0.0,0.48810235
0.0,0.26308742
0.0,0.14547491
0.0,0.30285543
0.0,0.23059958
0.0,0.3296271
1.0,0.709045
0.0,0.3304584
1.0,0.32264572
0.0,0.24867052
1.0,0.51943016
1.0,0.42205435
0.0,0.21078432
0.0,0.38290834
0.0,0.24691495
1.0,0.6322102
1.0,0.6874684
1.0,0.78662586
1.0,0.48480693
0.0,0.2512561
0.0,0.5611557
1.0,0.7400211
0.0,0.49820256
0.0,0.28898948
0.0,0.22484437
0.0,0.37699583
0.0,0.3359388
0.0,0.22222719
0.0,0.23631978
1.0,0.45001006
0.0,0.19707245
0.0,0.47126064
0.0,0.20012048
1.0,0.017123103
1.0,0.6552603
0.0,0.27237907
0.0,0.28527686
0.0,0.21689048
1.0,0.70039564
0.0,0.97315013
0.0,0.18013236
0.0,0.37531808
0.0,0.22718576
1.0,0.7137057
1.0,0.40609026
1.0,0.72918713
0.0,0.29419386
1.0,0.66980183
0.0,0.06346208
0.0,0.37427187
0.0,0.96106476
1.0,0.73741496
1.0,0.45640773
0.0,0.21036121
0.0,0.18819275
1.0,0.5116639
1.0,0.4408603
0.0,0.2870742
1.0,0.3505323
1.0,0.7722471
0.0,0.5644426
0.0,0.5285991
0.0,0.2596732
0.0,0.2651067
0.0,0.5299851
0.0,0.26129925
1.0,0.764686
0.0,0.2562668
0.0,0.24252567
1.0,0.74817526
0.0,0.22435266
1.0,0.7065054
1.0,0.3392312
1.0,0.6293317
1.0,0.645982
1.0,0.6430943
0.0,0.2653317
1.0,0.61972433
0.0,0.5239816
1.0,0.7894024
0.0,0.49043685
0.0,0.4370712
0.0,0.32136118
0.0,0.32667524
0.0,0.4101208
1.0,0.66522956
0.0,0.5472934
1.0,0.4656023
0.0,0.6734874
1.0,0.6431578
1.0,0.59776694
0.0,0.23864347
0.0,0.20284763
0.0,0.21465924
1.0,0.60517395
1.0,0.23568153
0.0,0.15113544
0.0,0.13953176
0.0,0.27245194
0.0,0.36138177
1.0,0.4960368
1.0,0.5156493
0.0,0.29784894
0.0,0.21028146
1.0,0.6342627
1.0,0.7160175
1.0,0.43066567
0.0,0.31631464
0.0,0.57922214
0.0,0.13653427
0.0,0.58164626
1.0,0.756703
1.0,0.47919697
0.0,0.34766144
0.0,0.23232237
0.0,0.18595335
0.0,0.4306074
0.0,0.13382801
0.0,0.23254117
1.0,0.44296223
0.0,0.3148846
0.0,0.43278742
0.0,0.23304904
0.0,0.5994058
0.0,0.43587428
0.0,0.28983194
0.0,0.20558366
1.0,0.49143553
0.0,0.32727072
1.0,0.5090164
0.0,0.17113766
0.0,0.43643793
0.0,0.29930955
0.0,0.10997608
0.0,0.5555295
1.0,0.46436325
1.0,0.5478718
0.0,0.34203708
1.0,0.543431
0.0,0.202779
0.0,0.53447384
0.0,0.45520622
0.0,0.5881516
0.0,0.23281142
0.0,0.079882056
1.0,0.40194386
0.0,0.22357872
1.0,0.7370015
0.0,0.3539413
1.0,0.352708
0.0,0.22964513
1.0,0.26023245
1.0,0.7248395
1.0,0.780743
0.0,0.22967747
0.0,0.42600164
1.0,0.7324615
0.0,0.29806662
0.0,0.263085
1.0,0.32055098
1.0,0.65994465
0.0,0.4381913
1.0,0.6604402
1.0,0.7028702
0.0,0.49421963
0.0,0.259185
0.0,0.46359873
0.0,0.26341653
0.0,0.19880861
0.0,0.36308962
1.0,0.7398523
0.0,0.26100427
1.0,0.46988487
1.0,0.4724175
0.0,0.26770473
0.0,0.33959442
0.0,0.44454873
1.0,0.7097041
1.0,0.620281
1.0,0.39511517
0.0,0.34251142
1.0,0.7143645
1.0,0.3063935
0.0,0.1810086
0.0,0.3779387
0.0,0.5852238
0.0,0.57683027
1.0,0.5809166
0.0,0.21241787
1.0,0.40096965
0.0,0.37678477
0.0,0.3459764
0.0,0.50333303
0.0,0.26800078
0.0,0.21913368
0.0,0.2772538
0.0,0.2203002
0.0,0.2941929
0.0,0.3097029
0.0,0.46152043
0.0,0.3064288
0.0,0.24386743
0.0,0.39278448
0.0,0.26486507
1.0,0.5516708
0.0,0.4478749
1.0,0.5457592
0.0,0.32012564
0.0,0.20453542
0.0,0.27355283
0.0,0.46527585
0.0,0.41551107
0.0,0.3768237
0.0,0.32459632
0.0,0.19546285
0.0,0.27647483
0.0,0.26729816
0.0,0.5703152
1.0,0.6805248
0.0,0.27585125
0.0,0.23333365
0.0,0.29939818
0.0,0.27217865
1.0,0.44630846
0.0,0.58711004
1.0,0.5107174
0.0,0.20744601
0.0,0.39023176
1.0,0.6369125
0.0,0.4106354
1.0,0.5744239
1.0,0.53170395
1.0,0.39863598
1.0,0.5724694
0.0,0.14615381
1.0,0.50907326
0.0,0.1804393
0.0,0.23896521
0.0,0.34481955
1.0,0.7312892
0.0,0.20362568
0.0,0.19887254
1.0,0.45467064
1.0,0.79310733
0.0,0.44230914
0.0,0.23220766
1.0,0.5161694
0.0,0.3189307
1.0,0.58864456
0.0,0.41065177
0.0,0.28997147
1.0,0.5238623
0.0,0.49434823
0.0,0.10023254
1.0,0.3112746
0.0,0.21198618
1.0,0.7711876
0.0,0.20210266
1.0,0.44926372
1.0,0.48139426
1.0,0.5055758
1.0,0.75784194
0.0,0.42206335
0.0,0.31509638
1.0,0.5476582
0.0,0.23895267
0.0,0.41527954
1.0,0.5148442
1.0,0.57473314
1.0,0.67861855
0.0,0.24126714
1.0,0.66521347
1.0,0.6001406
0.0,0.2764569
1.0,0.6405323
0.0,0.40065587
1.0,0.5285285
1.0,0.62288344
0.0,0.5392825
0.0,0.40841004
1.0,0.37633863
0.0,0.31487685
1.0,0.6351739
0.0,0.5619625
0.0,0.21660638
0.0,0.62750125
1.0,0.79099286
0.0,0.14949727
0.0,0.22327852
0.0,0.48500028
1.0,0.3540796
0.0,0.251759
0.0,0.22248834
0.0,0.37973565
0.0,0.6536982
1.0,0.53255993
1.0,0.6781825
0.0,0.36917108
0.0,0.62843543
0.0,0.4280536
0.0,0.38023537
0.0,0.32849497
1.0,0.54348457
0.0,0.33876497
1.0,0.6389611
0.0,0.53375
0.0,0.37471437
1.0,0.55464065
0.0,0.29028285
0.0,0.33508763
0.0,0.27262038
0.0,0.19541624
0.0,0.052234888
0.0,0.22456858
0.0,0.21739453
0.0,0.3156801
1.0,0.5278892
1.0,0.7035682
0.0,0.17984873
0.0,0.31860757
1.0,0.66269517
0.0,0.2515368
1.0,0.617205
0.0,0.34055147
0.0,0.17345208
1.0,0.5879023
0.0,0.37491566
1.0,0.38713366
0.0,0.38793105
1.0,0.3941656
0.0,0.23554295
0.0,0.32212988
0.0,0.62964207
1.0,0.74634993
0.0,0.17610875
0.0,0.41541833
0.0,0.20325264
0.0,0.74057686
1.0,0.39185673
0.0,0.21500102
0.0,0.24389926
1.0,0.7046429
1.0,0.35247934
0.0,0.37717995
1.0,0.067076236
0.0,0.27328843
0.0,0.251175
1.0,0.5718154
1.0,0.7284827
0.0,0.28343803
1.0,0.71675986
1.0,0.55265087
0.0,0.23920903
0.0,0.05265814
0.0,0.4215616
1.0,0.26044613
0.0,0.14292234
0.0,0.27209294
0.0,0.24586686
1.0,0.7450677
1.0,0.53607166
0.0,0.27269
1.0,0.4226026
1.0,0.20861247
0.0,0.49997476
1.0,0.6120797
0.0,0.27601528
1.0,0.6037791
0.0,0.33221254
1.0,0.5684248
0.0,0.28470123
0.0,0.20262218
1.0,0.62272346
0.0,0.24849924
1.0,0.6468912
0.0,0.28971115
0.0,0.31514552
0.0,0.24174738
1.0,0.56417227
0.0,0.36819178
1.0,0.4948624
0.0,0.20591295
1.0,0.660943
1.0,0.59344447
0.0,0.1937322
1.0,0.6608889
1.0,0.696749
1.0,0.4235011
1.0,0.58000183
0.0,0.28146863
0.0,0.25778016
0.0,0.68163896
1.0,0.5566537
1.0,0.37545425
0.0,0.19197425
0.0,0.29285222
0.0,0.37719834
1.0,0.61945945
0.0,0.40385687
1.0,0.310041
1.0,0.67844033
0.0,0.30470145
0.0,0.23048079
1.0,0.73498416
0.0,0.5371569
1.0,0.7256599
0.0,0.121794045
0.0,0.31290498
0.0,0.29807407
1.0,0.37122685
0.0,0.22026086
1.0,0.77648544
0.0,0.29610783
1.0,0.43803057
0.0,0.30847657
0.0,0.41018075
1.0,0.33240694
1.0,0.41072235
1.0,0.4308356
1.0,0.57402027
0.0,0.26831138
0.0,0.30388233
0.0,0.5151737
0.0,0.1678986
1.0,0.30270576
1.0,0.4656787
0.0,0.19273186
0.0,0.29335868
0.0,0.20873946
1.0,0.67518955
0.0,0.24410859
0.0,0.2837367
0.0,0.27596962
0.0,0.44180116
0.0,0.20509258
0.0,0.36873865
1.0,0.58161217
0.0,0.5599924
1.0,0.37653023
0.0,0.38076603
0.0,0.36626166
1.0,0.5078726
1.0,0.53087515
1.0,0.59625787
0.0,0.27561122
0.0,0.27574056
1.0,0.32955116
0.0,0.21971238
0.0,0.21522251
0.0,0.42449194
1.0,0.5299531
0.0,0.271842
0.0,0.33354855
1.0,0.70416427
0.0,0.35798776
1.0,0.72989094
1.0,0.62224555
1.0,0.7099569
0.0,0.1969038
1.0,0.62839687
1.0,0.6563202
0.0,0.46046972
1.0,0.40909123
0.0,0.2387749
0.0,0.4298732
0.0,0.24696821
0.0,0.2253514
1.0,0.5015826
1.0,0.6246149
1.0,0.7256434
1.0,0.66226417
1.0,0.684283
0.0,0.39923796
0.0,0.62629664
1.0,0.73456407
0.0,0.22810665
1.0,0.5969644
1.0,0.7800073
0.0,0.30978042
1.0,0.46607763
1.0,0.41347003
0.0,0.30856574
0.0,0.34240502
0.0,0.15670937
0.0,0.2092796
1.0,0.5374775
1.0,0.69706655
0.0,0.21939468
0.0,0.26579714
1.0,0.32367647
1.0,0.5819979
1.0,0.30721143
0.0,0.22444105
1.0,0.6979527
1.0,0.5593767
0.0,0.24905366
0.0,0.28288287
1.0,0.545626
1.0,0.7308432
0.0,0.39192772
1.0,0.64168394
0.0,0.27457178
0.0,0.37715232
1.0,0.646163
0.0,0.4643348
1.0,0.76609373
0.0,0.64861923
0.0,0.3521098
0.0,0.2548969
1.0,0.6921389
1.0,0.5690591
0.0,0.19526723
0.0,0.1792284
1.0,0.5366666
0.0,0.3722915
1.0,0.78377634
1.0,0.5140723
1.0,0.6136417
0.0,0.16480711
0.0,0.5917032
0.0,0.5839874
0.0,0.22393328
0.0,0.20034483
1.0,0.7154424
0.0,0.5064182
0.0,0.27406773
1.0,0.6171377
0.0,0.28007334
1.0,0.25911945
1.0,0.5309975
0.0,0.24738023
0.0,0.3586865
0.0,0.7599939
0.0,0.20891625
0.0,0.14531323
0.0,0.17786261
0.0,0.24232987
0.0,0.5727108
1.0,0.52310205
1.0,0.6952741
0.0,0.6491733
0.0,0.5107123
0.0,0.24890885
0.0,0.35119635
0.0,0.24353945
1.0,0.41833422
0.0,0.25286677
0.0,0.12181896
1.0,0.79580045
1.0,0.4136858
0.0,0.23221675
0.0,0.7091901
0.0,0.10418761
0.0,0.36387926
0.0,0.21906525
0.0,0.2796958
1.0,0.5639961
1.0,0.6934459
1.0,0.54934597
0.0,0.22338271
1.0,0.67567515
1.0,0.63562584
0.0,0.5551732
0.0,0.17615575
1.0,0.43435013
1.0,0.3512267
1.0,0.5243252
1.0,0.67626214
1.0,0.46585006
0.0,0.41362956
0.0,0.35376638
1.0,0.39198864
0.0,0.22284037
1.0,0.47425926
0.0,0.25017935
1.0,0.5170688
0.0,0.25753927
0.0,0.4974686
0.0,0.26639205
0.0,0.2322433
0.0,0.41911364
0.0,0.15840662
0.0,0.1875174
0.0,0.35424823
0.0,0.45683205
0.0,0.2086426
0.0,0.16843623
1.0,0.633701
1.0,0.4655542
1.0,0.7013224
0.0,0.61827314
0.0,0.28725836
0.0,0.52765846
0.0,0.2536834
1.0,0.6599337
1.0,0.3546567
1.0,0.6507303
1.0,0.76853037
0.0,0.5752751
0.0,0.33080313
0.0,0.24043441
1.0,0.44355065
0.0,0.23619923
1.0,0.1789197
1.0,0.65651214
0.0,0.2829292
0.0,0.18654978
0.0,0.24410465
0.0,0.4870535
1.0,0.7215605
1.0,0.59366393
0.0,0.27520847
1.0,0.47444206
1.0,0.41578966
0.0,0.39914483
0.0,0.27785414
1.0,0.58780587
0.0,0.18063381
0.0,0.23393339
0.0,0.21951768
0.0,0.42775002
0.0,0.25583178
1.0,0.5579674
0.0,0.34402764
0.0,0.48409343
1.0,0.74455774
1.0,0.53993875
0.0,0.5597362
0.0,0.21442088
1.0,0.7968677
0.0,0.3481814
0.0,0.1231443
1.0,0.42139357
0.0,0.35357115
0.0,0.27908304
0.0,0.27262282
1.0,0.69116586
0.0,0.27014738
1.0,0.6792456
1.0,0.5837118
1.0,0.8247837
0.0,0.23405415
1.0,0.59661305
0.0,0.3694932
1.0,0.6395522
0.0,0.29082006
1.0,0.7399879
0.0,0.2498804
0.0,0.29640085
1.0,0.552362
0.0,0.2024681
0.0,0.23126635
1.0,0.44649243
1.0,0.49040678
1.0,0.39463204
1.0,0.49284738
1.0,0.54464453
1.0,0.65656
1.0,0.5814156
0.0,0.2240865
1.0,0.41074827
1.0,0.67329854
0.0,0.43520087
0.0,0.20218772
0.0,0.17023176
1.0,0.5133567
0.0,0.20493782
0.0,0.26769933
0.0,0.2733934
1.0,0.6708951
0.0,0.19631165
0.0,0.4171353
1.0,0.43578482
1.0,0.65433323
1.0,0.7615708
1.0,0.318586
0.0,0.7762892
0.0,0.2521119
0.0,0.24958217
0.0,0.3678693
0.0,0.1695151
0.0,0.37945834
0.0,0.28170696
1.0,0.34302044
1.0,0.642349
0.0,0.31628567
1.0,0.5972695
0.0,0.22957468
0.0,0.25691503
1.0,0.74541223
0.0,0.22123966
0.0,0.6487571
0.0,0.1733445
0.0,0.5935862
0.0,0.21025982
0.0,0.24437684
0.0,0.696104
1.0,0.77443224
0.0,0.34634298
0.0,0.49776664
1.0,0.61932206
0.0,0.26147085
1.0,0.5204441
0.0,0.28278443
0.0,0.20589843
0.0,0.25892198
0.0,0.45345834
0.0,0.19186425
0.0,0.22728285
0.0,0.28125507
0.0,0.3860856
0.0,0.33679768
1.0,0.381138
0.0,0.30396837
1.0,0.6224537
0.0,0.50779843
1.0,0.22367859
0.0,0.35319847
0.0,0.20152599
0.0,0.34645385
1.0,0.6318
1.0,0.2830903
1.0,0.4277899
0.0,0.24461737
0.0,0.4033862
1.0,0.7118765
0.0,0.31410557
0.0,0.28069434
1.0,0.5143196
0.0,0.25772217
1.0,0.6796266
1.0,0.40460044
0.0,0.27126732
1.0,0.4515882
0.0,0.43597668
1.0,0.5366126
0.0,0.51298535
1.0,0.83764553
0.0,0.19691405
0.0,0.63754386
0.0,0.30963683
0.0,0.28608948
0.0,0.18162555
0.0,0.27396446
0.0,0.28835845
1.0,0.61489236
0.0,0.24603811
0.0,0.11270109
0.0,0.17837009
0.0,0.38583022
0.0,0.44994152
1.0,0.4574506
0.0,0.5272226
0.0,0.38476083
1.0,0.5757665
0.0,0.44681805
1.0,0.7916659
0.0,0.75171196
1.0,0.4768142
1.0,0.4927086
0.0,0.13631725
1.0,0.7965174
0.0,0.57841086
0.0,0.30557767
0.0,0.27096337
0.0,0.4034206
1.0,0.39541894
1.0,0.7510655
0.0,0.3107053
0.0,0.3996884
1.0,0.665609
0.0,0.22972646
1.0,0.5517075
1.0,0.3226508
1.0,0.47838664
0.0,0.30854613
1.0,0.4614026
0.0,0.29141653
1.0,0.6779975
1.0,0.36899418
0.0,0.22350097
0.0,0.5283891
0.0,0.19397405
0.0,0.4640454
1.0,0.71268046
1.0,0.6640218
1.0,0.72629577
0.0,0.23708364
0.0,0.14196807
1.0,0.94716716
0.0,0.7625116
0.0,0.06652951
0.0,0.22535342
1.0,0.5590195
0.0,0.4873501
0.0,0.2308704
0.0,0.22363913
0.0,0.20097342
1.0,0.5533941
1.0,0.7227168
0.0,0.3915252
0.0,0.22834614
0.0,0.23002473
1.0,0.72293234
0.0,0.3722242
0.0,0.517869
1.0,0.5714841
0.0,0.21328229
0.0,0.49971077
1.0,0.6186416
0.0,0.3315948
1.0,0.39257684
1.0,0.44303846
0.0,0.3118201
0.0,0.26535586
0.0,0.16122052
0.0,0.22375306
1.0,0.64640695
1.0,0.8574021
1.0,0.6626934
1.0,0.3721315
0.0,0.6668781
0.0,0.38914356
1.0,0.65420616
1.0,0.76816857
0.0,0.2708022
0.0,0.26199418
1.0,0.4753791
0.0,0.17216599
1.0,0.57127905
0.0,0.20683616
0.0,0.39276642
1.0,0.6508052
0.0,0.29240867
0.0,0.19429645
0.0,0.358816
0.0,0.29734838
0.0,0.40338585
1.0,0.4435108
0.0,0.32410926
1.0,0.73572785
0.0,0.32102734
1.0,0.61849594
0.0,0.3916611
1.0,0.5134847
1.0,0.7069473
1.0,0.82246715
0.0,0.61826545
0.0,0.22658813
1.0,0.47873154
0.0,0.33911806
0.0,0.27620095
1.0,0.59404355
1.0,0.40310198
0.0,0.3936115
1.0,0.591789
1.0,0.68631524
0.0,0.62655866
0.0,0.30683094
0.0,0.5125519
0.0,0.22301227
0.0,0.19054878
0.0,0.6606375
1.0,0.75316083
1.0,0.689094
1.0,0.6848522
0.0,0.06513801
0.0,0.20605096
0.0,0.31917107
0.0,0.28909343
0.0,0.4159056
0.0,0.17171645
1.0,0.73189723
1.0,0.6955192
1.0,0.5791456
0.0,0.39026555
0.0,0.25077426
1.0,0.705218
0.0,0.37503248
0.0,0.5695472
1.0,0.6505514
0.0,0.48014262
0.0,0.6297718
1.0,0.49732256
0.0,0.2907991
1.0,0.3697029
1.0,0.6042425
0.0,0.5518726
0.0,0.24587768
1.0,0.7928514
0.0,0.18102464
0.0,0.5024121
1.0,0.32330328
1.0,0.58699757
1.0,0.5375067
1.0,0.5428223
0.0,0.5916037
0.0,0.89522237
0.0,0.22327152
1.0,0.4702047
0.0,0.7820813
1.0,0.76439834
0.0,0.49333608
1.0,0.51256216
1.0,0.46997294
0.0,0.38048813
0.0,0.30929494
0.0,0.08296415
0.0,0.37121826
0.0,0.32848424
0.0,0.29372394
1.0,0.39265674
1.0,0.30092254
0.0,0.46304542
1.0,0.5537519
1.0,0.31697658
0.0,0.14853477
0.0,0.36265644
1.0,0.5340836
1.0,0.28216738
0.0,0.27992094
0.0,0.30476648
0.0,0.14134562
0.0,0.28939444
1.0,0.4576839
1.0,0.61877996
0.0,0.31652153
0.0,0.1442228
0.0,0.248092
0.0,0.25277662
0.0,0.25397924
0.0,0.24596503
0.0,0.63458383
0.0,0.44016722
0.0,0.2606017
0.0,0.23845544
0.0,0.34945053
1.0,0.7633538
1.0,0.54877317
0.0,0.19415778
0.0,0.25888133
0.0,0.05710712
0.0,0.20020792
0.0,0.46060982
0.0,0.4258865
0.0,0.2612533
0.0,0.52192116
1.0,0.6150758
1.0,0.70685637
1.0,0.65823245
1.0,0.56435597
1.0,0.7996458
0.0,0.45852566
0.0,0.36358815
0.0,0.35741544
0.0,0.2475572
1.0,0.5001056
0.0,0.21374965
1.0,0.50739765
0.0,0.25340405
0.0,0.57420886
0.0,0.6215893
0.0,0.24708268
0.0,0.29410017
0.0,0.4720658
0.0,0.3406035
0.0,0.22488111
1.0,0.5755627
1.0,0.4542942
0.0,0.26150358
0.0,0.37081137
0.0,0.23493108
0.0,0.2585547
1.0,0.74299306
0.0,0.20759583
1.0,0.24727717
0.0,0.2680112
1.0,0.26319122
0.0,0.25347206
0.0,0.37920964
1.0,0.6009521
0.0,0.17574918
1.0,0.75779986
0.0,0.3008175
0.0,0.4576502
0.0,0.38585722
0.0,0.45508274
0.0,0.16937599
1.0,0.7073272
1.0,0.75420964
0.0,0.52061254
0.0,0.26049897
0.0,0.25700206
0.0,0.14023298
1.0,0.48586708
0.0,0.5659785
1.0,0.43739086
1.0,0.55063546
0.0,0.54532397
0.0,0.2858364
0.0,0.4136401
0.0,0.33640537
0.0,0.32577968
0.0,0.21731871
0.0,0.24075541
0.0,0.12999538
0.0,0.39051244
1.0,0.59601545
0.0,0.75259566
0.0,0.20773923
1.0,0.5568765
0.0,0.27064693
0.0,0.31430346
0.0,0.18794647
0.0,0.28855222
1.0,0.33689117
1.0,0.66527176
1.0,0.7022208
0.0,0.21150053
0.0,0.22730884
0.0,0.26529676
0.0,0.52261186
0.0,0.38874045
0.0,0.5186108
1.0,0.7606318
1.0,0.69979775
1.0,0.61699265
0.0,0.2703222
1.0,0.81179726
1.0,0.47300896
0.0,0.37962532
1.0,0.554662
0.0,0.26592425
0.0,0.29242313
0.0,0.51300305
1.0,0.66347206
1.0,0.5830323
1.0,0.63987035
0.0,0.6378303
0.0,0.35266376
0.0,0.30933785
1.0,0.7325342
1.0,0.72925735
1.0,0.7374213
1.0,0.4006417
0.0,0.22045541
0.0,0.24938524
0.0,0.27663377
0.0,0.4562217
1.0,0.63081497
0.0,0.22903112
0.0,0.39696285
0.0,0.34407842
1.0,0.44456604
0.0,0.35559273
0.0,0.16680673
0.0,0.30720147
0.0,0.54771674
0.0,0.3342062
0.0,0.26911312
0.0,0.23626104
0.0,0.3268226
0.0,0.20906588
1.0,0.7223017
1.0,0.29114026
0.0,0.39115858
0.0,0.6308345
0.0,0.37769938
1.0,0.57347023
0.0,0.23099074
0.0,0.1900715
0.0,0.41676638
0.0,0.2007193
1.0,0.5337998
0.0,0.21340552
0.0,0.26681507
1.0,0.64295655
1.0,0.6471066
1.0,0.63806504
0.0,0.13166869
0.0,0.2548806
1.0,0.7122872
1.0,0.6547138
1.0,0.7710072
0.0,0.6204412
0.0,0.3486715
0.0,0.18559468
1.0,0.32945082
1.0,0.76850814
0.0,0.2154476
0.0,0.66948766
1.0,0.66470355
1.0,0.5883993
0.0,0.22621894
1.0,0.6381433
1.0,0.47313163
0.0,0.37250465
1.0,0.2903726
0.0,0.33989564
0.0,0.20582238
0.0,0.6679061
0.0,0.25599092
1.0,0.3649551
0.0,0.2982175
1.0,0.62517256
1.0,0.615332
1.0,0.5004603
0.0,0.18517315
0.0,0.4274265
1.0,0.43808895
0.0,0.17658159
1.0,0.4868724
1.0,0.5576438
0.0,0.6725525
0.0,0.28312868
1.0,0.29969907
1.0,0.7839196
0.0,0.2228095
1.0,0.5198956
1.0,0.53025484
1.0,0.51878786
1.0,0.7189704
1.0,0.4707598
1.0,0.618053
0.0,0.31686044
0.0,0.4782397
0.0,0.37209123
1.0,0.65549004
1.0,0.76727414
0.0,0.37724972
0.0,0.27661866
1.0,0.39550105
0.0,0.2455588
1.0,0.7459466
0.0,0.45986608
1.0,0.743721
1.0,0.6090579
0.0,0.42501003
1.0,0.37120122
0.0,0.29476306
1.0,0.7489673
1.0,0.7620753
1.0,0.34025282
0.0,0.2649349
0.0,0.34878147
1.0,0.69800586
0.0,0.37846458
1.0,0.5240304
0.0,0.2494123
0.0,0.68298596
0.0,0.27147484
0.0,0.41269392
0.0,0.21996611
0.0,0.43004948
0.0,0.4760051
1.0,0.57057714
1.0,0.4156391
0.0,0.18919432
1.0,0.773829
1.0,0.59099734
0.0,0.6268128
0.0,0.65114003
0.0,0.24251842
0.0,0.42463934
0.0,0.22564906
0.0,0.3020773
1.0,0.41051608
1.0,0.7454859
0.0,0.28417236
0.0,0.20680946
0.0,0.3601429
0.0,0.68863535
0.0,0.37021482
1.0,0.79071903
0.0,0.35950553
0.0,0.30044547
1.0,0.6368245
1.0,0.6312601
0.0,0.2917336
0.0,0.28894645
0.0,0.20380756
1.0,0.52750164
1.0,0.5108314
0.0,0.3135961
0.0,0.36497265
0.0,0.21793488
0.0,0.440244
0.0,0.21898839
1.0,0.6835906
1.0,0.56415015
1.0,0.4624592
0.0,0.08351508
1.0,0.43462735
0.0,0.43085843
1.0,0.77773297
1.0,0.47187734
0.0,0.20053038
0.0,0.1766732
0.0,0.1566245
0.0,0.31153584
0.0,0.63682175
1.0,0.7767893
0.0,0.56427836
0.0,0.5580466
0.0,0.2530956
0.0,0.10958585
0.0,0.390527
0.0,0.28213495
0.0,0.23982766
1.0,0.5918416
1.0,0.5775863
0.0,0.07899684
0.0,0.5095572
0.0,0.39862862
0.0,0.23247567
1.0,0.7404276
0.0,0.26947355
0.0,0.3096885
1.0,0.5129388
0.0,0.7696444
0.0,0.290624
0.0,0.19003925
0.0,0.2189554
1.0,0.68302333
1.0,0.6274709
0.0,0.24053064
1.0,0.32649076
1.0,0.63233346
1.0,0.71096236
0.0,0.29979837
0.0,0.16185361
1.0,0.559028
1.0,0.7795169
0.0,0.24837056
1.0,0.7286388
0.0,0.15845835
1.0,0.61565226
1.0,0.61909467
1.0,0.66674894
0.0,0.26569158
1.0,0.51180494
1.0,0.5167308
0.0,0.28124565
0.0,0.2842198
0.0,0.7397935
0.0,0.5129313
0.0,0.24952295
0.0,0.17779866
1.0,0.7932584
0.0,0.48611486
0.0,0.41686383
0.0,0.37511966
0.0,0.22114643
0.0,0.34228635
0.0,0.18006778
1.0,0.5045862
0.0,0.29845995
0.0,0.23264125
0.0,0.44338506
1.0,0.6486474
1.0,0.5766379
1.0,0.71551263
1.0,0.67267036
0.0,0.2266213
0.0,0.35850793
0.0,0.24190164
0.0,0.3102816
0.0,0.5262033
0.0,0.26145613
1.0,0.5911912
0.0,0.55398154
1.0,0.32301068
1.0,0.36018947
1.0,0.5733325
0.0,0.30020928
0.0,0.26315683
0.0,0.13040832
0.0,0.21133617
1.0,0.5518229
1.0,0.52815783
1.0,0.46741855
1.0,0.6349823
1.0,0.810416
0.0,0.24925995
0.0,0.41138935
0.0,0.41901416
0.0,0.29325685
1.0,0.694014
0.0,0.23309058
0.0,0.6717377
1.0,0.5358065
1.0,0.403411
0.0,0.2631579
0.0,0.2875033
0.0,0.5181507
0.0,0.3511465
1.0,0.23224348
0.0,0.71842074
0.0,0.36349317
1.0,0.77725387
0.0,0.3179021
1.0,0.6311073
1.0,0.7162863
0.0,0.20295125
0.0,0.5457967
0.0,0.28265893
0.0,0.26932216
1.0,0.76738834
0.0,0.27259415
0.0,0.2972609
0.0,0.5446325
0.0,0.23211625
1.0,0.73585963
1.0,0.38257578
1.0,0.5947033
1.0,0.6739847
0.0,0.45509472
0.0,0.29411143
1.0,0.5515491
0.0,0.25203282
1.0,0.37727514
0.0,0.41574043
1.0,0.43303296
1.0,0.75179666
0.0,0.5484906
0.0,0.29209495
0.0,0.5159596
0.0,0.24395546
0.0,0.26293898
0.0,0.2689622
1.0,0.61042917
0.0,0.21095815
0.0,0.30271733
0.0,0.43531168
0.0,0.24329248
0.0,0.24522144
0.0,0.18226925
0.0,0.36160356
0.0,0.21362373
0.0,0.25206888
0.0,0.29518205
0.0,0.22784874
0.0,0.2536402
1.0,0.28757513
0.0,0.63067645
1.0,0.6682688
0.0,0.2180585
0.0,0.19983333
1.0,0.49258932
0.0,0.22050032
1.0,0.7651112
0.0,0.3628214
1.0,0.6952476
0.0,0.46896535
0.0,0.29078478
1.0,0.63429993
1.0,0.41278875
0.0,0.24306571
0.0,0.29841095
0.0,0.0600501
0.0,0.16631112
0.0,0.19485718
0.0,0.55727893
1.0,0.5357779
1.0,0.62674206
0.0,0.30560687
0.0,0.26847923
1.0,0.48117316
1.0,0.6702008
1.0,0.5432522
0.0,0.17343014
1.0,0.30345735
0.0,0.48570338
1.0,0.33973816
0.0,0.1821368
1.0,0.5200534
0.0,0.21184132
0.0,0.36839044
0.0,0.35800642
0.0,0.6428896
1.0,0.59392697
0.0,0.30675992
0.0,0.36606973
1.0,0.6543094
0.0,0.15682733
0.0,0.5978957
0.0,0.49068877
1.0,0.76341087
0.0,0.3472524
0.0,0.28643274
0.0,0.78315717
1.0,0.60569036
0.0,0.14555463
0.0,0.5183388
0.0,0.1877586
1.0,0.4964875
0.0,0.1163626
1.0,0.69960207
0.0,0.4356041
1.0,0.56352156
1.0,0.8090529
0.0,0.66843796
1.0,0.70084906
1.0,0.6087722
0.0,0.23864695
0.0,0.6225305
0.0,0.47746703
1.0,0.7812934
0.0,0.38231164
1.0,0.5351147
1.0,0.4533143
0.0,0.21525508
1.0,0.568911
0.0,0.23309365
1.0,0.30395222
0.0,0.48098385
1.0,0.5798105
0.0,0.40423676
1.0,0.23830941
0.0,0.4039606
0.0,0.19388857
0.0,0.20460242
0.0,0.12656403
0.0,0.19646987
0.0,0.1983102
0.0,0.13870963
0.0,0.41260788
0.0,0.23545158
0.0,0.523753
0.0,0.25071964
0.0,0.31932005
1.0,0.701143
1.0,0.32225373
0.0,0.43776608
1.0,0.28629
0.0,0.25306836
0.0,0.49917072
0.0,0.7200754
0.0,0.28123352
0.0,0.29505265
0.0,0.40632838
1.0,0.5676247
0.0,0.15562505
0.0,0.25784418
1.0,0.26248747
0.0,0.22858864
1.0,0.5617016
0.0,0.40999484
0.0,0.24154076
1.0,0.4468903
0.0,0.23868117
1.0,0.5004866
0.0,0.2346184
0.0,0.15950418
0.0,0.17739588
1.0,0.6565963
0.0,0.2938609
1.0,0.6467339
1.0,0.58599097
0.0,0.6329428
0.0,0.16147304
1.0,0.30619237
0.0,0.19956791
0.0,0.38859475
0.0,0.51701033
0.0,0.18879578
0.0,0.5084919
0.0,0.72063345
1.0,0.4572512
0.0,0.23349428
1.0,0.6619929
0.0,0.19235197
0.0,0.18226123
0.0,0.23680663
1.0,0.5649066
1.0,0.71934605
0.0,0.31836814
0.0,0.46955514
0.0,0.17788419
0.0,0.41092074
0.0,0.28806952
0.0,0.28742915
0.0,0.13991791
1.0,0.4393447
1.0,0.686974
0.0,0.29512393
0.0,0.7643852
1.0,0.62468016
0.0,0.16630518
1.0,0.5951645
0.0,0.18800113
0.0,0.2098321
1.0,0.70747185
0.0,0.42906755
1.0,0.5689003
1.0,0.6016812
1.0,0.72507894
0.0,0.23522809
0.0,0.3897593
0.0,0.4494344
1.0,0.5717138
0.0,0.50860614
1.0,0.62928927
0.0,0.26867455
0.0,0.21244255
0.0,0.36787015
1.0,0.63480777
0.0,0.2614342
0.0,0.30973864
0.0,0.6054923
1.0,0.21823868
1.0,0.7766022
0.0,0.3295239
0.0,0.2685833
1.0,0.74547154
1.0,0.7403509
1.0,0.5908902
1.0,0.3987794
0.0,0.25632286
1.0,0.60897
0.0,0.26683697
0.0,0.3574697
0.0,0.20471078
1.0,0.65739036
0.0,0.36074126
0.0,0.33229434
0.0,0.22035402
1.0,0.42471546
0.0,0.31025866
1.0,0.6020293
1.0,0.62211925
0.0,0.30138046
1.0,0.77914083
0.0,0.30524707
1.0,0.4282921
0.0,0.35894608
0.0,0.2737854
0.0,0.24949226
0.0,0.22522095
1.0,0.58738565
0.0,0.29195252
0.0,0.33157936
0.0,0.44145897
1.0,0.809759
1.0,0.6338608
0.0,0.29180923
1.0,0.7221391
1.0,0.7100565
1.0,0.83151066
1.0,0.40756428
0.0,0.5243391
1.0,0.75053966
0.0,0.39645594
0.0,0.4882347
1.0,0.49103785
0.0,0.2700423
0.0,0.26460543
0.0,0.31664115
1.0,0.7174162
0.0,0.5366209
0.0,0.39399675
1.0,0.5885887
0.0,0.21622631
1.0,0.58567566
0.0,0.17801276
0.0,0.41913342
1.0,0.5581692
1.0,0.518121
0.0,0.20570749
1.0,0.63799584
1.0,0.6046551
0.0,0.63840497
0.0,0.5303107
1.0,0.68780726
0.0,0.34193125
1.0,0.7492404
0.0,0.30204716
0.0,0.31595778
1.0,0.22287789
1.0,0.5520024
0.0,0.46695215
1.0,0.5571971
0.0,0.37104732
0.0,0.3027801
1.0,0.55078197
0.0,0.20955527
0.0,0.40286404
0.0,0.22840446
1.0,0.55905634
0.0,0.25982457
0.0,0.2097657
1.0,0.5376603
1.0,0.5404055
0.0,0.2910806
0.0,0.42986
0.0,0.22535527
1.0,0.4058655
0.0,0.438567
0.0,0.1678296
0.0,0.26948148
0.0,0.23763338
0.0,0.21254757
1.0,0.26375484
0.0,0.40827218
0.0,0.2346218
0.0,0.3461198
1.0,0.56495297
1.0,0.72432387
1.0,0.58911085
0.0,0.440633
0.0,0.28538993
0.0,0.6969018
1.0,0.7636268
0.0,0.36384633
1.0,0.5510307
0.0,0.2951843
1.0,0.75841784
0.0,0.4197179
1.0,0.5863432
0.0,0.5915781
1.0,0.6077497
0.0,0.27027786
0.0,0.367936
1.0,0.44931537
1.0,0.65592057
1.0,0.61486125
0.0,0.31507048
1.0,0.6402981
1.0,0.55604434
1.0,0.32104075
0.0,0.17140338
1.0,0.33319318
0.0,0.23682156
0.0,0.6002597
1.0,0.47624618
0.0,0.45623547
0.0,0.3486369
0.0,0.30696875
0.0,0.31207776
0.0,0.5347154
1.0,0.65513724
1.0,0.6587522
0.0,0.45240268
0.0,0.46348494
0.0,0.25235665
1.0,0.79471993
0.0,0.48003775
0.0,0.95252943
0.0,0.21870059
0.0,0.20965552
0.0,0.40944642
0.0,0.62655365
1.0,0.73141104
1.0,0.8139206
1.0,0.21559426
0.0,0.5186626
0.0,0.21733436
0.0,0.15550107
0.0,0.23608506
0.0,0.30313897
1.0,0.6919812
0.0,0.18708694
0.0,0.5143083
1.0,0.6032765
0.0,0.3474602
1.0,0.3188203
1.0,0.62981474
0.0,0.49769616
0.0,0.24189612
0.0,0.3004576
1.0,0.4963042
0.0,0.4816389
0.0,0.21094263
1.0,0.6360045
1.0,0.5776939
0.0,0.19119304
0.0,0.34782517
0.0,0.44407177
0.0,0.18152267
0.0,0.58385205
1.0,0.34860662
1.0,0.6467484
0.0,0.18821365
0.0,0.18900383
0.0,0.52163726
0.0,0.9065866
1.0,0.49006456
0.0,0.34934425
1.0,0.7723904
0.0,0.27474296
1.0,0.6864186
0.0,0.21272898
1.0,0.6328771
1.0,0.61464316
0.0,0.24757484
0.0,0.47005296
0.0,0.20745564
0.0,0.38305074
1.0,0.95397
1.0,0.18912452
1.0,0.32493442
1.0,0.3149988
1.0,0.52344984
0.0,0.0831075
1.0,0.5163823
1.0,0.61948556
0.0,0.21898499
0.0,0.21976182
0.0,0.28931177
1.0,0.67478806
1.0,0.7490125
0.0,0.62600535
0.0,0.23118842
1.0,0.64016396
0.0,0.21881607
0.0,0.2561686
1.0,0.68663895
0.0,0.52429056
0.0,0.2821995
1.0,0.33897084
1.0,0.61959374
0.0,0.19281238
0.0,0.25552723
0.0,0.32616156
1.0,0.7181492
1.0,0.7125766
0.0,0.68736184
0.0,0.43996164
1.0,0.72029054
1.0,0.98612106
0.0,0.17571506
0.0,0.27221483
0.0,0.36873624
1.0,0.2894951
1.0,0.409899
0.0,0.28344584
0.0,0.2735629
1.0,0.673475
0.0,0.22006747
0.0,0.2579462
0.0,0.47150457
0.0,0.6111699
1.0,0.5096652
0.0,0.6215072
0.0,0.191154
0.0,0.5584135
0.0,0.37275362
0.0,0.3655793
1.0,0.68231046
1.0,0.52714664
0.0,0.4820381
1.0,0.70501095
0.0,0.40901032
1.0,0.72729576
1.0,0.14750743
1.0,0.7323708
0.0,0.23670879
0.0,0.5387586
0.0,0.25284725
1.0,0.684595
0.0,0.2236217
1.0,0.5871176
0.0,0.42170626
0.0,0.17682031
1.0,0.4267336
1.0,0.19713837
0.0,0.1928477
1.0,0.5691564
0.0,0.22899967
1.0,0.52867687
0.0,0.16978627
1.0,0.63164026
1.0,0.45168403
0.0,0.23292789
0.0,0.27780795
0.0,0.26299423
0.0,0.2378596
0.0,0.24477777
0.0,0.663893
0.0,0.30079028
0.0,0.29833192
0.0,0.70046276
0.0,0.19979447
1.0,0.74615306
0.0,0.43429655
0.0,0.27351874
1.0,0.7737081
0.0,0.24828261
1.0,0.79926157
0.0,0.2581427
1.0,0.7302426
0.0,0.2065947
0.0,0.18967745
1.0,0.7438518
0.0,0.2822532
0.0,0.21273899
0.0,0.24486017
1.0,0.7408069
1.0,0.3856082
0.0,0.19572067
1.0,0.65129733
1.0,0.8265448
1.0,0.73388743
0.0,0.44419095
1.0,0.32303506
1.0,0.654847
0.0,0.057859987
1.0,0.38603488
1.0,0.3169627
0.0,0.34058654
0.0,0.18622166
0.0,0.33344442
0.0,0.30691856
0.0,0.21867856
0.0,0.3022194
0.0,0.27444816
0.0,0.15636277
1.0,0.47377828
0.0,0.07909426
0.0,0.22418967
0.0,0.24941587
0.0,0.23649871
1.0,0.37903172
0.0,0.19263282
1.0,0.6182076
0.0,0.4548275
0.0,0.28242713
1.0,0.3781445
1.0,0.55881184
0.0,0.46595737
0.0,0.43545935
1.0,0.5468691
0.0,0.61628103
0.0,0.30832034
1.0,0.5664996
1.0,0.47853348
1.0,0.6475023
1.0,0.45943692
0.0,0.3441484
0.0,0.2161695
1.0,0.2940055
0.0,0.2258572
0.0,0.21311289
1.0,0.74525064
1.0,0.5340793
1.0,0.65652454
0.0,0.21305609
1.0,0.47654063
1.0,0.7107071
1.0,0.4828427
0.0,0.2078273
0.0,0.26782706
1.0,0.44131914
0.0,0.2668349
0.0,0.5370871
0.0,0.2673509
1.0,0.59608275
0.0,0.22460854
0.0,0.29044133
0.0,0.37804377
0.0,0.4906945
0.0,0.2901628
0.0,0.16251841
0.0,0.53722626
1.0,0.7292393
0.0,0.29995358
1.0,0.62211955
0.0,0.17996833
0.0,0.43763244
0.0,0.61078554
1.0,0.251109
0.0,0.54567724
0.0,0.18454656
0.0,0.22871596
0.0,0.40910798
0.0,0.34641987
1.0,0.61093265
0.0,0.45258713
1.0,0.64937514
0.0,0.25202334
0.0,0.37143934
0.0,0.2957797
0.0,0.27790058
0.0,0.33908138
0.0,0.36474293
0.0,0.480198
0.0,0.32910964
1.0,0.61126107
0.0,0.32706243
1.0,0.42297965
1.0,0.3884252
0.0,0.38643798
0.0,0.26619843
1.0,0.63728833
0.0,0.20598432
1.0,0.6198373
1.0,0.57791543
0.0,0.2518403
1.0,0.34795624
0.0,0.26876163
1.0,0.7063902
0.0,0.9772284
0.0,0.36257926
1.0,0.4804247
0.0,0.56724864
0.0,0.15871748
0.0,0.6803261
1.0,0.41207382
1.0,0.621749
0.0,0.17129317
0.0,0.3263373
1.0,0.36895972
0.0,0.4740239
1.0,0.46712506
0.0,0.3822019
1.0,0.47688645
0.0,0.41257727
0.0,0.24180159
0.0,0.6376816
0.0,0.27350062
0.0,0.41993842
1.0,0.20091528
0.0,0.4397353
1.0,0.7210288
0.0,0.12607038
1.0,0.47153714
0.0,0.22323641
0.0,0.18567759
0.0,0.23838907
0.0,0.23317781
0.0,0.36883575
0.0,0.21889225
0.0,0.50030875
0.0,0.344661
1.0,0.57639813
0.0,0.24061826
0.0,0.31548035
1.0,0.46634233
1.0,0.47793576
0.0,0.29636037
0.0,0.1471318
1.0,0.5089871
0.0,0.3062495
1.0,0.16394943
1.0,0.53903544
1.0,0.52270496
1.0,0.61887777
0.0,0.19294712
0.0,0.18945491
1.0,0.5700182
0.0,0.339423
1.0,0.58173794
1.0,0.56857586
1.0,0.75497854
0.0,0.44167626
0.0,0.1763086
0.0,0.23338005
0.0,0.5461172
1.0,0.55104375
1.0,0.5477529
0.0,0.476157
0.0,0.34051186
0.0,0.42415085
0.0,0.3761022
1.0,0.37305665
1.0,0.54705584
1.0,0.50824344
0.0,0.5777655
1.0,0.45454097
1.0,0.9735607
1.0,0.50448006
1.0,0.7697195
0.0,0.49161902
0.0,0.5672114
0.0,0.5218399
0.0,0.23800394
1.0,0.37124866
1.0,0.7335301
1.0,0.49328896
1.0,0.5291018
0.0,0.28218424
0.0,0.21434915
0.0,0.3834094
0.0,0.31728613
1.0,0.57490635
0.0,0.19565463
0.0,0.22837129
0.0,0.25725597
0.0,0.19885775
1.0,0.6322052
1.0,0.7459521
1.0,0.6664781
0.0,0.53334826
0.0,0.46545476
1.0,0.59556615
1.0,0.7327421
0.0,0.3196302
1.0,0.6111805
0.0,0.5265964
1.0,0.79876935
1.0,0.70193374
1.0,0.55935115
0.0,0.2517652
0.0,0.3662871
1.0,0.8057993
0.0,0.41278785
0.0,0.36198184
1.0,0.7274387
0.0,0.34276682
0.0,0.24756297
0.0,0.30930614
1.0,0.41514695
0.0,0.70092916
0.0,0.37137055
1.0,0.48884493
0.0,0.940725
0.0,0.20480222
0.0,0.30636138
0.0,0.30412486
1.0,0.7654464
0.0,0.61168015
0.0,0.27248067
0.0,0.18578112
1.0,0.6406975
0.0,0.22674495
0.0,0.10068786
1.0,0.44993883
0.0,0.3823197
0.0,0.17294821
1.0,0.73054814
1.0,0.39834374
0.0,0.2017712
1.0,0.33639154
1.0,0.2726066
0.0,0.44542918
0.0,0.43480957
1.0,0.39670444
1.0,0.6219006
0.0,0.22999716
1.0,0.4447783
1.0,0.50763005
1.0,0.42179734
0.0,0.34478927
1.0,0.29067892
0.0,0.3273683
1.0,0.5477188
0.0,0.17676169
1.0,0.812737
0.0,0.58849776
0.0,0.36048216
1.0,0.5805058
0.0,0.29901212
1.0,0.6735865
1.0,0.556422
1.0,0.7360116
1.0,0.62355316
0.0,0.23790988
1.0,0.24213576
0.0,0.51492405
0.0,0.24782416
0.0,0.1949692
0.0,0.35052478
1.0,0.7108855
0.0,0.27617815
0.0,0.5853762
0.0,0.56169164
0.0,0.5475327
1.0,0.5767095
0.0,0.46288714
0.0,0.177023
0.0,0.31600755
0.0,0.4524904
1.0,0.5079709
0.0,0.26303324
1.0,0.60792315
1.0,0.6861698
0.0,0.5104863
0.0,0.2601204
0.0,0.2540133
1.0,0.7602682
0.0,0.24328598
1.0,0.20843303
1.0,0.34207648
1.0,0.7737732
0.0,0.4835811
0.0,0.5152348
0.0,0.2167035
0.0,0.53946817
0.0,0.24430758
0.0,0.23991537
0.0,0.42263067
1.0,0.52064174
0.0,0.39269686
1.0,0.5657196
0.0,0.40903616
1.0,0.59456044
1.0,0.786129
1.0,0.46609783
1.0,0.7022059
0.0,0.5473979
0.0,0.68107694
0.0,0.29562062
1.0,0.4420751
1.0,0.6842109
0.0,0.22713172
1.0,0.30531144
1.0,0.48409048
1.0,0.7038516
1.0,0.498218
0.0,0.50942683
0.0,0.17770046
1.0,0.53842914
0.0,0.26106244
0.0,0.21792454
1.0,0.68864
0.0,0.17854407
0.0,0.5293173
0.0,0.33343387
0.0,0.27131915
0.0,0.2714513
1.0,0.7856828
0.0,0.22274733
0.0,0.29096222
1.0,0.33368406
0.0,0.28603137
1.0,0.6370272
0.0,0.31068164
0.0,0.2039473
0.0,0.2433464
0.0,0.23292226
1.0,0.54611325
0.0,0.3948729
0.0,0.47222346
1.0,0.72100824
1.0,0.46171618
0.0,0.26061785
0.0,0.19786835
0.0,0.2789644
1.0,0.4425226
0.0,0.3886679
1.0,0.6616558
1.0,0.57307565
1.0,0.3919635
1.0,0.5380093
1.0,0.530236
0.0,0.6246375
1.0,0.541971
1.0,0.83790696
0.0,0.26220536
0.0,0.20763615
0.0,0.24381882
1.0,0.58771807
0.0,0.3043144
0.0,0.2679156
0.0,0.3796494
1.0,0.6151197
0.0,0.010227323
1.0,0.8000902
0.0,0.34025294
0.0,0.5364845
0.0,0.27574697
0.0,0.2651366
0.0,0.27652872
1.0,0.21978676
1.0,0.7118539
0.0,0.4277127
0.0,0.38702554
1.0,0.5561231
0.0,0.15137687
1.0,0.7467172
0.0,0.24291453
0.0,0.24871835
0.0,0.25952032
1.0,0.82697636
1.0,0.55298454
0.0,0.30340374
0.0,0.28519124
1.0,0.6180268
0.0,0.27548766
0.0,0.2066777
1.0,0.5349591
1.0,0.8154851
1.0,0.7026721
0.0,0.2835446
1.0,0.6165181
1.0,0.5474853
0.0,0.35377073
0.0,0.3079126
0.0,0.24548227
0.0,0.33224803
0.0,0.16049322
0.0,0.3418127
1.0,0.55829084
1.0,0.47022066
0.0,0.12393269
0.0,0.11195561
0.0,0.41156912
0.0,0.35439795
1.0,0.49122062
0.0,0.7375835
0.0,0.56213105
0.0,0.39564693
0.0,0.5855645
1.0,0.37035865
0.0,0.1760929
0.0,0.47184587
1.0,0.7453904
0.0,0.30962706
0.0,0.5949912
0.0,0.22092816
0.0,0.20393777
1.0,0.3667404
1.0,0.60033
0.0,0.31760532
0.0,0.6878962
0.0,0.16467267
0.0,0.6423775
0.0,0.66438884
0.0,0.39560533
0.0,0.14426708
0.0,0.38133007
1.0,0.27437535
0.0,0.27504283
1.0,0.26195365
0.0,0.46254662
0.0,0.13467088
0.0,0.28024206
0.0,0.26137948
0.0,0.26150656
0.0,0.40383312
1.0,0.71171784
0.0,0.21581772
0.0,0.3532915
0.0,0.39291322
1.0,0.6194605
1.0,0.50534284
0.0,0.22394344
0.0,0.4032291
0.0,0.20915031
1.0,0.72147846
1.0,0.6082547
1.0,0.7507833
0.0,0.290143
1.0,0.72162527
0.0,0.34977654
0.0,0.21702003
0.0,0.31521094
1.0,0.24914443
0.0,0.17304826
0.0,0.23635224
1.0,0.75188434
1.0,0.31127596
0.0,0.247616
1.0,0.78491193
0.0,0.2454314
1.0,0.49342668
0.0,0.414005
1.0,0.55498224
0.0,0.7048345
0.0,0.35624737
1.0,0.5532475
0.0,0.23962867
0.0,0.36697504
0.0,0.2779377
0.0,0.20854446
0.0,0.38318577
0.0,0.22504947
1.0,0.6376953
1.0,0.6254065
0.0,0.5684706
0.0,0.27591115
0.0,0.20144057
0.0,0.35811377
1.0,0.8049376
0.0,0.23919308
0.0,0.39182314
0.0,0.2906093
0.0,0.3137616
0.0,0.20051262
1.0,0.69738495
1.0,0.56285495
0.0,0.20049617
0.0,0.19628146
0.0,0.31042328
0.0,0.25807774
1.0,0.54191697
0.0,0.5360486
0.0,0.3287725
0.0,0.22129372
1.0,0.39587146
0.0,0.2193217
0.0,0.29461247
1.0,0.68115765
0.0,0.28427845
0.0,0.25478014
1.0,0.37759057
1.0,0.5958464
1.0,0.5546165
0.0,0.21336138
0.0,0.19811156
0.0,0.2991961
0.0,0.20729914
1.0,0.6392597
0.0,0.37251082
1.0,0.55422825
0.0,0.10755253
0.0,0.24850303
0.0,0.37090623
1.0,0.82705176
0.0,0.56081206
0.0,0.4692223
0.0,0.46091196
1.0,0.6057261
0.0,0.17196727
0.0,0.33928984
0.0,0.1445517
1.0,0.3790406
0.0,0.22429526
0.0,0.17576417
1.0,0.33177882
1.0,0.6938272
0.0,0.14770767
1.0,0.72302043
1.0,0.6501734
1.0,0.65473014
1.0,0.66664493
0.0,0.22594443
1.0,0.6096093
0.0,0.85603565
1.0,0.25800687
0.0,0.29501164
1.0,0.6252902
0.0,0.41755825
1.0,0.26498348
1.0,0.783101
1.0,0.5955633
0.0,0.213433
0.0,0.49066633
0.0,0.394706
0.0,0.23050278
0.0,0.23125142
0.0,0.30496728
1.0,0.64072025
1.0,0.7551519
1.0,0.5596385
0.0,0.20149097
0.0,0.19722304
0.0,0.3675062
0.0,0.43194908
1.0,0.26978454
0.0,0.33308762
0.0,0.31450498
0.0,0.38788363
0.0,0.4277586
1.0,0.5415077
0.0,0.5829545
0.0,0.72687805
0.0,0.43176323
1.0,0.48964173
0.0,0.3356738
0.0,0.29535043
1.0,0.4542464
0.0,0.35963863
1.0,0.51071376
0.0,0.2813589
0.0,0.42231825
0.0,0.19898057
0.0,0.32149446
0.0,0.20230162
1.0,0.59016114
0.0,0.32764256
0.0,0.2827044
1.0,0.7006932
1.0,0.72394156
0.0,0.028990358
1.0,0.22104856
0.0,0.35413858
0.0,0.2486937
1.0,0.78687686
0.0,0.18200576
0.0,0.46704066
0.0,0.2556234
0.0,0.24817285
1.0,0.64369154
1.0,0.6515997
1.0,0.48978952
1.0,0.7034879
0.0,0.2633373
0.0,0.30211204
0.0,0.39828837
1.0,0.62076145
0.0,0.26817718
0.0,0.314031
1.0,0.523048
1.0,0.4996235
1.0,0.588286
0.0,0.23518112
0.0,0.47679037
0.0,0.43317643
1.0,0.80823064
1.0,0.60883516
1.0,0.538045
0.0,0.33320072
0.0,0.18901217
0.0,0.110948235
1.0,0.6240744
1.0,0.42141563
0.0,0.28965688
1.0,0.6432305
1.0,0.4002409
1.0,0.51178896
1.0,0.47460237
0.0,0.35132128
0.0,0.26039493
1.0,0.32516164
1.0,0.49333978
0.0,0.28362912
0.0,0.3417452
0.0,0.18386656
0.0,0.21876255
0.0,0.3212119
0.0,0.5172456
0.0,0.22347653
0.0,0.38786033
1.0,0.46966475
1.0,0.59823424
0.0,0.44827938
1.0,0.6578574
0.0,0.16524905
1.0,0.6362334
0.0,0.32241756
1.0,0.6596194
0.0,0.17844555
0.0,0.19056252
0.0,0.17298806
0.0,0.42906773
1.0,0.2570644
1.0,0.57920796
0.0,0.24240816
0.0,0.39453515
1.0,0.43429172
0.0,0.2821844
1.0,0.54145914
1.0,0.5654947
0.0,0.22709411
0.0,0.22381192
0.0,0.2610028
0.0,0.721606
0.0,0.61810505
0.0,0.22340831
0.0,0.5172287
0.0,0.2436612
1.0,0.5398221
1.0,0.7697413
1.0,0.52986765
1.0,0.5013423
0.0,0.24639577
0.0,0.21004781
1.0,0.5387496
0.0,0.5759294
0.0,0.34812084
0.0,0.42905203
1.0,0.4764406
1.0,0.37468067
0.0,0.23326907
1.0,0.5932144
1.0,0.7192859
0.0,0.07431549
0.0,0.2650172
1.0,0.7079445
0.0,0.21025053
0.0,0.10134697
0.0,0.1634089
0.0,0.27614668
1.0,0.33871406
0.0,0.3098041
0.0,0.2404044
0.0,0.4792547
1.0,0.47880888
0.0,0.14264998
0.0,0.2333546
1.0,0.6382063
0.0,0.119095564
0.0,0.034948736
0.0,0.6726255
1.0,0.7312159
1.0,0.46915114
1.0,0.30764532
0.0,0.47151792
0.0,0.4513237
1.0,0.48049366
0.0,0.13111624
0.0,0.2643426
0.0,0.50353026
0.0,0.27881676
1.0,0.462392
0.0,0.396603
0.0,0.55583465
1.0,0.8164082
0.0,0.32061708
0.0,0.28082886
0.0,0.4025728
0.0,0.5061703
1.0,0.61976945
1.0,0.72385484
0.0,0.57016265
1.0,0.65791607
0.0,0.24135646
0.0,0.19215545
0.0,0.21129215
1.0,0.51930267
0.0,0.21724904
0.0,0.2720347
1.0,0.746253
1.0,0.5531873
1.0,0.582572
0.0,0.47163272
1.0,0.5789837
1.0,0.7054951
0.0,0.19741261
0.0,0.45857495
0.0,0.47352347
1.0,0.47901228
0.0,0.3174001
0.0,0.3139003
0.0,0.22693846
0.0,0.1963225
0.0,0.21112013
0.0,0.33619305
0.0,0.40408665
0.0,0.5891043
0.0,0.38875973
1.0,0.48680615
1.0,0.36472934
1.0,0.50349367
0.0,0.22200778
1.0,0.6905253
0.0,0.3113317
0.0,0.32025468
1.0,0.6231776
0.0,0.261283
0.0,0.22271451
0.0,0.34997463
0.0,0.28546488
0.0,0.38817585
0.0,0.48201698
0.0,0.25739896
1.0,0.44185734
0.0,0.08261356
0.0,0.19137186
0.0,0.20610267
1.0,0.72904074
1.0,0.6268179
0.0,0.41325685
1.0,0.4644016
0.0,0.33166158
1.0,0.17535213
0.0,0.28612915
0.0,0.1955871
1.0,0.36609966
0.0,0.21418574
0.0,0.23320374
1.0,0.6469944
0.0,0.31399816
1.0,0.30917972
0.0,0.42384213
0.0,0.19473353
1.0,0.5420088
0.0,0.18972334
0.0,0.3459895
0.0,0.57795846
0.0,0.16347906
0.0,0.21049115
1.0,0.64010406
0.0,0.2040065
0.0,0.25953597
0.0,0.95832163
1.0,0.47976634
0.0,0.622925
0.0,0.2969501
1.0,0.39525428
0.0,0.23399702
0.0,0.2229344
0.0,0.33661318
0.0,0.3910422
1.0,0.5417978
0.0,0.25740415
0.0,0.091406345
0.0,0.17073515
0.0,0.21032381
0.0,0.47325295
1.0,0.5242253
1.0,0.6549421
0.0,0.26762962
1.0,0.595947
0.0,0.2853343
0.0,0.30873317
0.0,0.21833473
0.0,0.40755376
1.0,0.5448333
0.0,0.26541957
0.0,0.24387771
0.0,0.52249557
0.0,0.38062707
0.0,0.41427413
0.0,0.14885467
0.0,0.17543933
0.0,0.18638557
0.0,0.17234793
0.0,0.5874853
1.0,0.41813913
0.0,0.14467147
0.0,0.30738762
0.0,0.3051828
1.0,0.7254956
0.0,0.20091999
1.0,0.61668086
0.0,0.25023812
0.0,0.29583967
0.0,0.5651126
1.0,0.7714503
1.0,0.78285277
1.0,0.58531475
1.0,0.41623735
0.0,0.11971912
0.0,0.2740476
1.0,0.7286887
1.0,0.7091664
0.0,0.3275966
0.0,0.37984008
0.0,0.7334099
1.0,0.6705486
0.0,0.31548417
0.0,0.20897338
0.0,0.2740067
0.0,0.27724975
1.0,0.45703593
1.0,0.63072956
0.0,0.11788544
1.0,0.4768613
0.0,0.21585578
0.0,0.27832597
0.0,0.21628407
0.0,0.32915655
0.0,0.22366914
1.0,0.62095857
0.0,0.20898417
0.0,0.46163973
0.0,0.65702784
0.0,0.1864444
0.0,0.5953972
1.0,0.65678555
0.0,0.22360396
0.0,0.2278901
1.0,0.4623769
0.0,0.40383607
0.0,0.18000555
1.0,0.63638425
1.0,0.527563
0.0,0.2908044
1.0,0.54173446
0.0,0.52948534
1.0,0.6816121
1.0,0.8431194
0.0,0.20930377
1.0,0.6661883
0.0,0.33852798
0.0,0.25399166
0.0,0.32914686
0.0,0.58602905
0.0,0.22631162
0.0,0.25853708
0.0,0.49328205
1.0,0.7363598
0.0,0.029151201
0.0,0.34126717
0.0,0.4521583
0.0,0.11764783
1.0,0.6438298
0.0,0.21407181
0.0,0.66980696
0.0,0.25279987
0.0,0.29496545
0.0,0.21887773
0.0,0.7165704
1.0,0.51915765
0.0,0.26832086
1.0,0.5501035
0.0,0.2141329
1.0,0.39593452
0.0,0.24432582
0.0,0.30208606
0.0,0.29284275
0.0,0.5275896
0.0,0.52580833
0.0,0.412008
0.0,0.42135197
0.0,0.20624223
0.0,0.68635947
0.0,0.6575998
1.0,0.6452493
0.0,0.4935206
0.0,0.29323727
1.0,0.85215557
0.0,0.25707066
0.0,0.20270118
0.0,0.24810272
1.0,0.59669197
1.0,0.45475245
1.0,0.5458288
1.0,0.72278404
0.0,0.3187111
1.0,0.5463673
0.0,0.4910509
1.0,0.3850137
0.0,0.34313586
0.0,0.5914384
0.0,0.2957562
0.0,0.14886087
0.0,0.30594885
1.0,0.6843745
1.0,0.37219962
0.0,0.74215025
1.0,0.5057966
0.0,0.24284172
1.0,0.6854022
0.0,0.2695539
0.0,0.28751916
0.0,0.7117995
0.0,0.41037485
0.0,0.32340056
0.0,0.20079502
1.0,0.7984015
0.0,0.18249127
1.0,0.65279955
1.0,0.75403327
1.0,0.58030486
0.0,0.18055809
0.0,0.73547494
0.0,0.24108663
0.0,0.30531812
0.0,0.47561535
1.0,0.45517963
0.0,0.9237144
0.0,0.27169085
0.0,0.38529286
0.0,0.25302964
0.0,0.21309221
0.0,0.38968584
0.0,0.6588931
0.0,0.23104471
0.0,0.37534288
1.0,0.6821555
0.0,0.41435248
0.0,0.28868282
0.0,0.20858783
0.0,0.24624994
1.0,0.5709584
0.0,0.4132684
1.0,0.7098233
0.0,0.54944044
1.0,0.8123282
1.0,0.55628246
0.0,0.1595509
0.0,0.5525287
0.0,0.27594018
0.0,0.33221474
0.0,0.18163157
0.0,0.5041777
1.0,0.7286225
0.0,0.22471377
1.0,0.51966375
0.0,0.44142365
0.0,0.13960242
0.0,0.32763946
1.0,0.61728674
0.0,0.22244686
1.0,0.7862563
0.0,0.28800952
0.0,0.28480196
0.0,0.4732792
0.0,0.36268622
0.0,0.39890295
0.0,0.27857554
1.0,0.52036697
1.0,0.6784525
0.0,0.36472225
0.0,0.15101424
0.0,0.28380877
1.0,0.6080754
0.0,0.34750295
1.0,0.37177014
0.0,0.35319144
1.0,0.5821264
1.0,0.609859
0.0,0.25026602
0.0,0.21806458
0.0,0.24451181
1.0,0.61688626
0.0,0.42443338
0.0,0.52089906
1.0,0.6868561
1.0,0.5320451
0.0,0.39823872
0.0,0.28272092
1.0,0.6448062
0.0,0.236664
0.0,0.22810319
0.0,0.22752845
1.0,0.42068273
0.0,0.38744298
0.0,0.3485698
1.0,0.6360327
1.0,0.58381456
0.0,0.38867646
0.0,0.24405825
0.0,0.28656095
1.0,0.6310855
1.0,0.61382157
1.0,0.4971373
0.0,0.3666088
0.0,0.17028514
0.0,0.29627606
0.0,0.15273315
1.0,0.60625505
0.0,0.24749735
0.0,0.49176544
0.0,0.3443958
0.0,0.5103102
0.0,0.30638593
0.0,0.18301222
0.0,0.3469098
0.0,0.34173083
0.0,0.2406019
1.0,0.57964057
1.0,0.58876956
0.0,0.38179886
0.0,0.48696128
1.0,0.23528048
0.0,0.10380447
1.0,0.7205475
0.0,0.25278264
0.0,0.23806763
1.0,0.7324567
1.0,0.75819254
0.0,0.57599896
0.0,0.40141845
1.0,0.4023533
0.0,0.38534474
0.0,0.50232154
0.0,0.76726913
0.0,0.21973583
1.0,0.48164773
1.0,0.50276905
0.0,0.3356706
0.0,0.20543495
0.0,0.44371444
1.0,0.6241979
0.0,0.27558526
1.0,0.3812567
0.0,0.2659235
1.0,0.49217242
1.0,0.5051298
0.0,0.40291607
1.0,0.50690275
0.0,0.55169034
0.0,0.18070653
1.0,0.8015413
1.0,0.32316154
0.0,0.2673645
0.0,0.28391713
0.0,0.71170783
0.0,0.46805194
1.0,0.6110728
0.0,0.2678383
0.0,0.31276214
0.0,0.24382463
1.0,0.6471373
0.0,0.26649213
0.0,0.5899332
1.0,0.6369053
0.0,0.17239672
0.0,0.49777433
0.0,0.31199288
1.0,0.21760786
0.0,0.41765797
1.0,0.7126736
0.0,0.27849013
1.0,0.40891147
1.0,0.48721358
1.0,0.5879083
1.0,0.099996656
0.0,0.103634
1.0,0.49648407
0.0,0.21718773
1.0,0.7749738
1.0,0.56439674
0.0,0.46394098
1.0,0.33815956
0.0,0.18259305
1.0,0.45713234
1.0,0.49522376
0.0,0.20717564
0.0,0.71944267
1.0,0.80358696
1.0,0.35254103
0.0,0.3045333
0.0,0.5702736
0.0,0.115775526
0.0,0.2541275
0.0,0.1656526
1.0,0.57448685
1.0,0.67983747
1.0,0.3977029
1.0,0.5342515
1.0,0.74582547
1.0,0.70234865
0.0,0.42969212
1.0,0.59342325
0.0,0.22692832
0.0,0.26497024
0.0,0.33633143
1.0,0.32318282
1.0,0.5261732
0.0,0.3307996
0.0,0.24533147
0.0,0.62284595
1.0,0.46102393
1.0,0.42103687
1.0,0.6488897
0.0,0.19818377
0.0,0.6759753
0.0,0.2495803
0.0,0.30232412
0.0,0.24271896
0.0,0.25910074
1.0,0.6752571
1.0,0.66926557
0.0,0.3023318
0.0,0.31424138
0.0,0.540521
0.0,0.3667456
0.0,0.49914625
0.0,0.37222728
0.0,0.46846166
1.0,0.6811886
0.0,0.32326448
1.0,0.5827978
0.0,0.17514119
0.0,0.6101675
0.0,0.1814287
0.0,0.5609442
1.0,0.5646568
1.0,0.5150938
1.0,0.47952515
1.0,0.59653133
0.0,0.17537472
0.0,0.56617016
1.0,0.30985364
1.0,0.4626692
0.0,0.3211461
0.0,0.15669084
0.0,0.3362612
1.0,0.49704254
0.0,0.26181784
1.0,0.16571388
0.0,0.27911127
0.0,0.36776242
0.0,0.29509807
0.0,0.30328545
0.0,0.23318517
0.0,0.26006514
0.0,0.42165846
1.0,0.6804704
0.0,0.212244
0.0,0.3007977
0.0,0.26872113
1.0,0.47342166
0.0,0.1626477
1.0,0.7206454
0.0,0.21823013
0.0,0.23400488
0.0,0.17565796
0.0,0.41067505
0.0,0.24477482
0.0,0.19517756
1.0,0.72889745
0.0,0.27298692
1.0,0.462221
1.0,0.7910447
0.0,0.22436899
0.0,0.37289876
1.0,0.54746246
1.0,0.8181584
0.0,0.40686214
0.0,0.37965432
0.0,0.2703008
0.0,0.37524664
0.0,0.21077138
1.0,0.6305326
0.0,0.25077337
1.0,0.6321417
1.0,0.30871105
0.0,0.6899167
0.0,0.33589107
0.0,0.22896913
0.0,0.22924939
0.0,0.5182961
0.0,0.16645333
0.0,0.2066639
0.0,0.63453436
1.0,0.58204365
1.0,0.59809524
0.0,0.4089862
0.0,0.27090448
0.0,0.48241276
1.0,0.59090674
0.0,0.19613284
0.0,0.2800675
1.0,0.51416016
1.0,0.6437982
0.0,0.47554827
0.0,0.41232592
0.0,0.23685396
1.0,0.62203324
0.0,0.2675805
1.0,0.63484067
1.0,0.44855627
0.0,0.26170456
0.0,0.0094053745
0.0,0.26661605
1.0,0.5082135
0.0,0.41674238
1.0,0.3623805
0.0,0.21708849
1.0,0.5755301
0.0,0.33471334
0.0,0.349145
0.0,0.21761242
1.0,0.79754525
0.0,0.48684412
1.0,0.7935915
1.0,0.40770388
0.0,0.23806047
1.0,0.37825269
0.0,0.389405
1.0,0.47554502
0.0,0.22393188
1.0,0.60454476
0.0,0.1796309
1.0,0.5472833
1.0,0.7324342
1.0,0.80654526
0.0,0.2132619
1.0,0.6629209
1.0,0.4233466
0.0,0.22775272
1.0,0.59294426
1.0,0.40327865
1.0,0.5125837
0.0,0.31558967
0.0,0.24191752
0.0,0.653359
0.0,0.38933516
