0.0,0.5252167
0.0,0.47296533
1.0,0.36664838
0.0,0.22618446
1.0,0.51324
0.0,0.1836304
1.0,0.72484267
1.0,0.7389169
1.0,0.51842
0.0,0.24289355
0.0,0.5072356
1.0,0.689312
0.0,0.18621379
0.0,0.3470816
0.0,0.20771566
0.0,0.1831646
1.0,0.5738783
0.0,0.14247063
0.0,0.20182636
1.0,0.1554671
1.0,0.4417294
0.0,0.18117496
1.0,0.54144555
0.0,0.21456313
0.0,0.2577096
1.0,0.7236648
0.0,0.3019253
1.0,0.63706905
0.0,0.19797793
1.0,0.6366554
0.0,0.17453903
0.0,0.4412986
1.0,0.7114681
1.0,0.7481779
1.0,0.6292899
1.0,0.70319414
1.0,0.48293626
0.0,0.20048231
1.0,0.6510719
1.0,0.36529934
1.0,0.68712676
1.0,0.65196306
0.0,0.17316473
1.0,0.73557436
1.0,0.7187572
0.0,0.25368947
0.0,0.13901326
0.0,0.18595701
0.0,0.1945202
1.0,0.7773076
0.0,0.5532816
1.0,0.6314696
1.0,0.71574247
1.0,0.57686955
0.0,0.22388685
0.0,0.16109368
0.0,0.5186834
1.0,0.1925593
1.0,0.73762226
1.0,0.53160244
1.0,0.76362556
0.0,0.4454125
1.0,0.7315827
1.0,0.596366
1.0,0.63225996
0.0,0.497236
0.0,0.35425058
1.0,0.69441026
0.0,0.18924963
1.0,0.6223795
0.0,0.5913296
1.0,0.7051636
0.0,0.123642474
0.0,0.27862936
1.0,0.4049616
0.0,0.28667063
0.0,0.20222014
0.0,0.3842384
0.0,0.13112822
1.0,0.6240423
0.0,0.17356893
1.0,0.75425726
1.0,0.7616643
1.0,0.81505275
1.0,0.77714264
1.0,0.5749503
1.0,0.65211844
0.0,0.45391124
0.0,0.21359813
1.0,0.8985362
0.0,0.16327915
1.0,0.28791416
0.0,0.21368363
0.0,0.6293059
0.0,0.2643597
1.0,0.75442064
0.0,0.14928892
0.0,0.1730822
1.0,0.47360557
1.0,0.76077354
0.0,0.15179646
0.0,0.195021
1.0,0.1544396
0.0,0.1920003
0.0,0.3153521
1.0,0.739854
1.0,0.16463235
0.0,0.19366142
1.0,0.058855265
1.0,0.753302
1.0,0.7308981
0.0,0.16480014
1.0,0.22318378
0.0,0.2599039
0.0,0.18570623
1.0,0.128097
0.0,0.18685615
1.0,0.7051689
1.0,0.37706363
1.0,0.70077175
0.0,0.4777368
1.0,0.7402271
0.0,0.60282713
0.0,0.22182709
0.0,0.5326781
1.0,0.11412689
0.0,0.15264949
0.0,0.22132823
1.0,0.7442432
1.0,0.5862524
1.0,0.730876
0.0,0.23656178
0.0,0.1616242
1.0,0.47540897
1.0,0.8039298
0.0,0.60594714
0.0,0.15015039
0.0,0.29921937
0.0,0.21727717
0.0,0.18301818
1.0,0.64348805
0.0,0.16666144
1.0,0.5000232
0.0,0.16543114
0.0,0.19421932
0.0,0.10537067
1.0,0.5333441
0.0,0.23651567
0.0,0.08740041
0.0,0.24965715
0.0,0.37728393
0.0,0.18677166
0.0,0.15195367
0.0,0.73916364
0.0,0.13002461
1.0,0.6676924
0.0,0.114976734
0.0,0.1736364
1.0,0.77662057
0.0,0.35713166
0.0,0.63148946
0.0,0.5131027
0.0,0.19270253
0.0,0.28657174
1.0,0.81216025
0.0,0.32708305
1.0,0.6476955
0.0,0.16658404
0.0,0.18674412
1.0,0.65269065
0.0,0.647082
0.0,0.7156037
0.0,0.39263922
0.0,0.102024406
1.0,0.64608914
1.0,0.69127107
0.0,0.324655
1.0,0.6869102
0.0,0.5239247
1.0,0.7351604
1.0,0.5320345
1.0,0.5861671
1.0,0.686165
1.0,0.7109928
0.0,0.5986635
0.0,0.15402707
0.0,0.17162293
0.0,0.69712096
0.0,0.23898411
0.0,0.2642654
1.0,0.34146744
0.0,0.15052274
0.0,0.58888954
1.0,0.6633483
1.0,0.619162
1.0,0.7221401
0.0,0.14593586
0.0,0.36994192
0.0,0.17398214
1.0,0.22777411
0.0,0.3082266
0.0,0.60216963
0.0,0.3416543
0.0,0.4545362
0.0,0.32905033
1.0,0.28601366
0.0,0.18496254
1.0,0.3041951
0.0,0.11490291
0.0,0.23757833
0.0,0.18294367
1.0,0.7735018
0.0,0.21925992
0.0,0.19719744
0.0,0.19575757
0.0,0.1297769
0.0,0.7304019
0.0,0.44680798
1.0,0.73336357
0.0,0.1452915
0.0,0.25939628
1.0,0.6846842
1.0,0.77186465
0.0,0.01869741
0.0,0.14971972
0.0,0.2413235
0.0,0.33955777
0.0,0.1406087
0.0,0.29477328
1.0,0.75939894
0.0,0.29637513
1.0,0.55037665
0.0,0.17675924
1.0,0.5758229
1.0,0.432786
0.0,0.17699227
0.0,0.18550456
0.0,0.27781332
1.0,0.71233594
1.0,0.61917716
1.0,0.7231002
1.0,0.46613628
0.0,0.14790815
0.0,0.52913415
1.0,0.7813564
0.0,0.62807316
0.0,0.15137005
0.0,0.19279715
0.0,0.3489688
0.0,0.32386622
0.0,0.15148747
0.0,0.319121
1.0,0.49825203
0.0,0.16405275
0.0,0.32089633
0.0,0.24757725
1.0,0.7000136
1.0,0.7221067
0.0,0.2328847
0.0,0.21779093
0.0,0.19322911
1.0,0.7457788
0.0,0.34005606
0.0,0.16795102
0.0,0.17379937
0.0,0.1499972
1.0,0.7474448
1.0,0.52826184
1.0,0.76370716
0.0,0.17587209
1.0,0.6444544
0.0,0.3170502
0.0,0.14804703
0.0,0.96841884
1.0,0.6762698
1.0,0.6340392
0.0,0.13382164
0.0,0.17145994
1.0,0.6456077
1.0,0.48168588
0.0,0.2080181
1.0,0.4359378
1.0,0.62369114
0.0,0.52881974
0.0,0.3650821
0.0,0.2910635
0.0,0.2672619
0.0,0.47488877
0.0,0.178918
1.0,0.78351915
0.0,0.20505774
0.0,0.18258479
1.0,0.7214184
0.0,0.22333524
1.0,0.6490744
1.0,0.32610458
1.0,0.73514843
1.0,0.6765269
1.0,0.6357933
0.0,0.21046197
1.0,0.6570307
0.0,0.54836524
1.0,0.8186586
0.0,0.6219079
0.0,0.47814617
0.0,0.20275787
0.0,0.45535433
0.0,0.5578429
1.0,0.71160954
0.0,0.574538
1.0,0.61484766
0.0,0.6591316
1.0,0.653464
1.0,0.789516
0.0,0.15658018
0.0,0.13854748
0.0,0.13101843
1.0,0.62865686
1.0,0.45183316
0.0,0.14254564
0.0,0.125979
0.0,0.1719963
0.0,0.22234377
1.0,0.7377753
1.0,0.5613463
0.0,0.16477168
0.0,0.3588766
1.0,0.5683645
1.0,0.7297299
1.0,0.58439344
0.0,0.30521512
0.0,0.49902925
0.0,0.1485379
0.0,0.6309799
1.0,0.6673029
1.0,0.63550615
0.0,0.22256565
0.0,0.12492448
0.0,0.17913887
0.0,0.42852
0.0,0.16398975
0.0,0.53851694
1.0,0.31062818
0.0,0.31190285
0.0,0.23612067
0.0,0.16944417
0.0,0.7104146
0.0,0.7133393
0.0,0.20191771
0.0,0.12892836
1.0,0.24928087
0.0,0.1609002
1.0,0.69787425
0.0,0.18782112
0.0,0.3040905
0.0,0.29452866
0.0,0.12138456
0.0,0.5865399
1.0,0.3340081
1.0,0.65022063
0.0,0.53674287
1.0,0.6682918
0.0,0.16329902
0.0,0.42105722
0.0,0.31589305
0.0,0.6737566
0.0,0.16760072
0.0,0.08089748
1.0,0.6389043
0.0,0.14646852
1.0,0.7438848
0.0,0.34287375
1.0,0.5141153
0.0,0.3553886
1.0,0.123977065
1.0,0.07871723
1.0,0.7027946
0.0,0.16981998
0.0,0.18393075
1.0,0.71640205
0.0,0.1687803
0.0,0.2685336
1.0,0.30771893
1.0,0.67450505
0.0,0.3067982
1.0,0.6571331
1.0,0.745197
0.0,0.0022117496
0.0,0.19724435
0.0,0.44309804
0.0,0.20469084
0.0,0.17505547
0.0,0.2720295
1.0,0.76219684
0.0,0.5447499
1.0,0.5193229
1.0,0.56447923
0.0,0.15979072
0.0,0.3779074
0.0,0.6028807
1.0,0.7170172
1.0,0.69919014
1.0,0.6102085
0.0,0.20540664
1.0,0.7551154
1.0,0.69919264
0.0,0.1781764
0.0,0.3666135
0.0,0.7211887
0.0,0.4493367
1.0,0.80211484
0.0,0.1700112
1.0,0.46669003
0.0,0.77894086
0.0,0.22799745
0.0,0.23028687
0.0,0.24328783
0.0,0.14197701
0.0,0.23114794
0.0,0.18946844
0.0,0.21798807
0.0,0.18234575
0.0,0.62723273
0.0,0.33267823
0.0,0.17816105
0.0,0.54423445
0.0,0.15366954
1.0,0.67509544
0.0,0.3793968
1.0,0.75762624
0.0,0.15861607
0.0,0.14801583
0.0,0.20142344
0.0,0.5925492
0.0,0.62673104
0.0,0.2242386
0.0,0.22206411
0.0,0.1326052
0.0,0.14063847
0.0,0.15919533
0.0,0.4320854
1.0,0.50282854
0.0,0.2560899
0.0,0.1450288
0.0,0.5010092
0.0,0.20201054
1.0,0.56209785
0.0,0.65067196
1.0,0.9739474
0.0,0.19288331
0.0,0.26088566
1.0,0.6586312
0.0,0.70232356
1.0,0.667195
1.0,0.5830239
1.0,0.5341912
1.0,0.71504617
0.0,0.14706004
1.0,0.48761284
0.0,0.12650722
0.0,0.14490896
0.0,0.4181315
1.0,0.7152894
0.0,0.15621436
0.0,0.11617684
1.0,0.50949997
1.0,0.8103409
0.0,0.26375854
0.0,0.13620979
1.0,0.5552052
0.0,0.30530727
1.0,0.6124005
0.0,0.42251012
0.0,0.31649268
1.0,0.55142075
0.0,0.66218495
0.0,0.10322955
1.0,0.383251
0.0,0.2038799
1.0,0.81440663
0.0,0.16002691
1.0,0.022888243
1.0,0.5268031
1.0,0.60171044
1.0,0.79644156
0.0,0.30708706
0.0,0.23147312
1.0,0.5001726
0.0,0.18749306
0.0,0.48213574
1.0,0.6008566
1.0,0.5611741
1.0,0.7258149
0.0,0.22436666
1.0,0.797483
1.0,0.70373213
0.0,0.21197519
1.0,0.7424875
0.0,0.3422318
1.0,0.4497222
1.0,0.6390869
0.0,0.6012674
0.0,0.4726853
1.0,0.51763624
0.0,0.1877884
1.0,0.64745104
0.0,0.4894765
0.0,0.1793082
0.0,0.6225943
1.0,0.81785864
0.0,0.041034132
0.0,0.14861166
0.0,0.6223903
1.0,0.5621677
0.0,0.17650422
0.0,0.1667071
0.0,0.36845273
0.0,0.6207048
1.0,0.5926895
1.0,0.66621184
0.0,0.3009109
0.0,0.48569992
0.0,0.26279587
0.0,0.51855373
0.0,0.14113846
1.0,0.65735847
0.0,0.32280517
1.0,0.62877417
0.0,0.60040987
0.0,0.33510557
1.0,0.5705913
0.0,0.2123906
0.0,0.5417622
0.0,0.13397002
0.0,0.16700315
0.0,0.31845108
0.0,0.17538351
0.0,0.15111804
0.0,0.20798746
1.0,0.69885004
1.0,0.65472084
0.0,0.15826267
0.0,0.20153108
1.0,0.7745864
0.0,0.19396204
1.0,0.6158337
0.0,0.42095
0.0,0.14298698
1.0,0.6984315
0.0,0.60766983
1.0,0.33304948
0.0,0.4914341
1.0,0.44098234
0.0,0.23255968
0.0,0.22475544
0.0,0.5756296
1.0,0.7722361
0.0,0.20543697
0.0,0.17836413
0.0,0.14716998
0.0,0.585458
1.0,0.4227948
0.0,0.11341083
0.0,0.15854964
1.0,0.73804307
1.0,0.41076058
0.0,0.37075487
1.0,0.66297245
0.0,0.2693939
0.0,0.47435954
1.0,0.70918536
1.0,0.7636974
0.0,0.27728218
1.0,0.680863
1.0,0.66281503
0.0,0.20706794
0.0,0.2714557
0.0,0.2725262
1.0,0.25071466
0.0,0.12151933
0.0,0.14989194
0.0,0.1802972
1.0,0.8035735
1.0,0.66213065
0.0,0.18853956
1.0,0.55950963
1.0,0.35275614
0.0,0.29350924
1.0,0.6265457
0.0,0.16579252
1.0,0.69984126
0.0,0.23170975
1.0,0.6769862
0.0,0.24154669
0.0,0.2157824
1.0,0.61441165
0.0,0.17105964
1.0,0.7290095
0.0,0.25487065
0.0,0.3146292
0.0,0.1767846
1.0,0.6258553
0.0,0.49409407
1.0,0.42913425
0.0,0.1781291
1.0,0.743685
1.0,0.70123345
0.0,0.11605623
1.0,0.7331305
1.0,0.68628967
1.0,0.656245
1.0,0.5967075
0.0,0.46201545
0.0,0.16470885
0.0,0.5705512
1.0,0.7064932
1.0,0.26270378
0.0,0.15036348
0.0,0.19607124
0.0,0.5145527
1.0,0.6019674
0.0,0.486652
1.0,0.1899457
1.0,0.5833554
0.0,0.1800456
0.0,0.18348125
1.0,0.67885077
0.0,0.6592735
1.0,0.72925746
0.0,0.4641245
0.0,0.26250243
0.0,0.31211275
1.0,0.41161382
0.0,0.36627287
1.0,0.61636037
0.0,0.20980823
1.0,0.47911245
0.0,0.08810553
0.0,0.2887832
1.0,0.41882592
1.0,0.31769294
1.0,0.65472263
1.0,0.34392613
0.0,0.30608556
0.0,0.20805836
0.0,0.6504994
0.0,0.112706155
1.0,0.5815558
1.0,0.3637922
0.0,0.1508826
0.0,0.17162645
0.0,0.1495232
1.0,0.61535543
0.0,0.16018549
0.0,0.1393888
0.0,0.25409406
0.0,0.6649693
0.0,0.37943572
0.0,0.48094532
1.0,0.57424915
0.0,0.46419802
1.0,0.40471822
0.0,0.22459045
0.0,0.27690223
1.0,0.54978335
1.0,0.6976729
1.0,0.69637597
0.0,0.051427603
0.0,0.20895821
1.0,0.61271787
0.0,0.17932832
0.0,0.1773791
0.0,0.20575505
1.0,0.6967057
0.0,0.21509734
0.0,0.17523691
1.0,0.79020905
0.0,0.34962642
1.0,0.80038553
1.0,0.65890306
1.0,0.74969876
0.0,0.18663049
1.0,0.7464226
1.0,0.63611555
0.0,0.30487123
1.0,0.423161
0.0,0.2287727
0.0,0.4504087
0.0,0.0106882155
0.0,0.14980572
1.0,0.64149845
1.0,0.71002245
1.0,0.7919462
1.0,0.55979
1.0,0.7242626
0.0,0.6219116
0.0,0.70068556
1.0,0.73589265
0.0,0.19433752
1.0,0.59946525
1.0,0.83718
0.0,0.34830585
1.0,0.53603584
1.0,0.44369245
0.0,0.2036486
0.0,0.19052875
0.0,0.07403326
0.0,0.1452851
1.0,0.6811222
1.0,0.75361884
0.0,0.17079064
0.0,0.22713017
1.0,0.21279052
1.0,0.6391889
1.0,0.38802224
0.0,0.2133277
1.0,0.67497736
1.0,0.6105095
0.0,0.24267244
0.0,0.21025649
1.0,0.66451776
1.0,0.7403869
0.0,0.5857018
1.0,0.5577983
0.0,0.29646742
0.0,0.31073102
1.0,0.7596438
0.0,0.56118643
1.0,0.72449446
0.0,0.37966862
0.0,0.19618091
0.0,0.23634234
1.0,0.6844595
1.0,0.63294655
0.0,0.14339343
0.0,0.18768382
1.0,0.61772275
0.0,0.21031037
1.0,0.8035232
1.0,0.6236931
1.0,0.64985704
0.0,0.42143267
0.0,0.33578852
0.0,0.28195646
0.0,0.16635549
0.0,0.13995713
1.0,0.81290513
0.0,0.34557238
0.0,0.18501642
1.0,0.62086535
0.0,0.18672472
1.0,0.19652846
1.0,0.6363127
0.0,0.21231067
0.0,0.37713814
0.0,0.6716777
0.0,0.14200425
0.0,0.16415644
0.0,0.11535433
0.0,0.20458984
0.0,0.61758995
1.0,0.5470368
1.0,0.7787591
0.0,0.9269829
0.0,0.57117707
0.0,0.16404617
0.0,0.23734006
0.0,0.14502344
1.0,0.28120744
0.0,0.17633206
0.0,0.0748744
1.0,0.6106828
1.0,0.2530275
0.0,0.12351006
0.0,0.69011307
0.0,0.093918085
0.0,0.3849905
0.0,0.12664303
0.0,0.19117984
1.0,0.74977034
1.0,0.64372355
1.0,0.744264
0.0,0.15403804
1.0,0.61380076
1.0,0.74722624
0.0,0.3680569
0.0,0.12559861
1.0,0.5533093
1.0,0.5216696
1.0,0.67556643
1.0,0.6787424
1.0,0.5670756
0.0,0.27451023
0.0,0.28704298
1.0,0.46830758
0.0,0.13580012
1.0,0.46450818
0.0,0.14435667
1.0,0.00021713972
0.0,0.1845788
0.0,0.61672485
0.0,0.21549919
0.0,0.1992172
0.0,0.6049273
0.0,0.124399155
0.0,0.16718501
0.0,0.07536921
0.0,0.60577995
0.0,0.15884382
0.0,0.12791231
1.0,0.5983617
1.0,0.6526573
1.0,0.74143314
0.0,0.63876456
0.0,0.43742558
0.0,0.20630878
0.0,0.21455026
1.0,0.691313
1.0,0.3245058
1.0,0.6304889
1.0,0.69581044
0.0,0.67959154
0.0,0.1738064
0.0,0.14496961
1.0,0.521409
0.0,0.24503753
1.0,0.15872663
1.0,0.73359126
0.0,0.3192891
0.0,0.11915809
0.0,0.30920368
0.0,0.35810345
1.0,0.6441016
1.0,0.6410875
0.0,0.26047125
1.0,0.7650018
1.0,0.45951644
0.0,0.51941484
0.0,0.23303446
1.0,0.721858
0.0,0.10328922
0.0,0.4297642
0.0,0.16257712
0.0,0.5582786
0.0,0.16108379
1.0,0.4786099
0.0,0.3556738
0.0,0.62626326
1.0,0.7424284
1.0,0.73013175
0.0,0.5782826
0.0,0.21633404
1.0,0.65492606
0.0,0.3754115
0.0,0.119214535
1.0,0.40365905
0.0,0.26144415
0.0,0.21887463
0.0,0.1975533
1.0,0.7239879
0.0,0.40456584
1.0,0.67324376
1.0,0.5989799
1.0,0.8406943
0.0,0.1734556
1.0,0.5375961
0.0,0.12938032
1.0,0.7673403
0.0,0.22381604
1.0,0.7274792
0.0,0.24574348
0.0,0.17363021
1.0,0.7917936
0.0,0.17521283
0.0,0.16754988
1.0,0.5846933
1.0,0.6243983
1.0,0.4127677
1.0,0.5929632
1.0,0.504783
1.0,0.7074453
1.0,0.5178077
0.0,0.17952144
1.0,0.5378581
1.0,0.66697216
0.0,0.2879557
0.0,0.15204373
0.0,0.15513673
1.0,0.5853746
0.0,0.23659942
0.0,0.41673565
0.0,0.5005756
1.0,0.7208856
0.0,0.2066867
0.0,0.59543777
1.0,0.4997332
1.0,0.6334708
1.0,0.755327
1.0,0.276335
0.0,0.7168657
0.0,0.33063734
0.0,0.17120147
0.0,0.19742578
0.0,0.12779057
0.0,0.2765739
0.0,0.19324571
1.0,0.3866282
1.0,0.75475746
0.0,0.2550037
1.0,0.69435996
0.0,0.18166101
0.0,0.20096534
1.0,0.6846124
0.0,0.18272483
0.0,0.7576562
0.0,0.2773381
0.0,0.60637414
0.0,0.30929178
0.0,0.17323494
0.0,0.7307043
1.0,0.7312361
0.0,0.25970477
0.0,0.57535154
1.0,0.67908955
0.0,0.17562622
1.0,0.62679327
0.0,0.22250041
0.0,0.12355739
0.0,0.18119624
0.0,0.3929778
0.0,0.13797998
0.0,0.15609014
0.0,0.21475229
0.0,0.28596306
0.0,0.5361796
1.0,0.53487825
0.0,0.3139356
1.0,0.75741744
0.0,0.58135384
1.0,0.52249616
0.0,0.37368518
0.0,0.20123431
0.0,0.20524186
1.0,0.7333656
1.0,0.17893076
1.0,0.38049287
0.0,0.18351772
0.0,0.50896287
1.0,0.71099085
0.0,0.17809156
0.0,0.2898494
1.0,0.6511933
0.0,0.15940973
1.0,0.7533761
1.0,0.6255202
0.0,0.1895014
1.0,0.34870034
0.0,0.3425057
1.0,0.33810684
0.0,0.6106317
1.0,0.77578235
0.0,0.09669006
0.0,0.66536486
0.0,0.1916815
0.0,0.21826163
0.0,0.14137107
0.0,0.21633875
0.0,0.22876588
1.0,0.7282719
0.0,0.17115048
0.0,0.13581786
0.0,0.09378946
0.0,0.3040976
0.0,0.3142256
1.0,0.6092384
0.0,0.44637144
0.0,0.26975143
1.0,0.5527526
0.0,0.32391974
1.0,0.71812826
0.0,0.68604887
1.0,0.4607876
1.0,0.73759615
0.0,0.23915938
1.0,0.81203
0.0,0.30374214
0.0,0.28504235
0.0,0.15452337
0.0,0.20399407
1.0,0.50311565
1.0,0.72372484
0.0,0.26481813
0.0,0.3451959
1.0,0.78123915
0.0,0.12610865
1.0,0.500489
1.0,0.20557272
1.0,0.5833056
0.0,0.24113646
1.0,0.6330265
0.0,0.36047173
1.0,0.7117511
1.0,0.40294042
0.0,0.35510117
0.0,0.60125434
0.0,0.14012733
0.0,0.5433507
1.0,0.69203377
1.0,0.6551613
1.0,0.7467298
0.0,0.23940367
0.0,0.12620372
1.0,0.7471298
0.0,0.5963109
0.0,0.08749154
0.0,0.31205696
1.0,0.5402251
0.0,0.39432377
0.0,0.17432714
0.0,0.51020074
0.0,0.52793044
1.0,0.57315356
1.0,0.65251434
0.0,0.31503347
0.0,0.20375708
0.0,0.183617
1.0,0.80887645
0.0,0.2424134
0.0,0.6426044
1.0,0.69610846
0.0,0.14209563
0.0,0.4079631
1.0,0.60595787
0.0,0.19185469
1.0,0.45931238
1.0,0.32071033
0.0,0.12475625
0.0,0.17861667
0.0,0.12992096
0.0,0.14450848
1.0,0.7472031
1.0,0.8415861
1.0,0.74652284
1.0,0.6079923
0.0,0.66113377
0.0,0.17176303
1.0,0.6368794
1.0,0.62864125
0.0,0.2702296
0.0,0.14115432
1.0,0.26173806
0.0,0.16518754
1.0,0.6542014
0.0,0.12275195
0.0,0.52446467
1.0,0.72695124
0.0,0.438536
0.0,0.15525386
0.0,0.194471
0.0,0.335104
0.0,0.45145947
1.0,0.15323168
0.0,0.22856033
1.0,0.72174096
0.0,0.45753554
1.0,0.6110667
0.0,0.2793792
1.0,0.60626006
1.0,0.7925141
1.0,0.7487689
0.0,0.6099267
0.0,0.14568684
1.0,0.4699987
0.0,0.14379549
0.0,0.21625635
1.0,0.68889445
1.0,0.630637
0.0,0.25042033
1.0,0.6405101
1.0,0.73275554
0.0,0.7181797
0.0,0.19818208
0.0,0.46459505
0.0,0.1427561
0.0,0.114942074
0.0,0.657728
1.0,0.6618055
1.0,0.7245989
1.0,0.6691277
0.0,0.09846908
0.0,0.14857855
0.0,0.26051563
0.0,0.17268488
0.0,0.78092563
0.0,0.3013885
1.0,0.68200433
1.0,0.72811365
1.0,0.5899074
0.0,0.2471663
0.0,0.19605029
1.0,0.70190257
0.0,0.5361411
0.0,0.58939654
1.0,0.7469392
0.0,0.5643722
0.0,0.15941685
1.0,0.4187762
0.0,0.19013476
1.0,0.47135857
1.0,0.59792763
0.0,0.6278982
0.0,0.16920611
1.0,0.85481083
0.0,0.1182479
0.0,0.5316389
1.0,0.59056056
1.0,0.59682506
1.0,0.6297395
1.0,0.71454525
0.0,0.61818296
0.0,0.5423012
0.0,0.15305647
1.0,0.60310453
0.0,0.68976647
1.0,0.6962956
0.0,0.65859807
1.0,0.63067687
1.0,0.4851796
0.0,0.15325302
0.0,0.21924812
0.0,0.11590582
0.0,0.3595112
0.0,0.21563277
0.0,0.2702562
1.0,0.3482371
1.0,0.5763008
0.0,0.50665325
1.0,0.6848994
1.0,0.24970162
0.0,0.13547778
0.0,0.3046759
1.0,0.58687043
1.0,0.36777544
0.0,0.20247611
0.0,0.28130305
0.0,0.1353549
0.0,0.22092068
1.0,0.6598186
1.0,0.63137233
0.0,0.22357363
0.0,0.16608512
0.0,0.18405586
0.0,0.36473224
0.0,0.14742216
0.0,0.3087492
0.0,0.6219021
0.0,0.19346857
0.0,0.39134893
0.0,0.22566405
0.0,0.3734367
1.0,0.7415385
1.0,0.6865243
0.0,0.1442132
0.0,0.24186406
0.0,0.076721996
0.0,0.16675541
0.0,0.31241184
0.0,0.35227728
0.0,0.16418585
0.0,0.68540466
1.0,0.7333268
1.0,0.7091858
1.0,0.54980314
1.0,0.70960045
1.0,0.7858113
0.0,0.48952016
0.0,0.2300412
0.0,0.2256527
0.0,0.18530059
1.0,0.56502867
0.0,0.17959648
1.0,0.7254497
0.0,0.25745815
0.0,0.7177675
0.0,0.6148956
0.0,0.17903134
0.0,0.21307787
0.0,0.5982811
0.0,0.34298432
0.0,0.15517524
1.0,0.5580435
1.0,0.65477
0.0,0.39880967
0.0,0.36228836
0.0,0.16681066
0.0,0.23383638
1.0,0.73912966
0.0,0.18110713
1.0,0.41418704
0.0,0.24975398
1.0,0.46062455
0.0,0.15315402
0.0,0.25778165
1.0,0.7295418
0.0,0.12775645
1.0,0.645854
0.0,0.2887373
0.0,0.39884254
0.0,0.39135036
0.0,0.097892344
0.0,0.17098096
1.0,0.59138364
1.0,0.69512874
0.0,0.41760024
0.0,0.16309726
0.0,0.15438554
0.0,0.3301476
1.0,0.6094101
0.0,0.48600397
1.0,0.4511316
1.0,0.69687825
0.0,0.58854663
0.0,0.16023287
0.0,0.24053994
0.0,0.333349
0.0,0.18499938
0.0,0.22083712
0.0,0.28891122
0.0,0.3300789
0.0,0.45201465
1.0,0.5762872
0.0,0.74694043
0.0,0.14426205
1.0,0.61912006
0.0,0.19541368
0.0,0.19198179
0.0,0.12764904
0.0,0.19636866
1.0,0.21471277
1.0,0.7393856
1.0,0.71411836
0.0,0.1784758
0.0,0.18313622
0.0,0.19573274
0.0,0.6668942
0.0,0.32839435
0.0,0.60012656
1.0,0.72330666
1.0,0.6944356
1.0,0.6433323
0.0,0.21741766
1.0,0.75147974
1.0,0.54101896
0.0,0.20626554
1.0,0.5678415
0.0,0.18133342
0.0,0.21238047
0.0,0.44188315
1.0,0.7778732
1.0,0.6329814
1.0,0.28233635
0.0,0.6897445
0.0,0.37269902
0.0,0.24703279
1.0,0.77602917
1.0,0.7202851
1.0,0.63372564
1.0,0.5544281
0.0,0.19430739
0.0,0.15973103
0.0,0.1661455
0.0,0.5408727
1.0,0.70354354
0.0,0.20568979
0.0,0.36371318
0.0,0.47392848
1.0,0.5749249
0.0,0.4374566
0.0,0.752929
0.0,0.15171504
0.0,0.67932105
0.0,0.2523468
0.0,0.2642969
0.0,0.16083118
0.0,0.28440368
0.0,0.1550062
1.0,0.7595067
1.0,0.41973132
0.0,0.6694786
0.0,0.7572241
0.0,0.33962852
1.0,0.6985532
0.0,0.1775901
0.0,0.18222973
0.0,0.4506093
0.0,0.15489903
1.0,0.713362
0.0,0.1582604
0.0,0.28083026
1.0,0.60245144
1.0,0.5003076
1.0,0.65403664
0.0,0.09941718
0.0,0.46912166
1.0,0.690848
1.0,0.7707995
1.0,0.7547504
0.0,0.6323394
0.0,0.47656053
0.0,0.16136417
1.0,0.39161932
1.0,0.77870387
0.0,0.16975564
0.0,0.43701184
1.0,0.66353816
1.0,0.7382187
0.0,0.16828215
1.0,0.65332305
1.0,0.64503026
0.0,0.26819578
1.0,0.4457881
0.0,0.15282872
0.0,0.16772315
0.0,0.6102075
0.0,0.29714507
1.0,0.63263774
0.0,0.22245845
1.0,0.63778716
1.0,0.6553059
1.0,0.3153253
0.0,0.20299
0.0,0.64869624
1.0,0.49945405
0.0,0.1547884
1.0,0.61662114
1.0,0.70350194
0.0,0.6659732
0.0,0.28855348
1.0,0.4070472
1.0,0.83471334
0.0,0.12593791
1.0,0.6027495
1.0,0.6358242
1.0,0.6906686
1.0,0.7061067
1.0,0.6948797
1.0,0.76827407
0.0,0.1987701
0.0,0.52398795
0.0,0.22104725
1.0,0.69931483
1.0,0.7344597
0.0,0.27988905
0.0,0.33898938
1.0,0.66343236
0.0,0.16498673
1.0,0.7542336
0.0,0.5615046
1.0,0.4429528
1.0,0.57755506
0.0,0.6096663
1.0,0.47675198
0.0,0.28105307
1.0,0.76607
1.0,0.63733506
1.0,0.38208884
0.0,0.297202
0.0,0.21105534
1.0,0.6895147
0.0,0.14164719
1.0,0.6960125
0.0,0.15446234
0.0,0.35392296
0.0,0.13292226
0.0,0.22702467
0.0,0.13799149
0.0,0.37005904
0.0,0.4972413
1.0,0.6605326
1.0,0.43291432
0.0,0.16711053
1.0,0.7825928
1.0,0.60205996
0.0,0.6241696
0.0,0.611854
0.0,0.4172335
0.0,0.23642734
0.0,0.20735165
0.0,0.1834729
1.0,0.4046087
1.0,0.751055
0.0,0.17714381
0.0,0.14562175
0.0,0.4181724
0.0,0.6665195
0.0,0.41342804
1.0,0.6796943
0.0,0.5456728
0.0,0.20994526
1.0,0.66845864
1.0,0.68956035
0.0,0.27851325
0.0,0.13000876
0.0,0.15547562
1.0,0.69099766
1.0,0.68621105
0.0,0.09178516
0.0,0.1790683
0.0,0.16585475
0.0,0.23105797
0.0,0.14883164
1.0,0.6053144
1.0,0.5883313
1.0,0.59498155
0.0,0.1070447
1.0,0.5187346
0.0,0.5774299
1.0,0.7695252
1.0,0.5864309
0.0,0.15531129
0.0,0.19145438
0.0,0.14707032
0.0,0.15181807
0.0,0.6344602
1.0,0.7778281
0.0,0.3761363
0.0,0.45388758
0.0,0.27080408
0.0,0.13607678
0.0,0.16818944
0.0,0.22877082
0.0,0.42704055
1.0,0.5979881
1.0,0.6805955
0.0,0.10533568
0.0,0.46074998
0.0,0.6337147
0.0,0.12160295
1.0,0.7211598
0.0,0.2182627
0.0,0.50303996
1.0,0.6967284
0.0,0.56400704
0.0,0.16531584
0.0,0.2631158
0.0,0.19327101
1.0,0.65253943
1.0,0.6870961
0.0,0.18238106
1.0,0.35549265
1.0,0.7428084
1.0,0.6091278
0.0,0.3326084
0.0,0.44682208
1.0,0.66910124
1.0,0.8011131
0.0,0.15359044
1.0,0.6943759
0.0,0.2731704
1.0,0.68475
1.0,0.6179509
1.0,0.5199818
0.0,0.27460644
1.0,0.50505894
1.0,0.28175253
0.0,0.31721252
0.0,0.24062422
0.0,0.75591654
0.0,0.48523584
0.0,0.18822849
0.0,0.12848026
1.0,0.78629065
0.0,0.57689095
0.0,0.23575848
0.0,0.6227327
0.0,0.14250582
0.0,0.20715085
0.0,0.23249874
1.0,0.5807997
0.0,0.18373358
0.0,0.3128891
0.0,0.031799793
1.0,0.6626686
1.0,0.6349021
1.0,0.64906174
1.0,0.6391286
0.0,0.16097048
0.0,0.1706939
0.0,0.21261665
0.0,0.3239122
0.0,0.6249077
0.0,0.3523362
1.0,0.6205879
0.0,0.59419894
1.0,0.4066072
1.0,0.17739245
1.0,0.64211833
0.0,0.188734
0.0,0.12535062
0.0,0.18083438
0.0,0.15672716
1.0,0.6823288
1.0,0.6477876
1.0,0.48881608
1.0,0.67502844
1.0,0.65427864
0.0,0.25685057
0.0,0.16522962
0.0,0.5487551
0.0,0.14600962
1.0,0.7142361
0.0,0.16508457
0.0,0.48779365
1.0,0.660081
1.0,0.5954808
0.0,0.22781613
0.0,0.65053433
0.0,0.23431689
0.0,0.23927847
1.0,0.1276353
0.0,0.74940526
0.0,0.4033505
1.0,0.7340196
0.0,0.4208365
1.0,0.6917518
1.0,0.6578732
0.0,0.17131045
0.0,0.37322792
0.0,0.1485227
0.0,0.19611946
1.0,0.7016386
0.0,0.19542083
0.0,0.121148825
0.0,0.70436
0.0,0.20021576
1.0,0.6646683
1.0,0.55742925
1.0,0.6828371
1.0,0.6447832
0.0,0.25554627
0.0,0.1582315
1.0,0.66029906
0.0,0.19630101
1.0,0.42894098
0.0,0.2193881
1.0,0.4720148
1.0,0.76853985
0.0,0.44074443
0.0,0.35389972
0.0,0.3319146
0.0,0.19430631
0.0,0.2804734
0.0,0.26043558
1.0,0.6614292
0.0,0.13973007
0.0,0.34092212
0.0,0.3844021
0.0,0.25580573
0.0,0.1624229
0.0,0.14490038
0.0,0.28066337
0.0,0.1520988
0.0,0.13562852
0.0,0.18475392
0.0,0.42095965
0.0,0.1986253
1.0,0.56841165
0.0,0.45922402
1.0,0.67232096
0.0,0.14841446
0.0,0.1359945
1.0,0.59331965
0.0,0.16957629
1.0,0.79262143
0.0,0.63036215
1.0,0.76359344
0.0,0.54104245
0.0,0.31685764
1.0,0.6270018
1.0,0.40199718
0.0,0.16541332
0.0,0.21094894
0.0,0.09259671
0.0,0.14364621
0.0,0.12826091
0.0,0.61009896
1.0,0.7229739
1.0,0.67731297
0.0,0.29683894
0.0,0.33266088
1.0,0.62327605
1.0,0.6064208
1.0,0.5625771
0.0,0.14494088
1.0,0.24751833
0.0,0.457877
1.0,0.61397994
0.0,0.124925554
1.0,0.5437834
0.0,0.22580817
0.0,0.33163786
0.0,0.45839807
0.0,0.5900322
1.0,0.69129753
0.0,0.2803598
0.0,0.3140356
1.0,0.7405244
0.0,0.26988825
0.0,0.638279
0.0,0.5724062
1.0,0.83251774
0.0,0.22666547
0.0,0.21556404
0.0,0.72674894
1.0,0.5861269
0.0,0.13380992
0.0,0.43973032
0.0,0.28121713
1.0,0.4979113
0.0,0.13067025
1.0,0.74721694
0.0,0.47205812
1.0,0.6553884
1.0,0.7334796
0.0,0.519175
1.0,0.7191567
1.0,0.675123
0.0,0.1821025
0.0,0.46970347
0.0,0.21635315
1.0,0.73102534
0.0,0.21868032
1.0,0.687467
1.0,0.50555885
0.0,0.15504333
1.0,0.7040186
0.0,0.41862065
1.0,0.5568583
0.0,0.5974483
1.0,0.6181982
0.0,0.5039722
1.0,0.35939068
0.0,0.50372297
0.0,0.1684941
0.0,0.12345198
0.0,0.23954526
0.0,0.13325045
0.0,0.1707573
0.0,0.117539704
0.0,0.31800413
0.0,0.36324602
0.0,0.50115097
0.0,0.56188893
0.0,0.22203952
1.0,0.48460844
1.0,0.43044814
0.0,0.533764
1.0,0.1837936
0.0,0.12796223
0.0,0.61915106
0.0,0.6543137
0.0,0.18264982
0.0,0.16489592
0.0,0.32799846
1.0,0.6765368
0.0,0.13794309
0.0,0.19017997
1.0,0.12891549
0.0,0.115775526
1.0,0.5724625
0.0,0.22077507
0.0,0.12938339
1.0,0.27396512
0.0,0.1889605
1.0,0.6313912
0.0,0.15932247
0.0,0.15661329
0.0,0.14840946
1.0,0.6952209
0.0,0.17591771
1.0,0.66347665
1.0,0.5000125
0.0,0.71241474
0.0,0.13350734
1.0,0.1765534
0.0,0.16751406
0.0,0.25894463
0.0,0.56505734
0.0,0.1542967
0.0,0.66010433
0.0,0.68663913
1.0,0.2909849
0.0,0.19883049
1.0,0.67356205
0.0,0.12506115
0.0,0.16166773
0.0,0.16474485
1.0,0.63684034
1.0,0.7887187
0.0,0.108605504
0.0,0.6452322
0.0,0.14941794
0.0,0.3269379
0.0,0.31302035
0.0,0.1799131
0.0,0.1291244
1.0,0.2494942
1.0,0.6541239
0.0,0.22833133
0.0,0.72292155
1.0,0.6469465
0.0,0.1518001
1.0,0.6566551
0.0,0.1330423
0.0,0.1665329
1.0,0.7630719
0.0,0.5232308
1.0,0.6480623
1.0,0.5958476
1.0,0.73636097
0.0,0.23353949
0.0,0.17378858
0.0,0.61025625
1.0,0.76527315
0.0,0.33390462
1.0,0.73148775
0.0,0.26806796
0.0,0.12058675
0.0,0.6136275
1.0,0.67247975
0.0,0.19526744
0.0,0.19554126
0.0,0.4104718
1.0,0.37481683
1.0,0.82481986
0.0,0.3889865
0.0,0.24897984
1.0,0.691036
1.0,0.74155474
1.0,0.6544866
1.0,0.5646544
0.0,0.14191732
1.0,0.6651279
0.0,0.21213123
0.0,0.29832715
0.0,0.18817568
1.0,0.653532
0.0,0.1773273
0.0,0.23653567
0.0,0.10585442
1.0,0.51251227
0.0,0.38717064
1.0,0.66372603
1.0,0.81428015
0.0,0.33733842
1.0,0.6797947
0.0,0.16905272
1.0,0.44794512
0.0,0.4607605
0.0,0.17207417
0.0,0.19220713
0.0,0.074436784
1.0,0.7699156
0.0,0.27575886
0.0,0.33151287
0.0,0.40377012
1.0,0.769712
1.0,0.7510647
0.0,0.18259436
1.0,0.7658179
1.0,0.7537221
1.0,0.77844685
1.0,0.4253793
0.0,0.5289839
1.0,0.6723385
0.0,0.24000293
0.0,0.31954855
1.0,0.54480755
0.0,0.21433422
0.0,0.27786022
0.0,0.47626644
1.0,0.41274965
0.0,0.38403338
0.0,0.463497
1.0,0.7517624
0.0,0.1815457
1.0,0.2814578
0.0,0.17587298
0.0,0.5828979
1.0,0.6108784
1.0,0.75810504
0.0,0.1655953
1.0,0.7332178
1.0,0.73259544
0.0,0.43841556
0.0,0.4129151
1.0,0.55734813
0.0,0.33132577
1.0,0.81156206
0.0,0.17911357
0.0,0.2542215
1.0,0.36762345
1.0,0.7015111
0.0,0.23372573
1.0,0.5911069
0.0,0.17442945
0.0,0.39777043
1.0,0.7349535
0.0,0.3508036
0.0,0.3432939
0.0,0.27217853
1.0,0.6420052
0.0,0.26398322
0.0,0.122172266
1.0,0.67387503
1.0,0.61938745
0.0,0.20220882
0.0,0.44523454
0.0,0.18428698
1.0,0.3892061
0.0,0.5174592
0.0,0.08517721
0.0,0.19164371
0.0,0.18245253
0.0,0.18499315
1.0,0.06677219
0.0,0.37291282
0.0,0.11494711
0.0,0.28032097
1.0,0.7121291
1.0,0.7417592
1.0,0.6351742
0.0,0.518008
0.0,0.19986826
0.0,0.72494966
1.0,0.7567258
0.0,0.35698003
1.0,0.66697186
0.0,0.17039847
1.0,0.7551327
0.0,0.24830106
1.0,0.6778361
0.0,0.71853554
1.0,0.5476979
0.0,0.5367105
0.0,0.39253774
1.0,0.41309598
1.0,0.67509407
1.0,0.6562952
0.0,0.45872936
1.0,0.6486645
1.0,0.48009697
1.0,0.446823
0.0,0.12423813
1.0,0.3739364
0.0,0.19589275
0.0,0.652436
1.0,0.561406
0.0,0.47776878
0.0,0.16139942
0.0,0.22351408
0.0,0.26967418
0.0,0.5559281
1.0,0.6598617
1.0,0.6554386
0.0,0.6175708
0.0,0.5987627
0.0,0.19390005
1.0,0.7753409
0.0,0.5431917
0.0,0.29201853
0.0,0.17726666
0.0,0.17279607
0.0,0.19170836
0.0,0.6422754
1.0,0.7583139
1.0,0.8214721
1.0,0.22929707
0.0,0.3750614
0.0,0.15819901
0.0,0.16913027
0.0,0.17351747
0.0,0.29402292
1.0,0.6706744
0.0,0.355497
0.0,0.5232343
1.0,0.75491285
0.0,0.3172475
1.0,0.3780562
1.0,0.48209548
0.0,0.44170198
0.0,0.16504815
0.0,0.28560352
1.0,0.59760845
0.0,0.42622763
0.0,0.18853748
1.0,0.7403086
1.0,0.3883914
0.0,0.16597152
0.0,0.29830483
0.0,0.62012726
0.0,0.13387975
0.0,0.4914235
1.0,0.4036741
1.0,0.70384467
0.0,0.1613333
0.0,0.17513835
0.0,0.3868947
0.0,0.017984122
1.0,0.71950734
0.0,0.23515216
1.0,0.72954255
0.0,0.30731404
1.0,0.8169906
0.0,0.15258452
1.0,0.62763363
1.0,0.65573484
0.0,0.21041992
0.0,0.39240643
0.0,0.112106055
0.0,0.3774834
1.0,0.66788906
1.0,0.10602972
1.0,0.34541255
1.0,0.5194734
1.0,0.38144302
0.0,0.07704529
1.0,0.6591905
1.0,0.9770415
0.0,0.31478077
0.0,0.20877063
0.0,0.25423828
1.0,0.6180021
1.0,0.7739028
0.0,0.5730088
0.0,0.15132558
1.0,0.68784714
0.0,0.06873503
0.0,0.15097237
1.0,0.74407816
0.0,0.58824766
0.0,0.30746594
1.0,0.60176396
1.0,0.7118292
0.0,0.17695552
0.0,0.21194035
0.0,0.3060217
1.0,0.75462466
1.0,0.7378664
0.0,0.47924125
0.0,0.055358917
1.0,0.7773248
1.0,0.55585635
0.0,0.15649012
0.0,0.545681
0.0,0.21625885
1.0,0.79332757
1.0,0.63882023
0.0,0.1786497
0.0,0.15580231
1.0,0.7077695
0.0,0.18552065
0.0,0.21887723
0.0,0.2681486
0.0,0.54821485
1.0,0.5500701
0.0,0.55766475
0.0,0.13191408
0.0,0.7253836
0.0,0.44903538
0.0,0.26778138
1.0,0.6947861
1.0,0.68495834
0.0,0.31045154
1.0,0.8170415
0.0,0.3029487
1.0,0.76252913
1.0,0.26121205
1.0,0.7648761
0.0,0.15956715
0.0,0.69331837
0.0,0.20394543
1.0,0.7211688
0.0,0.19215113
1.0,0.7429825
0.0,0.2485773
0.0,0.16627032
1.0,0.3326006
1.0,0.8863245
0.0,0.13534275
1.0,0.61010146
0.0,0.19166592
1.0,0.68662673
0.0,0.15013999
1.0,0.5430492
1.0,0.14348432
0.0,0.15608016
0.0,0.22025725
0.0,0.2279112
0.0,0.11212525
0.0,0.17159942
0.0,0.42211813
0.0,0.3064549
0.0,0.21697313
0.0,0.6773053
0.0,0.20905626
1.0,0.62955725
0.0,0.567472
0.0,0.50382024
1.0,0.8251791
0.0,0.19485763
1.0,0.73052484
0.0,0.14177758
1.0,0.753285
0.0,0.15584928
0.0,0.1934965
1.0,0.79430276
0.0,0.21086296
0.0,0.15719685
0.0,0.30896428
1.0,0.65797484
1.0,0.5078451
0.0,0.1314157
1.0,0.69545156
1.0,0.56525457
1.0,0.6580169
0.0,0.38410416
1.0,0.36537606
1.0,0.6441033
0.0,0.41817206
1.0,0.3490008
1.0,0.6403706
0.0,0.19076827
0.0,0.17309895
0.0,0.27596498
0.0,0.24765697
0.0,0.3117299
0.0,0.14702553
0.0,0.2069191
0.0,0.115490615
1.0,0.73165894
0.0,0.44251192
0.0,0.1796625
0.0,0.29603833
0.0,0.27339786
1.0,0.6558574
0.0,0.13219377
1.0,0.63321775
0.0,0.43668994
0.0,0.2791509
1.0,0.27565262
1.0,0.44519874
0.0,0.29585066
0.0,0.31598204
1.0,0.6708802
0.0,0.7292156
0.0,0.21562293
1.0,0.5283647
1.0,0.43681633
1.0,0.70954776
1.0,0.55189323
0.0,0.3077594
0.0,0.108724356
1.0,0.37368
0.0,0.19069028
0.0,0.13607022
1.0,0.7889873
1.0,0.52892566
1.0,0.71407866
0.0,0.20429924
1.0,0.1567227
1.0,0.66730714
1.0,0.68825406
0.0,0.15967551
0.0,0.17491478
1.0,0.6858291
0.0,0.1416932
0.0,0.6577734
0.0,0.23313114
1.0,0.72687364
0.0,0.24299666
0.0,0.2856453
0.0,0.12618133
0.0,0.63951194
0.0,0.3848804
0.0,0.16057214
0.0,0.6188746
1.0,0.7911354
0.0,0.16888699
1.0,0.5720151
0.0,0.13548478
0.0,0.324566
0.0,0.6474559
1.0,0.16554734
0.0,0.602672
0.0,0.12085402
0.0,0.18344143
0.0,0.2847125
0.0,0.25407147
1.0,0.72443545
0.0,0.2863536
1.0,0.68134266
0.0,0.34583536
0.0,0.28823704
0.0,0.1795817
0.0,0.57548714
0.0,0.2392812
0.0,0.5377413
0.0,0.24866372
0.0,0.14494121
1.0,0.6786072
0.0,0.2176927
1.0,0.6423005
1.0,0.383687
0.0,0.2270295
0.0,0.2284756
1.0,0.7639441
0.0,0.27012506
1.0,0.5529611
1.0,0.63448125
0.0,0.17488334
1.0,0.57356995
0.0,0.19323024
1.0,0.6635198
0.0,0.3790071
0.0,0.40829596
1.0,0.4617611
0.0,0.64075947
0.0,0.13208297
0.0,0.46581748
1.0,0.48968542
1.0,0.7971888
0.0,0.13389117
0.0,0.41197535
1.0,0.56187934
0.0,0.5097707
1.0,0.5977015
0.0,0.55572426
1.0,0.6033095
0.0,0.59376436
0.0,0.28013736
0.0,0.63622946
0.0,0.15902954
0.0,0.25695273
1.0,0.19420934
0.0,0.44337556
1.0,0.7314905
0.0,0.21014574
1.0,0.43849024
0.0,0.1578531
0.0,0.13301748
0.0,0.18259454
0.0,0.19168249
0.0,0.4441198
0.0,0.29220873
0.0,0.29157877
0.0,0.47479117
1.0,0.6840359
0.0,0.19304034
0.0,0.2825457
1.0,0.5633926
1.0,0.40386775
0.0,0.2119708
0.0,0.14672732
1.0,0.59211445
0.0,0.24794868
1.0,0.37484413
1.0,0.68397367
1.0,0.6557366
1.0,0.61455584
0.0,0.20817462
0.0,0.14403135
1.0,0.70675963
0.0,0.42554718
1.0,0.7078882
1.0,0.5044801
1.0,0.7356085
0.0,0.50353926
0.0,0.17412892
0.0,0.3143266
0.0,0.17692927
1.0,0.685057
1.0,0.7157433
0.0,0.45497826
0.0,0.3011037
0.0,0.22382489
0.0,0.32500613
1.0,0.26608562
1.0,0.63188344
1.0,0.5005822
0.0,0.5914853
1.0,0.51917034
1.0,0.7223179
1.0,0.6910485
1.0,0.79680574
0.0,0.59809834
0.0,0.41976637
0.0,0.5317221
0.0,0.14079526
1.0,0.84258235
1.0,0.8010286
1.0,0.64435923
1.0,0.6693244
0.0,0.24370828
0.0,0.1452043
0.0,0.23275262
0.0,0.28549105
1.0,0.5638018
0.0,0.1564585
0.0,0.1614914
0.0,0.28195465
0.0,0.18394652
1.0,0.42731175
1.0,0.7236711
1.0,0.7619677
0.0,0.24790981
0.0,0.5672203
1.0,0.63702464
1.0,0.7524802
0.0,0.19051763
1.0,0.6206124
0.0,0.20462686
1.0,0.8037305
1.0,0.6895331
1.0,0.44076714
0.0,0.18031254
0.0,0.3452909
1.0,0.80256754
0.0,0.29628605
0.0,0.35243064
1.0,0.7557317
0.0,0.26242658
0.0,0.1638118
0.0,0.21990344
1.0,0.5693554
0.0,0.7261008
0.0,0.42379412
1.0,0.5907779
0.0,0.33789253
0.0,0.16168594
0.0,0.22726467
0.0,0.26082867
1.0,0.7117447
0.0,0.76707864
0.0,0.14864856
0.0,0.12266019
1.0,0.63414645
0.0,0.28578502
0.0,0.1327368
1.0,0.47628024
0.0,0.19092688
0.0,0.12783584
1.0,0.7404098
1.0,0.75437665
0.0,0.1496692
1.0,0.40166804
1.0,0.11403614
0.0,0.3812011
0.0,0.5426561
1.0,0.42284626
1.0,0.6449586
0.0,0.15392211
1.0,0.57587504
1.0,0.50665975
1.0,0.6460787
0.0,0.17626727
1.0,0.46044347
0.0,0.1785005
1.0,0.6088356
0.0,0.1460374
1.0,0.7527348
0.0,0.59961003
0.0,0.25573087
1.0,0.58942115
0.0,0.20294091
1.0,0.63785887
1.0,0.5997449
1.0,0.6802899
1.0,0.47744736
0.0,0.08441141
1.0,0.24551058
0.0,0.4125646
0.0,0.15650871
0.0,0.14449176
0.0,0.32422215
1.0,0.74659806
0.0,0.21119004
0.0,0.29083863
0.0,0.47007406
0.0,0.40994832
1.0,0.62460303
0.0,0.42764837
0.0,0.12477675
0.0,0.19708276
0.0,0.6316297
1.0,0.59971005
0.0,0.1549106
1.0,0.6471354
1.0,0.7931248
0.0,0.65521586
0.0,0.20070297
0.0,0.16968197
1.0,0.7912601
0.0,0.20623639
1.0,0.3248974
1.0,0.50074625
1.0,0.75056255
0.0,0.6409744
0.0,0.5469829
0.0,0.1606291
0.0,0.5969771
0.0,0.16114518
0.0,0.18412846
0.0,0.25691283
1.0,0.5618565
0.0,0.2249527
1.0,0.69303286
0.0,0.28632098
1.0,0.719519
1.0,0.74344015
1.0,0.60503185
1.0,0.72249323
0.0,0.6294079
0.0,0.5987474
0.0,0.16735938
1.0,0.61853015
1.0,0.6231758
0.0,0.1471791
1.0,0.65959936
1.0,0.6212484
1.0,0.7412732
1.0,0.68073875
0.0,0.6585585
0.0,0.28700262
1.0,0.77422434
0.0,0.19466096
0.0,0.3716178
1.0,0.80102587
0.0,0.11951575
0.0,0.54139525
0.0,0.32027948
0.0,0.24320129
0.0,0.24110803
1.0,0.7118539
0.0,0.1772385
0.0,0.6426775
1.0,0.60791445
0.0,0.22503656
1.0,0.70849085
0.0,0.3335212
0.0,0.21627897
0.0,0.1879111
0.0,0.06897494
1.0,0.6073726
0.0,0.26681376
0.0,0.33098695
1.0,0.7625737
1.0,0.69857156
0.0,0.23911738
0.0,0.17236269
0.0,0.15250227
1.0,0.54941875
0.0,0.13777158
1.0,0.630118
1.0,0.65942866
1.0,0.40531355
1.0,0.6415473
1.0,0.6578245
0.0,0.73927116
1.0,0.60325205
1.0,0.74722755
0.0,0.18982765
0.0,0.14715266
0.0,0.22346845
1.0,0.61850584
0.0,0.18765083
0.0,0.23487437
0.0,0.48344088
1.0,0.8269514
0.0,0.43070322
1.0,0.6676217
0.0,0.33075455
0.0,0.5803262
0.0,0.22747275
0.0,0.18851367
0.0,0.24901563
1.0,0.47313425
1.0,0.7721032
0.0,0.22557968
0.0,0.25258785
1.0,0.47147176
0.0,0.11822283
1.0,0.73356515
0.0,0.13163552
0.0,0.250173
0.0,0.23680991
1.0,0.69753087
1.0,0.7309393
0.0,0.17114827
0.0,0.33944482
1.0,0.5317372
0.0,0.36698782
0.0,0.17771864
1.0,0.7202189
1.0,0.77693295
1.0,0.72770417
0.0,0.26016375
1.0,0.6353298
1.0,0.70504963
0.0,0.22264701
0.0,0.18081734
0.0,0.16095063
0.0,0.19936901
0.0,0.1504811
0.0,0.29054022
1.0,0.619165
1.0,0.68842846
0.0,0.00032153726
0.0,0.211371
0.0,0.43258813
0.0,0.23694289
1.0,0.6758666
0.0,0.6580739
0.0,0.21429947
0.0,0.5617773
0.0,0.633574
1.0,0.39095765
0.0,0.15649703
0.0,0.550948
1.0,0.6846663
0.0,0.36014628
0.0,0.49645373
0.0,0.19731143
0.0,0.14381382
1.0,0.6791747
1.0,0.60187453
0.0,0.29582447
0.0,0.6691004
0.0,0.16680294
0.0,0.8679364
0.0,0.75025505
0.0,0.21247727
0.0,0.06264648
0.0,0.29957837
1.0,0.21636373
0.0,0.20492476
1.0,0.16853085
0.0,0.6203617
0.0,0.158517
0.0,0.2680211
0.0,0.44257098
0.0,0.35435826
0.0,0.32164213
1.0,0.7288326
0.0,0.17283973
0.0,0.54345804
0.0,0.18375817
1.0,0.52036405
1.0,0.62271035
0.0,0.18086961
0.0,0.29505873
0.0,0.19423911
1.0,0.746748
1.0,0.6613352
1.0,0.7413982
0.0,0.24579087
1.0,0.8449229
0.0,0.21037483
0.0,0.22365141
0.0,0.28114134
1.0,0.3424955
0.0,0.13780677
0.0,0.21261919
1.0,0.75876486
1.0,0.21346104
0.0,0.3475123
1.0,0.782617
0.0,0.18929633
1.0,0.49213275
0.0,0.23170397
1.0,0.31325594
0.0,0.55309993
0.0,0.33758807
1.0,0.656536
0.0,0.19402093
0.0,0.25176042
0.0,0.16079605
0.0,0.18308696
0.0,0.3039752
0.0,0.16870773
1.0,0.5575508
1.0,0.4241983
0.0,0.2781119
0.0,0.24120596
0.0,0.09632093
0.0,0.5196955
1.0,0.6613611
0.0,0.2012687
0.0,0.41470286
0.0,0.8481122
0.0,0.5663411
0.0,0.12945649
1.0,0.7356838
1.0,0.7401581
0.0,0.140232
0.0,0.10860345
0.0,0.25913766
0.0,0.14556971
1.0,0.6039997
0.0,0.6177566
0.0,0.37413472
0.0,0.17749667
1.0,0.42082882
0.0,0.17948726
0.0,0.21715856
1.0,0.7965697
0.0,0.19887662
0.0,0.19115525
1.0,0.5730222
1.0,0.9774965
1.0,0.6918271
0.0,0.15204021
0.0,0.16621447
0.0,0.4285867
0.0,0.1430997
1.0,0.71046406
0.0,0.36298978
1.0,0.43197763
0.0,0.1182242
0.0,0.1127117
0.0,0.22538942
1.0,0.5865071
0.0,0.5544939
0.0,0.27624023
0.0,0.3158446
1.0,0.59045327
0.0,0.17946786
0.0,0.33581242
0.0,0.12979695
1.0,0.3778714
0.0,0.20375976
0.0,0.11836958
1.0,0.36025676
1.0,0.74284697
0.0,0.1281099
1.0,0.7833017
1.0,0.76267445
1.0,0.62296945
1.0,0.72862077
0.0,0.18235344
1.0,0.658959
0.0,0.75317264
1.0,0.2545278
0.0,0.16623619
1.0,0.47975585
0.0,0.34606177
1.0,0.43722093
1.0,0.8448701
1.0,0.47502348
0.0,0.17466551
0.0,0.60869026
0.0,0.38035527
0.0,0.18366781
0.0,0.18775946
0.0,0.41261464
1.0,0.7193843
1.0,0.76097715
1.0,0.6372038
0.0,0.22144175
0.0,0.18486544
0.0,0.2148079
0.0,0.23479411
1.0,0.20732433
0.0,0.17421806
0.0,0.18875116
0.0,0.19264707
0.0,0.36267602
1.0,0.7047527
0.0,0.7087374
0.0,0.655759
0.0,0.6397908
1.0,0.5426457
0.0,0.19435662
0.0,0.49458367
1.0,0.47942638
0.0,0.57964456
1.0,0.67805386
0.0,0.12658328
0.0,0.49339423
0.0,0.1697098
0.0,0.13186681
0.0,0.14094844
1.0,0.6115908
0.0,0.26501313
0.0,0.24011672
1.0,0.720618
1.0,0.71120465
0.0,0.2574563
1.0,0.109353155
0.0,0.5622408
0.0,0.22818685
1.0,0.7554866
0.0,0.10135865
0.0,0.3700603
0.0,0.1547099
0.0,0.19827425
1.0,0.6961001
1.0,0.6602283
1.0,0.5993886
1.0,0.7399763
0.0,0.189233
0.0,0.1720953
0.0,0.38972732
1.0,0.72433335
0.0,0.37943137
0.0,0.25028157
1.0,0.71066976
1.0,0.60683
1.0,0.47462317
0.0,0.18486077
0.0,0.25033605
0.0,0.528255
1.0,0.68375283
1.0,0.6620495
1.0,0.72903824
0.0,0.33867317
0.0,0.14454657
0.0,0.14695302
1.0,0.71598
1.0,0.37524757
0.0,0.48508
1.0,0.7036357
1.0,0.52660364
1.0,0.784497
1.0,0.4930669
0.0,0.14547378
0.0,0.23705369
1.0,0.5466903
1.0,0.59723836
0.0,0.15623093
0.0,0.17751774
0.0,0.15970123
0.0,0.21069434
0.0,0.1842792
0.0,0.5619857
0.0,0.11987376
0.0,0.24322012
1.0,0.6592907
1.0,0.62685776
0.0,0.1923641
1.0,0.7456572
0.0,0.17016518
1.0,0.60228705
0.0,0.32995206
1.0,0.72902256
0.0,0.12756416
0.0,0.17430896
0.0,0.17184573
0.0,0.44372755
1.0,0.3454156
1.0,0.7196372
0.0,0.15397161
0.0,0.25318134
1.0,0.36195564
0.0,0.26357967
1.0,0.6331583
1.0,0.6585134
0.0,0.1857278
0.0,0.34166223
0.0,0.33671927
0.0,0.742851
0.0,0.63562626
0.0,0.15240309
0.0,0.2067669
0.0,0.1794157
1.0,0.61223066
1.0,0.76405585
1.0,0.5212204
1.0,0.634528
0.0,0.1995162
0.0,0.23850241
1.0,0.6729454
0.0,0.7034517
0.0,0.2550918
0.0,0.37592325
1.0,0.5578725
1.0,0.34922993
0.0,0.19459501
1.0,0.7351337
1.0,0.75631297
0.0,0.1123358
0.0,0.20917404
1.0,0.74332756
0.0,0.1618061
0.0,0.43632486
0.0,0.13948101
0.0,0.32284874
1.0,0.2601813
0.0,0.1827645
0.0,0.17164451
0.0,0.38030815
1.0,0.3484584
0.0,0.14722687
0.0,0.25261813
1.0,0.7784798
0.0,0.15132964
0.0,0.30746987
0.0,0.73066515
1.0,0.75177455
1.0,0.4017138
1.0,0.597401
0.0,0.31268263
0.0,0.46285674
1.0,0.55298895
0.0,0.26186162
0.0,0.13814646
0.0,0.5985537
0.0,0.28406435
1.0,0.4463867
0.0,0.21767527
0.0,0.566153
1.0,0.5838956
0.0,0.23154911
0.0,0.1813696
0.0,0.5412952
0.0,0.26343912
1.0,0.61841595
1.0,0.7702421
0.0,0.69503987
1.0,0.66842735
0.0,0.16173461
0.0,0.21089342
0.0,0.14813903
1.0,0.56901485
0.0,0.18786412
0.0,0.18988791
1.0,0.69917107
1.0,0.52175385
1.0,0.21147671
0.0,0.23159945
1.0,0.5726922
1.0,0.75552154
0.0,0.13752064
0.0,0.6031045
0.0,0.7027847
1.0,0.5544241
0.0,0.2750533
0.0,0.29900816
0.0,0.2139709
0.0,0.16773304
0.0,0.22514182
0.0,0.27487394
0.0,0.35002184
0.0,0.54802483
0.0,0.4609381
1.0,0.6118671
1.0,0.59149295
1.0,0.57655644
0.0,0.14435685
1.0,0.7287628
0.0,0.09563956
0.0,0.26834428
1.0,0.73364085
0.0,0.25729036
0.0,0.15171427
0.0,0.50465196
0.0,0.19519463
0.0,0.649712
0.0,0.54181296
0.0,0.2788821
1.0,0.69959325
0.0,0.09482795
0.0,0.13440862
0.0,0.1854643
1.0,0.7028611
1.0,0.6385753
0.0,0.54198796
1.0,0.30308896
0.0,0.14316869
1.0,0.49127215
0.0,0.3323232
0.0,0.1613164
1.0,0.085440725
0.0,0.18600714
0.0,0.17019534
1.0,0.6271374
0.0,0.21448168
1.0,0.23377296
0.0,0.46919137
0.0,0.16974556
1.0,0.70404714
0.0,0.24434805
0.0,0.23758623
0.0,0.6894906
0.0,0.19161409
0.0,0.14346361
1.0,0.6701261
0.0,0.18985948
0.0,0.372641
0.0,0.2520283
1.0,0.67117035
0.0,0.6329938
0.0,0.33191764
1.0,0.5016277
0.0,0.16602325
0.0,0.17460623
0.0,0.28944528
0.0,0.30179614
1.0,0.70974815
0.0,0.19960505
0.0,0.14170313
0.0,0.1883609
0.0,0.1401113
0.0,0.62309587
1.0,0.5629163
1.0,0.60977083
0.0,0.17231587
1.0,0.7042221
0.0,0.21791288
0.0,0.1655781
0.0,0.12502235
0.0,0.23495597
1.0,0.6305152
0.0,0.16856337
0.0,0.18583524
0.0,0.6161946
0.0,0.31624228
0.0,0.22499299
0.0,0.17527837
0.0,0.14478916
0.0,0.16663277
0.0,0.16289774
0.0,0.67164755
1.0,0.6799408
0.0,0.21402317
0.0,0.37989444
0.0,0.24914265
1.0,0.78233457
0.0,0.28739548
1.0,0.71735895
0.0,0.15845242
0.0,0.19992569
0.0,0.31408942
1.0,0.68083376
1.0,0.79098225
1.0,0.55156153
1.0,0.68426114
0.0,0.19617406
0.0,0.19774416
1.0,0.7371354
1.0,0.74506575
0.0,0.16023445
0.0,0.32384706
0.0,0.63367754
1.0,0.6003596
0.0,0.19031295
0.0,0.18378621
0.0,0.16256928
0.0,0.1746248
1.0,0.5843884
1.0,0.6540016
0.0,0.097001225
1.0,0.5467135
0.0,0.20035282
0.0,0.19596478
0.0,0.12625802
0.0,0.1977025
0.0,0.2045472
1.0,0.63098556
0.0,0.17535514
0.0,0.50976294
0.0,0.62429094
0.0,0.040396094
0.0,0.5970351
1.0,0.65654624
0.0,0.18842375
0.0,0.15702912
1.0,0.6678318
0.0,0.6645912
0.0,0.16905984
1.0,0.7507387
1.0,0.58831894
0.0,0.19356877
1.0,0.70459247
0.0,0.26576918
1.0,0.6552681
1.0,0.814203
0.0,0.20888317
1.0,0.7273476
0.0,0.21834508
0.0,0.44941908
0.0,0.55030763
0.0,0.48089424
0.0,0.17506582
0.0,0.18027851
0.0,0.4335787
1.0,0.79822075
0.0,0.0021660924
0.0,0.33468848
0.0,0.29663375
0.0,0.43057716
1.0,0.6692271
0.0,0.21768549
0.0,0.491683
0.0,0.20691389
0.0,0.17575198
0.0,0.091305494
0.0,0.7158762
1.0,0.42307177
0.0,0.30593383
1.0,0.6254452
0.0,0.19669998
1.0,0.67483974
0.0,0.22324806
0.0,0.24114504
0.0,0.18946683
0.0,0.5677028
0.0,0.37719128
0.0,0.26389217
0.0,0.3880561
0.0,0.17854983
0.0,0.72994417
0.0,0.73599255
1.0,0.6428997
0.0,0.66874677
0.0,0.22215614
1.0,0.8273033
0.0,0.40756154
0.0,0.16585752
0.0,0.1409823
1.0,0.56278133
1.0,0.69434226
1.0,0.4840198
1.0,0.7341123
0.0,0.5752174
1.0,0.67645943
0.0,0.49766248
1.0,0.52010745
0.0,0.2193231
0.0,0.74228567
0.0,0.18373916
0.0,0.12399736
0.0,0.13996732
1.0,0.74550754
1.0,0.3525892
0.0,0.6671877
1.0,0.58333707
0.0,0.18824738
1.0,0.6901152
0.0,0.23934281
0.0,0.20276403
0.0,0.6892387
0.0,0.5766395
0.0,0.25441328
0.0,0.19597757
1.0,0.8201908
0.0,0.15939668
1.0,0.6425524
1.0,0.6906079
1.0,0.6447912
0.0,0.14460775
0.0,0.7261926
0.0,0.19909704
0.0,0.3519358
0.0,0.17703259
1.0,0.6677213
0.0,0.32880372
0.0,0.21439806
0.0,0.20498493
0.0,0.17183831
0.0,0.15081117
0.0,0.3149016
0.0,0.663517
0.0,0.15848237
0.0,0.32619065
1.0,0.7655353
0.0,0.3813303
0.0,0.16030902
0.0,0.1600017
0.0,0.14169341
1.0,0.72253376
0.0,0.5163229
1.0,0.74605834
0.0,0.55811226
1.0,0.771024
1.0,0.6664249
0.0,0.13051412
0.0,0.5749895
0.0,0.19109425
0.0,0.025007814
0.0,0.31749928
0.0,0.5282201
1.0,0.7072667
0.0,0.18290281
1.0,0.59546196
0.0,0.628689
0.0,0.1229071
0.0,0.32139772
1.0,0.83448565
0.0,0.15990874
1.0,0.76168936
0.0,0.16291013
0.0,0.21977234
0.0,0.6129186
0.0,0.001966983
0.0,0.36024228
0.0,0.22766575
1.0,0.5554095
1.0,0.71850806
0.0,0.1851278
0.0,0.6184436
0.0,0.21984947
1.0,0.68366003
0.0,0.24482465
1.0,0.44179657
0.0,0.5754668
1.0,0.7155558
1.0,0.729015
0.0,0.13986799
0.0,0.270843
0.0,0.16831613
1.0,0.52953297
0.0,0.41269603
0.0,0.5886308
1.0,0.7418157
1.0,0.6577367
0.0,0.33522487
0.0,0.22938353
1.0,0.6650074
0.0,0.25129557
0.0,0.18686062
0.0,0.16245002
1.0,0.5101553
0.0,0.22535875
0.0,0.3525386
1.0,0.7060561
1.0,0.6882668
0.0,0.5252785
0.0,0.19806668
0.0,0.1613664
1.0,0.7212858
1.0,0.83998525
1.0,0.5369814
0.0,0.25613374
0.0,0.17585331
0.0,0.1700981
0.0,0.14388338
1.0,0.67149144
0.0,0.23656186
0.0,0.5805021
0.0,0.21393701
0.0,0.34001917
0.0,0.0007416606
0.0,0.19143996
0.0,0.31638563
0.0,0.2512008
0.0,0.123075604
1.0,0.2999336
1.0,0.7022262
0.0,0.111252904
0.0,0.60299844
1.0,0.41978586
0.0,0.12073332
1.0,0.68209034
0.0,0.21203074
0.0,0.223991
1.0,0.7933129
1.0,0.7780905
0.0,0.7077564
0.0,0.027439982
1.0,0.36905774
0.0,0.40140405
0.0,0.3070308
0.0,0.77822983
0.0,0.10230905
1.0,0.7141621
1.0,0.08857146
0.0,0.37893546
0.0,0.14962888
0.0,0.21397439
1.0,0.6404443
0.0,0.25363022
1.0,0.46285456
0.0,0.42900625
1.0,0.7028869
1.0,0.52517176
0.0,0.5202373
1.0,0.043852776
0.0,0.037068933
0.0,0.1402143
1.0,0.7345448
1.0,0.48762575
0.0,0.15387535
0.0,0.47697315
0.0,0.6969121
0.0,0.44476813
1.0,0.75611067
0.0,0.34361783
0.0,0.83282816
0.0,0.17234072
1.0,0.6905763
0.0,0.20583692
0.0,0.55604386
1.0,0.68261254
0.0,0.113594085
0.0,0.69601214
0.0,0.27693093
1.0,0.5605032
0.0,0.42658404
1.0,0.69639164
0.0,0.1755305
1.0,0.31074852
1.0,0.44658715
1.0,0.6416439
1.0,0.73423654
0.0,0.12604856
1.0,0.60230786
0.0,0.21776956
1.0,0.82937074
1.0,0.53516465
0.0,0.38138807
1.0,0.5902761
0.0,0.14655071
1.0,0.44083193
1.0,0.24286982
0.0,0.15480468
0.0,0.7372292
1.0,0.7737139
1.0,0.5673566
0.0,0.30782148
0.0,0.38471842
0.0,0.14308909
0.0,0.1871737
0.0,0.5533287
1.0,0.70879716
1.0,0.7496221
1.0,0.40789604
1.0,0.58918476
1.0,0.75425947
1.0,0.79955584
0.0,0.28390956
1.0,0.7674172
0.0,0.17277238
0.0,0.29625222
0.0,0.30195832
1.0,0.2953239
1.0,0.45127693
0.0,0.29099286
0.0,0.17371798
0.0,0.7080809
1.0,0.7383662
1.0,0.5865435
1.0,0.7213961
0.0,0.16370714
0.0,0.71884036
0.0,0.2080738
0.0,0.48382673
0.0,0.18997583
0.0,0.21055385
1.0,0.7635596
1.0,0.64305395
0.0,0.20355245
0.0,0.40520892
0.0,0.44379902
0.0,0.36889905
0.0,0.60701823
0.0,0.5923529
0.0,0.47844893
1.0,0.6531648
0.0,0.26337957
1.0,0.72612095
0.0,0.17771026
0.0,0.594647
0.0,0.43671834
0.0,0.6508121
1.0,0.76391315
1.0,0.5750657
1.0,0.58669037
1.0,0.6252834
0.0,0.13444415
0.0,0.5576792
1.0,0.5201189
1.0,0.69178414
0.0,0.40299332
0.0,0.16641122
0.0,0.3139708
1.0,0.28676742
0.0,0.19988471
1.0,0.7307922
0.0,0.17775515
0.0,0.2875216
0.0,0.17694
0.0,0.16323102
0.0,0.49062002
0.0,0.15344673
0.0,0.32443327
1.0,0.69014573
0.0,0.1875574
0.0,0.57191175
0.0,0.14523742
1.0,0.16320181
0.0,0.17751855
1.0,0.75038356
0.0,0.18136367
0.0,0.2106112
0.0,0.17519042
0.0,0.52915704
0.0,0.29130098
0.0,0.12146911
1.0,0.6153398
0.0,0.46358767
1.0,0.7116964
1.0,0.6711178
0.0,0.19100109
0.0,0.25597456
1.0,0.6827406
1.0,0.8212669
0.0,0.3235256
0.0,0.63338464
0.0,0.16179585
0.0,0.3218971
0.0,0.17306772
1.0,0.7257082
0.0,0.16317353
1.0,0.60377806
1.0,0.52816
0.0,0.6672287
0.0,0.42818907
0.0,0.16622502
0.0,0.1658811
0.0,0.6659833
0.0,0.18656775
0.0,0.12130773
0.0,0.6270298
1.0,0.5710781
1.0,0.64257175
0.0,0.2239672
0.0,0.1853939
0.0,0.59887516
1.0,0.68691474
0.0,0.16713211
0.0,0.20320436
1.0,0.056439966
1.0,0.6922108
0.0,0.42407346
0.0,0.19075146
0.0,0.2008782
1.0,0.69539905
0.0,0.22972214
1.0,0.7643515
1.0,0.5331005
0.0,0.24329072
0.0,0.28782976
0.0,0.19953975
1.0,0.5578981
0.0,0.536615
1.0,0.5629114
0.0,0.16546166
1.0,0.7351323
0.0,0.3390693
0.0,0.18882266
0.0,0.1882878
1.0,0.77517605
0.0,0.56778324
1.0,0.7449309
1.0,0.31824902
0.0,0.13684282
1.0,0.3556475
0.0,0.25943273
1.0,0.42491025
0.0,0.18781513
1.0,0.6920681
0.0,0.14221561
1.0,0.63472706
1.0,0.76897275
1.0,0.8383407
0.0,0.19855678
1.0,0.78592914
1.0,0.578186
0.0,0.2025803
1.0,0.7357619
1.0,0.62554795
1.0,0.3166883
0.0,0.59755445
0.0,0.2127979
0.0,0.59044963
0.0,0.27087152
