0.0,0.7072948
0.0,0.800824
1.0,0.38616428
0.0,0.33168417
1.0,0.5781303
0.0,0.20985135
1.0,0.8874941
1.0,0.9219048
1.0,0.56771237
0.0,0.35504597
0.0,0.5938896
1.0,0.9232577
0.0,0.12196204
0.0,0.37500408
0.0,0.26324064
0.0,0.18895757
1.0,0.7464524
0.0,0.25870115
0.0,0.19014293
1.0,0.66136706
1.0,0.37871304
0.0,0.1818313
1.0,0.68117124
0.0,0.3418513
0.0,0.15964559
1.0,0.8349091
0.0,0.37474
1.0,0.73997724
0.0,0.11607927
1.0,0.680621
0.0,0.15170038
0.0,0.51277274
1.0,0.8459366
1.0,0.95853835
1.0,0.10396531
1.0,0.72024417
1.0,0.6296563
0.0,0.22312814
1.0,0.8003892
1.0,0.3547452
1.0,0.93773055
1.0,0.8717434
0.0,0.13180465
1.0,0.6935039
1.0,0.7057314
0.0,0.19992346
0.0,0.17275107
0.0,0.23138398
0.0,0.1968424
1.0,0.9290471
0.0,0.5357152
1.0,0.7040944
1.0,0.9156168
1.0,0.80575275
0.0,0.20030856
0.0,0.189461
0.0,0.62760806
1.0,0.28115383
1.0,0.941666
1.0,0.5199943
1.0,0.9220803
0.0,0.4505732
1.0,0.9655496
1.0,0.7690779
1.0,0.68207854
0.0,0.39368862
0.0,0.39080963
1.0,0.8154248
0.0,0.19480002
1.0,0.8132491
0.0,0.6137249
1.0,0.9179884
0.0,0.17011338
0.0,0.28060508
1.0,0.6488197
0.0,0.44687092
0.0,0.17070937
0.0,0.2965039
0.0,0.13085791
1.0,0.9063333
0.0,0.22288755
1.0,0.9499676
1.0,0.9194363
1.0,0.99578404
1.0,0.92976344
1.0,0.60176843
1.0,0.92096853
0.0,0.3529164
0.0,0.26408723
1.0,0.6600951
0.0,0.17346889
1.0,0.574864
0.0,0.24062234
0.0,0.7791523
0.0,0.3268168
1.0,0.8965528
0.0,0.14533874
0.0,0.21048045
1.0,0.6587103
1.0,0.9476484
0.0,0.14214107
0.0,0.20780239
1.0,0.24022612
0.0,0.4027241
0.0,0.21710694
1.0,0.9905143
1.0,0.35802826
0.0,0.20223051
1.0,0.16235664
1.0,0.92705774
1.0,0.8797852
0.0,0.22347897
1.0,0.3022203
0.0,0.36165398
0.0,0.19015849
1.0,0.4715749
0.0,0.18101144
1.0,0.8207567
1.0,0.52774453
1.0,0.86782277
0.0,0.9886739
1.0,0.8749409
0.0,0.7751062
0.0,0.17241701
0.0,0.61563104
1.0,0.32809943
0.0,0.15680736
0.0,0.38824117
1.0,0.9205419
1.0,0.774202
1.0,0.9331472
0.0,0.33425987
0.0,0.15140414
1.0,0.7050855
1.0,0.9830932
0.0,0.7011038
0.0,0.1836415
0.0,0.23807427
0.0,0.2788614
0.0,0.29828936
1.0,0.7962118
0.0,0.208567
1.0,0.45026278
0.0,0.24812561
0.0,0.24135014
0.0,0.15183258
1.0,0.69891274
0.0,0.2367183
0.0,0.28280687
0.0,0.24194661
0.0,0.33426625
0.0,0.19044784
0.0,0.15582576
0.0,0.81342167
0.0,0.3197121
1.0,0.88776517
0.0,0.1246185
0.0,0.2536183
1.0,0.97766906
0.0,0.21089002
0.0,0.60794944
0.0,0.56001633
0.0,0.22097889
0.0,0.99764067
1.0,0.9772515
0.0,0.30156738
1.0,0.6948499
0.0,0.4156903
0.0,0.21362302
1.0,0.7312468
0.0,0.6847346
0.0,0.8558283
0.0,0.45482412
0.0,0.13331848
1.0,0.8024794
1.0,0.7276324
0.0,0.22460115
1.0,0.55043304
0.0,0.42664558
1.0,0.8411269
1.0,0.78195477
1.0,0.7666689
1.0,0.8167707
1.0,0.83956033
0.0,0.6597955
0.0,0.13091668
0.0,0.2053495
0.0,0.9260335
0.0,0.4408599
0.0,0.20607221
1.0,0.46523592
0.0,0.12773123
0.0,0.75044453
1.0,0.8919755
1.0,0.8143374
1.0,0.8205399
0.0,0.18921229
0.0,0.2681053
0.0,0.18457907
1.0,0.23098311
0.0,0.47501373
0.0,0.7275218
0.0,0.496837
0.0,0.69259536
0.0,0.31547958
1.0,0.35140663
0.0,0.20265058
1.0,0.38012663
0.0,0.17224011
0.0,0.33478814
0.0,0.25432685
1.0,0.9168408
0.0,0.30054858
0.0,0.30492103
0.0,0.20480043
0.0,0.16879281
0.0,0.8314014
0.0,0.3806827
1.0,0.97183394
0.0,0.15911046
0.0,0.22468066
1.0,0.7903459
1.0,0.93048805
0.0,0.6998488
0.0,0.18787825
0.0,0.14518794
0.0,0.3910585
0.0,0.20530435
0.0,0.3821581
1.0,0.9148282
0.0,0.27255142
1.0,0.45382953
0.0,0.16688898
1.0,0.6980927
1.0,0.53298354
0.0,0.22538552
0.0,0.19158646
0.0,0.19974187
1.0,0.71799237
1.0,0.79247683
1.0,0.8663304
1.0,0.45322093
0.0,0.14908692
0.0,0.59629226
1.0,0.9504988
0.0,0.62758625
0.0,0.22420731
0.0,0.17372933
0.0,0.19134805
0.0,0.28483504
0.0,0.16478714
0.0,0.4175887
1.0,0.658856
0.0,0.21807522
0.0,0.33107516
0.0,0.3065128
1.0,0.8168994
1.0,0.84725857
0.0,0.23749852
0.0,0.22490773
0.0,0.22023717
1.0,0.79657006
0.0,0.23958272
0.0,0.1369203
0.0,0.20281252
0.0,0.17259002
1.0,0.85901994
1.0,0.9108107
1.0,0.9663703
0.0,0.20294791
1.0,0.8057597
0.0,0.14962125
0.0,0.21356991
0.0,0.68595135
1.0,0.91593444
1.0,0.60194
0.0,0.15015155
0.0,0.17547473
1.0,0.8357873
1.0,0.45018902
0.0,0.43050092
1.0,0.60988396
1.0,0.9832598
0.0,0.62695444
0.0,0.4073369
0.0,0.25593728
0.0,0.16518354
0.0,0.5921234
0.0,0.19119647
1.0,0.9464992
0.0,0.25392067
0.0,0.202207
1.0,0.975767
0.0,0.31801015
1.0,0.8525276
1.0,0.24836534
1.0,0.82823426
1.0,0.69008327
1.0,0.8389131
0.0,0.26823503
1.0,0.8276309
0.0,0.68277836
1.0,0.98788667
0.0,0.5815395
0.0,0.5194902
0.0,0.1965552
0.0,0.5391195
0.0,0.9685863
1.0,0.91837895
0.0,0.8918042
1.0,0.6479407
0.0,0.7815057
1.0,0.78625226
1.0,0.9566057
0.0,0.17537856
0.0,0.19271794
0.0,0.17309844
1.0,0.8183162
1.0,0.49504834
0.0,0.19624066
0.0,0.1599041
0.0,0.15988448
0.0,0.28207314
1.0,0.9713217
1.0,0.5552647
0.0,0.2078791
0.0,0.6357095
1.0,0.7199671
1.0,0.89169824
1.0,0.7065758
0.0,0.26736778
0.0,0.5564845
0.0,0.22447175
0.0,0.77355444
1.0,0.8440859
1.0,0.6382943
0.0,0.24549219
0.0,0.35354513
0.0,0.18904823
0.0,0.587087
0.0,0.14643279
0.0,0.99757504
1.0,0.30328202
0.0,0.27166623
0.0,0.23242751
0.0,0.29900742
0.0,0.7704884
0.0,0.8578273
0.0,0.25300714
0.0,0.13419956
1.0,0.71544397
0.0,0.211804
1.0,0.765766
0.0,0.1503833
0.0,0.31762636
0.0,0.21637747
0.0,0.16894698
0.0,0.640851
1.0,0.36060956
1.0,0.69572353
0.0,0.11642927
1.0,0.5635534
0.0,0.15086082
0.0,0.97313243
0.0,0.3289975
0.0,0.6779735
0.0,0.21490881
0.0,0.06434995
1.0,0.55999625
0.0,0.16905233
1.0,0.9417319
0.0,0.25147235
1.0,0.6407304
0.0,0.4676451
1.0,0.47271574
1.0,0.95473456
1.0,0.9475955
0.0,0.1794332
0.0,0.21794793
1.0,0.83331245
0.0,0.20229301
0.0,0.19127846
1.0,0.24154544
1.0,0.9824193
0.0,0.40413272
1.0,0.76817274
1.0,0.9662044
0.0,0.69077486
0.0,0.20596352
0.0,0.42873695
0.0,0.21922025
0.0,0.17369056
0.0,0.2643929
1.0,0.92426926
0.0,0.4916903
1.0,0.90074515
1.0,0.534135
0.0,0.23188207
0.0,0.3741415
0.0,0.6187239
1.0,0.9795872
1.0,0.8503572
1.0,0.6089765
0.0,0.26643288
1.0,0.9535965
1.0,0.91220945
0.0,0.16896427
0.0,0.39434326
0.0,0.7683592
0.0,0.49183142
1.0,0.7322709
0.0,0.20155767
1.0,0.4901796
0.0,0.5075943
0.0,0.22766218
0.0,0.2811029
0.0,0.17540926
0.0,0.20475903
0.0,0.20471284
0.0,0.18555957
0.0,0.1746946
0.0,0.21364212
0.0,0.6279522
0.0,0.25381902
0.0,0.19895533
0.0,0.6729534
0.0,0.15493926
1.0,0.62182206
0.0,0.37600666
1.0,0.9489223
0.0,0.23505744
0.0,0.17646107
0.0,0.18094629
0.0,0.9314635
0.0,0.6228077
0.0,0.2857144
0.0,0.30068055
0.0,0.16052637
0.0,0.14972234
0.0,0.16735232
0.0,0.60283566
1.0,0.7893555
0.0,0.17967221
0.0,0.14938834
0.0,0.5406277
0.0,0.22980663
1.0,0.29610878
0.0,0.6991206
1.0,0.4970405
0.0,0.21614948
0.0,0.46294612
1.0,0.95260376
0.0,0.71633095
1.0,0.8323735
1.0,0.8175183
1.0,0.6398086
1.0,0.97256684
0.0,0.15790528
1.0,0.7311888
0.0,0.20462528
0.0,0.18253395
0.0,0.70901555
1.0,0.9794178
0.0,0.21426848
0.0,0.13716537
1.0,0.14643797
1.0,0.97940284
0.0,0.3212189
0.0,0.11735064
1.0,0.665565
0.0,0.40833104
1.0,0.7784378
0.0,0.12466961
0.0,0.5133791
1.0,0.7795457
0.0,0.7910069
0.0,0.1290349
1.0,0.45167658
0.0,0.2462785
1.0,0.97570956
0.0,0.1780234
1.0,0.35054433
1.0,0.5317881
1.0,0.7029849
1.0,0.9631432
0.0,0.6065566
0.0,0.2422277
1.0,0.75983655
0.0,0.1341581
0.0,0.49516314
1.0,0.7164136
1.0,0.8909948
1.0,0.8338736
0.0,0.21653727
1.0,0.9584619
1.0,0.72971696
0.0,0.26020664
1.0,0.97367954
0.0,0.25517976
1.0,0.40116176
1.0,0.79891896
0.0,0.7284102
0.0,0.96812546
1.0,0.87310743
0.0,0.5761563
1.0,0.92758596
0.0,0.544919
0.0,0.20408231
0.0,0.75410694
1.0,0.9886386
0.0,0.24084276
0.0,0.17434132
0.0,0.78163135
1.0,0.64200234
0.0,0.19767913
0.0,0.1866383
0.0,0.36866996
0.0,0.8697943
1.0,0.7710485
1.0,0.8194152
0.0,0.22234201
0.0,0.6301597
0.0,0.25984532
0.0,0.5655467
0.0,0.29886
1.0,0.9313213
0.0,0.2984873
1.0,0.72811747
0.0,0.6971669
0.0,0.30877215
1.0,0.48744515
0.0,0.29566818
0.0,0.5312854
0.0,0.19689429
0.0,0.21080995
0.0,0.1800949
0.0,0.18169203
0.0,0.13438445
0.0,0.25826952
1.0,0.7768208
1.0,0.9661502
0.0,0.16257137
0.0,0.21497756
1.0,0.9710404
0.0,0.16502863
1.0,0.825302
0.0,0.20976081
0.0,0.16291246
1.0,0.7306196
0.0,0.45252836
1.0,0.5766362
0.0,0.79875207
1.0,0.52373815
0.0,0.17787701
0.0,0.26115352
0.0,0.76366806
1.0,0.928204
0.0,0.16318694
0.0,0.2746537
0.0,0.11021733
0.0,0.9286696
1.0,0.4124643
0.0,0.3073544
0.0,0.12664449
1.0,0.961268
1.0,0.38928628
0.0,0.3575077
1.0,0.7729452
0.0,0.26495403
0.0,0.6587999
1.0,0.91661537
1.0,0.9200735
0.0,0.25508934
1.0,0.8081637
1.0,0.7850368
0.0,0.18446171
0.0,0.27171344
0.0,0.26359755
1.0,0.25005025
0.0,0.11561766
0.0,0.1947107
0.0,0.18147933
1.0,0.9611025
1.0,0.7128391
0.0,0.18736008
1.0,0.723721
1.0,0.16606754
0.0,0.42611113
1.0,0.6906794
0.0,0.59012866
1.0,0.80152774
0.0,0.2559253
1.0,0.7008432
0.0,0.18380561
0.0,0.18285075
1.0,0.8146246
0.0,0.18786234
1.0,0.7770031
0.0,0.2405093
0.0,0.3154359
0.0,0.18389162
1.0,0.70885384
0.0,0.63911414
1.0,0.5131962
0.0,0.17415321
1.0,0.82814074
1.0,0.7409029
0.0,0.1621544
1.0,0.8170052
1.0,0.70808756
1.0,0.6712174
1.0,0.72775304
0.0,0.4931063
0.0,0.22795519
0.0,0.71411383
1.0,0.8675369
1.0,0.4773025
0.0,0.087451994
0.0,0.20299056
0.0,0.35975748
1.0,0.8546256
0.0,0.67708856
1.0,0.24651045
1.0,0.95828795
0.0,0.28157574
0.0,0.20147508
1.0,0.81297874
0.0,0.68364275
1.0,0.8548182
0.0,0.5750092
0.0,0.21985859
0.0,0.2786237
1.0,0.48149362
0.0,0.28316486
1.0,0.9996902
0.0,0.19102523
1.0,0.95630085
0.0,0.35832137
0.0,0.25419587
1.0,0.53805655
1.0,0.3669866
1.0,0.6076031
1.0,0.7185192
0.0,0.2539782
0.0,0.21893823
0.0,0.6710664
0.0,0.14167637
1.0,0.5064258
1.0,0.4411706
0.0,0.14214128
0.0,0.1974237
0.0,0.18463129
1.0,0.8147905
0.0,0.16156426
0.0,0.19356084
0.0,0.20523238
0.0,0.7089387
0.0,0.4052724
0.0,0.3681078
1.0,0.7425691
0.0,0.5328803
1.0,0.40251082
0.0,0.28475332
0.0,0.34370437
1.0,0.5725574
1.0,0.6966797
1.0,0.8178818
0.0,0.29260275
0.0,0.2428337
1.0,0.60517436
0.0,0.18113929
0.0,0.16580352
0.0,0.51142615
1.0,0.7678234
0.0,0.27708316
0.0,0.2745927
1.0,0.9607137
0.0,0.23389044
1.0,0.97876215
1.0,0.8350458
1.0,0.95095044
0.0,0.1874949
1.0,0.86993074
1.0,0.80035377
0.0,0.40921855
1.0,0.4944213
0.0,0.19153419
0.0,0.67227304
0.0,0.31953976
0.0,0.21810445
1.0,0.7742605
1.0,0.8198319
1.0,0.81223047
1.0,0.87288904
1.0,0.82181144
0.0,0.99480015
0.0,0.71785104
1.0,0.8773929
0.0,0.20364499
1.0,0.68508387
1.0,0.9882827
0.0,0.27622247
1.0,0.64440536
1.0,0.41959006
0.0,0.16710976
0.0,0.21155614
0.0,0.116894454
0.0,0.21220055
1.0,0.607979
1.0,0.95686674
0.0,0.20261988
0.0,0.19190463
1.0,0.23382995
1.0,0.5127898
1.0,0.3176817
0.0,0.22231063
1.0,0.86801684
1.0,0.72350943
0.0,0.20541051
0.0,0.48123598
1.0,0.6676557
1.0,0.97858334
0.0,0.5788855
1.0,0.9588286
0.0,0.33220148
0.0,0.27061704
1.0,0.9130298
0.0,0.85225034
1.0,0.95808685
0.0,0.76844776
0.0,0.23243597
0.0,0.34486
1.0,0.8791991
1.0,0.46107376
0.0,0.1853402
0.0,0.21394137
1.0,0.7492975
0.0,0.33438903
1.0,0.9550133
1.0,0.73706055
1.0,0.7612493
0.0,0.2913844
0.0,0.695009
0.0,0.5908958
0.0,0.15622967
0.0,0.14238286
1.0,0.93038684
0.0,0.74514335
0.0,0.21889424
1.0,0.6379911
0.0,0.32221586
1.0,0.25852764
1.0,0.7803867
0.0,0.234727
0.0,0.2475689
0.0,0.8295196
0.0,0.17042041
0.0,0.09633532
0.0,0.14256212
0.0,0.20587307
0.0,0.78277874
1.0,0.5740693
1.0,0.956161
0.0,0.9965056
0.0,0.7501532
0.0,0.24323139
0.0,0.2451432
0.0,0.21698993
1.0,0.38919675
0.0,0.20001978
0.0,0.11871678
1.0,0.97864044
1.0,0.43778902
0.0,0.16016212
0.0,0.88113874
0.0,0.13509837
0.0,0.4324173
0.0,0.16715428
0.0,0.22779843
1.0,0.8213487
1.0,0.80555755
1.0,0.9104291
0.0,0.17010686
1.0,0.9981626
1.0,0.84893167
0.0,0.44187278
0.0,0.14576799
1.0,0.71876323
1.0,0.56821907
1.0,0.73962444
1.0,0.76027566
1.0,0.5609432
0.0,0.39971164
0.0,0.4048315
1.0,0.65334797
0.0,0.16676363
1.0,0.7902968
0.0,0.13756838
1.0,0.5815563
0.0,0.17786822
0.0,0.6906886
0.0,0.2963529
0.0,0.27398163
0.0,0.7624614
0.0,0.1066919
0.0,0.14656705
0.0,0.19871885
0.0,0.64817876
0.0,0.19208145
0.0,0.14852697
1.0,0.88060373
1.0,0.81232274
1.0,0.8710085
0.0,0.7976886
0.0,0.4318274
0.0,0.3042383
0.0,0.18136775
1.0,0.6993971
1.0,0.68476087
1.0,0.76634324
1.0,0.93893385
0.0,0.7640441
0.0,0.14458606
0.0,0.18396565
1.0,0.47532868
0.0,0.26062775
1.0,0.17181581
1.0,0.8307092
0.0,0.42366877
0.0,0.15908194
0.0,0.21473467
0.0,0.36845744
1.0,0.9681861
1.0,0.794922
0.0,0.14688444
1.0,0.9377685
1.0,0.77958417
0.0,0.5166882
0.0,0.216555
1.0,0.83243066
0.0,0.13050735
0.0,0.35406002
0.0,0.15735212
0.0,0.4000927
0.0,0.16985667
1.0,0.488493
0.0,0.27797598
0.0,0.7645439
1.0,0.9332595
1.0,0.92603695
0.0,0.87933314
0.0,0.32838193
1.0,0.9956864
0.0,0.27876136
0.0,0.10141009
1.0,0.55875224
0.0,0.28428727
0.0,0.19125998
0.0,0.20283106
1.0,0.9572098
0.0,0.40529272
1.0,0.80119073
1.0,0.77378607
1.0,0.9833053
0.0,0.16337824
1.0,0.70387864
0.0,0.18135807
1.0,0.920351
0.0,0.31088838
1.0,0.7743355
0.0,0.21706548
0.0,0.17370346
1.0,0.95475173
0.0,0.13581741
0.0,0.15516984
1.0,0.7490235
1.0,0.8290794
1.0,0.38161254
1.0,0.63145715
1.0,0.63653076
1.0,0.8741275
1.0,0.57059395
0.0,0.192411
1.0,0.6281134
1.0,0.97406155
0.0,0.35243946
0.0,0.17223692
0.0,0.174398
1.0,0.6832463
0.0,0.16216055
0.0,0.37817222
0.0,0.36487916
1.0,0.8862236
0.0,0.23019725
0.0,0.7161381
1.0,0.67571604
1.0,0.8173356
1.0,0.93221533
1.0,0.32228085
0.0,0.8425299
0.0,0.26663905
0.0,0.21584716
0.0,0.5175381
0.0,0.15218529
0.0,0.23397315
0.0,0.18839052
1.0,0.3760025
1.0,0.9076005
0.0,0.28747836
1.0,0.7548053
0.0,0.15964562
0.0,0.23526567
1.0,0.97701085
0.0,0.16895601
0.0,0.98687285
0.0,0.20781064
0.0,0.8232857
0.0,0.1633175
0.0,0.17369723
0.0,0.82929033
1.0,0.82741636
0.0,0.30658323
0.0,0.65597975
1.0,0.83239704
0.0,0.20910755
1.0,0.5680916
0.0,0.2845616
0.0,0.16417032
0.0,0.25449085
0.0,0.38455716
0.0,0.16055104
0.0,0.16559619
0.0,0.2020149
0.0,0.32265332
0.0,0.6300848
1.0,0.630165
0.0,0.28977245
1.0,0.9267242
0.0,0.727224
1.0,0.20770577
0.0,0.311109
0.0,0.23784262
0.0,0.39127517
1.0,0.85516155
1.0,0.19182613
1.0,0.4701922
0.0,0.21245229
0.0,0.82578754
1.0,0.91076505
0.0,0.29812127
0.0,0.3900267
1.0,0.7735696
0.0,0.27235943
1.0,0.86231637
1.0,0.62891906
0.0,0.25858852
1.0,0.46479785
0.0,0.29081476
1.0,0.3370242
0.0,0.42889595
1.0,0.9879459
0.0,0.12007469
0.0,0.797464
0.0,0.27413213
0.0,0.27415892
0.0,0.17931998
0.0,0.26076186
0.0,0.28591236
1.0,0.8048353
0.0,0.2081714
0.0,0.1528804
0.0,0.1002388
0.0,0.23555103
0.0,0.31739554
1.0,0.6397183
0.0,0.4556115
0.0,0.3506673
1.0,0.53590465
0.0,0.31112522
1.0,0.99979544
0.0,0.87012565
1.0,0.58991706
1.0,0.9162029
0.0,0.18727842
1.0,0.9802714
0.0,0.7472639
0.0,0.20707357
0.0,0.20169395
0.0,0.26127645
1.0,0.69463235
1.0,0.9723053
0.0,0.26146972
0.0,0.4543466
1.0,0.940547
0.0,0.3747249
1.0,0.6813722
1.0,0.38954234
1.0,0.7244456
0.0,0.3286823
1.0,0.72707534
0.0,0.24897838
1.0,0.82566464
1.0,0.31298164
0.0,0.26412678
0.0,0.6693509
0.0,0.12867555
0.0,0.6548642
1.0,0.81922853
1.0,0.8453008
1.0,0.86208665
0.0,0.24269983
0.0,0.14425084
1.0,0.97698957
0.0,0.5430138
0.0,0.13281617
0.0,0.38057536
1.0,0.7187637
0.0,0.69911075
0.0,0.21836382
0.0,0.248754
0.0,0.29691863
1.0,0.7785063
1.0,0.70640266
0.0,0.25191098
0.0,0.22421253
0.0,0.19526184
1.0,0.99138653
0.0,0.31909513
0.0,0.77638084
1.0,0.8063741
0.0,0.15583125
0.0,0.58103323
1.0,0.7245201
0.0,0.17545328
1.0,0.42611387
1.0,0.39092705
0.0,0.17612818
0.0,0.18987396
0.0,0.14969504
0.0,0.18646878
1.0,0.8948279
1.0,0.99298656
1.0,0.9848062
1.0,0.5892386
0.0,0.76492816
0.0,0.2845161
1.0,0.8258687
1.0,0.956709
0.0,0.47336763
0.0,0.22745577
1.0,0.890442
0.0,0.17242852
1.0,0.8392228
0.0,0.16797385
0.0,0.34774172
1.0,0.8268353
0.0,0.3385687
0.0,0.1677289
0.0,0.28188348
0.0,0.27479526
0.0,0.50278676
1.0,0.4135148
0.0,0.2180931
1.0,0.946427
0.0,0.2629729
1.0,0.5361965
0.0,0.32768238
1.0,0.82948864
1.0,0.9353117
1.0,0.98915255
0.0,0.67040235
0.0,0.16189185
1.0,0.80973375
0.0,0.13678232
0.0,0.26925245
1.0,0.76912963
1.0,0.7757643
0.0,0.25204593
1.0,0.79612166
1.0,0.862084
0.0,0.82242477
0.0,0.21921074
0.0,0.9999461
0.0,0.17145824
0.0,0.16139743
0.0,0.8570556
1.0,0.93998444
1.0,0.9885424
1.0,0.8333446
0.0,0.16997099
0.0,0.16379389
0.0,0.24179083
0.0,0.1875172
0.0,0.27581298
0.0,0.20581838
1.0,0.8751809
1.0,0.81134295
1.0,0.6674432
0.0,0.34464812
0.0,0.9777547
1.0,0.856892
0.0,0.9995475
0.0,0.84024453
1.0,0.7458178
0.0,0.62616706
0.0,0.6980947
1.0,0.7715837
0.0,0.21860906
1.0,0.46368435
1.0,0.6211609
0.0,0.90179646
0.0,0.1822654
1.0,0.9935773
0.0,0.12505412
0.0,0.43091452
1.0,0.879881
1.0,0.62047803
1.0,0.7837167
1.0,0.85541844
0.0,0.8074089
0.0,0.20409122
0.0,0.17893162
1.0,0.5881623
0.0,0.8771274
1.0,0.8799803
0.0,0.7111489
1.0,0.7519456
1.0,0.456655
0.0,0.22629327
0.0,0.2518415
0.0,0.2419163
0.0,0.45941934
0.0,0.20839861
0.0,0.1965433
1.0,0.3771153
1.0,0.64300454
0.0,0.4739039
1.0,0.94359314
1.0,0.28439537
0.0,0.14935601
0.0,0.29591686
1.0,0.6623817
1.0,0.4412702
0.0,0.219946
0.0,0.63462216
0.0,0.16207725
0.0,0.20631003
1.0,0.6447867
1.0,0.97840154
0.0,0.2657271
0.0,0.16190127
0.0,0.2624365
0.0,0.25313032
0.0,0.1689159
0.0,0.18682337
0.0,0.6380574
0.0,0.7690525
0.0,0.16870186
0.0,0.24080563
0.0,0.37297344
1.0,0.93380004
1.0,0.7712188
0.0,0.21965101
0.0,0.18302605
0.0,0.04523897
0.0,0.20198572
0.0,0.3973611
0.0,0.34281063
0.0,0.17424715
0.0,0.80078983
1.0,0.68836385
1.0,0.8749277
1.0,0.85722077
1.0,0.81491673
1.0,0.95186615
0.0,0.7650013
0.0,0.24647528
0.0,0.25484568
0.0,0.23239195
1.0,0.67041045
0.0,0.18218744
1.0,0.7084503
0.0,0.18620753
0.0,0.7685238
0.0,0.84332347
0.0,0.34347466
0.0,0.2895184
0.0,0.8170111
0.0,0.32473004
0.0,0.16119361
1.0,0.89762723
1.0,0.69593686
0.0,0.83189017
0.0,0.32754678
0.0,0.19765028
0.0,0.16580465
1.0,0.7878823
0.0,0.16728768
1.0,0.35621002
0.0,0.18095586
1.0,0.29266626
0.0,0.16452143
0.0,0.33226532
1.0,0.78701735
0.0,0.1378318
1.0,0.6352478
0.0,0.3723928
0.0,0.47111148
0.0,0.49798128
0.0,0.13709897
0.0,0.16625115
1.0,0.8700557
1.0,0.8547963
0.0,0.6650257
0.0,0.21978977
0.0,0.17871654
0.0,0.30751938
1.0,0.62724113
0.0,0.5175822
1.0,0.40400484
1.0,0.7934816
0.0,0.6201582
0.0,0.19633031
0.0,0.29163605
0.0,0.33351612
0.0,0.25460893
0.0,0.09271884
0.0,0.2303147
0.0,0.31266588
0.0,0.51997125
1.0,0.8118142
0.0,0.9714047
0.0,0.1706844
1.0,0.74063516
0.0,0.24478176
0.0,0.33091387
0.0,0.13695917
0.0,0.21412376
1.0,0.25592646
1.0,0.880557
1.0,0.6496778
0.0,0.15705708
0.0,0.17989832
0.0,0.21082279
0.0,0.70230913
0.0,0.4938357
0.0,0.70375264
1.0,0.919469
1.0,0.91574496
1.0,0.81837595
0.0,0.24583325
1.0,0.98819673
1.0,0.50098425
0.0,0.27380443
1.0,0.7527181
0.0,0.2026482
0.0,0.29341906
0.0,0.9829882
1.0,0.93638325
1.0,0.8281077
1.0,0.80872333
0.0,0.8614399
0.0,0.3728463
0.0,0.14958394
1.0,0.95955515
1.0,0.9585993
1.0,0.8795806
1.0,0.70281315
0.0,0.24190906
0.0,0.19859368
0.0,0.18375465
0.0,0.65157694
1.0,0.85696495
0.0,0.16947272
0.0,0.3693344
0.0,0.43247026
1.0,0.67365843
0.0,0.4493627
0.0,0.22225887
0.0,0.210677
0.0,0.79126835
0.0,0.17061317
0.0,0.20258945
0.0,0.19098765
0.0,0.25565162
0.0,0.16620353
1.0,0.97128665
1.0,0.35339648
0.0,0.63802797
0.0,0.81177175
0.0,0.50359344
1.0,0.73682034
0.0,0.21320847
0.0,0.18839505
0.0,0.47998795
0.0,0.17157522
1.0,0.88615406
0.0,0.2328389
0.0,0.32640982
1.0,0.5626553
1.0,0.60887
1.0,0.83935666
0.0,0.06838897
0.0,0.9947217
1.0,0.8237256
1.0,0.9588758
1.0,0.94129944
0.0,0.654822
0.0,0.46422663
0.0,0.17044595
1.0,0.063895196
1.0,0.9514202
0.0,0.21695319
0.0,0.52631724
1.0,0.6395305
1.0,0.9262916
0.0,0.18693754
1.0,0.7249799
1.0,0.8313564
0.0,0.27029613
1.0,0.37673265
0.0,0.18527067
0.0,0.15972957
0.0,0.736817
0.0,0.22404808
1.0,0.43409327
0.0,0.2733326
1.0,0.570185
1.0,0.81344414
1.0,0.5037922
0.0,0.19011092
0.0,0.4464753
1.0,0.65004355
0.0,0.17746028
1.0,0.58675015
1.0,0.9417178
0.0,0.76556945
0.0,0.31935167
1.0,0.42057973
1.0,0.9713901
0.0,0.16423166
1.0,0.71562314
1.0,0.6147968
1.0,0.73391044
1.0,0.8691925
1.0,0.7624886
1.0,0.93341696
0.0,0.19751906
0.0,0.7906977
0.0,0.25380817
1.0,0.8735839
1.0,0.9554839
0.0,0.4685947
0.0,0.18037719
1.0,0.70829976
0.0,0.20935172
1.0,0.9217037
0.0,0.52963066
1.0,0.6692611
1.0,0.87357295
0.0,0.53409773
1.0,0.94620305
0.0,0.49572214
1.0,0.989859
1.0,0.9559739
1.0,0.34947324
0.0,0.21263817
0.0,0.2008881
1.0,0.8700636
0.0,0.19717607
1.0,0.8702924
0.0,0.1926305
0.0,0.4209577
0.0,0.24181986
0.0,0.26188684
0.0,0.12780026
0.0,0.3302521
0.0,0.5633358
1.0,0.962463
1.0,0.3075589
0.0,0.16219118
1.0,0.90676785
1.0,0.7197826
0.0,0.89831793
0.0,0.7841232
0.0,0.13532194
0.0,0.26528442
0.0,0.24613044
0.0,0.24515039
1.0,0.43798938
1.0,0.97515285
0.0,0.18773684
0.0,0.14430588
0.0,0.48905972
0.0,0.85247153
0.0,0.6050163
1.0,0.80000174
0.0,0.71121275
0.0,0.24499762
1.0,0.756168
1.0,0.83879435
0.0,0.4965061
0.0,0.9993725
0.0,0.1642581
1.0,0.94558525
1.0,0.72283894
0.0,0.29799867
0.0,0.21256855
0.0,0.17483482
0.0,0.27466473
0.0,0.14151949
1.0,0.86339545
1.0,0.7241779
1.0,0.4221354
0.0,0.09118885
1.0,0.4101248
0.0,0.71005225
1.0,0.9664073
1.0,0.46175542
0.0,0.18784556
0.0,0.19182718
0.0,0.12395373
0.0,0.2701891
0.0,0.8077889
1.0,0.97588897
0.0,0.5729081
0.0,0.53911316
0.0,0.22003984
0.0,0.18686438
0.0,0.21253088
0.0,0.18882951
0.0,0.5017642
1.0,0.54626864
1.0,0.8992193
0.0,0.11994958
0.0,0.558386
0.0,0.7893647
0.0,0.19854611
1.0,0.78972816
0.0,0.2203793
0.0,0.5296897
1.0,0.73879725
0.0,0.61684424
0.0,0.25915885
0.0,0.50145787
0.0,0.19341737
1.0,0.91681063
1.0,0.8717328
0.0,0.20685959
1.0,0.31579375
1.0,0.75871
1.0,0.79824424
0.0,0.50570685
0.0,0.30435145
1.0,0.742738
1.0,0.93626034
0.0,0.18790871
1.0,0.9366357
0.0,0.20564333
1.0,0.8019719
1.0,0.8160402
1.0,0.499155
0.0,0.21173188
1.0,0.63771206
1.0,0.6760415
0.0,0.2603561
0.0,0.7383272
0.0,0.91171527
0.0,0.6450754
0.0,0.23274794
0.0,0.16215289
1.0,0.9477198
0.0,0.676239
0.0,0.5169354
0.0,0.66300225
0.0,0.20718253
0.0,0.2231093
0.0,0.034555733
1.0,0.7777506
0.0,0.3592071
0.0,0.321697
0.0,0.4694138
1.0,0.80998826
1.0,0.6958319
1.0,0.8418946
1.0,0.8833777
0.0,0.17825374
0.0,0.3840498
0.0,0.18979824
0.0,0.25344872
0.0,0.74953276
0.0,0.23560649
1.0,0.76666933
0.0,0.6877043
1.0,0.31790447
1.0,0.2922134
1.0,0.6282679
0.0,0.17416126
0.0,0.16842681
0.0,0.19292057
0.0,0.15309262
1.0,0.79655135
1.0,0.81960744
1.0,0.5192048
1.0,0.8625829
1.0,0.64180464
0.0,0.20688859
0.0,0.29865262
0.0,0.6665068
0.0,0.32768524
1.0,0.8932811
0.0,0.17438278
0.0,0.99883306
1.0,0.9109925
1.0,0.5982893
0.0,0.17060283
0.0,0.23311388
0.0,0.32076663
0.0,0.20858249
1.0,0.55630857
0.0,0.6558675
0.0,0.2878701
1.0,0.9926754
0.0,0.50252926
1.0,0.8794519
1.0,0.9209057
0.0,0.155658
0.0,0.64998007
0.0,0.22345823
0.0,0.23463371
1.0,0.86682737
0.0,0.20336822
0.0,0.28038526
0.0,0.8466139
0.0,0.26431924
1.0,0.8743626
1.0,0.6772102
1.0,0.9105557
1.0,0.88595504
0.0,0.20428827
0.0,0.2384614
1.0,0.61922896
0.0,0.23905703
1.0,0.41576856
0.0,0.20150208
1.0,0.95566225
1.0,0.8785132
0.0,0.35483482
0.0,0.6870905
0.0,0.59377086
0.0,0.18622822
0.0,0.15984088
0.0,0.24208355
1.0,0.8369248
0.0,0.1332748
0.0,0.34098792
0.0,0.43029788
0.0,0.32622558
0.0,0.19829282
0.0,0.16474679
0.0,0.23945397
0.0,0.14495349
0.0,0.14662251
0.0,0.21500784
0.0,0.32205904
0.0,0.1676291
1.0,0.4904138
0.0,0.39506534
1.0,0.8461828
0.0,0.1669876
0.0,0.1479736
1.0,0.7330846
0.0,0.21084389
1.0,0.95808995
0.0,0.52521724
1.0,0.87209857
0.0,0.6840356
0.0,0.36047572
1.0,0.86092544
1.0,0.41470873
0.0,0.19018477
0.0,0.31838325
0.0,0.076021284
0.0,0.1763674
0.0,0.18778792
0.0,0.7611971
1.0,0.9183485
1.0,0.8319664
0.0,0.23857263
0.0,0.18404156
1.0,0.6855568
1.0,0.8444422
1.0,0.66117835
0.0,0.14330724
1.0,0.2957207
0.0,0.5539722
1.0,0.474804
0.0,0.14594421
1.0,0.6253126
0.0,0.21069986
0.0,0.5269424
0.0,0.6671067
0.0,0.66544265
1.0,0.77160984
0.0,0.34896374
0.0,0.2771327
1.0,0.97119665
0.0,0.24618071
0.0,0.89268625
0.0,0.8926157
1.0,0.971264
0.0,0.4485361
0.0,0.26982462
0.0,0.9361336
1.0,0.69917804
0.0,0.17155126
0.0,0.6042547
0.0,0.24996933
1.0,0.57777107
0.0,0.114753395
1.0,0.9790048
0.0,0.7317649
1.0,0.75294423
1.0,0.97170544
0.0,0.60113645
1.0,0.8888718
1.0,0.85757697
0.0,0.17665383
0.0,0.636203
0.0,0.14871788
1.0,0.94113886
0.0,0.2599755
1.0,0.7981269
1.0,0.5068697
0.0,0.17177251
1.0,0.876751
0.0,0.9173951
1.0,0.52401286
0.0,0.6621423
1.0,0.75534916
0.0,0.506737
1.0,0.29517886
0.0,0.50452244
0.0,0.13638061
0.0,0.15959954
0.0,0.2094503
0.0,0.15015006
0.0,0.18449157
0.0,0.13042817
0.0,0.34879863
0.0,0.38289163
0.0,0.57401276
0.0,0.57349724
0.0,0.27134216
1.0,0.83347213
1.0,0.9810385
0.0,0.8191004
1.0,0.30866092
0.0,0.34003755
0.0,0.2989897
0.0,0.8724526
0.0,0.26628757
0.0,0.21206638
0.0,0.22098273
1.0,0.81409097
0.0,0.15899298
0.0,0.18277383
1.0,0.16166636
0.0,0.1481337
1.0,0.8994103
0.0,0.29248238
0.0,0.9989196
1.0,0.6319165
0.0,0.20328563
1.0,0.8879564
0.0,0.18786249
0.0,0.18626243
0.0,0.13669309
1.0,0.8759756
0.0,0.19198948
1.0,0.785482
1.0,0.60919756
0.0,0.8361151
0.0,0.15272963
1.0,0.21681458
0.0,0.19378772
0.0,0.26436308
0.0,0.7336725
0.0,0.18904704
0.0,0.5712956
0.0,0.8235506
1.0,0.33444375
0.0,0.1922358
1.0,0.82813764
0.0,0.141188
0.0,0.15146402
0.0,0.16280481
1.0,0.72266084
1.0,0.9619776
0.0,0.9386209
0.0,0.6132498
0.0,0.16612658
0.0,0.2812004
0.0,0.22095373
0.0,0.15362015
0.0,0.108307004
1.0,0.33751124
1.0,0.8026717
0.0,0.28703472
0.0,0.8982914
1.0,0.87132823
0.0,0.18530193
1.0,0.8165718
0.0,0.24574488
0.0,0.2031101
1.0,0.9492415
0.0,0.5019526
1.0,0.7650745
1.0,0.8980307
1.0,0.873085
0.0,0.86543953
0.0,0.19132444
0.0,0.65678066
1.0,0.9168226
0.0,0.43626887
1.0,0.8077259
0.0,0.28099883
0.0,0.23405734
0.0,0.63278073
1.0,0.878377
0.0,0.15500808
0.0,0.24376914
0.0,0.49301597
1.0,0.5665745
1.0,0.94231564
0.0,0.2938887
0.0,0.21988586
1.0,0.82642853
1.0,0.85751045
1.0,0.95475614
1.0,0.52494
0.0,0.19517761
1.0,0.8968804
0.0,0.24452627
0.0,0.21600404
0.0,0.2324104
1.0,0.7066934
0.0,0.24063769
0.0,0.24471465
0.0,0.16529098
1.0,0.47398615
0.0,0.41019875
1.0,0.83913594
1.0,0.94080913
0.0,0.30269527
1.0,0.9351558
0.0,0.14653912
1.0,0.66084
0.0,0.6049154
0.0,0.17212841
0.0,0.21934402
0.0,0.16584036
1.0,0.9307672
0.0,0.2706055
0.0,0.30761877
0.0,0.49197912
1.0,0.9853604
1.0,0.93078774
0.0,0.21942171
1.0,0.9292411
1.0,0.9733413
1.0,0.9902644
1.0,0.44431525
0.0,0.6830671
1.0,0.89541805
0.0,0.25042325
0.0,0.5037341
1.0,0.55956686
0.0,0.1940338
0.0,0.24179903
0.0,0.6666992
1.0,0.99943817
0.0,0.46602893
0.0,0.37416083
1.0,0.77018046
0.0,0.19785368
1.0,0.90164137
0.0,0.17256841
0.0,0.858312
1.0,0.7661497
1.0,0.8966676
0.0,0.1512559
1.0,0.8823025
1.0,0.85075104
0.0,0.6523001
0.0,0.47872123
1.0,0.99843395
0.0,0.5259023
1.0,0.9704809
0.0,0.19185087
0.0,0.3947709
1.0,0.48940498
1.0,0.87624526
0.0,0.60554236
1.0,0.6657157
0.0,0.2658373
0.0,0.84144914
1.0,0.9603163
0.0,0.37351504
0.0,0.39312106
0.0,0.19213438
1.0,0.58949924
0.0,0.18317243
0.0,0.3539974
1.0,0.84614587
1.0,0.6803257
0.0,0.19470105
0.0,0.61195314
0.0,0.26097262
1.0,0.47588667
0.0,0.67007357
0.0,0.10975769
0.0,0.23700717
0.0,0.20279989
0.0,0.20959806
1.0,0.27115762
0.0,0.3963742
0.0,0.14125499
0.0,0.23693016
1.0,0.73613846
1.0,0.96609795
1.0,0.6929726
0.0,0.59833986
0.0,0.17440033
0.0,0.8782133
1.0,0.97490907
0.0,0.24714682
1.0,0.80597997
0.0,0.18891603
1.0,0.91197103
0.0,0.33351502
1.0,0.8551313
0.0,0.909392
1.0,0.7056202
0.0,0.41714615
0.0,0.20927605
1.0,0.5313419
1.0,0.9004924
1.0,0.84076434
0.0,0.4669809
1.0,0.8304783
1.0,0.607747
1.0,0.39405528
0.0,0.1422709
1.0,0.43234068
0.0,0.2689926
0.0,0.83098865
1.0,0.63188064
0.0,0.5079655
0.0,0.22252983
0.0,0.32854962
0.0,0.22379702
0.0,0.7156439
1.0,0.9007216
1.0,0.76397216
0.0,0.66027546
0.0,0.69534373
0.0,0.2114766
1.0,0.9899982
0.0,0.6602099
0.0,0.6188865
0.0,0.1926572
0.0,0.14595497
0.0,0.28086847
0.0,0.5809979
1.0,0.8917377
1.0,0.9842068
1.0,0.5500878
0.0,0.53322357
0.0,0.17620862
0.0,0.16054362
0.0,0.1731283
0.0,0.18203095
1.0,0.9495081
0.0,0.3367728
0.0,0.4953464
1.0,0.9448998
0.0,0.23819786
1.0,0.53761107
1.0,0.619165
0.0,0.016432554
0.0,0.17142594
0.0,0.42743844
1.0,0.5267735
0.0,0.4810565
0.0,0.22368735
1.0,0.87983745
1.0,0.59134716
0.0,0.15848672
0.0,0.27329588
0.0,0.6309011
0.0,0.12906066
0.0,0.54761064
1.0,0.3523828
1.0,0.8859681
0.0,0.20854363
0.0,0.18898216
0.0,0.43302864
0.0,0.288186
1.0,0.5955083
0.0,0.25225013
1.0,0.9647856
0.0,0.20248282
1.0,0.9690267
0.0,0.14762309
1.0,0.98324656
1.0,0.7374097
0.0,0.22787663
0.0,0.35576528
0.0,0.10880032
0.0,0.30733073
1.0,0.95472807
1.0,0.0757319
1.0,0.4322549
1.0,0.5219225
1.0,0.61693174
0.0,0.0674139
1.0,0.67203754
1.0,0.6803833
0.0,0.46989346
0.0,0.24969694
0.0,0.24182335
1.0,0.66385853
1.0,0.9769361
0.0,0.90772283
0.0,0.19480905
1.0,0.69886476
0.0,0.09934661
0.0,0.24806842
1.0,0.93152946
0.0,0.75813234
0.0,0.2353662
1.0,0.64438623
1.0,0.7969558
0.0,0.17859787
0.0,0.18993455
0.0,0.34276727
1.0,0.76213
1.0,0.96881986
0.0,0.5549238
0.0,0.56879205
1.0,0.9346444
1.0,0.7616513
0.0,0.15490317
0.0,0.4448646
0.0,0.19579935
1.0,0.39245784
1.0,0.74772376
0.0,0.21041065
0.0,0.18166694
1.0,0.7400288
0.0,0.20087007
0.0,0.2577536
0.0,0.34978306
0.0,0.7874002
1.0,0.5396471
0.0,0.74429667
0.0,0.12670997
0.0,0.78739864
0.0,0.37883672
0.0,0.61981076
1.0,0.90554357
1.0,0.8257612
0.0,0.32283515
1.0,0.96401167
0.0,0.43546122
1.0,0.90719503
1.0,0.19702467
1.0,0.92117774
0.0,0.17300102
0.0,0.7326553
0.0,0.2362513
1.0,0.9881573
0.0,0.22091025
1.0,0.8966671
0.0,0.26674432
0.0,0.1681998
1.0,0.33187854
1.0,0.9997955
0.0,0.14910728
1.0,0.658775
0.0,0.21194342
1.0,0.8567388
0.0,0.14105257
1.0,0.66812783
1.0,0.29930043
0.0,0.195669
0.0,0.19311422
0.0,0.3286131
0.0,0.15525004
0.0,0.19764552
0.0,0.83034205
0.0,0.28367722
0.0,0.20023641
0.0,0.91107094
0.0,0.21208051
1.0,0.95979977
0.0,0.6850891
0.0,0.76207054
1.0,0.99421215
0.0,0.21167046
1.0,0.9605431
0.0,0.2261124
1.0,0.90059876
0.0,0.15110096
0.0,0.20638195
1.0,0.98476255
0.0,0.2003214
0.0,0.17625633
0.0,0.28476316
1.0,0.8179248
1.0,0.6451377
0.0,0.20134544
1.0,0.8588222
1.0,0.42121327
1.0,0.87010175
0.0,0.68926847
1.0,0.42761925
1.0,0.68361884
0.0,0.98680687
1.0,0.48798457
1.0,0.5909391
0.0,0.2577023
0.0,0.1554505
0.0,0.20001772
0.0,0.21213776
0.0,0.38805193
0.0,0.23919627
0.0,0.18575278
0.0,0.1293754
1.0,0.7877128
0.0,0.33940685
0.0,0.19040218
0.0,0.25272578
0.0,0.33321708
1.0,0.8456768
0.0,0.13871819
1.0,0.86708796
0.0,0.54047096
0.0,0.20964205
1.0,0.21200007
1.0,0.80518466
0.0,0.29559004
0.0,0.3352435
1.0,0.85611534
0.0,0.81773114
0.0,0.22466406
1.0,0.60508645
1.0,0.4897107
1.0,0.92307854
1.0,0.7844331
0.0,0.2352302
0.0,0.17130807
1.0,0.339454
0.0,0.17310607
0.0,0.16955292
1.0,0.95521694
1.0,0.8871392
1.0,0.9776945
0.0,0.17518365
1.0,0.6554047
1.0,0.8659111
1.0,0.92557937
0.0,0.19522259
0.0,0.18324426
1.0,0.9653424
0.0,0.18024859
0.0,0.7390526
0.0,0.25327623
1.0,0.72630703
0.0,0.18173736
0.0,0.34317982
0.0,0.15096325
0.0,0.69836813
0.0,0.33823535
0.0,0.1839779
0.0,0.6921011
1.0,0.9625129
0.0,0.2566025
1.0,0.8523816
0.0,0.14635557
0.0,0.47126663
0.0,0.8079635
1.0,0.14383715
0.0,0.75226927
0.0,0.16494995
0.0,0.19662833
0.0,0.5137119
0.0,0.260756
1.0,0.8517406
0.0,0.44474933
1.0,0.86443985
0.0,0.3767488
0.0,0.26612732
0.0,0.20528367
0.0,0.42772287
0.0,0.2657928
0.0,0.9998256
0.0,0.29471514
0.0,0.20595956
1.0,0.5889965
0.0,0.23491234
1.0,0.7212549
1.0,0.4962185
0.0,0.20838684
0.0,0.27182835
1.0,0.938912
0.0,0.15958238
1.0,0.5697948
1.0,0.7322817
0.0,0.232995
1.0,0.90758514
0.0,0.23848319
1.0,0.86789656
0.0,0.8134204
0.0,0.40424508
1.0,0.5548092
0.0,0.717401
0.0,0.18767166
0.0,0.6244227
1.0,0.6143404
1.0,0.97683036
0.0,0.13775977
0.0,0.3998143
1.0,0.58843863
0.0,0.68242097
1.0,0.51997393
0.0,0.61163765
1.0,0.55521315
0.0,0.74110687
0.0,0.302472
0.0,0.8074645
0.0,0.21482608
0.0,0.43754533
1.0,0.21445996
0.0,0.51439
1.0,0.8431781
0.0,0.045778275
1.0,0.5329213
0.0,0.18241456
0.0,0.14418373
0.0,0.19231853
0.0,0.2106879
0.0,0.43106586
0.0,0.15964001
0.0,0.5704137
0.0,0.34042332
1.0,0.7863349
0.0,0.16635227
0.0,0.2580107
1.0,0.7832097
1.0,0.69608057
0.0,0.23751688
0.0,0.14818025
1.0,0.6044878
0.0,0.8978753
1.0,0.38005152
1.0,0.78798735
1.0,0.6730942
1.0,0.7792115
0.0,0.22791529
0.0,0.19489142
1.0,0.78109765
0.0,0.29781628
1.0,0.93663716
1.0,0.6877664
1.0,0.74493265
0.0,0.45799807
0.0,0.21634239
0.0,0.20592877
0.0,0.254277
1.0,0.7856508
1.0,0.9026724
0.0,0.520153
0.0,0.52783376
0.0,0.166881
0.0,0.24421492
1.0,0.34363866
1.0,0.8149893
1.0,0.6991358
0.0,0.9034171
1.0,0.4847706
1.0,0.9863038
1.0,0.71035814
1.0,0.95805156
0.0,0.72062624
0.0,0.2581628
0.0,0.49628675
0.0,0.15862575
1.0,0.65778774
1.0,0.97634006
1.0,0.69492257
1.0,0.80034983
0.0,0.32189107
0.0,0.15712005
0.0,0.3417896
0.0,0.43460935
1.0,0.7825272
0.0,0.19693446
0.0,0.18964282
0.0,0.3597337
0.0,0.18250686
1.0,0.9174793
1.0,0.9204966
1.0,0.86774063
0.0,0.45356646
0.0,0.58713734
1.0,0.81740844
1.0,0.9814978
0.0,0.3243773
1.0,0.86300385
0.0,0.6653496
1.0,0.985083
1.0,0.92010283
1.0,0.5073449
0.0,0.16428968
0.0,0.33303007
1.0,0.88704735
0.0,0.27885008
0.0,0.30942369
1.0,0.846157
0.0,0.28822562
0.0,0.19324669
0.0,0.3120133
1.0,0.57363296
0.0,0.39177817
0.0,0.4190933
1.0,0.5818458
0.0,0.74514127
0.0,0.20860013
0.0,0.2750681
0.0,0.30361533
1.0,0.8638475
0.0,0.58189833
0.0,0.22043428
0.0,0.13068244
1.0,0.83169913
0.0,0.26293504
0.0,0.1752002
1.0,0.6280675
0.0,0.22625217
0.0,0.22877112
1.0,0.9836191
1.0,0.6577145
0.0,0.15586454
1.0,0.5516645
1.0,0.42672363
0.0,0.424892
0.0,0.4796598
1.0,0.48888046
1.0,0.8363751
0.0,0.13355118
1.0,0.6797932
1.0,0.6998516
1.0,0.66116583
0.0,0.45440912
1.0,0.37101275
0.0,0.2160376
1.0,0.63376886
0.0,0.1839104
1.0,0.94371486
0.0,0.728928
0.0,0.40628555
1.0,0.72528213
0.0,0.22786275
1.0,0.75175977
1.0,0.73038703
1.0,0.8481748
1.0,0.270122
0.0,0.13240355
1.0,0.17399234
0.0,0.41064256
0.0,0.19687
0.0,0.30276072
0.0,0.37220484
1.0,0.92627645
0.0,0.2821492
0.0,0.6530938
0.0,0.9712295
0.0,0.35787684
1.0,0.7921996
0.0,0.44346076
0.0,0.1396336
0.0,0.22061017
0.0,0.4279214
1.0,0.67343783
0.0,0.16412812
1.0,0.7992914
1.0,0.949631
0.0,0.75764394
0.0,0.26551133
0.0,0.23777461
1.0,0.9720242
0.0,0.20865533
1.0,0.3926698
1.0,0.60276353
1.0,0.9001607
0.0,0.73252857
0.0,0.543875
0.0,0.16264394
0.0,0.78750503
0.0,0.1957688
0.0,0.2215567
0.0,0.44161195
1.0,0.73769635
0.0,0.25326192
1.0,0.8135532
0.0,0.9873526
1.0,0.9457181
1.0,0.9416938
1.0,0.6740029
1.0,0.7934176
0.0,0.67255694
0.0,0.9720337
0.0,0.2913718
1.0,0.5312001
1.0,0.9156325
0.0,0.15906635
1.0,0.49501354
1.0,0.7466326
1.0,0.9704393
1.0,0.7611892
0.0,0.76510566
0.0,0.33801562
1.0,0.88947
0.0,0.20097691
0.0,0.4638728
1.0,0.9482634
0.0,0.18864125
0.0,0.53163826
0.0,0.28332815
0.0,0.24172541
0.0,0.28064534
1.0,0.86451113
0.0,0.2435047
0.0,0.48994762
1.0,0.6033893
0.0,0.285097
1.0,0.7738494
0.0,0.43089005
0.0,0.2933497
0.0,0.21990043
0.0,0.2326276
1.0,0.7170919
0.0,0.43607306
0.0,0.28477144
1.0,0.8309251
1.0,0.71091294
0.0,0.26682135
0.0,0.2070444
0.0,0.21643126
1.0,0.48750275
0.0,0.19224063
1.0,0.7675496
1.0,0.7200894
1.0,0.38657266
1.0,0.5953329
1.0,0.97532046
0.0,0.8815016
1.0,0.74411607
1.0,0.96805227
0.0,0.16371968
0.0,0.24881041
0.0,0.22202793
1.0,0.7569922
0.0,0.23593849
0.0,0.17128721
0.0,0.42639202
1.0,0.967513
0.0,0.43311706
1.0,0.92751014
0.0,0.27414417
0.0,0.6137035
0.0,0.28566456
0.0,0.25602755
0.0,0.20338729
1.0,0.66613877
1.0,0.9199439
0.0,0.25587696
0.0,0.41964892
1.0,0.7282304
0.0,0.17278033
1.0,0.87477446
0.0,0.25897384
0.0,0.21306339
0.0,0.19431958
1.0,0.98727953
1.0,0.8742454
0.0,0.25990775
0.0,0.37129217
1.0,0.8118789
0.0,0.34731448
0.0,0.19228852
1.0,0.7832042
1.0,0.98427767
1.0,0.9531028
0.0,0.18130636
1.0,0.7584418
1.0,0.7076098
0.0,0.24750492
0.0,0.22343794
0.0,0.19545785
0.0,0.23195124
0.0,0.14778015
0.0,0.17498809
1.0,0.6937485
1.0,0.72995526
0.0,0.4476513
0.0,0.14485231
0.0,0.5915985
0.0,0.35600287
1.0,0.6259266
0.0,0.99997246
0.0,0.28169668
0.0,0.6840873
0.0,0.67459464
1.0,0.3982746
0.0,0.14851803
0.0,0.7690228
1.0,0.89101005
0.0,0.40001637
0.0,0.6854363
0.0,0.240771
0.0,0.1276626
1.0,0.5130599
1.0,0.759103
0.0,0.19179645
0.0,0.7986803
0.0,0.12859899
0.0,0.9825634
0.0,0.85434014
0.0,0.5690542
0.0,0.13824162
0.0,0.26809353
1.0,0.26534045
0.0,0.24986702
1.0,0.57039845
0.0,0.7292076
0.0,0.14777389
0.0,0.36315274
0.0,0.44837493
0.0,0.41596222
0.0,0.30764365
1.0,0.9603541
0.0,0.19401461
0.0,0.66170824
0.0,0.21311876
1.0,0.98017645
1.0,0.926378
0.0,0.14476451
0.0,0.48314297
0.0,0.15329167
1.0,0.89798504
1.0,0.7957591
1.0,0.95533246
0.0,0.2577259
1.0,0.97311044
0.0,0.25674176
0.0,0.1782723
0.0,0.15831345
1.0,0.20575118
0.0,0.15700877
0.0,0.22951618
1.0,0.979007
1.0,0.24963337
0.0,0.1911912
1.0,0.9687338
0.0,0.19932318
1.0,0.7238631
0.0,0.32009038
1.0,0.42021868
0.0,0.8630495
0.0,0.98611164
1.0,0.59084123
0.0,0.28092167
0.0,0.2956801
0.0,0.19694
0.0,0.25049204
0.0,0.37522343
0.0,0.14588302
1.0,0.5653047
1.0,0.7160532
0.0,0.2749539
0.0,0.22164908
0.0,0.1920461
0.0,0.5861903
1.0,0.98387367
0.0,0.23398289
0.0,0.5300689
0.0,0.66103446
0.0,0.5152625
0.0,0.1466825
1.0,0.900112
1.0,0.84030133
0.0,0.12544557
0.0,0.19704923
0.0,0.22368664
0.0,0.21077633
1.0,0.7350462
0.0,0.73289305
0.0,0.31019473
0.0,0.20236433
1.0,0.32222039
0.0,0.18200848
0.0,0.2456193
1.0,0.9559156
0.0,0.27665582
0.0,0.24713004
1.0,0.7452422
1.0,0.605774
1.0,0.8895924
0.0,0.1419816
0.0,0.16818002
0.0,0.37703446
0.0,0.16852617
1.0,0.7271626
0.0,0.31107885
1.0,0.9186586
0.0,0.103605986
0.0,0.17935029
0.0,0.39093474
1.0,0.9997382
0.0,0.823579
0.0,0.27703398
0.0,0.33246443
1.0,0.6629111
0.0,0.20160595
0.0,0.20875788
0.0,0.11537397
1.0,0.59713805
0.0,0.15942219
0.0,0.123755455
1.0,0.34297487
1.0,0.9795272
0.0,0.12325287
1.0,0.9658506
1.0,0.88644767
1.0,0.7907808
1.0,0.81163967
0.0,0.20405596
1.0,0.69807
0.0,0.992915
1.0,0.30283785
0.0,0.20254984
1.0,0.54693687
0.0,0.42156464
1.0,0.4251813
1.0,0.9879273
1.0,0.40908656
0.0,0.16129038
0.0,0.7349405
0.0,0.5375741
0.0,0.309496
0.0,0.19565544
0.0,0.30945173
1.0,0.98013645
1.0,0.9340646
1.0,0.8774401
0.0,0.1686354
0.0,0.2214939
0.0,0.28496462
0.0,0.38703954
1.0,0.23467308
0.0,0.22329012
0.0,0.21963948
0.0,0.20763624
0.0,0.6834721
1.0,0.6949383
0.0,0.7348373
0.0,0.8766643
0.0,0.51984483
1.0,0.50201875
0.0,0.1873152
0.0,0.46416074
1.0,0.7285116
0.0,0.5931071
1.0,0.7494932
0.0,0.24387535
0.0,0.4606226
0.0,0.21182784
0.0,0.20012808
0.0,0.15562916
1.0,0.7938715
0.0,0.25517368
0.0,0.18335766
1.0,0.8283018
1.0,0.9163861
0.0,0.99676454
1.0,0.20143679
0.0,0.63703614
0.0,0.25703767
1.0,0.92451906
0.0,0.14428765
0.0,0.26263165
0.0,0.2289091
0.0,0.20736548
1.0,0.81200767
1.0,0.88988334
1.0,0.70129627
1.0,0.9816351
0.0,0.24311176
0.0,0.24792206
0.0,0.3096918
1.0,0.62070656
0.0,0.20692942
0.0,0.2195231
1.0,0.9199868
1.0,0.714553
1.0,0.8404699
0.0,0.23437327
0.0,0.35508516
0.0,0.49852112
1.0,0.9711229
1.0,0.7962606
1.0,0.935744
0.0,0.4858189
0.0,0.14614314
0.0,0.13161081
1.0,0.851176
1.0,0.384472
0.0,0.5157258
1.0,0.83229476
1.0,0.6670778
1.0,0.9470006
1.0,0.5518449
0.0,0.30208424
0.0,0.2735106
1.0,0.6466315
1.0,0.7300612
0.0,0.23025602
0.0,0.21750069
0.0,0.1633026
0.0,0.21635768
0.0,0.24549675
0.0,0.5351404
0.0,0.14506307
0.0,0.27102762
1.0,0.7908421
1.0,0.75091267
0.0,0.3465845
1.0,0.9357971
0.0,0.13940576
1.0,0.8218602
0.0,0.37964815
1.0,0.97877467
0.0,0.21362805
0.0,0.22156298
0.0,0.18777397
0.0,0.32958937
1.0,0.32857347
1.0,0.71585846
0.0,0.17260006
0.0,0.3655882
1.0,0.28224665
0.0,0.2737639
1.0,0.8089572
1.0,0.6314951
0.0,0.27111262
0.0,0.274222
0.0,0.49324644
0.0,0.9551912
0.0,0.8075573
0.0,0.17248788
0.0,0.28818005
0.0,0.1555191
1.0,0.7411287
1.0,0.9802826
1.0,0.80883384
1.0,0.78418624
0.0,0.21280813
0.0,0.34099185
1.0,0.9541272
0.0,0.7796191
0.0,0.21179837
0.0,0.45900866
1.0,0.30226287
1.0,0.49117884
0.0,0.24649554
1.0,0.87486684
1.0,0.89217854
0.0,0.13128507
0.0,0.21221152
1.0,0.87065405
0.0,0.14658815
0.0,0.5422547
0.0,0.122657776
0.0,0.3753988
1.0,0.23468989
0.0,0.2295568
0.0,0.1880599
0.0,0.3834206
1.0,0.45415252
0.0,0.16816294
0.0,0.4718758
1.0,0.9634874
0.0,0.1660985
0.0,0.99437773
0.0,0.93402725
1.0,0.96358156
1.0,0.53548986
1.0,0.6245693
0.0,0.3833421
0.0,0.6025031
1.0,0.56131166
0.0,0.1522344
0.0,0.17518851
0.0,0.6884962
0.0,0.24265102
1.0,0.5095899
0.0,0.3662055
0.0,0.6116115
1.0,0.5097921
0.0,0.23536539
0.0,0.24265665
0.0,0.40979168
0.0,0.36796895
1.0,0.8236686
1.0,0.9375204
0.0,0.72314507
1.0,0.8588374
0.0,0.4005069
0.0,0.20328724
0.0,0.22562489
1.0,0.6751331
0.0,0.194541
0.0,0.28808346
1.0,0.9999852
1.0,0.7022697
1.0,0.8289001
0.0,0.4650144
1.0,0.5820798
1.0,0.96110845
0.0,0.130178
0.0,0.8775832
0.0,0.9700899
1.0,0.53023416
0.0,0.22286335
0.0,0.30924934
0.0,0.18328053
0.0,0.20968169
0.0,0.18301761
0.0,0.23367703
0.0,0.33874834
0.0,0.96053374
0.0,0.6140372
1.0,0.5343724
1.0,0.6433804
1.0,0.6819124
0.0,0.19393843
1.0,0.9543854
0.0,0.3236176
0.0,0.24860215
1.0,0.9610568
0.0,0.85971546
0.0,0.22048536
0.0,0.55401474
0.0,0.20758542
0.0,0.5849026
0.0,0.4414967
0.0,0.18696004
1.0,0.9125531
0.0,0.09468567
0.0,0.166929
0.0,0.17857963
1.0,0.9058458
1.0,0.6597432
0.0,0.5862057
1.0,0.5661309
0.0,0.21289238
1.0,0.3784675
0.0,0.18126497
0.0,0.11245698
1.0,0.23996544
0.0,0.20985726
0.0,0.19288886
1.0,0.60976714
0.0,0.25894558
1.0,0.14373255
0.0,0.55193347
0.0,0.16527608
1.0,0.83528286
0.0,0.19875494
0.0,0.4593798
0.0,0.75025713
0.0,0.2160947
0.0,0.14028156
1.0,0.8836508
0.0,0.17015243
0.0,0.3985933
0.0,0.92005867
1.0,0.638673
0.0,0.90007067
0.0,0.27230424
1.0,0.5323504
0.0,0.124949664
0.0,0.18343025
0.0,0.22564667
0.0,0.3504453
1.0,0.78744364
0.0,0.229716
0.0,0.12138745
0.0,0.15231603
0.0,0.1581831
0.0,0.7656003
1.0,0.5257243
1.0,0.7875282
0.0,0.22078466
1.0,0.80817366
0.0,0.21136671
0.0,0.18649098
0.0,0.20020965
0.0,0.40764812
1.0,0.9320439
0.0,0.33309788
0.0,0.23780137
0.0,0.5398856
0.0,0.37807602
0.0,0.3327108
0.0,0.1533024
0.0,0.17709485
0.0,0.19417977
0.0,0.16782513
0.0,0.8354716
1.0,0.86607254
0.0,0.3662339
0.0,0.23933029
0.0,0.24353176
1.0,0.950729
0.0,0.25455606
1.0,0.86742425
0.0,0.19449258
0.0,0.41411257
0.0,0.47283462
1.0,0.7869487
1.0,0.99016774
1.0,0.71217984
1.0,0.6991186
0.0,0.20396078
0.0,0.20951042
1.0,0.8223386
1.0,0.90979904
0.0,0.19740143
0.0,0.25350738
0.0,0.72260624
1.0,0.6601424
0.0,0.22118175
0.0,0.19645658
0.0,0.1520896
0.0,0.20755297
1.0,0.5133515
1.0,0.81654054
0.0,0.110197365
1.0,0.6398003
0.0,0.27792227
0.0,0.21667647
0.0,0.15635952
0.0,0.26515505
0.0,0.23759657
1.0,0.8773917
0.0,0.1799933
0.0,0.9370441
0.0,0.75556314
0.0,0.28811938
0.0,0.75612724
1.0,0.94000375
0.0,0.18775567
0.0,0.19426599
1.0,0.6671507
0.0,0.7257695
0.0,0.23307404
1.0,0.9646411
1.0,0.6339223
0.0,0.38707805
1.0,0.985166
0.0,0.33795613
1.0,0.87753487
1.0,0.99708414
0.0,0.33309448
1.0,0.9093572
0.0,0.25005803
0.0,0.32431287
0.0,0.5379039
0.0,0.45117298
0.0,0.19956908
0.0,0.21435502
0.0,0.5164693
1.0,0.9751246
0.0,0.27896103
0.0,0.3341311
0.0,0.492825
0.0,0.2632767
1.0,0.8127308
0.0,0.18875393
0.0,0.7555543
0.0,0.23749033
0.0,0.3185804
0.0,0.13918337
0.0,0.8730922
1.0,0.8616122
0.0,0.46243247
1.0,0.5947023
0.0,0.16930571
1.0,0.701221
0.0,0.35308194
0.0,0.5799172
0.0,0.20201707
0.0,0.4625713
0.0,0.4534456
0.0,0.38640228
0.0,0.5049882
0.0,0.26161638
0.0,0.8940135
0.0,0.8168498
1.0,0.7426859
0.0,0.46206796
0.0,0.2344153
1.0,0.9784498
0.0,0.44296092
0.0,0.17326501
0.0,0.16929057
1.0,0.7790507
1.0,0.76081204
1.0,0.6512289
1.0,0.94739676
0.0,0.99946296
1.0,0.86082256
0.0,0.99666995
1.0,0.43281832
0.0,0.21476749
0.0,0.9698201
0.0,0.23460355
0.0,0.10186556
0.0,0.20109993
1.0,0.85171133
1.0,0.8138777
0.0,0.88414145
1.0,0.7593591
0.0,0.22196916
1.0,0.9085901
0.0,0.2182394
0.0,0.22831225
0.0,0.95521665
0.0,0.5989526
0.0,0.31272635
0.0,0.13852358
1.0,0.99261475
0.0,0.15102163
1.0,0.9541047
1.0,0.98873097
1.0,0.8094876
0.0,0.18138808
0.0,0.8714045
0.0,0.1779305
0.0,0.2847861
0.0,0.6268205
1.0,0.80839646
0.0,0.35231167
0.0,0.292529
0.0,0.42444587
0.0,0.1974895
0.0,0.20595017
0.0,0.2600171
0.0,0.8282196
0.0,0.20097253
0.0,0.2625308
1.0,0.98692775
0.0,0.3126405
0.0,0.15122816
0.0,0.17547673
0.0,0.14162979
1.0,0.8102032
0.0,0.60947126
1.0,0.94271415
0.0,0.557408
1.0,0.96835554
1.0,0.6210966
0.0,0.16685316
0.0,0.6140738
0.0,0.25044888
0.0,0.31131238
0.0,0.19799462
0.0,0.6694113
1.0,0.8537339
0.0,0.16262156
1.0,0.42476484
0.0,0.48305476
0.0,0.12817058
0.0,0.22736657
1.0,0.68710643
0.0,0.16827378
1.0,0.9935521
0.0,0.30138564
0.0,0.25089777
0.0,0.48346666
0.0,0.5606957
0.0,0.9850545
0.0,0.286704
1.0,0.65406907
1.0,0.81395316
0.0,0.5588479
0.0,0.24335495
0.0,0.24002871
1.0,0.76217425
0.0,0.26603782
1.0,0.63222504
0.0,0.65262586
1.0,0.8175366
1.0,0.84465647
0.0,0.15853548
0.0,0.18034863
0.0,0.17290142
1.0,0.702684
0.0,0.4295935
0.0,0.66660565
1.0,0.96483946
1.0,0.7491738
0.0,0.38617194
0.0,0.18869314
1.0,0.8159591
0.0,0.22873566
0.0,0.20921248
0.0,0.2247799
1.0,0.697819
0.0,0.29835695
0.0,0.36575305
1.0,0.8392185
1.0,0.7091826
0.0,0.9968536
0.0,0.17983058
0.0,0.21322608
1.0,0.8825513
1.0,0.9814625
1.0,0.72579086
0.0,0.34621063
0.0,0.21998626
0.0,0.30696297
0.0,0.18833718
1.0,0.80580544
0.0,0.18738079
0.0,0.7222111
0.0,0.24223837
0.0,0.34568536
0.0,0.3257667
0.0,0.22619101
0.0,0.96870524
0.0,0.45179045
0.0,0.16544151
1.0,0.68625116
1.0,0.6772323
0.0,0.08619502
0.0,0.5778035
1.0,0.29310864
0.0,0.15740147
1.0,0.8558843
0.0,0.22891656
0.0,0.2178081
1.0,0.9756138
1.0,0.964268
0.0,0.7836447
0.0,0.30476195
1.0,0.3641069
0.0,0.33156762
0.0,0.20818806
0.0,0.98045254
0.0,0.22202122
1.0,0.9164444
1.0,0.4561181
0.0,0.41119006
0.0,0.1459746
0.0,0.29736736
1.0,0.80215347
0.0,0.20860109
1.0,0.35498264
0.0,0.44798803
1.0,0.7145581
1.0,0.6490668
0.0,0.531037
1.0,0.62854314
0.0,0.6770127
0.0,0.13552535
1.0,0.8456447
1.0,0.51641876
0.0,0.18251842
0.0,0.50335765
0.0,0.7705318
0.0,0.529099
1.0,0.9122415
0.0,0.3532798
0.0,0.4477089
0.0,0.18971446
1.0,0.8595555
0.0,0.21361727
0.0,0.96882653
1.0,0.7704816
0.0,0.17306364
0.0,0.93954784
0.0,0.31462276
1.0,0.4433962
0.0,0.5304602
1.0,0.92029834
0.0,0.19405293
1.0,0.3985264
1.0,0.5227349
1.0,0.8320725
1.0,0.8568139
0.0,0.1094926
1.0,0.59461033
0.0,0.23303747
1.0,0.96072596
1.0,0.7689712
0.0,0.46679825
1.0,0.97753036
0.0,0.13140896
1.0,0.8144041
1.0,0.47822562
0.0,0.2510165
0.0,0.8313582
1.0,0.99306446
1.0,0.5718558
0.0,0.3162988
0.0,0.5442271
0.0,0.16324818
0.0,0.22293183
0.0,0.5514983
1.0,0.88601315
1.0,0.78657234
1.0,0.4540701
1.0,0.69279194
1.0,0.9686496
1.0,0.9625579
0.0,0.27128422
1.0,0.94732785
0.0,0.13120651
0.0,0.26983064
0.0,0.3351336
1.0,0.2904395
1.0,0.5900279
0.0,0.1931636
0.0,0.18829393
0.0,0.7664821
1.0,0.9036993
1.0,0.66143095
1.0,0.82512397
0.0,0.15062588
0.0,0.96778375
0.0,0.22402391
0.0,0.5688926
0.0,0.20598397
0.0,0.16572839
1.0,0.97554314
1.0,0.85213053
0.0,0.30086073
0.0,0.374745
0.0,0.6257154
0.0,0.5195611
0.0,0.9955251
0.0,0.24360359
0.0,0.6465244
1.0,0.97894406
0.0,0.32312027
1.0,0.87017655
0.0,0.17058694
0.0,0.81917924
0.0,0.6025518
0.0,0.642025
1.0,0.92149913
1.0,0.7587496
1.0,0.763704
1.0,0.7542508
0.0,0.16865626
0.0,0.64534354
1.0,0.13273042
1.0,0.6732055
0.0,0.3168134
0.0,0.22235921
0.0,0.51016784
1.0,0.45087758
0.0,0.17832023
1.0,0.18463075
0.0,0.14591268
0.0,0.38536477
0.0,0.20811707
0.0,0.21129483
0.0,0.6606601
0.0,0.17576206
0.0,0.30760324
1.0,0.9344998
0.0,0.18245453
0.0,0.63932693
0.0,0.14031413
1.0,0.4139381
0.0,0.1907312
1.0,0.96324843
0.0,0.11774269
0.0,0.2785398
0.0,0.1690366
0.0,0.47896206
0.0,0.2221281
0.0,0.14590794
1.0,0.8615377
0.0,0.3862039
1.0,0.7003994
1.0,0.9750055
0.0,0.2172364
0.0,0.23935333
1.0,0.9363584
1.0,0.99369586
0.0,0.4177403
0.0,0.64134514
0.0,0.20101362
0.0,0.7201584
0.0,0.18676788
1.0,0.81523764
0.0,0.16388544
1.0,0.59303087
1.0,0.46504223
0.0,0.8905623
0.0,0.4082099
0.0,0.15696496
0.0,0.1689539
0.0,0.5036457
0.0,0.21375647
0.0,0.22301096
0.0,0.777556
1.0,0.75146544
1.0,0.69643086
0.0,0.34787875
0.0,0.1899594
0.0,0.7552546
1.0,0.7424047
0.0,0.16763648
0.0,0.19818032
1.0,0.58976454
1.0,0.96819377
0.0,0.26605815
0.0,0.32501447
0.0,0.17886621
1.0,0.9413542
0.0,0.23232341
1.0,0.9432976
1.0,0.7023524
0.0,0.23357534
0.0,0.3412373
0.0,0.25377223
1.0,0.6805166
0.0,0.55847675
1.0,0.53440076
0.0,0.1872327
1.0,0.7039788
0.0,0.35159934
0.0,0.17902404
0.0,0.28177467
1.0,0.9871346
0.0,0.70052624
1.0,0.9091042
1.0,0.5347977
0.0,0.16354242
1.0,0.28037524
0.0,0.29471412
1.0,0.46851698
0.0,0.25673312
1.0,0.80353194
0.0,0.16702294
1.0,0.80956906
1.0,0.860901
1.0,0.992295
0.0,0.17069936
1.0,0.98974276
1.0,0.7218009
0.0,0.18331328
1.0,0.8658595
1.0,0.9744121
1.0,0.45063958
0.0,0.61673635
0.0,0.32564068
0.0,0.8041351
0.0,0.2742051
