0.0,0.5212827
0.0,0.76901907
1.0,0.63477445
0.0,0.035691023
1.0,0.59965366
0.0,0.022755355
1.0,0.9109664
1.0,0.7864102
1.0,0.50301224
0.0,0.031367987
0.0,0.30398425
1.0,0.79671717
0.0,0.0054320097
0.0,0.13325062
0.0,0.06550044
0.0,0.01184392
1.0,0.73779756
0.0,0.011398137
0.0,0.027178943
1.0,0.6162425
1.0,0.4994039
0.0,0.03649053
1.0,0.95606786
0.0,0.05506298
0.0,0.11608446
1.0,0.81385314
0.0,0.20630354
1.0,0.7439273
0.0,0.033201814
1.0,0.8362032
0.0,0.012706131
0.0,0.4543227
1.0,0.8628502
1.0,0.9825766
1.0,0.8607366
1.0,0.9557911
1.0,0.76264334
0.0,0.02174449
1.0,0.85612965
1.0,0.12716189
1.0,0.54227066
1.0,0.9329262
0.0,0.018638223
1.0,0.94534314
1.0,0.925207
0.0,0.02594778
0.0,0.0270814
0.0,0.07609898
0.0,0.033028096
1.0,0.94887435
0.0,0.47251981
1.0,0.7975644
1.0,0.9326552
1.0,0.60663116
0.0,0.011645198
0.0,0.016673893
0.0,0.18106315
1.0,0.07147694
1.0,0.88395554
1.0,0.47730044
1.0,0.95326847
0.0,0.18968576
1.0,0.9824263
1.0,0.89758193
1.0,0.8942012
0.0,0.14597747
0.0,0.11200765
1.0,0.84608066
0.0,0.03039655
1.0,0.84957504
0.0,0.059597403
1.0,0.9451115
0.0,0.015675664
0.0,0.04135081
1.0,0.36413032
0.0,0.4071629
0.0,0.012528688
0.0,0.109368175
0.0,0.013920367
1.0,0.93418866
0.0,0.011779785
1.0,0.91989136
1.0,0.90647316
1.0,0.9880409
1.0,0.95812154
1.0,0.8809047
1.0,0.9392541
0.0,0.16026616
0.0,0.028022766
1.0,0.62156725
0.0,0.017387241
1.0,0.23686418
0.0,0.060524672
0.0,0.68153435
0.0,0.12368554
1.0,0.940447
0.0,0.006078899
0.0,0.03235495
1.0,0.24982622
1.0,0.96736777
0.0,0.0108136535
0.0,0.045211732
1.0,0.012306631
0.0,0.12275827
0.0,0.19769827
1.0,0.9460391
1.0,0.13837224
0.0,0.08671817
1.0,0.033552885
1.0,0.9740095
1.0,0.89568317
0.0,0.06430808
1.0,0.025355846
0.0,0.05861014
0.0,0.016373515
1.0,0.39590234
0.0,0.050536066
1.0,0.7946538
1.0,0.69094825
1.0,0.96718967
0.0,0.041466147
1.0,0.9560174
0.0,0.5909171
0.0,0.032854736
0.0,0.30482954
1.0,0.33366263
0.0,0.0056802034
0.0,0.12226972
1.0,0.9787163
1.0,0.66887003
1.0,0.9502171
0.0,0.07600212
0.0,0.027708322
1.0,0.37674496
1.0,0.990064
0.0,0.7274668
0.0,0.025447756
0.0,0.06715202
0.0,0.03649804
0.0,0.039853096
1.0,0.93091106
0.0,0.09130338
1.0,0.31163242
0.0,0.035113573
0.0,0.055834442
0.0,0.003490597
1.0,0.37827498
0.0,0.029037505
0.0,0.01825878
0.0,0.045859247
0.0,0.08431578
0.0,0.0054477453
0.0,0.005137056
0.0,0.8956088
0.0,0.2009506
1.0,0.9134828
0.0,0.0034559965
0.0,0.024248809
1.0,0.988927
0.0,0.1080662
0.0,0.82048285
0.0,0.21743679
0.0,0.03216341
0.0,0.2612971
1.0,0.9729617
0.0,0.14955181
1.0,0.66797173
0.0,0.023779929
0.0,0.021407366
1.0,0.6759034
0.0,0.7273609
0.0,0.9608716
0.0,0.76448715
0.0,0.013390064
1.0,0.74711484
1.0,0.8749742
0.0,0.024776429
1.0,0.7708796
0.0,0.41540855
1.0,0.95897615
1.0,0.9217187
1.0,0.745563
1.0,0.9240743
1.0,0.91453314
0.0,0.69631445
0.0,0.013411641
0.0,0.020777375
0.0,0.94727224
0.0,0.13564971
0.0,0.02982995
1.0,0.14688304
0.0,0.0037443042
0.0,0.48401982
1.0,0.88904995
1.0,0.72219366
1.0,0.95296913
0.0,0.028831184
0.0,0.3038545
0.0,0.022192776
1.0,0.062402964
0.0,0.18315563
0.0,0.5759574
0.0,0.33141106
0.0,0.089359134
0.0,0.043736607
1.0,0.06832433
0.0,0.030522227
1.0,0.14301047
0.0,0.0057359934
0.0,0.2499176
0.0,0.012134403
1.0,0.9398955
0.0,0.08997601
0.0,0.34989575
0.0,0.02108717
0.0,0.007006347
0.0,0.8162705
0.0,0.4660912
1.0,0.99278295
0.0,0.06493288
0.0,0.0062729716
1.0,0.847505
1.0,0.9076155
0.0,0.16899806
0.0,0.029078454
0.0,0.007706076
0.0,0.14011309
0.0,0.045415014
0.0,0.07333171
1.0,0.89357424
0.0,0.042149007
1.0,0.14586341
0.0,0.017607361
1.0,0.8713161
1.0,0.37668312
0.0,0.038923383
0.0,0.07936466
0.0,0.024710327
1.0,0.73038286
1.0,0.7840395
1.0,0.95395994
1.0,0.6626119
0.0,0.017346233
0.0,0.908513
1.0,0.98172116
0.0,0.6299287
0.0,0.014904678
0.0,0.008606434
0.0,0.20026132
0.0,0.21849659
0.0,0.013495386
0.0,0.311162
1.0,0.6533404
0.0,0.014806598
0.0,0.11815414
0.0,0.013895124
1.0,0.89776087
1.0,0.8697275
0.0,0.023404539
0.0,0.021560282
0.0,0.023180783
1.0,0.9680785
0.0,0.022776008
0.0,0.022016108
0.0,0.065012306
0.0,0.009377509
1.0,0.9557674
1.0,0.61810017
1.0,0.98585653
0.0,0.027897924
1.0,0.8018058
0.0,0.05920112
0.0,0.025077462
0.0,0.25825462
1.0,0.9696045
1.0,0.7702975
0.0,0.028216332
0.0,0.030960917
1.0,0.92355514
1.0,0.38912517
0.0,0.07988477
1.0,0.40562835
1.0,0.985775
0.0,0.7881732
0.0,0.17942998
0.0,0.02527681
0.0,0.029370248
0.0,0.3814503
0.0,0.01983133
1.0,0.9752786
0.0,0.018708676
0.0,0.022004485
1.0,0.99259543
0.0,0.0664767
1.0,0.9427134
1.0,0.02724564
1.0,0.8948431
1.0,0.7976254
1.0,0.9114104
0.0,0.10573965
1.0,0.91723776
0.0,0.83336484
1.0,0.96712697
0.0,0.7953428
0.0,0.5003178
0.0,0.015386581
0.0,0.6879407
0.0,0.08455545
1.0,0.9664032
0.0,0.8577304
1.0,0.80941814
0.0,0.6770011
1.0,0.6765641
1.0,0.9779104
0.0,0.017025769
0.0,0.011957914
0.0,0.006663054
1.0,0.85591024
1.0,0.6202973
0.0,0.006816387
0.0,0.008618057
0.0,0.0105525255
0.0,0.027966648
1.0,0.8709707
1.0,0.5662443
0.0,0.036666304
0.0,0.47856036
1.0,0.8184619
1.0,0.95044124
1.0,0.83417165
0.0,0.02748701
0.0,0.49801078
0.0,0.031575143
0.0,0.70543593
1.0,0.9711211
1.0,0.77470076
0.0,0.17424873
0.0,0.12706658
0.0,0.007668376
0.0,0.75434536
0.0,0.0043780506
0.0,0.36705017
1.0,0.19466898
0.0,0.066501796
0.0,0.015477657
0.0,0.05392158
0.0,0.879764
0.0,0.7667609
0.0,0.096331
0.0,0.0105445385
1.0,0.26465717
0.0,0.016731381
1.0,0.63879913
0.0,0.02731672
0.0,0.30719244
0.0,0.15987116
0.0,0.008258462
0.0,0.94533277
1.0,0.121611714
1.0,0.8378726
0.0,0.55604815
1.0,0.892475
0.0,0.008891225
0.0,0.49877575
0.0,0.30754134
0.0,0.8960098
0.0,0.01372534
0.0,0.0021704733
1.0,0.56272674
0.0,0.027697891
1.0,0.9268761
0.0,0.118160725
1.0,0.5321263
0.0,0.48660487
1.0,0.14890674
1.0,0.89393127
1.0,0.96208596
0.0,0.013342351
0.0,0.039359838
1.0,0.71088487
0.0,0.02702573
0.0,0.030698448
1.0,0.0466038
1.0,0.9495126
0.0,0.18716508
1.0,0.89693284
1.0,0.98802173
0.0,0.7999433
0.0,0.017005146
0.0,0.27837235
0.0,0.015741497
0.0,0.013333678
0.0,0.05752802
1.0,0.94386935
0.0,0.69076073
1.0,0.9412491
1.0,0.07204446
0.0,0.051500916
0.0,0.23544773
0.0,0.7820332
1.0,0.9506054
1.0,0.9341826
1.0,0.32779044
0.0,0.02923873
1.0,0.9571589
1.0,0.8869662
0.0,0.0047219396
0.0,0.19097546
0.0,0.9361943
0.0,0.76234376
1.0,0.830531
0.0,0.021640271
1.0,0.5114444
0.0,0.69344705
0.0,0.04160446
0.0,0.039354473
0.0,0.026854515
0.0,0.012485474
0.0,0.008225262
0.0,0.020644605
0.0,0.039164007
0.0,0.03532386
0.0,0.26239252
0.0,0.23534483
0.0,0.020053387
0.0,0.44015473
0.0,0.015605032
1.0,0.79917514
0.0,0.221138
1.0,0.9510395
0.0,0.010247052
0.0,0.03647089
0.0,0.050789326
0.0,0.77315676
0.0,0.512536
0.0,0.19404742
0.0,0.08545014
0.0,0.0065596104
0.0,0.009284526
0.0,0.03919196
0.0,0.29634103
1.0,0.81294656
0.0,0.029986024
0.0,0.030675918
0.0,0.5050309
0.0,0.06476143
1.0,0.8031001
0.0,0.8217684
1.0,0.39807236
0.0,0.03147319
0.0,0.10236809
1.0,0.9638583
0.0,0.8599089
1.0,0.8570385
1.0,0.93698
1.0,0.7170197
1.0,0.9213519
0.0,0.021829218
1.0,0.64969254
0.0,0.0071621835
0.0,0.013467431
0.0,0.30729052
1.0,0.96388596
0.0,0.010909051
0.0,0.036201835
1.0,0.4005966
1.0,0.9826417
0.0,0.16919234
0.0,0.0055167377
1.0,0.6900439
0.0,0.18484536
1.0,0.7481613
0.0,0.40307128
0.0,0.3600809
1.0,0.8967732
0.0,0.70222336
0.0,0.008388311
1.0,0.350389
0.0,0.027097076
1.0,0.98380053
0.0,0.013943821
1.0,0.52408755
1.0,0.635385
1.0,0.740687
1.0,0.97376704
0.0,0.3956727
0.0,0.025170714
1.0,0.8962575
0.0,0.037150115
0.0,0.28937143
1.0,0.56399304
1.0,0.71083874
1.0,0.9273768
0.0,0.03673613
1.0,0.9446244
1.0,0.9111701
0.0,0.035885245
1.0,0.95412946
0.0,0.20858568
1.0,0.34331375
1.0,0.88904256
0.0,0.74843425
0.0,0.38000995
1.0,0.293194
0.0,0.29130977
1.0,0.93289804
0.0,0.7202044
0.0,0.050083846
0.0,0.9285051
1.0,0.9847027
0.0,0.06247148
0.0,0.009965837
0.0,0.77761245
1.0,0.59719384
0.0,0.029713124
0.0,0.012812525
0.0,0.17047489
0.0,0.6721612
1.0,0.7696975
1.0,0.9415581
0.0,0.15870917
0.0,0.14048395
0.0,0.030542284
0.0,0.37126946
0.0,0.017435193
1.0,0.93861425
0.0,0.09981215
1.0,0.8856224
0.0,0.8330634
0.0,0.19611567
1.0,0.7117845
0.0,0.038108915
0.0,0.25016457
0.0,0.009434104
0.0,0.018897414
0.0,0.4400217
0.0,0.015830815
0.0,0.024626136
0.0,0.071725994
1.0,0.87101007
1.0,0.9659094
0.0,0.012844235
0.0,0.026768327
1.0,0.9705963
0.0,0.011325866
1.0,0.9050547
0.0,0.64969224
0.0,0.014783829
1.0,0.90210557
0.0,0.2304577
1.0,0.6318385
0.0,0.29402953
1.0,0.23031357
0.0,0.038210094
0.0,0.031323254
0.0,0.5068835
1.0,0.95082
0.0,0.010202944
0.0,0.060226172
0.0,0.005231291
0.0,0.593883
1.0,0.25753656
0.0,0.009552956
0.0,0.007820994
1.0,0.9607879
1.0,0.14088535
0.0,0.16513377
1.0,0.83157784
0.0,0.10565519
0.0,0.8091172
1.0,0.8623415
1.0,0.9696561
0.0,0.065665096
1.0,0.8678235
1.0,0.9320038
0.0,0.03313747
0.0,0.1432535
0.0,0.04493183
1.0,0.045190275
0.0,0.008576542
0.0,0.01452449
0.0,0.04283762
1.0,0.95308137
1.0,0.73784536
0.0,0.035683155
1.0,0.3107475
1.0,0.16632336
0.0,0.26482362
1.0,0.8472407
0.0,0.05867961
1.0,0.7660942
0.0,0.091566026
1.0,0.7161632
0.0,0.02223286
0.0,0.014921576
1.0,0.839211
0.0,0.03253725
1.0,0.80944157
0.0,0.07283279
0.0,0.0277071
0.0,0.007717371
1.0,0.74029803
0.0,0.47738007
1.0,0.54115844
0.0,0.026506722
1.0,0.83693635
1.0,0.80239385
0.0,0.0065616667
1.0,0.95537424
1.0,0.8159728
1.0,0.7623799
1.0,0.41564563
0.0,0.13167995
0.0,0.022288352
0.0,0.7297451
1.0,0.91434157
1.0,0.7004752
0.0,0.04843241
0.0,0.04493153
0.0,0.32228428
1.0,0.9165069
0.0,0.20954233
1.0,0.020094633
1.0,0.98192316
0.0,0.013506174
0.0,0.18939823
1.0,0.9388862
0.0,0.5617881
1.0,0.9581653
0.0,0.7487956
0.0,0.03373918
0.0,0.041939914
1.0,0.32089585
0.0,0.09476411
1.0,0.90863025
0.0,0.019822836
1.0,0.4128059
0.0,0.452932
0.0,0.054807395
1.0,0.13080448
1.0,0.82001793
1.0,0.7705365
1.0,0.92875415
0.0,0.039206326
0.0,0.030218184
0.0,0.8382101
0.0,0.0056663454
1.0,0.47728163
1.0,0.22559565
0.0,0.0015636683
0.0,0.015930772
0.0,0.0062308013
1.0,0.87799275
0.0,0.013182193
0.0,0.06371993
0.0,0.048209637
0.0,0.71062696
0.0,0.047835767
0.0,0.36604753
1.0,0.95638025
0.0,0.72922623
1.0,0.25209057
0.0,0.092069924
0.0,0.7748869
1.0,0.30886036
1.0,0.8755835
1.0,0.93434775
0.0,0.07252109
0.0,0.039879948
1.0,0.5433105
0.0,0.014186561
0.0,0.030216038
0.0,0.2665388
1.0,0.80984116
0.0,0.025322467
0.0,0.11078668
1.0,0.9618066
0.0,0.15789065
1.0,0.977777
1.0,0.70047426
1.0,0.9676137
0.0,0.04245904
1.0,0.9448789
1.0,0.8701409
0.0,0.0519827
1.0,0.61142117
0.0,0.046230257
0.0,0.18551567
0.0,0.1477173
0.0,0.017730176
1.0,0.9390601
1.0,0.8683021
1.0,0.890158
1.0,0.8698817
1.0,0.9444466
0.0,0.60928434
0.0,0.92185545
1.0,0.96187186
0.0,0.028895617
1.0,0.40587625
1.0,0.9789675
0.0,0.06723866
1.0,0.76199013
1.0,0.39978054
0.0,0.018039703
0.0,0.037074536
0.0,0.00258255
0.0,0.01557973
1.0,0.8015311
1.0,0.93067795
0.0,0.032534987
0.0,0.042776287
1.0,0.05080557
1.0,0.64082795
1.0,0.4526155
0.0,0.025292605
1.0,0.72659606
1.0,0.655961
0.0,0.030074567
0.0,0.11106014
1.0,0.83513176
1.0,0.9904164
0.0,0.48514143
1.0,0.9464414
0.0,0.09084821
0.0,0.11733505
1.0,0.90322757
0.0,0.23545584
1.0,0.9417944
0.0,0.52188694
0.0,0.06350729
0.0,0.18204069
1.0,0.8871961
1.0,0.42567182
0.0,0.0030751228
0.0,0.07257965
1.0,0.81608874
0.0,0.01984632
1.0,0.9367776
1.0,0.83337784
1.0,0.70618856
0.0,0.054691285
0.0,0.8384242
0.0,0.34985164
0.0,0.0072992146
0.0,0.017881483
1.0,0.746106
0.0,0.2121503
0.0,0.015222311
1.0,0.91411406
0.0,0.071422756
1.0,0.0400441
1.0,0.73618835
0.0,0.029564828
0.0,0.23089471
0.0,0.5091739
0.0,0.014660805
0.0,0.009900808
0.0,0.0022949576
0.0,0.0131136775
0.0,0.87086284
1.0,0.6190928
1.0,0.9509657
0.0,0.68501556
0.0,0.53457016
0.0,0.056462377
0.0,0.07725605
0.0,0.018853277
1.0,0.18881935
0.0,0.032972783
0.0,0.0010110736
1.0,0.99111646
1.0,0.083893806
0.0,0.020127684
0.0,0.8959774
0.0,0.0046502054
0.0,0.15633169
0.0,0.014326245
0.0,0.01782909
1.0,0.8844545
1.0,0.71722
1.0,0.9222983
0.0,0.014632732
1.0,0.7089387
1.0,0.8928629
0.0,0.263932
0.0,0.0055733323
1.0,0.5960827
1.0,0.47768515
1.0,0.8873896
1.0,0.8234709
1.0,0.870497
0.0,0.11049464
0.0,0.28691623
1.0,0.7427031
0.0,0.011864901
1.0,0.9158338
0.0,0.016004503
1.0,0.8748847
0.0,0.030001491
0.0,0.46211666
0.0,0.05291739
0.0,0.10931265
0.0,0.5230876
0.0,0.011580437
0.0,0.0145306885
0.0,0.014702439
0.0,0.8658842
0.0,0.007831246
0.0,0.0051218867
1.0,0.90891117
1.0,0.5067877
1.0,0.95393825
0.0,0.8633107
0.0,0.3214757
0.0,0.52793527
0.0,0.0520806
1.0,0.9364122
1.0,0.38846
1.0,0.89253306
1.0,0.9710732
0.0,0.78475225
0.0,0.0155362785
0.0,0.010302156
1.0,0.64581704
0.0,0.113818645
1.0,0.007150501
1.0,0.9445443
0.0,0.09519705
0.0,0.01731354
0.0,0.15593418
0.0,0.62459403
1.0,0.99100214
1.0,0.8038594
0.0,0.068347156
1.0,0.896897
1.0,0.8356186
0.0,0.442049
0.0,0.10305652
1.0,0.87974536
0.0,0.008741319
0.0,0.056311846
0.0,0.015770704
0.0,0.3350618
0.0,0.017406762
1.0,0.557243
0.0,0.2031101
0.0,0.8793268
1.0,0.98509747
1.0,0.84019923
0.0,0.39285013
0.0,0.54062366
1.0,0.57487917
0.0,0.12199196
0.0,0.0017932653
1.0,0.3513834
0.0,0.11893389
0.0,0.059832573
0.0,0.054489106
1.0,0.96767837
0.0,0.19403625
1.0,0.7129251
1.0,0.9131517
1.0,0.9867265
0.0,0.0112966
1.0,0.6084315
0.0,0.031198323
1.0,0.95963013
0.0,0.10415688
1.0,0.9152763
0.0,0.014448166
0.0,0.018419087
1.0,0.9452286
0.0,0.006255001
0.0,0.010573268
1.0,0.745736
1.0,0.6165952
1.0,0.41085988
1.0,0.7870225
1.0,0.7002748
1.0,0.83909357
1.0,0.5939959
0.0,0.01544854
1.0,0.53301436
1.0,0.9537499
0.0,0.052922964
0.0,0.015345395
0.0,0.00842309
1.0,0.6136234
0.0,0.020701379
0.0,0.34265205
0.0,0.3738125
1.0,0.89499927
0.0,0.026483804
0.0,0.4049319
1.0,0.6880717
1.0,0.9113468
1.0,0.8637704
1.0,0.069185704
0.0,0.9702259
0.0,0.017479062
0.0,0.08081421
0.0,0.14046863
0.0,0.0050922036
0.0,0.525163
0.0,0.028671414
1.0,0.22076625
1.0,0.93100464
0.0,0.029533744
1.0,0.6424013
0.0,0.017282754
0.0,0.019146413
1.0,0.94352716
0.0,0.046655685
0.0,0.91228527
0.0,0.00394243
0.0,0.7573364
0.0,0.0391064
0.0,0.022581607
0.0,0.8669957
1.0,0.6440397
0.0,0.048551887
0.0,0.66640335
1.0,0.82082266
0.0,0.005244851
1.0,0.6621065
0.0,0.03656608
0.0,0.017748147
0.0,0.023504227
0.0,0.15085042
0.0,0.008458585
0.0,0.014571637
0.0,0.081864
0.0,0.1758866
0.0,0.8549446
1.0,0.7129842
0.0,0.11957881
1.0,0.94572794
0.0,0.74668795
1.0,0.086468846
0.0,0.062766284
0.0,0.026952088
0.0,0.12030044
1.0,0.9550452
1.0,0.24358103
1.0,0.2003527
0.0,0.0116971135
0.0,0.099745154
1.0,0.8246119
0.0,0.15034655
0.0,0.16922632
1.0,0.7030092
0.0,0.0317415
1.0,0.9716675
1.0,0.56282276
0.0,0.0048648417
1.0,0.34107232
0.0,0.21440339
1.0,0.48122013
0.0,0.15680143
1.0,0.9906663
0.0,0.0064345
0.0,0.98797816
0.0,0.030198127
0.0,0.05589959
0.0,0.004980117
0.0,0.10068211
0.0,0.19917953
1.0,0.9496175
0.0,0.03006363
0.0,0.01669532
0.0,0.00160864
0.0,0.15558013
0.0,0.08014625
1.0,0.5249848
0.0,0.62129235
0.0,0.068475306
1.0,0.44964916
0.0,0.13754317
1.0,0.70708954
0.0,0.77000666
1.0,0.81338847
1.0,0.8993943
0.0,0.00844872
1.0,0.9901727
0.0,0.7269623
0.0,0.024158448
0.0,0.012612194
0.0,0.13467723
1.0,0.12122458
1.0,0.99390984
0.0,0.10369927
0.0,0.043816745
1.0,0.9247197
0.0,0.20308048
1.0,0.800251
1.0,0.04112044
1.0,0.6983144
0.0,0.068051875
1.0,0.61397773
0.0,0.06601021
1.0,0.8559395
1.0,0.049640596
0.0,0.20046675
0.0,0.7842107
0.0,0.048855066
0.0,0.24954054
1.0,0.69585776
1.0,0.90965134
1.0,0.97544926
0.0,0.066735
0.0,0.011930823
1.0,0.92857814
0.0,0.8595468
0.0,0.0012715459
0.0,0.029364944
1.0,0.6091076
0.0,0.38320902
0.0,0.0122078955
0.0,0.13483006
0.0,0.4119017
1.0,0.58858615
1.0,0.9150796
0.0,0.05714619
0.0,0.0190849
0.0,0.022087485
1.0,0.9816191
0.0,0.039003402
0.0,0.7525768
1.0,0.868171
0.0,0.008651048
0.0,0.13291782
1.0,0.9124676
0.0,0.059452742
1.0,0.67150855
1.0,0.48086303
0.0,0.014722556
0.0,0.022548676
0.0,0.010082662
0.0,0.01349321
1.0,0.9396555
1.0,0.99426043
1.0,0.9742385
1.0,0.5654447
0.0,0.8803416
0.0,0.07071856
1.0,0.83599794
1.0,0.998005
0.0,0.16235077
0.0,0.023662359
1.0,0.43052703
0.0,0.0055932403
1.0,0.54599607
0.0,0.01043573
0.0,0.19320047
1.0,0.92534715
0.0,0.044175208
0.0,0.005921811
0.0,0.03719303
0.0,0.12378073
0.0,0.050899476
1.0,0.2827623
0.0,0.017600358
1.0,0.9919772
0.0,0.43059254
1.0,0.691471
0.0,0.03873819
1.0,0.7697699
1.0,0.96091235
1.0,0.97874016
0.0,0.703396
0.0,0.017278582
1.0,0.07369822
0.0,0.011133522
0.0,0.11879033
1.0,0.95159924
1.0,0.4275132
0.0,0.024839073
1.0,0.90962064
1.0,0.9135029
0.0,0.8570926
0.0,0.022146344
0.0,0.6854966
0.0,0.009858549
0.0,0.015287161
0.0,0.90607524
1.0,0.9530175
1.0,0.9834461
1.0,0.8039489
0.0,0.0014773607
0.0,0.0073040724
0.0,0.0047581494
0.0,0.038116425
0.0,0.021223515
0.0,0.03643191
1.0,0.9269539
1.0,0.9548552
1.0,0.5373447
0.0,0.092855304
0.0,0.06606606
1.0,0.94937414
0.0,0.13816383
0.0,0.7855598
1.0,0.7755313
0.0,0.69418436
0.0,0.81984276
1.0,0.61549133
0.0,0.025977433
1.0,0.75175416
1.0,0.62443066
0.0,0.90409684
0.0,0.025446594
1.0,0.98540574
0.0,0.004527092
0.0,0.5038014
1.0,0.454584
1.0,0.7036245
1.0,0.7018286
1.0,0.9274334
0.0,0.9154268
0.0,0.026138932
0.0,0.028191835
1.0,0.8995476
0.0,0.96523964
1.0,0.83864176
0.0,0.7760413
1.0,0.9216634
1.0,0.3544389
0.0,0.064738035
0.0,0.08789793
0.0,0.0023952127
0.0,0.4070203
0.0,0.1269041
0.0,0.04398185
1.0,0.53873444
1.0,0.50304705
0.0,0.5316939
1.0,0.9313145
1.0,0.19850922
0.0,0.0024305582
0.0,0.111548275
1.0,0.85086966
1.0,0.1776621
0.0,0.010896623
0.0,0.1283136
0.0,0.012064159
0.0,0.054048717
1.0,0.6725239
1.0,0.844308
0.0,0.10337746
0.0,0.004059702
0.0,0.04642707
0.0,0.059221357
0.0,0.016091436
0.0,0.06345588
0.0,0.83337116
0.0,0.08433169
0.0,0.1730819
0.0,0.09103039
0.0,0.23301896
1.0,0.9693437
1.0,0.786016
0.0,0.004330337
0.0,0.05717686
0.0,0.0007328689
0.0,0.019907773
0.0,0.115813494
0.0,0.1455512
0.0,0.01993388
0.0,0.8265376
1.0,0.8999325
1.0,0.9952715
1.0,0.923831
1.0,0.8835279
1.0,0.9740007
0.0,0.14814216
0.0,0.026551574
0.0,0.02273789
0.0,0.04365471
1.0,0.7612555
0.0,0.054393083
1.0,0.9382334
0.0,0.0378851
0.0,0.79806185
0.0,0.82740843
0.0,0.038906455
0.0,0.10165465
0.0,0.64174426
0.0,0.066298306
0.0,0.012846738
1.0,0.85542613
1.0,0.7763615
0.0,0.21378231
0.0,0.21835655
0.0,0.011227131
0.0,0.008651286
1.0,0.9751122
0.0,0.008008182
1.0,0.35374162
0.0,0.06396669
1.0,0.40822825
0.0,0.01422739
0.0,0.10885024
1.0,0.9294251
0.0,0.012836337
1.0,0.9193452
0.0,0.066173375
0.0,0.2731598
0.0,0.39713448
0.0,0.004671544
0.0,0.010427505
1.0,0.92296016
1.0,0.9769337
0.0,0.72422755
0.0,0.059181362
0.0,0.012065858
0.0,0.1572144
1.0,0.78518236
0.0,0.9158267
1.0,0.08116397
1.0,0.874461
0.0,0.5303862
0.0,0.013624072
0.0,0.069627255
0.0,0.041506976
0.0,0.019364774
0.0,0.16073972
0.0,0.019366264
0.0,0.666434
0.0,0.4234591
1.0,0.56674665
0.0,0.9722017
0.0,0.012765229
1.0,0.8680869
0.0,0.06755906
0.0,0.04475656
0.0,0.0053972006
0.0,0.02461806
1.0,0.04715818
1.0,0.9565498
1.0,0.98373145
0.0,0.019981474
0.0,0.01928559
0.0,0.018962204
0.0,0.8596536
0.0,0.23236543
0.0,0.5899546
1.0,0.9842483
1.0,0.7879957
1.0,0.85868365
0.0,0.056928277
1.0,0.9850819
1.0,0.36119854
0.0,0.022842765
1.0,0.8453878
0.0,0.04165697
0.0,0.037106633
0.0,0.376761
1.0,0.97805357
1.0,0.9410374
1.0,0.77446043
0.0,0.8752452
0.0,0.17445844
0.0,0.020448893
1.0,0.93602103
1.0,0.98182344
1.0,0.9722595
1.0,0.8675058
0.0,0.08106786
0.0,0.0143867135
0.0,0.03380215
0.0,0.46820152
1.0,0.79285574
0.0,0.020072758
0.0,0.14847794
0.0,0.21192291
1.0,0.5516847
0.0,0.10197359
0.0,0.16650826
0.0,0.14969167
0.0,0.88828146
0.0,0.04632011
0.0,0.046471387
0.0,0.021240175
0.0,0.11126712
0.0,0.0046892464
1.0,0.9477744
1.0,0.14489749
0.0,0.70753574
0.0,0.6084115
0.0,0.15180331
1.0,0.8753138
0.0,0.014135569
0.0,0.02853316
0.0,0.40944636
0.0,0.006105453
1.0,0.8851873
0.0,0.013205886
0.0,0.066835165
1.0,0.7121593
1.0,0.74790084
1.0,0.95986676
0.0,0.02900663
0.0,0.17036214
1.0,0.95289564
1.0,0.9004582
1.0,0.97149295
0.0,0.92361236
0.0,0.64096665
0.0,0.0032718182
1.0,0.0676001
1.0,0.94484806
0.0,0.012142897
0.0,0.40712017
1.0,0.59753114
1.0,0.8659351
0.0,0.016679257
1.0,0.9387467
1.0,0.6818881
0.0,0.012391061
1.0,0.16364723
0.0,0.030615687
0.0,0.067968756
0.0,0.9794655
0.0,0.037811697
1.0,0.6395227
0.0,0.16878289
1.0,0.4980517
1.0,0.82573175
1.0,0.33530134
0.0,0.015797168
0.0,0.8585862
1.0,0.82849884
0.0,0.015185595
1.0,0.71139246
1.0,0.9083581
0.0,0.97669184
0.0,0.1331468
1.0,0.10269466
1.0,0.98421174
0.0,0.01120019
1.0,0.71583176
1.0,0.57221866
1.0,0.88213575
1.0,0.98874646
1.0,0.9054227
1.0,0.9346988
0.0,0.035651654
0.0,0.3400246
0.0,0.055491716
1.0,0.92990977
1.0,0.14214721
0.0,0.457847
0.0,0.075246036
1.0,0.53100425
0.0,0.016108215
1.0,0.97335494
0.0,0.40783846
1.0,0.8827243
1.0,0.9512856
0.0,0.45594466
1.0,0.23476899
0.0,0.14568919
1.0,0.9870311
1.0,0.98395264
1.0,0.11801958
0.0,0.034560233
0.0,0.017718196
1.0,0.8142109
0.0,0.047269613
1.0,0.84086925
0.0,0.021004558
0.0,0.70910925
0.0,0.04971865
0.0,0.080850184
0.0,0.002312243
0.0,0.3077474
0.0,0.58559954
1.0,0.9713495
1.0,0.14844725
0.0,0.013694137
1.0,0.9830264
1.0,0.8256693
0.0,0.868276
0.0,0.69229865
0.0,0.23660624
0.0,0.06987023
0.0,0.01848194
0.0,0.21079549
1.0,0.61836106
1.0,0.9644753
0.0,0.016758054
0.0,0.020632356
0.0,0.8145211
0.0,0.936249
0.0,0.0769549
1.0,0.9398316
0.0,0.3389696
0.0,0.05150166
1.0,0.8420814
1.0,0.83906436
0.0,0.077340364
0.0,0.10810432
0.0,0.005782336
1.0,0.78770244
1.0,0.91941583
0.0,0.035507143
0.0,0.0436998
0.0,0.019410163
0.0,0.12483153
0.0,0.0096514225
1.0,0.9438205
1.0,0.72707385
1.0,0.32768822
0.0,0.015602291
1.0,0.27507815
0.0,0.36084646
1.0,0.99113756
1.0,0.59630406
0.0,0.019835502
0.0,0.006111145
0.0,0.021404117
0.0,0.13596779
0.0,0.8470482
1.0,0.9868345
0.0,0.7533351
0.0,0.8206898
0.0,0.041709483
0.0,0.019521445
0.0,0.02933821
0.0,0.08026254
0.0,0.35726613
1.0,0.8938747
1.0,0.9154761
0.0,0.004397273
0.0,0.1561949
0.0,0.6282391
0.0,0.025277078
1.0,0.9576597
0.0,0.04071641
0.0,0.20081341
1.0,0.7167581
0.0,0.6061481
0.0,0.050926983
0.0,0.0838871
0.0,0.022327542
1.0,0.9619571
1.0,0.8818979
0.0,0.02098918
1.0,0.2022799
1.0,0.9218049
1.0,0.82807595
0.0,0.39543194
0.0,0.35090518
1.0,0.76700896
1.0,0.91514397
0.0,0.015215933
1.0,0.9627181
0.0,0.09621003
1.0,0.8752065
1.0,0.8644781
1.0,0.67375803
0.0,0.048033476
1.0,0.5221468
1.0,0.67266387
0.0,0.03548327
0.0,0.030719876
0.0,0.9539883
0.0,0.021226823
0.0,0.028515428
0.0,0.0056276023
1.0,0.9559617
0.0,0.54566747
0.0,0.34769475
0.0,0.7129649
0.0,0.016794235
0.0,0.039467692
0.0,0.03150195
1.0,0.92817235
0.0,0.018414646
0.0,0.051489115
0.0,0.59359515
1.0,0.8663207
1.0,0.70858955
1.0,0.93194467
1.0,0.9338627
0.0,0.018633664
0.0,0.037956893
0.0,0.10644284
0.0,0.11240205
0.0,0.768746
0.0,0.24582991
1.0,0.82919455
0.0,0.52731985
1.0,0.37597117
1.0,0.027726084
1.0,0.8684121
0.0,0.027380228
0.0,0.013669699
0.0,0.017055035
0.0,0.050757974
1.0,0.74533373
1.0,0.91542685
1.0,0.6122378
1.0,0.84579575
1.0,0.9718516
0.0,0.017011702
0.0,0.096526414
0.0,0.92054737
0.0,0.016630888
1.0,0.91888225
0.0,0.012955815
0.0,0.7830209
1.0,0.97874373
1.0,0.737477
0.0,0.011675537
0.0,0.16778088
0.0,0.052588493
0.0,0.3317361
1.0,0.78653646
0.0,0.9867385
0.0,0.6026111
1.0,0.9814227
0.0,0.07885298
1.0,0.9348944
1.0,0.9150041
0.0,0.010554969
0.0,0.7519527
0.0,0.019717067
0.0,0.008651495
1.0,0.742218
0.0,0.01753655
0.0,0.3517316
0.0,0.76030064
0.0,0.022063047
1.0,0.92534804
1.0,0.6633638
1.0,0.38309363
1.0,0.8667431
0.0,0.5846642
0.0,0.05127442
1.0,0.81727546
0.0,0.05991003
1.0,0.59372795
0.0,0.035883784
1.0,0.6066418
1.0,0.9637393
0.0,0.2735113
0.0,0.1499036
0.0,0.78501785
0.0,0.009202361
0.0,0.11499101
0.0,0.054748207
1.0,0.721512
0.0,0.022623658
0.0,0.26127756
0.0,0.0779455
0.0,0.2385442
0.0,0.044933647
0.0,0.035651475
0.0,0.3343461
0.0,0.006140679
0.0,0.020536542
0.0,0.030933142
0.0,0.47941455
0.0,0.009839416
1.0,0.57616425
0.0,0.07729554
1.0,0.9602581
0.0,0.017029017
0.0,0.0074451566
1.0,0.7804449
0.0,0.025256634
1.0,0.96450615
0.0,0.5260162
1.0,0.63913673
0.0,0.71557283
0.0,0.04302457
1.0,0.8124776
1.0,0.5817831
0.0,0.015545458
0.0,0.10165602
0.0,0.0035975873
0.0,0.008166373
0.0,0.002889365
0.0,0.6646934
1.0,0.9728235
1.0,0.53771603
0.0,0.078309506
0.0,0.22546163
1.0,0.48653093
1.0,0.94730616
1.0,0.7965437
0.0,0.007831067
1.0,0.088109285
0.0,0.1824953
1.0,0.38866827
0.0,0.0023801327
1.0,0.68029815
0.0,0.017444402
0.0,0.13990507
0.0,0.38182887
0.0,0.722708
1.0,0.8742712
0.0,0.11532518
0.0,0.08593303
1.0,0.9612914
0.0,0.015075862
0.0,0.5024098
0.0,0.55172145
1.0,0.98083735
0.0,0.21249756
0.0,0.050186753
0.0,0.97781396
1.0,0.83147395
0.0,0.008778244
0.0,0.68177855
0.0,0.031564564
1.0,0.3664915
0.0,0.039495915
1.0,0.96248215
0.0,0.6857257
1.0,0.76976895
1.0,0.9735892
0.0,0.8897895
1.0,0.945736
1.0,0.99000245
0.0,0.026622325
0.0,0.8397156
0.0,0.012899846
1.0,0.98591995
0.0,0.055828214
1.0,0.8274338
1.0,0.45505983
0.0,0.050762177
1.0,0.9234022
0.0,0.276299
1.0,0.77450716
0.0,0.16939458
1.0,0.6356863
0.0,0.5131312
1.0,0.051039547
0.0,0.625676
0.0,0.011107713
0.0,0.008039534
0.0,0.0052971244
0.0,0.02427423
0.0,0.02111134
0.0,0.0024552345
0.0,0.3917865
0.0,0.0633066
0.0,0.19065753
0.0,0.36264294
0.0,0.028282225
1.0,0.91337425
1.0,0.47935212
0.0,0.5131856
1.0,0.03153369
0.0,0.03024888
0.0,0.09211382
0.0,0.6584675
0.0,0.21510732
0.0,0.05721301
0.0,0.16007942
1.0,0.8198061
0.0,0.0122054815
0.0,0.020854563
1.0,0.013642371
0.0,0.0072668493
1.0,0.8876989
0.0,0.090229094
0.0,0.05776158
1.0,0.33811548
0.0,0.016421825
1.0,0.82194173
0.0,0.012379855
0.0,0.00388965
0.0,0.008433849
1.0,0.954635
0.0,0.08859271
1.0,0.5471088
1.0,0.5517155
0.0,0.94264585
0.0,0.015982866
1.0,0.060791045
0.0,0.038895965
0.0,0.045607924
0.0,0.7395101
0.0,0.009777576
0.0,0.9582357
0.0,0.9596584
1.0,0.22441822
0.0,0.026008844
1.0,0.81372154
0.0,0.007123798
0.0,0.0058297515
0.0,0.027385414
1.0,0.7398024
1.0,0.8810529
0.0,0.24140832
0.0,0.5008195
0.0,0.0055001974
0.0,0.16161296
0.0,0.053653955
0.0,0.010268211
0.0,0.004960835
1.0,0.43041122
1.0,0.9653567
0.0,0.046350986
0.0,0.94922364
1.0,0.6341278
0.0,0.043661803
1.0,0.8133607
0.0,0.015744954
0.0,0.029012382
1.0,0.94203144
0.0,0.7235192
1.0,0.90669894
1.0,0.9173687
1.0,0.92919254
0.0,0.066429704
0.0,0.013286233
0.0,0.3767219
1.0,0.9343319
0.0,0.07616457
1.0,0.9471811
0.0,0.05061102
0.0,0.012703359
0.0,0.4928328
1.0,0.9131
0.0,0.025144696
0.0,0.045197666
0.0,0.7073788
1.0,0.21536827
1.0,0.96738076
0.0,0.16219595
0.0,0.05137515
1.0,0.9373365
1.0,0.9677832
1.0,0.9366077
1.0,0.5900957
0.0,0.015682071
1.0,0.74651825
0.0,0.047279626
0.0,0.02023083
0.0,0.030820996
1.0,0.86667114
0.0,0.045606405
0.0,0.048555374
0.0,0.00880003
1.0,0.601054
0.0,0.25192225
1.0,0.89845634
1.0,0.9406971
0.0,0.03820598
1.0,0.49106893
0.0,0.017487675
1.0,0.5931746
0.0,0.46362537
0.0,0.027624518
0.0,0.03426984
0.0,0.100813985
1.0,0.97989404
0.0,0.09164068
0.0,0.18626034
0.0,0.39938807
1.0,0.9883864
1.0,0.89022726
0.0,0.015845388
1.0,0.86914814
1.0,0.9719945
1.0,0.9939109
1.0,0.36923563
0.0,0.14313567
1.0,0.7696005
0.0,0.11272493
0.0,0.32386166
1.0,0.17833918
0.0,0.030710965
0.0,0.06399822
0.0,0.37465107
1.0,0.5534406
0.0,0.28150225
0.0,0.6503507
1.0,0.66328996
0.0,0.02401331
1.0,0.83470803
0.0,0.033795655
0.0,0.84932053
1.0,0.9102652
1.0,0.9179174
0.0,0.014525384
1.0,0.89199126
1.0,0.89948106
0.0,0.71309674
0.0,0.57018965
1.0,0.7056928
0.0,0.07377854
1.0,0.96688044
0.0,0.034883052
0.0,0.049964547
1.0,0.46309888
1.0,0.96531045
0.0,0.29842708
1.0,0.65968764
0.0,0.08482355
0.0,0.049576998
1.0,0.9482939
0.0,0.256985
0.0,0.3772809
0.0,0.1227898
1.0,0.76749784
0.0,0.14125177
0.0,0.007846296
1.0,0.7519323
1.0,0.67094433
0.0,0.02295816
0.0,0.26708204
0.0,0.031477153
1.0,0.400243
0.0,0.3110357
0.0,0.002525121
0.0,0.12456301
0.0,0.022873282
0.0,0.019017845
1.0,0.17430961
0.0,0.14313912
0.0,0.011065781
0.0,0.041730642
1.0,0.8910158
1.0,0.94641113
1.0,0.88153076
0.0,0.74399346
0.0,0.011104971
0.0,0.91991705
1.0,0.9527657
0.0,0.13221353
1.0,0.8756101
0.0,0.043406695
1.0,0.9504223
0.0,0.07539263
1.0,0.8170882
0.0,0.8040218
1.0,0.40360695
0.0,0.18308157
0.0,0.36771324
1.0,0.6010239
1.0,0.9334624
1.0,0.9498199
0.0,0.27116257
1.0,0.9373366
1.0,0.76210177
1.0,0.18020183
0.0,0.009554714
1.0,0.6820126
0.0,0.02201882
0.0,0.8804433
1.0,0.43408662
0.0,0.5667389
0.0,0.020818114
0.0,0.08437431
0.0,0.12100878
0.0,0.7211384
1.0,0.87627083
1.0,0.6818871
0.0,0.34362006
0.0,0.74440557
0.0,0.07383552
1.0,0.95108247
0.0,0.79082334
0.0,0.21937403
0.0,0.01841104
0.0,0.021574557
0.0,0.032079667
0.0,0.8005289
1.0,0.9467926
1.0,0.96976376
1.0,0.25172448
0.0,0.6911468
0.0,0.018492699
0.0,0.0048405826
0.0,0.036486268
0.0,0.034825653
1.0,0.9075895
0.0,0.026601136
0.0,0.16294795
1.0,0.92697966
0.0,0.08631697
1.0,0.21611732
1.0,0.56006193
0.0,0.68246424
0.0,0.01595512
0.0,0.17322993
1.0,0.7118748
0.0,0.202845
0.0,0.033116102
1.0,0.73077124
1.0,0.4176428
0.0,0.014136791
0.0,0.22667295
0.0,0.71563196
0.0,0.010107726
0.0,0.7179824
1.0,0.099126846
1.0,0.804565
0.0,0.015051365
0.0,0.003534913
0.0,0.43787098
0.0,0.31008655
1.0,0.94495237
0.0,0.100711316
1.0,0.985409
0.0,0.061803907
1.0,0.9564854
0.0,0.029184699
1.0,0.85866237
1.0,0.6985805
0.0,0.022694647
0.0,0.2664341
0.0,0.0104650855
0.0,0.4201748
1.0,0.8608619
1.0,0.031508297
1.0,0.18675736
1.0,0.3405035
1.0,0.58867127
0.0,0.0014651716
1.0,0.8408847
1.0,0.6506123
0.0,0.032024324
0.0,0.026370704
0.0,0.029241085
1.0,0.95417506
1.0,0.9735732
0.0,0.8719645
0.0,0.029786319
1.0,0.93135023
0.0,0.012131929
0.0,0.026403785
1.0,0.9817156
0.0,0.73072815
0.0,0.08892521
1.0,0.54248846
1.0,0.97572184
0.0,0.011749268
0.0,0.048699945
0.0,0.16148174
1.0,0.90594506
1.0,0.9249606
0.0,0.66581625
0.0,0.055957347
1.0,0.96143436
1.0,0.8124374
0.0,0.015155375
0.0,0.09611246
0.0,0.34616575
1.0,0.37410837
1.0,0.7351714
0.0,0.027364314
0.0,0.11074874
1.0,0.90109265
0.0,0.02003637
0.0,0.039542675
0.0,0.06575683
0.0,0.7525466
1.0,0.73280835
0.0,0.48726282
0.0,0.028674662
0.0,0.85232323
0.0,0.2026977
0.0,0.034000188
1.0,0.7714079
1.0,0.80931157
0.0,0.30259672
1.0,0.96511865
0.0,0.25366765
1.0,0.8708746
1.0,0.06224999
1.0,0.9371643
0.0,0.011105448
0.0,0.76463395
0.0,0.05841282
1.0,0.9880763
0.0,0.0032927394
1.0,0.9586665
0.0,0.046770662
0.0,0.012229592
1.0,0.45779335
1.0,0.9576159
0.0,0.016312867
1.0,0.811976
0.0,0.026193619
1.0,0.91976744
0.0,0.0025814474
1.0,0.73481536
1.0,0.1343337
0.0,0.031251103
0.0,0.016150564
0.0,0.045776248
0.0,0.007615328
0.0,0.020061314
0.0,0.90368986
0.0,0.05618742
0.0,0.01814881
0.0,0.9758119
0.0,0.02178663
1.0,0.9822608
0.0,0.43009198
0.0,0.3320109
1.0,0.9556064
0.0,0.05851513
1.0,0.9880283
0.0,0.017317832
1.0,0.9835016
0.0,0.033184618
0.0,0.11091873
1.0,0.9747994
0.0,0.041256398
0.0,0.019811988
0.0,0.068326324
1.0,0.8916706
1.0,0.41462007
0.0,0.00996232
1.0,0.77197176
1.0,0.49836487
1.0,0.9379873
0.0,0.5352294
1.0,0.120265186
1.0,0.81346524
0.0,0.46002966
1.0,0.25549912
1.0,0.8420112
0.0,0.049137354
0.0,0.03466052
0.0,0.01955077
0.0,0.008890569
0.0,0.029604256
0.0,0.020272374
0.0,0.053275794
0.0,0.0046366155
1.0,0.8494395
0.0,0.3426494
0.0,0.024213314
0.0,0.02822277
0.0,0.06172231
1.0,0.5370077
0.0,0.010373116
1.0,0.9152811
0.0,0.8617939
0.0,0.03668362
1.0,0.7462485
1.0,0.86734504
0.0,0.17581624
0.0,0.07478866
1.0,0.9396041
0.0,0.8968994
0.0,0.196049
1.0,0.8732
1.0,0.4176847
1.0,0.81100667
1.0,0.6928383
0.0,0.12499863
0.0,0.011154443
1.0,0.7007138
0.0,0.01963222
0.0,0.01271379
1.0,0.9590157
1.0,0.94571793
1.0,0.9768373
0.0,0.014398187
1.0,0.2895564
1.0,0.9113469
1.0,0.9262376
0.0,0.013223499
0.0,0.010888308
1.0,0.09644961
0.0,0.04689324
0.0,0.565235
0.0,0.0712378
1.0,0.9638854
0.0,0.016246766
0.0,0.022953004
0.0,0.024338633
0.0,0.612865
0.0,0.30711648
0.0,0.0035377443
0.0,0.9244815
1.0,0.942729
0.0,0.04318595
1.0,0.8676098
0.0,0.0061933696
0.0,0.20977336
0.0,0.86154693
1.0,0.012248635
0.0,0.8103177
0.0,0.012976885
0.0,0.016232848
0.0,0.24870607
0.0,0.038812816
1.0,0.96745455
0.0,0.12709078
1.0,0.6992332
0.0,0.11411005
0.0,0.13821334
0.0,0.020385653
0.0,0.59872985
0.0,0.046231568
0.0,0.44846252
0.0,0.07007465
0.0,0.032333553
1.0,0.7817576
0.0,0.10534713
1.0,0.36804563
1.0,0.27039176
0.0,0.103627324
0.0,0.059909403
1.0,0.94971424
0.0,0.020851403
1.0,0.7693449
1.0,0.8860571
0.0,0.01690638
1.0,0.9402021
0.0,0.016274244
1.0,0.9608822
0.0,0.19834825
0.0,0.2458778
1.0,0.48311186
0.0,0.7862494
0.0,0.014198273
0.0,0.83933973
1.0,0.43734834
1.0,0.9522488
0.0,0.0067737103
0.0,0.3148413
1.0,0.60681653
0.0,0.4194888
1.0,0.13702124
0.0,0.2705575
1.0,0.29076955
0.0,0.85201967
0.0,0.028084278
0.0,0.6906446
0.0,0.019860953
0.0,0.08344689
1.0,0.066427946
0.0,0.3735697
1.0,0.8475968
0.0,0.004996568
1.0,0.54579824
0.0,0.015835822
0.0,0.01184684
0.0,0.04232925
0.0,0.0232611
0.0,0.22312236
0.0,0.17097798
0.0,0.06835607
0.0,0.41524637
1.0,0.8481512
0.0,0.02332905
0.0,0.09749678
1.0,0.72818726
1.0,0.29702875
0.0,0.06796011
0.0,0.015926331
1.0,0.7922164
0.0,0.05516818
1.0,0.024983019
1.0,0.7415839
1.0,0.78253543
1.0,0.79187787
0.0,0.021532267
0.0,0.0061832666
1.0,0.72068304
0.0,0.31071278
1.0,0.9529786
1.0,0.5743493
1.0,0.94811225
0.0,0.16004187
0.0,0.0044528544
0.0,0.076312035
0.0,0.044345587
1.0,0.75230455
1.0,0.84268296
0.0,0.46928346
0.0,0.067263156
0.0,0.22298163
0.0,0.113873035
1.0,0.11692697
1.0,0.6309894
1.0,0.8331622
0.0,0.8146914
1.0,0.48624745
1.0,0.83668864
1.0,0.79822063
1.0,0.86884665
0.0,0.4541054
0.0,0.7946478
0.0,0.9025647
0.0,0.06759924
1.0,0.8692621
1.0,0.9743155
1.0,0.8395499
1.0,0.93109965
0.0,0.02312985
0.0,0.008882523
0.0,0.023344457
0.0,0.4651032
1.0,0.5608752
0.0,0.02697736
0.0,0.029856265
0.0,0.31817132
0.0,0.010234833
1.0,0.62886864
1.0,0.75990814
1.0,0.8820712
0.0,0.046196967
0.0,0.50910187
1.0,0.8379499
1.0,0.987877
0.0,0.0973334
1.0,0.9398677
0.0,0.63482594
1.0,0.96778953
1.0,0.96062636
1.0,0.47711235
0.0,0.038343072
0.0,0.13494393
1.0,0.94874704
0.0,0.053648353
0.0,0.08806723
1.0,0.9664638
0.0,0.03929743
0.0,0.036156595
0.0,0.14713717
1.0,0.434995
0.0,0.2021485
0.0,0.3397944
1.0,0.9384433
0.0,0.53303254
0.0,0.030724645
0.0,0.06709772
0.0,0.13357481
1.0,0.61845255
0.0,0.5705254
0.0,0.013555974
0.0,0.00537771
1.0,0.6910533
0.0,0.16237232
0.0,0.003078431
1.0,0.114587516
0.0,0.1552712
0.0,0.052809298
1.0,0.9712099
1.0,0.5758066
0.0,0.013858706
1.0,0.4132308
1.0,0.2308169
0.0,0.20577532
0.0,0.3368915
1.0,0.17039585
1.0,0.80882335
0.0,0.012013674
1.0,0.21641809
1.0,0.17997503
1.0,0.48560023
0.0,0.1518465
1.0,0.23679957
0.0,0.026367068
1.0,0.6499293
0.0,0.012580842
1.0,0.83365774
0.0,0.69972444
0.0,0.09117696
1.0,0.7876904
0.0,0.026039869
1.0,0.91703534
1.0,0.70930123
1.0,0.9428741
1.0,0.64711297
0.0,0.11187163
1.0,0.17649248
0.0,0.59103274
0.0,0.010950416
0.0,0.02175352
0.0,0.1510627
1.0,0.9050334
0.0,0.032829583
0.0,0.5312295
0.0,0.68023306
0.0,0.30035615
1.0,0.7683306
0.0,0.3934605
0.0,0.00746423
0.0,0.055793196
0.0,0.310665
1.0,0.7966157
0.0,0.018524468
1.0,0.90658355
1.0,0.97898656
0.0,0.56150305
0.0,0.017976195
0.0,0.018651873
1.0,0.9769094
0.0,0.042761624
1.0,0.2863819
1.0,0.7388871
1.0,0.9462123
0.0,0.87463653
0.0,0.25169918
0.0,0.01178807
0.0,0.72790974
0.0,0.0101028085
0.0,0.018895298
0.0,0.13594288
1.0,0.45910612
0.0,0.077845514
1.0,0.7661255
0.0,0.116191894
1.0,0.6396821
1.0,0.9566807
1.0,0.75477433
1.0,0.8349744
0.0,0.72960764
0.0,0.9420034
0.0,0.10119301
1.0,0.7809451
1.0,0.9132869
0.0,0.017205864
1.0,0.4209857
1.0,0.94492435
1.0,0.95883584
1.0,0.8312408
0.0,0.728531
0.0,0.0145227015
1.0,0.8868994
0.0,0.02562052
0.0,0.49968812
1.0,0.97860694
0.0,0.012361139
0.0,0.7074559
0.0,0.29663923
0.0,0.019651502
0.0,0.06539959
1.0,0.9744477
0.0,0.08198756
0.0,0.6937886
1.0,0.4225963
0.0,0.15387136
1.0,0.89780784
0.0,0.06541777
0.0,0.008775473
0.0,0.019251823
0.0,0.49948514
1.0,0.52514166
0.0,0.095249265
0.0,0.29538873
1.0,0.93075144
1.0,0.8145344
0.0,0.037471324
0.0,0.015551984
0.0,0.0153544545
1.0,0.36371705
0.0,0.014043838
1.0,0.8174516
1.0,0.72120035
1.0,0.33625954
1.0,0.7921897
1.0,0.7154827
0.0,0.7795188
1.0,0.8070072
1.0,0.9403143
0.0,0.015307248
0.0,0.014297664
0.0,0.0507901
1.0,0.78519225
0.0,0.016238123
0.0,0.032355815
0.0,0.61043775
1.0,0.97418064
0.0,0.12140697
1.0,0.91726774
0.0,0.09159014
0.0,0.46471512
0.0,0.19793963
0.0,0.012051523
0.0,0.02184838
1.0,0.6775836
1.0,0.9397557
0.0,0.016930968
0.0,0.0683251
1.0,0.8913367
0.0,0.003992766
1.0,0.9687467
0.0,0.13444895
0.0,0.07605255
0.0,0.054176092
1.0,0.9890434
1.0,0.80341387
0.0,0.07191017
0.0,0.19527486
1.0,0.8121748
0.0,0.0360505
0.0,0.08415195
1.0,0.6975803
1.0,0.9767567
1.0,0.921939
0.0,0.034721464
1.0,0.75423014
1.0,0.8588413
0.0,0.058087677
0.0,0.03531155
0.0,0.005890548
0.0,0.02674675
0.0,0.006354451
0.0,0.16252744
1.0,0.6506
1.0,0.9002291
0.0,0.36834705
0.0,0.03507498
0.0,0.08828893
0.0,0.32133913
1.0,0.5506304
0.0,0.7880319
0.0,0.058790684
0.0,0.8052949
0.0,0.84945834
1.0,0.3302191
0.0,0.015467405
0.0,0.54903626
1.0,0.9585788
0.0,0.1586704
0.0,0.26407492
0.0,0.030424803
0.0,0.014376283
1.0,0.74046457
1.0,0.6340553
0.0,0.09701696
0.0,0.9370105
0.0,0.010977447
0.0,0.7087295
0.0,0.96982527
0.0,0.12364817
0.0,0.0019862652
0.0,0.12684205
1.0,0.06206575
0.0,0.019163758
1.0,0.23701915
0.0,0.74335337
0.0,0.0032666624
0.0,0.21689892
0.0,0.12936264
0.0,0.056547165
0.0,0.02752757
1.0,0.95387304
0.0,0.013726175
0.0,0.5126331
0.0,0.08054644
1.0,0.8454443
1.0,0.9479383
0.0,0.033987284
0.0,0.36850157
0.0,0.010288149
1.0,0.96601003
1.0,0.75519097
1.0,0.9720435
0.0,0.28255346
1.0,0.9684504
0.0,0.058383852
0.0,0.022525936
0.0,0.017896026
1.0,0.1503526
0.0,0.0046238005
0.0,0.02728057
1.0,0.9726324
1.0,0.07066122
0.0,0.16178134
1.0,0.9668393
0.0,0.026598722
1.0,0.44449642
0.0,0.10029483
1.0,0.8196997
0.0,0.7582066
0.0,0.16471064
1.0,0.83787906
0.0,0.03194478
0.0,0.07834846
0.0,0.03072834
0.0,0.04997468
0.0,0.06300038
0.0,0.015526742
1.0,0.626289
1.0,0.3667897
0.0,0.3375007
0.0,0.020095706
0.0,0.05692658
0.0,0.59010893
1.0,0.98935735
0.0,0.023245662
0.0,0.19458792
0.0,0.61778605
0.0,0.2481013
0.0,0.0027987957
1.0,0.9632288
1.0,0.947138
0.0,0.006149173
0.0,0.16823936
0.0,0.08000207
0.0,0.01770398
1.0,0.48597792
0.0,0.6992686
0.0,0.04280591
0.0,0.015423834
1.0,0.6613405
0.0,0.012120903
0.0,0.03741899
1.0,0.9568179
0.0,0.05707559
0.0,0.31426454
1.0,0.7783427
1.0,0.62189627
1.0,0.7788987
0.0,0.00826481
0.0,0.027629673
0.0,0.4652219
0.0,0.0054805577
1.0,0.89098656
0.0,0.10988304
1.0,0.0382863
0.0,0.0012699962
0.0,0.009820938
0.0,0.116179496
1.0,0.92355156
0.0,0.6331034
0.0,0.2969181
0.0,0.21672878
1.0,0.69510293
0.0,0.015199184
0.0,0.117296964
0.0,0.01350379
1.0,0.3449703
0.0,0.038586557
0.0,0.01592046
1.0,0.3019306
1.0,0.97575706
0.0,0.0044909418
1.0,0.974852
1.0,0.69614637
1.0,0.8032948
1.0,0.8742633
0.0,0.03199166
1.0,0.8010813
0.0,0.95804965
1.0,0.06733924
0.0,0.024590492
1.0,0.16774571
0.0,0.26422292
1.0,0.15078947
1.0,0.9801232
1.0,0.5196986
0.0,0.034678012
0.0,0.7214405
0.0,0.5008443
0.0,0.110515475
0.0,0.022428364
0.0,0.059918165
1.0,0.9742689
1.0,0.95150995
1.0,0.7841274
0.0,0.03010562
0.0,0.014123738
0.0,0.27064872
0.0,0.061940968
1.0,0.07310614
0.0,0.044420302
0.0,0.025084257
0.0,0.029157192
0.0,0.49241844
1.0,0.9300597
0.0,0.8282364
0.0,0.6975156
0.0,0.5243245
1.0,0.23811615
0.0,0.086386114
0.0,0.4641751
1.0,0.4034255
0.0,0.7929838
1.0,0.6147071
0.0,0.06368971
0.0,0.4562427
0.0,0.016594619
0.0,0.010863483
0.0,0.0028901994
1.0,0.9241708
0.0,0.093147635
0.0,0.049440444
1.0,0.97299385
1.0,0.8533945
0.0,0.25506866
1.0,0.13639268
0.0,0.6890804
0.0,0.09583017
1.0,0.97032785
0.0,0.010670185
0.0,0.10557768
0.0,0.023432374
0.0,0.028569847
1.0,0.9044054
1.0,0.9317076
1.0,0.64168847
1.0,0.9621464
0.0,0.019285917
0.0,0.016901523
0.0,0.075330645
1.0,0.91455483
0.0,0.15268302
0.0,0.06354484
1.0,0.9625699
1.0,0.38360053
1.0,0.9149765
0.0,0.018192083
0.0,0.20292518
0.0,0.48256913
1.0,0.99501276
1.0,0.91209257
1.0,0.96180475
0.0,0.19439915
0.0,0.0028181374
0.0,0.007276058
1.0,0.87231576
1.0,0.44595295
0.0,0.38328022
1.0,0.77646756
1.0,0.47365996
1.0,0.6905538
1.0,0.21972692
0.0,0.040093184
0.0,0.034276277
1.0,0.46080533
1.0,0.71845955
0.0,0.09481275
0.0,0.03860876
0.0,0.0066678226
0.0,0.035736382
0.0,0.016600221
0.0,0.49126858
0.0,0.017976612
0.0,0.081252694
1.0,0.74554753
1.0,0.74226236
0.0,0.23384598
1.0,0.97692144
0.0,0.0070596337
1.0,0.7547569
0.0,0.12464735
1.0,0.98618305
0.0,0.007053882
0.0,0.032030106
0.0,0.011792809
0.0,0.42839742
1.0,0.066042125
1.0,0.9497855
0.0,0.08853862
0.0,0.13142338
1.0,0.54758203
0.0,0.034907848
1.0,0.90761495
1.0,0.6571509
0.0,0.03380266
0.0,0.14665431
0.0,0.26467013
0.0,0.98544145
0.0,0.75894594
0.0,0.008347124
0.0,0.32597905
0.0,0.026731133
1.0,0.8725989
1.0,0.9763345
1.0,0.48747596
1.0,0.84890443
0.0,0.029270351
0.0,0.42703366
1.0,0.73712516
0.0,0.8552803
0.0,0.018141001
0.0,0.0366624
1.0,0.3760195
1.0,0.26185286
0.0,0.030190855
1.0,0.793464
1.0,0.92388177
0.0,0.0014769137
0.0,0.034341633
1.0,0.97010666
0.0,0.010169625
0.0,0.48049116
0.0,0.005554527
0.0,0.036171913
1.0,0.26131985
0.0,0.024701655
0.0,0.036446095
0.0,0.22366273
1.0,0.6278356
0.0,0.008527845
0.0,0.05397439
1.0,0.9559685
0.0,0.057568163
0.0,0.17794853
0.0,0.9573954
1.0,0.98567355
1.0,0.5092406
1.0,0.46284577
0.0,0.11107716
0.0,0.2484493
1.0,0.19589478
0.0,0.027965963
0.0,0.0405896
0.0,0.44614872
0.0,0.047575533
1.0,0.6647152
0.0,0.07970679
0.0,0.66111517
1.0,0.62569594
0.0,0.017553985
0.0,0.05565533
0.0,0.8813128
0.0,0.22162965
1.0,0.57336885
1.0,0.9616122
0.0,0.1293123
1.0,0.80268586
0.0,0.14250696
0.0,0.045342356
0.0,0.010341436
1.0,0.6217473
0.0,0.01937753
0.0,0.021539152
1.0,0.9595782
1.0,0.68613946
1.0,0.92341995
0.0,0.525324
1.0,0.8314631
1.0,0.91502583
0.0,0.0034906268
0.0,0.8158039
0.0,0.6664854
1.0,0.4577
0.0,0.025911123
0.0,0.063420445
0.0,0.017617226
0.0,0.015310407
0.0,0.034131438
0.0,0.16780582
0.0,0.1399504
0.0,0.93004537
0.0,0.3151119
1.0,0.35337305
1.0,0.7506125
1.0,0.845756
0.0,0.016010553
1.0,0.9639644
0.0,0.7742243
0.0,0.035349786
1.0,0.92553794
0.0,0.06770685
0.0,0.019074798
0.0,0.1367783
0.0,0.042264074
0.0,0.545609
0.0,0.6180548
0.0,0.03855124
1.0,0.8319315
0.0,0.0017515719
0.0,0.010604322
0.0,0.020252138
1.0,0.9212655
1.0,0.90487206
0.0,0.5764935
1.0,0.83341014
0.0,0.018708676
1.0,0.3242282
0.0,0.07405749
0.0,0.0055761337
1.0,0.07668996
0.0,0.021559864
0.0,0.0036478043
1.0,0.83562917
0.0,0.18292773
1.0,0.21251035
0.0,0.3959368
0.0,0.032735407
1.0,0.8800955
0.0,0.015098989
0.0,0.14898118
0.0,0.82301855
0.0,0.010187894
0.0,0.008961707
1.0,0.96791995
0.0,0.007155031
0.0,0.019773096
0.0,0.09395775
1.0,0.6056645
0.0,0.92335457
0.0,0.09133577
1.0,0.71225446
0.0,0.0043604076
0.0,0.0033138394
0.0,0.02493316
0.0,0.15606564
1.0,0.8253364
0.0,0.021622837
0.0,0.0028682053
0.0,0.00483495
0.0,0.011506736
0.0,0.43027908
1.0,0.8505049
1.0,0.7726147
0.0,0.0197227
1.0,0.9055867
0.0,0.060815454
0.0,0.044182748
0.0,0.014068484
0.0,0.08983475
1.0,0.9736179
0.0,0.010774851
0.0,0.05223182
0.0,0.36275166
0.0,0.15384221
0.0,0.08067334
0.0,0.018330485
0.0,0.010027319
0.0,0.024220377
0.0,0.03082046
0.0,0.9000726
1.0,0.46846402
0.0,0.07306245
0.0,0.2511101
0.0,0.028512657
1.0,0.9759587
0.0,0.35044736
1.0,0.83591986
0.0,0.039061457
0.0,0.08562526
0.0,0.09803313
1.0,0.9689847
1.0,0.96473205
1.0,0.6206222
1.0,0.69194907
0.0,0.31278765
0.0,0.02200967
1.0,0.9769479
1.0,0.9184096
0.0,0.02967006
0.0,0.32391518
0.0,0.53411674
1.0,0.87956965
0.0,0.02443102
0.0,0.01972413
0.0,0.04732448
0.0,0.01585108
1.0,0.46288154
1.0,0.91262734
0.0,0.0020779371
1.0,0.55653864
0.0,0.08267379
0.0,0.029703468
0.0,0.01151374
0.0,0.16824883
0.0,0.0703657
1.0,0.8364651
0.0,0.0016745329
0.0,0.26106894
0.0,0.8793316
0.0,0.13951463
0.0,0.7267022
1.0,0.9620453
0.0,0.05664602
0.0,0.021816581
1.0,0.9449878
0.0,0.7528459
0.0,0.06576708
1.0,0.91183853
1.0,0.5465521
0.0,0.08004141
1.0,0.9272809
0.0,0.3572569
1.0,0.7745267
1.0,0.9943068
0.0,0.032797188
1.0,0.9766576
0.0,0.06549844
0.0,0.11259693
0.0,0.18677878
0.0,0.4487297
0.0,0.02395171
0.0,0.023265004
0.0,0.40220916
1.0,0.97335595
0.0,0.24386021
0.0,0.18481693
0.0,0.15509558
0.0,0.12058818
1.0,0.7960329
0.0,0.027443677
0.0,0.51527035
0.0,0.028276533
0.0,0.043335438
0.0,0.030093461
0.0,0.95904446
1.0,0.0050993264
0.0,0.13497707
1.0,0.8916025
0.0,0.022111505
1.0,0.5296496
0.0,0.021852612
0.0,0.13140443
0.0,0.025362313
0.0,0.70331347
0.0,0.38079157
0.0,0.09517208
0.0,0.2625269
0.0,0.06865856
0.0,0.81898576
0.0,0.85733
1.0,0.901983
0.0,0.7667309
0.0,0.022997588
1.0,0.97552943
0.0,0.034848154
0.0,0.008022845
0.0,0.032871217
1.0,0.29790774
1.0,0.5692796
1.0,0.57482845
1.0,0.7804061
0.0,0.47826204
1.0,0.792331
0.0,0.13455483
1.0,0.7292508
0.0,0.046630144
0.0,0.8917658
0.0,0.033592194
0.0,0.011797339
0.0,0.08827904
1.0,0.9314391
1.0,0.27966163
0.0,0.97789335
1.0,0.6376426
0.0,0.015373021
1.0,0.9356357
0.0,0.024678618
0.0,0.02313456
0.0,0.92249596
0.0,0.6170107
0.0,0.05086893
0.0,0.009058654
1.0,0.99062157
0.0,0.0069828928
1.0,0.94271004
1.0,0.72702307
1.0,0.7334852
0.0,0.013632327
0.0,0.7855165
0.0,0.014687568
0.0,0.1235919
0.0,0.1859724
1.0,0.7644905
0.0,0.51843137
0.0,0.2566089
0.0,0.06924492
0.0,0.012047112
0.0,0.008809239
0.0,0.29191208
0.0,0.82434297
0.0,0.022730172
0.0,0.19624263
1.0,0.98427296
0.0,0.32070798
0.0,0.04722181
0.0,0.019158483
0.0,0.012277305
1.0,0.92977244
0.0,0.2938222
1.0,0.98042536
0.0,0.33395582
1.0,0.9820025
1.0,0.8164588
0.0,0.008702874
0.0,0.2861594
0.0,0.04220262
0.0,0.4310417
0.0,0.020840287
0.0,0.34869894
1.0,0.97185093
0.0,0.015818149
1.0,0.32392693
0.0,0.917102
0.0,0.008580387
0.0,0.036130846
1.0,0.8432812
0.0,0.017712772
1.0,0.985752
0.0,0.032185197
0.0,0.056248635
0.0,0.4970549
0.0,0.7678955
0.0,0.1670768
0.0,0.077079386
1.0,0.59987825
1.0,0.86428565
0.0,0.45514792
0.0,0.08609635
0.0,0.066667736
1.0,0.884458
0.0,0.07087305
1.0,0.10369146
0.0,0.5474893
1.0,0.8702562
1.0,0.91035306
0.0,0.077601194
0.0,0.032191098
0.0,0.047985405
1.0,0.74174124
0.0,0.12834302
0.0,0.7909861
1.0,0.95301974
1.0,0.8012685
0.0,0.31496292
0.0,0.049703836
1.0,0.93545306
0.0,0.042526275
0.0,0.019250989
0.0,0.02526465
1.0,0.7769777
0.0,0.08540115
0.0,0.057578415
1.0,0.81478345
1.0,0.8363812
0.0,0.65530676
0.0,0.016522378
0.0,0.04087186
1.0,0.95839894
1.0,0.8365873
1.0,0.28866932
0.0,0.08846432
0.0,0.0129464865
0.0,0.11638054
0.0,0.0085320175
1.0,0.90792096
0.0,0.0128750205
0.0,0.6000497
0.0,0.028183281
0.0,0.22532478
0.0,0.2688981
0.0,0.018581957
0.0,0.18555897
0.0,0.07067281
0.0,0.029820412
1.0,0.35978812
1.0,0.87819695
0.0,0.6857035
0.0,0.28181285
1.0,0.080227435
0.0,0.0381113
1.0,0.895382
0.0,0.037613213
0.0,0.021043956
1.0,0.9647263
1.0,0.9487989
0.0,0.78973424
0.0,0.37293735
1.0,0.23259136
0.0,0.03773427
0.0,0.080026835
0.0,0.9868692
0.0,0.0064940155
1.0,0.8255471
1.0,0.11135256
0.0,0.42484635
0.0,0.005428344
0.0,0.05829528
1.0,0.9393501
0.0,0.025186509
1.0,0.718568
0.0,0.15671316
1.0,0.6476032
1.0,0.84570444
0.0,0.5002196
1.0,0.07055953
0.0,0.2904812
0.0,0.01710713
1.0,0.9908743
1.0,0.68535733
0.0,0.019187301
0.0,0.32062155
0.0,0.6026742
0.0,0.5688068
1.0,0.9702896
0.0,0.059040964
0.0,0.11618069
0.0,0.033115625
1.0,0.88142943
0.0,0.030545592
0.0,0.49271798
1.0,0.8962165
0.0,0.013107449
0.0,0.8561835
0.0,0.54160935
1.0,0.598061
0.0,0.5827185
1.0,0.8279983
0.0,0.05094686
1.0,0.08429405
1.0,0.58807653
1.0,0.95398283
1.0,0.94102407
0.0,0.009467244
1.0,0.73581344
0.0,0.009989768
1.0,0.97603214
1.0,0.6069171
0.0,0.05278325
1.0,0.8437624
0.0,0.005731404
1.0,0.5774932
1.0,0.33407414
0.0,0.19123417
0.0,0.96535265
1.0,0.9938291
1.0,0.4854337
0.0,0.2144858
0.0,0.5124736
0.0,0.0013544858
0.0,0.03553903
0.0,0.75995094
1.0,0.81791097
1.0,0.8585131
1.0,0.4166602
1.0,0.69648373
1.0,0.97328424
1.0,0.9601954
0.0,0.3408751
1.0,0.92755055
0.0,0.059052497
0.0,0.026174694
0.0,0.11875275
1.0,0.14780512
1.0,0.08428699
0.0,0.0820505
0.0,0.02500239
0.0,0.9342289
1.0,0.86708593
1.0,0.47471687
1.0,0.9424261
0.0,0.022661358
0.0,0.9628036
0.0,0.0728001
0.0,0.12882876
0.0,0.038397133
0.0,0.033740938
1.0,0.9751228
1.0,0.85530615
0.0,0.09839234
0.0,0.22038677
0.0,0.7653543
0.0,0.6581115
0.0,0.6633359
0.0,0.2522956
0.0,0.18728024
1.0,0.6785675
0.0,0.063798904
1.0,0.63813174
0.0,0.013252169
0.0,0.9421278
0.0,0.18048456
0.0,0.6141228
1.0,0.95764625
1.0,0.8237071
1.0,0.91895616
1.0,0.7606029
0.0,0.008920014
0.0,0.5387344
1.0,0.5094519
1.0,0.8706013
0.0,0.47392747
0.0,0.011785001
0.0,0.0932937
1.0,0.30409014
0.0,0.014473975
1.0,0.12588114
0.0,0.025363326
0.0,0.25025517
0.0,0.04031217
0.0,0.007045269
0.0,0.66900456
0.0,0.023709625
0.0,0.078186095
1.0,0.95049775
0.0,0.020460784
0.0,0.6116303
0.0,0.017872036
1.0,0.14863369
0.0,0.090553164
1.0,0.9767841
0.0,0.013932437
0.0,0.04755968
0.0,0.0057367682
0.0,0.4306153
0.0,0.023927182
0.0,0.020692408
1.0,0.9480463
0.0,0.23172826
1.0,0.7042076
1.0,0.45212486
0.0,0.029963285
0.0,0.042840898
1.0,0.86794794
1.0,0.98743856
0.0,0.15404078
0.0,0.2971476
0.0,0.024690747
0.0,0.115596324
0.0,0.01093629
1.0,0.8801806
0.0,0.10202557
1.0,0.3240841
1.0,0.27454185
0.0,0.9074396
0.0,0.12504387
0.0,0.016697884
0.0,0.016980052
0.0,0.98892593
0.0,0.0110887885
0.0,0.10718605
0.0,0.8494386
1.0,0.6937017
1.0,0.72413677
0.0,0.042353123
0.0,0.023457706
0.0,0.6273646
1.0,0.7465964
0.0,0.024086714
0.0,0.023998976
1.0,0.52537787
1.0,0.9152797
0.0,0.06279984
0.0,0.14685243
0.0,0.022594333
1.0,0.970665
0.0,0.06340948
1.0,0.9312072
1.0,0.6571175
0.0,0.025969177
0.0,0.089550614
0.0,0.106833875
1.0,0.6939591
0.0,0.3540113
1.0,0.75281006
0.0,0.025267392
1.0,0.9459181
0.0,0.06710598
0.0,0.052027464
0.0,0.07433024
1.0,0.9914756
0.0,0.5076919
1.0,0.94455284
1.0,0.63728034
0.0,0.010374814
1.0,0.3754594
0.0,0.12728894
1.0,0.48295733
0.0,0.0053925514
1.0,0.93955123
0.0,0.008463472
1.0,0.69405985
1.0,0.93043905
1.0,0.9787293
0.0,0.02308914
1.0,0.80712247
1.0,0.7687243
0.0,0.029705584
1.0,0.8388547
1.0,0.4765603
1.0,0.11033818
0.0,0.22024232
0.0,0.0555267
0.0,0.8993843
0.0,0.36977923
