0.0,0.36759543
0.0,0.9175532
1.0,0.2941892
0.0,0.055457413
1.0,0.17385054
0.0,0.030125827
1.0,0.971153
1.0,0.7674868
1.0,0.39561632
0.0,0.0018122792
0.0,0.25755924
1.0,0.59952354
0.0,0.0052579343
0.0,0.09101209
0.0,0.054918677
0.0,0.0009457767
1.0,0.59230447
0.0,0.11855069
0.0,0.039264888
1.0,0.5127716
1.0,0.47976688
0.0,0.035143733
1.0,0.9581889
0.0,0.13000473
0.0,0.002832204
1.0,0.94552475
0.0,0.18874165
1.0,0.476822
0.0,0.012668997
1.0,0.8969449
0.0,0.012197465
0.0,0.038463056
1.0,0.8775742
1.0,0.9965254
1.0,0.90550303
1.0,0.9615559
1.0,0.74562216
0.0,0.023398548
1.0,0.7714995
1.0,0.14829043
1.0,0.8518148
1.0,0.9538945
0.0,0.0050331056
1.0,0.9849876
1.0,0.86525124
0.0,0.017901659
0.0,0.00017017126
0.0,0.069366366
0.0,0.009736836
1.0,0.95698565
0.0,0.35987896
1.0,0.86634284
1.0,0.9930507
1.0,0.6798543
0.0,0.0075415075
0.0,0.018900454
0.0,0.05499831
1.0,0.07661557
1.0,0.9369072
1.0,0.21948364
1.0,0.98807716
0.0,0.21654046
1.0,0.9911568
1.0,0.65134144
1.0,0.9656211
0.0,0.16175541
0.0,0.5655154
1.0,0.9561847
0.0,0.0032213032
1.0,0.9411684
0.0,0.07716602
1.0,0.93089044
0.0,0.00024074316
0.0,0.023195565
1.0,0.5231931
0.0,0.28146017
0.0,0.0065060854
0.0,0.37672025
0.0,0.027047396
1.0,0.8909136
0.0,0.062524945
1.0,0.98736936
1.0,0.96536815
1.0,0.9991907
1.0,0.99771786
1.0,0.7685205
1.0,0.96779215
0.0,0.2222856
0.0,0.023247927
1.0,0.5949312
0.0,0.0071083307
1.0,0.06972587
0.0,0.19655713
0.0,0.8752201
0.0,0.37876174
1.0,0.9437032
0.0,0.009448022
0.0,0.016979128
1.0,0.74400896
1.0,0.98722935
0.0,0.009152025
0.0,0.07823995
1.0,0.06775761
0.0,0.01386717
0.0,0.016813606
1.0,0.88264257
1.0,0.1342763
0.0,0.025984824
1.0,0.008057684
1.0,0.9545737
1.0,0.9681535
0.0,0.02653873
1.0,0.032443672
0.0,0.11897111
0.0,0.022672325
1.0,0.68239546
0.0,0.03702438
1.0,0.9066639
1.0,0.6702915
1.0,0.99738294
0.0,0.29364663
1.0,0.9777532
0.0,0.2634099
0.0,0.0044047832
0.0,0.220148
1.0,0.368645
0.0,0.0036212504
0.0,0.032143116
1.0,0.9613993
1.0,0.70350844
1.0,0.9259544
0.0,0.07065943
0.0,0.011993796
1.0,0.30383372
1.0,0.99758315
0.0,0.73333025
0.0,0.01904574
0.0,0.062613755
0.0,0.11322531
0.0,0.06917834
1.0,0.95317465
0.0,0.20411542
1.0,0.023407876
0.0,0.01280573
0.0,0.0045743883
0.0,0.0017459393
1.0,0.11358392
0.0,0.026174128
0.0,0.06871942
0.0,0.028502256
0.0,0.01890722
0.0,0.007855892
0.0,0.0055499673
0.0,0.93301487
0.0,0.28271478
1.0,0.88414425
0.0,0.008469284
0.0,0.07251856
1.0,0.9980556
0.0,0.010540783
0.0,0.13359389
0.0,0.12922022
0.0,0.014833391
0.0,0.13386276
1.0,0.9962488
0.0,0.03950602
1.0,0.9148115
0.0,0.097923875
0.0,0.007283926
1.0,0.6935456
0.0,0.933094
0.0,0.9693819
0.0,0.8965746
0.0,0.00021216273
1.0,0.9376607
1.0,0.89890516
0.0,0.038698733
1.0,0.9255023
0.0,0.22053066
1.0,0.95478314
1.0,0.9223386
1.0,0.9187594
1.0,0.9752023
1.0,0.9571449
0.0,0.8361692
0.0,0.00047075748
0.0,0.008812189
0.0,0.9786707
0.0,0.02203098
0.0,0.02338472
1.0,0.20473936
0.0,0.002075106
0.0,0.6977489
1.0,0.79570496
1.0,0.88639724
1.0,0.9961701
0.0,0.0034270287
0.0,0.28249937
0.0,0.0036449432
1.0,0.034974992
0.0,0.33457714
0.0,0.7495834
0.0,0.5456177
0.0,0.14925772
0.0,0.20006007
1.0,0.121747315
0.0,0.025150329
1.0,0.27169886
0.0,0.0010818541
0.0,0.2759735
0.0,0.007406831
1.0,0.9161049
0.0,0.05935803
0.0,0.05594659
0.0,0.03307739
0.0,0.0037455857
0.0,0.817953
0.0,0.10392073
1.0,0.9824654
0.0,0.006194204
0.0,0.0056560934
1.0,0.6332467
1.0,0.99050176
0.0,0.10398656
0.0,0.01187554
0.0,0.0010203421
0.0,0.111742586
0.0,0.017337978
0.0,0.16338903
1.0,0.9901519
0.0,0.0053954124
1.0,0.2257742
0.0,0.0057316422
1.0,0.6959604
1.0,0.47536033
0.0,0.011148065
0.0,0.06490865
0.0,0.021159112
1.0,0.9390346
1.0,0.79428947
1.0,0.9335669
1.0,0.3679202
0.0,0.009204388
0.0,0.6235132
1.0,0.97831804
0.0,0.30148032
0.0,0.017994076
0.0,0.008044958
0.0,0.3451594
0.0,0.030403703
0.0,0.009052485
0.0,0.06654894
1.0,0.53202754
0.0,0.008348912
0.0,0.3555498
0.0,0.0019695163
1.0,0.917079
1.0,0.95185435
0.0,0.0046412945
0.0,0.13747159
0.0,0.010694832
1.0,0.92885846
0.0,0.0016254485
0.0,0.0012474954
0.0,0.07204929
0.0,0.0143402815
1.0,0.9885387
1.0,0.9181285
1.0,0.99279284
0.0,0.0052079856
1.0,0.9123305
0.0,0.0037561953
0.0,0.048987597
0.0,0.8656386
1.0,0.5743611
1.0,0.47745726
0.0,0.008710474
0.0,0.042351663
1.0,0.37805998
1.0,0.28873742
0.0,0.037745535
1.0,0.33149397
1.0,0.9017186
0.0,0.95837533
0.0,0.07447356
0.0,0.013527483
0.0,0.0071285963
0.0,0.66547275
0.0,0.021423161
1.0,0.9919627
0.0,0.03542745
0.0,0.012803793
1.0,0.99946064
0.0,0.02467087
1.0,0.95393133
1.0,0.017907321
1.0,0.85610646
1.0,0.77535105
1.0,0.715575
0.0,0.004985392
1.0,0.9475682
0.0,0.6135193
1.0,0.99427694
0.0,0.3380922
0.0,0.4586632
0.0,0.16400579
0.0,0.054827392
0.0,0.1640867
1.0,0.94024044
0.0,0.7203573
1.0,0.63052887
0.0,0.92703605
1.0,0.93961895
1.0,0.9749992
0.0,0.016922534
0.0,0.002657473
0.0,0.0056374967
1.0,0.8880758
1.0,0.022651196
0.0,0.0012207627
0.0,0.00017502904
0.0,0.00651595
0.0,0.023533523
1.0,0.93960047
1.0,0.71757
0.0,0.040885985
0.0,0.07629624
1.0,0.77666533
1.0,0.9725795
1.0,0.33685958
0.0,0.026635796
0.0,0.853615
0.0,0.00033727288
0.0,0.2722696
1.0,0.9914111
1.0,0.83423185
0.0,0.10035178
0.0,0.102534145
0.0,0.0043049753
0.0,0.68481255
0.0,0.0012642741
0.0,0.16820294
1.0,0.19329101
0.0,0.050843835
0.0,0.05823645
0.0,0.037623376
0.0,0.7299907
0.0,0.91602474
0.0,0.0672192
0.0,0.0032970607
1.0,0.6351028
0.0,0.038616836
1.0,0.7314491
0.0,0.004516542
0.0,0.10151675
0.0,0.3379034
0.0,0.0013434291
0.0,0.95945156
1.0,0.8191013
1.0,0.8907447
0.0,0.4479651
1.0,0.78699934
0.0,0.008071601
0.0,0.35241604
0.0,0.28897476
0.0,0.6197107
0.0,0.012291193
0.0,0.00012975931
1.0,0.71322846
0.0,0.007268697
1.0,0.9801233
0.0,0.4608353
1.0,0.25613865
0.0,0.16638097
1.0,0.010365307
1.0,0.9820752
1.0,0.9724685
0.0,0.005239755
0.0,0.03576526
1.0,0.7400489
0.0,0.04697454
0.0,0.047225982
1.0,0.052990496
1.0,0.9319606
0.0,0.4749306
1.0,0.987526
1.0,0.96034545
0.0,0.7341869
0.0,0.13636103
0.0,0.50392675
0.0,0.050720185
0.0,0.0140838325
0.0,0.078762025
1.0,0.99794126
0.0,0.031423718
1.0,0.28899506
1.0,0.38276598
0.0,0.010857195
0.0,0.05131772
0.0,0.7975849
1.0,0.97237456
1.0,0.89001465
1.0,0.09918243
0.0,0.050214797
1.0,0.95746255
1.0,0.89454246
0.0,0.0023902655
0.0,0.060958475
0.0,0.56466347
0.0,0.33414775
1.0,0.83790886
0.0,0.012547016
1.0,0.5834968
0.0,0.794975
0.0,0.042534947
0.0,0.031957865
0.0,0.043308437
0.0,0.01429379
0.0,0.008347809
0.0,0.04030156
0.0,0.01145488
0.0,0.06501967
0.0,0.47223428
0.0,0.084812075
0.0,0.017393917
0.0,0.3577553
0.0,0.019538283
1.0,0.53222084
0.0,0.3558953
1.0,0.981073
0.0,0.019444913
0.0,0.0066975653
0.0,0.031491905
0.0,0.38166565
0.0,0.7771767
0.0,0.009928018
0.0,0.23265973
0.0,0.00091561675
0.0,0.012797773
0.0,0.029841512
0.0,0.49502745
1.0,0.7080418
0.0,0.011406332
0.0,0.002372563
0.0,0.4647727
0.0,0.016477972
1.0,0.50796276
0.0,0.9086578
1.0,0.397473
0.0,0.0057252645
0.0,0.11068502
1.0,0.9740262
0.0,0.88253474
1.0,0.9608346
1.0,0.9823128
1.0,0.7547789
1.0,0.9303163
0.0,0.013569742
1.0,0.94582975
0.0,0.001658678
0.0,0.0075618625
0.0,0.19966686
1.0,0.9916388
0.0,0.0020874143
0.0,0.02757141
1.0,0.59925765
1.0,0.99914306
0.0,0.49233052
0.0,0.0033021271
1.0,0.60119665
0.0,0.052504778
1.0,0.77407503
0.0,0.70062494
0.0,0.14451534
1.0,0.86603576
0.0,0.8233322
0.0,0.00097215176
1.0,0.18933514
0.0,0.008912981
1.0,0.99717975
0.0,0.0058651865
1.0,0.86584246
1.0,0.34856403
1.0,0.87782854
1.0,0.99421126
0.0,0.24637657
0.0,0.10442126
1.0,0.9449444
0.0,0.0032336712
0.0,0.42163086
1.0,0.60974234
1.0,0.6691179
1.0,0.8327866
0.0,0.020740539
1.0,0.965465
1.0,0.89884806
0.0,0.15830794
1.0,0.9410163
0.0,0.44131398
1.0,0.7920326
1.0,0.9631833
0.0,0.91784835
0.0,0.6011659
1.0,0.64413106
0.0,0.037464857
1.0,0.9478915
0.0,0.5285459
0.0,0.007659197
0.0,0.76824117
1.0,0.9977068
0.0,0.004041195
0.0,0.018716961
0.0,0.6835495
1.0,0.4779806
0.0,0.10520235
0.0,0.011392772
0.0,0.2530267
0.0,0.8138445
1.0,0.734172
1.0,0.69977987
0.0,0.047109902
0.0,0.95211685
0.0,0.062921554
0.0,0.33013797
0.0,0.2657892
1.0,0.65855443
0.0,0.06563774
1.0,0.980564
0.0,0.23662475
0.0,0.3358992
1.0,0.8967881
0.0,0.015130669
0.0,0.5346246
0.0,0.012951732
0.0,0.01681605
0.0,0.046583295
0.0,0.006331116
0.0,0.03424442
0.0,0.11126596
1.0,0.809394
1.0,0.99362373
0.0,0.005810082
0.0,0.03768751
1.0,0.9771154
0.0,0.01201424
1.0,0.9389669
0.0,0.028449744
0.0,0.008569896
1.0,0.97556794
0.0,0.021478534
1.0,0.9305614
0.0,0.3636262
1.0,0.19279939
0.0,0.026566923
0.0,0.020512104
0.0,0.9511231
1.0,0.9960201
0.0,0.0028418005
0.0,0.071772546
0.0,0.005272448
0.0,0.97803545
1.0,0.6169323
0.0,0.028998613
0.0,0.0058178008
1.0,0.9859632
1.0,0.03673905
0.0,0.22706047
1.0,0.65704715
0.0,0.06854862
0.0,0.4723183
1.0,0.918666
1.0,0.99876577
0.0,0.14558935
1.0,0.976208
1.0,0.98379266
0.0,0.0075686276
0.0,0.016992688
0.0,0.028901279
1.0,0.02130124
0.0,0.00031912327
0.0,0.02165258
0.0,0.010291755
1.0,0.9935578
1.0,0.8609265
0.0,0.029721916
1.0,0.5803677
1.0,0.0039250553
0.0,0.5551939
1.0,0.9086696
0.0,0.046973944
1.0,0.670817
0.0,0.17097977
1.0,0.69747066
0.0,0.009350926
0.0,0.005128652
1.0,0.88159955
0.0,0.0118845105
1.0,0.95488095
0.0,0.07573447
0.0,0.014621705
0.0,0.010709494
1.0,0.7333889
0.0,0.17676297
1.0,0.22260883
0.0,0.006605506
1.0,0.834502
1.0,0.8708693
0.0,0.0013731122
1.0,0.9894259
1.0,0.939963
1.0,0.13059941
1.0,0.77897567
0.0,0.04769981
0.0,0.010091156
0.0,0.8145759
1.0,0.89379036
1.0,0.51516485
0.0,0.02303034
0.0,0.010701358
0.0,0.28639606
1.0,0.9872112
0.0,0.32437414
1.0,0.0036779344
1.0,0.79781806
0.0,0.023946047
0.0,0.03234303
1.0,0.9658446
0.0,0.7226264
1.0,0.98448926
0.0,0.6761317
0.0,0.010486186
0.0,0.0023463368
1.0,0.13870037
0.0,0.11355698
1.0,0.98760283
0.0,0.012384415
1.0,0.3463713
0.0,0.6799651
0.0,0.24608654
1.0,0.32879955
1.0,0.32995144
1.0,0.42294076
1.0,0.9344958
0.0,0.0110912025
0.0,0.02978298
0.0,0.83164835
0.0,0.002347678
1.0,0.94930494
1.0,0.7023534
0.0,0.043575615
0.0,0.0057213902
0.0,0.0046342313
1.0,0.9063014
0.0,0.005150467
0.0,0.012152135
0.0,0.017545313
0.0,0.5613976
0.0,0.009277165
0.0,0.054638833
1.0,0.65251005
0.0,0.8519603
1.0,0.2935384
0.0,0.1964649
0.0,0.7234396
1.0,0.922616
1.0,0.91020364
1.0,0.95166457
0.0,0.022744656
0.0,0.03055498
1.0,0.15872812
0.0,0.0040285885
0.0,0.015709877
0.0,0.34540784
1.0,0.8312957
0.0,0.17930973
0.0,0.088781565
1.0,0.9973117
0.0,0.061454207
1.0,0.99315625
1.0,0.834059
1.0,0.98367584
0.0,0.004805565
1.0,0.96691346
1.0,0.38650617
0.0,0.10746676
1.0,0.31724948
0.0,0.013404518
0.0,0.093578875
0.0,0.10853106
0.0,0.015224606
1.0,0.94838107
1.0,0.8624691
1.0,0.9938388
1.0,0.98826885
1.0,0.9837833
0.0,0.37271738
0.0,0.9317897
1.0,0.9613954
0.0,0.026435345
1.0,0.4469784
1.0,0.9965012
0.0,0.1197969
1.0,0.2034505
1.0,0.44347322
0.0,0.021257013
0.0,0.016000539
0.0,0.011680484
0.0,0.0066992044
1.0,0.44936982
1.0,0.9453763
0.0,0.017561406
0.0,0.008431524
1.0,0.016470283
1.0,0.4927164
1.0,0.16196
0.0,0.033863723
1.0,0.9436519
1.0,0.7357565
0.0,0.007920772
0.0,0.018621922
1.0,0.9602001
1.0,0.99469674
0.0,0.28528172
1.0,0.95215005
0.0,0.026086926
0.0,0.49282405
1.0,0.9745432
0.0,0.5177074
1.0,0.9894934
0.0,0.30535096
0.0,0.41364443
0.0,0.02211538
1.0,0.76256025
1.0,0.32457548
0.0,0.0018260479
0.0,0.0041032434
1.0,0.7484701
0.0,0.3176459
1.0,0.9772301
1.0,0.729591
1.0,0.89139664
0.0,0.0057344437
0.0,0.78456473
0.0,0.42001152
0.0,0.009191215
0.0,0.00238356
1.0,0.9970144
0.0,0.16631198
0.0,0.0011996925
1.0,0.97979677
0.0,0.055112302
1.0,0.041095823
1.0,0.85018945
0.0,0.040994853
0.0,0.05528876
0.0,0.76696444
0.0,0.0021379888
0.0,0.016577244
0.0,0.0032466948
0.0,0.0036439598
0.0,0.94777703
1.0,0.55398446
1.0,0.9313966
0.0,0.38758248
0.0,0.71522534
0.0,0.0030831993
0.0,0.04641393
0.0,0.006730616
1.0,0.14045155
0.0,0.011922061
0.0,0.00019660592
1.0,0.97262895
1.0,0.3221305
0.0,0.007404804
0.0,0.99099386
0.0,0.0006187558
0.0,0.07340863
0.0,0.00697875
0.0,0.026302457
1.0,0.80211866
1.0,0.9175006
1.0,0.94298446
0.0,0.0029278994
1.0,0.69483656
1.0,0.99525917
0.0,0.26159355
0.0,0.0028354228
1.0,0.49219143
1.0,0.16935933
1.0,0.88321745
1.0,0.83370256
1.0,0.8320395
0.0,0.35625243
0.0,0.028816402
1.0,0.2676375
0.0,0.00057581067
1.0,0.99728435
0.0,0.018323243
1.0,0.6774745
0.0,0.030297726
0.0,0.3572002
0.0,0.012796998
0.0,0.013538837
0.0,0.42379922
0.0,0.00041750073
0.0,0.0022809505
0.0,0.050386757
0.0,0.8434428
0.0,0.0028657913
0.0,0.0024767518
1.0,0.9834294
1.0,0.6389129
1.0,0.97646993
0.0,0.935765
0.0,0.5241797
0.0,0.8643819
0.0,0.051550835
1.0,0.98788583
1.0,0.14201707
1.0,0.9612973
1.0,0.9923883
0.0,0.8253776
0.0,0.0057084262
0.0,0.0030385554
1.0,0.54915833
0.0,0.071707696
1.0,0.0026957393
1.0,0.9724021
0.0,0.107911706
0.0,0.008195639
0.0,0.006694436
0.0,0.8413567
1.0,0.9903125
1.0,0.94314927
0.0,0.04311362
1.0,0.8353121
1.0,0.84529436
0.0,0.65891755
0.0,0.09032741
1.0,0.7796266
0.0,0.0050411522
0.0,0.012467742
0.0,0.0073060095
0.0,0.10201502
0.0,0.005212009
1.0,0.38268152
0.0,0.035860002
0.0,0.65222114
1.0,0.9897772
1.0,0.66935647
0.0,0.52700883
0.0,0.76046944
1.0,0.61394644
0.0,0.21006447
0.0,0.0005747378
1.0,0.43414265
0.0,0.1754205
0.0,0.018149495
0.0,0.02679643
1.0,0.9078126
0.0,0.036956936
1.0,0.93221545
1.0,0.8863909
1.0,0.99567616
0.0,0.010333359
1.0,0.6118241
0.0,0.015635073
1.0,0.9158386
0.0,0.021741271
1.0,0.961519
0.0,0.03641838
0.0,0.029808342
1.0,0.975006
0.0,0.00068742037
0.0,0.007448286
1.0,0.45887956
1.0,0.76130253
1.0,0.11707774
1.0,0.66491205
1.0,0.91665566
1.0,0.9649292
1.0,0.6780766
0.0,0.0074197054
1.0,0.32007664
1.0,0.9875529
0.0,0.057361126
0.0,0.014999598
0.0,0.0019307733
1.0,0.886124
0.0,0.0089965165
0.0,0.093936175
0.0,0.2293494
1.0,0.9264276
0.0,0.0049607456
0.0,0.04821843
1.0,0.6251574
1.0,0.9346709
1.0,0.9159579
1.0,0.010255575
0.0,0.97922236
0.0,0.012251109
0.0,0.15097743
0.0,0.030078351
0.0,0.0028598905
0.0,0.17447779
0.0,0.028413504
1.0,0.04487443
1.0,0.9710286
0.0,0.013001084
1.0,0.73116136
0.0,0.006254047
0.0,0.007303506
1.0,0.99326766
0.0,0.0067264736
0.0,0.89875424
0.0,0.0050358176
0.0,0.9138739
0.0,0.04543799
0.0,0.016280115
0.0,0.9710097
1.0,0.7005941
0.0,0.03724867
0.0,0.6696845
1.0,0.9314121
0.0,0.0063776076
1.0,0.37648925
0.0,0.016551435
0.0,0.0072217286
0.0,0.021254987
0.0,0.52953064
0.0,0.0048971474
0.0,0.0063014627
0.0,0.014444768
0.0,0.056344956
0.0,0.698063
1.0,0.737455
0.0,0.14196193
1.0,0.92407346
0.0,0.4484899
1.0,0.2500797
0.0,0.10446441
0.0,0.012703687
0.0,0.16656023
1.0,0.98730725
1.0,0.035354376
1.0,0.35852414
0.0,0.01044631
0.0,0.23522583
1.0,0.6872602
0.0,0.080278665
0.0,0.14589852
1.0,0.67587465
0.0,0.008485824
1.0,0.9665545
1.0,0.48157358
0.0,0.005864024
1.0,0.5553432
0.0,0.08480549
1.0,0.0963327
0.0,0.5029727
1.0,0.9988718
0.0,0.000577569
0.0,0.9979445
0.0,0.0640367
0.0,0.05674407
0.0,0.0037406087
0.0,0.009180516
0.0,0.02132222
1.0,0.9793054
0.0,0.008738071
0.0,0.00020906329
0.0,0.000109285116
0.0,0.049453497
0.0,0.6280963
1.0,0.59331286
0.0,0.9635858
0.0,0.11248824
1.0,0.2738517
0.0,0.4678799
1.0,0.87092096
0.0,0.95392704
1.0,0.74803126
1.0,0.97418237
0.0,0.0018621981
1.0,0.995587
0.0,0.44150215
0.0,0.0066365004
0.0,0.030610144
0.0,0.2404995
1.0,0.5432971
1.0,0.9946945
0.0,0.15303648
0.0,0.15261102
1.0,0.97490793
0.0,0.102270216
1.0,0.66375303
1.0,0.029610425
1.0,0.84322697
0.0,0.027746588
1.0,0.4166026
0.0,0.05053079
1.0,0.76912844
1.0,0.29534775
0.0,0.038645566
0.0,0.93162453
0.0,0.022374392
0.0,0.20214474
1.0,0.97110724
1.0,0.9275931
1.0,0.98867035
0.0,0.013736248
0.0,0.00011482835
1.0,0.94358444
0.0,0.84893715
0.0,0.00044712424
0.0,0.019048065
1.0,0.59292156
0.0,0.28153014
0.0,0.011878341
0.0,0.02597037
0.0,0.04385537
1.0,0.7874428
1.0,0.9659473
0.0,0.2563259
0.0,0.040169388
0.0,0.009613484
1.0,0.9965397
0.0,0.03837073
0.0,0.73045516
1.0,0.92941046
0.0,0.005325198
0.0,0.51395524
1.0,0.8708277
0.0,0.45147836
1.0,0.13142732
1.0,0.15094551
0.0,0.024574697
0.0,0.03238392
0.0,0.0020760298
0.0,0.00473547
1.0,0.9703454
1.0,0.9978455
1.0,0.95669156
1.0,0.3318166
0.0,0.89930534
0.0,0.06994724
1.0,0.7247915
1.0,0.99915445
0.0,0.049614817
0.0,0.010483414
1.0,0.7844575
0.0,0.0038351715
1.0,0.8707889
0.0,0.0036293566
0.0,0.07482728
1.0,0.95885044
0.0,0.050476313
0.0,0.004341036
0.0,0.028376132
0.0,0.027979821
0.0,0.34701055
1.0,0.5140189
0.0,0.14226732
1.0,0.991992
0.0,0.062298983
1.0,0.9245993
0.0,0.22671026
1.0,0.90702593
1.0,0.9844282
1.0,0.99017197
0.0,0.9744645
0.0,0.009057254
1.0,0.14431289
0.0,0.021655977
0.0,0.012604713
1.0,0.8177833
1.0,0.35548326
0.0,0.037780732
1.0,0.9827925
1.0,0.9914548
0.0,0.943704
0.0,0.007884651
0.0,0.8748605
0.0,0.0061154068
0.0,0.00024464726
0.0,0.9124583
1.0,0.93806076
1.0,0.9886663
1.0,0.756021
0.0,0.0005506873
0.0,0.0050960183
0.0,0.011864752
0.0,0.017243564
0.0,0.017023176
0.0,0.0037392378
1.0,0.91485184
1.0,0.8847153
1.0,0.7828028
0.0,0.14109883
0.0,0.025331378
1.0,0.98315406
0.0,0.19132093
0.0,0.49379888
1.0,0.95001256
0.0,0.8356064
0.0,0.9157156
1.0,0.8495096
0.0,0.017530948
1.0,0.34294274
1.0,0.8855905
0.0,0.9414119
0.0,0.014847606
1.0,0.9982562
0.0,0.002300024
0.0,0.27944788
1.0,0.48282006
1.0,0.95924556
1.0,0.95553184
1.0,0.9740993
0.0,0.8938221
0.0,0.001639545
0.0,0.018090338
1.0,0.77350783
0.0,0.99569976
1.0,0.45690367
0.0,0.86308646
1.0,0.96067965
1.0,0.7066563
0.0,0.04381135
0.0,0.063320845
0.0,0.00060528517
0.0,0.105021566
0.0,0.09620237
0.0,0.027724475
1.0,0.11364347
1.0,0.216925
0.0,0.8073646
1.0,0.9491192
1.0,0.08301625
0.0,0.00066804886
0.0,0.33008453
1.0,0.84316725
1.0,0.16554514
0.0,0.0021778643
0.0,0.04621613
0.0,0.02074945
0.0,0.05419752
1.0,0.18942925
1.0,0.6893885
0.0,0.005789548
0.0,0.00017187
0.0,0.04608038
0.0,0.05437684
0.0,0.012801379
0.0,0.013809383
0.0,0.96821344
0.0,0.74388844
0.0,0.009119511
0.0,0.00512892
0.0,0.09557289
1.0,0.99018687
1.0,0.6992157
0.0,0.0013308823
0.0,0.008373767
0.0,0.00014087558
0.0,0.013869077
0.0,0.34209985
0.0,0.37964815
0.0,0.01282081
0.0,0.7747561
1.0,0.98133206
1.0,0.99910456
1.0,0.98967415
1.0,0.9318838
1.0,0.99439704
0.0,0.53995246
0.0,0.19482946
0.0,0.0908398
0.0,0.13394353
1.0,0.86847866
0.0,0.007169813
1.0,0.9755374
0.0,0.016066343
0.0,0.84679145
0.0,0.9082133
0.0,0.09131917
0.0,0.004993707
0.0,0.60162544
0.0,0.059413016
0.0,0.0042612553
1.0,0.97790855
1.0,0.61041695
0.0,0.03203994
0.0,0.15787256
0.0,0.00590232
0.0,0.004560858
1.0,0.99083745
0.0,0.0097641945
1.0,0.15316111
0.0,0.05133593
1.0,0.2762421
0.0,0.0010489821
0.0,0.32345843
1.0,0.840011
0.0,0.0074843764
1.0,0.87995017
0.0,0.023985654
0.0,0.39331752
0.0,0.28387165
0.0,0.0012251139
0.0,0.003532648
1.0,0.97272575
1.0,0.99356484
0.0,0.5077333
0.0,0.014338583
0.0,0.014373571
0.0,0.20258546
1.0,0.75483537
0.0,0.8492832
1.0,0.22415918
1.0,0.7931057
0.0,0.886312
0.0,0.049235642
0.0,0.38739344
0.0,0.009628803
0.0,0.02515325
0.0,0.03170833
0.0,0.04586336
0.0,0.7978413
0.0,0.12819687
1.0,0.90102696
0.0,0.98982966
0.0,0.003135711
1.0,0.9157209
0.0,0.03610313
0.0,0.0227969
0.0,0.0037986338
0.0,0.034740925
1.0,0.012533814
1.0,0.9842453
1.0,0.96382684
0.0,0.010841668
0.0,0.002584368
0.0,0.03633049
0.0,0.8562312
0.0,0.47926217
0.0,0.8939077
1.0,0.9959024
1.0,0.9903491
1.0,0.8657898
0.0,0.02874735
1.0,0.9938218
1.0,0.8713994
0.0,0.10187179
1.0,0.9271264
0.0,0.018435776
0.0,0.018338412
0.0,0.79104215
1.0,0.9917439
1.0,0.96571904
1.0,0.681197
0.0,0.93562955
0.0,0.22126514
0.0,0.0066106915
1.0,0.93547094
1.0,0.9834801
1.0,0.9774954
1.0,0.6444442
0.0,0.015269846
0.0,0.05337879
0.0,0.03005132
0.0,0.4680408
1.0,0.93966913
0.0,0.010571301
0.0,0.34299648
0.0,0.08595297
1.0,0.005305767
0.0,0.1061005
0.0,0.09225571
0.0,0.081864834
0.0,0.72168994
0.0,0.016556442
0.0,0.116428524
0.0,0.007043034
0.0,0.1741479
0.0,0.0038593113
1.0,0.9946132
1.0,0.27496824
0.0,0.2787956
0.0,0.9916833
0.0,0.10866955
1.0,0.8908567
0.0,0.027257979
0.0,0.32656735
0.0,0.69636375
0.0,0.0071965754
1.0,0.9593251
0.0,0.008947074
0.0,0.018576086
1.0,0.6256041
1.0,0.94949794
1.0,0.9257958
0.0,0.053686023
0.0,0.092068374
1.0,0.96015275
1.0,0.98240113
1.0,0.97964895
0.0,0.9007975
0.0,0.16568387
0.0,0.0046765804
1.0,0.0966416
1.0,0.9893019
0.0,0.009716898
0.0,0.8141409
1.0,0.30114186
1.0,0.9810088
0.0,0.0063269436
1.0,0.9423844
1.0,0.57414806
0.0,0.2460894
1.0,0.03930077
0.0,0.042427957
0.0,0.014494002
0.0,0.91043866
0.0,0.011684835
1.0,0.9594954
0.0,0.19258064
1.0,0.7759123
1.0,0.8536589
1.0,0.3524438
0.0,0.008013129
0.0,0.7907026
1.0,0.41995388
0.0,0.0052156746
1.0,0.78652644
1.0,0.92482746
0.0,0.9685161
0.0,0.21270794
1.0,0.025176853
1.0,0.9965775
0.0,0.004548073
1.0,0.6939857
1.0,0.17877567
1.0,0.87711096
1.0,0.98397183
1.0,0.93554044
1.0,0.94274354
0.0,0.035634458
0.0,0.3470198
0.0,0.04086131
1.0,0.984567
1.0,0.79239416
0.0,0.36691695
0.0,0.055087388
1.0,0.16531464
0.0,0.008995563
1.0,0.9851758
0.0,0.2789364
1.0,0.6603918
1.0,0.9652256
0.0,0.13223329
1.0,0.17172101
0.0,0.02981931
1.0,0.9979663
1.0,0.9893783
1.0,0.049290538
0.0,0.07081032
0.0,0.02069068
1.0,0.6853285
0.0,0.12896115
1.0,0.68540555
0.0,0.01795739
0.0,0.66982824
0.0,0.020146638
0.0,0.332752
0.0,0.0039012134
0.0,0.32358277
0.0,0.444
1.0,0.9378667
1.0,0.13742712
0.0,0.002423793
1.0,0.98615277
1.0,0.69979876
0.0,0.9417484
0.0,0.8019949
0.0,0.20042586
0.0,0.006946653
0.0,0.025809348
0.0,0.04034567
1.0,0.1202265
1.0,0.9938003
0.0,0.0262222
0.0,0.0026397705
0.0,0.83259153
0.0,0.599931
0.0,0.2531196
1.0,0.54764324
0.0,0.35539216
0.0,0.066450566
1.0,0.8464399
1.0,0.9141558
0.0,0.06583601
0.0,0.042094767
0.0,0.00014087558
1.0,0.5574403
1.0,0.8076029
0.0,0.036449492
0.0,0.0028151572
0.0,0.008787394
0.0,0.27580768
0.0,0.017931938
1.0,0.99302435
1.0,0.8378012
1.0,0.021542013
0.0,9.021163e-05
1.0,0.04395619
0.0,0.6086949
1.0,0.99726033
1.0,0.15951133
0.0,0.0075547397
0.0,0.002818197
0.0,0.0022107065
0.0,0.53411204
0.0,0.959537
1.0,0.99592423
0.0,0.64108604
0.0,0.644248
0.0,0.02522567
0.0,0.0017281175
0.0,0.12809095
0.0,0.22309285
0.0,0.26959258
1.0,0.22750545
1.0,0.9780275
0.0,0.0008151233
0.0,0.76723254
0.0,0.5463292
0.0,0.053599536
1.0,0.9807469
0.0,0.011516094
0.0,0.09423107
1.0,0.7759707
0.0,0.9569384
0.0,0.019792289
0.0,0.04002869
0.0,0.006295413
1.0,0.9658997
1.0,0.9335689
0.0,0.007828414
1.0,0.61080897
1.0,0.973989
1.0,0.9127037
0.0,0.15596554
0.0,0.021977037
1.0,0.9462462
1.0,0.9613154
0.0,0.015883684
1.0,0.9980101
0.0,0.0027273
1.0,0.9330721
1.0,0.97889817
1.0,0.029291421
0.0,0.06576717
1.0,0.53926307
1.0,0.47223747
0.0,0.05439812
0.0,0.037808746
0.0,0.93408155
0.0,0.13469136
0.0,0.06713992
0.0,0.0033623576
1.0,0.99872357
0.0,0.22221959
0.0,0.018128455
0.0,0.24155071
0.0,0.017115206
0.0,0.06543285
0.0,0.008180469
1.0,0.80853105
0.0,0.023969293
0.0,0.009658396
0.0,0.49807948
1.0,0.81602454
1.0,0.716026
1.0,0.9822668
1.0,0.9801755
0.0,0.0077081323
0.0,0.048021823
0.0,0.013456017
0.0,0.007555485
0.0,0.5303035
0.0,0.013579607
1.0,0.83363664
0.0,0.629182
1.0,0.41769138
1.0,0.11622164
1.0,0.8207413
0.0,0.010332108
0.0,0.0052348077
0.0,0.010052562
0.0,0.0046170354
1.0,0.75372815
1.0,0.94399464
1.0,0.7611139
1.0,0.95736253
1.0,0.9798268
0.0,0.026919156
0.0,0.063075155
0.0,0.8742809
0.0,0.010699153
1.0,0.9225889
0.0,0.009493649
0.0,0.57060784
1.0,0.96268225
1.0,0.5756425
0.0,0.0053768754
0.0,0.027864158
0.0,0.30002266
0.0,0.6598917
1.0,0.69703174
0.0,0.9707285
0.0,0.75390804
1.0,0.9962163
0.0,0.054008514
1.0,0.95240533
1.0,0.96659374
0.0,0.00076410174
0.0,0.5672122
0.0,0.00424096
0.0,0.0063595176
1.0,0.9710267
0.0,0.023838848
0.0,0.08131206
0.0,0.7860463
0.0,0.020182252
1.0,0.9782259
1.0,0.21371204
1.0,0.3187342
1.0,0.96389765
0.0,0.6258004
0.0,0.019202262
1.0,0.73138344
0.0,0.00833413
1.0,0.5425399
0.0,0.05157435
1.0,0.90095395
1.0,0.98974556
0.0,0.49797606
0.0,0.119717896
0.0,0.6888696
0.0,0.012891322
0.0,0.0046859384
0.0,0.014938861
1.0,0.8991382
0.0,0.003524065
0.0,0.07575908
0.0,0.54125786
0.0,0.04640767
0.0,0.019416422
0.0,0.00097349286
0.0,0.10318965
0.0,0.0012150407
0.0,0.0027883947
0.0,0.051971376
0.0,0.13935125
0.0,0.02217573
1.0,0.47172797
0.0,0.14561358
1.0,0.97092533
0.0,0.010719538
0.0,0.0050679147
1.0,0.9622759
0.0,0.0015031993
1.0,0.99279773
0.0,0.599677
1.0,0.93542635
0.0,0.8936411
0.0,0.005898088
1.0,0.93665314
1.0,0.047971755
0.0,0.017808855
0.0,0.015712678
0.0,7.733703e-05
0.0,0.0019058883
0.0,0.0030152798
0.0,0.7252104
1.0,0.90973204
1.0,0.3262043
0.0,0.024698913
0.0,0.008585513
1.0,0.8068731
1.0,0.89779687
1.0,0.7560156
0.0,0.0039398074
1.0,0.055567354
0.0,0.2506678
1.0,0.21741772
0.0,0.0024217367
1.0,0.92101353
0.0,0.015047312
0.0,0.10455081
0.0,0.19733271
0.0,0.87631226
1.0,0.79034936
0.0,0.005599767
0.0,0.35577935
1.0,0.96971595
0.0,0.003325373
0.0,0.8959739
0.0,0.05169767
1.0,0.9905448
0.0,0.6680448
0.0,0.030706882
0.0,0.9537963
1.0,0.9526471
0.0,0.00021612644
0.0,0.7595724
0.0,0.0074886084
1.0,0.34583816
0.0,0.056493342
1.0,0.9925015
0.0,0.41484004
1.0,0.8148416
1.0,0.99431825
0.0,0.89265275
1.0,0.94806266
1.0,0.995446
0.0,0.01281023
0.0,0.92972434
0.0,0.01726973
1.0,0.9964496
0.0,0.17781842
1.0,0.91946626
1.0,0.86782134
0.0,0.0056572855
1.0,0.94052124
0.0,0.3158673
1.0,0.41179928
0.0,0.9574316
1.0,0.7970069
0.0,0.3146196
1.0,0.06925371
0.0,0.3009167
0.0,0.022237748
0.0,0.0042399764
0.0,0.0027362704
0.0,0.007134557
0.0,0.0026895106
0.0,0.00074604154
0.0,0.33378923
0.0,0.032132417
0.0,0.48252282
0.0,0.25629005
0.0,0.008408248
1.0,0.9784085
1.0,0.077620655
0.0,0.5430919
1.0,0.052241713
0.0,0.22188097
0.0,0.08723053
0.0,0.91329134
0.0,0.036227494
0.0,0.0076874197
0.0,0.34122932
1.0,0.5909889
0.0,0.0015685856
0.0,0.023208588
1.0,0.009088725
0.0,0.00026753545
1.0,0.84697926
0.0,0.076003075
0.0,0.017373085
1.0,0.6524193
0.0,0.007901162
1.0,0.78337884
0.0,0.021642625
0.0,0.0010579824
0.0,0.0031891167
1.0,0.9963101
0.0,0.02423215
1.0,0.6117065
1.0,0.803601
0.0,0.9244287
0.0,0.008058041
1.0,0.10728294
0.0,0.004221976
0.0,0.19798446
0.0,0.9263366
0.0,0.005597532
0.0,0.513891
0.0,0.98557293
1.0,0.47376677
0.0,0.11155799
1.0,0.9570961
0.0,0.0031248927
0.0,0.0060102344
0.0,0.0146122575
1.0,0.9414415
1.0,0.9410802
0.0,0.0373227
0.0,0.58137137
0.0,0.005568087
0.0,0.14218077
0.0,0.049767256
0.0,0.006390482
0.0,0.0006302595
1.0,0.28315002
1.0,0.90795183
0.0,0.02231124
0.0,0.9956666
1.0,0.7171179
0.0,0.0010341406
1.0,0.9616736
0.0,0.005069971
0.0,0.026788682
1.0,0.9533311
0.0,0.6175428
1.0,0.7710352
1.0,0.9862474
1.0,0.9916158
0.0,0.08071563
0.0,0.00883764
0.0,0.63942426
1.0,0.8118861
0.0,0.34300512
1.0,0.9112624
0.0,0.041949093
0.0,0.0078009665
0.0,0.119295955
1.0,0.96289957
0.0,0.027496874
0.0,0.04596153
0.0,0.2902891
1.0,0.006895721
1.0,0.9974741
0.0,0.017105937
0.0,0.0040395856
1.0,0.9711597
1.0,0.996924
1.0,0.3881012
1.0,0.26050735
0.0,0.014015734
1.0,0.96912986
0.0,0.038335383
0.0,0.017891139
0.0,0.008270055
1.0,0.77095824
0.0,0.43607748
0.0,0.017816752
0.0,0.00086832047
1.0,0.70630485
0.0,0.30368263
1.0,0.9705777
1.0,0.97915417
0.0,0.07496548
1.0,0.8427564
0.0,0.007882535
1.0,0.7813903
0.0,0.16387206
0.0,0.022997946
0.0,0.030504763
0.0,0.042723477
1.0,0.98849666
0.0,0.10471374
0.0,0.2302224
0.0,0.36184666
1.0,0.99741507
1.0,0.8487703
0.0,0.025758862
1.0,0.82151127
1.0,0.957747
1.0,0.99890375
1.0,0.46077952
0.0,0.009345621
1.0,0.85077167
0.0,0.1309846
0.0,0.7185366
1.0,0.33298987
0.0,0.060783714
0.0,0.008581072
0.0,0.15125936
1.0,0.6243683
0.0,0.24627596
0.0,0.14914545
1.0,0.9877361
0.0,0.011341214
1.0,0.8317677
0.0,0.039742827
0.0,0.765641
1.0,0.9264772
1.0,0.86636746
0.0,0.023135811
1.0,0.9268534
1.0,0.98112786
0.0,0.7487475
0.0,0.738209
1.0,0.95309246
0.0,0.08515218
1.0,0.99246573
0.0,0.039314717
0.0,0.02111715
1.0,0.61308366
1.0,0.96298075
0.0,0.10499358
1.0,0.7779933
0.0,0.04346344
0.0,0.025303304
1.0,0.9888972
0.0,0.075167716
0.0,0.5101774
0.0,0.021012872
1.0,0.81316006
0.0,0.014990419
0.0,0.035190493
1.0,0.89161587
1.0,0.94312143
0.0,0.014934689
0.0,0.4393067
0.0,0.0125525
1.0,0.27496588
0.0,0.29360065
0.0,0.015016645
0.0,0.07398337
0.0,0.022742093
0.0,0.010650396
1.0,0.118430614
0.0,0.38301268
0.0,0.0015333891
0.0,0.11692542
1.0,0.9498179
1.0,0.9850681
1.0,0.8069793
0.0,0.9715655
0.0,0.0071038604
0.0,0.9935498
1.0,0.9943215
0.0,0.038812518
1.0,0.7465681
0.0,0.0029408038
1.0,0.9928489
0.0,0.35709956
1.0,0.7622974
0.0,0.8879111
1.0,0.7791044
0.0,0.38430768
0.0,0.31442901
1.0,0.24129069
1.0,0.9668418
1.0,0.93328893
0.0,0.17883891
1.0,0.97876287
1.0,0.63173276
1.0,0.3342969
0.0,0.001467973
1.0,0.7987406
0.0,0.074593246
0.0,0.9516004
1.0,0.6325526
0.0,0.23095158
0.0,0.011481136
0.0,0.16346127
0.0,0.019979745
0.0,0.15059683
1.0,0.9583533
1.0,0.96324444
0.0,0.31608337
0.0,0.79062307
0.0,0.014480382
1.0,0.9950844
0.0,0.7913084
0.0,0.31345996
0.0,0.007444054
0.0,0.0034500062
0.0,0.11219436
0.0,0.804674
1.0,0.9538169
1.0,0.99676096
1.0,0.018907964
0.0,0.23922592
0.0,0.006451875
0.0,0.0023368895
0.0,0.08762297
0.0,0.054216802
1.0,0.89780605
0.0,0.00089764595
0.0,0.18524954
1.0,0.99124366
0.0,0.07947469
1.0,0.12839681
1.0,0.9166653
0.0,0.13019237
0.0,0.0029772222
0.0,0.14437422
1.0,0.7054375
0.0,0.42272788
0.0,0.015799344
1.0,0.96225095
1.0,0.34426862
0.0,0.006916702
0.0,0.40031204
0.0,0.85270345
0.0,0.004242271
0.0,0.71800673
1.0,0.37449697
1.0,0.88740987
0.0,0.0041433275
0.0,0.004781097
0.0,0.73658824
0.0,0.05797687
1.0,0.9635701
0.0,0.5038287
1.0,0.9733896
0.0,0.04413408
1.0,0.9951186
0.0,0.001996249
1.0,0.8752904
1.0,0.30958045
0.0,0.028256208
0.0,0.33017093
0.0,0.0008357465
0.0,0.083596885
1.0,0.8326615
1.0,0.034466743
1.0,0.3261537
1.0,0.18561777
1.0,0.48236
0.0,0.00262478
1.0,0.8046925
1.0,0.7859943
0.0,0.005944133
0.0,0.029739767
0.0,0.01917383
1.0,0.86940026
1.0,0.99650574
0.0,0.9354763
0.0,0.0028930902
1.0,0.74065053
0.0,0.019339502
0.0,0.0149152875
1.0,0.984913
0.0,0.6386611
0.0,0.16514605
1.0,0.4858042
1.0,0.9783431
0.0,0.005041063
0.0,0.02941686
0.0,0.21706271
1.0,0.9918065
1.0,0.95276767
0.0,0.49582854
0.0,0.48590758
1.0,0.9802718
1.0,0.5696221
0.0,0.0082393885
0.0,0.0047323406
0.0,0.028883189
1.0,0.43021628
1.0,0.40148702
0.0,0.02104786
0.0,0.2866032
1.0,0.94266325
0.0,0.028816521
0.0,0.013705254
0.0,0.09024832
0.0,0.856225
1.0,0.90374076
0.0,0.921566
0.0,0.004527539
0.0,0.4294026
0.0,0.054679155
0.0,0.06855455
1.0,0.9353349
1.0,0.91567874
0.0,0.44165996
1.0,0.99138045
0.0,0.18807733
1.0,0.9697813
1.0,0.0011510253
1.0,0.98226225
0.0,0.00032123923
0.0,0.6855343
0.0,0.0028530955
1.0,0.9913665
0.0,0.002821803
1.0,0.96384776
0.0,0.1948112
0.0,0.0052903295
1.0,0.503081
1.0,0.96700037
0.0,0.0025443435
1.0,0.53242266
0.0,0.031116784
1.0,0.59742063
0.0,0.0026629567
1.0,0.8507807
1.0,0.20932835
0.0,0.07306987
0.0,0.057516783
0.0,0.014658809
0.0,0.0034140944
0.0,0.007968515
0.0,0.91348857
0.0,0.067013234
0.0,0.012927473
0.0,0.94200146
0.0,0.009670675
1.0,0.98545164
0.0,0.35803923
0.0,0.39901772
1.0,0.9964037
0.0,0.28095037
1.0,0.9978703
0.0,0.024712175
1.0,0.99707866
0.0,0.0035780072
0.0,0.03166926
1.0,0.99839467
0.0,0.017556846
0.0,0.0061357617
0.0,0.01950261
1.0,0.99531597
1.0,0.7324968
0.0,0.022711188
1.0,0.88127875
1.0,0.55375355
1.0,0.9933446
0.0,0.6592751
1.0,0.21860385
1.0,0.9609338
0.0,0.42192838
1.0,0.15595913
1.0,0.039981365
0.0,0.18853775
0.0,0.0040432513
0.0,0.013287336
0.0,0.02052942
0.0,0.068378866
0.0,0.13724968
0.0,0.0062594414
0.0,0.00082561374
1.0,0.877937
0.0,0.11755794
0.0,0.028868169
0.0,0.021244407
0.0,0.03596872
1.0,0.6036735
0.0,0.0035364926
1.0,0.8980137
0.0,0.505149
0.0,0.0074409246
1.0,0.19771329
1.0,0.9167917
0.0,0.2850393
0.0,0.014371246
1.0,0.7746389
0.0,0.8195517
0.0,0.06874144
1.0,0.6333984
1.0,0.7252279
1.0,0.7732749
1.0,0.69173956
0.0,0.014426827
0.0,0.0011094809
1.0,0.5824526
0.0,0.011673719
0.0,0.00045511127
1.0,0.98752797
1.0,0.38028753
1.0,0.98656523
0.0,0.0071832836
1.0,0.45011967
1.0,0.9731388
1.0,0.92553955
0.0,0.008103788
0.0,0.008289099
1.0,0.18712896
0.0,0.12444466
0.0,0.77575624
0.0,0.06840131
1.0,0.98920184
0.0,0.007988721
0.0,0.059554815
0.0,0.20489436
0.0,0.6869839
0.0,0.029990315
0.0,0.003084451
0.0,0.85760164
1.0,0.99453914
0.0,0.023326695
1.0,0.93756145
0.0,0.015908152
0.0,0.16089034
0.0,0.9208169
1.0,0.0058101118
0.0,0.7361126
0.0,0.010432929
0.0,0.0058792233
0.0,0.53947324
0.0,0.19894305
1.0,0.9465014
0.0,0.24682775
1.0,0.92258954
0.0,0.025472045
0.0,0.09211096
0.0,0.01054436
0.0,0.7543028
0.0,0.076714456
0.0,0.73239595
0.0,0.04768595
0.0,0.08486381
1.0,0.8947327
0.0,0.025493562
1.0,0.5362221
1.0,0.5750309
0.0,0.07183927
0.0,0.05070868
1.0,0.9659637
0.0,0.014817864
1.0,0.42715043
1.0,0.93399775
0.0,0.013416231
1.0,0.7599442
0.0,0.00549078
1.0,0.9760093
0.0,0.031022131
0.0,0.0663017
1.0,0.38424978
0.0,0.61315715
0.0,0.003936231
0.0,0.42334515
1.0,0.753617
1.0,0.987229
0.0,0.0017146766
0.0,0.003092587
1.0,0.31943604
0.0,0.4057602
1.0,0.06441671
0.0,0.019471407
1.0,0.2293528
0.0,0.27369535
0.0,0.07267073
0.0,0.8474941
0.0,0.0048517883
0.0,0.30887938
1.0,0.01679331
0.0,0.4245651
1.0,0.94478375
0.0,0.0040266216
1.0,0.21006367
0.0,0.0016852915
0.0,0.0016325116
0.0,0.03292525
0.0,0.020196408
0.0,0.10224366
0.0,0.13919231
0.0,0.20260012
0.0,0.26381046
1.0,0.8136897
0.0,0.0066387355
0.0,0.092669874
1.0,0.25175142
1.0,0.6210899
0.0,0.01371491
0.0,0.0049275756
1.0,0.8050618
0.0,0.0290367
1.0,0.0031853616
1.0,0.9541528
1.0,0.6076062
1.0,0.9302769
0.0,0.03332895
0.0,0.0058877766
1.0,0.63128185
0.0,0.08711216
1.0,0.93279445
1.0,0.79707587
1.0,0.99048156
0.0,0.02077964
0.0,0.012358844
0.0,0.061564833
0.0,0.0556089
1.0,0.85588896
1.0,0.76423424
0.0,0.071692675
0.0,0.11143568
0.0,0.4729933
0.0,0.075921
1.0,0.2228624
1.0,0.8061218
1.0,0.81556
0.0,0.7355012
1.0,0.5871696
1.0,0.7961532
1.0,0.68007994
1.0,0.9769449
0.0,0.4189705
0.0,0.18946347
0.0,0.78597844
0.0,0.039628744
1.0,0.9109622
1.0,0.9840757
1.0,0.9237718
1.0,0.8850564
0.0,0.12714043
0.0,0.005891502
0.0,0.3495419
0.0,0.3699505
1.0,0.9656261
0.0,0.011969715
0.0,0.009679228
0.0,0.035009325
0.0,0.011352181
1.0,0.76677406
1.0,0.83511746
1.0,0.9025748
0.0,0.19130361
0.0,0.3729092
1.0,0.8191541
1.0,0.9925253
0.0,0.011143118
1.0,0.92586505
0.0,0.46220693
1.0,0.9921672
1.0,0.99502
1.0,0.5439294
0.0,0.012354255
0.0,0.3092304
1.0,0.9865477
0.0,0.28946823
0.0,0.34206015
1.0,0.9957775
0.0,0.013101667
0.0,0.032618105
0.0,0.017827123
1.0,0.46908695
0.0,0.30789733
0.0,0.22221282
1.0,0.34424016
0.0,0.5576317
0.0,0.013532549
0.0,0.01796794
0.0,0.053188294
1.0,0.7500964
0.0,0.9251306
0.0,0.010798454
0.0,0.0038334131
1.0,0.5475753
0.0,0.07104936
0.0,0.09920281
1.0,0.6588009
0.0,0.23265347
0.0,0.015181065
1.0,0.98189783
1.0,0.4202707
0.0,0.0076628923
1.0,0.29088944
1.0,0.43560186
0.0,0.14514044
0.0,0.60983366
1.0,0.6728407
1.0,0.8103476
0.0,0.0058071613
1.0,0.112265885
1.0,0.3699664
1.0,0.39888793
0.0,0.072479665
1.0,0.12570992
0.0,0.0059826374
1.0,0.69603604
0.0,0.006335646
1.0,0.9534941
0.0,0.7843123
0.0,0.055804193
1.0,0.4525693
0.0,0.07379782
1.0,0.9509124
1.0,0.7571346
1.0,0.98440087
1.0,0.99223113
0.0,0.0036613047
1.0,0.16157362
0.0,0.5558095
0.0,0.014621675
0.0,0.10209593
0.0,0.11437833
1.0,0.96936226
0.0,0.013346612
0.0,0.645051
0.0,0.24713728
0.0,0.2203553
1.0,0.9094729
0.0,0.33737785
0.0,0.0042119324
0.0,0.031933248
0.0,0.44999105
1.0,0.6679431
0.0,0.008165121
1.0,0.8449238
1.0,0.9923955
0.0,0.79824114
0.0,0.002318889
0.0,0.010316551
1.0,0.9760469
0.0,0.014540017
1.0,0.00476557
1.0,0.8584055
1.0,0.94555914
0.0,0.40265775
0.0,0.250718
0.0,0.0055743456
0.0,0.7911332
0.0,0.014137596
0.0,0.022993654
0.0,0.5086776
1.0,0.72131205
0.0,0.79093117
1.0,0.939304
0.0,0.16372028
1.0,0.9898174
1.0,0.9350251
1.0,0.7485006
1.0,0.9507294
0.0,0.7300584
0.0,0.72893304
0.0,0.15999499
1.0,0.51663274
1.0,0.9603909
0.0,0.003841132
1.0,0.61507326
1.0,0.99169225
1.0,0.98030734
1.0,0.481445
0.0,0.58239096
0.0,0.00097569823
1.0,0.75499237
0.0,0.0066566765
0.0,0.15515217
1.0,0.95908666
0.0,0.0022589862
0.0,0.73773694
0.0,0.024768203
0.0,0.012133598
0.0,0.010961831
1.0,0.99515843
0.0,0.005786121
0.0,0.13413149
1.0,0.10418254
0.0,0.022323787
1.0,0.9730784
0.0,0.066612005
0.0,0.005967438
0.0,0.013291568
0.0,0.090548575
1.0,0.9227191
0.0,0.22089204
0.0,0.21514091
1.0,0.9815692
1.0,0.54680496
0.0,0.05495265
0.0,0.020501405
0.0,0.0038860738
1.0,0.4675411
0.0,0.0048961043
1.0,0.90168846
1.0,0.8572533
1.0,0.4975358
1.0,0.54979575
1.0,0.6529711
0.0,0.97555906
1.0,0.6947469
1.0,0.9955038
0.0,0.0035957396
0.0,0.017399758
0.0,0.041131496
1.0,0.8565923
0.0,0.007827789
0.0,0.0017542839
0.0,0.120797455
1.0,0.96219003
0.0,0.06020984
1.0,0.9446086
0.0,0.16991848
0.0,0.2031694
0.0,0.027958035
0.0,0.013336003
0.0,0.029764384
1.0,0.6487889
1.0,0.99682355
0.0,0.0454835
0.0,0.5137538
1.0,0.64535177
0.0,0.0017412007
1.0,0.89926773
0.0,0.08411217
0.0,0.0136271715
0.0,0.0066749156
1.0,0.9975771
1.0,0.7021885
0.0,0.08391771
0.0,0.33239847
1.0,0.5703347
0.0,0.011501074
0.0,0.010854036
1.0,0.6212817
1.0,0.997852
1.0,0.9373056
0.0,0.008482099
1.0,0.9313626
1.0,0.9629315
0.0,0.05827287
0.0,0.020826489
0.0,0.0065669715
0.0,0.063608766
0.0,0.0017256439
0.0,0.01356855
1.0,0.39819846
1.0,0.8886403
0.0,0.069280416
0.0,0.0037466288
0.0,0.070248246
0.0,0.13493791
1.0,0.85230064
0.0,0.9610273
0.0,0.023066908
0.0,0.7369747
0.0,0.972599
1.0,0.2066066
0.0,0.002462864
0.0,0.91335857
1.0,0.98791015
0.0,0.10581249
0.0,0.52610886
0.0,0.045493364
0.0,0.002545774
1.0,0.63100725
1.0,0.9620985
0.0,0.06428969
0.0,0.9770343
0.0,0.0047857463
0.0,0.9035394
0.0,0.96803534
0.0,0.07651928
0.0,0.0075136125
0.0,0.3065019
1.0,0.045974106
0.0,0.017275304
1.0,0.07368621
0.0,0.9535424
0.0,0.0010639429
0.0,0.018922746
0.0,0.056703925
0.0,0.08932367
0.0,0.061140895
1.0,0.9841495
0.0,0.0077720284
0.0,0.9300307
0.0,0.13966435
1.0,0.93438375
1.0,0.74544203
0.0,0.004037887
0.0,0.52943367
0.0,0.0055985153
1.0,0.99881744
1.0,0.9187497
1.0,0.98023283
0.0,0.028784007
1.0,0.9963148
0.0,0.060479015
0.0,0.0028530061
0.0,0.013165355
1.0,0.07038802
0.0,0.003019154
0.0,0.023867399
1.0,0.99302727
1.0,0.20083955
0.0,0.009932369
1.0,0.99708104
0.0,0.011012226
1.0,0.83174807
0.0,0.20005918
1.0,0.93342096
0.0,0.9806857
0.0,0.26976055
1.0,0.8693575
0.0,0.012198895
0.0,0.07815549
0.0,0.022249013
0.0,0.003934145
0.0,0.066978425
0.0,0.013784021
1.0,0.8973354
1.0,0.81259936
0.0,0.29710007
0.0,0.013526499
0.0,0.0050151944
0.0,0.40918356
1.0,0.99493426
0.0,0.021392882
0.0,0.36972982
0.0,0.64148855
0.0,0.4977892
0.0,0.0002975762
1.0,0.90632653
1.0,0.8218498
0.0,0.0009664595
0.0,0.007160276
0.0,0.04876116
0.0,0.00968346
1.0,0.79218256
0.0,0.78788334
0.0,0.016878814
0.0,0.011479795
1.0,0.80693436
0.0,0.009398371
0.0,0.3486619
1.0,0.9890166
0.0,0.026703477
0.0,0.27395493
1.0,0.9085177
1.0,0.6307088
1.0,0.9093028
0.0,0.0023462474
0.0,0.0022676885
0.0,0.26358652
0.0,0.0062224865
1.0,0.9114274
0.0,0.2648406
1.0,0.3951835
0.0,9.10759e-05
0.0,0.0030712783
0.0,0.54319334
1.0,0.97808564
0.0,0.21430737
0.0,0.08152816
0.0,0.5276218
1.0,0.6905563
0.0,0.032513827
0.0,0.14530319
0.0,0.00045096874
1.0,0.11605996
0.0,0.0060106516
0.0,0.0017380416
1.0,0.036299914
1.0,0.97842014
0.0,0.0005324185
1.0,0.9789716
1.0,0.9932184
1.0,0.9320758
1.0,0.72337204
0.0,0.016200721
1.0,0.9820359
0.0,0.98492634
1.0,0.00930807
0.0,0.0069430172
1.0,0.2849072
0.0,0.2353501
1.0,0.109978944
1.0,0.99805045
1.0,0.7340858
0.0,0.00160864
0.0,0.4900352
0.0,0.16805175
0.0,0.018561065
0.0,0.016523182
0.0,0.37313962
1.0,0.97575665
1.0,0.9873181
1.0,0.72171235
0.0,0.0033823848
0.0,0.0043320656
0.0,0.28319004
0.0,0.66250455
1.0,0.00496158
0.0,0.17673573
0.0,0.0062453747
0.0,0.018556267
0.0,0.47865018
1.0,0.9498553
0.0,0.78168035
0.0,0.9367461
0.0,0.18454736
1.0,0.44357035
0.0,0.051836282
0.0,0.32921362
1.0,0.17838821
0.0,0.5409601
1.0,0.06443182
0.0,0.017892033
0.0,0.26028293
0.0,0.018183857
0.0,0.08326283
0.0,0.0002900958
1.0,0.88381207
0.0,0.11896297
0.0,0.215947
1.0,0.96060944
1.0,0.97604585
0.0,0.17001584
1.0,0.058671057
0.0,0.13688868
0.0,0.011136085
1.0,0.99384063
0.0,0.0049775243
0.0,0.31718904
0.0,0.0050516725
0.0,0.008486778
1.0,0.98482656
1.0,0.9870306
1.0,0.7799479
1.0,0.99021965
0.0,0.0020323992
0.0,0.036370605
0.0,0.10449308
1.0,0.95325434
0.0,0.011696786
0.0,0.0210253
1.0,0.93145657
1.0,0.66101587
1.0,0.940341
0.0,0.021074384
0.0,0.44230026
0.0,0.76074517
1.0,0.99583066
1.0,0.70386577
1.0,0.9463552
0.0,0.20369077
0.0,0.0041834116
0.0,0.0066132843
1.0,0.93919396
1.0,0.15568155
0.0,0.11396304
1.0,0.5212441
1.0,0.63182974
1.0,0.8892591
1.0,0.5926303
0.0,0.24329439
0.0,0.06487024
1.0,0.576168
1.0,0.51533496
0.0,0.044882685
0.0,0.025305986
0.0,0.0037598908
0.0,0.020351201
0.0,0.026608884
0.0,0.53236455
0.0,0.010177195
0.0,0.12601623
1.0,0.7210191
1.0,0.5787097
0.0,0.8024845
1.0,0.9922959
0.0,0.0040389
1.0,0.9406085
0.0,0.10416475
1.0,0.97530955
0.0,0.0030575097
0.0,0.0070690215
0.0,0.016482681
0.0,0.47579226
1.0,0.0873391
1.0,0.98334193
0.0,0.010931045
0.0,0.3134271
1.0,0.5295335
0.0,0.14513704
1.0,0.9920864
1.0,0.95968586
0.0,0.014286846
0.0,0.09692061
0.0,0.21436891
0.0,0.9878754
0.0,0.7047192
0.0,0.005983144
0.0,0.290016
0.0,0.0075722635
1.0,0.9375936
1.0,0.95609915
1.0,0.828675
1.0,0.9245573
0.0,0.013130456
0.0,0.2263419
1.0,0.59885305
0.0,0.7757149
0.0,0.01443705
0.0,0.35917896
1.0,0.18627316
1.0,0.2614308
0.0,0.020417422
1.0,0.96373785
1.0,0.8954061
0.0,0.00048300624
0.0,0.0072590113
1.0,0.9841727
0.0,0.006026298
0.0,0.76115876
0.0,0.0017365217
0.0,0.049826443
1.0,0.09378976
0.0,0.05815956
0.0,0.005037695
0.0,0.5934985
1.0,0.47120872
0.0,0.020814538
0.0,0.04142189
1.0,0.946053
0.0,0.0028326213
0.0,0.047462285
0.0,0.9422763
1.0,0.99530596
1.0,0.66821957
1.0,0.035782367
0.0,0.062222004
0.0,0.5026501
1.0,0.46942845
0.0,0.3212331
0.0,0.010566205
0.0,0.30628598
0.0,0.07725403
1.0,0.32313484
0.0,0.10327062
0.0,0.83188325
1.0,0.89903104
0.0,0.16037792
0.0,0.03141719
0.0,0.43428487
0.0,0.31085604
1.0,0.88966537
1.0,0.9848678
0.0,0.24036378
1.0,0.38483638
0.0,0.0051579773
0.0,0.0037866235
0.0,0.008399427
1.0,0.20203492
0.0,0.01150918
0.0,0.012879401
1.0,0.9790212
1.0,0.80634177
1.0,0.87430954
0.0,0.6586666
1.0,0.8032844
1.0,0.92048633
0.0,4.8547983e-05
0.0,0.9532478
0.0,0.6774369
1.0,0.25776023
0.0,0.10469177
0.0,0.1267299
0.0,0.011495471
0.0,0.0233967
0.0,0.018553317
0.0,0.024691135
0.0,0.07360658
0.0,0.27306998
0.0,0.4579311
1.0,0.18533486
1.0,0.84319466
1.0,0.8764093
0.0,0.008561075
1.0,0.9834805
0.0,0.29427102
0.0,0.046402276
1.0,0.99303246
0.0,0.046141952
0.0,0.00875029
0.0,0.084048
0.0,0.017196745
0.0,0.07814312
0.0,0.79766124
0.0,0.022164583
1.0,0.82562107
0.0,0.0014292598
0.0,0.00827679
0.0,0.0024170876
1.0,0.94012535
1.0,0.9542908
0.0,0.46901295
1.0,0.57803345
0.0,0.054337204
1.0,0.23247486
0.0,0.0131034255
0.0,0.0032215118
1.0,0.055274814
0.0,0.0023257732
0.0,0.0023833513
1.0,0.77222264
0.0,0.08684775
1.0,0.005141765
0.0,0.7412362
0.0,0.008166313
1.0,0.842522
0.0,0.0070619583
0.0,0.04828921
0.0,0.9718051
0.0,0.002930224
0.0,0.00350672
1.0,0.8622302
0.0,0.0047871172
0.0,0.06206414
0.0,0.013517559
1.0,0.60178703
0.0,0.9928278
0.0,0.07472855
1.0,0.8235696
0.0,0.0030472577
0.0,0.0029741824
0.0,0.05443719
0.0,0.066026956
1.0,0.78168845
0.0,0.015185803
0.0,0.0006469488
0.0,0.001445204
0.0,0.0040912926
0.0,0.4765959
1.0,0.9213729
1.0,0.7311392
0.0,0.030822396
1.0,0.92423916
0.0,0.02383703
0.0,0.0016057193
0.0,0.08323783
0.0,0.35497624
1.0,0.9851507
0.0,0.040172786
0.0,0.003148824
0.0,0.5647718
0.0,0.016258538
0.0,0.3830846
0.0,0.0042657554
0.0,0.0052687526
0.0,0.013092011
0.0,0.00026023388
0.0,0.85487926
1.0,0.72806615
0.0,0.0013045669
0.0,0.037703067
0.0,0.01608625
1.0,0.9949974
0.0,0.013093829
1.0,0.67038536
0.0,0.08990243
0.0,0.03510928
0.0,0.25839573
1.0,0.98714346
1.0,0.94987535
1.0,0.6119406
1.0,0.5265863
0.0,0.59782153
0.0,0.00745219
1.0,0.9838034
1.0,0.98515505
0.0,0.02762568
0.0,0.23223367
0.0,0.86493254
1.0,0.9324936
0.0,0.03362167
0.0,0.004524201
0.0,0.005393088
0.0,0.02633828
1.0,0.9623542
1.0,0.9663063
0.0,6.2286854e-05
1.0,0.43150163
0.0,0.0033229887
0.0,0.18411204
0.0,0.0023821294
0.0,0.030630082
0.0,0.0069031417
1.0,0.9492372
0.0,0.0013534427
0.0,0.19085088
0.0,0.7692568
0.0,0.01119408
0.0,0.7559407
1.0,0.9393651
0.0,0.01333645
0.0,0.014486045
1.0,0.857473
0.0,0.64048624
0.0,0.00020772219
1.0,0.99412155
1.0,0.7189785
0.0,0.006589055
1.0,0.97238886
0.0,0.69397193
1.0,0.5490017
1.0,0.9988713
0.0,0.10287872
1.0,0.8975929
0.0,0.11711556
0.0,0.033043534
0.0,0.14891729
0.0,0.6674951
0.0,0.016890079
0.0,0.021975458
0.0,0.24586368
1.0,0.98620874
0.0,0.027982205
0.0,0.22871315
0.0,0.28820312
0.0,0.21785405
1.0,0.94082767
0.0,0.041155457
0.0,0.4300022
0.0,0.036691904
0.0,0.01801145
0.0,0.051840693
0.0,0.97889453
1.0,0.0693512
0.0,0.107741416
1.0,0.73364866
0.0,0.010014415
1.0,0.15816787
0.0,0.022962779
0.0,0.032171994
0.0,0.023932248
0.0,0.8554157
0.0,0.6803082
0.0,0.20493627
0.0,0.014396459
0.0,0.0017262995
0.0,0.8301556
0.0,0.9028245
1.0,0.97586447
0.0,0.981584
0.0,0.027947485
1.0,0.9939362
0.0,0.019548982
0.0,0.005440235
0.0,0.0034385026
1.0,0.80612075
1.0,0.6447743
1.0,0.70208645
1.0,0.9916533
0.0,0.11993843
1.0,0.7222429
0.0,0.052316874
1.0,0.44896072
0.0,0.06295481
0.0,0.91303617
0.0,0.016778022
0.0,0.005050838
0.0,0.056692928
1.0,0.97593886
1.0,0.6256168
0.0,0.99411887
1.0,0.7724692
0.0,0.0020118356
1.0,0.9944742
0.0,0.039840996
0.0,0.02813828
0.0,0.9591565
0.0,0.4294627
0.0,0.30282474
0.0,0.0062613487
1.0,0.99665904
0.0,0.00071543455
1.0,0.9889302
1.0,0.86741924
1.0,0.9613363
0.0,0.00081810355
0.0,0.9973171
0.0,0.02775231
0.0,0.11518234
0.0,0.060643792
1.0,0.66573197
0.0,0.37650204
0.0,0.08674413
0.0,0.010286838
0.0,0.008438349
0.0,0.007031679
0.0,0.13561895
0.0,0.82744205
0.0,0.003755927
0.0,0.62840307
1.0,0.9943312
0.0,0.13797042
0.0,0.0024715364
0.0,0.0036384761
0.0,0.008185774
1.0,0.9475485
0.0,0.8645626
1.0,0.97969633
0.0,0.71583766
1.0,0.990996
1.0,0.9290276
0.0,0.001208961
0.0,0.17489937
0.0,0.026546508
0.0,0.15733156
0.0,0.004934013
0.0,0.84093094
1.0,0.92484546
0.0,0.018476784
1.0,0.57074934
0.0,0.13273984
0.0,0.0028690398
0.0,0.016704023
1.0,0.83191395
0.0,0.007031411
1.0,0.99689674
0.0,0.008773446
0.0,0.074950874
0.0,0.6272983
0.0,0.45584515
0.0,0.14236233
0.0,0.0061671734
1.0,0.6077845
1.0,0.88908386
0.0,0.3872139
0.0,0.015915096
0.0,0.057957202
1.0,0.89865494
0.0,0.057076126
1.0,0.37532884
0.0,0.13859934
1.0,0.87962365
1.0,0.7901254
0.0,0.29564378
0.0,0.013015002
0.0,0.027435154
1.0,0.95732015
0.0,0.20373937
0.0,0.1990419
1.0,0.9686059
1.0,0.7601258
0.0,0.06260121
0.0,0.043827057
1.0,0.97267926
0.0,0.005282849
0.0,0.016911
0.0,0.054489523
1.0,0.8697369
0.0,0.016511738
0.0,0.26360083
1.0,0.9337994
1.0,0.90389836
0.0,0.42041004
0.0,0.00843969
0.0,0.00584352
1.0,0.9343153
1.0,0.9428051
1.0,0.7940476
0.0,0.014392257
0.0,0.002996266
0.0,0.20639855
0.0,0.00014695525
1.0,0.9815295
0.0,0.007845283
0.0,0.7831521
0.0,0.18244502
0.0,0.49702603
0.0,0.1906834
0.0,0.03261274
0.0,0.17589897
0.0,0.042991012
0.0,0.008342713
1.0,0.38992742
1.0,0.9283377
0.0,0.5634227
0.0,0.07975882
1.0,0.008895278
0.0,0.003254354
1.0,0.9066654
0.0,0.004897058
0.0,0.013528109
1.0,0.97481036
1.0,0.97786283
0.0,0.6312858
0.0,0.15925097
1.0,0.26970312
0.0,0.2873245
0.0,0.037163556
0.0,0.9985061
0.0,0.041981906
1.0,0.82307386
1.0,0.07563293
0.0,0.53661793
0.0,0.0036634803
0.0,0.043629587
1.0,0.9439093
0.0,0.010746688
1.0,0.32936117
0.0,0.19582573
1.0,0.8605215
1.0,0.75923276
0.0,0.082402736
1.0,0.40277278
0.0,0.7948546
0.0,0.0029521286
1.0,0.9876134
1.0,0.43921134
0.0,0.05997044
0.0,0.1803509
0.0,0.32906824
0.0,0.35491043
1.0,0.9649246
0.0,0.23103756
0.0,0.30359328
0.0,0.007681668
1.0,0.93062353
0.0,0.030563593
0.0,0.49373677
1.0,0.9782053
0.0,0.00019544363
0.0,0.7001526
0.0,0.08577168
1.0,0.024872333
0.0,0.650495
1.0,0.99029446
0.0,0.0224832
1.0,0.28601813
1.0,0.2542448
1.0,0.940425
1.0,0.899519
0.0,0.00036209822
1.0,0.74604833
0.0,0.008772016
1.0,0.9871082
1.0,0.28791362
0.0,0.51216567
1.0,0.64325833
0.0,0.006202668
1.0,0.83558
1.0,0.49442714
0.0,0.07210809
0.0,0.97978973
1.0,0.99890614
1.0,0.007787466
0.0,0.23538041
0.0,0.29666764
0.0,0.00039032102
0.0,0.003115207
0.0,0.356167
1.0,0.94779974
1.0,0.9613339
1.0,0.3019625
1.0,0.59473854
1.0,0.99678826
1.0,0.99482274
0.0,0.5344218
1.0,0.96876335
0.0,0.01481393
0.0,0.02486816
0.0,0.044620633
1.0,0.17175907
1.0,0.49807003
0.0,0.21244237
0.0,0.12334749
0.0,0.96841824
1.0,0.5372831
1.0,0.22899526
1.0,0.878742
0.0,0.006084442
0.0,0.9650328
0.0,0.29406047
0.0,0.14453104
0.0,0.036786735
0.0,0.012698323
1.0,0.9454429
1.0,0.9675406
0.0,0.036821216
0.0,0.28768492
0.0,0.93728554
0.0,0.7544497
0.0,0.77663946
0.0,0.20713124
0.0,0.46536458
1.0,0.68634546
0.0,0.18161401
1.0,0.89298
0.0,0.0046051443
0.0,0.77163625
0.0,0.0050224364
0.0,0.8176174
1.0,0.9492752
1.0,0.6924274
1.0,0.83645475
1.0,0.8864054
0.0,0.0034427047
0.0,0.0616062
1.0,0.25090227
1.0,0.79248905
0.0,0.27838302
0.0,0.04335755
0.0,0.118086696
1.0,0.7338767
0.0,0.0055707693
1.0,0.055191755
0.0,0.004480779
0.0,0.049573362
0.0,0.008300066
0.0,0.0075692832
0.0,0.018530458
0.0,0.01766947
0.0,0.68260956
1.0,0.9854283
0.0,0.0038483143
0.0,0.43518662
0.0,0.014035732
1.0,0.5364698
0.0,0.04011646
1.0,0.9904933
0.0,0.0003681779
0.0,0.012926251
0.0,0.0036555529
0.0,0.3106373
0.0,0.0092766285
0.0,0.011315495
1.0,0.9525608
0.0,0.76613176
1.0,0.34126234
1.0,0.6827083
0.0,0.027156085
0.0,0.19989973
1.0,0.91792
1.0,0.9989593
0.0,0.4174913
0.0,0.74372745
0.0,0.024849802
0.0,0.02453211
0.0,0.013687581
1.0,0.8401637
0.0,0.090648174
1.0,0.7179967
1.0,0.043442965
0.0,0.9547735
0.0,0.08415958
0.0,0.011416763
0.0,0.01531592
0.0,0.879675
0.0,0.0070547163
0.0,0.04401812
0.0,0.8710575
1.0,0.5786286
1.0,0.86819935
0.0,0.025595486
0.0,0.016717315
0.0,0.48546878
1.0,0.8758191
0.0,0.006008178
0.0,0.014019251
1.0,0.51465607
1.0,0.9184156
0.0,0.06349841
0.0,0.04196614
0.0,0.07230049
1.0,0.9894116
0.0,0.0717864
1.0,0.9886689
1.0,0.64270693
0.0,0.018419564
0.0,0.09051636
0.0,0.006158471
1.0,0.7471537
0.0,0.34309795
1.0,0.8862997
0.0,0.04118386
1.0,0.9583025
0.0,0.064706534
0.0,0.043064833
0.0,0.0013282299
1.0,0.9951407
0.0,0.25745943
1.0,0.91803956
1.0,0.9088807
0.0,0.0014538467
1.0,0.17656729
0.0,0.1277824
1.0,0.23474339
0.0,0.008099437
1.0,0.94032645
0.0,0.004157454
1.0,0.9114237
1.0,0.97955835
1.0,0.9883895
0.0,0.006919056
1.0,0.9745443
1.0,0.5727738
0.0,0.0024134815
1.0,0.9751034
1.0,0.660675
1.0,0.112884015
0.0,0.022572905
0.0,0.012011215
0.0,0.9251425
0.0,0.23980382
