0.0,0.3489372
0.0,0.73282105
1.0,0.2062203
0.0,0.08393276
1.0,0.5450248
0.0,0.022646964
1.0,0.9157728
1.0,0.7217206
1.0,0.696686
0.0,0.035371155
0.0,0.3447736
1.0,0.9074375
0.0,0.012445867
0.0,0.06115225
0.0,0.15576926
0.0,0.07168847
1.0,0.81897557
0.0,0.051368594
0.0,0.004082471
1.0,0.59983456
1.0,0.5307337
0.0,0.002590686
1.0,0.9745003
0.0,0.16586265
0.0,0.015364498
1.0,0.67434776
0.0,0.2544305
1.0,0.9174189
0.0,0.091459095
1.0,0.9079131
0.0,0.017383337
0.0,0.2728358
1.0,0.93573034
1.0,0.99541783
1.0,0.8412708
1.0,0.93142486
1.0,0.6927709
0.0,0.050491273
1.0,0.8444135
1.0,0.11874321
1.0,0.8892431
1.0,0.9619638
0.0,0.034148842
1.0,0.9530382
1.0,0.9253939
0.0,0.037447393
0.0,0.0039384663
0.0,0.05594802
0.0,0.05352354
1.0,0.9702068
0.0,0.07607415
1.0,0.690623
1.0,0.9771049
1.0,0.8758102
0.0,0.04037723
0.0,0.022254169
0.0,0.1147939
1.0,0.12757665
1.0,0.9290727
1.0,0.31023115
1.0,0.9552503
0.0,0.26847893
1.0,0.98256814
1.0,0.7658186
1.0,0.9384252
0.0,0.08558649
0.0,0.35711035
1.0,0.9403734
0.0,0.01823768
1.0,0.8804148
0.0,0.6047865
1.0,0.96135485
0.0,0.0028779209
0.0,0.054282784
1.0,0.51871085
0.0,0.57128
0.0,0.015443057
0.0,0.50525004
0.0,0.0143761635
1.0,0.9822775
0.0,0.04531446
1.0,0.98736346
1.0,0.97932506
1.0,0.9971844
1.0,0.99146336
1.0,0.82682216
1.0,0.9305773
0.0,0.2641301
0.0,0.08635989
1.0,0.65761036
0.0,0.03677851
1.0,0.40805897
0.0,0.046803534
0.0,0.7875595
0.0,0.21802539
1.0,0.9657303
0.0,0.04083115
0.0,0.14475924
1.0,0.57536167
1.0,0.981981
0.0,0.01346761
0.0,0.07975453
1.0,0.022763997
0.0,0.075760305
0.0,0.08165285
1.0,0.8532958
1.0,0.06068605
0.0,0.123854935
1.0,0.034503788
1.0,0.9575996
1.0,0.97069955
0.0,0.14121234
1.0,0.07685268
0.0,0.127235
0.0,0.02209273
1.0,0.67000824
0.0,0.03160587
1.0,0.88271815
1.0,0.45446566
1.0,0.9919269
0.0,0.32781285
1.0,0.9812571
0.0,0.8329739
0.0,0.031251907
0.0,0.16438827
1.0,0.28851724
0.0,0.012323707
0.0,0.2266765
1.0,0.95253754
1.0,0.9078764
1.0,0.9410448
0.0,0.08168304
0.0,0.12669191
1.0,0.54214096
1.0,0.9937875
0.0,0.6127622
0.0,0.091273755
0.0,0.055849522
0.0,0.22446927
0.0,0.025505275
1.0,0.8501022
0.0,0.27212274
1.0,0.12025413
0.0,0.07974568
0.0,0.060685247
0.0,0.0016398132
1.0,0.67020977
0.0,0.029306412
0.0,0.034177363
0.0,0.10739669
0.0,0.13662055
0.0,0.0058704317
0.0,0.016632795
0.0,0.90598047
0.0,0.16418517
1.0,0.9372903
0.0,0.0122706
0.0,0.04215759
1.0,0.9955875
0.0,0.07343641
0.0,0.76362073
0.0,0.19840047
0.0,0.049726665
0.0,0.25260186
1.0,0.9925984
0.0,0.23545855
1.0,0.2310903
0.0,0.071240366
0.0,0.026367038
1.0,0.8050941
0.0,0.81851745
0.0,0.88028455
0.0,0.8263453
0.0,0.0016468167
1.0,0.6490561
1.0,0.89315474
0.0,0.07345101
1.0,0.7508731
0.0,0.44591835
1.0,0.98678136
1.0,0.89772254
1.0,0.8884605
1.0,0.9592816
1.0,0.8917835
0.0,0.7874602
0.0,0.010274708
0.0,0.04818821
0.0,0.961109
0.0,0.17615414
0.0,0.030848354
1.0,0.12158978
0.0,0.0021317601
0.0,0.8925487
1.0,0.95009285
1.0,0.7615209
1.0,0.99481213
0.0,0.019033134
0.0,0.098749995
0.0,0.025120467
1.0,0.034359008
0.0,0.10368937
0.0,0.8011981
0.0,0.58806926
0.0,0.50195605
0.0,0.22568655
1.0,0.16752478
0.0,0.058734447
1.0,0.19971192
0.0,0.0055754483
0.0,0.24798054
0.0,0.0158692
1.0,0.9263582
0.0,0.12679818
0.0,0.08461234
0.0,0.035770923
0.0,0.008672774
0.0,0.87996423
0.0,0.06339362
1.0,0.9902157
0.0,0.02215749
0.0,0.015658975
1.0,0.9326812
1.0,0.9841191
0.0,0.31649715
0.0,0.057993174
0.0,0.0035958886
0.0,0.20378041
0.0,0.11577782
0.0,0.20026746
1.0,0.9308257
0.0,0.04278347
1.0,0.52485776
0.0,0.050153762
1.0,0.92625344
1.0,0.4967728
0.0,0.017287076
0.0,0.05384919
0.0,0.051416904
1.0,0.9125349
1.0,0.8671249
1.0,0.9588413
1.0,0.64433444
0.0,0.012206793
0.0,0.67895865
1.0,0.9819394
0.0,0.73523223
0.0,0.037148
0.0,0.0385271
0.0,0.46537304
0.0,0.012851387
0.0,0.053847164
0.0,0.15623906
1.0,0.83415705
0.0,0.024530768
0.0,0.21772757
0.0,0.340751
1.0,0.9468669
1.0,0.96463335
0.0,0.047212034
0.0,0.060083807
0.0,0.03657219
1.0,0.9641937
0.0,0.0467335
0.0,0.006597966
0.0,0.04543978
0.0,0.023613095
1.0,0.98822516
1.0,0.77692795
1.0,0.99151206
0.0,0.013620108
1.0,0.87407243
0.0,0.038233876
0.0,0.053985804
0.0,0.34175837
1.0,0.97050965
1.0,0.84467566
0.0,0.017203242
0.0,0.11787203
1.0,0.9453999
1.0,0.6195385
0.0,0.021256268
1.0,0.6604291
1.0,0.94822717
0.0,0.76176476
0.0,0.50492567
0.0,0.03548509
0.0,0.036040187
0.0,0.47973388
0.0,0.037463665
1.0,0.990018
0.0,0.06338754
0.0,0.027029812
1.0,0.98533964
0.0,0.14052945
1.0,0.9672377
1.0,0.113815755
1.0,0.8203323
1.0,0.90430677
1.0,0.8364338
0.0,0.07536161
1.0,0.8768313
0.0,0.8090244
1.0,0.99253464
0.0,0.69728047
0.0,0.5934842
0.0,0.035253286
0.0,0.14955023
0.0,0.7550647
1.0,0.9943009
0.0,0.90896714
1.0,0.8221717
0.0,0.8436914
1.0,0.6885109
1.0,0.99316484
0.0,0.035297006
0.0,0.009018153
0.0,0.013863444
1.0,0.90871036
1.0,0.15583456
0.0,0.006883234
0.0,0.004052013
0.0,0.01117292
0.0,0.07951552
1.0,0.92175674
1.0,0.8489305
0.0,0.044510514
0.0,0.41991103
1.0,0.7086129
1.0,0.9520202
1.0,0.88636345
0.0,0.07141122
0.0,0.68041825
0.0,0.004539132
0.0,0.58854103
1.0,0.98048913
1.0,0.795583
0.0,0.065295726
0.0,0.12264609
0.0,0.018236041
0.0,0.61099166
0.0,0.0024806857
0.0,0.12828219
1.0,0.29515457
0.0,0.1553857
0.0,0.07344931
0.0,0.07830316
0.0,0.95164275
0.0,0.58422565
0.0,0.109592766
0.0,0.006376505
1.0,0.5260984
0.0,0.027732551
1.0,0.68276846
0.0,0.014306307
0.0,0.22152466
0.0,0.23190993
0.0,0.016257912
0.0,0.9563817
1.0,0.24090701
1.0,0.8101853
0.0,0.68028533
1.0,0.58811545
0.0,0.009658396
0.0,0.40037078
0.0,0.32087672
0.0,0.8885783
0.0,0.021342844
0.0,0.0033226311
1.0,0.422674
0.0,0.023043483
1.0,0.9792741
0.0,0.18293309
1.0,0.28798527
0.0,0.27663684
1.0,0.25108638
1.0,0.9677424
1.0,0.96644205
0.0,0.017763495
0.0,0.05540383
1.0,0.9773849
0.0,0.02452439
0.0,0.07947987
1.0,0.045381844
1.0,0.9445083
0.0,0.40268514
1.0,0.7728312
1.0,0.98579836
0.0,0.93852955
0.0,0.0412533
0.0,0.42766297
0.0,0.056488067
0.0,0.012746453
0.0,0.1540257
1.0,0.99128807
0.0,0.18175298
1.0,0.22963277
1.0,0.38880324
0.0,0.13472977
0.0,0.20309392
0.0,0.75094616
1.0,0.96047175
1.0,0.98411417
1.0,0.46309525
0.0,0.04098758
1.0,0.9838666
1.0,0.93017024
0.0,0.0028881133
0.0,0.34695742
0.0,0.97116125
0.0,0.6486655
1.0,0.8728544
0.0,0.029374987
1.0,0.36580324
0.0,0.8232815
0.0,0.1364915
0.0,0.13911512
0.0,0.11015132
0.0,0.021939218
0.0,0.09615758
0.0,0.05167404
0.0,0.011621475
0.0,0.05345279
0.0,0.439089
0.0,0.085145116
0.0,0.021395653
0.0,0.5249696
0.0,0.042705268
1.0,0.8885741
0.0,0.4395041
1.0,0.9709344
0.0,0.055067867
0.0,0.020318896
0.0,0.06604934
0.0,0.8707361
0.0,0.3864687
0.0,0.1105952
0.0,0.25225198
0.0,0.006195247
0.0,0.015146166
0.0,0.028878212
0.0,0.35201836
1.0,0.89076173
0.0,0.13063389
0.0,0.022396028
0.0,0.41789883
0.0,0.051256567
1.0,0.7584594
0.0,0.8626178
1.0,0.4551344
0.0,0.0290716
0.0,0.15630946
1.0,0.97957015
0.0,0.9383869
1.0,0.8861699
1.0,0.8069595
1.0,0.8011789
1.0,0.96326345
0.0,0.008040428
1.0,0.6588338
0.0,0.0076726675
0.0,0.016919643
0.0,0.55191964
1.0,0.9909296
0.0,0.012567192
0.0,0.03486556
1.0,0.43363523
1.0,0.9951407
0.0,0.17516375
0.0,0.007925898
1.0,0.8437707
0.0,0.09471771
1.0,0.81721723
0.0,0.47928336
0.0,0.13775826
1.0,0.92590135
0.0,0.9096749
0.0,0.004143417
1.0,0.47616184
0.0,0.15691847
1.0,0.99581933
0.0,0.03507495
1.0,0.3010929
1.0,0.77266484
1.0,0.8037542
1.0,0.99156356
0.0,0.08471534
0.0,0.10436934
1.0,0.5380485
0.0,0.02591464
0.0,0.63650733
1.0,0.7319784
1.0,0.69851375
1.0,0.9390811
0.0,0.057733387
1.0,0.9766797
1.0,0.8811195
0.0,0.026897311
1.0,0.98977953
0.0,0.26956496
1.0,0.87971693
1.0,0.93538874
0.0,0.8678076
0.0,0.6125187
1.0,0.27415234
0.0,0.2333261
1.0,0.94636154
0.0,0.69214857
0.0,0.06514534
0.0,0.82534766
1.0,0.99547577
0.0,0.006112486
0.0,0.028922826
0.0,0.8813548
1.0,0.635438
0.0,0.055283606
0.0,0.024175525
0.0,0.07312977
0.0,0.8241019
1.0,0.89868855
1.0,0.9921364
0.0,0.14275616
0.0,0.5141001
0.0,0.19174227
0.0,0.6403994
0.0,0.1203405
1.0,0.9538787
0.0,0.18075791
1.0,0.9361509
0.0,0.7549811
0.0,0.07510579
1.0,0.86710405
0.0,0.05457002
0.0,0.5344472
0.0,0.019524246
0.0,0.035655648
0.0,0.07033938
0.0,0.02862215
0.0,0.03625965
0.0,0.14380014
1.0,0.90175945
1.0,0.98911285
0.0,0.017753214
0.0,0.03885165
1.0,0.98933655
0.0,0.042356312
1.0,0.91091156
0.0,0.40492922
0.0,0.0046034455
1.0,0.9546483
0.0,0.17436904
1.0,0.86769056
0.0,0.46282282
1.0,0.41476983
0.0,0.060990363
0.0,0.052960932
0.0,0.5282948
1.0,0.98247766
0.0,0.011992663
0.0,0.05746141
0.0,0.018168896
0.0,0.96337533
1.0,0.457291
0.0,0.04190272
0.0,0.005809903
1.0,0.9919801
1.0,0.18579039
0.0,0.51679236
1.0,0.8678366
0.0,0.19581208
0.0,0.5366096
1.0,0.9689657
1.0,0.9871435
0.0,0.06645912
1.0,0.91413873
1.0,0.98527694
0.0,0.051449925
0.0,0.077804446
0.0,0.14966333
1.0,0.0532901
0.0,0.006006986
0.0,0.039007813
0.0,0.013179928
1.0,0.99031585
1.0,0.7495247
0.0,0.07327032
1.0,0.5471293
1.0,0.06762537
0.0,0.32411098
1.0,0.91978395
0.0,0.23153108
1.0,0.8486377
0.0,0.17945194
1.0,0.9046502
0.0,0.030934393
0.0,0.035006523
1.0,0.8806553
0.0,0.01907152
1.0,0.91818094
0.0,0.09049946
0.0,0.045423716
0.0,0.05710557
1.0,0.74466074
0.0,0.24226785
1.0,0.79594314
0.0,0.009280682
1.0,0.9357153
1.0,0.8888625
0.0,0.01024279
1.0,0.9671631
1.0,0.8820642
1.0,0.8643419
1.0,0.9070912
0.0,0.18243292
0.0,0.008493096
0.0,0.93260956
1.0,0.9350568
1.0,0.57281417
0.0,0.013365656
0.0,0.05236891
0.0,0.367046
1.0,0.9661098
0.0,0.9081092
1.0,0.02955681
1.0,0.829857
0.0,0.06607956
0.0,0.13929215
1.0,0.9617871
0.0,0.6397807
1.0,0.9855658
0.0,0.5756695
0.0,0.04234317
0.0,0.012849182
1.0,0.3677739
0.0,0.14632607
1.0,0.9308206
0.0,0.022325546
1.0,0.74755013
0.0,0.68574274
0.0,0.26170397
1.0,0.12007329
1.0,0.6457069
1.0,0.76646864
1.0,0.76317656
0.0,0.06584087
0.0,0.014689118
0.0,0.8870837
0.0,0.0010343492
1.0,0.8945219
1.0,0.4786379
0.0,0.05321178
0.0,0.023223788
0.0,0.0032695532
1.0,0.4581236
0.0,0.023507357
0.0,0.026209563
0.0,0.13748097
0.0,0.876536
0.0,0.045758903
0.0,0.35943884
1.0,0.77039295
0.0,0.879239
1.0,0.24180013
0.0,0.16314536
0.0,0.7097653
1.0,0.8270398
1.0,0.8965328
1.0,0.92825973
0.0,0.09166989
0.0,0.080403745
1.0,0.29208976
0.0,0.029381692
0.0,0.11398098
0.0,0.43347383
1.0,0.8605958
0.0,0.21554908
0.0,0.14396623
1.0,0.9825884
0.0,0.04850948
1.0,0.99340165
1.0,0.95456576
1.0,0.98667234
0.0,0.0153571665
1.0,0.96506524
1.0,0.85772514
0.0,0.13851956
1.0,0.22602224
0.0,0.02672258
0.0,0.27581885
0.0,0.18062991
0.0,0.02041623
1.0,0.9553354
1.0,0.8247509
1.0,0.9932136
1.0,0.9155538
1.0,0.9732093
0.0,0.67534226
0.0,0.9508959
1.0,0.98263615
0.0,0.03469491
1.0,0.84904635
1.0,0.9937067
0.0,0.08487666
1.0,0.4044085
1.0,0.5486494
0.0,0.020505339
0.0,0.050617635
0.0,0.015339136
0.0,0.02606693
1.0,0.5589962
1.0,0.9791751
0.0,0.03880021
0.0,0.06431705
1.0,0.08124399
1.0,0.788682
1.0,0.33492377
0.0,0.029904515
1.0,0.77546954
1.0,0.6590884
0.0,0.043512583
0.0,0.08664253
1.0,0.9501133
1.0,0.9900811
0.0,0.44085324
1.0,0.8035177
0.0,0.07837039
0.0,0.2751689
1.0,0.97725594
0.0,0.5495635
1.0,0.9758983
0.0,0.38326815
0.0,0.113024294
0.0,0.045803607
1.0,0.92489564
1.0,0.41111514
0.0,0.039924562
0.0,0.013760686
1.0,0.7264997
0.0,0.14323455
1.0,0.9442158
1.0,0.8864689
1.0,0.9014609
0.0,0.14700854
0.0,0.30989516
0.0,0.49084365
0.0,0.029535532
0.0,0.004011661
1.0,0.75575113
0.0,0.5287504
0.0,0.0071507394
1.0,0.96118206
0.0,0.1125485
1.0,0.17613462
1.0,0.6919029
0.0,0.054204762
0.0,0.37771374
0.0,0.8058615
0.0,0.0090307
0.0,0.036875993
0.0,0.015434444
0.0,0.025186807
0.0,0.8964298
1.0,0.43694168
1.0,0.9752856
0.0,0.6605344
0.0,0.77515864
0.0,0.021803051
0.0,0.051690847
0.0,0.017993718
1.0,0.43402642
0.0,0.06763473
0.0,0.004570991
1.0,0.9299408
1.0,0.3990134
0.0,0.050097078
0.0,0.94266975
0.0,0.006317109
0.0,0.086043656
0.0,0.009535402
0.0,0.09446132
1.0,0.9597948
1.0,0.6497776
1.0,0.933033
0.0,0.017781436
1.0,0.7298151
1.0,0.9651054
0.0,0.6553144
0.0,0.0010617971
1.0,0.5642828
1.0,0.3044847
1.0,0.94283235
1.0,0.95267874
1.0,0.83656114
0.0,0.18319008
0.0,0.21729133
1.0,0.44297865
0.0,0.0052661896
1.0,0.8371664
0.0,0.018826485
1.0,0.53109366
0.0,0.026981592
0.0,0.38546684
0.0,0.11689708
0.0,0.07379714
0.0,0.42649508
0.0,0.0077430904
0.0,0.008874506
0.0,0.11182153
0.0,0.8487005
0.0,0.008252174
0.0,0.0131423175
1.0,0.97347975
1.0,0.79797
1.0,0.9824045
0.0,0.9514929
0.0,0.63302886
0.0,0.7796658
0.0,0.03150344
1.0,0.96638215
1.0,0.3303591
1.0,0.8683354
1.0,0.9510078
0.0,0.935078
0.0,0.008452833
0.0,0.0073228776
1.0,0.74418294
0.0,0.011918545
1.0,0.0072824657
1.0,0.96014166
0.0,0.15883166
0.0,0.005425334
0.0,0.034879386
0.0,0.41477054
1.0,0.9528738
1.0,0.7289806
0.0,0.05975589
1.0,0.8693573
1.0,0.66837883
0.0,0.23294678
0.0,0.09434584
1.0,0.919573
0.0,0.0078911185
0.0,0.03378728
0.0,0.016424477
0.0,0.35852408
0.0,0.028161287
1.0,0.7762724
0.0,0.28532612
0.0,0.7935369
1.0,0.98474026
1.0,0.9432757
0.0,0.7298433
0.0,0.39414266
1.0,0.7103969
0.0,0.17516121
0.0,0.0024375021
1.0,0.8619343
0.0,0.06359649
0.0,0.07996029
0.0,0.04302624
1.0,0.97442394
0.0,0.4498472
1.0,0.8477746
1.0,0.77514476
1.0,0.99716043
0.0,0.060664028
1.0,0.81577766
0.0,0.029576898
1.0,0.964847
0.0,0.13020876
1.0,0.9509108
0.0,0.08304638
0.0,0.04133302
1.0,0.9768112
0.0,0.0072042644
0.0,0.011301935
1.0,0.49965414
1.0,0.8951907
1.0,0.38116968
1.0,0.92096156
1.0,0.3030239
1.0,0.9470265
1.0,0.8043159
0.0,0.018475592
1.0,0.7573545
1.0,0.86139053
0.0,0.100681424
0.0,0.06471476
0.0,0.0057270825
1.0,0.60221654
0.0,0.023248553
0.0,0.07752699
0.0,0.30057535
1.0,0.922281
0.0,0.030796856
0.0,0.32808337
1.0,0.6962873
1.0,0.8550166
1.0,0.925314
1.0,0.29178336
0.0,0.9755451
0.0,0.027825564
0.0,0.030008048
0.0,0.071073234
0.0,0.011350334
0.0,0.36467335
0.0,0.021736234
1.0,0.49823427
1.0,0.95117974
0.0,0.05776447
1.0,0.8398864
0.0,0.027139306
0.0,0.012146056
1.0,0.9795221
0.0,0.026269853
0.0,0.847798
0.0,0.0031998456
0.0,0.8499621
0.0,0.05364439
0.0,0.02605185
0.0,0.96703386
1.0,0.8463349
0.0,0.014417261
0.0,0.79735005
1.0,0.9082624
0.0,0.0549483
1.0,0.8543854
0.0,0.011581838
0.0,0.0054516196
0.0,0.028559268
0.0,0.3706993
0.0,0.0017048419
0.0,0.01696378
0.0,0.029437393
0.0,0.12597466
0.0,0.72867525
1.0,0.7370713
0.0,0.26979664
1.0,0.9414878
0.0,0.8723843
1.0,0.03729406
0.0,0.23081678
0.0,0.004451722
0.0,0.2296386
1.0,0.9623637
1.0,0.202909
1.0,0.08374694
0.0,0.03058523
0.0,0.3319649
1.0,0.8048626
0.0,0.27628383
0.0,0.054961294
1.0,0.7839509
0.0,0.044110656
1.0,0.9659184
1.0,0.6449037
0.0,0.09149787
1.0,0.4421424
0.0,0.23592904
1.0,0.17299005
0.0,0.41466874
1.0,0.9970684
0.0,0.0006067455
0.0,0.9336564
0.0,0.09142232
0.0,0.23468387
0.0,0.014512807
0.0,0.064433366
0.0,0.03531477
1.0,0.91556776
0.0,0.028023928
0.0,0.002752155
0.0,0.00085133314
0.0,0.12684527
0.0,0.23504809
1.0,0.5824225
0.0,0.21172103
0.0,0.09469056
1.0,0.7746657
0.0,0.20172858
1.0,0.8756336
0.0,0.92834044
1.0,0.7842694
1.0,0.9526243
0.0,0.044164747
1.0,0.9963256
0.0,0.39556992
0.0,0.04699844
0.0,0.035790592
0.0,0.19212157
1.0,0.83129054
1.0,0.98010206
0.0,0.06954354
0.0,0.13658863
1.0,0.99402356
0.0,0.0996744
1.0,0.5509302
1.0,0.039913267
1.0,0.8727006
0.0,0.13942888
1.0,0.78484
0.0,0.20115477
1.0,0.705219
1.0,0.7184342
0.0,0.32256556
0.0,0.81403834
0.0,0.056885093
0.0,0.3240222
1.0,0.7908186
1.0,0.85057676
1.0,0.96024317
0.0,0.03520131
0.0,0.0046066344
1.0,0.99209774
0.0,0.9492788
0.0,0.015158296
0.0,0.01894319
1.0,0.61400396
0.0,0.1468581
0.0,0.026542366
0.0,0.27000985
0.0,0.30247134
1.0,0.7238807
1.0,0.9480072
0.0,0.29602408
0.0,0.04117191
0.0,0.01389125
1.0,0.9455528
0.0,0.102793396
0.0,0.9015626
1.0,0.9295786
0.0,0.0069759786
0.0,0.49408928
1.0,0.9516125
0.0,0.20567057
1.0,0.41805607
1.0,0.17366955
0.0,0.04568681
0.0,0.0316855
0.0,0.013475984
0.0,0.006602198
1.0,0.9855038
1.0,0.99734175
1.0,0.96368617
1.0,0.7385528
0.0,0.88315034
0.0,0.067141026
1.0,0.9236491
1.0,0.9687159
0.0,0.050515175
0.0,0.031085163
1.0,0.554897
0.0,0.010253817
1.0,0.876288
0.0,0.007526189
0.0,0.3105591
1.0,0.93636966
0.0,0.13884622
0.0,0.011605263
0.0,0.081624806
0.0,0.1066601
0.0,0.8598912
1.0,0.21024665
0.0,0.04559961
1.0,0.9653775
0.0,0.21558085
1.0,0.8849765
0.0,0.08529365
1.0,0.7391343
1.0,0.97865486
1.0,0.9943745
0.0,0.8468703
0.0,0.011656553
1.0,0.27988428
0.0,0.07892048
0.0,0.098913044
1.0,0.95014
1.0,0.53954273
0.0,0.13196105
1.0,0.98871577
1.0,0.9677031
0.0,0.92134655
0.0,0.02674079
0.0,0.8969127
0.0,0.017189175
0.0,0.0026551783
0.0,0.9355947
1.0,0.9471848
1.0,0.9787929
1.0,0.9169787
0.0,0.025120199
0.0,0.008050442
0.0,0.09891862
0.0,0.08615634
0.0,0.05164364
0.0,0.051401436
1.0,0.866222
1.0,0.91374207
1.0,0.8797978
0.0,0.2297557
0.0,0.015799671
1.0,0.94745547
0.0,0.49720332
0.0,0.62021816
1.0,0.93422955
0.0,0.67662144
0.0,0.6370611
1.0,0.53510815
0.0,0.15599895
1.0,0.6606549
1.0,0.9131868
0.0,0.8627877
0.0,0.013622433
1.0,0.99319035
0.0,0.0032726526
0.0,0.5593471
1.0,0.53292763
1.0,0.75984645
1.0,0.82733846
1.0,0.97264314
0.0,0.86132956
0.0,0.053454727
0.0,0.0276528
1.0,0.5250248
0.0,0.97520506
1.0,0.70286083
0.0,0.52705866
1.0,0.92895347
1.0,0.37902814
0.0,0.050135046
0.0,0.079895645
0.0,0.039859354
0.0,0.5305987
0.0,0.2149089
0.0,0.028249085
1.0,0.3306734
1.0,0.7473932
0.0,0.57289815
1.0,0.914367
1.0,0.39325163
0.0,0.0042580664
0.0,0.17635682
1.0,0.5757302
1.0,0.13067335
0.0,0.02780971
0.0,0.10907787
0.0,0.030468225
0.0,0.018757015
1.0,0.6760535
1.0,0.9294282
0.0,0.049758643
0.0,0.005703181
0.0,0.07492754
0.0,0.24653581
0.0,0.016322821
0.0,0.047569156
0.0,0.9384006
0.0,0.69238895
0.0,0.051043183
0.0,0.07109949
0.0,0.1307213
1.0,0.98086905
1.0,0.92253625
0.0,0.006628394
0.0,0.07370347
0.0,0.0035815537
0.0,0.016326934
0.0,0.26062268
0.0,0.4285352
0.0,0.015200585
0.0,0.7138603
1.0,0.8806821
1.0,0.9927684
1.0,0.84199655
1.0,0.88711786
1.0,0.98522294
0.0,0.81157506
0.0,0.024273127
0.0,0.021063983
0.0,0.16684756
1.0,0.8479737
0.0,0.063883126
1.0,0.93796384
0.0,0.036762416
0.0,0.9097955
0.0,0.7120744
0.0,0.08322418
0.0,0.06909108
0.0,0.7800957
0.0,0.22006097
0.0,0.012280613
1.0,0.7236465
1.0,0.85896647
0.0,0.36747015
0.0,0.62467307
0.0,0.024685413
0.0,0.035177648
1.0,0.9740894
0.0,0.012539983
1.0,0.7281034
0.0,0.08264238
1.0,0.4365963
0.0,0.011093199
0.0,0.25339478
1.0,0.9515361
0.0,0.0038419068
1.0,0.9500731
0.0,0.12526584
0.0,0.6024044
0.0,0.526667
0.0,0.007400632
0.0,0.019048184
1.0,0.957947
1.0,0.9610928
0.0,0.29210135
0.0,0.033869088
0.0,0.012990624
0.0,0.20280036
1.0,0.71182257
0.0,0.6869038
1.0,0.38871312
1.0,0.7985592
0.0,0.6878578
0.0,0.061229706
0.0,0.15890795
0.0,0.064404756
0.0,0.045609564
0.0,0.042548716
0.0,0.05548829
0.0,0.33630586
0.0,0.56820846
1.0,0.9289641
0.0,0.98121476
0.0,0.009785712
1.0,0.9471538
0.0,0.0569849
0.0,0.0335868
0.0,0.010880411
0.0,0.059111655
1.0,0.03208065
1.0,0.97846204
1.0,0.7805042
0.0,0.030534297
0.0,0.023161411
0.0,0.029088944
0.0,0.8961346
0.0,0.39732596
0.0,0.8046447
1.0,0.992616
1.0,0.9674343
1.0,0.93338597
0.0,0.053309917
1.0,0.98511314
1.0,0.6881693
0.0,0.03961134
1.0,0.86621606
0.0,0.044430614
0.0,0.076236725
0.0,0.79728246
1.0,0.9870477
1.0,0.96298766
1.0,0.75483626
0.0,0.80901825
0.0,0.503685
0.0,0.0103339255
1.0,0.9599099
1.0,0.98749006
1.0,0.9567182
1.0,0.57707846
0.0,0.07692367
0.0,0.009966522
0.0,0.016480476
0.0,0.35029042
1.0,0.9641756
0.0,0.025657445
0.0,0.21062475
0.0,0.3684597
1.0,0.69285315
0.0,0.20433155
0.0,0.12762171
0.0,0.21847528
0.0,0.86295116
0.0,0.036543727
0.0,0.08880225
0.0,0.011673033
0.0,0.041978806
0.0,0.013617903
1.0,0.98478186
1.0,0.34737492
0.0,0.76945925
0.0,0.99047804
0.0,0.52690405
1.0,0.94648767
0.0,0.01710701
0.0,0.04211253
0.0,0.29266366
0.0,0.0049180984
1.0,0.90988266
0.0,0.022557914
0.0,0.013729185
1.0,0.7755581
1.0,0.62080866
1.0,0.95521784
0.0,0.022913367
0.0,0.22917953
1.0,0.9397753
1.0,0.99172294
1.0,0.96407425
0.0,0.8659231
0.0,0.3502177
0.0,0.0009738207
1.0,0.1760509
1.0,0.9592287
0.0,0.021486014
0.0,0.5462822
1.0,0.7991018
1.0,0.98231745
0.0,0.025227666
1.0,0.9412543
1.0,0.8310715
0.0,0.18188345
1.0,0.6269933
0.0,0.053933352
0.0,0.057899565
0.0,0.7093706
0.0,0.030658513
1.0,0.93832165
0.0,0.16220737
1.0,0.79249036
1.0,0.8922166
1.0,0.60527813
0.0,0.030265152
0.0,0.6619292
1.0,0.74632454
0.0,0.004694164
1.0,0.892431
1.0,0.968066
0.0,0.9554229
0.0,0.20475867
1.0,0.6862444
1.0,0.9933176
0.0,0.013721585
1.0,0.6295956
1.0,0.7477141
1.0,0.931774
1.0,0.9958023
1.0,0.82921004
1.0,0.95942605
0.0,0.014998585
0.0,0.4231974
0.0,0.10102829
1.0,0.9697989
1.0,0.19648674
0.0,0.25085813
0.0,0.3445826
1.0,0.5628385
0.0,0.024151623
1.0,0.9868115
0.0,0.66447616
1.0,0.8147381
1.0,0.983208
0.0,0.29244047
1.0,0.18009758
0.0,0.12670416
1.0,0.99459755
1.0,0.8738588
1.0,0.072336495
0.0,0.08564636
0.0,0.064570904
1.0,0.77898794
0.0,0.11099601
1.0,0.9584398
0.0,0.021259755
0.0,0.6535377
0.0,0.11193022
0.0,0.22280928
0.0,0.045122236
0.0,0.47778392
0.0,0.38130352
1.0,0.97108424
1.0,0.5029575
0.0,0.030810833
1.0,0.98933506
1.0,0.7849699
0.0,0.95075303
0.0,0.8546686
0.0,0.21543437
0.0,0.03277743
0.0,0.06376135
0.0,0.087376356
1.0,0.54360086
1.0,0.9835366
0.0,0.028345823
0.0,0.0195373
0.0,0.88562095
0.0,0.9628473
0.0,0.32988837
1.0,0.94646716
0.0,0.24603498
0.0,0.03898102
1.0,0.79527295
1.0,0.9423901
0.0,0.44330806
0.0,0.37707278
0.0,0.07709062
1.0,0.88688827
1.0,0.95100766
0.0,0.063893646
0.0,0.04537633
0.0,0.01422295
0.0,0.016528845
0.0,0.010037541
1.0,0.97411865
1.0,0.7085259
1.0,0.14352462
0.0,0.0009819567
1.0,0.3397979
0.0,0.54996836
1.0,0.9965191
1.0,0.5572414
0.0,0.02785474
0.0,0.0031585097
0.0,0.006880522
0.0,0.452212
0.0,0.9327488
1.0,0.99117184
0.0,0.74831414
0.0,0.5838864
0.0,0.03211677
0.0,0.004813403
0.0,0.06963396
0.0,0.09353611
0.0,0.29358476
1.0,0.7895795
1.0,0.98327214
0.0,0.013684422
0.0,0.5279504
0.0,0.50956696
0.0,0.09093782
1.0,0.97705597
0.0,0.042135835
0.0,0.122573614
1.0,0.85404503
0.0,0.79463005
0.0,0.015732586
0.0,0.082235634
0.0,0.018695712
1.0,0.98111427
1.0,0.9774337
0.0,0.024336517
1.0,0.46030027
1.0,0.9681269
1.0,0.953754
0.0,0.1257284
0.0,0.30145854
1.0,0.91016597
1.0,0.97691727
0.0,0.019881368
1.0,0.9942658
0.0,0.023823768
1.0,0.96081734
1.0,0.95055676
1.0,0.69683886
0.0,0.080920845
1.0,0.71310425
1.0,0.3465592
0.0,0.04426846
0.0,0.10050532
0.0,0.97226256
0.0,0.17881227
0.0,0.028451294
0.0,0.008537799
1.0,0.9870306
0.0,0.81142706
0.0,0.16458246
0.0,0.54633224
0.0,0.017689407
0.0,0.119668275
0.0,0.027331173
1.0,0.955726
0.0,0.044834852
0.0,0.08108294
0.0,0.53281534
1.0,0.79699564
1.0,0.8875172
1.0,0.9146853
1.0,0.919219
0.0,0.023803324
0.0,0.051389396
0.0,0.06545159
0.0,0.12882316
0.0,0.79417324
0.0,0.043525457
1.0,0.8724951
0.0,0.5208152
1.0,0.4389408
1.0,0.13081348
1.0,0.7996121
0.0,0.020276338
0.0,0.021771103
0.0,0.007152617
0.0,0.033908963
1.0,0.9514233
1.0,0.8467921
1.0,0.37472838
1.0,0.9242604
1.0,0.98806417
0.0,0.11417422
0.0,0.031265467
0.0,0.9092406
0.0,0.025132656
1.0,0.9614934
0.0,0.01567015
0.0,0.7294064
1.0,0.9694953
1.0,0.47411835
0.0,0.042170614
0.0,0.2567801
0.0,0.26038906
0.0,0.3520924
1.0,0.90435934
0.0,0.94323933
0.0,0.7334535
1.0,0.9931661
0.0,0.17772892
1.0,0.9867989
1.0,0.9694418
0.0,0.009144545
0.0,0.7714344
0.0,0.05760786
0.0,0.08550641
1.0,0.7200651
0.0,0.04878491
0.0,0.2595557
0.0,0.916906
0.0,0.030903101
1.0,0.955158
1.0,0.14809173
1.0,0.7456997
1.0,0.84403896
0.0,0.73587066
0.0,0.026806265
1.0,0.9260622
0.0,0.077858716
1.0,0.66811776
0.0,0.0991472
1.0,0.63894963
1.0,0.96898663
0.0,0.5247665
0.0,0.31905633
0.0,0.57877624
0.0,0.017571718
0.0,0.035829306
0.0,0.051965475
1.0,0.8560195
0.0,0.08162406
0.0,0.20517254
0.0,0.5402396
0.0,0.03244987
0.0,0.039779544
0.0,0.0039093494
0.0,0.12770268
0.0,0.005636215
0.0,0.04126805
0.0,0.038033187
0.0,0.29114377
0.0,0.01424095
1.0,0.54437923
0.0,0.33721387
1.0,0.9678199
0.0,0.024015397
0.0,0.011396229
1.0,0.8168849
0.0,0.01270017
1.0,0.988462
0.0,0.30904454
1.0,0.8926526
0.0,0.58297473
0.0,0.17467949
1.0,0.8754156
1.0,0.36499283
0.0,0.032073528
0.0,0.032191724
0.0,0.0029079616
0.0,0.005662501
0.0,0.0018638074
0.0,0.6756425
1.0,0.97856843
1.0,0.86327124
0.0,0.20505375
0.0,0.050619036
1.0,0.8750322
1.0,0.93875384
1.0,0.6803115
0.0,0.0047035515
1.0,0.18753868
0.0,0.25696784
1.0,0.5103747
0.0,0.00062185526
1.0,0.7932601
0.0,0.031192094
0.0,0.21310264
0.0,0.6384491
0.0,0.8099317
1.0,0.9535825
0.0,0.029482365
0.0,0.06343436
1.0,0.96878743
0.0,0.011869967
0.0,0.8173797
0.0,0.49217337
1.0,0.9852052
0.0,0.27476218
0.0,0.043525487
0.0,0.9762793
1.0,0.75661075
0.0,0.0039512217
0.0,0.8114246
0.0,0.012705535
1.0,0.6151512
0.0,0.08670387
1.0,0.9799593
0.0,0.45296383
1.0,0.75158334
1.0,0.98069245
0.0,0.90917635
1.0,0.9703457
1.0,0.98881346
0.0,0.02721724
0.0,0.825922
0.0,0.05085668
1.0,0.9911463
0.0,0.18102747
1.0,0.89261925
1.0,0.57741976
0.0,0.081347376
1.0,0.9746634
0.0,0.5626065
1.0,0.70732725
0.0,0.62813586
1.0,0.6723034
0.0,0.71739644
1.0,0.011048347
0.0,0.119282156
0.0,0.025568634
0.0,0.0077643692
0.0,0.0073061287
0.0,0.07506207
0.0,0.006008506
0.0,0.0049756467
0.0,0.20186496
0.0,0.07503787
0.0,0.7758415
0.0,0.4100712
0.0,0.01911363
1.0,0.85869473
1.0,0.2558416
0.0,0.82198817
1.0,0.024895698
0.0,0.10367072
0.0,0.32267773
0.0,0.6040314
0.0,0.21283412
0.0,0.018893033
0.0,0.21639794
1.0,0.8918909
0.0,0.013241261
0.0,0.052164108
1.0,0.03343168
0.0,0.0050124824
1.0,0.83654535
0.0,0.07665479
0.0,0.08257237
1.0,0.3607254
0.0,0.042025775
1.0,0.9146723
0.0,0.01220113
0.0,0.0018466413
0.0,0.014269948
1.0,0.9813664
0.0,0.09223786
1.0,0.86307573
1.0,0.83367133
0.0,0.9943613
0.0,0.005733758
1.0,0.053551078
0.0,0.060605735
0.0,0.15178105
0.0,0.7129832
0.0,0.002200842
0.0,0.78846693
0.0,0.9253615
1.0,0.16606537
0.0,0.049226016
1.0,0.9636073
0.0,0.012642741
0.0,0.0051158965
0.0,0.01636079
1.0,0.81987834
1.0,0.92102027
0.0,0.26283962
0.0,0.6855571
0.0,0.0049028993
0.0,0.057422638
0.0,0.22097456
0.0,0.01040256
0.0,0.006801218
1.0,0.18208629
1.0,0.95625854
0.0,0.023843706
0.0,0.8959298
1.0,0.8246844
0.0,0.007416576
1.0,0.9472521
0.0,0.008350849
0.0,0.061386913
1.0,0.96269333
0.0,0.79856545
1.0,0.8745725
1.0,0.96660715
1.0,0.977919
0.0,0.5088973
0.0,0.08682886
0.0,0.8406155
1.0,0.975405
0.0,0.10888168
1.0,0.86751205
0.0,0.09505957
0.0,0.027684242
0.0,0.66514575
1.0,0.9426484
0.0,0.06913373
0.0,0.06575489
0.0,0.29528093
1.0,0.03545952
1.0,0.9962516
0.0,0.08525899
0.0,0.008728623
1.0,0.94860005
1.0,0.8657884
1.0,0.8030062
1.0,0.47828564
0.0,0.027693719
1.0,0.8694103
0.0,0.087947875
0.0,0.13926733
0.0,0.030872017
1.0,0.8522819
0.0,0.07394719
0.0,0.034328878
0.0,0.011315703
1.0,0.7447463
0.0,0.12964088
1.0,0.77055335
1.0,0.9879658
0.0,0.057127714
1.0,0.6535263
0.0,0.075405836
1.0,0.72978306
0.0,0.6358392
0.0,0.0342319
0.0,0.09235448
0.0,0.08845115
1.0,0.98523897
0.0,0.18347418
0.0,0.14826265
0.0,0.8059566
1.0,0.99772245
1.0,0.97008634
0.0,0.025770426
1.0,0.9901726
1.0,0.98034203
1.0,0.9970538
1.0,0.5000347
0.0,0.6188824
1.0,0.89440286
0.0,0.079077125
0.0,0.8382214
1.0,0.6246364
0.0,0.13765189
0.0,0.107055694
0.0,0.386259
1.0,0.7174485
0.0,0.3945456
0.0,0.34450263
1.0,0.9766985
0.0,0.016520113
1.0,0.85942364
0.0,0.023013204
0.0,0.6602408
1.0,0.840258
1.0,0.8959032
0.0,0.0018868148
1.0,0.9460747
1.0,0.97859913
0.0,0.8601733
0.0,0.44406953
1.0,0.790356
0.0,0.45055142
1.0,0.9902957
0.0,0.027869374
0.0,0.075200975
1.0,0.73285115
1.0,0.6560573
0.0,0.16602087
1.0,0.71095616
0.0,0.14076322
0.0,0.02599901
1.0,0.98659396
0.0,0.32931933
0.0,0.4268901
0.0,0.043821305
1.0,0.8195995
0.0,0.22082472
0.0,0.058904946
1.0,0.89101934
1.0,0.8917891
0.0,0.05997604
0.0,0.2893362
0.0,0.023288697
1.0,0.6349535
0.0,0.71579146
0.0,0.015998572
0.0,0.030014455
0.0,0.045311183
0.0,0.035017878
1.0,0.24033782
0.0,0.175394
0.0,0.0016387403
0.0,0.09731439
1.0,0.95121956
1.0,0.9870678
1.0,0.76230323
0.0,0.9191053
0.0,0.016769111
0.0,0.9729421
1.0,0.9923431
0.0,0.08040193
1.0,0.9699116
0.0,0.013192654
1.0,0.9567039
0.0,0.17965972
1.0,0.95213664
0.0,0.92543066
1.0,0.89247584
0.0,0.41892564
0.0,0.35820925
1.0,0.61470914
1.0,0.9880888
1.0,0.96488607
0.0,0.32746267
1.0,0.9329811
1.0,0.62510645
1.0,0.445909
0.0,0.0058151186
1.0,0.85385406
0.0,0.06806159
0.0,0.95825267
1.0,0.6755657
0.0,0.26118797
0.0,0.025049806
0.0,0.08983153
0.0,0.056174934
0.0,0.32225984
1.0,0.889822
1.0,0.8727368
0.0,0.5619376
0.0,0.8282576
0.0,0.014264017
1.0,0.9912587
0.0,0.7468984
0.0,0.1658096
0.0,0.023624748
0.0,0.016097337
0.0,0.09198651
0.0,0.88039076
1.0,0.98368555
1.0,0.9941777
1.0,0.56935227
0.0,0.30109614
0.0,0.012671024
0.0,0.0068354905
0.0,0.065956295
0.0,0.08095738
1.0,0.9682107
0.0,0.021537274
0.0,0.2142885
1.0,0.989928
0.0,0.17363158
1.0,0.23694426
1.0,0.71325874
0.0,0.33813974
0.0,0.012011528
0.0,0.11293903
1.0,0.6231511
0.0,0.33691812
0.0,0.025329173
1.0,0.8727066
1.0,0.5250066
0.0,0.021002442
0.0,0.26183957
0.0,0.8757876
0.0,0.015530497
0.0,0.164085
1.0,0.19438845
1.0,0.9476981
0.0,0.07949379
0.0,0.0011080801
0.0,0.74700356
0.0,0.22478828
1.0,0.9655874
0.0,0.30606958
1.0,0.97729397
0.0,0.071700305
1.0,0.9938035
0.0,0.0071997046
1.0,0.9023499
1.0,0.7595592
0.0,0.041073143
0.0,0.21256942
0.0,0.008087784
0.0,0.20115548
1.0,0.67585236
1.0,0.08436635
1.0,0.34332037
1.0,0.31788477
1.0,0.874631
0.0,0.0026711822
1.0,0.8452705
1.0,0.8563031
0.0,0.026689887
0.0,0.028598279
0.0,0.021135181
1.0,0.7991466
1.0,0.994228
0.0,0.73971367
0.0,0.01621756
1.0,0.8695457
0.0,0.005228132
0.0,0.053630114
1.0,0.9867729
0.0,0.80492866
0.0,0.084406614
1.0,0.26493162
1.0,0.8590863
0.0,0.019833982
0.0,0.095501155
0.0,0.20637593
1.0,0.92585564
1.0,0.9696992
0.0,0.79650503
0.0,0.1809611
1.0,0.9473473
1.0,0.87952137
0.0,0.012084335
0.0,0.22539148
0.0,0.09987149
1.0,0.50399804
1.0,0.7375212
0.0,0.056637436
0.0,0.060474277
1.0,0.9562863
0.0,0.052166104
0.0,0.08060303
0.0,0.09906635
0.0,0.83764887
1.0,0.9003194
0.0,0.87076974
0.0,0.13118604
0.0,0.835704
0.0,0.45934415
0.0,0.22017479
1.0,0.78994584
1.0,0.8779402
0.0,0.19905877
1.0,0.99095047
0.0,0.11224267
1.0,0.9823202
1.0,0.3164569
1.0,0.91543615
0.0,0.008143425
0.0,0.8389047
0.0,0.021398962
1.0,0.9851228
0.0,0.008237839
1.0,0.9554518
0.0,0.13705832
0.0,0.023406267
1.0,0.38938498
1.0,0.97622836
0.0,0.015357524
1.0,0.9369112
0.0,0.11496943
1.0,0.97803116
0.0,0.010794222
1.0,0.7542472
1.0,0.24058574
0.0,0.23539388
0.0,0.1784325
0.0,0.048570126
0.0,0.00691393
0.0,0.028513044
0.0,0.85064864
0.0,0.11463255
0.0,0.029637784
0.0,0.9558499
0.0,0.020014018
1.0,0.9453099
0.0,0.262609
0.0,0.4502958
1.0,0.994959
0.0,0.03963265
1.0,0.9965066
0.0,0.0127851665
1.0,0.9889128
0.0,0.017937422
0.0,0.13064256
1.0,0.99232876
0.0,0.088719994
0.0,0.013724685
0.0,0.10155639
1.0,0.9900749
1.0,0.6502837
0.0,0.0075041056
1.0,0.92527413
1.0,0.4391905
1.0,0.96525383
0.0,0.7093612
1.0,0.6319269
1.0,0.8935505
0.0,0.5212387
1.0,0.36880392
1.0,0.70812076
0.0,0.034545124
0.0,0.02708444
0.0,0.043203652
0.0,0.06393692
0.0,0.045415282
0.0,0.12700629
0.0,0.08584118
0.0,0.0023820698
1.0,0.9110744
0.0,0.10681
0.0,0.016562164
0.0,0.013365537
0.0,0.12896776
1.0,0.6935886
0.0,0.010023922
1.0,0.91284853
0.0,0.69564086
0.0,0.0391694
1.0,0.41339117
1.0,0.8523613
0.0,0.096844256
0.0,0.049559474
1.0,0.9787991
0.0,0.9062326
0.0,0.23786184
1.0,0.9158572
1.0,0.72844243
1.0,0.82295096
1.0,0.94617605
0.0,0.16878375
0.0,0.020751655
1.0,0.6834806
0.0,0.02211091
0.0,0.002835393
1.0,0.9869002
1.0,0.69825345
1.0,0.99196637
0.0,0.044725537
1.0,0.5108734
1.0,0.93711483
1.0,0.9061354
0.0,0.024145931
0.0,0.038169414
1.0,0.2196272
0.0,0.09257662
0.0,0.70584106
0.0,0.17325118
1.0,0.9740385
0.0,0.024897456
0.0,0.040296018
0.0,0.107620925
0.0,0.77959067
0.0,0.0638921
0.0,0.0034571886
0.0,0.87728745
1.0,0.9784566
0.0,0.050629973
1.0,0.9284042
0.0,0.03258899
0.0,0.3168412
0.0,0.8837382
1.0,0.016284347
0.0,0.66505575
0.0,0.03197649
0.0,0.0304237
0.0,0.41612783
0.0,0.13568544
1.0,0.970704
0.0,0.46344283
1.0,0.9517562
0.0,0.10009122
0.0,0.09442544
0.0,0.024948806
0.0,0.8354739
0.0,0.17482457
0.0,0.43707177
0.0,0.28848702
0.0,0.04400313
1.0,0.93677497
0.0,0.044570982
1.0,0.8251939
1.0,0.8418608
0.0,0.07700047
0.0,0.056255996
1.0,0.94687057
0.0,0.049810916
1.0,0.8978636
1.0,0.8741108
0.0,0.025291383
1.0,0.26460707
0.0,0.022055268
1.0,0.94652766
0.0,0.26165503
0.0,0.19383115
1.0,0.789472
0.0,0.90847623
0.0,0.006385714
0.0,0.40949914
1.0,0.87632406
1.0,0.98603815
0.0,0.0099161565
0.0,0.1661031
1.0,0.2648094
0.0,0.88975453
1.0,0.79951334
0.0,0.1130245
1.0,0.3343833
0.0,0.88805175
0.0,0.054145128
0.0,0.7303302
0.0,0.045642495
0.0,0.10679695
1.0,0.049755514
0.0,0.4608894
1.0,0.8690386
0.0,0.011753589
1.0,0.66605806
0.0,0.008841902
0.0,0.0051085353
0.0,0.047686607
0.0,0.047617793
0.0,0.04948163
0.0,0.09124243
0.0,0.18376154
0.0,0.29142374
1.0,0.8961303
0.0,0.028162956
0.0,0.48619837
1.0,0.59012854
1.0,0.7570827
0.0,0.061863244
0.0,0.051591665
1.0,0.7903607
0.0,0.2063829
1.0,0.0458802
1.0,0.9037136
1.0,0.6716483
1.0,0.8489965
0.0,0.01742503
0.0,0.013414234
1.0,0.8140193
0.0,0.20210811
1.0,0.98234105
1.0,0.62535834
1.0,0.95190406
0.0,0.19170767
0.0,0.0062603652
0.0,0.1349262
0.0,0.02644682
1.0,0.8584727
1.0,0.92176163
0.0,0.19964057
0.0,0.1040642
0.0,0.2387147
0.0,0.05244863
1.0,0.07418093
1.0,0.8616872
1.0,0.85065436
0.0,0.90438116
1.0,0.5634483
1.0,0.7694162
1.0,0.91327477
1.0,0.9811219
0.0,0.5257406
0.0,0.77463627
0.0,0.7647805
0.0,0.12128019
1.0,0.91561973
1.0,0.99007887
1.0,0.9541545
1.0,0.9325211
0.0,0.24617368
0.0,0.016723782
0.0,0.15500218
0.0,0.18668962
1.0,0.90602887
0.0,0.052734464
0.0,0.020973504
0.0,0.07947928
0.0,0.01129213
1.0,0.67803776
1.0,0.8565661
1.0,0.96174634
0.0,0.17591903
0.0,0.6750508
1.0,0.8353305
1.0,0.98986137
0.0,0.050653636
1.0,0.9768202
0.0,0.6909983
1.0,0.9828123
1.0,0.9798689
1.0,0.65338385
0.0,0.12532723
0.0,0.18648195
1.0,0.96244705
0.0,0.50701165
0.0,0.32417879
1.0,0.9863751
0.0,0.03648582
0.0,0.029378891
0.0,0.11772829
1.0,0.80414057
0.0,0.71957934
0.0,0.44072354
1.0,0.86721736
0.0,0.6520284
0.0,0.053779125
0.0,0.04917243
0.0,0.373666
1.0,0.86829215
0.0,0.637714
0.0,0.013745606
0.0,0.008458942
1.0,0.8733519
0.0,0.14046612
0.0,0.014288366
1.0,0.7762561
0.0,0.3958321
0.0,0.03319025
1.0,0.9916446
1.0,0.49795014
0.0,0.0044170916
1.0,0.44303298
1.0,0.3704685
0.0,0.18677527
0.0,0.70943826
1.0,0.5024844
1.0,0.8193302
0.0,0.020303637
1.0,0.48373032
1.0,0.6661446
1.0,0.5888383
0.0,0.17416003
1.0,0.3173411
0.0,0.033366084
1.0,0.67905205
0.0,0.017784387
1.0,0.81961346
0.0,0.7837083
0.0,0.12023464
1.0,0.9141011
0.0,0.049021184
1.0,0.82927966
1.0,0.81454194
1.0,0.8613719
1.0,0.8451648
0.0,0.04346794
1.0,0.13447344
0.0,0.43897662
0.0,0.03221509
0.0,0.046466738
0.0,0.08158666
1.0,0.9787785
0.0,0.053967416
0.0,0.5484413
0.0,0.5554523
0.0,0.24853912
1.0,0.94780266
0.0,0.45511034
0.0,0.0038755834
0.0,0.03488204
0.0,0.20713624
1.0,0.7953322
0.0,0.022549123
1.0,0.91210485
1.0,0.98816204
0.0,0.6953267
0.0,0.019302785
0.0,0.053874195
1.0,0.9881675
0.0,0.08857003
1.0,0.040608585
1.0,0.7911804
1.0,0.9825294
0.0,0.8650217
0.0,0.15285102
0.0,0.0064581633
0.0,0.7920965
0.0,0.023676127
0.0,0.03934136
0.0,0.025194436
1.0,0.75693417
0.0,0.069931775
1.0,0.9667874
0.0,0.26364917
1.0,0.9458864
1.0,0.9637811
1.0,0.48198146
1.0,0.88832617
0.0,0.6042923
0.0,0.6054498
0.0,0.26944655
1.0,0.82759297
1.0,0.88180256
0.0,0.0115225315
1.0,0.61423945
1.0,0.97063255
1.0,0.96421796
1.0,0.9022987
0.0,0.8955372
0.0,0.08357102
1.0,0.90533483
0.0,0.041301757
0.0,0.6918234
1.0,0.9893299
0.0,0.013299078
0.0,0.8264076
0.0,0.19347644
0.0,0.0044709146
0.0,0.05358818
1.0,0.98463655
0.0,0.021277905
0.0,0.36427462
1.0,0.57477146
0.0,0.12882534
1.0,0.9672135
0.0,0.12870848
0.0,0.010730475
0.0,0.03870353
0.0,0.24411678
1.0,0.84974957
0.0,0.15351409
0.0,0.36568284
1.0,0.85752726
1.0,0.7666408
0.0,0.03154549
0.0,0.014782369
0.0,0.03964418
1.0,0.4238335
0.0,0.014481753
1.0,0.95713794
1.0,0.86002773
1.0,0.596008
1.0,0.8461853
1.0,0.8958657
0.0,0.9653992
1.0,0.91343975
1.0,0.9873156
0.0,0.013886809
0.0,0.023005992
0.0,0.044750214
1.0,0.9237547
0.0,0.019961327
0.0,0.023284405
0.0,0.1307778
1.0,0.9948883
0.0,0.16672245
1.0,0.960109
0.0,0.27435637
0.0,0.66766846
0.0,0.119757175
0.0,0.035253078
0.0,0.05291879
1.0,0.86402196
1.0,0.9896022
0.0,0.036514252
0.0,0.0802533
1.0,0.8997931
0.0,0.002021432
1.0,0.975011
0.0,0.027335674
0.0,0.014685988
0.0,0.04207328
1.0,0.9734648
1.0,0.7043616
0.0,0.025140703
0.0,0.20494622
1.0,0.6985395
0.0,0.10202867
0.0,0.08924067
1.0,0.9165163
1.0,0.99570894
1.0,0.97313225
0.0,0.08521697
1.0,0.79954976
1.0,0.9585751
0.0,0.31368786
0.0,0.05189848
0.0,0.029387176
0.0,0.037637442
0.0,0.009412497
0.0,0.23229012
1.0,0.7545775
1.0,0.9028189
0.0,0.07384929
0.0,0.05069673
0.0,0.23688191
0.0,0.14513382
1.0,0.94120127
0.0,0.89876825
0.0,0.03327304
0.0,0.6087055
0.0,0.91716874
1.0,0.33876097
0.0,0.009403408
0.0,0.6648247
1.0,0.9725369
0.0,0.4961933
0.0,0.52243775
0.0,0.03020513
0.0,0.010927767
1.0,0.8352419
1.0,0.94674873
0.0,0.1685549
0.0,0.9251815
0.0,0.0066907704
0.0,0.8320241
0.0,0.9725651
0.0,0.20448214
0.0,0.012316763
0.0,0.24077153
1.0,0.3015107
0.0,0.046939492
1.0,0.6776651
0.0,0.6991949
0.0,0.004932523
0.0,0.021210372
0.0,0.19816989
0.0,0.558499
0.0,0.19865483
1.0,0.97946405
0.0,0.02896443
0.0,0.49511138
0.0,0.12650597
1.0,0.8348465
1.0,0.9417373
0.0,0.013739556
0.0,0.40919495
0.0,0.026697457
1.0,0.9811951
1.0,0.85527396
1.0,0.97236216
0.0,0.21060589
1.0,0.9959738
0.0,0.114744276
0.0,0.0121867955
0.0,0.1053817
1.0,0.06421584
0.0,0.0058485866
0.0,0.042372674
1.0,0.9832005
1.0,0.20661634
0.0,0.06708282
1.0,0.9840193
0.0,0.03640169
1.0,0.73121744
0.0,0.15277687
1.0,0.68070674
0.0,0.9681088
0.0,0.20469323
1.0,0.8388772
0.0,0.006049603
0.0,0.08203238
0.0,0.045971453
0.0,0.059524655
0.0,0.15239131
0.0,0.039175898
1.0,0.7887322
1.0,0.73894656
0.0,0.4096226
0.0,0.020931423
0.0,0.016014695
0.0,0.5850655
1.0,0.96440375
0.0,0.02823177
0.0,0.2799701
0.0,0.9167794
0.0,0.23737606
0.0,0.0019095838
1.0,0.8930291
1.0,0.9685056
0.0,0.0066343844
0.0,0.022238731
0.0,0.14951017
0.0,0.031727612
1.0,0.47062784
0.0,0.6810496
0.0,0.1337815
0.0,0.01799488
1.0,0.55960184
0.0,0.019028991
0.0,0.25451195
1.0,0.98439246
0.0,0.045573443
0.0,0.27871847
1.0,0.6747869
1.0,0.6723949
1.0,0.868186
0.0,0.008640349
0.0,0.022607297
0.0,0.08715597
0.0,0.014248103
1.0,0.9369144
0.0,0.14435327
1.0,0.14128909
0.0,0.002714306
0.0,0.016432852
0.0,0.25294322
1.0,0.77852345
0.0,0.8962194
0.0,0.21272832
0.0,0.19418189
1.0,0.5039054
0.0,0.04532665
0.0,0.0887208
0.0,0.012301952
1.0,0.1722134
0.0,0.02344945
0.0,0.047615767
1.0,0.17843804
1.0,0.9860431
0.0,0.01711151
1.0,0.9878944
1.0,0.9868136
1.0,0.9208855
1.0,0.95417553
0.0,0.021118522
1.0,0.96506155
0.0,0.9931086
1.0,0.13685802
0.0,0.109917134
1.0,0.36079758
0.0,0.11804056
1.0,0.07948458
1.0,0.99614847
1.0,0.4977571
0.0,0.026648998
0.0,0.7075712
0.0,0.80651283
0.0,0.047664642
0.0,0.053753555
0.0,0.29221088
1.0,0.99162424
1.0,0.98571503
1.0,0.7933626
0.0,0.07300702
0.0,0.021554679
0.0,0.12321252
0.0,0.19141659
1.0,0.096075654
0.0,0.114932716
0.0,0.059002966
0.0,0.032967746
0.0,0.33800423
1.0,0.96801394
0.0,0.7547216
0.0,0.89352447
0.0,0.21818638
1.0,0.21841794
0.0,0.09367135
0.0,0.72642297
1.0,0.54864424
0.0,0.69492984
1.0,0.6191236
0.0,0.05064386
0.0,0.31885517
0.0,0.07705802
0.0,0.052363932
0.0,0.0018960238
1.0,0.92079175
0.0,0.05528596
0.0,0.08038247
1.0,0.97709304
1.0,0.8788055
0.0,0.28907388
1.0,0.023168683
0.0,0.6134654
0.0,0.11990592
1.0,0.9648001
0.0,0.0019179881
0.0,0.08926275
0.0,0.051209897
0.0,0.022075057
1.0,0.9762346
1.0,0.8905952
1.0,0.85882366
1.0,0.97783744
0.0,0.022832483
0.0,0.04849431
0.0,0.20094559
1.0,0.9618856
0.0,0.05717385
0.0,0.112834334
1.0,0.95260346
1.0,0.83179545
1.0,0.8904523
0.0,0.045675874
0.0,0.24751174
0.0,0.24067426
1.0,0.95725644
1.0,0.90210056
1.0,0.9654248
0.0,0.19456023
0.0,0.00083455443
0.0,0.005137652
1.0,0.8777983
1.0,0.53242254
0.0,0.48446232
1.0,0.9539968
1.0,0.5958057
1.0,0.84453166
1.0,0.37597877
0.0,0.34937477
0.0,0.21267608
1.0,0.3140146
1.0,0.6104166
0.0,0.053641587
0.0,0.07080406
0.0,0.0074788034
0.0,0.060788244
0.0,0.04392463
0.0,0.7534593
0.0,0.013016522
0.0,0.1748065
1.0,0.82864654
1.0,0.80915344
0.0,0.6161703
1.0,0.987972
0.0,0.008635014
1.0,0.8447505
0.0,0.31432563
1.0,0.96532905
0.0,0.004030019
0.0,0.031933755
0.0,0.012215614
0.0,0.460602
1.0,0.14108229
1.0,0.94217634
0.0,0.14951083
0.0,0.1764572
1.0,0.2764688
0.0,0.063016295
1.0,0.96443784
1.0,0.8657051
0.0,0.04298249
0.0,0.13392213
0.0,0.09058723
0.0,0.9847243
0.0,0.91470516
0.0,0.013976902
0.0,0.3215558
0.0,0.04907027
1.0,0.93450016
1.0,0.9860777
1.0,0.91487455
1.0,0.9198718
0.0,0.007212609
0.0,0.7643429
1.0,0.8813803
0.0,0.90663517
0.0,0.03176102
0.0,0.34463376
1.0,0.7451919
1.0,0.4113638
0.0,0.038704842
1.0,0.95566297
1.0,0.93080807
0.0,0.002334386
0.0,0.019455701
1.0,0.9711573
0.0,0.035773903
0.0,0.8023627
0.0,0.0071805716
0.0,0.15271008
1.0,0.43145365
0.0,0.021134287
0.0,0.05496317
0.0,0.53541404
1.0,0.32937354
0.0,0.016830802
0.0,0.062220663
1.0,0.97312343
0.0,0.008182973
0.0,0.2344358
0.0,0.9058467
1.0,0.9959921
1.0,0.62711537
1.0,0.38772506
0.0,0.30779958
0.0,0.4921771
1.0,0.28175807
0.0,0.011430681
0.0,0.020351052
0.0,0.7238414
0.0,0.053069174
1.0,0.64295936
0.0,0.16787142
0.0,0.81227183
1.0,0.81279606
0.0,0.044205576
0.0,0.02429381
0.0,0.48191446
0.0,0.22300118
1.0,0.8503814
1.0,0.97975636
0.0,0.84000826
1.0,0.77164245
0.0,0.013520122
0.0,0.06547496
0.0,0.0047412813
1.0,0.5231069
0.0,0.036749274
0.0,0.040337533
1.0,0.89559174
1.0,0.85584986
1.0,0.9579818
0.0,0.47374436
1.0,0.77023673
1.0,0.9759158
0.0,0.001642853
0.0,0.8685408
0.0,0.3619843
1.0,0.78848606
0.0,0.35074836
0.0,0.8685131
0.0,0.023260564
0.0,0.013782442
0.0,0.1566737
0.0,0.17572731
0.0,0.36132854
0.0,0.6435552
0.0,0.4749794
1.0,0.85662067
1.0,0.5112203
1.0,0.8557006
0.0,0.012621641
1.0,0.9893882
0.0,0.5162346
0.0,0.03147781
1.0,0.9609852
0.0,0.18936843
0.0,0.010818988
0.0,0.33328292
0.0,0.044528157
0.0,0.35499305
0.0,0.8789021
0.0,0.17791486
1.0,0.9178655
0.0,0.0037611425
0.0,0.009417325
0.0,0.018442154
1.0,0.98162496
1.0,0.9468638
0.0,0.6847903
1.0,0.5006292
0.0,0.03214845
1.0,0.27912766
0.0,0.13155702
0.0,0.040387034
1.0,0.2439684
0.0,0.008984268
0.0,0.018428743
1.0,0.7567262
0.0,0.1640282
1.0,0.028359711
0.0,0.6784868
0.0,0.020116895
1.0,0.950973
0.0,0.029304534
0.0,0.06564599
0.0,0.7573445
0.0,0.0182122
0.0,0.015655786
1.0,0.9477037
0.0,0.018680155
0.0,0.21769142
0.0,0.058130533
1.0,0.7818563
0.0,0.9771669
0.0,0.06659356
1.0,0.58681405
0.0,0.012016565
0.0,0.06106198
0.0,0.2328685
0.0,0.14009178
1.0,0.8617572
0.0,0.020455629
0.0,0.0031794012
0.0,0.007799536
0.0,0.01892966
0.0,0.51282454
1.0,0.9327688
1.0,0.83647233
0.0,0.032725006
1.0,0.8898084
0.0,0.064469755
0.0,0.026212454
0.0,0.030756295
0.0,0.22899911
1.0,0.97484726
0.0,0.03390929
0.0,0.044045568
0.0,0.55144036
0.0,0.083574265
0.0,0.26066393
0.0,0.011033803
0.0,0.0027157962
0.0,0.020841151
0.0,0.01697269
0.0,0.9381142
1.0,0.41693336
0.0,0.04182622
0.0,0.12268075
0.0,0.039578587
1.0,0.97984815
0.0,0.084708214
1.0,0.86586714
0.0,0.091549635
0.0,0.038864076
0.0,0.27155268
1.0,0.9615265
1.0,0.9914268
1.0,0.69929063
1.0,0.5582508
0.0,0.20156181
0.0,0.017420053
1.0,0.98808855
1.0,0.93850136
0.0,0.02832529
0.0,0.1257478
0.0,0.9071255
1.0,0.9646826
0.0,0.028006703
0.0,0.010876477
0.0,0.029532254
0.0,0.09386653
1.0,0.80127
1.0,0.88641953
0.0,0.0022675693
1.0,0.38796
0.0,0.071747065
0.0,0.013597071
0.0,0.013029277
0.0,0.22934097
0.0,0.03951314
1.0,0.8599404
0.0,0.0039688647
0.0,0.24697593
0.0,0.7277967
0.0,0.06794217
0.0,0.73113
1.0,0.95709705
0.0,0.044286013
0.0,0.017214447
1.0,0.935099
0.0,0.7392616
0.0,0.014254391
1.0,0.9930425
1.0,0.90033007
0.0,0.042253315
1.0,0.9442407
0.0,0.30460024
1.0,0.8962911
1.0,0.99695927
0.0,0.28386328
1.0,0.99055064
0.0,0.11115348
0.0,0.031241179
0.0,0.47836995
0.0,0.59631664
0.0,0.0828529
0.0,0.035703182
0.0,0.42556334
1.0,0.9638394
0.0,0.13778532
0.0,0.08881509
0.0,0.31566614
0.0,0.20219249
1.0,0.87153405
0.0,0.05055648
0.0,0.6960487
0.0,0.027777761
0.0,0.042749107
0.0,0.060801715
0.0,0.91427207
1.0,0.15750036
0.0,0.061939746
1.0,0.88694793
0.0,0.041543067
1.0,0.26100728
0.0,0.07174507
0.0,0.04755819
0.0,0.029766947
0.0,0.7129975
0.0,0.33130753
0.0,0.101748675
0.0,0.32457802
0.0,0.019612193
0.0,0.94894046
0.0,0.95295477
1.0,0.93032026
0.0,0.80894727
0.0,0.024321347
1.0,0.9927235
0.0,0.15139529
0.0,0.007445842
0.0,0.035018653
1.0,0.8731761
1.0,0.7296457
1.0,0.8442063
1.0,0.9533344
0.0,0.3308041
1.0,0.8283932
0.0,0.6137689
1.0,0.6319243
0.0,0.14036775
0.0,0.9494431
0.0,0.07511404
0.0,0.21132416
0.0,0.051353782
1.0,0.94725335
1.0,0.17594466
0.0,0.973324
1.0,0.7028463
0.0,0.006223768
1.0,0.9893466
0.0,0.033926576
0.0,0.028857231
0.0,0.9801618
0.0,0.63812304
0.0,0.09373635
0.0,0.015019387
1.0,0.9960618
0.0,0.0022731721
1.0,0.96899605
1.0,0.9320024
1.0,0.9791075
0.0,0.014795899
0.0,0.9735086
0.0,0.06438476
0.0,0.0882867
0.0,0.08876687
1.0,0.8028591
0.0,0.490532
0.0,0.13192621
0.0,0.11977664
0.0,0.018625319
0.0,0.020751923
0.0,0.19290319
0.0,0.71434283
0.0,0.01764062
0.0,0.099864006
1.0,0.9948046
0.0,0.11448458
0.0,0.020973563
0.0,0.027597815
0.0,0.027420074
1.0,0.8387573
0.0,0.42191246
1.0,0.988942
0.0,0.2921426
1.0,0.9942603
1.0,0.91997176
0.0,0.007716775
0.0,0.3054632
0.0,0.054555416
0.0,0.2942269
0.0,0.050120324
0.0,0.5407082
1.0,0.97332895
0.0,0.026672572
1.0,0.89147216
0.0,0.13988203
0.0,0.004059136
0.0,0.047644645
1.0,0.84798634
0.0,0.01463151
1.0,0.9938383
0.0,0.008416802
0.0,0.022515893
0.0,0.5595449
0.0,0.8063411
0.0,0.17797083
0.0,0.13891414
1.0,0.6702544
1.0,0.89717054
0.0,0.04350096
0.0,0.022760302
0.0,0.005789429
1.0,0.82332563
0.0,0.09663135
1.0,0.22196636
0.0,0.16100314
1.0,0.9379743
1.0,0.97387475
0.0,0.33361715
0.0,0.048802465
0.0,0.05709955
1.0,0.91457224
0.0,0.30435705
0.0,0.7424797
1.0,0.98949885
1.0,0.8205625
0.0,0.40374738
0.0,0.071085006
1.0,0.9303193
0.0,0.031477243
0.0,0.0077113807
0.0,0.043720603
1.0,0.88513434
0.0,0.0646351
0.0,0.13883927
1.0,0.9487821
1.0,0.65901995
0.0,0.44424945
0.0,0.03099516
0.0,0.041885972
1.0,0.97644645
1.0,0.98700964
1.0,0.62539846
0.0,0.2724177
0.0,0.03790793
0.0,0.11776629
0.0,0.003376454
1.0,0.951336
0.0,0.05103329
0.0,0.5842331
0.0,0.16628164
0.0,0.26780492
0.0,0.3014903
0.0,0.0070586503
0.0,0.3569618
0.0,0.07990587
0.0,0.031464815
1.0,0.4400671
1.0,0.86199564
0.0,0.82078373
0.0,0.5532596
1.0,0.0632287
0.0,0.034551203
1.0,0.9047537
0.0,0.056606144
0.0,0.0358347
1.0,0.98534083
1.0,0.9886468
0.0,0.8459761
0.0,0.31108642
1.0,0.4509289
0.0,0.19760305
0.0,0.32110208
0.0,0.9963317
0.0,0.029554605
1.0,0.91344786
1.0,0.38022742
0.0,0.6032277
0.0,0.009495556
0.0,0.05397442
1.0,0.90937006
0.0,0.08320621
1.0,0.5282301
0.0,0.09728837
1.0,0.8135905
1.0,0.93328005
0.0,0.62492883
1.0,0.3554797
0.0,0.747238
0.0,0.010264367
1.0,0.99389446
1.0,0.5241005
0.0,0.035940558
0.0,0.26391047
0.0,0.65709186
0.0,0.28282067
1.0,0.9549346
0.0,0.110711604
0.0,0.4208796
0.0,0.025075436
1.0,0.9206531
0.0,0.040257663
0.0,0.61657953
1.0,0.9624523
0.0,0.0028099418
0.0,0.6368237
0.0,0.3010844
1.0,0.45780963
0.0,0.080616474
1.0,0.9427447
0.0,0.0640555
1.0,0.5322593
1.0,0.6003034
1.0,0.98395616
1.0,0.9370277
0.0,0.0059432387
1.0,0.8999565
0.0,0.0065559447
1.0,0.9915637
1.0,0.79857206
0.0,0.58904356
1.0,0.90541995
0.0,0.01853773
1.0,0.23561776
1.0,0.31069553
0.0,0.03790775
0.0,0.9418307
1.0,0.99571997
1.0,0.91119576
0.0,0.31453192
0.0,0.5170984
0.0,0.0008802116
0.0,0.024777383
0.0,0.71901274
1.0,0.90123665
1.0,0.91568375
1.0,0.58902454
1.0,0.70340174
1.0,0.99182355
1.0,0.99247956
0.0,0.53024656
1.0,0.9721823
0.0,0.051342487
0.0,0.10149014
0.0,0.03790179
1.0,0.16327026
1.0,0.5957897
0.0,0.21895066
0.0,0.016752958
0.0,0.8134576
1.0,0.8694869
1.0,0.44609118
1.0,0.91707605
0.0,0.059523404
0.0,0.95141745
0.0,0.044709116
0.0,0.11325991
0.0,0.054294497
0.0,0.031493366
1.0,0.9898932
1.0,0.96480536
0.0,0.045631915
0.0,0.27554864
0.0,0.68659246
0.0,0.43223643
0.0,0.6013433
0.0,0.1789428
0.0,0.72542524
1.0,0.8495996
0.0,0.18862996
1.0,0.72470236
0.0,0.046725363
0.0,0.97844875
0.0,0.10976833
0.0,0.75280464
1.0,0.97606087
1.0,0.95206827
1.0,0.90791893
1.0,0.55094194
0.0,0.012414902
0.0,0.6670098
1.0,0.6341814
1.0,0.8180739
0.0,0.6884458
0.0,0.06589258
0.0,0.143922
1.0,0.6649427
0.0,0.009955198
1.0,0.097794175
0.0,0.030209094
0.0,0.107764244
0.0,0.04042697
0.0,0.088299334
0.0,0.25271678
0.0,0.03053248
0.0,0.2919822
1.0,0.968205
0.0,0.011013836
0.0,0.85957456
0.0,0.020304978
1.0,0.1673947
0.0,0.105861306
1.0,0.97987866
0.0,0.025670707
0.0,0.04925278
0.0,0.010322571
0.0,0.5115511
0.0,0.095359206
0.0,0.024081588
1.0,0.90085185
0.0,0.26869735
1.0,0.8569728
1.0,0.8870741
0.0,0.032788426
0.0,0.30389008
1.0,0.90863764
1.0,0.99668974
0.0,0.16926786
0.0,0.72452116
0.0,0.031187981
0.0,0.2726578
0.0,0.033583432
1.0,0.86536753
0.0,0.41914988
1.0,0.9072384
1.0,0.3617435
0.0,0.94678104
0.0,0.31759208
0.0,0.014213324
0.0,0.0060976148
0.0,0.5775664
0.0,0.018633991
0.0,0.045567065
0.0,0.8859476
1.0,0.77499
1.0,0.889998
0.0,0.108187556
0.0,0.07284504
0.0,0.71968204
1.0,0.86482793
0.0,0.015728444
0.0,0.045812517
1.0,0.61599946
1.0,0.983328
0.0,0.20048583
0.0,0.17317197
0.0,0.044006288
1.0,0.98104227
0.0,0.09075412
1.0,0.9563241
1.0,0.74713683
0.0,0.052238256
0.0,0.42922342
0.0,0.09806743
1.0,0.63019395
0.0,0.59004164
1.0,0.91398585
0.0,0.06782335
1.0,0.9478262
0.0,0.058359474
0.0,0.03848481
0.0,0.007850498
1.0,0.9939896
0.0,0.60689735
1.0,0.9938574
1.0,0.8459302
0.0,0.015485257
1.0,0.2593471
0.0,0.08613402
1.0,0.47867206
0.0,0.0014812648
1.0,0.98429364
0.0,0.008128494
1.0,0.88334453
1.0,0.9396676
1.0,0.9949395
0.0,0.05118826
1.0,0.9703571
1.0,0.23018628
0.0,0.10237321
1.0,0.945879
1.0,0.9170556
1.0,0.34051302
0.0,0.28112656
0.0,0.0703985
0.0,0.903067
0.0,0.23301233
