0.0,0.40525624
0.0,0.7741579
1.0,0.14724535
0.0,0.034759402
1.0,0.42641774
0.0,0.044088066
1.0,0.9018154
1.0,0.9305275
1.0,0.82669985
0.0,0.05784911
0.0,0.111275256
1.0,0.84699035
0.0,0.011539608
0.0,0.1585654
0.0,0.07871175
0.0,0.0019977093
1.0,0.5844068
0.0,0.025079042
0.0,0.007966548
1.0,0.50738066
1.0,0.7402278
0.0,0.031703025
1.0,0.88621163
0.0,0.17195609
0.0,0.051884472
1.0,0.7762661
0.0,0.073477834
1.0,0.76910985
0.0,0.011508077
1.0,0.7534519
0.0,0.023256391
0.0,0.11756775
1.0,0.91036797
1.0,0.95930076
1.0,0.9142448
1.0,0.9044522
1.0,0.7985107
0.0,0.014450669
1.0,0.8638638
1.0,0.039186478
1.0,0.88331735
1.0,0.91490406
0.0,0.022544801
1.0,0.9715274
1.0,0.8795619
0.0,0.018550992
0.0,0.006595403
0.0,0.19115329
0.0,0.02149102
1.0,0.95130146
0.0,0.17750823
1.0,0.7668022
1.0,0.973943
1.0,0.8390368
0.0,0.032155246
0.0,0.02179724
0.0,0.16004488
1.0,0.075960696
1.0,0.8567574
1.0,0.4490207
1.0,0.87696445
0.0,0.35398275
1.0,0.9656935
1.0,0.82021195
1.0,0.90661126
0.0,0.41341108
0.0,0.21200737
1.0,0.88735265
0.0,0.02171874
1.0,0.78481984
0.0,0.5073372
1.0,0.89657354
0.0,0.0020731091
0.0,0.030883789
1.0,0.3025179
0.0,0.21634606
0.0,0.009027809
0.0,0.28797507
0.0,0.004258245
1.0,0.8936008
0.0,0.025785804
1.0,0.96704924
1.0,0.89178574
1.0,0.9941352
1.0,0.9444814
1.0,0.79188794
1.0,0.9154322
0.0,0.12687102
0.0,0.029564828
1.0,0.74922043
0.0,0.013910651
1.0,0.121073455
0.0,0.07337797
0.0,0.7900336
0.0,0.23627785
1.0,0.90897787
0.0,0.021817595
0.0,0.018010765
1.0,0.7005352
1.0,0.9768076
0.0,0.017843276
0.0,0.056743413
1.0,0.02910608
0.0,0.02810195
0.0,0.09831032
1.0,0.79854834
1.0,0.066520214
0.0,0.023399264
1.0,0.051948786
1.0,0.93101835
1.0,0.866486
0.0,0.2709821
1.0,0.0532676
0.0,0.14086252
0.0,0.033301383
1.0,0.1816786
0.0,0.06437233
1.0,0.83693135
1.0,0.17284498
1.0,0.92093027
0.0,0.36796337
1.0,0.91517186
0.0,0.87553316
0.0,0.017957151
0.0,0.14425156
1.0,0.5273069
0.0,0.006145358
0.0,0.06396955
1.0,0.88086444
1.0,0.603594
1.0,0.9460844
0.0,0.035894364
0.0,0.015810758
1.0,0.71972543
1.0,0.9775121
0.0,0.83688515
0.0,0.010192066
0.0,0.025700092
0.0,0.118882895
0.0,0.019290566
1.0,0.82260275
0.0,0.10331145
1.0,0.04744792
0.0,0.02832979
0.0,0.058802992
0.0,0.0017316043
1.0,0.22642553
0.0,0.021953344
0.0,0.014648944
0.0,0.04027182
0.0,0.066264
0.0,0.024276555
0.0,0.009264559
0.0,0.9102782
0.0,0.058598638
1.0,0.91907376
0.0,0.01652649
0.0,0.026501507
1.0,0.9825021
0.0,0.19599307
0.0,0.24663603
0.0,0.19254607
0.0,0.023587346
0.0,0.079426944
1.0,0.9820213
0.0,0.15663314
1.0,0.7737953
0.0,0.14555621
0.0,0.035201132
1.0,0.78350556
0.0,0.9399234
0.0,0.9139692
0.0,0.88929266
0.0,0.0027956069
1.0,0.80049956
1.0,0.7393511
0.0,0.18802246
1.0,0.8523202
0.0,0.34979188
1.0,0.9087151
1.0,0.45156983
1.0,0.88264287
1.0,0.9154228
1.0,0.85038066
0.0,0.71542203
0.0,0.002665788
0.0,0.018849134
0.0,0.96758556
0.0,0.3253467
0.0,0.039133668
1.0,0.2854529
0.0,0.009859204
0.0,0.9017893
1.0,0.91714394
1.0,0.89986897
1.0,0.9026247
0.0,0.004953921
0.0,0.08114937
0.0,0.011835545
1.0,0.07018879
0.0,0.41382736
0.0,0.47482678
0.0,0.5436944
0.0,0.7426944
0.0,0.07374519
1.0,0.096877426
0.0,0.022571623
1.0,0.27297914
0.0,0.0030523837
0.0,0.062429786
0.0,0.013456821
1.0,0.9075181
0.0,0.48186412
0.0,0.21548444
0.0,0.01980862
0.0,0.009664625
0.0,0.8443144
0.0,0.16395068
1.0,0.98125815
0.0,0.012255073
0.0,0.012418836
1.0,0.6855414
1.0,0.8926522
0.0,0.47654045
0.0,0.039750695
0.0,0.011630654
0.0,0.11019662
0.0,0.30979252
0.0,0.07984769
1.0,0.9224864
0.0,0.023817569
1.0,0.16836756
0.0,0.014690846
1.0,0.7445661
1.0,0.5555406
0.0,0.051243007
0.0,0.04592356
0.0,0.092656344
1.0,0.64428496
1.0,0.66248375
1.0,0.92403734
1.0,0.5544411
0.0,0.010944068
0.0,0.81979644
1.0,0.9747981
0.0,0.50938267
0.0,0.009664416
0.0,0.009787738
0.0,0.2610305
0.0,0.041830122
0.0,0.018803298
0.0,0.17736223
1.0,0.70438075
0.0,0.026384354
0.0,0.4188246
0.0,0.00557214
1.0,0.8791876
1.0,0.926267
0.0,0.031599402
0.0,0.09781179
0.0,0.037899047
1.0,0.9425888
0.0,0.037162334
0.0,0.0058217645
0.0,0.027690798
0.0,0.013034642
1.0,0.96724427
1.0,0.94029415
1.0,0.9724545
0.0,0.014656454
1.0,0.90280026
0.0,0.021373302
0.0,0.026053607
0.0,0.31852514
1.0,0.72675145
1.0,0.72033733
0.0,0.01824537
0.0,0.02398917
1.0,0.920696
1.0,0.4617979
0.0,0.08809769
1.0,0.29242432
1.0,0.98371863
0.0,0.73663145
0.0,0.1766696
0.0,0.062324405
0.0,0.033118904
0.0,0.56782365
0.0,0.05520314
1.0,0.9694823
0.0,0.10046598
0.0,0.03318882
1.0,0.97573745
0.0,0.035059094
1.0,0.962337
1.0,0.08553144
1.0,0.7965254
1.0,0.8991598
1.0,0.71985877
0.0,0.06980264
1.0,0.8948922
0.0,0.67548543
1.0,0.9805018
0.0,0.6952629
0.0,0.21792972
0.0,0.0368948
0.0,0.19752535
0.0,0.28588456
1.0,0.9633492
0.0,0.8446938
1.0,0.7467997
0.0,0.82183456
1.0,0.8329596
1.0,0.98858964
0.0,0.016682684
0.0,0.006644398
0.0,0.03129831
1.0,0.91110706
1.0,0.07098219
0.0,0.0028066933
0.0,0.0021211803
0.0,0.009002477
0.0,0.048402727
1.0,0.92339885
1.0,0.7453947
0.0,0.076227665
0.0,0.091551244
1.0,0.750612
1.0,0.931293
1.0,0.81377083
0.0,0.057906568
0.0,0.7542217
0.0,0.0041285455
0.0,0.6132872
1.0,0.9567438
1.0,0.5027786
0.0,0.07478878
0.0,0.052066356
0.0,0.004047215
0.0,0.34703812
0.0,0.0050249994
0.0,0.30313465
1.0,0.3630991
0.0,0.14539036
0.0,0.025532156
0.0,0.026276678
0.0,0.9148676
0.0,0.49928075
0.0,0.076396555
0.0,0.004488051
1.0,0.5304631
0.0,0.008565038
1.0,0.7287852
0.0,0.007508427
0.0,0.13789484
0.0,0.21404296
0.0,0.004327208
0.0,0.91025347
1.0,0.35879254
1.0,0.8748852
0.0,0.8023135
1.0,0.28188872
0.0,0.009045303
0.0,0.53081363
0.0,0.16570085
0.0,0.813924
0.0,0.015696973
0.0,0.0016375184
1.0,0.4845011
0.0,0.031413585
1.0,0.94562227
0.0,0.21782982
1.0,0.28656763
0.0,0.15548292
1.0,0.10383275
1.0,0.8535471
1.0,0.95444095
0.0,0.010345608
0.0,0.031685412
1.0,0.9245956
0.0,0.030682057
0.0,0.03655061
1.0,0.040594608
1.0,0.96119714
0.0,0.6097259
1.0,0.8621667
1.0,0.9432261
0.0,0.80583215
0.0,0.046869546
0.0,0.24458194
0.0,0.017417341
0.0,0.008125454
0.0,0.43832472
1.0,0.9795956
0.0,0.19334343
1.0,0.8415935
1.0,0.3843713
0.0,0.04902917
0.0,0.049233437
0.0,0.69866323
1.0,0.9744237
1.0,0.7954315
1.0,0.28828478
0.0,0.08259189
1.0,0.95254016
1.0,0.8589895
0.0,0.0041080415
0.0,0.31194484
0.0,0.8316184
0.0,0.38209063
1.0,0.77096343
0.0,0.020704955
1.0,0.22476465
0.0,0.8249178
0.0,0.033323586
0.0,0.042066544
0.0,0.011551529
0.0,0.016563773
0.0,0.07345769
0.0,0.057016015
0.0,0.007909954
0.0,0.0506185
0.0,0.3048787
0.0,0.09311777
0.0,0.023830324
0.0,0.29502264
0.0,0.053721607
1.0,0.40523165
0.0,0.10542175
1.0,0.9688138
0.0,0.031391233
0.0,0.026031882
0.0,0.017837763
0.0,0.848091
0.0,0.21845722
0.0,0.129803
0.0,0.29594868
0.0,0.0025461912
0.0,0.0067549944
0.0,0.027956426
0.0,0.79993874
1.0,0.8463445
0.0,0.04842508
0.0,0.025837153
0.0,0.7248322
0.0,0.050514907
1.0,0.18046361
0.0,0.7090985
1.0,0.52460635
0.0,0.006368339
0.0,0.0612109
1.0,0.6830946
0.0,0.8704369
1.0,0.59538716
1.0,0.940627
1.0,0.8339815
1.0,0.9120685
0.0,0.034317106
1.0,0.61327934
0.0,0.030659795
0.0,0.031654328
0.0,0.09538746
1.0,0.962417
0.0,0.024721444
0.0,0.018337041
1.0,0.485446
1.0,0.9932727
0.0,0.08420771
0.0,0.0032705665
1.0,0.508969
0.0,0.025353938
1.0,0.66142046
0.0,0.39624238
0.0,0.48077753
1.0,0.8168647
0.0,0.87894696
0.0,0.002600968
1.0,0.14405373
0.0,0.20126852
1.0,0.9871081
0.0,0.016970307
1.0,0.32918066
1.0,0.7446863
1.0,0.66718304
1.0,0.97843087
0.0,0.5557739
0.0,0.047485292
1.0,0.69598156
0.0,0.0154899955
0.0,0.44020915
1.0,0.7963023
1.0,0.52648175
1.0,0.80560744
0.0,0.022693694
1.0,0.9626857
1.0,0.8131777
0.0,0.20571518
1.0,0.9312354
0.0,0.54619044
1.0,0.8616142
1.0,0.85226077
0.0,0.8088933
0.0,0.44690168
1.0,0.49268997
0.0,0.42922324
1.0,0.5922589
0.0,0.68607765
0.0,0.053387523
0.0,0.8455696
1.0,0.98661506
0.0,0.002690047
0.0,0.0059176385
0.0,0.75498426
1.0,0.36113012
0.0,0.07358813
0.0,0.019763947
0.0,0.09227392
0.0,0.70741385
1.0,0.6782526
1.0,0.9157723
0.0,0.083250344
0.0,0.2797559
0.0,0.32149118
0.0,0.23688453
0.0,0.14043787
1.0,0.72241557
0.0,0.016124845
1.0,0.93105
0.0,0.6946234
0.0,0.19179553
1.0,0.81687135
0.0,0.07596928
0.0,0.09222397
0.0,0.014634371
0.0,0.018585712
0.0,0.036468
0.0,0.005281955
0.0,0.020314276
0.0,0.0953809
1.0,0.90677947
1.0,0.978856
0.0,0.0031301081
0.0,0.036071837
1.0,0.96911955
0.0,0.01516816
1.0,0.8017031
0.0,0.46968734
0.0,0.018371701
1.0,0.9011558
0.0,0.23500502
1.0,0.3746908
0.0,0.5253901
1.0,0.49523416
0.0,0.027925879
0.0,0.03718251
0.0,0.6879172
1.0,0.95881104
0.0,0.0034124851
0.0,0.0794338
0.0,0.003731072
0.0,0.94363606
1.0,0.20380071
0.0,0.018118829
0.0,0.0036257505
1.0,0.9477649
1.0,0.08408368
0.0,0.15292877
1.0,0.5997738
0.0,0.07584834
0.0,0.5375088
1.0,0.90574944
1.0,0.8902192
0.0,0.028896451
1.0,0.9708653
1.0,0.9198456
0.0,0.03336075
0.0,0.07621169
0.0,0.06415257
1.0,0.061973423
0.0,0.0021022558
0.0,0.013177693
0.0,0.007919878
1.0,0.9581406
1.0,0.7875537
0.0,0.030627698
1.0,0.6423348
1.0,0.01789248
0.0,0.06499842
1.0,0.8918655
0.0,0.048093826
1.0,0.68144673
0.0,0.066568255
1.0,0.78476214
0.0,0.023769885
0.0,0.0132210255
1.0,0.79076076
0.0,0.020459265
1.0,0.8008969
0.0,0.13472262
0.0,0.07473165
0.0,0.022002429
1.0,0.8468907
0.0,0.16211805
1.0,0.27294588
0.0,0.004801035
1.0,0.8420919
1.0,0.6930605
0.0,0.007391572
1.0,0.9410596
1.0,0.91327745
1.0,0.26580772
1.0,0.8878545
0.0,0.1259461
0.0,0.016381532
0.0,0.8144191
1.0,0.9153743
1.0,0.30623546
0.0,0.07200524
0.0,0.039257884
0.0,0.31819296
1.0,0.8445507
0.0,0.61272883
1.0,0.027060628
1.0,0.96812725
0.0,0.19933605
0.0,0.007460922
1.0,0.8830466
0.0,0.4867167
1.0,0.9572357
0.0,0.88693976
0.0,0.03306508
0.0,0.014111161
1.0,0.35433698
0.0,0.08396152
1.0,0.9658827
0.0,0.058953315
1.0,0.5857071
0.0,0.44007888
0.0,0.27415437
1.0,0.073201776
1.0,0.6607807
1.0,0.5972005
1.0,0.6092506
0.0,0.05341932
0.0,0.081507176
0.0,0.74581105
0.0,0.0036818087
1.0,0.86839974
1.0,0.26507586
0.0,0.013266921
0.0,0.021086901
0.0,0.0061370432
1.0,0.9093809
0.0,0.006435901
0.0,0.040219605
0.0,0.0796853
0.0,0.27792716
0.0,0.02131468
0.0,0.18333668
1.0,0.4203593
0.0,0.6055908
1.0,0.27148885
0.0,0.07070142
0.0,0.56088567
1.0,0.82964885
1.0,0.89727294
1.0,0.8933803
0.0,0.03863156
0.0,0.11211857
1.0,0.26615512
0.0,0.0245561
0.0,0.007448405
0.0,0.42744654
1.0,0.8787807
0.0,0.09193742
0.0,0.022025764
1.0,0.97873616
0.0,0.22420189
1.0,0.98378265
1.0,0.78301513
1.0,0.9617419
0.0,0.010690391
1.0,0.91498715
1.0,0.47492504
0.0,0.1502271
1.0,0.106419265
0.0,0.016286314
0.0,0.15353802
0.0,0.040565312
0.0,0.013597816
1.0,0.7339709
1.0,0.77570146
1.0,0.97476685
1.0,0.90011245
1.0,0.89642787
0.0,0.41289055
0.0,0.91571665
1.0,0.935658
0.0,0.03656441
1.0,0.68741024
1.0,0.97798514
0.0,0.22465196
1.0,0.3631543
1.0,0.22551882
0.0,0.019619316
0.0,0.06519377
0.0,0.014171988
0.0,0.020062804
1.0,0.5689909
1.0,0.9463996
0.0,0.020240486
0.0,0.021279633
1.0,0.008592337
1.0,0.7896459
1.0,0.17516103
0.0,0.04518184
1.0,0.8486644
1.0,0.70963097
0.0,0.036307693
0.0,0.044035077
1.0,0.85918593
1.0,0.9837182
0.0,0.4161977
1.0,0.8031819
0.0,0.13727969
0.0,0.11129463
1.0,0.9254459
0.0,0.51918703
1.0,0.98827803
0.0,0.61294013
0.0,0.12419093
0.0,0.014793634
1.0,0.9062406
1.0,0.41612107
0.0,0.024865806
0.0,0.008563042
1.0,0.66070926
0.0,0.074099034
1.0,0.9694605
1.0,0.89669275
1.0,0.6888547
0.0,0.08316091
0.0,0.32994664
0.0,0.07242143
0.0,0.007155329
0.0,0.009614587
1.0,0.8706752
0.0,0.63366383
0.0,0.01444748
1.0,0.7464712
0.0,0.01474604
1.0,0.07817897
1.0,0.66991234
0.0,0.008015841
0.0,0.2720555
0.0,0.82106483
0.0,0.0051103234
0.0,0.01597929
0.0,0.050150007
0.0,0.020499676
0.0,0.85753703
1.0,0.70572203
1.0,0.9395137
0.0,0.63419724
0.0,0.59385157
0.0,0.017645746
0.0,0.09269062
0.0,0.012910455
1.0,0.03089112
0.0,0.02487281
0.0,0.001735717
1.0,0.9765994
1.0,0.2844845
0.0,0.039610833
0.0,0.95328677
0.0,0.0022402108
0.0,0.2557042
0.0,0.008719742
0.0,0.052381486
1.0,0.8274659
1.0,0.87465346
1.0,0.87716746
0.0,0.0052539706
1.0,0.8167262
1.0,0.9295108
0.0,0.50417686
0.0,0.0024123788
1.0,0.6066663
1.0,0.71001285
1.0,0.8949996
1.0,0.83593035
1.0,0.55449027
0.0,0.09041661
0.0,0.1489062
1.0,0.46833074
0.0,0.012177646
1.0,0.8795428
0.0,0.012776136
1.0,0.7470286
0.0,0.025016934
0.0,0.35798025
0.0,0.05425206
0.0,0.07383177
0.0,0.19721097
0.0,0.002677083
0.0,0.0039061308
0.0,0.0881314
0.0,0.5379207
0.0,0.010415763
0.0,0.0045487285
1.0,0.7592062
1.0,0.6176497
1.0,0.92960745
0.0,0.8163086
0.0,0.64727014
0.0,0.6869743
0.0,0.022618592
1.0,0.9750557
1.0,0.8279859
1.0,0.7829735
1.0,0.95560026
0.0,0.9168538
0.0,0.020330995
0.0,0.0015315413
1.0,0.60896134
0.0,0.021027923
1.0,0.00433594
1.0,0.8947012
0.0,0.11985791
0.0,0.0046323836
0.0,0.10237628
0.0,0.36324686
1.0,0.91060835
1.0,0.8526084
0.0,0.081187576
1.0,0.909639
1.0,0.9240697
0.0,0.17313403
0.0,0.073316365
1.0,0.85424244
0.0,0.009501755
0.0,0.022608459
0.0,0.01677683
0.0,0.47201312
0.0,0.007237166
1.0,0.35472387
0.0,0.095369786
0.0,0.6376808
1.0,0.99011505
1.0,0.9365173
0.0,0.6652537
0.0,0.32259506
1.0,0.8200455
0.0,0.09121212
0.0,0.0007125437
1.0,0.5868146
0.0,0.076726615
0.0,0.020524263
0.0,0.037929416
1.0,0.9377122
0.0,0.25940424
1.0,0.7828759
1.0,0.8174838
1.0,0.9869549
0.0,0.020353287
1.0,0.626602
0.0,0.023158163
1.0,0.91025287
0.0,0.26128718
1.0,0.9343578
0.0,0.032986373
0.0,0.023403287
1.0,0.8814298
0.0,0.01910296
0.0,0.007769227
1.0,0.41126055
1.0,0.82598746
1.0,0.19282773
1.0,0.6557214
1.0,0.7301883
1.0,0.90329874
1.0,0.5669627
0.0,0.0090735555
1.0,0.35834855
1.0,0.95336044
0.0,0.063538045
0.0,0.01954472
0.0,0.0018427074
1.0,0.46907642
0.0,0.015047342
0.0,0.421712
0.0,0.2946167
1.0,0.85605705
0.0,0.019236773
0.0,0.1580624
1.0,0.5826237
1.0,0.88250625
1.0,0.9346478
1.0,0.06656057
0.0,0.9437332
0.0,0.1549553
0.0,0.048949182
0.0,0.02561766
0.0,0.0067397654
0.0,0.06375936
0.0,0.027153999
1.0,0.14763832
1.0,0.91690594
0.0,0.01984632
1.0,0.5850789
0.0,0.016397834
0.0,0.018995225
1.0,0.97670245
0.0,0.089108676
0.0,0.9329454
0.0,0.004622042
0.0,0.65764004
0.0,0.27450085
0.0,0.026071846
0.0,0.88716984
1.0,0.6709004
0.0,0.062051028
0.0,0.6873615
1.0,0.7985029
0.0,0.013522267
1.0,0.71183145
0.0,0.05649838
0.0,0.013496965
0.0,0.01267761
0.0,0.395722
0.0,0.005469501
0.0,0.00894919
0.0,0.02346465
0.0,0.068740785
0.0,0.5214067
1.0,0.38724303
0.0,0.099380404
1.0,0.8906019
0.0,0.69471514
1.0,0.14199403
0.0,0.01506418
0.0,0.0112757385
0.0,0.24785966
1.0,0.9588815
1.0,0.10599789
1.0,0.14250615
0.0,0.051185936
0.0,0.735567
1.0,0.7345609
0.0,0.17990112
0.0,0.028848916
1.0,0.6792714
0.0,0.014046252
1.0,0.9561827
1.0,0.5601168
0.0,0.013188422
1.0,0.35223818
0.0,0.09329963
1.0,0.15523067
0.0,0.34283346
1.0,0.9824516
0.0,0.0014478564
0.0,0.9474195
0.0,0.03310433
0.0,0.06614053
0.0,0.007100314
0.0,0.10386258
0.0,0.038169295
1.0,0.9363303
0.0,0.050851464
0.0,0.0026820302
0.0,0.0012493134
0.0,0.1791248
0.0,0.15508604
1.0,0.70836174
0.0,0.31308976
0.0,0.061462313
1.0,0.56985253
0.0,0.17536092
1.0,0.9505893
0.0,0.7745277
1.0,0.45013085
1.0,0.89501345
0.0,0.010710478
1.0,0.9878514
0.0,0.5019927
0.0,0.062362492
0.0,0.05096665
0.0,0.09592959
1.0,0.60168195
1.0,0.9845458
0.0,0.064623624
0.0,0.052872986
1.0,0.96508366
0.0,0.051402092
1.0,0.72973657
1.0,0.0421938
1.0,0.7507547
0.0,0.26431602
1.0,0.63717973
0.0,0.1122393
1.0,0.8335356
1.0,0.22179261
0.0,0.5499588
0.0,0.84075665
0.0,0.031661093
0.0,0.45361415
1.0,0.58911157
1.0,0.934237
1.0,0.911788
0.0,0.021402657
0.0,0.0018874705
1.0,0.97113955
0.0,0.6931832
0.0,0.0012732148
0.0,0.01782471
1.0,0.5514338
0.0,0.48041546
0.0,0.014477849
0.0,0.08861631
0.0,0.06553757
1.0,0.7054629
1.0,0.97249025
0.0,0.3240502
0.0,0.0181894
0.0,0.0077834427
1.0,0.99045646
0.0,0.04468918
0.0,0.84938556
1.0,0.61720353
0.0,0.008176565
0.0,0.573394
1.0,0.95359135
0.0,0.05220121
1.0,0.32845235
1.0,0.07479927
0.0,0.096747965
0.0,0.022521734
0.0,0.005975336
0.0,0.01362735
1.0,0.92630076
1.0,0.9843977
1.0,0.97291625
1.0,0.34087282
0.0,0.83387136
0.0,0.06781575
1.0,0.8043609
1.0,0.95511717
0.0,0.20838329
0.0,0.03154695
1.0,0.30635655
0.0,0.0057197213
1.0,0.8199626
0.0,0.008177072
0.0,0.19110227
1.0,0.9117342
0.0,0.077536434
0.0,0.0047671497
0.0,0.055660695
0.0,0.045445412
0.0,0.38410214
1.0,0.24376476
0.0,0.028387368
1.0,0.91773856
0.0,0.3822152
1.0,0.72169846
0.0,0.10397062
1.0,0.73496187
1.0,0.9684899
1.0,0.98038304
0.0,0.8689562
0.0,0.014973164
1.0,0.33587757
0.0,0.016891211
0.0,0.08399582
1.0,0.8431026
1.0,0.33049783
0.0,0.05185479
1.0,0.9227073
1.0,0.93683183
0.0,0.826981
0.0,0.027761161
0.0,0.58851665
0.0,0.009252399
0.0,0.002869606
0.0,0.83986044
1.0,0.9811689
1.0,0.9822798
1.0,0.8347082
0.0,0.0020156503
0.0,0.005406797
0.0,0.034796864
0.0,0.013802916
0.0,0.021624953
0.0,0.06494209
1.0,0.8644532
1.0,0.9438087
1.0,0.22389993
0.0,0.13723418
0.0,0.02116263
1.0,0.85900325
0.0,0.30393177
0.0,0.8273433
1.0,0.67115796
0.0,0.5758637
0.0,0.83074105
1.0,0.6607498
0.0,0.0282771
1.0,0.68009657
1.0,0.8555284
0.0,0.6813466
0.0,0.008829266
1.0,0.9619805
0.0,0.005333394
0.0,0.47983968
1.0,0.82490456
1.0,0.82014126
1.0,0.58367497
1.0,0.88522816
0.0,0.9141102
0.0,0.08380154
0.0,0.019298643
1.0,0.23437068
0.0,0.9505037
1.0,0.5664046
0.0,0.6511763
1.0,0.72265923
1.0,0.32359284
0.0,0.107494
0.0,0.07500675
0.0,0.004031062
0.0,0.33462524
0.0,0.15045884
0.0,0.029658943
1.0,0.18138161
1.0,0.25283435
0.0,0.5056019
1.0,0.86731005
1.0,0.08458394
0.0,0.006459683
0.0,0.08857465
1.0,0.8052386
1.0,0.17433208
0.0,0.028474122
0.0,0.46989936
0.0,0.016153276
0.0,0.024889559
1.0,0.5161798
1.0,0.90913236
0.0,0.07609689
0.0,0.010736942
0.0,0.116998255
0.0,0.26505178
0.0,0.010516167
0.0,0.04622534
0.0,0.8734157
0.0,0.24037033
0.0,0.11436054
0.0,0.11963445
0.0,0.15562236
1.0,0.95784116
1.0,0.8990093
0.0,0.019127011
0.0,0.020349145
0.0,0.00083863735
0.0,0.009971291
0.0,0.54170567
0.0,0.2737707
0.0,0.01858589
0.0,0.8543552
1.0,0.9349338
1.0,0.977581
1.0,0.8910798
1.0,0.8761193
1.0,0.9440279
0.0,0.6673214
0.0,0.048414797
0.0,0.04517576
0.0,0.10258463
1.0,0.7930751
0.0,0.03558758
1.0,0.9640005
0.0,0.03176543
0.0,0.83449036
0.0,0.6430996
0.0,0.1044797
0.0,0.13756531
0.0,0.50151783
0.0,0.25777847
0.0,0.008833051
1.0,0.8839836
1.0,0.57953334
0.0,0.3594827
0.0,0.2534397
0.0,0.004488349
0.0,0.01212582
1.0,0.90705866
0.0,0.0078028142
1.0,0.23300242
0.0,0.017179012
1.0,0.40958336
0.0,0.005382389
0.0,0.21263745
1.0,0.9098324
0.0,0.01895538
1.0,0.8831944
0.0,0.052740097
0.0,0.1103881
0.0,0.35946345
0.0,0.0026055872
0.0,0.006796658
1.0,0.88004255
1.0,0.9737123
0.0,0.40713382
0.0,0.028257668
0.0,0.016197711
0.0,0.31746948
1.0,0.7730586
0.0,0.20376936
1.0,0.40294316
1.0,0.76990384
0.0,0.894464
0.0,0.034164637
0.0,0.09236047
0.0,0.21538019
0.0,0.016198635
0.0,0.07160488
0.0,0.03847626
0.0,0.8613355
0.0,0.35933268
1.0,0.8898893
0.0,0.95425
0.0,0.02147609
1.0,0.87293416
0.0,0.02603364
0.0,0.08328912
0.0,0.005381763
0.0,0.032016844
1.0,0.08879763
1.0,0.89457154
1.0,0.40403825
0.0,0.017975956
0.0,0.006718993
0.0,0.028538138
0.0,0.898144
0.0,0.21547222
0.0,0.6494099
1.0,0.979007
1.0,0.78378826
1.0,0.9470098
0.0,0.026217163
1.0,0.98710406
1.0,0.528931
0.0,0.020346463
1.0,0.8603884
0.0,0.033761322
0.0,0.053150505
0.0,0.60730606
1.0,0.96702915
1.0,0.89656657
1.0,0.7024097
0.0,0.90518594
0.0,0.41914004
0.0,0.007784039
1.0,0.9485994
1.0,0.9655032
1.0,0.9328204
1.0,0.84432936
0.0,0.08913395
0.0,0.020144552
0.0,0.033149898
0.0,0.1904833
1.0,0.9108082
0.0,0.020932734
0.0,0.16662809
0.0,0.070840955
1.0,0.18767375
0.0,0.262789
0.0,0.0919171
0.0,0.057667494
0.0,0.7258808
0.0,0.08110067
0.0,0.08700967
0.0,0.010452032
0.0,0.12165114
0.0,0.006020695
1.0,0.9399446
1.0,0.11316699
0.0,0.57506025
0.0,0.9533297
0.0,0.33528185
1.0,0.8526355
0.0,0.014908761
0.0,0.055072546
0.0,0.57732797
0.0,0.010849297
1.0,0.96248525
0.0,0.019714504
0.0,0.028716296
1.0,0.24013105
1.0,0.8782638
1.0,0.933676
0.0,0.023937821
0.0,0.12780344
1.0,0.83468586
1.0,0.9478935
1.0,0.9599049
0.0,0.84524596
0.0,0.26786235
0.0,0.0060180128
1.0,0.0428648
1.0,0.98427933
0.0,0.015149057
0.0,0.71781504
1.0,0.7755549
1.0,0.97520137
0.0,0.016952544
1.0,0.8241326
1.0,0.43707305
0.0,0.11209348
1.0,0.48577607
0.0,0.07892814
0.0,0.020052582
0.0,0.4650688
0.0,0.019373417
1.0,0.8357948
0.0,0.19441164
1.0,0.7710707
1.0,0.64152884
1.0,0.49615705
0.0,0.0049414933
0.0,0.78447783
1.0,0.5681762
0.0,0.019035071
1.0,0.76096785
1.0,0.9507217
0.0,0.89037853
0.0,0.09639105
1.0,0.16160476
1.0,0.9837973
0.0,0.013965815
1.0,0.6790399
1.0,0.31348696
1.0,0.84366405
1.0,0.95531845
1.0,0.84840816
1.0,0.910445
0.0,0.060635865
0.0,0.6624477
0.0,0.09500429
1.0,0.96610206
1.0,0.28556037
0.0,0.3276979
0.0,0.042638898
1.0,0.54508746
0.0,0.004945904
1.0,0.9300828
0.0,0.650145
1.0,0.46470624
1.0,0.8585412
0.0,0.12319705
1.0,0.46292406
0.0,0.14212394
1.0,0.9845486
1.0,0.87891185
1.0,0.08934674
0.0,0.0447267
0.0,0.013179213
1.0,0.63097376
0.0,0.12496635
1.0,0.93270105
0.0,0.012306601
0.0,0.18554428
0.0,0.05071321
0.0,0.16454831
0.0,0.008918971
0.0,0.36815572
0.0,0.26423585
1.0,0.859967
1.0,0.19961795
0.0,0.032039464
1.0,0.96927273
1.0,0.8494462
0.0,0.72262204
0.0,0.76484835
0.0,0.09273118
0.0,0.21186176
0.0,0.09140676
0.0,0.17427167
1.0,0.26197135
1.0,0.9763982
0.0,0.026428103
0.0,0.006776482
0.0,0.8129678
0.0,0.86577773
0.0,0.42907506
1.0,0.83597267
0.0,0.28822708
0.0,0.009879172
1.0,0.62751234
1.0,0.85819596
0.0,0.055503666
0.0,0.13568804
0.0,0.009021848
1.0,0.5235499
1.0,0.9318137
0.0,0.029736996
0.0,0.022577792
0.0,0.017780393
0.0,0.12937701
0.0,0.0025563538
1.0,0.89724994
1.0,0.79711366
1.0,0.27580285
0.0,0.0014688671
1.0,0.29378223
0.0,0.5425652
1.0,0.9899675
1.0,0.41862267
0.0,0.016082883
0.0,0.005778283
0.0,0.03997183
0.0,0.31760153
0.0,0.8697222
1.0,0.97797585
0.0,0.7127861
0.0,0.37720725
0.0,0.017272592
0.0,0.0028458536
0.0,0.04487264
0.0,0.09998432
0.0,0.17638841
1.0,0.7935707
1.0,0.9332683
0.0,0.0059960485
0.0,0.4966545
0.0,0.4421854
0.0,0.036111355
1.0,0.9616812
0.0,0.075279266
0.0,0.14879647
1.0,0.76914275
0.0,0.795242
0.0,0.06016302
0.0,0.061828405
0.0,0.020063102
1.0,0.92241967
1.0,0.9039731
0.0,0.046869546
1.0,0.3807401
1.0,0.9488195
1.0,0.9323815
0.0,0.5376695
0.0,0.46398124
1.0,0.88624537
1.0,0.94870174
0.0,0.016174674
1.0,0.9599676
0.0,0.012451351
1.0,0.8795645
1.0,0.88596106
1.0,0.14921147
0.0,0.022348344
1.0,0.57122326
1.0,0.5747321
0.0,0.08362633
0.0,0.027436018
0.0,0.96424985
0.0,0.11118701
0.0,0.017394602
0.0,0.008110613
1.0,0.9178
0.0,0.19616023
0.0,0.035138607
0.0,0.30396456
0.0,0.014202565
0.0,0.026627064
0.0,0.09774414
1.0,0.6902366
0.0,0.02075398
0.0,0.018981606
0.0,0.41035512
1.0,0.8700915
1.0,0.8866448
1.0,0.90502036
1.0,0.932025
0.0,0.021886468
0.0,0.0355393
0.0,0.0261769
0.0,0.04459992
0.0,0.833145
0.0,0.08961567
1.0,0.81632864
0.0,0.57064265
1.0,0.48346126
1.0,0.053399473
1.0,0.68234646
0.0,0.043671846
0.0,0.016329646
0.0,0.00578326
0.0,0.0037816167
1.0,0.77614033
1.0,0.8288388
1.0,0.7983732
1.0,0.82318294
1.0,0.91076505
0.0,0.020637691
0.0,0.10093552
0.0,0.8123292
0.0,0.029212564
1.0,0.9616432
0.0,0.02069071
0.0,0.70619166
1.0,0.9039521
1.0,0.45439258
0.0,0.025830775
0.0,0.14851356
0.0,0.10457736
0.0,0.29271358
1.0,0.7589081
0.0,0.9693532
0.0,0.38168153
1.0,0.9843429
0.0,0.6550782
1.0,0.9513885
1.0,0.87364006
0.0,0.0039271414
0.0,0.72086203
0.0,0.015529126
0.0,0.021697342
1.0,0.8028667
0.0,0.048465222
0.0,0.43906832
0.0,0.66389894
0.0,0.0156824
1.0,0.95147514
1.0,0.14967787
1.0,0.5791406
1.0,0.8965719
0.0,0.40191472
0.0,0.041053325
1.0,0.77218026
0.0,0.035429478
1.0,0.40622294
0.0,0.015819103
1.0,0.93721175
1.0,0.95182997
0.0,0.091971874
0.0,0.113750786
0.0,0.5656187
0.0,0.04846835
0.0,0.08099711
0.0,0.10119459
1.0,0.8515502
0.0,0.0052950084
0.0,0.12776455
0.0,0.5507462
0.0,0.015450299
0.0,0.065864235
0.0,0.02826789
0.0,0.081236005
0.0,0.005962312
0.0,0.01676932
0.0,0.035191923
0.0,0.35246658
0.0,0.020739257
1.0,0.329364
0.0,0.09702343
1.0,0.958675
0.0,0.013334304
0.0,0.0061569214
1.0,0.6353116
0.0,0.019162595
1.0,0.9779204
0.0,0.43097776
1.0,0.83392066
0.0,0.74459016
0.0,0.02809921
1.0,0.73711026
1.0,0.4933103
0.0,0.010676861
0.0,0.00836426
0.0,0.015102327
0.0,0.0018595457
0.0,0.039134502
0.0,0.79120874
1.0,0.8663049
1.0,0.6453998
0.0,0.0476377
0.0,0.09492424
1.0,0.81227493
1.0,0.8982634
1.0,0.80970323
0.0,0.003628105
1.0,0.08256924
0.0,0.38064286
1.0,0.32818618
0.0,0.0028346777
1.0,0.7635933
0.0,0.01772359
0.0,0.09387076
0.0,0.5266715
0.0,0.8517959
1.0,0.8931669
0.0,0.13068718
0.0,0.22462294
1.0,0.96674275
0.0,0.022559285
0.0,0.5161565
0.0,0.17290917
1.0,0.9562427
0.0,0.15952796
0.0,0.011042237
0.0,0.98288697
1.0,0.9034308
0.0,0.0019170344
0.0,0.85490084
0.0,0.058704108
1.0,0.67397237
0.0,0.1109505
1.0,0.9715407
0.0,0.41752225
1.0,0.78194594
1.0,0.96764386
0.0,0.66674995
1.0,0.88602006
1.0,0.9604249
0.0,0.033619016
0.0,0.42338407
0.0,0.017549753
1.0,0.9614633
0.0,0.13213646
1.0,0.78861547
1.0,0.5483316
0.0,0.099756
1.0,0.8321493
0.0,0.28047538
1.0,0.6923447
0.0,0.8535712
1.0,0.62843007
0.0,0.5369733
1.0,0.061086237
0.0,0.18021119
0.0,0.009105504
0.0,0.0067976415
0.0,0.018166453
0.0,0.010700464
0.0,0.0067996085
0.0,0.008609474
0.0,0.4138135
0.0,0.15140411
0.0,0.52102786
0.0,0.59535235
0.0,0.033022165
1.0,0.83732396
1.0,0.3610646
0.0,0.5811284
1.0,0.1318824
0.0,0.041679084
0.0,0.28663182
0.0,0.7242782
0.0,0.06640482
0.0,0.058799744
0.0,0.120006025
1.0,0.89712024
0.0,0.0013081133
0.0,0.02696246
1.0,0.008250445
0.0,0.006079823
1.0,0.9052452
0.0,0.24332768
0.0,0.02718389
1.0,0.13457453
0.0,0.021835774
1.0,0.85381055
0.0,0.014631301
0.0,0.004404813
0.0,0.0071046352
1.0,0.94801664
0.0,0.027268648
1.0,0.56366146
1.0,0.54652935
0.0,0.87481016
0.0,0.01545763
1.0,0.033626616
0.0,0.023036897
0.0,0.10702461
0.0,0.600963
0.0,0.0055742264
0.0,0.3191601
0.0,0.8761648
1.0,0.13574591
0.0,0.03742224
1.0,0.80713314
0.0,0.015170783
0.0,0.0033105016
0.0,0.015356213
1.0,0.87851715
1.0,0.96007454
0.0,0.24911752
0.0,0.20363373
0.0,0.0041182935
0.0,0.1069234
0.0,0.062532306
0.0,0.039168417
0.0,0.002076149
1.0,0.17868426
1.0,0.83377457
0.0,0.025185168
0.0,0.95887625
1.0,0.7359158
0.0,0.02672872
1.0,0.89747715
0.0,0.003994167
0.0,0.030140907
1.0,0.95530516
0.0,0.23634765
1.0,0.7988289
1.0,0.7549012
1.0,0.86851
0.0,0.10033777
0.0,0.01767096
0.0,0.6824947
1.0,0.9379397
0.0,0.070189804
1.0,0.9119514
0.0,0.022411644
0.0,0.028915882
0.0,0.15610912
1.0,0.8509134
0.0,0.010993093
0.0,0.09407669
0.0,0.26162425
1.0,0.018785268
1.0,0.96800816
0.0,0.042577356
0.0,0.016480953
1.0,0.93168765
1.0,0.87293005
1.0,0.74211574
1.0,0.4942144
0.0,0.015464455
1.0,0.8508395
0.0,0.0875321
0.0,0.099844575
0.0,0.0066013634
1.0,0.72992814
0.0,0.08748302
0.0,0.07064709
0.0,0.0077899694
1.0,0.72898334
0.0,0.55519027
1.0,0.9753853
1.0,0.9684393
0.0,0.0623869
1.0,0.71199137
0.0,0.008580446
1.0,0.73426944
0.0,0.6598561
0.0,0.032259405
0.0,0.029207557
0.0,0.04145482
1.0,0.9775642
0.0,0.052632928
0.0,0.17028886
0.0,0.7561214
1.0,0.92473006
1.0,0.500164
0.0,0.010189056
1.0,0.80557775
1.0,0.9680495
1.0,0.98766875
1.0,0.15865165
0.0,0.68044347
1.0,0.63422465
0.0,0.12548336
0.0,0.17049003
1.0,0.43794855
0.0,0.026788026
0.0,0.045834124
0.0,0.23892438
1.0,0.34424198
0.0,0.55807495
0.0,0.2869107
1.0,0.91879946
0.0,0.01117605
1.0,0.575179
0.0,0.031598598
0.0,0.71053475
1.0,0.8558084
1.0,0.9197601
0.0,0.0034571588
1.0,0.8647053
1.0,0.9309782
0.0,0.6865803
0.0,0.3915192
1.0,0.6158239
0.0,0.121697396
1.0,0.94447404
0.0,0.01748094
0.0,0.031461805
1.0,0.40577143
1.0,0.87043107
0.0,0.107327074
1.0,0.5411291
0.0,0.1944389
0.0,0.19289154
1.0,0.96590626
0.0,0.07056457
0.0,0.2617284
0.0,0.0722816
1.0,0.750419
0.0,0.20239109
0.0,0.022175252
1.0,0.7457554
1.0,0.8892381
0.0,0.057461947
0.0,0.09927994
0.0,0.05848354
1.0,0.26804644
0.0,0.6097994
0.0,0.014883846
0.0,0.17052111
0.0,0.023233443
0.0,0.025631726
1.0,0.27885276
0.0,0.14912957
0.0,0.0024509132
0.0,0.034023583
1.0,0.92413294
1.0,0.9509226
1.0,0.7387166
0.0,0.66102123
0.0,0.037748933
0.0,0.9710388
1.0,0.95575565
0.0,0.049704313
1.0,0.6455471
0.0,0.016382605
1.0,0.9191179
0.0,0.113693595
1.0,0.89531994
0.0,0.91562307
1.0,0.656912
0.0,0.27920103
0.0,0.12950766
1.0,0.12287739
1.0,0.95610225
1.0,0.9498378
0.0,0.26752627
1.0,0.9584638
1.0,0.52022856
1.0,0.506106
0.0,0.0033760667
1.0,0.8065653
0.0,0.02054575
0.0,0.89518875
1.0,0.55871826
0.0,0.45760393
0.0,0.076931864
0.0,0.06596863
0.0,0.028238744
0.0,0.46947232
1.0,0.9400878
1.0,0.8646009
0.0,0.3190001
0.0,0.86034155
0.0,0.010517567
1.0,0.97115433
0.0,0.80828303
0.0,0.15307686
0.0,0.011093825
0.0,0.0055880845
0.0,0.06735572
0.0,0.86664546
1.0,0.887396
1.0,0.98504287
1.0,0.22120675
0.0,0.22035393
0.0,0.011044353
0.0,0.018645734
0.0,0.03497091
0.0,0.08481935
1.0,0.31007746
0.0,0.017755002
0.0,0.12195608
1.0,0.94188267
0.0,0.03215736
1.0,0.1561301
1.0,0.49921095
0.0,0.8140588
0.0,0.0017679632
0.0,0.06105253
1.0,0.5048836
0.0,0.4570822
0.0,0.018329471
1.0,0.7840692
1.0,0.47133523
0.0,0.015923023
0.0,0.2109538
0.0,0.40343726
0.0,0.006680548
0.0,0.4238677
1.0,0.47305965
1.0,0.9434922
0.0,0.020017058
0.0,0.004163325
0.0,0.83615994
0.0,0.06625962
1.0,0.94966304
0.0,0.14008486
1.0,0.9750112
0.0,0.11299223
1.0,0.97820365
0.0,0.00425297
1.0,0.89079106
1.0,0.6034339
0.0,0.017811
0.0,0.27598867
0.0,0.024087846
0.0,0.113856435
1.0,0.7526384
1.0,0.06835714
1.0,0.09191385
1.0,0.20688313
1.0,0.4616727
0.0,0.0026825964
1.0,0.8365487
1.0,0.673524
0.0,0.020133883
0.0,0.053977728
0.0,0.029033124
1.0,0.67533886
1.0,0.98287743
0.0,0.7689851
0.0,0.017667681
1.0,0.9020388
0.0,0.010846972
0.0,0.04118547
1.0,0.9323836
0.0,0.83090985
0.0,0.0716275
1.0,0.20742363
1.0,0.88304317
0.0,0.017758459
0.0,0.1253621
0.0,0.038826168
1.0,0.95290637
1.0,0.9579735
0.0,0.5516666
0.0,0.3534393
1.0,0.96056515
1.0,0.8122966
0.0,0.026249707
0.0,0.11003047
0.0,0.53320336
1.0,0.34887773
1.0,0.6664902
0.0,0.036275804
0.0,0.11637008
1.0,0.9047172
0.0,0.051674306
0.0,0.07766014
0.0,0.04795903
0.0,0.615498
1.0,0.82269096
0.0,0.881823
0.0,0.00852102
0.0,0.5029724
0.0,0.27760166
0.0,0.1241197
1.0,0.8810772
1.0,0.650796
0.0,0.18506476
1.0,0.9730753
0.0,0.26753357
1.0,0.83510435
1.0,0.05897546
1.0,0.9356258
0.0,0.010109544
0.0,0.8248235
0.0,0.056802362
1.0,0.9796239
0.0,0.013819993
1.0,0.93739206
0.0,0.20748225
0.0,0.0068026483
1.0,0.21255648
1.0,0.97473145
0.0,0.0059226155
1.0,0.8211857
0.0,0.02082166
1.0,0.88752216
0.0,0.00638175
1.0,0.3878759
1.0,0.1807802
0.0,0.057569563
0.0,0.02572602
0.0,0.059290737
0.0,0.021178275
0.0,0.018806785
0.0,0.96331596
0.0,0.06805867
0.0,0.038525015
0.0,0.845109
0.0,0.0098463
1.0,0.91504025
0.0,0.6316682
0.0,0.23815545
1.0,0.9595481
0.0,0.10457334
1.0,0.9760866
0.0,0.04630673
1.0,0.9021402
0.0,0.008939564
0.0,0.041437745
1.0,0.98838234
0.0,0.08608398
0.0,0.010462314
0.0,0.0025124848
1.0,0.9601553
1.0,0.6882985
0.0,0.005368501
1.0,0.9254401
1.0,0.4860873
1.0,0.9389107
0.0,0.78981566
1.0,0.63320786
1.0,0.6824591
0.0,0.36856633
1.0,0.3604115
1.0,0.8411597
0.0,0.049953282
0.0,0.0071353912
0.0,0.09698692
0.0,0.022803009
0.0,0.048098266
0.0,0.054082662
0.0,0.0674009
0.0,0.0007035732
1.0,0.8413348
0.0,0.25421518
0.0,0.017492115
0.0,0.010172665
0.0,0.16207471
1.0,0.6762603
0.0,0.0100016
1.0,0.8919865
0.0,0.26044992
0.0,0.02205649
1.0,0.41807583
1.0,0.9769778
0.0,0.16946906
0.0,0.19952285
1.0,0.8555763
0.0,0.907709
0.0,0.06699264
1.0,0.46656007
1.0,0.51739496
1.0,0.6489209
1.0,0.89097977
0.0,0.036852717
0.0,0.0058999956
1.0,0.62046534
0.0,0.019601077
0.0,0.0019330382
1.0,0.97594655
1.0,0.7814269
1.0,0.95240307
0.0,0.00697425
1.0,0.22752774
1.0,0.9232099
1.0,0.8474684
0.0,0.02314946
0.0,0.01372388
1.0,0.51340264
0.0,0.05161479
0.0,0.37385565
0.0,0.081022084
1.0,0.99103534
0.0,0.016640007
0.0,0.029275388
0.0,0.081557006
0.0,0.54759425
0.0,0.08351377
0.0,0.019717038
0.0,0.8448763
1.0,0.9832358
0.0,0.01922229
1.0,0.8307255
0.0,0.05898109
0.0,0.08169094
0.0,0.78923905
1.0,0.024731666
0.0,0.7152216
0.0,0.011779308
0.0,0.0051597953
0.0,0.36838442
0.0,0.2283862
1.0,0.9179963
0.0,0.23150203
1.0,0.9405397
0.0,0.014397502
0.0,0.08091855
0.0,0.034470797
0.0,0.73233896
0.0,0.03413236
0.0,0.594058
0.0,0.33344898
0.0,0.030254036
1.0,0.915554
0.0,0.0951432
1.0,0.7060058
1.0,0.7545594
0.0,0.104121685
0.0,0.028593928
1.0,0.91389334
0.0,0.018404454
1.0,0.70117104
1.0,0.872228
0.0,0.03113994
1.0,0.24309427
0.0,0.008400708
1.0,0.8856119
0.0,0.03865081
0.0,0.12048653
1.0,0.60897446
0.0,0.5913175
0.0,0.010525823
0.0,0.7000015
1.0,0.7912874
1.0,0.9673203
0.0,0.004019052
0.0,0.33113813
1.0,0.47927192
0.0,0.6723345
1.0,0.20104778
0.0,0.22510055
1.0,0.26092112
0.0,0.5098364
0.0,0.1591408
0.0,0.7851179
0.0,0.28866225
0.0,0.07314706
1.0,0.04686013
0.0,0.6416149
1.0,0.73549765
0.0,0.009092927
1.0,0.20471796
0.0,0.016575098
0.0,0.01380223
0.0,0.050671816
0.0,0.021068543
0.0,0.07124555
0.0,0.17347538
0.0,0.14578545
0.0,0.13722804
1.0,0.8642529
0.0,0.03336194
0.0,0.089105934
1.0,0.16974685
1.0,0.3139093
0.0,0.033551157
0.0,0.051549256
1.0,0.8248541
0.0,0.17925957
1.0,0.15663397
1.0,0.95871836
1.0,0.79222095
1.0,0.7681476
0.0,0.05998206
0.0,0.0050516427
1.0,0.63056624
0.0,0.091543764
1.0,0.9693556
1.0,0.75650084
1.0,0.96436846
0.0,0.038667172
0.0,0.023350537
0.0,0.16675559
0.0,0.035139114
1.0,0.6915515
1.0,0.93227506
0.0,0.2669577
0.0,0.0990257
0.0,0.18122816
0.0,0.17569771
1.0,0.05239436
1.0,0.6217474
1.0,0.6862029
0.0,0.61586016
1.0,0.5044999
1.0,0.7531757
1.0,0.6988519
1.0,0.9094728
0.0,0.3766275
0.0,0.58590025
0.0,0.8110378
0.0,0.038633198
1.0,0.833873
1.0,0.9774377
1.0,0.6542295
1.0,0.823095
0.0,0.07573667
0.0,0.010398388
0.0,0.15565175
0.0,0.42536855
1.0,0.9027716
0.0,0.06717926
0.0,0.0054033995
0.0,0.33588165
0.0,0.009217799
1.0,0.8652762
1.0,0.7778795
1.0,0.92647064
0.0,0.15094894
0.0,0.697175
1.0,0.7544333
1.0,0.9843664
0.0,0.016899347
1.0,0.82842857
0.0,0.81669486
1.0,0.96938527
1.0,0.93799317
1.0,0.24968326
0.0,0.039385498
0.0,0.14808169
1.0,0.97047794
0.0,0.21257797
0.0,0.12362075
1.0,0.9513469
0.0,0.051300496
0.0,0.009528697
0.0,0.20839772
1.0,0.48398352
0.0,0.4316006
0.0,0.35280088
1.0,0.8114484
0.0,0.39689323
0.0,0.03459394
0.0,0.082963735
0.0,0.056997597
1.0,0.67251205
0.0,0.59313744
0.0,0.011167914
0.0,0.0039696395
1.0,0.6967557
0.0,0.0074558854
0.0,0.0008159876
1.0,0.531331
0.0,0.33982068
0.0,0.012520045
1.0,0.9869522
1.0,0.7708757
0.0,0.01051563
1.0,0.32519138
1.0,0.4096175
0.0,0.46697563
0.0,0.6968001
1.0,0.67639637
1.0,0.7486385
0.0,0.003760904
1.0,0.27139688
1.0,0.6519602
1.0,0.24237478
0.0,0.19869179
1.0,0.06171885
0.0,0.027777016
1.0,0.8454521
0.0,0.0033074617
1.0,0.8865094
0.0,0.7736348
0.0,0.061937064
1.0,0.7994168
0.0,0.027610868
1.0,0.9585036
1.0,0.82326216
1.0,0.9441683
1.0,0.58560276
0.0,0.031713784
1.0,0.10223994
0.0,0.60041267
0.0,0.0085172355
0.0,0.02597645
0.0,0.06669155
1.0,0.9011382
0.0,0.04216975
0.0,0.34258896
0.0,0.60750175
0.0,0.47421336
1.0,0.8894254
0.0,0.30489826
0.0,0.012500107
0.0,0.03152719
0.0,0.77055913
1.0,0.62562925
0.0,0.039093792
1.0,0.8953458
1.0,0.9487845
0.0,0.644712
0.0,0.012528956
0.0,0.012015671
1.0,0.95526505
0.0,0.045798987
1.0,0.011094958
1.0,0.7883989
1.0,0.9569043
0.0,0.6226572
0.0,0.29138958
0.0,0.004013002
0.0,0.67571217
0.0,0.045325786
0.0,0.011961043
0.0,0.22424507
1.0,0.73848444
0.0,0.04365799
1.0,0.8969343
0.0,0.19411176
1.0,0.9497571
1.0,0.926605
1.0,0.7369312
1.0,0.7701863
0.0,0.6300429
0.0,0.62169194
0.0,0.189233
1.0,0.64984685
1.0,0.9074024
0.0,0.025203317
1.0,0.36429715
1.0,0.7946024
1.0,0.9345739
1.0,0.5673811
0.0,0.624405
0.0,0.046759963
1.0,0.8971262
0.0,0.023365468
0.0,0.027801424
1.0,0.9476262
0.0,0.028478652
0.0,0.5930788
0.0,0.17408767
0.0,0.009869963
0.0,0.02278179
1.0,0.9197652
0.0,0.029451102
0.0,0.5228904
1.0,0.16649029
0.0,0.2056588
1.0,0.9561019
0.0,0.2617427
0.0,0.03386131
0.0,0.009693861
0.0,0.47705066
1.0,0.7042003
0.0,0.1601933
0.0,0.17258668
1.0,0.9052505
1.0,0.8182287
0.0,0.025193602
0.0,0.019152135
0.0,0.004097879
1.0,0.6132826
0.0,0.007548541
1.0,0.9287987
1.0,0.5227302
1.0,0.25471568
1.0,0.8406338
1.0,0.7861552
0.0,0.96453667
1.0,0.76345557
1.0,0.94414663
0.0,0.022911072
0.0,0.0129852
0.0,0.057218343
1.0,0.92155755
0.0,0.018965274
0.0,0.005661726
0.0,0.0791623
1.0,0.9584166
0.0,0.023902178
1.0,0.9078026
0.0,0.3213277
0.0,0.46182236
0.0,0.19014812
0.0,0.12131423
0.0,0.06259853
1.0,0.25374007
1.0,0.9639914
0.0,0.02552545
0.0,0.15756068
1.0,0.6224591
0.0,0.0017648637
1.0,0.95169044
0.0,0.06817594
0.0,0.015241951
0.0,0.039069593
1.0,0.95313346
1.0,0.50513136
0.0,0.027092904
0.0,0.10481945
1.0,0.79278195
0.0,0.26303506
0.0,0.104781866
1.0,0.9255744
1.0,0.865322
1.0,0.76953316
0.0,0.037428856
1.0,0.7913909
1.0,0.9356176
0.0,0.14772066
0.0,0.057510495
0.0,0.009367466
0.0,0.019287616
0.0,0.005821854
0.0,0.099942505
1.0,0.7656777
1.0,0.74987376
0.0,0.10279265
0.0,0.02555886
0.0,0.41575173
0.0,0.19474834
1.0,0.8839977
0.0,0.781201
0.0,0.021532744
0.0,0.833128
0.0,0.9368031
1.0,0.13897058
0.0,0.0057730377
0.0,0.80865496
1.0,0.9170222
0.0,0.13663772
0.0,0.42020357
0.0,0.033518165
0.0,0.032327086
1.0,0.68381166
1.0,0.8592367
0.0,0.14947107
0.0,0.93502426
0.0,0.0077865124
0.0,0.9147533
0.0,0.93760693
0.0,0.029517025
0.0,0.00857231
0.0,0.21683222
1.0,0.016225368
0.0,0.14061782
1.0,0.18864396
0.0,0.79933333
0.0,0.0017133057
0.0,0.054795623
0.0,0.14637563
0.0,0.14149097
0.0,0.062124252
1.0,0.95829105
0.0,0.027067333
0.0,0.46110153
0.0,0.09474477
1.0,0.83254373
1.0,0.79288244
0.0,0.02333644
0.0,0.3927319
0.0,0.012349069
1.0,0.9629736
1.0,0.88229907
1.0,0.9699178
0.0,0.09099987
1.0,0.9833925
0.0,0.07845715
0.0,0.009924352
0.0,0.034296513
1.0,0.037731916
0.0,0.004712373
0.0,0.03800577
1.0,0.9741038
1.0,0.16222394
0.0,0.12867457
1.0,0.9823433
0.0,0.023685455
1.0,0.74953157
0.0,0.12671417
1.0,0.7969811
0.0,0.9517846
0.0,0.15273115
1.0,0.92328894
0.0,0.031353593
0.0,0.20676544
0.0,0.0211204
0.0,0.034519255
0.0,0.12831059
0.0,0.015806168
1.0,0.7785868
1.0,0.6245206
0.0,0.17730862
0.0,0.025994629
0.0,0.016037256
0.0,0.60349107
1.0,0.9627803
0.0,0.027417898
0.0,0.2070331
0.0,0.61415213
0.0,0.42749566
0.0,0.0021840036
1.0,0.8738541
1.0,0.95979756
0.0,0.0057021677
0.0,0.010287017
0.0,0.036741972
0.0,0.021393806
1.0,0.611758
0.0,0.66727346
0.0,0.24651462
0.0,0.010636181
1.0,0.5324309
0.0,0.024807662
0.0,0.058646232
1.0,0.9684665
0.0,0.033145547
0.0,0.13514477
1.0,0.8232526
1.0,0.69108856
1.0,0.85248107
0.0,0.0061893165
0.0,0.010680199
0.0,0.19340715
0.0,0.02137667
1.0,0.8359461
0.0,0.073097914
1.0,0.08043963
0.0,0.0009843111
0.0,0.008022904
0.0,0.31981295
1.0,0.95914745
0.0,0.5266884
0.0,0.14572582
0.0,0.32254395
1.0,0.511553
0.0,0.023271441
0.0,0.15199813
0.0,0.0031068027
1.0,0.046855807
0.0,0.016247153
0.0,0.00534901
1.0,0.08012813
1.0,0.9767338
0.0,0.004674673
1.0,0.97645986
1.0,0.93212044
1.0,0.8953608
1.0,0.8467792
0.0,0.03714052
1.0,0.88372195
0.0,0.98756355
1.0,0.05755675
0.0,0.024603188
1.0,0.14898252
0.0,0.17197505
1.0,0.16180676
1.0,0.98306066
1.0,0.7276963
0.0,0.0061594844
0.0,0.7749565
0.0,0.53683394
0.0,0.05745557
0.0,0.019774318
0.0,0.10989168
1.0,0.95584697
1.0,0.9585161
1.0,0.71020734
0.0,0.04472363
0.0,0.016485155
0.0,0.14317578
0.0,0.16716227
1.0,0.021137863
0.0,0.24613646
0.0,0.03468007
0.0,0.047555596
0.0,0.870733
1.0,0.91961354
0.0,0.47999468
0.0,0.74628866
0.0,0.08264905
1.0,0.6641887
0.0,0.07529101
0.0,0.7568309
1.0,0.31372592
0.0,0.70878917
1.0,0.20038286
0.0,0.076655
0.0,0.2788186
0.0,0.01922968
0.0,0.01348716
0.0,0.0021489263
1.0,0.92739075
0.0,0.14741823
0.0,0.08160171
1.0,0.9233736
1.0,0.9373176
0.0,0.17769074
1.0,0.018829226
0.0,0.14036196
0.0,0.08492312
1.0,0.88527465
0.0,0.008661598
0.0,0.2714687
0.0,0.010217696
0.0,0.0452832
1.0,0.9492936
1.0,0.9276855
1.0,0.83095956
1.0,0.970736
0.0,0.035461217
0.0,0.02028355
0.0,0.55710936
1.0,0.9290428
0.0,0.1201396
0.0,0.016557366
1.0,0.87995315
1.0,0.58860546
1.0,0.96644866
0.0,0.021450132
0.0,0.20661882
0.0,0.11217138
1.0,0.9660105
1.0,0.8588091
1.0,0.8919526
0.0,0.25441757
0.0,0.005898267
0.0,0.0051633418
1.0,0.8932202
1.0,0.23856077
0.0,0.37676656
1.0,0.815279
1.0,0.45471638
1.0,0.8970725
1.0,0.39670587
0.0,0.09081948
0.0,0.062842935
1.0,0.4980269
1.0,0.73497653
0.0,0.173792
0.0,0.020401776
0.0,0.007450402
0.0,0.013213366
0.0,0.02435574
0.0,0.3986927
0.0,0.028502166
0.0,0.08214831
1.0,0.4297335
1.0,0.8481979
0.0,0.48139352
1.0,0.96660596
0.0,0.011445165
1.0,0.9367935
0.0,0.17656052
1.0,0.9613352
0.0,0.0025039911
0.0,0.006146997
0.0,0.0050103366
0.0,0.33330947
1.0,0.1195834
1.0,0.9704792
0.0,0.011820346
0.0,0.16366911
1.0,0.31764126
0.0,0.0624384
1.0,0.95245063
1.0,0.7531886
0.0,0.018168777
0.0,0.02146539
0.0,0.5904671
0.0,0.9724197
0.0,0.9243352
0.0,0.008474678
0.0,0.4284857
0.0,0.088591486
1.0,0.93533504
1.0,0.9348587
1.0,0.8073848
1.0,0.7750907
0.0,0.00919196
0.0,0.45653278
1.0,0.5500597
0.0,0.888926
0.0,0.027175426
0.0,0.34128612
1.0,0.45190972
1.0,0.31505334
0.0,0.049200386
1.0,0.856319
1.0,0.9557942
0.0,0.0028252602
0.0,0.03305307
1.0,0.9479817
0.0,0.02203554
0.0,0.7512983
0.0,0.0029210746
0.0,0.14686641
1.0,0.04033941
0.0,0.035063982
0.0,0.020072848
0.0,0.57762325
1.0,0.206013
0.0,0.010238349
0.0,0.06731868
1.0,0.9383261
0.0,0.006018549
0.0,0.3959289
0.0,0.95225644
1.0,0.98169816
1.0,0.38855377
1.0,0.23396441
0.0,0.12451917
0.0,0.54237485
1.0,0.34191912
0.0,0.0064863563
0.0,0.01240775
0.0,0.5156705
0.0,0.031614155
1.0,0.25248194
0.0,0.045677155
0.0,0.7530613
1.0,0.6452633
0.0,0.037675202
0.0,0.027528018
0.0,0.05189678
0.0,0.2721809
1.0,0.42846414
1.0,0.91211367
0.0,0.56857514
1.0,0.82630277
0.0,0.011938244
0.0,0.085988164
0.0,0.009086311
1.0,0.549017
0.0,0.008766711
0.0,0.03461519
1.0,0.888518
1.0,0.37802535
1.0,0.78257227
0.0,0.29197544
1.0,0.23904318
1.0,0.9088466
0.0,0.001250565
0.0,0.6630495
0.0,0.6553123
1.0,0.06585342
0.0,0.14143339
0.0,0.48966265
0.0,0.018941939
0.0,0.018528253
0.0,0.072455406
0.0,0.057186365
0.0,0.15855837
0.0,0.8151002
0.0,0.30085313
1.0,0.9234257
1.0,0.45706165
1.0,0.6470307
0.0,0.010242015
1.0,0.97356135
0.0,0.37783623
0.0,0.043448925
1.0,0.92694247
0.0,0.18699932
0.0,0.01265192
0.0,0.04008934
0.0,0.051673293
0.0,0.45958513
0.0,0.7681832
0.0,0.03553489
1.0,0.25010195
0.0,0.002638191
0.0,0.010605991
0.0,0.0051570237
1.0,0.9433671
1.0,0.8553225
0.0,0.7931657
1.0,0.6987003
0.0,0.013058931
1.0,0.43351388
0.0,0.031941563
0.0,0.0042332113
1.0,0.041513115
0.0,0.0022307336
0.0,0.007146001
1.0,0.5768074
0.0,0.1865133
1.0,0.019988745
0.0,0.5578629
0.0,0.028519034
1.0,0.84663033
0.0,0.012583375
0.0,0.034469962
0.0,0.8714091
0.0,0.020215362
0.0,0.0023355186
1.0,0.86403835
0.0,0.009048641
0.0,0.2895078
0.0,0.07177532
1.0,0.7088154
0.0,0.8954816
0.0,0.03649786
1.0,0.7920496
0.0,0.0062590837
0.0,0.008892208
0.0,0.04821056
0.0,0.055576414
1.0,0.7935777
0.0,0.034044206
0.0,0.0045734346
0.0,0.021293014
0.0,0.012038112
0.0,0.6141003
1.0,0.88424367
1.0,0.72007734
0.0,0.012223452
1.0,0.8890934
0.0,0.038006097
0.0,0.006282121
0.0,0.0814082
0.0,0.106289804
1.0,0.85650146
0.0,0.12978947
0.0,0.053757995
0.0,0.58897316
0.0,0.055888206
0.0,0.24555126
0.0,0.007892907
0.0,0.007020682
0.0,0.01837051
0.0,0.0039564073
0.0,0.84753346
1.0,0.43965584
0.0,0.01404956
0.0,0.20494738
0.0,0.02748081
1.0,0.96214944
0.0,0.1083979
1.0,0.82741416
0.0,0.025515616
0.0,0.015398413
0.0,0.3207885
1.0,0.9276137
1.0,0.9796535
1.0,0.72462344
1.0,0.44798544
0.0,0.2815748
0.0,0.014375508
1.0,0.9523183
1.0,0.90715075
0.0,0.028469205
0.0,0.14050573
0.0,0.886641
1.0,0.9500762
0.0,0.048748493
0.0,0.024383694
0.0,0.09916946
0.0,0.018092424
1.0,0.5191588
1.0,0.88647664
0.0,0.005147338
1.0,0.7520367
0.0,0.11283624
0.0,0.0750567
0.0,0.008942902
0.0,0.049119264
0.0,0.010489106
1.0,0.88206244
0.0,0.0024745762
0.0,0.24848261
0.0,0.7952868
0.0,0.055422843
0.0,0.8431379
1.0,0.86057484
0.0,0.06360483
0.0,0.020215511
1.0,0.8411646
0.0,0.32254735
0.0,0.009116948
1.0,0.95793605
1.0,0.5766516
0.0,0.009751856
1.0,0.7577535
0.0,0.36674535
1.0,0.6952454
1.0,0.99204147
0.0,0.18898728
1.0,0.9708451
0.0,0.11899248
0.0,0.015383124
0.0,0.84284997
0.0,0.34452713
0.0,0.044995636
0.0,0.017153323
0.0,0.10257527
1.0,0.952623
0.0,0.12178153
0.0,0.012532473
0.0,0.22943625
0.0,0.21756664
1.0,0.9171809
0.0,0.03888902
0.0,0.345939
0.0,0.015162557
0.0,0.0069440305
0.0,0.020058692
0.0,0.93042266
1.0,0.15658605
0.0,0.44267017
1.0,0.89307755
0.0,0.011405945
1.0,0.4330119
0.0,0.035594672
0.0,0.44662148
0.0,0.024944276
0.0,0.5955212
0.0,0.5984369
0.0,0.1016514
0.0,0.12552032
0.0,0.044736147
0.0,0.74211395
0.0,0.842511
1.0,0.9172125
0.0,0.6845355
0.0,0.046566248
1.0,0.9766568
0.0,0.07257739
0.0,0.008033365
0.0,0.027854472
1.0,0.87212086
1.0,0.8180964
1.0,0.6743318
1.0,0.9592577
0.0,0.51804966
1.0,0.5623065
0.0,0.0810909
1.0,0.40502638
0.0,0.07228646
0.0,0.87931883
0.0,0.10105163
0.0,0.05260101
0.0,0.07016051
1.0,0.9570451
1.0,0.3459301
0.0,0.9667544
1.0,0.63632226
0.0,0.018756747
1.0,0.95723647
0.0,0.047032624
0.0,0.039765477
0.0,0.9600912
0.0,0.5738027
0.0,0.072047025
0.0,0.008115143
1.0,0.9847549
0.0,0.0026248395
1.0,0.9556037
1.0,0.9179629
1.0,0.90874434
0.0,0.012852073
0.0,0.92510366
0.0,0.018588632
0.0,0.20059666
0.0,0.18158948
1.0,0.6596997
0.0,0.3392154
0.0,0.2890874
0.0,0.11403906
0.0,0.02505973
0.0,0.010573417
0.0,0.12542754
0.0,0.8206653
0.0,0.010183036
0.0,0.27432692
1.0,0.97483444
0.0,0.14541659
0.0,0.0125647485
0.0,0.007450819
0.0,0.006764829
1.0,0.8728088
0.0,0.71977615
1.0,0.93000793
0.0,0.7373239
1.0,0.98243666
1.0,0.86737764
0.0,0.010051161
0.0,0.22910759
0.0,0.13551801
0.0,0.2022388
0.0,0.087456375
0.0,0.6581584
1.0,0.96525425
0.0,0.009218484
1.0,0.64625835
0.0,0.16649139
0.0,0.011791319
0.0,0.06142831
1.0,0.8647586
0.0,0.013744205
1.0,0.9860545
0.0,0.039132237
0.0,0.043239087
0.0,0.59845483
0.0,0.7003221
0.0,0.09401938
0.0,0.13675657
1.0,0.7639972
1.0,0.77270937
0.0,0.08736864
0.0,0.032774508
0.0,0.006590903
1.0,0.7908529
0.0,0.03280884
1.0,0.36428034
0.0,0.1146473
1.0,0.8114368
1.0,0.94721216
0.0,0.2729127
0.0,0.09023902
0.0,0.031471133
1.0,0.728065
0.0,0.38209748
0.0,0.32635143
1.0,0.9630911
1.0,0.80360425
0.0,0.26569894
0.0,0.033055067
1.0,0.8471576
0.0,0.036221385
0.0,0.024295688
0.0,0.03594345
1.0,0.6464894
0.0,0.047266036
0.0,0.012047142
1.0,0.83442295
1.0,0.8077537
0.0,0.31970853
0.0,0.015657663
0.0,0.020135462
1.0,0.9669961
1.0,0.9658427
1.0,0.81970215
0.0,0.039659232
0.0,0.007996887
0.0,0.43713674
0.0,0.0019230843
1.0,0.8911296
0.0,0.0065612793
0.0,0.77640617
0.0,0.06608218
0.0,0.50172544
0.0,0.11294457
0.0,0.023504615
0.0,0.1578702
0.0,0.12501004
0.0,0.018410206
1.0,0.3121612
1.0,0.8369346
0.0,0.4117039
0.0,0.2568175
1.0,0.033572793
0.0,0.0036833286
1.0,0.88402337
0.0,0.04318264
0.0,0.01990372
1.0,0.96325725
1.0,0.6878777
0.0,0.82073414
0.0,0.24099478
1.0,0.4719584
0.0,0.16758722
0.0,0.071383655
0.0,0.9924537
0.0,0.013772905
1.0,0.91678274
1.0,0.48129323
0.0,0.079322964
0.0,0.003566295
0.0,0.06546509
1.0,0.8919129
0.0,0.03380674
1.0,0.3859381
0.0,0.08073583
1.0,0.745243
1.0,0.4564432
0.0,0.12399876
1.0,0.17085946
0.0,0.74047065
0.0,0.018345714
1.0,0.91409564
1.0,0.6286341
0.0,0.027856678
0.0,0.5977264
0.0,0.68583184
0.0,0.684845
1.0,0.8898636
0.0,0.19314507
0.0,0.32914397
0.0,0.027990729
1.0,0.92261237
0.0,0.028439581
0.0,0.85400134
1.0,0.892068
0.0,0.0010428429
0.0,0.50980514
0.0,0.058203906
1.0,0.26727104
0.0,0.35173148
1.0,0.90613526
0.0,0.011839449
1.0,0.1759617
1.0,0.3509338
1.0,0.96068394
1.0,0.7260711
0.0,0.007853091
1.0,0.8144475
0.0,0.04834521
1.0,0.9843762
1.0,0.5832328
0.0,0.2699225
1.0,0.92623633
0.0,0.005626619
1.0,0.35372603
1.0,0.26638252
0.0,0.024142861
0.0,0.9721284
1.0,0.99192244
1.0,0.3608365
0.0,0.0758104
0.0,0.7423043
0.0,0.00064343214
0.0,0.021861017
0.0,0.71623206
1.0,0.77219796
1.0,0.8722539
1.0,0.43313557
1.0,0.70603245
1.0,0.9600297
1.0,0.98248136
0.0,0.6271951
1.0,0.9263634
0.0,0.041657597
0.0,0.0061872303
0.0,0.13169336
1.0,0.102900326
1.0,0.40003395
0.0,0.23185194
0.0,0.03565973
0.0,0.8233652
1.0,0.6021386
1.0,0.7311822
1.0,0.8277312
0.0,0.041625828
0.0,0.9628943
0.0,0.107792914
0.0,0.28541452
0.0,0.019513637
0.0,0.028655201
1.0,0.9657552
1.0,0.8696592
0.0,0.0057296157
0.0,0.10174844
0.0,0.66294
0.0,0.79650116
0.0,0.800847
0.0,0.22787237
0.0,0.47378314
1.0,0.7421571
0.0,0.05263549
1.0,0.60109717
0.0,0.017484874
0.0,0.84145963
0.0,0.057517827
0.0,0.5806608
1.0,0.9530118
1.0,0.7460493
1.0,0.7411006
1.0,0.761505
0.0,0.004110962
0.0,0.7193961
1.0,0.79935634
1.0,0.8852371
0.0,0.15835524
0.0,0.016159415
0.0,0.15445906
1.0,0.30210388
0.0,0.013693005
1.0,0.06790769
0.0,0.058742225
0.0,0.069294065
0.0,0.028898388
0.0,0.1533533
0.0,0.71832055
0.0,0.006392956
0.0,0.107798845
1.0,0.9506755
0.0,0.02130121
0.0,0.49801695
0.0,0.03123945
1.0,0.26047763
0.0,0.020650983
1.0,0.96774477
0.0,0.010922134
0.0,0.04152289
0.0,0.005659759
0.0,0.45117304
0.0,0.04259765
0.0,0.016097844
1.0,0.90795076
0.0,0.38920486
1.0,0.5796501
1.0,0.9552537
0.0,0.030562013
0.0,0.048552364
1.0,0.790149
1.0,0.990553
0.0,0.19135362
0.0,0.3477984
0.0,0.032357663
0.0,0.1454207
0.0,0.03253737
1.0,0.70384586
0.0,0.047946006
1.0,0.6663717
1.0,0.24078819
0.0,0.81460845
0.0,0.14873052
0.0,0.0070843995
0.0,0.024492353
0.0,0.54893714
0.0,0.01564297
0.0,0.057129085
0.0,0.74326396
1.0,0.72063345
1.0,0.842091
0.0,0.097332925
0.0,0.056293696
0.0,0.6313332
1.0,0.8517889
0.0,0.016527474
0.0,0.04043469
1.0,0.50510746
1.0,0.94338024
0.0,0.13453919
0.0,0.3068341
0.0,0.032586902
1.0,0.92797273
0.0,0.040688336
1.0,0.8779191
1.0,0.3961386
0.0,0.03886625
0.0,0.026263118
0.0,0.056131512
1.0,0.5405225
0.0,0.2515918
1.0,0.84027386
0.0,0.019728392
1.0,0.9121548
0.0,0.19746506
0.0,0.05853927
0.0,0.03898582
1.0,0.982628
0.0,0.59623635
1.0,0.9635891
1.0,0.8049091
0.0,0.019221067
1.0,0.30724847
0.0,0.09577313
1.0,0.206871
0.0,0.016732186
1.0,0.9310543
0.0,0.0065959096
1.0,0.8455159
1.0,0.9762032
1.0,0.99056655
0.0,0.025208056
1.0,0.89029044
1.0,0.3814146
0.0,0.042951345
1.0,0.92760044
1.0,0.20218715
1.0,0.32882464
0.0,0.40736902
0.0,0.048089687
0.0,0.94368476
0.0,0.33432555
