0.0,0.2554571
0.0,0.7082415
1.0,0.393012
0.0,0.036331326
1.0,0.18415976
0.0,0.0060028136
1.0,0.83041704
1.0,0.83956283
1.0,0.71088123
0.0,0.0075205863
0.0,0.09250876
1.0,0.58976674
0.0,0.0016340911
0.0,0.2726835
0.0,0.004549384
0.0,0.003932625
1.0,0.7728852
0.0,0.013389528
0.0,0.0151335895
1.0,0.33685827
1.0,0.65416276
0.0,0.020240068
1.0,0.8814337
0.0,0.070476145
0.0,0.01696378
1.0,0.80311155
0.0,0.079797834
1.0,0.8892526
0.0,0.022252351
1.0,0.9195908
0.0,0.0023088455
0.0,0.1757631
1.0,0.9605024
1.0,0.97765005
1.0,0.7548741
1.0,0.8751621
1.0,0.61832
0.0,0.005437672
1.0,0.83599794
1.0,0.25819856
1.0,0.85969985
1.0,0.9315866
0.0,0.0066234767
1.0,0.7381785
1.0,0.92078555
0.0,0.02101934
0.0,0.00085160136
0.0,0.019269407
0.0,0.0035926998
1.0,0.95905906
0.0,0.195741
1.0,0.8660664
1.0,0.978662
1.0,0.48340315
0.0,0.0060792863
0.0,0.0025357008
0.0,0.37556496
1.0,0.04150784
1.0,0.84266233
1.0,0.2405059
1.0,0.9628242
0.0,0.28312144
1.0,0.9385439
1.0,0.8480871
1.0,0.9056957
0.0,0.29962194
0.0,0.16367608
1.0,0.8685594
0.0,0.0011332929
1.0,0.9291223
0.0,0.38207346
1.0,0.8078722
0.0,0.00033065677
0.0,0.010685712
1.0,0.62830895
0.0,0.09331635
0.0,0.0016140938
0.0,0.25932002
0.0,0.017414153
1.0,0.7990434
0.0,0.002908051
1.0,0.9642814
1.0,0.9661114
1.0,0.9851963
1.0,0.9698639
1.0,0.65804684
1.0,0.94352436
0.0,0.1179162
0.0,0.01955396
1.0,0.6842378
0.0,0.005795479
1.0,0.10650301
0.0,0.0019361675
0.0,0.59780705
0.0,0.06261605
1.0,0.82654476
0.0,0.0038981736
0.0,0.009041667
1.0,0.7937942
1.0,0.8569754
0.0,0.006418705
0.0,0.03549838
1.0,0.026370257
0.0,0.19448149
0.0,0.073186904
1.0,0.9597126
1.0,0.029025823
0.0,0.011351824
1.0,0.027137011
1.0,0.90259284
1.0,0.71066123
0.0,0.033076704
1.0,0.01569879
0.0,0.03469175
0.0,0.014264345
1.0,0.32726187
0.0,0.04285711
1.0,0.77405393
1.0,0.43944106
1.0,0.9717087
0.0,0.05830142
1.0,0.9415804
0.0,0.9110453
0.0,0.0047076046
0.0,0.15912884
1.0,0.31710923
0.0,0.0044130087
0.0,0.12782574
1.0,0.95907897
1.0,0.791651
1.0,0.829728
0.0,0.016924292
0.0,0.008008599
1.0,0.37995055
1.0,0.9743347
0.0,0.77638197
0.0,0.020489752
0.0,0.014453918
0.0,0.093293875
0.0,0.031587422
1.0,0.634619
0.0,0.06663251
1.0,0.051686168
0.0,0.0044847727
0.0,0.0018433034
0.0,0.00027418137
1.0,0.263215
0.0,0.0055204034
0.0,0.040322542
0.0,0.01585579
0.0,0.0612185
0.0,0.0032685995
0.0,0.0024763048
0.0,0.8974308
0.0,0.36640042
1.0,0.7797849
0.0,0.0011668801
0.0,0.016447067
1.0,0.9864292
0.0,0.0472205
0.0,0.22110721
0.0,0.4087667
0.0,0.006111473
0.0,0.20152372
1.0,0.9656602
0.0,0.14075842
1.0,0.84755623
0.0,0.039109737
0.0,0.004536599
1.0,0.755268
0.0,0.59339786
0.0,0.88209605
0.0,0.72925454
0.0,0.0003899336
1.0,0.63356763
1.0,0.84050333
0.0,0.023615897
1.0,0.64764476
0.0,0.5191342
1.0,0.96947575
1.0,0.80779076
1.0,0.8584699
1.0,0.9104638
1.0,0.924817
0.0,0.8716215
0.0,4.23491e-05
0.0,0.013934523
0.0,0.9625898
0.0,0.040373027
0.0,0.005223632
1.0,0.14994997
0.0,0.0015170872
0.0,0.8907821
1.0,0.6863184
1.0,0.5666545
1.0,0.9346558
0.0,0.00093615055
0.0,0.01828292
0.0,0.0039726794
1.0,0.14405599
0.0,0.07991037
0.0,0.48543
0.0,0.20181194
0.0,0.16121018
0.0,0.10994932
1.0,0.049065053
0.0,0.010621816
1.0,0.08015379
0.0,0.00064733624
0.0,0.13903612
0.0,0.00075000525
1.0,0.96468437
0.0,0.016594797
0.0,0.43421647
0.0,0.007148057
0.0,0.0018539727
0.0,0.87015176
0.0,0.08239734
1.0,0.9720285
0.0,0.0033081174
0.0,0.007079512
1.0,0.62284356
1.0,0.9478303
0.0,0.36287972
0.0,0.0045051575
0.0,0.0002645254
0.0,0.1164197
0.0,0.024747878
0.0,0.15018776
1.0,0.84445316
0.0,0.021485895
1.0,0.10662958
0.0,0.0184578
1.0,0.6533268
1.0,0.51592696
0.0,0.020881683
0.0,0.019250154
0.0,0.009066403
1.0,0.6472919
1.0,0.8492627
1.0,0.9795892
1.0,0.603439
0.0,0.003993124
0.0,0.68602216
1.0,0.9687168
0.0,0.43509004
0.0,0.009735197
0.0,0.001712501
0.0,0.26045817
0.0,0.01808995
0.0,0.014791697
0.0,0.10630101
1.0,0.25751323
0.0,0.0023196638
0.0,0.10807428
0.0,0.028307408
1.0,0.8693203
1.0,0.6806768
0.0,0.016964287
0.0,0.006041825
0.0,0.002923131
1.0,0.9420787
0.0,0.0042931736
0.0,0.0023484826
0.0,0.020297885
0.0,0.001975119
1.0,0.9031126
1.0,0.86467856
1.0,0.97272563
0.0,0.0056126714
1.0,0.9338093
0.0,0.0042370856
0.0,0.007712513
0.0,0.51874715
1.0,0.8389684
1.0,0.69372064
0.0,0.0033963919
0.0,0.022560447
1.0,0.60230684
1.0,0.53430307
0.0,0.0145894885
1.0,0.16263789
1.0,0.8533428
0.0,0.4995054
0.0,0.040534645
0.0,0.03136614
0.0,0.0121561885
0.0,0.09522277
0.0,0.0043032765
1.0,0.9747313
0.0,0.013050199
0.0,0.006531924
1.0,0.9783759
0.0,0.018583208
1.0,0.9380723
1.0,0.0042428374
1.0,0.83945537
1.0,0.83288383
1.0,0.8745638
0.0,0.014378995
1.0,0.935143
0.0,0.50090235
1.0,0.9569956
0.0,0.805744
0.0,0.09186867
0.0,0.0054415762
0.0,0.08777198
0.0,0.35345966
1.0,0.96141577
0.0,0.801442
1.0,0.86261064
0.0,0.7388414
1.0,0.6589499
1.0,0.95537245
0.0,0.0073156655
0.0,0.0016463101
0.0,0.0037717521
1.0,0.9400769
1.0,0.1866388
0.0,0.0005941689
0.0,0.0006170273
0.0,0.0018940568
0.0,0.008895397
1.0,0.8974985
1.0,0.45793265
0.0,0.030590504
0.0,0.1703558
1.0,0.5437464
1.0,0.9324275
1.0,0.7303187
0.0,0.02984938
0.0,0.58549225
0.0,0.0007762313
0.0,0.8472011
1.0,0.95124984
1.0,0.85770565
0.0,0.02519402
0.0,0.069512635
0.0,0.002668798
0.0,0.57960784
0.0,0.00066170096
0.0,0.026441455
1.0,0.09039557
0.0,0.23432317
0.0,0.0064634383
0.0,0.028542131
0.0,0.8743459
0.0,0.8155812
0.0,0.012883633
0.0,0.0013242662
1.0,0.6328446
0.0,0.010995179
1.0,0.85125464
0.0,0.00089380145
0.0,0.118631214
0.0,0.11709541
0.0,0.0012075305
0.0,0.8788061
1.0,0.35170054
1.0,0.91529465
0.0,0.49532408
1.0,0.8057671
0.0,0.002255708
0.0,0.5008934
0.0,0.071587116
0.0,0.84880173
0.0,0.0030229688
0.0,3.33488e-05
1.0,0.35026336
0.0,0.008121133
1.0,0.96174574
0.0,0.02897656
1.0,0.11534092
0.0,0.058316052
1.0,0.029242665
1.0,0.94672096
1.0,0.95050526
0.0,0.0027242303
0.0,0.009242028
1.0,0.7538508
0.0,0.020276576
0.0,0.019804358
1.0,0.0064642727
1.0,0.9570979
0.0,0.08753753
1.0,0.78935945
1.0,0.9619396
0.0,0.44698995
0.0,0.020203471
0.0,0.094075054
0.0,0.005640745
0.0,0.004816413
0.0,0.03734377
1.0,0.98558563
0.0,0.21437854
1.0,0.4363531
1.0,0.14818329
0.0,0.014569521
0.0,0.06509
0.0,0.706776
1.0,0.9671423
1.0,0.9046263
1.0,0.57862383
0.0,0.02423516
1.0,0.9556159
1.0,0.878121
0.0,7.289648e-05
0.0,0.15711743
0.0,0.901819
0.0,0.5393909
1.0,0.8037946
0.0,0.0084067285
1.0,0.2823645
0.0,0.55658925
0.0,0.02693525
0.0,0.007591009
0.0,0.0026177764
0.0,0.009117126
0.0,0.003371328
0.0,0.007900596
0.0,0.014802963
0.0,0.019893557
0.0,0.19778576
0.0,0.038480997
0.0,0.0042825043
0.0,0.6339642
0.0,0.0038836002
1.0,0.70382535
0.0,0.04801804
1.0,0.96595556
0.0,0.0124512315
0.0,0.002506435
0.0,0.017769009
0.0,0.6033705
0.0,0.47214395
0.0,0.074940234
0.0,0.163699
0.0,0.00012385845
0.0,0.0023100674
0.0,0.01367417
0.0,0.3984924
1.0,0.7538233
0.0,0.010763407
0.0,0.0018497109
0.0,0.39173394
0.0,0.036972612
1.0,0.21481997
0.0,0.8104582
1.0,0.41640455
0.0,0.0023405254
0.0,0.01656589
1.0,0.9730725
0.0,0.93030953
1.0,0.6016879
1.0,0.9056748
1.0,0.8901669
1.0,0.7996586
0.0,0.0045408905
1.0,0.6432803
0.0,0.0019110739
0.0,0.008084029
0.0,0.44256
1.0,0.9561907
0.0,0.0002850294
0.0,0.013104111
1.0,0.47529924
1.0,0.97838676
0.0,0.107082754
0.0,0.0018005669
1.0,0.723426
0.0,0.0071754754
1.0,0.7312278
0.0,0.36313602
0.0,0.11231074
1.0,0.9360366
0.0,0.8939947
0.0,0.0011661947
1.0,0.19711828
0.0,0.013233721
1.0,0.9811251
0.0,0.0036000907
1.0,0.50073224
1.0,0.46762764
1.0,0.7040678
1.0,0.97937775
0.0,0.27055573
0.0,0.016369313
1.0,0.4344828
0.0,0.010751843
0.0,0.5501358
1.0,0.7220809
1.0,0.7453215
1.0,0.90325606
0.0,0.010301709
1.0,0.9203112
1.0,0.79389954
0.0,0.03093791
1.0,0.96561027
0.0,0.14264295
1.0,0.8743273
1.0,0.8662647
0.0,0.50175685
0.0,0.79627
1.0,0.8158008
0.0,0.37792835
1.0,0.8361014
0.0,0.63816285
0.0,0.014337122
0.0,0.9062067
1.0,0.98646617
0.0,0.0024487674
0.0,0.0014540851
0.0,0.76469857
1.0,0.26984558
0.0,0.013346821
0.0,0.0034042597
0.0,0.017489254
0.0,0.7948827
1.0,0.79605424
1.0,0.6411681
0.0,0.078792185
0.0,0.19285715
0.0,0.113770515
0.0,0.26365164
0.0,0.0040495694
1.0,0.92006946
0.0,0.07673627
1.0,0.9316827
0.0,0.42456222
0.0,0.42013615
1.0,0.8446742
0.0,0.012410045
0.0,0.13003048
0.0,0.0057255924
0.0,0.002703935
0.0,0.038098514
0.0,0.0008113086
0.0,0.0041382015
0.0,0.04927987
1.0,0.8545543
1.0,0.93882334
0.0,0.0009931922
0.0,0.009043366
1.0,0.8089725
0.0,0.010175437
1.0,0.88689786
0.0,0.50414014
0.0,0.0001795888
1.0,0.90599895
0.0,0.066731066
1.0,0.13419896
0.0,0.13622603
1.0,0.4753675
0.0,0.00838232
0.0,0.00782612
0.0,0.7858802
1.0,0.93817425
0.0,0.00036722422
0.0,0.003221482
0.0,0.0008881688
0.0,0.64012164
1.0,0.34327805
0.0,0.021513611
0.0,0.00060117245
1.0,0.9363961
1.0,0.013215929
0.0,0.10117844
1.0,0.7354723
0.0,0.14440492
0.0,0.5552239
1.0,0.8254373
1.0,0.9743468
0.0,0.042432606
1.0,0.9456303
1.0,0.921801
0.0,0.023831278
0.0,0.014292389
0.0,0.04226634
1.0,0.09585735
0.0,3.159046e-05
0.0,0.0036245286
0.0,0.017277002
1.0,0.9827455
1.0,0.8422889
0.0,0.009884715
1.0,0.33061236
1.0,0.12769184
0.0,0.13606453
1.0,0.84934735
0.0,0.010396868
1.0,0.7167461
0.0,0.020012885
1.0,0.671246
0.0,0.014503747
0.0,0.004456401
1.0,0.8054846
0.0,0.021609068
1.0,0.89158726
0.0,0.012222052
0.0,0.002709657
0.0,0.014958531
1.0,0.42741317
0.0,0.13687414
1.0,0.32113284
0.0,0.0028232634
1.0,0.76654017
1.0,0.6798966
0.0,0.00027394295
1.0,0.9043785
1.0,0.9433347
1.0,0.4318934
1.0,0.54680896
0.0,0.03825435
0.0,0.009227127
0.0,0.8363193
1.0,0.9093508
1.0,0.7157929
0.0,0.076473475
0.0,0.010840595
0.0,0.1406908
1.0,0.97333044
0.0,0.17736453
1.0,0.0059805214
1.0,0.7452605
0.0,0.008925259
0.0,0.0050675273
1.0,0.93416584
0.0,0.73911726
1.0,0.9055605
0.0,0.76413393
0.0,0.029147327
0.0,0.013565093
1.0,0.22103956
0.0,0.052925706
1.0,0.9612112
0.0,0.003442973
1.0,0.59930325
0.0,0.30651167
0.0,0.16647816
1.0,0.42020565
1.0,0.13173345
1.0,0.443284
1.0,0.54436976
0.0,0.016672224
0.0,0.037918
0.0,0.7846468
0.0,0.0019207299
1.0,0.5119633
1.0,0.14696053
0.0,0.0019603074
0.0,0.0044342577
0.0,0.0040999353
1.0,0.51851743
0.0,0.0036023855
0.0,0.004676014
0.0,0.011640638
0.0,0.6094508
0.0,0.061549604
0.0,0.104252726
1.0,0.93487173
0.0,0.7684922
1.0,0.08357304
0.0,0.031450868
0.0,0.117020875
1.0,0.53510904
1.0,0.78410053
1.0,0.88557315
0.0,0.0070303977
0.0,0.012204021
1.0,0.2133553
0.0,0.0022865832
0.0,0.00819397
0.0,0.08292243
1.0,0.74130774
0.0,0.015949845
0.0,0.019604266
1.0,0.96238613
0.0,0.24148631
1.0,0.98572
1.0,0.76496184
1.0,0.9474875
0.0,0.023401618
1.0,0.9665904
1.0,0.7635311
0.0,0.0664238
1.0,0.27614027
0.0,0.021302253
0.0,0.17530334
0.0,0.06699869
0.0,0.0017510056
1.0,0.7802599
1.0,0.76929855
1.0,0.9535981
1.0,0.82126653
1.0,0.9528023
0.0,0.24050474
0.0,0.912503
1.0,0.9511132
0.0,0.009065598
1.0,0.6893601
1.0,0.9760908
0.0,0.14827466
1.0,0.24387959
1.0,0.20097879
0.0,0.015052527
0.0,0.018188208
0.0,0.0023444295
0.0,0.0018166304
1.0,0.8696171
1.0,0.9548056
0.0,0.004995644
0.0,0.008235842
1.0,0.011425465
1.0,0.7515425
1.0,0.20047128
0.0,0.005699247
1.0,0.78481245
1.0,0.4820742
0.0,0.012142122
0.0,0.115026444
1.0,0.8610342
1.0,0.9825275
0.0,0.4368738
1.0,0.72331256
0.0,0.038838208
0.0,0.19137064
1.0,0.9671781
0.0,0.19964013
1.0,0.9624505
0.0,0.3705299
0.0,0.024225622
0.0,0.07981169
1.0,0.9472864
1.0,0.56227523
0.0,0.008999884
0.0,0.0022733808
1.0,0.82713914
0.0,0.005124837
1.0,0.96038234
1.0,0.7949515
1.0,0.74996734
0.0,0.0036647916
0.0,0.22514266
0.0,0.20280007
0.0,0.0018629134
0.0,0.00033134222
1.0,0.8421222
0.0,0.4637376
0.0,0.0031929612
1.0,0.7180654
0.0,0.012317747
1.0,0.029945374
1.0,0.7600812
0.0,0.002812922
0.0,0.05388239
0.0,0.7500186
0.0,0.0018855035
0.0,0.0016225576
0.0,0.0016546845
0.0,0.0016743839
0.0,0.9397665
1.0,0.6008944
1.0,0.96435225
0.0,0.45261467
0.0,0.45821777
0.0,0.00026851892
0.0,0.013755083
0.0,0.001093477
1.0,0.06957543
0.0,0.0064635873
0.0,3.59416e-05
1.0,0.9363538
1.0,0.056338727
0.0,0.0021833181
0.0,0.9373268
0.0,0.0003697276
0.0,0.110434115
0.0,0.0013085604
0.0,0.022185653
1.0,0.8041089
1.0,0.72341865
1.0,0.97359216
0.0,0.0010128617
1.0,0.7542632
1.0,0.8960376
0.0,0.44453478
0.0,0.0012516975
1.0,0.5130309
1.0,0.19116855
1.0,0.8107716
1.0,0.37743977
1.0,0.7419175
0.0,0.121590644
0.0,0.091272056
1.0,0.38049453
0.0,0.0011336803
1.0,0.82771087
0.0,0.0004708171
1.0,0.6190522
0.0,0.008888304
0.0,0.3792311
0.0,0.015668988
0.0,0.009238958
0.0,0.29991245
0.0,4.4941902e-05
0.0,0.0008087754
0.0,0.013703585
0.0,0.48325074
0.0,0.00038853288
0.0,0.0011674464
1.0,0.9528599
1.0,0.278749
1.0,0.90692663
0.0,0.9028338
0.0,0.2525292
0.0,0.746084
0.0,0.017311126
1.0,0.8901425
1.0,0.21962455
1.0,0.8927864
1.0,0.9576361
0.0,0.83938825
0.0,0.010098994
0.0,0.00092718005
1.0,0.64614344
0.0,0.010908574
1.0,0.0019681752
1.0,0.8435532
0.0,0.08934483
0.0,0.0020929277
0.0,0.02347371
0.0,0.3598662
1.0,0.845894
1.0,0.8275729
0.0,0.042742014
1.0,0.9525163
1.0,0.6864548
0.0,0.4879186
0.0,0.011993945
1.0,0.7940078
0.0,0.00051379204
0.0,0.011959165
0.0,0.0027607083
0.0,0.2800708
0.0,0.0031242669
1.0,0.7299728
0.0,0.01338318
0.0,0.71444595
1.0,0.9598613
1.0,0.809447
0.0,0.23862374
0.0,0.5940405
1.0,0.8534105
0.0,0.045805603
0.0,0.00013244152
1.0,0.69830084
0.0,0.08361566
0.0,0.010760158
0.0,0.024099648
1.0,0.9512063
0.0,0.042889237
1.0,0.7726939
1.0,0.8303415
1.0,0.9945257
0.0,0.002574563
1.0,0.53742856
0.0,0.004329443
1.0,0.96998334
0.0,0.038610727
1.0,0.86653006
0.0,0.016352594
0.0,0.00466308
1.0,0.9772598
0.0,0.001188159
0.0,0.0015212893
1.0,0.19144058
1.0,0.70212215
1.0,0.1109288
1.0,0.73442054
1.0,0.11095846
1.0,0.9076021
1.0,0.6881117
0.0,0.002788514
1.0,0.16314793
1.0,0.95022666
0.0,0.0076088607
0.0,0.0045627654
0.0,0.00015059114
1.0,0.22630206
0.0,0.004839778
0.0,0.23935652
0.0,0.12945011
1.0,0.97079194
0.0,0.0027410984
0.0,0.11134964
1.0,0.52087736
1.0,0.92177844
1.0,0.9278712
1.0,0.025067478
0.0,0.99055994
0.0,0.024938852
0.0,0.011813819
0.0,0.04686764
0.0,0.0009343624
0.0,0.36089206
0.0,0.011242241
1.0,0.10201213
1.0,0.9205593
0.0,0.010761231
1.0,0.7825871
0.0,0.004311025
0.0,0.005926192
1.0,0.9763731
0.0,0.0025759637
0.0,0.8225906
0.0,0.0020683408
0.0,0.69109315
0.0,0.025500178
0.0,0.003580451
0.0,0.82618433
1.0,0.5977655
0.0,0.07311061
0.0,0.5615742
1.0,0.9191374
0.0,0.002347678
1.0,0.6278344
0.0,0.0036493242
0.0,0.010640442
0.0,0.018630087
0.0,0.14586914
0.0,0.0021258593
0.0,0.0020574927
0.0,0.045009762
0.0,0.021760583
0.0,0.74890655
1.0,0.45408475
0.0,0.049538374
1.0,0.9116494
0.0,0.2796768
1.0,0.03869778
0.0,0.014971644
0.0,0.021283984
0.0,0.06480521
1.0,0.9400965
1.0,0.082102686
1.0,0.11260468
0.0,0.0048841834
0.0,0.42932948
1.0,0.78666055
0.0,0.053321153
0.0,0.010318816
1.0,0.79614836
0.0,0.01631409
1.0,0.9373869
1.0,0.377351
0.0,0.0010184348
1.0,0.5403611
0.0,0.08419764
1.0,0.12631714
0.0,0.2950218
1.0,0.9854377
0.0,0.0007098019
0.0,0.962379
0.0,0.010163367
0.0,0.073117584
0.0,0.00091940165
0.0,0.022154182
0.0,0.02539149
1.0,0.9382772
0.0,0.016395003
0.0,0.00027644634
0.0,0.00019359589
0.0,0.048353165
0.0,0.108442485
1.0,0.76774174
0.0,0.177719
0.0,0.0077908337
1.0,0.59136724
0.0,0.2883851
1.0,0.9501287
0.0,0.5981019
1.0,0.52443
1.0,0.9448326
0.0,0.0011844337
1.0,0.988541
0.0,0.69680417
0.0,0.0110761225
0.0,0.0023503006
0.0,0.016742706
1.0,0.22777435
1.0,0.9652712
0.0,0.018814743
0.0,0.024674684
1.0,0.9742513
0.0,0.065128
1.0,0.54830134
1.0,0.0233998
1.0,0.54083073
0.0,0.0071007013
1.0,0.71803534
0.0,0.0152870715
1.0,0.91315806
1.0,0.18598488
0.0,0.41241598
0.0,0.8035271
0.0,0.0062461495
0.0,0.06911039
1.0,0.67809594
1.0,0.9411799
1.0,0.85082626
0.0,0.020121992
0.0,0.00042009354
1.0,0.9587718
0.0,0.88512206
0.0,0.00014063716
0.0,0.05697745
1.0,0.43365347
0.0,0.06906748
0.0,0.004062563
0.0,0.06275022
0.0,0.032610327
1.0,0.72689205
1.0,0.72333854
0.0,0.26071212
0.0,0.009221703
0.0,0.010411799
1.0,0.9544604
0.0,0.05789727
0.0,0.8467326
1.0,0.85108566
0.0,0.0016444921
0.0,0.1722506
1.0,0.8860319
0.0,0.22424686
1.0,0.371127
1.0,0.1885058
0.0,0.01000455
0.0,0.0111376345
0.0,0.0012387931
0.0,0.0011891425
1.0,0.97523713
1.0,0.9905796
1.0,0.9086817
1.0,0.5208768
0.0,0.86623836
0.0,0.007624835
1.0,0.7742845
1.0,0.9704684
0.0,0.061335623
0.0,0.044466585
1.0,0.52432
0.0,0.0028432012
1.0,0.8767501
0.0,0.0024604201
0.0,0.30311602
1.0,0.9065305
0.0,0.038095325
0.0,0.0003207922
0.0,0.01854819
0.0,0.03468284
0.0,0.44754305
1.0,0.53258806
0.0,0.003991723
1.0,0.984799
0.0,0.16823766
1.0,0.6854394
0.0,0.012318313
1.0,0.53076136
1.0,0.9654213
1.0,0.9812924
0.0,0.6434385
0.0,0.0024425983
1.0,0.12509468
0.0,0.019227415
0.0,0.012911469
1.0,0.80286235
1.0,0.24105185
0.0,0.027451038
1.0,0.96334934
1.0,0.94990367
0.0,0.8802496
0.0,0.011807382
0.0,0.7963034
0.0,0.0014505684
0.0,0.0005258322
0.0,0.89046246
1.0,0.93646836
1.0,0.9563751
1.0,0.84657216
0.0,0.00027501583
0.0,0.0034953058
0.0,0.0046131015
0.0,0.0063408315
0.0,0.011766553
0.0,0.0038568377
1.0,0.8735571
1.0,0.9366412
1.0,0.43565622
0.0,0.09498525
0.0,0.0072391033
1.0,0.87899756
0.0,0.06271091
0.0,0.7018892
1.0,0.82137793
0.0,0.78868043
0.0,0.22205728
1.0,0.8950335
0.0,0.011869699
1.0,0.30592847
1.0,0.7706796
0.0,0.7986829
0.0,0.004066974
1.0,0.9865911
0.0,0.0005517602
0.0,0.1764887
1.0,0.54281735
1.0,0.8894526
1.0,0.77382076
1.0,0.92936724
0.0,0.9073055
0.0,0.005150497
0.0,0.003131777
1.0,0.89858866
0.0,0.97409093
1.0,0.6121187
0.0,0.665525
1.0,0.84038115
1.0,0.5645672
0.0,0.087004006
0.0,0.0065348446
0.0,0.00034594536
0.0,0.16397467
0.0,0.045504034
0.0,0.0069637
1.0,0.18237892
1.0,0.33615655
0.0,0.40418372
1.0,0.9243956
1.0,0.1452758
0.0,0.00015333295
0.0,0.050164104
1.0,0.65811795
1.0,0.063171834
0.0,0.005880028
0.0,0.074848294
0.0,0.0053284764
0.0,0.03764561
1.0,0.3444481
1.0,0.8814734
0.0,0.026945889
0.0,0.0009627938
0.0,0.0077213347
0.0,0.18669629
0.0,0.0017936826
0.0,0.00810191
0.0,0.7369339
0.0,0.4861482
0.0,0.051230043
0.0,0.010911375
0.0,0.1281951
1.0,0.93088883
1.0,0.7674929
0.0,0.0004195869
0.0,0.027950227
0.0,1.0818243e-05
0.0,0.011000007
0.0,0.099283785
0.0,0.074523866
0.0,0.004044473
0.0,0.66584516
1.0,0.78939223
1.0,0.9830967
1.0,0.8490037
1.0,0.8160168
1.0,0.91927785
0.0,0.25222087
0.0,0.006733477
0.0,0.017174989
0.0,0.0909951
1.0,0.7896787
0.0,0.007279098
1.0,0.7177601
0.0,0.011781156
0.0,0.77958864
0.0,0.8968786
0.0,0.09373394
0.0,0.00954178
0.0,0.32483506
0.0,0.09829402
0.0,0.00216645
1.0,0.7380208
1.0,0.7402512
0.0,0.11705685
0.0,0.07119444
0.0,0.0038057268
0.0,0.0009188354
1.0,0.9475116
0.0,0.001876831
1.0,0.18751523
0.0,0.0049622953
1.0,0.21605492
0.0,0.00218302
0.0,0.05338633
1.0,0.8524543
0.0,0.00012472272
1.0,0.9018973
0.0,0.033311874
0.0,0.35425252
0.0,0.5182594
0.0,0.0008531213
0.0,0.00048446655
1.0,0.95245683
1.0,0.9625735
0.0,0.19347247
0.0,0.022265553
0.0,0.0026104152
0.0,0.1935114
1.0,0.8731976
0.0,0.8245504
1.0,0.2806328
1.0,0.8561717
0.0,0.715094
0.0,0.009362638
0.0,0.049829334
0.0,0.007968217
0.0,0.0182029
0.0,0.0060085654
0.0,0.044659525
0.0,0.39989898
0.0,0.35237014
1.0,0.6214307
0.0,0.9533081
0.0,0.0019894242
1.0,0.89745855
0.0,0.00933665
0.0,0.078677624
0.0,0.0033471286
0.0,0.0077166557
1.0,0.12799722
1.0,0.9709114
1.0,0.97051233
0.0,0.0044898987
0.0,0.0035071075
0.0,0.007630855
0.0,0.81627357
0.0,0.23289323
0.0,0.86490464
1.0,0.9642972
1.0,0.91291153
1.0,0.8625697
0.0,0.010718137
1.0,0.9826137
1.0,0.5797894
0.0,0.010943711
1.0,0.8431912
0.0,0.016187847
0.0,0.019770205
0.0,0.8026487
1.0,0.96590596
1.0,0.85427827
1.0,0.68353695
0.0,0.9087485
0.0,0.3602059
0.0,0.0038000643
1.0,0.9119327
1.0,0.97419035
1.0,0.8462994
1.0,0.7596739
0.0,0.015686393
0.0,0.0052378476
0.0,0.009065896
0.0,0.42148855
1.0,0.909641
0.0,0.0017012954
0.0,0.035404116
0.0,0.10513505
1.0,0.14295116
0.0,0.23897102
0.0,0.11188337
0.0,0.19469315
0.0,0.78877926
0.0,0.023225635
0.0,0.047088087
0.0,0.002023548
0.0,0.1890626
0.0,0.00073316693
1.0,0.97417223
1.0,0.10272831
0.0,0.3370015
0.0,0.91339076
0.0,0.1396218
1.0,0.85519695
0.0,0.0020712018
0.0,0.0193595
0.0,0.61654943
0.0,0.0020916462
1.0,0.90170956
0.0,0.0038166046
0.0,0.025384605
1.0,0.7108831
1.0,0.81415474
1.0,0.93030524
0.0,0.010301799
0.0,0.028973192
1.0,0.72874993
1.0,0.95603657
1.0,0.89272213
0.0,0.9229022
0.0,0.45105803
0.0,0.002380073
1.0,0.028710544
1.0,0.9578189
0.0,0.0040849745
0.0,0.78906417
1.0,0.71541625
1.0,0.9145292
0.0,0.007980078
1.0,0.8758171
1.0,0.38881528
0.0,0.0017165244
1.0,0.09631276
0.0,0.025567293
0.0,0.005325973
0.0,0.89516854
0.0,0.018995613
1.0,0.60928875
0.0,0.11922288
1.0,0.8633623
1.0,0.61667585
1.0,0.04631412
0.0,0.001006335
0.0,0.06826392
1.0,0.4793942
0.0,0.00010725856
1.0,0.6901929
1.0,0.9144209
0.0,0.8544264
0.0,0.03203559
1.0,0.40801656
1.0,0.9907968
0.0,0.0037106872
1.0,0.7841605
1.0,0.6084548
1.0,0.5903561
1.0,0.9458637
1.0,0.4458844
1.0,0.95558095
0.0,0.0069324076
0.0,0.3174302
0.0,0.02739492
1.0,0.90080583
1.0,0.0728631
0.0,0.23163018
0.0,0.041371703
1.0,0.4309264
0.0,0.006942153
1.0,0.9100714
0.0,0.6333297
1.0,0.55715346
1.0,0.95316315
0.0,0.24726877
1.0,0.6158033
0.0,0.0074591935
1.0,0.98674476
1.0,0.92062557
1.0,0.1305812
0.0,0.008688778
0.0,0.0046434104
1.0,0.63895243
0.0,0.17326802
1.0,0.8986396
0.0,0.002852559
0.0,0.15385711
0.0,0.1004532
0.0,0.099024415
0.0,0.00050505996
0.0,0.3055342
0.0,0.29883766
1.0,0.95539075
1.0,0.06430358
0.0,0.0031511188
1.0,0.9553087
1.0,0.92680454
0.0,0.88204056
0.0,0.90096104
0.0,0.07173067
0.0,0.04478526
0.0,0.004117787
0.0,0.3385787
1.0,0.25554037
1.0,0.962536
0.0,0.005492091
0.0,0.00079482794
0.0,0.7025674
0.0,0.817024
0.0,0.18702933
1.0,0.7142198
0.0,0.23502576
0.0,0.010255605
1.0,0.80599767
1.0,0.87526256
0.0,0.008305222
0.0,0.13890794
0.0,0.0025366247
1.0,0.56539994
1.0,0.6739675
0.0,0.009680867
0.0,0.010370731
0.0,0.002136141
0.0,0.26870996
0.0,0.0002733171
1.0,0.8698039
1.0,0.68586844
1.0,0.37572584
0.0,0.00027367473
1.0,0.38661674
0.0,0.5003709
1.0,0.9858202
1.0,0.33763862
0.0,0.011902571
0.0,8.261204e-05
0.0,0.00041753054
0.0,0.45997617
0.0,0.91457975
1.0,0.9779135
0.0,0.46224874
0.0,0.547802
0.0,0.019094735
0.0,0.00031909347
0.0,0.024301589
0.0,0.07287255
0.0,0.239039
1.0,0.4098019
1.0,0.90156937
0.0,0.0017493069
0.0,0.38189495
0.0,0.35950968
0.0,0.027425945
1.0,0.9158823
0.0,0.05342537
0.0,0.18680412
1.0,0.65918034
0.0,0.47307152
0.0,0.009256721
0.0,0.019102752
0.0,0.0021193922
1.0,0.960695
1.0,0.9012208
0.0,0.0073411763
1.0,0.2537622
1.0,0.73959076
1.0,0.7892264
0.0,0.3012986
0.0,0.65141344
1.0,0.8877791
1.0,0.9643083
0.0,0.00073224306
1.0,0.97191346
0.0,0.0013630688
1.0,0.89074564
1.0,0.91403246
1.0,0.88530034
0.0,0.030798644
1.0,0.558584
1.0,0.40862662
0.0,0.030030578
0.0,0.07069367
0.0,0.94181263
0.0,0.012158841
0.0,0.003740728
0.0,0.0011043847
1.0,0.97174644
0.0,0.4126879
0.0,0.106967986
0.0,0.54230344
0.0,0.019108504
0.0,0.038285345
0.0,0.008475244
1.0,0.79682255
0.0,0.038616806
0.0,0.012055606
0.0,0.51099986
1.0,0.55526984
1.0,0.79395187
1.0,0.73701465
1.0,0.9027722
0.0,0.006102085
0.0,0.02977115
0.0,0.08457446
0.0,0.004902154
0.0,0.6536756
0.0,0.022406846
1.0,0.74155957
0.0,0.5321961
1.0,0.43785372
1.0,0.008757472
1.0,0.7474834
0.0,0.0114148855
0.0,0.0055006146
0.0,0.000808686
0.0,0.007879376
1.0,0.8040495
1.0,0.88605
1.0,0.47888586
1.0,0.8280296
1.0,0.97478485
0.0,0.012765348
0.0,0.032337517
0.0,0.8561361
0.0,0.01808232
1.0,0.96633077
0.0,0.0054447055
0.0,0.20862481
1.0,0.94706523
1.0,0.60965204
0.0,0.0020145774
0.0,0.025958568
0.0,0.03360191
0.0,0.15867981
1.0,0.68897396
0.0,0.80917066
0.0,0.56421244
1.0,0.9788581
0.0,0.11532906
1.0,0.9670088
1.0,0.9377778
0.0,0.0023790002
0.0,0.7954638
0.0,0.007594526
0.0,0.015758783
1.0,0.6866834
0.0,0.007252395
0.0,0.13285232
0.0,0.65375006
0.0,0.00034102798
1.0,0.9049521
1.0,0.120120704
1.0,0.8721943
1.0,0.9482219
0.0,0.52536887
0.0,0.003207177
1.0,0.81049895
0.0,0.07054496
1.0,0.24982962
0.0,0.004238367
1.0,0.9499984
1.0,0.94912064
0.0,0.4090717
0.0,0.05346161
0.0,0.45812955
0.0,0.008301705
0.0,0.024109185
0.0,0.016723603
1.0,0.7048454
0.0,0.0011279583
0.0,0.062489837
0.0,0.09064078
0.0,0.08943236
0.0,0.06624138
0.0,0.00812304
0.0,0.107952386
0.0,0.00211367
0.0,0.00030079484
0.0,0.017672837
0.0,0.20982802
0.0,0.003671229
1.0,0.6838018
0.0,0.1894756
1.0,0.9163735
0.0,0.005046904
0.0,0.00029310584
1.0,0.67577183
0.0,0.0008775592
1.0,0.9403678
0.0,0.5205668
1.0,0.9322832
0.0,0.66162705
0.0,0.07256636
1.0,0.79838276
1.0,0.07853013
0.0,0.0024828613
0.0,0.17952183
0.0,0.0020225644
0.0,0.0002374947
0.0,0.002865523
0.0,0.8452064
1.0,0.93399245
1.0,0.6959384
0.0,0.08190787
0.0,0.092666954
1.0,0.78504586
1.0,0.88718355
1.0,0.36547178
0.0,0.003166169
1.0,0.06855592
0.0,0.12510717
1.0,0.3630305
0.0,0.0012009144
1.0,0.45935243
0.0,0.0069409013
0.0,0.31504747
0.0,0.06702492
0.0,0.8015063
1.0,0.92601854
0.0,0.008670092
0.0,0.19553015
1.0,0.9692575
0.0,0.0017712712
0.0,0.8177167
0.0,0.33303025
1.0,0.95457494
0.0,0.11635986
0.0,0.01101765
0.0,0.9348556
1.0,0.82116663
0.0,0.00037932396
0.0,0.40625548
0.0,0.018915564
1.0,0.50213003
0.0,0.003657788
1.0,0.81880665
0.0,0.36808562
1.0,0.47721115
1.0,0.96477544
0.0,0.90505934
1.0,0.95894325
1.0,0.9840279
0.0,0.0045188367
0.0,0.55124843
0.0,0.007754326
1.0,0.97281706
0.0,0.019725382
1.0,0.8599377
1.0,0.24449322
0.0,0.05935639
1.0,0.8891527
0.0,0.5576975
1.0,0.37721023
0.0,0.36176112
1.0,0.5936355
0.0,0.677739
1.0,0.029933274
0.0,0.1228528
0.0,0.0026554763
0.0,0.0018042624
0.0,0.05947277
0.0,0.0039120615
0.0,0.00031760335
0.0,0.00035205483
0.0,0.115965515
0.0,0.050392777
0.0,0.40683606
0.0,0.29978567
0.0,0.01285091
1.0,0.57022995
1.0,0.085223824
0.0,0.63301885
1.0,0.017966002
0.0,0.17471987
0.0,0.28302127
0.0,0.59306115
0.0,0.12373179
0.0,0.08079919
0.0,0.1816245
1.0,0.8046181
0.0,0.0014530122
0.0,0.0020019412
1.0,0.0024751425
0.0,0.0005927086
1.0,0.861394
0.0,0.016538113
0.0,0.014962256
1.0,0.6353992
0.0,0.002298385
1.0,0.91015863
0.0,0.001434803
0.0,5.3852797e-05
0.0,0.0034999847
1.0,0.9648286
0.0,0.014082283
1.0,0.60698545
1.0,0.7414112
0.0,0.90137756
0.0,0.00025203824
1.0,0.025213689
0.0,0.0025762916
0.0,0.14528894
0.0,0.67595947
0.0,0.00319165
0.0,0.79221797
0.0,0.7739358
1.0,0.14239651
0.0,0.014572382
1.0,0.85838103
0.0,0.0016179383
0.0,0.00078746676
0.0,0.0030812323
1.0,0.7600314
1.0,0.9673282
0.0,0.10467684
0.0,0.37813866
0.0,0.0010392666
0.0,0.054367006
0.0,0.011586219
0.0,0.002020806
0.0,0.00016498566
1.0,0.1562373
1.0,0.85342854
0.0,0.027653217
0.0,0.9793632
1.0,0.428176
0.0,0.008928806
1.0,0.93783927
0.0,0.00072419643
0.0,0.014992267
1.0,0.97571933
0.0,0.49216577
1.0,0.86384374
1.0,0.9297745
1.0,0.9349749
0.0,0.08093169
0.0,0.003924936
0.0,0.3808548
1.0,0.9413793
0.0,0.044311464
1.0,0.8942528
0.0,0.018473983
0.0,0.0058820248
0.0,0.1134153
1.0,0.93476284
0.0,0.00068828464
0.0,0.023753792
0.0,0.20581567
1.0,0.027879119
1.0,0.9404533
0.0,0.01785636
0.0,0.008280158
1.0,0.93538946
1.0,0.89274395
1.0,0.81473905
1.0,0.1552543
0.0,0.0051150024
1.0,0.8131287
0.0,0.0139271915
0.0,0.060596436
0.0,0.003995478
1.0,0.6937198
0.0,0.08469102
0.0,0.09698939
0.0,0.0008300543
1.0,0.6235848
0.0,0.091789395
1.0,0.93887144
1.0,0.98329043
0.0,0.0030172765
1.0,0.5692124
0.0,0.007801801
1.0,0.64442116
0.0,0.3631704
0.0,0.004515022
0.0,0.01764825
0.0,0.112665474
1.0,0.9880351
0.0,0.053826332
0.0,0.12770039
0.0,0.6211863
1.0,0.9791597
1.0,0.898726
0.0,0.006755024
1.0,0.92041934
1.0,0.9810804
1.0,0.9834161
1.0,0.33703095
0.0,0.5018516
1.0,0.6873447
0.0,0.06118542
0.0,0.115754366
1.0,0.32413417
0.0,0.017167568
0.0,0.0071504414
0.0,0.16437563
1.0,0.47723672
0.0,0.3730441
0.0,0.18251759
1.0,0.9474454
0.0,0.016082883
1.0,0.7192061
0.0,0.00941667
0.0,0.7810129
1.0,0.8133183
1.0,0.95816374
0.0,0.00509423
1.0,0.959884
1.0,0.8835693
0.0,0.5584623
0.0,0.26442677
1.0,0.6272685
0.0,0.021722078
1.0,0.9571572
0.0,0.015152454
0.0,0.023981482
1.0,0.6241568
1.0,0.75022805
0.0,0.08809528
1.0,0.42888522
0.0,0.017576367
0.0,0.11318293
1.0,0.9234015
0.0,0.048972875
0.0,0.30185193
0.0,0.04883945
1.0,0.87502944
0.0,0.012888938
0.0,0.02513653
1.0,0.4920306
1.0,0.81254745
0.0,0.0050409734
0.0,0.18353763
0.0,0.0013674498
1.0,0.1569595
0.0,0.35000408
0.0,0.0005915761
0.0,0.08096194
0.0,0.0035481453
0.0,0.0012422204
1.0,0.20957762
0.0,0.12480134
0.0,0.000326097
0.0,0.033661187
1.0,0.7282933
1.0,0.97882295
1.0,0.84010756
0.0,0.8902189
0.0,0.0056674182
0.0,0.9703895
1.0,0.89195657
0.0,0.021991909
1.0,0.7713481
0.0,0.00696522
1.0,0.9098487
0.0,0.07156059
1.0,0.8135579
0.0,0.81985414
1.0,0.23307091
0.0,0.07128388
0.0,0.2690168
1.0,0.2003451
1.0,0.9559386
1.0,0.962945
0.0,0.085917056
1.0,0.9468876
1.0,0.6268897
1.0,0.3823981
0.0,0.010074168
1.0,0.76863265
0.0,0.093011975
0.0,0.94859993
1.0,0.4774079
0.0,0.62741435
0.0,0.006825477
0.0,0.03806418
0.0,0.036933333
0.0,0.34603226
1.0,0.9406918
1.0,0.86214733
0.0,0.30120158
0.0,0.76572704
0.0,0.017206043
1.0,0.97318494
0.0,0.52794045
0.0,0.11307961
0.0,0.005083382
0.0,0.0027084947
0.0,0.013554543
0.0,0.73065656
1.0,0.95450807
1.0,0.98318994
1.0,0.13356623
0.0,0.3683045
0.0,0.0030010045
0.0,0.0012249947
0.0,0.008123636
0.0,0.015717745
1.0,0.94437724
0.0,0.00312984
0.0,0.2564029
1.0,0.94915533
0.0,0.10112062
1.0,0.07479629
1.0,0.5390074
0.0,0.57213247
0.0,0.0015623868
0.0,0.030500263
1.0,0.655537
0.0,0.24599388
0.0,0.003435254
1.0,0.8229249
1.0,0.30584204
0.0,0.0012982488
0.0,0.025438279
0.0,0.86474466
0.0,0.0050290823
0.0,0.08915442
1.0,0.35520792
1.0,0.8956902
0.0,0.0043944716
0.0,0.0018111765
0.0,0.7014328
0.0,0.10012779
1.0,0.64860135
0.0,0.0065111816
1.0,0.9664514
0.0,0.032624632
1.0,0.9718483
0.0,0.0008341074
1.0,0.9189396
1.0,0.393716
0.0,0.01011917
0.0,0.12763596
0.0,0.0038914084
0.0,0.032830805
1.0,0.8636593
1.0,0.010924399
1.0,0.15231222
1.0,0.09957382
1.0,0.7961245
0.0,0.00092443824
1.0,0.80380666
1.0,0.79657006
0.0,0.020441085
0.0,0.009535879
0.0,0.009001583
1.0,0.41372812
1.0,0.9615314
0.0,0.9257314
0.0,0.0006559491
1.0,0.7770889
0.0,0.0014364421
0.0,0.00507167
1.0,0.96386343
0.0,0.4928439
0.0,0.022473246
1.0,0.6683023
1.0,0.84017575
0.0,0.0020886958
0.0,0.01573351
0.0,0.041719913
1.0,0.9524528
1.0,0.9248636
0.0,0.46470892
0.0,0.5535648
1.0,0.96035707
1.0,0.78013974
0.0,0.0028690398
0.0,0.15573508
0.0,0.01672402
1.0,0.38691783
1.0,0.52992797
0.0,0.002969265
0.0,0.17831716
1.0,0.9374442
0.0,0.0096613765
0.0,0.013198048
0.0,0.055850536
0.0,0.8494906
1.0,0.70127857
0.0,0.732755
0.0,0.004434794
0.0,0.65546113
0.0,0.34847867
0.0,0.025793076
1.0,0.82006454
1.0,0.5461199
0.0,0.081808
1.0,0.98241276
0.0,0.17685828
1.0,0.96269464
1.0,0.028183818
1.0,0.9635973
0.0,0.0010359883
0.0,0.73448634
0.0,0.002442807
1.0,0.98367214
0.0,0.01257202
1.0,0.94806844
0.0,0.060215056
0.0,0.0007979274
1.0,0.27644452
1.0,0.98056805
0.0,0.00066274405
1.0,0.80289054
0.0,0.004442334
1.0,0.71020126
0.0,0.0010008812
1.0,0.7307483
1.0,0.25485408
0.0,0.023382694
0.0,0.025972337
0.0,0.0037093759
0.0,0.0028357804
0.0,0.0025611818
0.0,0.79106814
0.0,0.1868695
0.0,0.0040434897
0.0,0.9088555
0.0,0.0017692447
1.0,0.94227695
0.0,0.3496346
0.0,0.11523685
1.0,0.95941305
0.0,0.06389579
1.0,0.9780679
0.0,0.008327574
1.0,0.96197116
0.0,0.0031281412
0.0,0.040575713
1.0,0.97654825
0.0,0.011734605
0.0,0.0025819242
0.0,0.0061999857
1.0,0.9496314
1.0,0.34910214
0.0,0.0035631955
1.0,0.8566623
1.0,0.16618526
1.0,0.95486253
0.0,0.21493867
1.0,0.56801426
1.0,0.91796523
0.0,0.18944594
1.0,0.40835577
1.0,0.23855865
0.0,0.016275913
0.0,0.004745513
0.0,0.011822909
0.0,0.005623102
0.0,0.029589921
0.0,0.017794132
0.0,0.0036679506
0.0,9.7453594e-05
1.0,0.8515421
0.0,0.21412393
0.0,0.012913883
0.0,0.016376406
0.0,0.06871146
1.0,0.6945934
0.0,0.002580434
1.0,0.89338183
0.0,0.37908182
0.0,0.0033381581
1.0,0.583411
1.0,0.78057843
0.0,0.14456242
0.0,0.06916484
1.0,0.603933
0.0,0.8826036
0.0,0.095104694
1.0,0.77298903
1.0,0.40505463
1.0,0.5787645
1.0,0.8647207
0.0,0.029928237
0.0,0.0014401972
1.0,0.37699875
0.0,0.0024974048
0.0,0.00043055415
1.0,0.9572327
1.0,0.8204413
1.0,0.9083204
0.0,0.007649839
1.0,0.3123436
1.0,0.9423541
1.0,0.9259908
0.0,0.0063500702
0.0,0.0066210926
1.0,0.08850613
0.0,0.038056105
0.0,0.90213805
0.0,0.05323118
1.0,0.7235157
0.0,0.013513982
0.0,0.008600175
0.0,0.018344998
0.0,0.507752
0.0,0.12114084
0.0,0.0014452338
0.0,0.81782943
1.0,0.96581614
0.0,0.019327998
1.0,0.6643633
0.0,0.0045514703
0.0,0.06610206
0.0,0.8847231
1.0,0.0053539574
0.0,0.7730332
0.0,0.0028527677
0.0,0.00051158667
0.0,0.31137365
0.0,0.12449142
1.0,0.9299855
0.0,0.25164938
1.0,0.80912435
0.0,0.006881416
0.0,0.035045892
0.0,0.010204822
0.0,0.6733234
0.0,0.05332756
0.0,0.43918204
0.0,0.18822941
0.0,0.0068285763
1.0,0.82894284
0.0,0.036838382
1.0,0.7269815
1.0,0.72342247
0.0,0.037600607
0.0,0.019044966
1.0,0.9331461
0.0,0.010340095
1.0,0.69909483
1.0,0.48343718
0.0,0.0035099983
1.0,0.31024522
0.0,0.0016424358
1.0,0.95358944
0.0,0.11213368
0.0,0.18873811
1.0,0.42602217
0.0,0.5397324
0.0,0.0005559921
0.0,0.5876279
1.0,0.5429699
1.0,0.93309236
0.0,0.00025218725
0.0,0.2216149
1.0,0.63335186
0.0,0.5673042
1.0,0.22587693
0.0,0.04497096
1.0,0.31607175
0.0,0.67103857
0.0,0.018676966
0.0,0.7139764
0.0,0.0039568245
0.0,0.2615198
1.0,0.0036625266
0.0,0.48281154
1.0,0.8823836
0.0,0.002553165
1.0,0.15756309
0.0,0.0007184446
0.0,0.0028765798
0.0,0.0072223544
0.0,0.009160459
0.0,0.022060245
0.0,0.03108862
0.0,0.013172656
0.0,0.038865745
1.0,0.8158238
0.0,0.00918138
0.0,0.073865175
1.0,0.35265124
1.0,0.56761855
0.0,0.004891664
0.0,0.0049978495
1.0,0.8917684
0.0,0.116515934
1.0,0.11638048
1.0,0.8645342
1.0,0.780857
1.0,0.71386623
0.0,0.0014950931
0.0,0.00033083558
1.0,0.34636503
0.0,0.14047074
1.0,0.9549384
1.0,0.501765
1.0,0.91434443
0.0,0.06422487
0.0,0.0032906532
0.0,0.016965061
0.0,0.015297234
1.0,0.7811533
1.0,0.84036195
0.0,0.11016846
0.0,0.052060544
0.0,0.37697315
0.0,0.19961563
1.0,0.060856134
1.0,0.85554576
1.0,0.5214194
0.0,0.76760733
1.0,0.19344571
1.0,0.88994986
1.0,0.682212
1.0,0.9422511
0.0,0.29240787
0.0,0.13015682
0.0,0.7614565
0.0,0.057382792
1.0,0.8563547
1.0,0.9881475
1.0,0.89612097
1.0,0.86191845
0.0,0.1934838
0.0,0.0024787486
0.0,0.009460807
0.0,0.11142036
1.0,0.6297575
0.0,0.016975284
0.0,0.0037544072
0.0,0.051612616
0.0,0.002605021
1.0,0.71665186
1.0,0.67644346
1.0,0.96802557
0.0,0.029934675
0.0,0.43835506
1.0,0.78309643
1.0,0.98202455
0.0,0.055996835
1.0,0.86985517
0.0,0.5808353
1.0,0.969173
1.0,0.94547045
1.0,0.067833275
0.0,0.0140482485
0.0,0.041062444
1.0,0.97762585
0.0,0.1426101
0.0,0.3767202
1.0,0.967896
0.0,0.011792034
0.0,0.014808178
0.0,0.06879032
1.0,0.38111517
0.0,0.25459963
0.0,0.43088573
1.0,0.73977655
0.0,0.35120407
0.0,0.011550039
0.0,0.12988895
0.0,0.05667001
1.0,0.7547543
0.0,0.460851
0.0,0.00369519
0.0,0.0001936853
1.0,0.767932
0.0,0.021621674
0.0,0.0009383857
1.0,0.12196702
0.0,0.11910823
0.0,0.0076128244
1.0,0.98062724
1.0,0.60919434
0.0,0.0005327463
1.0,0.074343294
1.0,0.08824071
0.0,0.6710157
0.0,0.40486985
1.0,0.6583539
1.0,0.79374397
0.0,0.0052364767
1.0,0.11518425
1.0,0.766222
1.0,0.5338691
0.0,0.3784262
1.0,0.07830414
0.0,0.0077671707
1.0,0.5991842
0.0,0.0016136765
1.0,0.82584524
0.0,0.7444878
0.0,0.08941591
1.0,0.7058146
0.0,0.0025613904
1.0,0.88191444
1.0,0.58047384
1.0,0.9333571
1.0,0.84831846
0.0,0.011790425
1.0,0.18382493
0.0,0.4280315
0.0,0.004663706
0.0,0.0095692575
0.0,0.0988366
1.0,0.73600835
0.0,0.008882225
0.0,0.7345326
0.0,0.72707367
0.0,0.504544
1.0,0.91822207
0.0,0.1240142
0.0,0.0029233694
0.0,0.018474847
0.0,0.36670002
1.0,0.6527102
0.0,0.01111722
1.0,0.93474853
1.0,0.97826344
0.0,0.6132571
0.0,0.00490734
0.0,0.0057588816
1.0,0.89485836
0.0,0.01002723
1.0,0.030626506
1.0,0.7466295
1.0,0.94553614
0.0,0.7913966
0.0,0.2783726
0.0,0.0055294037
0.0,0.7687269
0.0,0.005152136
0.0,0.0033681095
0.0,0.638669
1.0,0.67970717
0.0,0.009505153
1.0,0.8699806
0.0,0.18802452
1.0,0.8697685
1.0,0.9211128
1.0,0.58328635
1.0,0.8244851
0.0,0.515558
0.0,0.9139242
0.0,0.04581511
1.0,0.7381023
1.0,0.7473707
0.0,0.0030649602
1.0,0.37020925
1.0,0.91563714
1.0,0.9109308
1.0,0.56308484
0.0,0.56429136
0.0,0.011109889
1.0,0.9224473
0.0,0.0061144233
0.0,0.1083805
1.0,0.9664414
0.0,0.008866787
0.0,0.5348148
0.0,0.038227737
0.0,0.005795181
0.0,0.0341112
1.0,0.95459604
0.0,0.008179754
0.0,0.21680686
1.0,0.15645128
0.0,0.028196543
1.0,0.9571706
0.0,0.13253471
0.0,0.004912317
0.0,0.0020016432
0.0,0.12660372
1.0,0.6750196
0.0,0.1261892
0.0,0.1810326
1.0,0.8059796
1.0,0.86452794
0.0,0.017809242
0.0,0.0075825155
0.0,0.0011804402
1.0,0.5708344
0.0,0.0014986098
1.0,0.8733332
1.0,0.6902036
1.0,0.2793362
1.0,0.8267736
1.0,0.60294
0.0,0.945351
1.0,0.8558363
1.0,0.9564966
0.0,0.011417955
0.0,0.0016224384
0.0,0.010191917
1.0,0.7892128
0.0,0.0032391846
0.0,0.005241245
0.0,0.06681633
1.0,0.94779456
0.0,0.036425024
1.0,0.71186626
0.0,0.03868237
0.0,0.7497132
0.0,0.043695003
0.0,0.017877638
0.0,0.010110855
1.0,0.4496647
1.0,0.9516928
0.0,0.027891427
0.0,0.050397784
1.0,0.66623366
0.0,0.00043812394
1.0,0.9477539
0.0,0.012672037
0.0,0.009685814
0.0,0.009181261
1.0,0.96057165
1.0,0.6937408
0.0,0.012204498
0.0,0.3390053
1.0,0.3222996
0.0,0.09586945
0.0,0.016083956
1.0,0.8294513
1.0,0.9762931
1.0,0.9281665
0.0,0.032494545
1.0,0.86878705
1.0,0.8427615
0.0,0.08429834
0.0,0.01878789
0.0,0.008624524
0.0,0.0116840005
0.0,0.00030097365
0.0,0.016103655
1.0,0.57587504
1.0,0.8213389
0.0,0.03316468
0.0,0.021111012
0.0,0.078923136
0.0,0.036815703
1.0,0.82671666
0.0,0.8056164
0.0,0.016788125
0.0,0.7978406
0.0,0.82947266
1.0,0.22638336
0.0,0.0006786585
0.0,0.5988513
1.0,0.9143645
0.0,0.020953447
0.0,0.17135602
0.0,0.010978699
0.0,0.0044974983
1.0,0.55990833
1.0,0.7278809
0.0,0.020743698
0.0,0.94733125
0.0,0.0003787279
0.0,0.84009886
0.0,0.9458145
0.0,0.20335066
0.0,0.0010771155
0.0,0.23855346
1.0,0.0056507587
0.0,0.02824989
1.0,0.16254422
0.0,0.5862818
0.0,0.00022283196
0.0,0.043906122
0.0,0.08165783
0.0,0.09834483
0.0,0.019292176
1.0,0.9341302
0.0,0.003356874
0.0,0.74339014
0.0,0.021814942
1.0,0.5728997
1.0,0.8129457
0.0,0.0040903986
0.0,0.13879159
0.0,0.0016118288
1.0,0.98266757
1.0,0.844829
1.0,0.9361069
0.0,0.07684785
1.0,0.97756624
0.0,0.033902824
0.0,0.0009843111
0.0,0.021634609
1.0,0.028822213
0.0,0.00025567412
0.0,0.004238218
1.0,0.96723616
1.0,0.039733708
0.0,0.043498546
1.0,0.98464704
0.0,0.0046010017
1.0,0.47170052
0.0,0.043749273
1.0,0.7864109
0.0,0.9765109
0.0,0.11733621
1.0,0.7702377
0.0,0.0010764301
0.0,0.398538
0.0,0.004687518
0.0,0.003434956
0.0,0.108082294
0.0,0.004754305
1.0,0.854062
1.0,0.632483
0.0,0.45152864
0.0,0.012534618
0.0,0.004698038
0.0,0.40408868
1.0,0.9620254
0.0,0.005357176
0.0,0.20488554
0.0,0.45059478
0.0,0.52235687
0.0,0.0002773702
1.0,0.8622149
1.0,0.92439026
0.0,0.0028019547
0.0,0.006748438
0.0,0.10914239
0.0,0.014298469
1.0,0.72894305
0.0,0.6346183
0.0,0.13971111
0.0,0.0046373606
1.0,0.2477692
0.0,0.0052021444
0.0,0.019992441
1.0,0.9706658
0.0,0.009312302
0.0,0.107268035
1.0,0.7006794
1.0,0.7728582
1.0,0.60939074
0.0,0.0008562803
0.0,0.0006917119
0.0,0.44724897
0.0,0.004668653
1.0,0.84436655
0.0,0.49646175
1.0,0.2573933
0.0,0.0014231205
0.0,0.002947569
0.0,0.03446579
1.0,0.9628197
0.0,0.42536312
0.0,0.05474177
0.0,0.18609783
1.0,0.7651262
0.0,0.033434838
0.0,0.43620405
0.0,0.0001039505
1.0,0.032301933
0.0,0.0049256384
0.0,0.00038599968
1.0,0.3038043
1.0,0.97269213
0.0,0.000120937824
1.0,0.96944296
1.0,0.91994566
1.0,0.7932793
1.0,0.8386504
0.0,0.007830292
1.0,0.83943385
0.0,0.98226696
1.0,0.01923585
0.0,0.0062657
1.0,0.16709974
0.0,0.1146498
1.0,0.07848784
1.0,0.98767483
1.0,0.5282619
0.0,0.009068549
0.0,0.47656503
0.0,0.8105317
0.0,0.0100803375
0.0,0.009220868
0.0,0.045603126
1.0,0.9689702
1.0,0.83532643
1.0,0.63997793
0.0,0.0011600256
0.0,0.000574708
0.0,0.072271675
0.0,0.023904562
1.0,0.026877075
0.0,0.08808178
0.0,0.003743738
0.0,0.014437616
0.0,0.34892878
1.0,0.95682573
0.0,0.44094017
0.0,0.7661431
0.0,0.41403383
1.0,0.19631642
0.0,0.007724434
0.0,0.35951483
1.0,0.1417206
0.0,0.5233384
1.0,0.7498794
0.0,0.0072985888
0.0,0.19221264
0.0,0.007181525
0.0,0.0018606186
0.0,0.0002118051
1.0,0.8748051
0.0,0.10780138
0.0,0.031094521
1.0,0.82032275
1.0,0.8937191
0.0,0.11893329
1.0,0.0017908812
0.0,0.10671651
0.0,0.03982973
1.0,0.79489136
0.0,0.0029108822
0.0,0.11705428
0.0,0.004976958
0.0,0.013092816
1.0,0.97158027
1.0,0.9680804
1.0,0.6619157
1.0,0.94556963
0.0,0.0025469363
0.0,0.0137017965
0.0,0.2541992
1.0,0.9019152
0.0,0.029895395
0.0,0.01809305
1.0,0.7212187
1.0,0.19887772
1.0,0.93044716
0.0,0.012587488
0.0,0.13531667
0.0,0.15513363
1.0,0.95152557
1.0,0.93438745
1.0,0.92727387
0.0,0.09047693
0.0,0.0023563504
0.0,0.0023025572
1.0,0.67196774
1.0,0.15353844
0.0,0.18899953
1.0,0.8732197
1.0,0.30837497
1.0,0.96804273
1.0,0.49214175
0.0,0.020421922
0.0,0.040908664
1.0,0.067022175
1.0,0.49817666
0.0,0.05005777
0.0,0.0052676797
0.0,0.0013943911
0.0,0.0048964024
0.0,0.008118957
0.0,0.5062784
0.0,0.003603667
0.0,0.0795705
1.0,0.4482367
1.0,0.8064457
0.0,0.66929793
1.0,0.9767238
0.0,0.0014444292
1.0,0.7981482
0.0,0.01695767
1.0,0.96409225
0.0,0.000967592
0.0,0.0045473278
0.0,0.0010782182
0.0,0.06228313
1.0,0.08754739
1.0,0.7547068
0.0,0.0073423684
0.0,0.095815
1.0,0.09655893
0.0,0.023122162
1.0,0.9269092
1.0,0.72563326
0.0,0.003972739
0.0,0.013269097
0.0,0.2642976
0.0,0.95773464
0.0,0.67352724
0.0,0.0022498667
0.0,0.50619256
0.0,0.0039668977
1.0,0.7705085
1.0,0.9317882
1.0,0.4504395
1.0,0.84221613
0.0,0.004097432
0.0,0.17141926
1.0,0.7737321
0.0,0.9043457
0.0,0.0028624535
0.0,0.050180614
1.0,0.41647512
1.0,0.13222125
0.0,0.021753699
1.0,0.92593557
1.0,0.959412
0.0,0.00071671605
0.0,0.014363825
1.0,0.93041265
0.0,0.0030232072
0.0,0.6415357
0.0,0.000246346
0.0,0.0137887
1.0,0.051996112
0.0,0.013426542
0.0,0.0027436912
0.0,0.05466366
1.0,0.426185
0.0,0.0021960735
0.0,0.06623608
1.0,0.9008361
0.0,0.012477845
0.0,0.15198281
0.0,0.95212984
1.0,0.95851064
1.0,0.21791828
1.0,0.17360729
0.0,0.15074629
0.0,0.1989572
1.0,0.0910497
0.0,0.000797987
0.0,0.0037748516
0.0,0.10124296
0.0,0.008665234
1.0,0.37125483
0.0,0.06604347
0.0,0.6991754
1.0,0.8082946
0.0,0.008801311
0.0,0.016308635
0.0,0.5164867
0.0,0.44275674
1.0,0.71553785
1.0,0.9711499
0.0,0.8516533
1.0,0.7052206
0.0,0.0071015954
0.0,0.024085402
0.0,0.0045486987
1.0,0.793567
0.0,0.0023200512
0.0,0.009201914
1.0,0.86337256
1.0,0.9073338
1.0,0.8988993
0.0,0.5090319
1.0,0.7394033
1.0,0.9261222
0.0,8.532405e-05
0.0,0.9166064
0.0,0.45307413
1.0,0.5997058
0.0,0.13071722
0.0,0.6532687
0.0,0.007749349
0.0,0.005058348
0.0,0.003391862
0.0,0.06487244
0.0,0.40031636
0.0,0.42776066
0.0,0.30161235
1.0,0.258341
1.0,0.77339125
1.0,0.6598485
0.0,0.0018518269
1.0,0.96908504
0.0,0.49125412
0.0,0.019694895
1.0,0.92680216
0.0,0.07245377
0.0,0.003158301
0.0,0.21873367
0.0,0.006001979
0.0,0.727567
0.0,0.79798293
0.0,0.03130251
1.0,0.6243662
0.0,0.0009069741
0.0,0.0032494366
0.0,0.00348863
1.0,0.9538981
1.0,0.89845645
0.0,0.63632715
1.0,0.59120214
0.0,0.004433006
1.0,0.3926365
0.0,0.023971945
0.0,0.0029246807
1.0,0.0559417
0.0,0.0042159855
0.0,0.00072327256
1.0,0.6972895
0.0,0.37045628
1.0,0.008682847
0.0,0.22525492
0.0,0.002045244
1.0,0.8947307
0.0,0.004862219
0.0,0.41779235
0.0,0.8719156
0.0,0.0013799965
0.0,0.00031742454
1.0,0.8734292
0.0,0.00086021423
0.0,0.03490761
0.0,0.018143147
1.0,0.59503686
0.0,0.97459555
0.0,0.05044198
1.0,0.76216125
0.0,0.0009754002
0.0,0.00061804056
0.0,0.04152915
0.0,0.07187575
1.0,0.7709363
0.0,0.005100757
0.0,0.0021019578
0.0,0.00051382184
0.0,0.0024427474
0.0,0.383767
1.0,0.898669
1.0,0.89968085
0.0,0.0010982156
1.0,0.79716265
0.0,0.021619588
0.0,0.0042561293
0.0,0.004489213
0.0,0.039714366
1.0,0.76959
0.0,0.018621475
0.0,0.0027181804
0.0,0.48083872
0.0,0.08046168
0.0,0.029349
0.0,0.0014229417
0.0,0.004658222
0.0,0.0026880205
0.0,0.0020415783
0.0,0.87559605
1.0,0.8009199
0.0,0.01882422
0.0,0.12597036
0.0,0.013150692
1.0,0.98128486
0.0,0.31420577
1.0,0.94306874
0.0,0.012189746
0.0,0.030088335
0.0,0.04760185
1.0,0.9498019
1.0,0.98506284
1.0,0.59921414
1.0,0.25181025
0.0,0.116684705
0.0,0.0024125278
1.0,0.9434044
1.0,0.7932645
0.0,0.0054939687
0.0,0.100522965
0.0,0.5991676
1.0,0.8391336
0.0,0.063937545
0.0,0.0048185587
0.0,0.022042423
0.0,0.015297741
1.0,0.75672245
1.0,0.9099226
0.0,0.0017682612
1.0,0.3202107
0.0,0.014188677
0.0,0.0027747452
0.0,0.0021328032
0.0,0.07253501
0.0,0.011246443
1.0,0.9418139
0.0,0.0002812147
0.0,0.010262698
0.0,0.8501495
0.0,0.056486607
0.0,0.51548165
1.0,0.96938705
0.0,0.0124029815
0.0,0.02108702
1.0,0.7222221
0.0,0.5189613
0.0,0.0019395947
1.0,0.9235579
1.0,0.80193216
0.0,0.041820258
1.0,0.8647849
0.0,0.33028847
1.0,0.5130829
1.0,0.99358344
0.0,0.026951611
1.0,0.93775654
0.0,0.043725014
0.0,0.007900447
0.0,0.2905139
0.0,0.5473137
0.0,0.044039875
0.0,0.006839931
0.0,0.11289737
1.0,0.9603491
0.0,0.2942344
0.0,0.002444595
0.0,0.15420794
0.0,0.045659274
1.0,0.9539613
0.0,0.035022885
0.0,0.4948439
0.0,0.002602458
0.0,0.019292474
0.0,0.006404102
0.0,0.9089961
1.0,0.17523468
0.0,0.073773056
1.0,0.7507199
0.0,0.0024156868
1.0,0.12251347
0.0,0.043888837
0.0,0.14745665
0.0,0.010148376
0.0,0.18839273
0.0,0.48695332
0.0,0.035543114
0.0,0.03370768
0.0,0.0017118156
0.0,0.7211803
0.0,0.8579352
1.0,0.8882691
0.0,0.53561586
0.0,0.006015986
1.0,0.992419
0.0,0.025754273
0.0,0.0010003746
0.0,0.00019264221
1.0,0.59426445
1.0,0.7258456
1.0,0.75777507
1.0,0.82398427
0.0,0.1983729
1.0,0.70227623
0.0,0.13126162
1.0,0.64274114
0.0,0.00298962
0.0,0.9228208
0.0,0.03257346
0.0,0.0032901764
0.0,0.021482706
1.0,0.94248617
1.0,0.18277422
0.0,0.9543961
1.0,0.7582271
0.0,0.0029884875
1.0,0.9702304
0.0,0.0062164366
0.0,0.008766741
0.0,0.9630921
0.0,0.45478898
0.0,0.033017665
0.0,0.0008995235
1.0,0.9831847
0.0,7.110834e-05
1.0,0.93707347
1.0,0.85027647
1.0,0.89309037
0.0,0.0004899204
0.0,0.9763361
0.0,0.0014206469
0.0,0.09852347
0.0,0.10890183
1.0,0.66993403
0.0,0.3019979
0.0,0.028185785
0.0,0.2212137
0.0,0.0009061992
0.0,0.0007740855
0.0,0.114403695
0.0,0.7884268
0.0,0.004330516
0.0,0.68993086
1.0,0.9861625
0.0,0.11465594
0.0,0.0054714084
0.0,0.008716077
0.0,0.0024003088
1.0,0.8058735
0.0,0.5649018
1.0,0.9457215
0.0,0.5109923
1.0,0.9756606
1.0,0.911856
0.0,0.0046090186
0.0,0.259871
0.0,0.007564038
0.0,0.19008571
0.0,0.003846079
0.0,0.65228814
1.0,0.94313
0.0,0.014373571
1.0,0.16567063
0.0,0.55527663
0.0,0.00028148293
0.0,0.009435445
1.0,0.70292425
0.0,0.007433057
1.0,0.9805503
0.0,0.0022631586
0.0,0.012249082
0.0,0.697972
0.0,0.34713435
0.0,0.07481977
0.0,0.024416804
1.0,0.609177
1.0,0.8740363
0.0,0.05302608
0.0,0.005211979
0.0,0.009900957
1.0,0.91564524
0.0,0.010974735
1.0,0.2490283
0.0,0.25954798
1.0,0.904295
1.0,0.94159794
0.0,0.080596596
0.0,0.0080369115
0.0,0.005074501
1.0,0.8585386
0.0,0.038693517
0.0,0.632305
1.0,0.9556662
1.0,0.6756632
0.0,0.14221111
0.0,0.019517869
1.0,0.96380204
0.0,0.0044153035
0.0,0.0022129118
0.0,0.023067832
1.0,0.41231975
0.0,0.026596218
0.0,0.010090023
1.0,0.9460956
1.0,0.53313804
0.0,0.33339435
0.0,0.014762968
0.0,0.022709996
1.0,0.93990064
1.0,0.99130785
1.0,0.32654566
0.0,0.04308623
0.0,0.0046030283
0.0,0.15080515
0.0,0.00026395917
1.0,0.8997114
0.0,0.002882719
0.0,0.66269606
0.0,0.014009297
0.0,0.095000714
0.0,0.24475878
0.0,0.0031689703
0.0,0.13640967
0.0,0.012762547
0.0,0.008370072
1.0,0.13135093
1.0,0.76664555
0.0,0.62897736
0.0,0.57514364
1.0,0.023262233
0.0,0.00048819184
1.0,0.8846009
0.0,0.011796862
0.0,0.020509452
1.0,0.9503972
1.0,0.9500038
0.0,0.75728554
0.0,0.38323376
1.0,0.33538124
0.0,0.05500132
0.0,0.054240555
0.0,0.962537
0.0,0.0033525825
1.0,0.94541776
1.0,0.18366387
0.0,0.20448816
0.0,0.0014386177
0.0,0.009682417
1.0,0.93652177
0.0,0.029183388
1.0,0.5581731
0.0,0.18797192
1.0,0.6742488
1.0,0.6137507
0.0,0.48802227
1.0,0.2410363
0.0,0.3508926
0.0,0.0031771064
1.0,0.97660255
1.0,0.21408555
0.0,0.007941425
0.0,0.16107655
0.0,0.8343955
0.0,0.25306052
1.0,0.9600505
0.0,0.054218292
0.0,0.106129795
0.0,0.01025936
1.0,0.85565346
0.0,0.009293705
0.0,0.18432346
1.0,0.9262674
0.0,9.840727e-05
0.0,0.59980655
0.0,0.16124472
1.0,0.24942315
0.0,0.073125035
1.0,0.92092925
0.0,0.004215777
1.0,0.2241951
1.0,0.3186981
1.0,0.9291
1.0,0.7818357
0.0,0.00017768145
1.0,0.7620053
0.0,0.037660092
1.0,0.9848242
1.0,0.75729334
0.0,0.094818175
1.0,0.7386258
0.0,0.00048938394
1.0,0.47106165
1.0,0.52681124
0.0,0.0047863424
0.0,0.9214469
1.0,0.989789
1.0,0.043895185
0.0,0.10620031
0.0,0.21303809
0.0,0.00013118982
0.0,0.0021181107
0.0,0.57860446
1.0,0.91601264
1.0,0.9433766
1.0,0.19056979
1.0,0.7567321
1.0,0.9286185
1.0,0.96851397
0.0,0.44079262
1.0,0.9800781
0.0,0.008905619
0.0,0.0048078597
0.0,0.028083354
1.0,0.011150122
1.0,0.0647966
0.0,0.046491086
0.0,0.013194025
0.0,0.8676122
1.0,0.8106936
1.0,0.34333268
1.0,0.86270726
0.0,0.0027151406
0.0,0.9390136
0.0,0.0491547
0.0,0.13663626
0.0,0.009065449
0.0,0.024419814
1.0,0.974902
1.0,0.79507715
0.0,0.0083679855
0.0,0.07146025
0.0,0.48314673
0.0,0.61338437
0.0,0.71644187
0.0,0.12702537
0.0,0.09695697
1.0,0.80060256
0.0,0.08150092
1.0,0.84072626
0.0,0.0026528537
0.0,0.753657
0.0,0.040938407
0.0,0.8569488
1.0,0.89910233
1.0,0.75409013
1.0,0.8220397
1.0,0.7926585
0.0,0.0012341738
0.0,0.64723563
1.0,0.42992365
1.0,0.6847604
0.0,0.09401858
0.0,0.0040916502
0.0,0.14596501
1.0,0.26766527
0.0,0.003916353
1.0,0.012530088
0.0,0.00804913
0.0,0.04699424
0.0,0.013513505
0.0,0.021539986
0.0,0.3062971
0.0,0.014993429
0.0,0.042802304
1.0,0.9733838
0.0,0.0030834079
0.0,0.3805017
0.0,0.008147448
1.0,0.6186466
0.0,0.014408529
1.0,0.984226
0.0,0.0026619434
0.0,0.004732549
0.0,0.0018270016
0.0,0.42001623
0.0,0.0031383932
0.0,0.01015228
1.0,0.69573534
0.0,0.6775093
1.0,0.7329965
1.0,0.91475147
0.0,0.0063160956
0.0,0.2801495
1.0,0.87077254
1.0,0.9912447
0.0,0.16390803
0.0,0.32660857
0.0,0.02414614
0.0,0.077153414
0.0,0.0025405288
1.0,0.66449404
0.0,0.012755126
1.0,0.35094225
1.0,0.19500482
0.0,0.81480086
0.0,0.18319815
0.0,0.011129469
0.0,0.0015561879
0.0,0.9184679
0.0,0.0036138892
0.0,0.050647676
0.0,0.7838166
1.0,0.58055395
1.0,0.61722517
0.0,0.028762132
0.0,0.011133701
0.0,0.5431732
1.0,0.87582827
0.0,0.0005055964
0.0,0.00753358
1.0,0.542399
1.0,0.93289286
0.0,0.12089595
0.0,0.5387459
0.0,0.009459615
1.0,0.9400289
0.0,0.016626894
1.0,0.8177203
1.0,0.7107676
0.0,0.006646365
0.0,0.032271087
0.0,0.023643017
1.0,0.78493786
0.0,0.06867853
1.0,0.719978
0.0,0.009318024
1.0,0.7414632
0.0,0.12870207
0.0,0.019996256
0.0,0.021620333
1.0,0.9752282
0.0,0.6673616
1.0,0.84686047
1.0,0.47787645
0.0,0.004316896
1.0,0.10009742
0.0,0.1014685
1.0,0.19057009
0.0,0.004303485
1.0,0.93745804
0.0,0.00042569637
1.0,0.7595571
1.0,0.949933
1.0,0.97848976
0.0,0.009910047
1.0,0.8994434
1.0,0.8003442
0.0,0.020880014
1.0,0.90999246
1.0,0.33215427
1.0,0.054036945
0.0,0.25979
0.0,0.08368232
0.0,0.7689018
0.0,0.25287446
