0.0,0.50253475
0.0,0.47800595
1.0,0.40743643
0.0,0.047667563
1.0,0.50971544
0.0,0.047989935
1.0,0.9471276
1.0,0.68019426
1.0,0.70672315
0.0,0.026054442
0.0,0.32858282
1.0,0.8435175
0.0,0.013914555
0.0,0.13464195
0.0,0.026901871
0.0,0.0048134625
1.0,0.7747715
0.0,0.022081196
0.0,0.035016716
1.0,0.14609626
1.0,0.5209843
0.0,0.0222722
1.0,0.908121
0.0,0.22806093
0.0,0.009191036
1.0,0.6193522
0.0,0.14221087
1.0,0.71000016
0.0,0.0038205683
1.0,0.80500114
0.0,0.017406374
0.0,0.2174123
1.0,0.9023668
1.0,0.97707987
1.0,0.80181956
1.0,0.891704
1.0,0.8113534
0.0,0.01884529
1.0,0.75610614
1.0,0.053533107
1.0,0.92124784
1.0,0.94401133
0.0,0.038302153
1.0,0.8958684
1.0,0.61475813
0.0,0.036415964
0.0,0.0053966343
0.0,0.03271666
0.0,0.02594918
1.0,0.9414442
0.0,0.3834849
1.0,0.72484857
1.0,0.9587189
1.0,0.6851524
0.0,0.049155146
0.0,0.031725228
0.0,0.4141997
1.0,0.07480672
1.0,0.8771951
1.0,0.277785
1.0,0.935861
0.0,0.37523836
1.0,0.9640345
1.0,0.84838986
1.0,0.7290559
0.0,0.19154143
0.0,0.2551949
1.0,0.870533
0.0,0.04157138
1.0,0.8587668
0.0,0.27201268
1.0,0.8907516
0.0,0.0063222945
0.0,0.11859825
1.0,0.29285875
0.0,0.43189722
0.0,0.020681232
0.0,0.09609595
0.0,0.054558665
1.0,0.8401828
0.0,0.019637614
1.0,0.97028244
1.0,0.92631316
1.0,0.98384297
1.0,0.93133855
1.0,0.779588
1.0,0.8955736
0.0,0.19146055
0.0,0.049405664
1.0,0.76906204
0.0,0.02208209
1.0,0.046013266
0.0,0.02132988
0.0,0.77865815
0.0,0.09156698
1.0,0.91966593
0.0,0.058723092
0.0,0.026167303
1.0,0.32309067
1.0,0.98406124
0.0,0.013009518
0.0,0.087524205
1.0,0.012931436
0.0,0.17890301
0.0,0.16800418
1.0,0.813022
1.0,0.020821333
0.0,0.025767416
1.0,0.2649756
1.0,0.95602727
1.0,0.73252475
0.0,0.05243081
1.0,0.011924148
0.0,0.059139162
0.0,0.027365685
1.0,0.3209809
0.0,0.07354316
1.0,0.67693895
1.0,0.6033698
1.0,0.94302934
0.0,0.3848754
1.0,0.9254098
0.0,0.852339
0.0,0.045228273
0.0,0.35905138
1.0,0.33398175
0.0,0.014856726
0.0,0.16574529
1.0,0.9160969
1.0,0.72583675
1.0,0.93549263
0.0,0.01578486
0.0,0.0340873
1.0,0.67058897
1.0,0.9533187
0.0,0.74313617
0.0,0.0536938
0.0,0.029650182
0.0,0.083797276
0.0,0.029373378
1.0,0.9100546
0.0,0.12877199
1.0,0.097626746
0.0,0.042290777
0.0,0.05952558
0.0,0.0036216676
1.0,0.42597592
0.0,0.04023853
0.0,0.060303807
0.0,0.054158747
0.0,0.04400602
0.0,0.008808136
0.0,0.017957717
0.0,0.8575934
0.0,0.19778824
1.0,0.8486289
0.0,0.019074261
0.0,0.030741155
1.0,0.97489995
0.0,0.03335178
0.0,0.36129183
0.0,0.074350685
0.0,0.032867134
0.0,0.18753204
1.0,0.9754318
0.0,0.1707859
1.0,0.45614347
0.0,0.059295
0.0,0.0145382285
1.0,0.7843082
0.0,0.8514142
0.0,0.8667438
0.0,0.9067242
0.0,0.006248653
1.0,0.7999253
1.0,0.89024365
0.0,0.1043461
1.0,0.75360185
0.0,0.26516306
1.0,0.9599149
1.0,0.92883646
1.0,0.8782309
1.0,0.9018707
1.0,0.8517103
0.0,0.6393489
0.0,0.0049054623
0.0,0.028961837
0.0,0.9318165
0.0,0.18865713
0.0,0.044052303
1.0,0.14801294
0.0,0.013835669
0.0,0.55492896
1.0,0.8486967
1.0,0.82149875
1.0,0.90626097
0.0,0.0174779
0.0,0.44833815
0.0,0.028886735
1.0,0.025143445
0.0,0.53024894
0.0,0.6633693
0.0,0.11432204
0.0,0.18493003
0.0,0.06618595
1.0,0.05620122
0.0,0.024275512
1.0,0.1578885
0.0,0.0052965283
0.0,0.22582349
0.0,0.018033743
1.0,0.9270071
0.0,0.18550903
0.0,0.19089678
0.0,0.046034843
0.0,0.013244718
0.0,0.83732724
0.0,0.19172311
1.0,0.9856006
0.0,0.012876749
0.0,0.028060108
1.0,0.78137916
1.0,0.94500935
0.0,0.38877994
0.0,0.047248006
0.0,0.008377016
0.0,0.16208696
0.0,0.26007482
0.0,0.1423564
1.0,0.9574591
0.0,0.050740123
1.0,0.41302365
0.0,0.017636687
1.0,0.77876186
1.0,0.26739088
0.0,0.018537939
0.0,0.062047273
0.0,0.051324606
1.0,0.6163852
1.0,0.8293164
1.0,0.89336526
1.0,0.7543186
0.0,0.016557992
0.0,0.6452839
1.0,0.9714354
0.0,0.70877033
0.0,0.012333393
0.0,0.009907275
0.0,0.3087759
0.0,0.124482036
0.0,0.014724165
0.0,0.13503882
1.0,0.7901547
0.0,0.021264195
0.0,0.25536436
0.0,0.102108955
1.0,0.8328792
1.0,0.6579596
0.0,0.014026523
0.0,0.040473282
0.0,0.036360353
1.0,0.8563351
0.0,0.037637115
0.0,0.017499238
0.0,0.038832933
0.0,0.011498988
1.0,0.9082825
1.0,0.6701015
1.0,0.972634
0.0,0.052291065
1.0,0.851781
0.0,0.038274735
0.0,0.038889915
0.0,0.40056306
1.0,0.7430858
1.0,0.6988449
0.0,0.024519086
0.0,0.028186172
1.0,0.86853373
1.0,0.58350873
0.0,0.24548513
1.0,0.39206678
1.0,0.7809228
0.0,0.7107343
0.0,0.21622217
0.0,0.014158934
0.0,0.032542318
0.0,0.40317348
0.0,0.028885722
1.0,0.96330047
0.0,0.055559218
0.0,0.023740828
1.0,0.9597765
0.0,0.07093981
1.0,0.9528209
1.0,0.05834514
1.0,0.78846335
1.0,0.83645374
1.0,0.86473614
0.0,0.057549298
1.0,0.872246
0.0,0.7642653
1.0,0.970641
0.0,0.7949946
0.0,0.12598792
0.0,0.030547768
0.0,0.12518647
0.0,0.30035824
1.0,0.96966267
0.0,0.9275805
1.0,0.80031216
0.0,0.7098526
1.0,0.7102701
1.0,0.8915486
0.0,0.012750298
0.0,0.013084501
0.0,0.016511947
1.0,0.8575506
1.0,0.22331735
0.0,0.005334586
0.0,0.0035618842
0.0,0.019780487
0.0,0.058002144
1.0,0.867656
1.0,0.71331364
0.0,0.05804774
0.0,0.4765396
1.0,0.8078523
1.0,0.9171258
1.0,0.6635727
0.0,0.042007595
0.0,0.72524285
0.0,0.013465196
0.0,0.8559613
1.0,0.96223485
1.0,0.72246253
0.0,0.0950388
0.0,0.03692788
0.0,0.009477079
0.0,0.31460643
0.0,0.0063171983
0.0,0.3590264
1.0,0.1895434
0.0,0.049471796
0.0,0.034751773
0.0,0.044631034
0.0,0.850034
0.0,0.6005737
0.0,0.075919926
0.0,0.0094537735
1.0,0.5790447
0.0,0.021147728
1.0,0.7932557
0.0,0.00993681
0.0,0.09617683
0.0,0.04898292
0.0,0.0039904118
0.0,0.8742797
1.0,0.35156888
1.0,0.8544442
0.0,0.47535786
1.0,0.77949464
0.0,0.014369339
0.0,0.1203869
0.0,0.17200002
0.0,0.75802076
0.0,0.013841391
0.0,0.002960205
1.0,0.34530872
0.0,0.018225163
1.0,0.96028155
0.0,0.03758338
1.0,0.39963952
0.0,0.14617231
1.0,0.049476415
1.0,0.9342371
1.0,0.91495764
0.0,0.015898854
0.0,0.01099962
1.0,0.93190926
0.0,0.037624955
0.0,0.0403153
1.0,0.026557505
1.0,0.97514427
0.0,0.3159213
1.0,0.89946723
1.0,0.9858904
0.0,0.35338598
0.0,0.038086683
0.0,0.17104897
0.0,0.031725228
0.0,0.027108878
0.0,0.10017237
1.0,0.9694139
0.0,0.32014495
1.0,0.8344306
1.0,0.23398727
0.0,0.026074022
0.0,0.16461852
0.0,0.64089006
1.0,0.9547459
1.0,0.8612778
1.0,0.22501522
0.0,0.064119786
1.0,0.93960917
1.0,0.8698869
0.0,0.03042075
0.0,0.29109377
0.0,0.85423875
0.0,0.3819322
1.0,0.93268144
0.0,0.015069991
1.0,0.4125826
0.0,0.5899898
0.0,0.05184409
0.0,0.050297916
0.0,0.015462488
0.0,0.0134574175
0.0,0.044412524
0.0,0.01566279
0.0,0.026155561
0.0,0.069806695
0.0,0.37268108
0.0,0.15759134
0.0,0.022438198
0.0,0.580346
0.0,0.01638621
1.0,0.85466385
0.0,0.050082237
1.0,0.95294255
0.0,0.012426227
0.0,0.07390186
0.0,0.043178976
0.0,0.7209834
0.0,0.32066864
0.0,0.103658974
0.0,0.25338325
0.0,0.0146847665
0.0,0.013245612
0.0,0.03843516
0.0,0.28073967
1.0,0.8452579
0.0,0.021334708
0.0,0.012328744
0.0,0.74946356
0.0,0.03184548
1.0,0.70231116
0.0,0.83361995
1.0,0.34650448
0.0,0.014168143
0.0,0.11106506
1.0,0.897442
0.0,0.89680606
1.0,0.31419864
1.0,0.9170996
1.0,0.6726645
1.0,0.92459464
0.0,0.02099064
1.0,0.5344137
0.0,0.009932369
0.0,0.0394409
0.0,0.19597012
1.0,0.9432051
0.0,0.11699441
0.0,0.021232367
1.0,0.33455548
1.0,0.95908237
0.0,0.07293305
0.0,0.007689595
1.0,0.61238074
0.0,0.03068158
1.0,0.7735072
0.0,0.46073303
0.0,0.24030593
1.0,0.856654
0.0,0.69199085
0.0,0.007077098
1.0,0.34225816
0.0,0.082773745
1.0,0.9789808
0.0,0.017229319
1.0,0.43824226
1.0,0.36542314
1.0,0.74887836
1.0,0.94783664
0.0,0.12627763
0.0,0.106188506
1.0,0.70732856
0.0,0.017521381
0.0,0.48355684
1.0,0.70452833
1.0,0.71877885
1.0,0.82045317
0.0,0.019931108
1.0,0.823051
1.0,0.89407504
0.0,0.20332319
1.0,0.92535377
0.0,0.0967083
1.0,0.44376627
1.0,0.8881514
0.0,0.78064847
0.0,0.31381625
1.0,0.29876077
0.0,0.20054871
1.0,0.74843186
0.0,0.5380351
0.0,0.029107302
0.0,0.94099104
1.0,0.9823723
0.0,0.007448733
0.0,0.020854473
0.0,0.74925995
1.0,0.29743552
0.0,0.14595836
0.0,0.021244973
0.0,0.22219104
0.0,0.8646934
1.0,0.7601061
1.0,0.92864037
0.0,0.089464515
0.0,0.18894958
0.0,0.13792112
0.0,0.4791786
0.0,0.053311348
1.0,0.92707133
0.0,0.044788927
1.0,0.8197539
0.0,0.85869735
0.0,0.20625338
1.0,0.74284655
0.0,0.026417106
0.0,0.12251133
0.0,0.015020609
0.0,0.019274324
0.0,0.039417237
0.0,0.014894038
0.0,0.007981867
0.0,0.09604755
1.0,0.83053315
1.0,0.9615407
0.0,0.013792783
0.0,0.038039774
1.0,0.9640825
0.0,0.017937005
1.0,0.8139321
0.0,0.3256817
0.0,0.010318518
1.0,0.760431
0.0,0.2604296
1.0,0.573063
0.0,0.55708694
1.0,0.4508333
0.0,0.030833274
0.0,0.03957355
0.0,0.6531559
1.0,0.92245865
0.0,0.030320704
0.0,0.035775512
0.0,0.02291125
0.0,0.8738018
1.0,0.49013776
0.0,0.010563433
0.0,0.0072140694
1.0,0.9595077
1.0,0.28721198
0.0,0.33924237
1.0,0.77830625
0.0,0.043984503
0.0,0.64165324
1.0,0.8991399
1.0,0.948984
0.0,0.041974574
1.0,0.94240344
1.0,0.6546881
0.0,0.035402805
0.0,0.053792
0.0,0.07279283
1.0,0.045154005
0.0,0.002849847
0.0,0.024882942
0.0,0.02105245
1.0,0.9758116
1.0,0.7303519
0.0,0.058889627
1.0,0.47363433
1.0,0.09535673
0.0,0.12476009
1.0,0.8731567
0.0,0.00898242
1.0,0.66687894
0.0,0.0873138
1.0,0.7689599
0.0,0.016123295
0.0,0.00926587
1.0,0.8146424
0.0,0.020312548
1.0,0.8298222
0.0,0.07505557
0.0,0.0974859
0.0,0.016056836
1.0,0.7370136
0.0,0.43796003
1.0,0.43941328
0.0,0.012413651
1.0,0.80651057
1.0,0.7700221
0.0,0.02899003
1.0,0.9059496
1.0,0.95455724
1.0,0.08808905
1.0,0.7650137
0.0,0.07826236
0.0,0.021865398
0.0,0.6071663
1.0,0.9278583
1.0,0.31846184
0.0,0.029566526
0.0,0.026805162
0.0,0.09732875
1.0,0.93652743
0.0,0.6061758
1.0,0.040237725
1.0,0.71969056
0.0,0.05754006
0.0,0.06571552
1.0,0.9417573
0.0,0.7151927
1.0,0.9625888
0.0,0.76473
0.0,0.05076441
0.0,0.09960565
1.0,0.2785198
0.0,0.034449488
1.0,0.93222094
0.0,0.02829197
1.0,0.33012003
0.0,0.34967116
0.0,0.058753848
1.0,0.1481609
1.0,0.7068377
1.0,0.45238107
1.0,0.85040855
0.0,0.030376345
0.0,0.0329732
0.0,0.6515771
0.0,0.0021118522
1.0,0.85736865
1.0,0.539349
0.0,0.017044008
0.0,0.018241227
0.0,0.010308683
1.0,0.7404563
0.0,0.028403372
0.0,0.057272047
0.0,0.028505415
0.0,0.5996718
0.0,0.09799439
0.0,0.26412135
1.0,0.9457915
0.0,0.73606277
1.0,0.08026466
0.0,0.061063677
0.0,0.55874294
1.0,0.82439935
1.0,0.7346262
1.0,0.94803405
0.0,0.037361056
0.0,0.03228739
1.0,0.36825764
0.0,0.020139515
0.0,0.03851995
0.0,0.10236281
1.0,0.90616167
0.0,0.13728127
0.0,0.055052757
1.0,0.9498112
0.0,0.039144337
1.0,0.9810307
1.0,0.93575716
1.0,0.9525624
0.0,0.01354745
1.0,0.92947626
1.0,0.5791008
0.0,0.24565732
1.0,0.5046918
0.0,0.058182746
0.0,0.33807164
0.0,0.161482
0.0,0.01643765
1.0,0.9268012
1.0,0.8257582
1.0,0.9171009
1.0,0.85926014
1.0,0.8993268
0.0,0.42443436
0.0,0.9299848
1.0,0.94619757
0.0,0.026836455
1.0,0.63993275
1.0,0.97640103
0.0,0.15808243
1.0,0.6796812
1.0,0.19251332
0.0,0.042487174
0.0,0.027218997
0.0,0.018187553
0.0,0.020789295
1.0,0.2844475
1.0,0.9113641
0.0,0.024244368
0.0,0.060628563
1.0,0.018283784
1.0,0.5847544
1.0,0.14525747
0.0,0.048636854
1.0,0.88370883
1.0,0.7413198
0.0,0.017721206
0.0,0.20271173
1.0,0.8733702
1.0,0.9744736
0.0,0.5805456
1.0,0.78564566
0.0,0.050339907
0.0,0.11819151
1.0,0.90493417
0.0,0.6314925
1.0,0.97477335
0.0,0.7113686
0.0,0.049069434
0.0,0.037947506
1.0,0.9019474
1.0,0.3491661
0.0,0.012943804
0.0,0.09106678
1.0,0.63988537
0.0,0.035912722
1.0,0.97012603
1.0,0.8483819
1.0,0.72539127
0.0,0.036895186
0.0,0.69939256
0.0,0.06578696
0.0,0.008641481
0.0,0.0074010193
1.0,0.8627701
0.0,0.29938418
0.0,0.05417961
1.0,0.9109885
0.0,0.018008739
1.0,0.1524544
1.0,0.7716798
0.0,0.024973541
0.0,0.32109505
0.0,0.7661356
0.0,0.011096835
0.0,0.012000829
0.0,0.028461337
0.0,0.019247115
0.0,0.85334885
1.0,0.43283775
1.0,0.94067186
0.0,0.75844073
0.0,0.6827215
0.0,0.04166493
0.0,0.0462265
0.0,0.018951774
1.0,0.05321756
0.0,0.021464556
0.0,0.001369834
1.0,0.78046024
1.0,0.41665703
0.0,0.03228712
0.0,0.9259707
0.0,0.0027233064
0.0,0.09763545
0.0,0.010466278
0.0,0.07617682
1.0,0.9174441
1.0,0.87033165
1.0,0.93165576
0.0,0.0120719075
1.0,0.7444179
1.0,0.9406471
0.0,0.10170427
0.0,0.0022124946
1.0,0.63082725
1.0,0.121177584
1.0,0.7914195
1.0,0.8510011
1.0,0.7227307
0.0,0.09997615
0.0,0.13967678
1.0,0.59862465
0.0,0.018817931
1.0,0.9020219
0.0,0.004830569
1.0,0.37406737
0.0,0.022647649
0.0,0.5580795
0.0,0.043349355
0.0,0.09603971
0.0,0.49538708
0.0,0.004856646
0.0,0.011604935
0.0,0.18824115
0.0,0.5514275
0.0,0.025840282
0.0,0.017368793
1.0,0.93140256
1.0,0.5856514
1.0,0.94123137
0.0,0.85084677
0.0,0.4680646
0.0,0.61381525
0.0,0.022870988
1.0,0.93104184
1.0,0.36855292
1.0,0.8735588
1.0,0.9473194
0.0,0.87066245
0.0,0.016981483
0.0,0.014487535
1.0,0.5905872
0.0,0.068801075
1.0,0.005025089
1.0,0.90034974
0.0,0.3946421
0.0,0.02212888
0.0,0.018346667
0.0,0.29559678
1.0,0.7038139
1.0,0.7711679
0.0,0.04039499
1.0,0.7659451
1.0,0.644344
0.0,0.45057163
0.0,0.03826055
1.0,0.8326798
0.0,0.015437156
0.0,0.19111612
0.0,0.016385436
0.0,0.3983915
0.0,0.027099133
1.0,0.43460602
0.0,0.31092334
0.0,0.70578206
1.0,0.9478579
1.0,0.81538814
0.0,0.3223346
0.0,0.3760768
1.0,0.7087339
0.0,0.093531996
0.0,0.0021511316
1.0,0.87520254
0.0,0.051150918
0.0,0.0373888
0.0,0.042809308
1.0,0.9773923
0.0,0.19179544
1.0,0.81886256
1.0,0.70635873
1.0,0.98913074
0.0,0.01620099
1.0,0.4430856
0.0,0.03708756
1.0,0.8929144
0.0,0.10511792
1.0,0.91756785
0.0,0.023908526
0.0,0.024419188
1.0,0.9177234
0.0,0.012620717
0.0,0.014957845
1.0,0.6713538
1.0,0.777855
1.0,0.3507765
1.0,0.64024585
1.0,0.47955856
1.0,0.9043226
1.0,0.5040028
0.0,0.018800795
1.0,0.5158155
1.0,0.95495373
0.0,0.04856044
0.0,0.024106115
0.0,0.007915139
1.0,0.42810386
0.0,0.04434228
0.0,0.21165124
0.0,0.2053282
1.0,0.82840556
0.0,0.03715083
0.0,0.5026824
1.0,0.70367455
1.0,0.8307874
1.0,0.73301876
1.0,0.07225531
0.0,0.9742949
0.0,0.034793317
0.0,0.027479887
0.0,0.06902054
0.0,0.013815671
0.0,0.46434483
0.0,0.040326655
1.0,0.1739259
1.0,0.8670224
0.0,0.030572534
1.0,0.9039916
0.0,0.018861651
0.0,0.007296115
1.0,0.9741603
0.0,0.025820285
0.0,0.8405658
0.0,0.032540917
0.0,0.8119457
0.0,0.019572794
0.0,0.024993122
0.0,0.898203
1.0,0.66413045
0.0,0.08430964
0.0,0.7985717
1.0,0.8354479
0.0,0.038918644
1.0,0.7131403
0.0,0.064846784
0.0,0.008885473
0.0,0.032286048
0.0,0.15494967
0.0,0.0034492016
0.0,0.0144068
0.0,0.049170494
0.0,0.12894705
0.0,0.7049751
1.0,0.44031873
0.0,0.118404895
1.0,0.903345
0.0,0.5144987
1.0,0.5261759
0.0,0.029387563
0.0,0.016502798
0.0,0.22235504
1.0,0.9289391
1.0,0.11102587
1.0,0.0782778
0.0,0.030042678
0.0,0.22815466
1.0,0.8095498
0.0,0.20529833
0.0,0.06017077
1.0,0.6240927
0.0,0.023255885
1.0,0.9344951
1.0,0.34962958
0.0,0.02327764
1.0,0.4126152
0.0,0.2182594
1.0,0.3086873
0.0,0.27137277
1.0,0.9882392
0.0,0.010923564
0.0,0.9504912
0.0,0.0527443
0.0,0.12644315
0.0,0.005182594
0.0,0.0721969
0.0,0.07043797
1.0,0.9607109
0.0,0.015844733
0.0,0.009177268
0.0,0.0032217503
0.0,0.091345996
0.0,0.11690423
1.0,0.5905912
0.0,0.34429654
0.0,0.05293584
1.0,0.48786178
0.0,0.12001273
1.0,0.92169535
0.0,0.75219035
1.0,0.51924396
1.0,0.6465346
0.0,0.010799974
1.0,0.97675323
0.0,0.35795107
0.0,0.03280884
0.0,0.037850976
0.0,0.060200512
1.0,0.7601291
1.0,0.96013975
0.0,0.07607427
0.0,0.029116511
1.0,0.93807983
0.0,0.029045463
1.0,0.6325497
1.0,0.012184411
1.0,0.668328
0.0,0.021511525
1.0,0.60423
0.0,0.047531724
1.0,0.82480013
1.0,0.07033959
0.0,0.032941014
0.0,0.8253592
0.0,0.031624317
0.0,0.24843225
1.0,0.7503537
1.0,0.90893084
1.0,0.9787747
0.0,0.10051903
0.0,0.009554744
1.0,0.97925395
0.0,0.73814404
0.0,0.017972946
0.0,0.06773552
1.0,0.6250049
0.0,0.14772502
0.0,0.025313824
0.0,0.098225445
0.0,0.16019759
1.0,0.744928
1.0,0.9634069
0.0,0.050730854
0.0,0.034209877
0.0,0.020706058
1.0,0.9866631
0.0,0.04339814
0.0,0.7444227
1.0,0.7574852
0.0,0.012189746
0.0,0.42361408
1.0,0.8460047
0.0,0.05088386
1.0,0.40117025
1.0,0.5189636
0.0,0.030066729
0.0,0.027590722
0.0,0.016098678
0.0,0.008725226
1.0,0.8639053
1.0,0.98710483
1.0,0.9623296
1.0,0.3904202
0.0,0.89585876
0.0,0.030403882
1.0,0.7977396
1.0,0.92502666
0.0,0.082743645
0.0,0.020945936
1.0,0.4214136
0.0,0.022304058
1.0,0.7158774
0.0,0.009123296
0.0,0.11992943
1.0,0.8507329
0.0,0.089286864
0.0,0.008767456
0.0,0.02769661
0.0,0.040085018
0.0,0.36452812
1.0,0.40352806
0.0,0.031997442
1.0,0.93937325
0.0,0.18253782
1.0,0.6610549
0.0,0.053004533
1.0,0.7629854
1.0,0.95759153
1.0,0.9770323
0.0,0.7023373
0.0,0.016691178
1.0,0.5109352
0.0,0.08583689
0.0,0.080471784
1.0,0.77198315
1.0,0.4992536
0.0,0.060198277
1.0,0.8738631
1.0,0.9068692
0.0,0.8213973
0.0,0.01875192
0.0,0.45246646
0.0,0.011531621
0.0,0.008384854
0.0,0.8307047
1.0,0.9773038
1.0,0.96665883
1.0,0.8706429
0.0,0.023232758
0.0,0.019316852
0.0,0.006070167
0.0,0.02481696
0.0,0.032240838
0.0,0.10491693
1.0,0.85694325
1.0,0.9299933
1.0,0.44404995
0.0,0.1332792
0.0,0.007768959
1.0,0.92705905
0.0,0.23259678
0.0,0.78624034
1.0,0.81277627
0.0,0.5389534
0.0,0.2953705
1.0,0.30587375
0.0,0.025893748
1.0,0.7179128
1.0,0.91193944
0.0,0.718243
0.0,0.030001402
1.0,0.98041785
0.0,0.003932804
0.0,0.47277385
1.0,0.5579214
1.0,0.83211803
1.0,0.8016177
1.0,0.8742338
0.0,0.87927616
0.0,0.03742966
0.0,0.01715219
1.0,0.788858
0.0,0.95508194
1.0,0.50854295
0.0,0.73270077
1.0,0.83467907
1.0,0.6544857
0.0,0.07525474
0.0,0.091346234
0.0,0.03285888
0.0,0.310901
0.0,0.056393772
0.0,0.014259368
1.0,0.5127668
1.0,0.21911067
0.0,0.6265512
1.0,0.91197264
1.0,0.15359476
0.0,0.0064947903
0.0,0.09355876
1.0,0.75440836
1.0,0.11563477
0.0,0.019482136
0.0,0.13944381
0.0,0.0144732
0.0,0.038003534
1.0,0.49890652
1.0,0.9666296
0.0,0.07468635
0.0,0.0139193535
0.0,0.07569182
0.0,0.19244733
0.0,0.023473024
0.0,0.0757525
0.0,0.7617644
0.0,0.14153835
0.0,0.020597845
0.0,0.062945396
0.0,0.17408437
1.0,0.93518347
1.0,0.9245098
0.0,0.012495786
0.0,0.02090764
0.0,0.0046278536
0.0,0.017558545
0.0,0.08293444
0.0,0.13771021
0.0,0.016977996
0.0,0.76088405
1.0,0.8919669
1.0,0.98264223
1.0,0.9270951
1.0,0.82661307
1.0,0.94880766
0.0,0.44378588
0.0,0.048010945
0.0,0.021250725
0.0,0.071765065
1.0,0.76064324
0.0,0.02082342
1.0,0.88781285
0.0,0.019300818
0.0,0.85631263
0.0,0.81138337
0.0,0.16067165
0.0,0.08127841
0.0,0.6138199
0.0,0.10210058
0.0,0.013056964
1.0,0.9013016
1.0,0.5366469
0.0,0.07812476
0.0,0.25428128
0.0,0.015033305
0.0,0.025152534
1.0,0.90601134
0.0,0.013391823
1.0,0.284177
0.0,0.009898305
1.0,0.57900923
0.0,0.009792358
0.0,0.2445549
1.0,0.8139603
0.0,0.009792179
1.0,0.855227
0.0,0.04075578
0.0,0.6529398
0.0,0.23996633
0.0,0.008563995
0.0,0.015001237
1.0,0.9080044
1.0,0.9383409
0.0,0.5641544
0.0,0.019352823
0.0,0.019106299
0.0,0.065501034
1.0,0.86760134
0.0,0.7638985
1.0,0.42476287
1.0,0.6804851
0.0,0.6723617
0.0,0.020890713
0.0,0.062257975
0.0,0.039090335
0.0,0.04152417
0.0,0.14727208
0.0,0.065485
0.0,0.6495084
0.0,0.22146699
1.0,0.91519827
0.0,0.97655416
0.0,0.01131326
1.0,0.8909975
0.0,0.012670636
0.0,0.02108121
0.0,0.0052480698
0.0,0.033495277
1.0,0.029613286
1.0,0.8934419
1.0,0.939683
0.0,0.018521398
0.0,0.014458597
0.0,0.03702393
0.0,0.67448926
0.0,0.16529444
0.0,0.53227216
1.0,0.975074
1.0,0.93770885
1.0,0.90980744
0.0,0.019964665
1.0,0.9745964
1.0,0.5848691
0.0,0.03384137
1.0,0.8240011
0.0,0.028886825
0.0,0.03669858
0.0,0.77685404
1.0,0.96936834
1.0,0.80291367
1.0,0.79156256
0.0,0.8405386
0.0,0.23414665
0.0,0.020908058
1.0,0.9460242
1.0,0.9577137
1.0,0.9397955
1.0,0.8181282
0.0,0.052093863
0.0,0.028120399
0.0,0.037323743
0.0,0.35054684
1.0,0.895048
0.0,0.021889716
0.0,0.09153238
0.0,0.15280792
1.0,0.20944226
0.0,0.16022745
0.0,0.16502544
0.0,0.084668666
0.0,0.79513896
0.0,0.039797306
0.0,0.029892087
0.0,0.019055068
0.0,0.044596463
0.0,0.026941538
1.0,0.9738808
1.0,0.35747185
0.0,0.6862663
0.0,0.9809852
0.0,0.14330217
1.0,0.7673681
0.0,0.023007065
0.0,0.032391787
0.0,0.34667477
0.0,0.003914267
1.0,0.6283199
0.0,0.024021417
0.0,0.2957961
1.0,0.76450795
1.0,0.5847147
1.0,0.8831396
0.0,0.02715686
0.0,0.20124638
1.0,0.9010134
1.0,0.9542462
1.0,0.95602906
0.0,0.9156075
0.0,0.4012954
0.0,0.029922664
1.0,0.18889105
1.0,0.95455396
0.0,0.01788795
0.0,0.20404622
1.0,0.84368473
1.0,0.9333372
0.0,0.025111556
1.0,0.807073
1.0,0.5288641
0.0,0.045272946
1.0,0.300578
0.0,0.041632086
0.0,0.035143048
0.0,0.8537103
0.0,0.020427853
1.0,0.84908915
0.0,0.07692742
1.0,0.5612988
1.0,0.7294148
1.0,0.26756737
0.0,0.025857061
0.0,0.54872376
1.0,0.55171376
0.0,0.009931773
1.0,0.70410705
1.0,0.9525942
0.0,0.9183599
0.0,0.066406816
1.0,0.4235292
1.0,0.9826784
0.0,0.0120642185
1.0,0.6686779
1.0,0.5971313
1.0,0.82935256
1.0,0.97515124
1.0,0.5837097
1.0,0.9477987
0.0,0.051320314
0.0,0.23122898
0.0,0.04351926
1.0,0.8810351
1.0,0.4062499
0.0,0.06432557
0.0,0.05231473
1.0,0.12431669
0.0,0.063848495
1.0,0.9339855
0.0,0.4688381
1.0,0.4775994
1.0,0.9293783
0.0,0.47681314
1.0,0.5882536
0.0,0.09479806
1.0,0.97484815
1.0,0.7431742
1.0,0.56236583
0.0,0.039525986
0.0,0.03951308
1.0,0.8547965
0.0,0.22638991
1.0,0.8620076
0.0,0.019463778
0.0,0.7502717
0.0,0.11849651
0.0,0.11247587
0.0,0.014783114
0.0,0.6385722
0.0,0.68463254
1.0,0.96874934
1.0,0.26005167
0.0,0.0069296956
1.0,0.9744575
1.0,0.9413084
0.0,0.86014944
0.0,0.79584146
0.0,0.10664353
0.0,0.04912737
0.0,0.054560214
0.0,0.10015246
1.0,0.5868318
1.0,0.9861363
0.0,0.022018105
0.0,0.021369308
0.0,0.791846
0.0,0.8133799
0.0,0.15396324
1.0,0.90141207
0.0,0.5187157
0.0,0.058185518
1.0,0.60456514
1.0,0.8888285
0.0,0.05695486
0.0,0.1916214
0.0,0.013065934
1.0,0.82909894
1.0,0.84291416
0.0,0.027882963
0.0,0.045284837
0.0,0.027031094
0.0,0.1595164
0.0,0.0038907826
1.0,0.9309641
1.0,0.656313
1.0,0.37552336
0.0,0.0037763715
1.0,0.52145606
0.0,0.658622
1.0,0.9724612
1.0,0.3849793
0.0,0.01574725
0.0,0.03134954
0.0,0.017055422
0.0,0.2881593
0.0,0.7661648
1.0,0.98439634
0.0,0.74858665
0.0,0.6681745
0.0,0.026864827
0.0,0.0063524246
0.0,0.039280474
0.0,0.05140966
0.0,0.2059829
1.0,0.5188197
1.0,0.8609845
0.0,0.019141763
0.0,0.36403206
0.0,0.6189719
0.0,0.07043636
1.0,0.91247195
0.0,0.024213105
0.0,0.2697456
1.0,0.7387339
0.0,0.5782171
0.0,0.044020325
0.0,0.031996846
0.0,0.0264301
1.0,0.94822407
1.0,0.76858866
0.0,0.021069288
1.0,0.35499826
1.0,0.88063943
1.0,0.9124409
0.0,0.27491486
0.0,0.17080048
1.0,0.84104306
1.0,0.9466113
0.0,0.019735157
1.0,0.94479454
0.0,0.019015253
1.0,0.9422896
1.0,0.7980331
1.0,0.6358744
0.0,0.05023989
1.0,0.6000241
1.0,0.28912646
0.0,0.081220835
0.0,0.060614735
0.0,0.96732795
0.0,0.14327991
0.0,0.021761
0.0,0.005559951
1.0,0.9147818
0.0,0.2142829
0.0,0.027982831
0.0,0.4058251
0.0,0.0512971
0.0,0.050103128
0.0,0.055936903
1.0,0.8713199
0.0,0.017294914
0.0,0.05785823
0.0,0.5294078
1.0,0.82329
1.0,0.94523835
1.0,0.92799324
1.0,0.90149224
0.0,0.011828959
0.0,0.04107395
0.0,0.1319209
0.0,0.028975636
0.0,0.78533393
0.0,0.023836493
1.0,0.8784362
0.0,0.61907136
1.0,0.31378925
1.0,0.020878583
1.0,0.83965886
0.0,0.091786414
0.0,0.015827626
0.0,0.028676331
0.0,0.019794255
1.0,0.69284296
1.0,0.81245255
1.0,0.3151757
1.0,0.8328977
1.0,0.8800869
0.0,0.035777062
0.0,0.06450322
0.0,0.84242904
0.0,0.022791803
1.0,0.9388294
0.0,0.039219648
0.0,0.54234713
1.0,0.7127623
1.0,0.6795708
0.0,0.024003714
0.0,0.3003352
0.0,0.12350777
0.0,0.22439355
1.0,0.63073254
0.0,0.8722859
0.0,0.2741653
1.0,0.97930956
0.0,0.4632013
1.0,0.91971993
1.0,0.95637214
0.0,0.011454374
0.0,0.76174855
0.0,0.0123360455
0.0,0.06575018
1.0,0.6990482
0.0,0.07629952
0.0,0.20256403
0.0,0.77900505
0.0,0.19601208
1.0,0.94130874
1.0,0.4234138
1.0,0.7458942
1.0,0.8478831
0.0,0.54398793
0.0,0.110346675
1.0,0.7647152
0.0,0.06478956
1.0,0.45453447
0.0,0.028123975
1.0,0.7858497
1.0,0.94160664
0.0,0.29764503
0.0,0.07883975
0.0,0.37832266
0.0,0.017498016
0.0,0.009170473
0.0,0.07448065
1.0,0.86197114
0.0,0.025343299
0.0,0.06865674
0.0,0.1885966
0.0,0.05378574
0.0,0.052080244
0.0,0.010539949
0.0,0.14977682
0.0,0.010781765
0.0,0.004491985
0.0,0.032750398
0.0,0.35506636
0.0,0.02324295
1.0,0.26169357
0.0,0.1191017
1.0,0.91927254
0.0,0.02052486
0.0,0.014722496
1.0,0.8148329
0.0,0.026224226
1.0,0.9747634
0.0,0.59178835
1.0,0.9419257
0.0,0.40951604
0.0,0.18419701
1.0,0.7445624
1.0,0.38663673
0.0,0.015983343
0.0,0.092591435
0.0,0.0021449924
0.0,0.010144323
0.0,0.0069072843
0.0,0.67463326
1.0,0.93126214
1.0,0.7543321
0.0,0.0648146
0.0,0.023692429
1.0,0.6567336
1.0,0.63171834
1.0,0.7441292
0.0,0.003015846
1.0,0.1728164
0.0,0.3156674
1.0,0.4902563
0.0,0.013563365
1.0,0.80275667
0.0,0.021853507
0.0,0.1360353
0.0,0.4134111
0.0,0.6642033
1.0,0.8216684
0.0,0.078636914
0.0,0.04373604
1.0,0.9426778
0.0,0.014992893
0.0,0.8628224
0.0,0.1270931
1.0,0.95886797
0.0,0.27686214
0.0,0.03291145
0.0,0.9812952
1.0,0.7624502
0.0,0.0046647787
0.0,0.6469864
0.0,0.2034342
1.0,0.7211921
0.0,0.044583917
1.0,0.9863342
0.0,0.57844514
1.0,0.8938194
1.0,0.977569
0.0,0.71396744
1.0,0.96526426
1.0,0.95060706
0.0,0.014780879
0.0,0.6583032
0.0,0.07151991
1.0,0.97318035
0.0,0.112065405
1.0,0.7966484
1.0,0.19376764
0.0,0.06994629
1.0,0.77619755
0.0,0.59711033
1.0,0.37197325
0.0,0.7529824
1.0,0.6580376
0.0,0.4835043
1.0,0.18344793
0.0,0.6829416
0.0,0.014680982
0.0,0.0038182735
0.0,0.04191938
0.0,0.037089884
0.0,0.0071609914
0.0,0.005492717
0.0,0.2753322
0.0,0.1581237
0.0,0.5749991
0.0,0.45145482
0.0,0.023305297
1.0,0.6410286
1.0,0.21010375
0.0,0.5253224
1.0,0.027868599
0.0,0.024656504
0.0,0.36557007
0.0,0.66017026
0.0,0.11040509
0.0,0.06470686
0.0,0.08426261
1.0,0.8587562
0.0,0.0043979585
0.0,0.037493795
1.0,0.007217169
0.0,0.011699051
1.0,0.88568753
0.0,0.03365004
0.0,0.076651156
1.0,0.34068146
0.0,0.01984039
1.0,0.82366455
0.0,0.017231882
0.0,0.018358767
0.0,0.00522539
1.0,0.97987616
0.0,0.0669733
1.0,0.66924685
1.0,0.5824655
0.0,0.87375593
0.0,0.008369207
1.0,0.043988705
0.0,0.054909527
0.0,0.03565514
0.0,0.6933483
0.0,0.0042844713
0.0,0.89074886
0.0,0.87228644
1.0,0.17254925
0.0,0.057633042
1.0,0.7533788
0.0,0.010371268
0.0,0.010462701
0.0,0.02296254
1.0,0.675262
1.0,0.95668256
0.0,0.3071462
0.0,0.2309508
0.0,0.013874918
0.0,0.15583289
0.0,0.074659795
0.0,0.026388168
0.0,0.002141863
1.0,0.16059181
1.0,0.91306865
0.0,0.03894183
0.0,0.9356955
1.0,0.6672376
0.0,0.009058446
1.0,0.82036895
0.0,0.01084286
0.0,0.020738125
1.0,0.97515327
0.0,0.40818644
1.0,0.8239486
1.0,0.9034844
1.0,0.9243609
0.0,0.2133438
0.0,0.08462781
0.0,0.49129608
1.0,0.8998281
0.0,0.15473634
1.0,0.93800324
0.0,0.036453277
0.0,0.012562782
0.0,0.21569586
1.0,0.9203571
0.0,0.010039359
0.0,0.0728986
0.0,0.46602196
1.0,0.11160013
1.0,0.977841
0.0,0.018481284
0.0,0.040572584
1.0,0.9125508
1.0,0.9799702
1.0,0.73083013
1.0,0.5302993
0.0,0.015853614
1.0,0.6437869
0.0,0.051258862
0.0,0.02801618
0.0,0.019099385
1.0,0.8288361
0.0,0.08856794
0.0,0.04451719
0.0,0.0111350715
1.0,0.57701784
0.0,0.32401222
1.0,0.6596181
1.0,0.97015727
0.0,0.08878121
1.0,0.85366786
0.0,0.066441655
1.0,0.6938347
0.0,0.28990752
0.0,0.020610064
0.0,0.028358132
0.0,0.082455575
1.0,0.948421
0.0,0.04261884
0.0,0.11284143
0.0,0.8539834
1.0,0.9562999
1.0,0.6902312
0.0,0.025683582
1.0,0.9574975
1.0,0.9484775
1.0,0.98755336
1.0,0.3318218
0.0,0.26901057
1.0,0.7441914
0.0,0.112731546
0.0,0.23888421
1.0,0.5983338
0.0,0.06901264
0.0,0.072716385
0.0,0.22513974
1.0,0.30677417
0.0,0.12156981
0.0,0.5483931
1.0,0.982201
0.0,0.017477185
1.0,0.6156214
0.0,0.04806152
0.0,0.69817114
1.0,0.8276502
1.0,0.839476
0.0,0.016428262
1.0,0.8686677
1.0,0.9573185
0.0,0.65845746
0.0,0.26904452
1.0,0.59327286
0.0,0.06570825
1.0,0.96586895
0.0,0.037422866
0.0,0.09136018
1.0,0.472239
1.0,0.9441571
0.0,0.12696198
1.0,0.5790961
0.0,0.068069726
0.0,0.06558609
1.0,0.9326918
0.0,0.27601108
0.0,0.29738733
0.0,0.1101152
1.0,0.33265626
0.0,0.031602144
0.0,0.013833702
1.0,0.82137084
1.0,0.90524215
0.0,0.0425632
0.0,0.5240198
0.0,0.11992073
1.0,0.34213156
0.0,0.4995434
0.0,0.023676306
0.0,0.12815657
0.0,0.022848994
0.0,0.021400094
1.0,0.36266327
0.0,0.581571
0.0,0.021017373
0.0,0.08415604
1.0,0.9315562
1.0,0.9213953
1.0,0.8639401
0.0,0.66709524
0.0,0.030520618
0.0,0.966166
1.0,0.9616449
0.0,0.048574716
1.0,0.8425668
0.0,0.03147027
1.0,0.96838295
0.0,0.083684
1.0,0.7293341
0.0,0.9012182
1.0,0.49804258
0.0,0.14746287
0.0,0.25152823
1.0,0.278139
1.0,0.8957968
1.0,0.9460958
0.0,0.1389511
1.0,0.87439996
1.0,0.7143588
1.0,0.36221147
0.0,0.019732147
1.0,0.69199944
0.0,0.025028884
0.0,0.8911334
1.0,0.6128158
0.0,0.4881749
0.0,0.038607955
0.0,0.0412983
0.0,0.092220634
0.0,0.35241762
1.0,0.90388465
1.0,0.87872
0.0,0.5289837
0.0,0.7135423
0.0,0.019576699
1.0,0.98444986
0.0,0.7878685
0.0,0.36180508
0.0,0.018614024
0.0,0.030145288
0.0,0.04839918
0.0,0.7618774
1.0,0.88568515
1.0,0.97237587
1.0,0.18396422
0.0,0.5862874
0.0,0.020556599
0.0,0.005740851
0.0,0.021505445
0.0,0.22664419
1.0,0.9034473
0.0,0.06815201
0.0,0.26463783
1.0,0.96074015
0.0,0.13611159
1.0,0.104834974
1.0,0.8772731
0.0,0.5175117
0.0,0.024932146
0.0,0.2762189
1.0,0.6095948
0.0,0.23244888
0.0,0.04505536
1.0,0.77988815
1.0,0.57168895
0.0,0.008743316
0.0,0.057109028
0.0,0.47968823
0.0,0.012134701
0.0,0.32325554
1.0,0.46066824
1.0,0.66665626
0.0,0.018060714
0.0,0.022605449
0.0,0.7122405
0.0,0.29385346
1.0,0.87531275
0.0,0.036166847
1.0,0.9829825
0.0,0.17067072
1.0,0.9711914
0.0,0.011214912
1.0,0.9269496
1.0,0.6149065
0.0,0.049001187
0.0,0.0664801
0.0,0.008346379
0.0,0.15935609
1.0,0.61212736
1.0,0.03480488
1.0,0.30676556
1.0,0.4383079
1.0,0.38475215
0.0,0.020097613
1.0,0.7556404
1.0,0.3852798
0.0,0.0476034
0.0,0.060382307
0.0,0.03860885
1.0,0.89822054
1.0,0.9800917
0.0,0.9246416
0.0,0.019291162
1.0,0.8482517
0.0,0.014032066
0.0,0.031110853
1.0,0.94643456
0.0,0.69971037
0.0,0.08485758
1.0,0.18796909
1.0,0.9256053
0.0,0.022173256
0.0,0.027517855
0.0,0.15227237
1.0,0.9529173
1.0,0.9640835
0.0,0.5405745
0.0,0.3378185
1.0,0.9174807
1.0,0.6863927
0.0,0.036326557
0.0,0.112306714
0.0,0.10705295
1.0,0.27661282
1.0,0.8062867
0.0,0.030328244
0.0,0.0779396
1.0,0.82373124
0.0,0.076232284
0.0,0.05120644
0.0,0.07777497
0.0,0.7771417
1.0,0.8490631
0.0,0.7645844
0.0,0.032833308
0.0,0.35044125
0.0,0.23125243
0.0,0.18615437
1.0,0.8804457
1.0,0.7610252
0.0,0.13929898
1.0,0.9763293
0.0,0.14808568
1.0,0.9296854
1.0,0.08634746
1.0,0.6350239
0.0,0.01693359
0.0,0.69246364
0.0,0.06488362
1.0,0.97728926
0.0,0.019066155
1.0,0.91726714
0.0,0.12100521
0.0,0.007116288
1.0,0.21991038
1.0,0.9374933
0.0,0.038776547
1.0,0.8870661
0.0,0.034502357
1.0,0.45041272
0.0,0.0077237785
1.0,0.7188201
1.0,0.14058346
0.0,0.072689205
0.0,0.1331537
0.0,0.017333329
0.0,0.018335402
0.0,0.015322924
0.0,0.75829434
0.0,0.11724603
0.0,0.038832992
0.0,0.9759649
0.0,0.03963825
1.0,0.66641605
0.0,0.5737957
0.0,0.20029789
1.0,0.9738014
0.0,0.03359601
1.0,0.9865822
0.0,0.046548128
1.0,0.95123863
0.0,0.029593527
0.0,0.06465042
1.0,0.9795774
0.0,0.062662035
0.0,0.016883105
0.0,0.008491725
1.0,0.9024508
1.0,0.39863056
0.0,0.027396351
1.0,0.77444077
1.0,0.10937911
1.0,0.9466615
0.0,0.35469043
1.0,0.5440402
1.0,0.83743966
0.0,0.4776968
1.0,0.3160926
1.0,0.24321172
0.0,0.07164183
0.0,0.010420531
0.0,0.032013834
0.0,0.026197761
0.0,0.08180633
0.0,0.032119334
0.0,0.042496562
0.0,0.0050370097
1.0,0.6796235
0.0,0.3307938
0.0,0.015551448
0.0,0.042824447
0.0,0.10600883
1.0,0.7852639
0.0,0.010110706
1.0,0.90041894
0.0,0.6010456
0.0,0.022764385
1.0,0.7008174
1.0,0.8382189
0.0,0.061179936
0.0,0.09137997
1.0,0.8875185
0.0,0.88582397
0.0,0.19009551
1.0,0.71618176
1.0,0.56256074
1.0,0.48184842
1.0,0.76764
0.0,0.077510744
0.0,0.023169696
1.0,0.43752903
0.0,0.028556317
0.0,0.013413608
1.0,0.9716452
1.0,0.87859005
1.0,0.97325176
0.0,0.011138707
1.0,0.120628685
1.0,0.8957401
1.0,0.8299998
0.0,0.0163984
0.0,0.023357987
1.0,0.36098677
0.0,0.09624264
0.0,0.67111015
0.0,0.03579116
1.0,0.93494254
0.0,0.043957412
0.0,0.06090957
0.0,0.028488249
0.0,0.666246
0.0,0.037526578
0.0,0.0039206147
0.0,0.7469624
1.0,0.9657372
0.0,0.035393476
1.0,0.7383828
0.0,0.026866227
0.0,0.23120779
0.0,0.8560271
1.0,0.038897783
0.0,0.6466169
0.0,0.013000131
0.0,0.0114938915
0.0,0.1265083
0.0,0.042586982
1.0,0.8959433
0.0,0.45116422
1.0,0.8378422
0.0,0.060271114
0.0,0.19370177
0.0,0.025380284
0.0,0.7980046
0.0,0.07255423
0.0,0.49250033
0.0,0.029242933
0.0,0.022731364
1.0,0.83027333
0.0,0.05595389
1.0,0.9040328
1.0,0.8535328
0.0,0.08256796
0.0,0.02642721
1.0,0.9322746
0.0,0.029409349
1.0,0.29756176
1.0,0.84547913
0.0,0.031038195
1.0,0.5087488
0.0,0.013083011
1.0,0.90736747
0.0,0.031085849
0.0,0.07526344
1.0,0.5637158
0.0,0.1362634
0.0,0.040256917
0.0,0.77920294
1.0,0.8181168
1.0,0.9652568
0.0,0.0076013207
0.0,0.045657933
1.0,0.63358736
0.0,0.83630866
1.0,0.25316668
0.0,0.2786984
1.0,0.43799374
0.0,0.5694781
0.0,0.19354302
0.0,0.83460104
0.0,0.22371888
0.0,0.19323835
1.0,0.027373254
0.0,0.36867934
1.0,0.7225852
0.0,0.032634377
1.0,0.3782217
0.0,0.028758049
0.0,0.022268802
0.0,0.05028209
0.0,0.033610493
0.0,0.38073555
0.0,0.060485065
0.0,0.0967142
0.0,0.59584284
1.0,0.7625204
0.0,0.01749584
0.0,0.071291834
1.0,0.27572876
1.0,0.30571443
0.0,0.040583104
0.0,0.038035244
1.0,0.7861997
0.0,0.14722759
1.0,0.06868824
1.0,0.92681813
1.0,0.8806503
1.0,0.7911486
0.0,0.019457042
0.0,0.008901089
1.0,0.6876848
0.0,0.17279604
1.0,0.9084853
1.0,0.6485209
1.0,0.94368434
0.0,0.05080864
0.0,0.0032544434
0.0,0.08403304
0.0,0.015920728
1.0,0.72511387
1.0,0.7653479
0.0,0.10175362
0.0,0.085205376
0.0,0.07580361
0.0,0.033596814
1.0,0.12802032
1.0,0.74634564
1.0,0.6970107
0.0,0.80883133
1.0,0.5741087
1.0,0.73861575
1.0,0.8326191
1.0,0.8939527
0.0,0.5173397
0.0,0.3969428
0.0,0.55334145
0.0,0.032404453
1.0,0.89314806
1.0,0.97042394
1.0,0.76569855
1.0,0.7954551
0.0,0.102994055
0.0,0.012353331
0.0,0.038466662
0.0,0.068225056
1.0,0.86674565
0.0,0.028220892
0.0,0.04431036
0.0,0.20182192
0.0,0.01911679
1.0,0.8169556
1.0,0.8051262
1.0,0.951084
0.0,0.06147304
0.0,0.5989159
1.0,0.5907557
1.0,0.98253345
0.0,0.06115049
1.0,0.84796447
0.0,0.31446952
1.0,0.9690218
1.0,0.9492605
1.0,0.40377784
0.0,0.0584518
0.0,0.14763859
1.0,0.9739586
0.0,0.029123813
0.0,0.16579217
1.0,0.95310676
0.0,0.07681391
0.0,0.06990975
0.0,0.24123636
1.0,0.6236632
0.0,0.32748747
0.0,0.32495177
1.0,0.8355068
0.0,0.4927985
0.0,0.042981386
0.0,0.19297689
0.0,0.17314413
1.0,0.80942625
0.0,0.3584161
0.0,0.014807373
0.0,0.0127924085
1.0,0.5016512
0.0,0.057887524
0.0,0.006964743
1.0,0.37557822
0.0,0.14176616
0.0,0.014672399
1.0,0.97654545
1.0,0.44624647
0.0,0.0162732
1.0,0.59615105
1.0,0.39892495
0.0,0.28622288
0.0,0.44940132
1.0,0.32884127
1.0,0.6444808
0.0,0.031820744
1.0,0.1797804
1.0,0.25176924
1.0,0.48887074
0.0,0.097551346
1.0,0.11346546
0.0,0.04475802
1.0,0.823929
0.0,0.017897725
1.0,0.9406555
0.0,0.8578681
0.0,0.05771941
1.0,0.7593397
0.0,0.01812324
1.0,0.88638467
1.0,0.83931226
1.0,0.8999846
1.0,0.5122216
0.0,0.10670197
1.0,0.023892432
0.0,0.3729025
0.0,0.014959723
0.0,0.018947572
0.0,0.066715
1.0,0.949126
0.0,0.03852272
0.0,0.46648532
0.0,0.11776474
0.0,0.16406512
1.0,0.9333929
0.0,0.3230704
0.0,0.026970506
0.0,0.045076072
0.0,0.6835439
1.0,0.6714097
0.0,0.01605326
1.0,0.9056479
1.0,0.96221936
0.0,0.7016729
0.0,0.023884356
0.0,0.023129225
1.0,0.93455845
0.0,0.03249696
1.0,0.049557447
1.0,0.7586199
1.0,0.9277157
0.0,0.79506516
0.0,0.5317946
0.0,0.013032645
0.0,0.83687323
0.0,0.029439092
0.0,0.021206886
0.0,0.24231127
1.0,0.76632583
0.0,0.05815184
1.0,0.8632097
0.0,0.30961797
1.0,0.9376793
1.0,0.8675628
1.0,0.44049874
1.0,0.8092886
0.0,0.5543242
0.0,0.9589687
0.0,0.078935236
1.0,0.76011455
1.0,0.76907635
0.0,0.0156205
1.0,0.24338093
1.0,0.6985952
1.0,0.94349605
1.0,0.6508906
0.0,0.7856262
0.0,0.06715241
1.0,0.9109764
0.0,0.034834057
0.0,0.54017794
1.0,0.95658743
0.0,0.024338394
0.0,0.58921874
0.0,0.2555372
0.0,0.008291423
0.0,0.08796811
1.0,0.91938305
0.0,0.021103472
0.0,0.8732253
1.0,0.3568188
0.0,0.11660406
1.0,0.896557
0.0,0.6263792
0.0,0.01186046
0.0,0.01606673
0.0,0.26220095
1.0,0.6622778
0.0,0.101630926
0.0,0.22318855
1.0,0.7941233
1.0,0.65973663
0.0,0.057884485
0.0,0.027553856
0.0,0.021532089
1.0,0.4019065
0.0,0.013236493
1.0,0.88838375
1.0,0.7492367
1.0,0.5218172
1.0,0.8447087
1.0,0.78114295
0.0,0.91830814
1.0,0.829772
1.0,0.93729055
0.0,0.024465233
0.0,0.014749616
0.0,0.04824543
1.0,0.6530278
0.0,0.030306518
0.0,0.02844584
0.0,0.32747594
1.0,0.96959245
0.0,0.15013391
1.0,0.912197
0.0,0.08983195
0.0,0.58321637
0.0,0.07576394
0.0,0.044883877
0.0,0.0409261
1.0,0.5404705
1.0,0.9372601
0.0,0.1354833
0.0,0.17432174
1.0,0.7540522
0.0,0.0044595003
1.0,0.9185461
0.0,0.08986032
0.0,0.034591824
0.0,0.03599438
1.0,0.88216245
1.0,0.65041
0.0,0.093118995
0.0,0.1609658
1.0,0.53526044
0.0,0.05240652
0.0,0.11851308
1.0,0.52708626
1.0,0.98384845
1.0,0.9015989
0.0,0.03153643
1.0,0.87571394
1.0,0.90020615
0.0,0.32636198
0.0,0.033917606
0.0,0.010059565
0.0,0.035900503
0.0,0.0077769756
0.0,0.13474303
1.0,0.73644865
1.0,0.87451565
0.0,0.20585015
0.0,0.04433754
0.0,0.40935102
0.0,0.053559363
1.0,0.5424447
0.0,0.56266546
0.0,0.026118517
0.0,0.8698642
0.0,0.9169941
1.0,0.23347488
0.0,0.021533757
0.0,0.7485626
1.0,0.8502345
0.0,0.048666358
0.0,0.32614213
0.0,0.08701146
0.0,0.0076898634
1.0,0.6476029
1.0,0.86774683
0.0,0.16900179
0.0,0.9674173
0.0,0.010013133
0.0,0.90752834
0.0,0.90247416
0.0,0.21703604
0.0,0.010967553
0.0,0.12519437
1.0,0.18383378
0.0,0.023835719
1.0,0.23968732
0.0,0.8317315
0.0,0.003359735
0.0,0.07101032
0.0,0.11447829
0.0,0.5880519
0.0,0.089613736
1.0,0.95750195
0.0,0.026484877
0.0,0.2617424
0.0,0.087679595
1.0,0.37201568
1.0,0.7317704
0.0,0.03552234
0.0,0.32224548
0.0,0.018374383
1.0,0.9871689
1.0,0.6428556
1.0,0.9771235
0.0,0.22279152
1.0,0.98408157
0.0,0.036094934
0.0,0.009318113
0.0,0.028164864
1.0,0.05784884
0.0,0.0053963363
0.0,0.028646588
1.0,0.96608764
1.0,0.07226086
0.0,0.014355928
1.0,0.9806484
0.0,0.046525866
1.0,0.5145501
0.0,0.05115488
1.0,0.9009639
0.0,0.88003135
0.0,0.08401543
1.0,0.8036735
0.0,0.030647933
0.0,0.11238921
0.0,0.049469978
0.0,0.032729387
0.0,0.1421608
0.0,0.014433026
1.0,0.69188476
1.0,0.36342022
0.0,0.123363435
0.0,0.03170541
0.0,0.06373298
0.0,0.47073105
1.0,0.8880397
0.0,0.028225005
0.0,0.20605531
0.0,0.7051492
0.0,0.09855211
0.0,0.007234782
1.0,0.94758266
1.0,0.8361546
0.0,0.007010728
0.0,0.05390814
0.0,0.10712215
0.0,0.05321759
1.0,0.81042874
0.0,0.7970766
0.0,0.18067259
0.0,0.026072562
1.0,0.21494448
0.0,0.013731658
0.0,0.02766046
1.0,0.95258784
0.0,0.025927931
0.0,0.20306572
1.0,0.82814217
1.0,0.4512012
1.0,0.93170786
0.0,0.010073662
0.0,0.023813874
0.0,0.5388212
0.0,0.025294423
1.0,0.874228
0.0,0.23790532
1.0,0.07779816
0.0,0.024122924
0.0,0.010584414
0.0,0.36254346
1.0,0.93122935
0.0,0.8222585
0.0,0.1360214
0.0,0.12136087
1.0,0.78002465
0.0,0.02465123
0.0,0.033637106
0.0,0.004166633
1.0,0.15460292
0.0,0.046761572
0.0,0.015768647
1.0,0.2569062
1.0,0.9772322
0.0,0.008645326
1.0,0.9687691
1.0,0.97619224
1.0,0.86214864
1.0,0.8065095
0.0,0.0411689
1.0,0.86129296
0.0,0.9734031
1.0,0.120019674
0.0,0.037599534
1.0,0.28386933
0.0,0.122529
1.0,0.116741896
1.0,0.9837128
1.0,0.62375903
0.0,0.023394793
0.0,0.71114063
0.0,0.33233225
0.0,0.07030991
0.0,0.02815634
0.0,0.02632001
1.0,0.9632815
1.0,0.7622862
1.0,0.86350644
0.0,0.0778079
0.0,0.026210219
0.0,0.11374614
0.0,0.36063576
1.0,0.050379127
0.0,0.07956284
0.0,0.03403601
0.0,0.028563231
0.0,0.44356722
1.0,0.915213
0.0,0.6369239
0.0,0.80966353
0.0,0.84103525
1.0,0.6380224
0.0,0.014311969
0.0,0.31249985
1.0,0.14056328
0.0,0.6491492
1.0,0.47963277
0.0,0.026769727
0.0,0.46828488
0.0,0.03232187
0.0,0.03648591
0.0,0.0056622922
1.0,0.7999704
0.0,0.084661424
0.0,0.043272406
1.0,0.90425444
1.0,0.8054036
0.0,0.10686603
1.0,0.22487158
0.0,0.19006309
0.0,0.069322586
1.0,0.9059062
0.0,0.0054400563
0.0,0.1679959
0.0,0.050306827
0.0,0.043469608
1.0,0.9509396
1.0,0.84691554
1.0,0.77927125
1.0,0.9712897
0.0,0.084833086
0.0,0.022766382
0.0,0.12979239
1.0,0.89704275
0.0,0.027753353
0.0,0.06870085
1.0,0.8779206
1.0,0.55700606
1.0,0.82293653
0.0,0.028054893
0.0,0.2195116
0.0,0.6978666
1.0,0.86200047
1.0,0.8516264
1.0,0.8955716
0.0,0.22753942
0.0,0.022404104
0.0,0.007982641
1.0,0.952595
1.0,0.27694273
0.0,0.3133366
1.0,0.76339936
1.0,0.33371753
1.0,0.89627194
1.0,0.30473024
0.0,0.03869146
0.0,0.12673175
1.0,0.3821657
1.0,0.7690879
0.0,0.17054728
0.0,0.050203204
0.0,0.008372664
0.0,0.0323174
0.0,0.026661098
0.0,0.5771401
0.0,0.027711928
0.0,0.08363357
1.0,0.66291773
1.0,0.8641418
0.0,0.47026658
1.0,0.9634121
0.0,0.004491329
1.0,0.8906224
0.0,0.5080485
1.0,0.95250463
0.0,0.010004073
0.0,0.011870444
0.0,0.01679334
0.0,0.42432934
1.0,0.043866634
1.0,0.91056776
0.0,0.035508454
0.0,0.07758996
1.0,0.26972765
0.0,0.04541257
1.0,0.882354
1.0,0.34464616
0.0,0.028394997
0.0,0.12042707
0.0,0.24537605
0.0,0.9827039
0.0,0.80059725
0.0,0.012394756
0.0,0.25391254
0.0,0.06597194
1.0,0.9263283
1.0,0.9542643
1.0,0.5206139
1.0,0.76896644
0.0,0.011195838
0.0,0.3882106
1.0,0.7905656
0.0,0.8102151
0.0,0.036524653
0.0,0.08514887
1.0,0.05212596
1.0,0.39154375
0.0,0.08499959
1.0,0.894992
1.0,0.8887418
0.0,0.005505353
0.0,0.08162084
1.0,0.91963875
0.0,0.04947409
0.0,0.4633953
0.0,0.0084804
0.0,0.037606984
1.0,0.13559511
0.0,0.06672907
0.0,0.028155357
0.0,0.3596848
1.0,0.49853945
0.0,0.011038393
0.0,0.09664035
1.0,0.9379737
0.0,0.014660835
0.0,0.20305702
0.0,0.90476483
1.0,0.9630014
1.0,0.3375348
1.0,0.5176856
0.0,0.115594685
0.0,0.5934532
1.0,0.16816786
0.0,0.07645595
0.0,0.02538988
0.0,0.45327458
0.0,0.043527573
1.0,0.4967497
0.0,0.026734829
0.0,0.6994216
1.0,0.92020476
0.0,0.044546932
0.0,0.056226075
0.0,0.88952184
0.0,0.17014459
1.0,0.8681494
1.0,0.9035759
0.0,0.65064406
1.0,0.82998353
0.0,0.03978139
0.0,0.067022234
0.0,0.0057426095
1.0,0.8235184
0.0,0.023910105
0.0,0.038752973
1.0,0.4622634
1.0,0.69940794
1.0,0.81825495
0.0,0.7596374
1.0,0.76554924
1.0,0.94334805
0.0,0.0020709336
0.0,0.80546993
0.0,0.8794067
1.0,0.2715332
0.0,0.49426487
0.0,0.45128813
0.0,0.02894041
0.0,0.023450464
0.0,0.042532623
0.0,0.05015391
0.0,0.3304996
0.0,0.22750959
0.0,0.42590696
1.0,0.96026504
1.0,0.6233754
1.0,0.73911023
0.0,0.01493445
1.0,0.9300059
0.0,0.41719756
0.0,0.05657807
1.0,0.97047347
0.0,0.1606822
0.0,0.019311458
0.0,0.554766
0.0,0.03481984
0.0,0.58741117
0.0,0.6606569
0.0,0.02119279
1.0,0.594358
0.0,0.020082206
0.0,0.015906066
0.0,0.0204916
1.0,0.91368365
1.0,0.90506804
0.0,0.66971934
1.0,0.52652276
0.0,0.040061176
1.0,0.6730527
0.0,0.034075886
0.0,0.016039848
1.0,0.06494397
0.0,0.010102719
0.0,0.010905206
1.0,0.6340598
0.0,0.06943396
1.0,0.02541241
0.0,0.7585415
0.0,0.00982675
1.0,0.89736676
0.0,0.024585873
0.0,0.21445811
0.0,0.8453894
0.0,0.012589812
0.0,0.0072063804
1.0,0.90318537
0.0,0.014003634
0.0,0.1424267
0.0,0.028008342
1.0,0.55538493
0.0,0.96239305
0.0,0.05879593
1.0,0.56000185
0.0,0.00864616
0.0,0.01642263
0.0,0.058834255
0.0,0.059325725
1.0,0.8983493
0.0,0.03683594
0.0,0.010405242
0.0,0.006506473
0.0,0.024856687
0.0,0.84088427
1.0,0.50904596
1.0,0.7576226
0.0,0.008791804
1.0,0.7645031
0.0,0.04333493
0.0,0.02717939
0.0,0.020277143
0.0,0.12437326
1.0,0.77567303
0.0,0.045196503
0.0,0.07202312
0.0,0.33660954
0.0,0.3397587
0.0,0.22200224
0.0,0.009350359
0.0,0.002958566
0.0,0.017955601
0.0,0.011938572
0.0,0.91746664
1.0,0.398352
0.0,0.04999888
0.0,0.03182268
0.0,0.033911645
1.0,0.9695196
0.0,0.1289674
1.0,0.76611376
0.0,0.052574784
0.0,0.06411493
0.0,0.10708955
1.0,0.9419533
1.0,0.94545436
1.0,0.6359788
1.0,0.27812022
0.0,0.054483443
0.0,0.023900151
1.0,0.96831584
1.0,0.96174276
0.0,0.03397268
0.0,0.09299308
0.0,0.8267981
1.0,0.83336604
0.0,0.039398193
0.0,0.0461303
0.0,0.09091988
0.0,0.03267029
1.0,0.4151068
1.0,0.9224864
0.0,0.013643056
1.0,0.81449986
0.0,0.052816957
0.0,0.03905347
0.0,0.008582801
0.0,0.1408563
0.0,0.12359545
1.0,0.9141257
0.0,0.008122206
0.0,0.19893831
0.0,0.7964448
0.0,0.25952047
0.0,0.72640777
1.0,0.9475335
0.0,0.021261692
0.0,0.06169465
1.0,0.7931392
0.0,0.53180826
0.0,0.028264552
1.0,0.9468502
1.0,0.5445647
0.0,0.062063187
1.0,0.9261279
0.0,0.22134578
1.0,0.79058313
1.0,0.9912983
0.0,0.20497337
1.0,0.89516354
0.0,0.116968185
0.0,0.43379313
0.0,0.6094326
0.0,0.33603686
0.0,0.020057917
0.0,0.020933121
0.0,0.35290462
1.0,0.88150644
0.0,0.15856633
0.0,0.019758731
0.0,0.40374365
0.0,0.1521562
1.0,0.93758345
0.0,0.052507967
0.0,0.47003293
0.0,0.016545624
0.0,0.031906575
0.0,0.055884123
0.0,0.9309895
1.0,0.054260164
0.0,0.24382609
1.0,0.8167335
0.0,0.026378393
1.0,0.69825613
0.0,0.07101181
0.0,0.09213263
0.0,0.032871068
0.0,0.52182955
0.0,0.2883085
0.0,0.16811106
0.0,0.10774252
0.0,0.042214304
0.0,0.7754291
0.0,0.8975154
1.0,0.908871
0.0,0.24718824
0.0,0.04554549
1.0,0.9746265
0.0,0.0783588
0.0,0.008600891
0.0,0.007922888
1.0,0.8421166
1.0,0.44318464
1.0,0.5710902
1.0,0.94498897
0.0,0.23890606
1.0,0.66143554
0.0,0.19122091
1.0,0.3718155
0.0,0.073334426
0.0,0.9264824
0.0,0.03338644
0.0,0.042951524
0.0,0.10896784
1.0,0.812332
1.0,0.4559604
0.0,0.96604025
1.0,0.63179743
0.0,0.014842898
1.0,0.9065811
0.0,0.047758102
0.0,0.029020607
0.0,0.965405
0.0,0.3866372
0.0,0.068077475
0.0,0.013397127
1.0,0.98300767
0.0,0.006393969
1.0,0.9740125
1.0,0.7607192
1.0,0.8788713
0.0,0.02834174
0.0,0.9785228
0.0,0.022150993
0.0,0.106913865
0.0,0.15655342
1.0,0.75537515
0.0,0.5343942
0.0,0.11028749
0.0,0.18747151
0.0,0.010314673
0.0,0.016917735
0.0,0.15198281
0.0,0.6749793
0.0,0.010168672
0.0,0.049245
1.0,0.94087315
0.0,0.08296123
0.0,0.026486218
0.0,0.012266815
0.0,0.037386656
1.0,0.8864377
0.0,0.21687621
1.0,0.9723706
0.0,0.6635684
1.0,0.98576653
1.0,0.752221
0.0,0.011325061
0.0,0.25191456
0.0,0.05480066
0.0,0.2858745
0.0,0.016087413
0.0,0.26861674
1.0,0.9605539
0.0,0.020311564
1.0,0.28939506
0.0,0.74943185
0.0,0.027008206
0.0,0.045837462
1.0,0.95270556
0.0,0.015713006
1.0,0.97582483
0.0,0.01443246
0.0,0.019380063
0.0,0.37487507
0.0,0.29109913
0.0,0.07895073
0.0,0.09721023
1.0,0.8399863
1.0,0.80309796
0.0,0.3028041
0.0,0.07017025
0.0,0.03672409
1.0,0.9010421
0.0,0.06980589
1.0,0.29898027
0.0,0.11254063
1.0,0.8263476
1.0,0.95115554
0.0,0.10569748
0.0,0.07109302
0.0,0.029656768
1.0,0.7054459
0.0,0.33055294
0.0,0.39283004
1.0,0.97384906
1.0,0.6365397
0.0,0.124117464
0.0,0.039792925
1.0,0.90725124
0.0,0.064959854
0.0,0.040875733
0.0,0.021928877
1.0,0.58588374
0.0,0.039077222
0.0,0.02377671
1.0,0.8901706
1.0,0.5627351
0.0,0.3753554
0.0,0.019137919
0.0,0.027331352
1.0,0.9273907
1.0,0.9558225
1.0,0.8191111
0.0,0.05345142
0.0,0.009440452
0.0,0.06671032
0.0,0.0041712523
1.0,0.8994441
0.0,0.013142496
0.0,0.7145258
0.0,0.04981008
0.0,0.31296355
0.0,0.17229491
0.0,0.037354082
0.0,0.24010897
0.0,0.02573216
0.0,0.036589444
1.0,0.6949347
1.0,0.86752236
0.0,0.46019533
0.0,0.36721963
1.0,0.049190372
0.0,0.034000367
1.0,0.7889631
0.0,0.12138873
0.0,0.028340757
1.0,0.8995448
1.0,0.9511274
0.0,0.74591017
0.0,0.1312561
1.0,0.4338652
0.0,0.15996641
0.0,0.28129697
0.0,0.9762726
0.0,0.044432133
1.0,0.82447827
1.0,0.13179386
0.0,0.24425077
0.0,0.006233096
0.0,0.03728363
1.0,0.85789967
0.0,0.024173737
1.0,0.35434467
0.0,0.16908237
1.0,0.7655401
1.0,0.60281396
0.0,0.26018956
1.0,0.10659757
0.0,0.60937697
0.0,0.029202819
1.0,0.93679774
1.0,0.6903778
0.0,0.03282255
0.0,0.22844079
0.0,0.8182514
0.0,0.2929729
1.0,0.91843057
0.0,0.11358783
0.0,0.13432068
0.0,0.020685107
1.0,0.8805541
0.0,0.028999627
0.0,0.5068558
1.0,0.9034473
0.0,0.004550427
0.0,0.71506155
0.0,0.41068828
1.0,0.14459455
0.0,0.3221783
1.0,0.92626435
0.0,0.05761859
1.0,0.37973225
1.0,0.46302533
1.0,0.9491867
1.0,0.76857257
0.0,0.022239745
1.0,0.6408174
0.0,0.009661466
1.0,0.9822303
1.0,0.89581215
0.0,0.36174268
1.0,0.8468033
0.0,0.010067821
1.0,0.7989657
1.0,0.3226018
0.0,0.020807415
0.0,0.92544675
1.0,0.9814596
1.0,0.21220148
0.0,0.5034096
0.0,0.08188993
0.0,0.0045497417
0.0,0.053257853
0.0,0.5452857
1.0,0.8258749
1.0,0.9486053
1.0,0.5028826
1.0,0.78194183
1.0,0.9739802
1.0,0.9788617
0.0,0.66777575
1.0,0.95583665
0.0,0.026509881
0.0,0.007230401
0.0,0.060426325
1.0,0.09171137
1.0,0.1942651
0.0,0.16506559
0.0,0.031749725
0.0,0.87664866
1.0,0.68689543
1.0,0.46007705
1.0,0.8413599
0.0,0.08590472
0.0,0.97699785
0.0,0.022268116
0.0,0.25219482
0.0,0.06440672
0.0,0.021137
1.0,0.9652721
1.0,0.89126325
0.0,0.029393762
0.0,0.09382096
0.0,0.52400494
0.0,0.5443974
0.0,0.5551307
0.0,0.32686532
0.0,0.27996856
1.0,0.61074036
0.0,0.08875832
1.0,0.8810195
0.0,0.036404133
0.0,0.8070204
0.0,0.02232644
0.0,0.30222118
1.0,0.9165469
1.0,0.7471027
1.0,0.6436906
1.0,0.756551
0.0,0.01073873
0.0,0.47095865
1.0,0.4131314
1.0,0.78658646
0.0,0.23637044
0.0,0.028943717
0.0,0.077795565
1.0,0.2613507
0.0,0.012648702
1.0,0.05628276
0.0,0.018681824
0.0,0.067873746
0.0,0.01981455
0.0,0.03875354
0.0,0.5712827
0.0,0.041095585
0.0,0.09787658
1.0,0.93796355
0.0,0.037905723
0.0,0.3853578
0.0,0.060471416
1.0,0.2766597
0.0,0.06588498
1.0,0.9725629
0.0,0.012971193
0.0,0.08986601
0.0,0.01794231
0.0,0.5457334
0.0,0.02638024
0.0,0.019086719
1.0,0.90257275
0.0,0.20788255
1.0,0.40912443
1.0,0.8381151
0.0,0.06689605
0.0,0.2842511
1.0,0.9349425
1.0,0.987977
0.0,0.06336525
0.0,0.25729978
0.0,0.021915048
0.0,0.3470167
0.0,0.027131557
1.0,0.7831255
0.0,0.061741203
1.0,0.6527847
1.0,0.26616293
0.0,0.9032624
0.0,0.18785957
0.0,0.021031559
0.0,0.032342285
0.0,0.90624154
0.0,0.014237225
0.0,0.056928456
0.0,0.7378888
1.0,0.7425079
1.0,0.7749119
0.0,0.053451657
0.0,0.03619671
0.0,0.8587694
1.0,0.7815822
0.0,0.017685354
0.0,0.025065035
1.0,0.23478565
1.0,0.91137326
0.0,0.07814607
0.0,0.07193375
0.0,0.03321156
1.0,0.9473034
0.0,0.040699244
1.0,0.86182046
1.0,0.77155316
0.0,0.013601869
0.0,0.14665326
0.0,0.11812058
1.0,0.6631602
0.0,0.42698038
1.0,0.7475079
0.0,0.05243188
1.0,0.8707696
0.0,0.21926016
0.0,0.060920894
0.0,0.020554096
1.0,0.9857982
0.0,0.4878229
1.0,0.9830731
1.0,0.7844558
0.0,0.010851055
1.0,0.12969315
0.0,0.036257118
1.0,0.57295835
0.0,0.0339126
1.0,0.8947076
0.0,0.012099415
1.0,0.8867185
1.0,0.8656798
1.0,0.98528504
0.0,0.05449158
1.0,0.94214916
1.0,0.69116855
0.0,0.032305807
1.0,0.85474896
1.0,0.39177132
1.0,0.21600813
0.0,0.38089192
0.0,0.13146247
0.0,0.831606
0.0,0.21022137
