0.0,0.41216594
0.0,0.62713146
1.0,0.16071358
0.0,0.025985569
1.0,0.44701922
0.0,0.025021166
1.0,0.74773735
1.0,0.7737638
1.0,0.76131713
0.0,0.0099520385
0.0,0.07551113
1.0,0.92630756
0.0,0.0053212643
0.0,0.1296499
0.0,0.05741754
0.0,0.004132986
1.0,0.49294558
0.0,0.029061884
0.0,0.008597046
1.0,0.6796558
1.0,0.2498
0.0,0.0155671835
1.0,0.9398514
0.0,0.16897881
0.0,0.038187206
1.0,0.24517459
0.0,0.05471465
1.0,0.57717526
0.0,0.0765115
1.0,0.7449123
0.0,0.0038112104
0.0,0.29649395
1.0,0.8237896
1.0,0.9673435
1.0,0.6143129
1.0,0.8431227
1.0,0.40397045
0.0,0.012023836
1.0,0.74795353
1.0,0.10870916
1.0,0.73648286
1.0,0.9049921
0.0,0.025574625
1.0,0.85546315
1.0,0.8720272
0.0,0.019553095
0.0,0.008503616
0.0,0.34144592
0.0,0.023156017
1.0,0.9205699
0.0,0.48117417
1.0,0.5653088
1.0,0.9422968
1.0,0.62672377
0.0,0.0033541918
0.0,0.015419751
0.0,0.009931654
1.0,0.050420284
1.0,0.7311365
1.0,0.5059337
1.0,0.9230763
0.0,0.3164174
1.0,0.84715927
1.0,0.65128577
1.0,0.955824
0.0,0.043381304
0.0,0.47344512
1.0,0.8659508
0.0,0.009738892
1.0,0.8129787
0.0,0.15984318
1.0,0.84525263
0.0,0.0006405413
0.0,0.025162727
1.0,0.3381034
0.0,0.4675393
0.0,0.0069280565
0.0,0.18913588
0.0,0.027732432
1.0,0.6628752
0.0,0.025023848
1.0,0.9292939
1.0,0.86768067
1.0,0.9835048
1.0,0.91095316
1.0,0.7287078
1.0,0.91494215
0.0,0.03237793
0.0,0.11000389
1.0,0.49606156
0.0,0.018131644
1.0,0.2624157
0.0,0.10607457
0.0,0.6545052
0.0,0.1162222
1.0,0.8393588
0.0,0.0054722726
0.0,0.018660992
1.0,0.5231156
1.0,0.96590805
0.0,0.0016779304
0.0,0.08192226
1.0,0.028972149
0.0,0.25858968
0.0,0.05188653
1.0,0.7007946
1.0,0.01199764
0.0,0.015883446
1.0,0.04917139
1.0,0.91731644
1.0,0.89927614
0.0,0.39527965
1.0,0.082157224
0.0,0.0783394
0.0,0.017555088
1.0,0.4930115
0.0,0.008703679
1.0,0.7380671
1.0,0.40013996
1.0,0.91917855
0.0,0.21864775
1.0,0.91873777
0.0,0.35678828
0.0,0.01041612
0.0,0.4182182
1.0,0.4636966
0.0,0.0024709105
0.0,0.090889454
1.0,0.8253059
1.0,0.73460585
1.0,0.941679
0.0,0.09481898
0.0,0.022791117
1.0,0.09610346
1.0,0.88454604
0.0,0.65620434
0.0,0.033208072
0.0,0.086562485
0.0,0.14773533
0.0,0.056688905
1.0,0.548856
0.0,0.11594948
1.0,0.011287481
0.0,0.02164656
0.0,0.00400573
0.0,0.00012546778
1.0,0.4403407
0.0,0.020822823
0.0,0.005445242
0.0,0.018565297
0.0,0.06726968
0.0,0.016482562
0.0,0.0032289028
0.0,0.77622306
0.0,0.15420309
1.0,0.92671895
0.0,0.0059920847
0.0,0.02063027
1.0,0.9748769
0.0,0.15960479
0.0,0.18752366
0.0,0.3480724
0.0,0.02292806
0.0,0.088475615
1.0,0.95048
0.0,0.24993515
1.0,0.37000924
0.0,0.031844884
0.0,0.0144198835
1.0,0.6766098
0.0,0.7141654
0.0,0.7938504
0.0,0.5014939
0.0,0.0005196631
1.0,0.81021047
1.0,0.66082245
0.0,0.11897075
1.0,0.2805938
0.0,0.23732522
1.0,0.9548421
1.0,0.8122624
1.0,0.75498015
1.0,0.8839513
1.0,0.85624766
0.0,0.6611906
0.0,0.010563135
0.0,0.0047603548
0.0,0.93951046
0.0,0.16555947
0.0,0.042012095
1.0,0.2415643
0.0,0.001527071
0.0,0.793229
1.0,0.88294345
1.0,0.41066656
1.0,0.8514743
0.0,0.0032764673
0.0,0.56637424
0.0,0.017592967
1.0,0.05807954
0.0,0.2722814
0.0,0.4048592
0.0,0.7117542
0.0,0.07042134
0.0,0.03600815
1.0,0.08289698
0.0,0.046838433
1.0,0.13406846
0.0,0.0010424256
0.0,0.08387458
0.0,0.0010311902
1.0,0.88345087
0.0,0.33334225
0.0,0.65679103
0.0,0.07057157
0.0,0.0034246743
0.0,0.67406183
0.0,0.04261118
1.0,0.94405967
0.0,0.002423346
0.0,0.0067085326
1.0,0.6119749
1.0,0.8520623
0.0,0.20806837
0.0,0.013999492
0.0,0.0010316074
0.0,0.13766271
0.0,0.048775822
0.0,0.061727643
1.0,0.7178593
0.0,0.027876139
1.0,0.4167707
0.0,0.0044882298
1.0,0.6650874
1.0,0.60213757
0.0,0.019352257
0.0,0.09299651
0.0,0.19484702
1.0,0.9066883
1.0,0.68921065
1.0,0.89958215
1.0,0.74180377
0.0,0.021314353
0.0,0.6082951
1.0,0.92190135
0.0,0.32571948
0.0,0.0072790086
0.0,0.005087644
0.0,0.24130446
0.0,0.12544921
0.0,0.01397872
0.0,0.078900695
1.0,0.31879753
0.0,0.014356762
0.0,0.34739882
0.0,0.13385269
1.0,0.8074715
1.0,0.86101496
0.0,0.013923734
0.0,0.03878364
0.0,0.035051346
1.0,0.9410142
0.0,0.0060561895
0.0,0.0015998185
0.0,0.059738785
0.0,0.014965802
1.0,0.8413882
1.0,0.71083367
1.0,0.94656545
0.0,0.018130094
1.0,0.7802049
0.0,0.0013124645
0.0,0.050753176
0.0,0.10913277
1.0,0.88700247
1.0,0.30732688
0.0,0.010608971
0.0,0.0146457255
1.0,0.8377563
1.0,0.35585436
0.0,0.030026525
1.0,0.37988994
1.0,0.8605217
0.0,0.7262082
0.0,0.15497056
0.0,0.019967586
0.0,0.047982126
0.0,0.07125145
0.0,0.023488909
1.0,0.9749343
0.0,0.035583854
0.0,0.012575299
1.0,0.86488515
0.0,0.060957372
1.0,0.89901507
1.0,0.14517471
1.0,0.8199544
1.0,0.7326062
1.0,0.85750604
0.0,0.016247422
1.0,0.8786597
0.0,0.5102982
1.0,0.9461013
0.0,0.5472577
0.0,0.42243487
0.0,0.01242733
0.0,0.047138393
0.0,0.17811486
1.0,0.91303384
0.0,0.8651093
1.0,0.83521664
0.0,0.8996396
1.0,0.7167004
1.0,0.9099771
0.0,0.010954469
0.0,0.0013856888
0.0,0.004938513
1.0,0.90929735
1.0,0.16799623
0.0,0.001573801
0.0,0.00070241094
0.0,0.004615754
0.0,0.13855234
1.0,0.6425723
1.0,0.85048455
0.0,0.13536364
0.0,0.25274414
1.0,0.62474716
1.0,0.9069958
1.0,0.7554958
0.0,0.057451546
0.0,0.48330006
0.0,0.0019658506
0.0,0.7530296
1.0,0.95795894
1.0,0.6896683
0.0,0.117327094
0.0,0.15560168
0.0,0.0017290413
0.0,0.50331074
0.0,0.00079360604
0.0,0.22088143
1.0,0.17939022
0.0,0.06845394
0.0,0.005892843
0.0,0.09747663
0.0,0.68069845
0.0,0.6699878
0.0,0.11066106
0.0,0.0020378232
1.0,0.85710424
0.0,0.017062455
1.0,0.59329987
0.0,0.00047284365
0.0,0.22202182
0.0,0.14535755
0.0,0.0005568862
0.0,0.92315614
1.0,0.7219223
1.0,0.7105012
0.0,0.59109896
1.0,0.35843426
0.0,0.0035474002
0.0,0.24960092
0.0,0.462765
0.0,0.56924045
0.0,0.00785026
0.0,0.00010710955
1.0,0.10681307
0.0,0.003619641
1.0,0.9169352
0.0,0.10392362
1.0,0.5742567
0.0,0.04942906
1.0,0.13806573
1.0,0.9147917
1.0,0.9043423
0.0,0.007968724
0.0,0.014787406
1.0,0.85692084
0.0,0.019399017
0.0,0.016860127
1.0,0.059717268
1.0,0.92525387
0.0,0.57742316
1.0,0.8480586
1.0,0.91009843
0.0,0.6222983
0.0,0.03515309
0.0,0.49945012
0.0,0.024300992
0.0,0.010684907
0.0,0.2314437
1.0,0.9817567
0.0,0.0804708
1.0,0.5118714
1.0,0.5651632
0.0,0.035219133
0.0,0.09284675
0.0,0.6837219
1.0,0.9627621
1.0,0.76481616
1.0,0.15509063
0.0,0.14230958
1.0,0.8921806
1.0,0.7708123
0.0,0.0025256276
0.0,0.16353646
0.0,0.82690275
0.0,0.18122211
1.0,0.77291346
0.0,0.00837183
1.0,0.19096127
0.0,0.6151682
0.0,0.042467028
0.0,0.06293973
0.0,0.055822372
0.0,0.0062547624
0.0,0.007933944
0.0,0.020198137
0.0,0.006149471
0.0,0.17800939
0.0,0.3452158
0.0,0.057240456
0.0,0.013705671
0.0,0.26526898
0.0,0.023459822
1.0,0.4584193
0.0,0.017797053
1.0,0.8792102
0.0,0.007846743
0.0,0.012387037
0.0,0.023528725
0.0,0.4023158
0.0,0.65446424
0.0,0.03389451
0.0,0.45057458
0.0,8.675456e-05
0.0,0.01416561
0.0,0.030778319
0.0,0.4321855
1.0,0.90233576
0.0,0.046863824
0.0,0.0010831058
0.0,0.28263506
0.0,0.1244483
1.0,0.3050909
0.0,0.9057027
1.0,0.25212473
0.0,0.014701813
0.0,0.111436665
1.0,0.8617826
0.0,0.94596803
1.0,0.7920921
1.0,0.8548478
1.0,0.69840276
1.0,0.73537964
0.0,0.010049671
1.0,0.5033334
0.0,0.002233237
0.0,0.007165998
0.0,0.13950837
1.0,0.94941
0.0,0.002379626
0.0,0.008366644
1.0,0.20372576
1.0,0.9833596
0.0,0.19092587
0.0,0.010720491
1.0,0.8520248
0.0,0.07710612
1.0,0.7327833
0.0,0.5168044
0.0,0.15851116
1.0,0.74246657
0.0,0.73315805
0.0,0.0040961504
1.0,0.38424006
0.0,0.0102369785
1.0,0.9784895
0.0,0.001169622
1.0,0.38043636
1.0,0.5189052
1.0,0.53257865
1.0,0.95982623
0.0,0.08226308
0.0,0.044448614
1.0,0.72933376
0.0,0.007109821
0.0,0.24126199
1.0,0.65150356
1.0,0.8158076
1.0,0.84184587
0.0,0.017920315
1.0,0.78117836
1.0,0.8809169
0.0,0.07225239
1.0,0.9206903
0.0,0.3878076
1.0,0.6358996
1.0,0.88924515
0.0,0.60428196
0.0,0.55936193
1.0,0.3311217
0.0,0.42917895
1.0,0.75457215
0.0,0.8201957
0.0,0.019805968
0.0,0.89428204
1.0,0.9764873
0.0,0.0007593632
0.0,0.003898263
0.0,0.6844811
1.0,0.4136671
0.0,0.02736783
0.0,0.0067869723
0.0,0.5117533
0.0,0.58354855
1.0,0.43725955
1.0,0.63153774
0.0,0.09519854
0.0,0.7587936
0.0,0.16206354
0.0,0.12428048
0.0,0.26013762
1.0,0.4956833
0.0,0.08644238
1.0,0.9395841
0.0,0.69513035
0.0,0.2013359
1.0,0.82518566
0.0,0.020019144
0.0,0.2801311
0.0,0.007649392
0.0,0.007891953
0.0,0.017374396
0.0,0.0042866766
0.0,0.009605825
0.0,0.27884144
1.0,0.69144404
1.0,0.97108686
0.0,0.003075093
0.0,0.01760161
1.0,0.93209255
0.0,0.013092458
1.0,0.8674426
0.0,0.042121798
0.0,0.005619794
1.0,0.76588786
0.0,0.0133292675
1.0,0.55917525
0.0,0.19451267
1.0,0.43044287
0.0,0.023773968
0.0,0.02983144
0.0,0.17218706
1.0,0.9556557
0.0,0.011618733
0.0,0.030814677
0.0,0.0024502575
0.0,0.9509097
1.0,0.54366356
0.0,0.018229604
0.0,0.0006892383
1.0,0.9182718
1.0,0.050703615
0.0,0.10413775
1.0,0.7141019
0.0,0.26705515
0.0,0.41322243
1.0,0.7317396
1.0,0.8056071
0.0,0.050584853
1.0,0.91752756
1.0,0.6518326
0.0,0.0053729117
0.0,0.028325975
0.0,0.14669433
1.0,0.08032516
0.0,0.0050783455
0.0,0.032838464
0.0,0.008577585
1.0,0.9688864
1.0,0.804008
0.0,0.021980017
1.0,0.5386832
1.0,0.0056259036
0.0,0.2326819
1.0,0.9226098
0.0,0.07740232
1.0,0.7875433
0.0,0.3058247
1.0,0.37067685
0.0,0.017047733
0.0,0.034382284
1.0,0.6013448
0.0,0.02444145
1.0,0.8509872
0.0,0.008653164
0.0,0.003427446
0.0,0.009349704
1.0,0.6808367
0.0,0.19640058
1.0,0.80754894
0.0,0.0010891855
1.0,0.6740024
1.0,0.6733283
0.0,0.0022044778
1.0,0.9530113
1.0,0.8956332
1.0,0.30397817
1.0,0.8266862
0.0,0.13443199
0.0,0.034686595
0.0,0.82446826
1.0,0.7636676
1.0,0.35548967
0.0,0.006753534
0.0,0.02740243
0.0,0.283004
1.0,0.9023033
0.0,0.12768352
1.0,0.015286177
1.0,0.813678
0.0,0.049257576
0.0,0.046328723
1.0,0.9545982
0.0,0.5679871
1.0,0.8498074
0.0,0.76069164
0.0,0.039084584
0.0,0.016422927
1.0,0.2687565
0.0,0.119268835
1.0,0.752882
0.0,0.069069535
1.0,0.20455211
0.0,0.60708904
0.0,0.17391762
1.0,0.12030029
1.0,0.39765736
1.0,0.513392
1.0,0.77800757
0.0,0.03275159
0.0,0.043406248
0.0,0.6407051
0.0,0.0007956028
1.0,0.7812624
1.0,0.37711042
0.0,0.014828652
0.0,0.006629735
0.0,0.0026313066
1.0,0.82803035
0.0,0.020211011
0.0,0.023468643
0.0,0.13432309
0.0,0.31516415
0.0,0.012698084
0.0,0.14614871
1.0,0.898576
0.0,0.74280584
1.0,0.120251834
0.0,0.10566422
0.0,0.28094214
1.0,0.77155405
1.0,0.93895626
1.0,0.93382335
0.0,0.0169968
0.0,0.035009474
1.0,0.0961929
0.0,0.0013135672
0.0,0.038101494
0.0,0.6187867
1.0,0.93698955
0.0,0.010723025
0.0,0.013928652
1.0,0.8210509
0.0,0.17895922
1.0,0.9649601
1.0,0.6007699
1.0,0.8723604
0.0,0.0030905604
1.0,0.9016696
1.0,0.4613577
0.0,0.1605053
1.0,0.35529247
0.0,0.030753016
0.0,0.19024098
0.0,0.015426815
0.0,0.00929153
1.0,0.6286061
1.0,0.6444247
1.0,0.93904006
1.0,0.90814424
1.0,0.9175494
0.0,0.18309084
0.0,0.86131835
1.0,0.9641384
0.0,0.016886711
1.0,0.54687274
1.0,0.9724735
0.0,0.09383589
1.0,0.32806915
1.0,0.43524715
0.0,0.0059601963
0.0,0.0109497905
0.0,0.0045835674
0.0,0.023059934
1.0,0.35976568
1.0,0.91031444
0.0,0.023476005
0.0,0.020570993
1.0,0.009719849
1.0,0.64044154
1.0,0.21236587
0.0,0.044761837
1.0,0.5198456
1.0,0.37008232
0.0,0.020200282
0.0,0.3322848
1.0,0.7718175
1.0,0.95389843
0.0,0.2995807
1.0,0.7376857
0.0,0.24909648
0.0,0.24246314
1.0,0.8020276
0.0,0.5063205
1.0,0.91587126
0.0,0.2245011
0.0,0.0356448
0.0,0.2110877
1.0,0.88855857
1.0,0.5185825
0.0,0.0010041893
0.0,0.002721995
1.0,0.60919434
0.0,0.349127
1.0,0.95618725
1.0,0.6378505
1.0,0.74355817
0.0,0.007281482
0.0,0.36635524
0.0,0.57629937
0.0,0.002942264
0.0,0.0014480054
1.0,0.9786827
0.0,0.5097216
0.0,0.0054395795
1.0,0.8835695
0.0,0.06759465
1.0,0.01848939
1.0,0.6619899
0.0,0.016885698
0.0,0.2643482
0.0,0.6646888
0.0,0.007332176
0.0,0.0020642579
0.0,0.011304289
0.0,0.013275683
0.0,0.7579719
1.0,0.5680972
1.0,0.9590553
0.0,0.40555418
0.0,0.51658523
0.0,0.013571531
0.0,0.1015352
0.0,0.015488237
1.0,0.30153835
0.0,0.020011097
0.0,0.0009626746
1.0,0.7945845
1.0,0.29503864
0.0,0.01752454
0.0,0.94535434
0.0,0.00026226044
0.0,0.09430429
0.0,0.0054541826
0.0,0.05248514
1.0,0.9041276
1.0,0.72286355
1.0,0.89025784
0.0,0.0014515817
1.0,0.6537248
1.0,0.8659427
0.0,0.42112115
0.0,0.0010314584
1.0,0.72638273
1.0,0.08709547
1.0,0.87211025
1.0,0.7539818
1.0,0.5799941
0.0,0.13882399
0.0,0.061291754
1.0,0.45434332
0.0,0.0022381246
1.0,0.9543401
0.0,0.019924939
1.0,0.8276981
0.0,0.010232955
0.0,0.47469017
0.0,0.03799537
0.0,0.022533596
0.0,0.20126963
0.0,0.0064130127
0.0,0.001013875
0.0,0.07214776
0.0,0.3993141
0.0,0.003736198
0.0,0.0019341707
1.0,0.89747703
1.0,0.19297251
1.0,0.85893893
0.0,0.9121406
0.0,0.17327657
0.0,0.7467344
0.0,0.027965724
1.0,0.84910434
1.0,0.1042048
1.0,0.8504491
1.0,0.9625643
0.0,0.7408812
0.0,0.0047985315
0.0,0.0020548701
1.0,0.634462
0.0,0.10406238
1.0,0.0029356778
1.0,0.821864
0.0,0.17023152
0.0,0.0017099082
0.0,0.08519152
0.0,0.3222034
1.0,0.8927388
1.0,0.79865074
0.0,0.03540826
1.0,0.88981986
1.0,0.57061017
0.0,0.48183873
0.0,0.06979981
1.0,0.6659529
0.0,0.0017677844
0.0,0.0725666
0.0,0.0045071244
0.0,0.42759493
0.0,0.015940458
1.0,0.48434108
0.0,0.03420514
0.0,0.58180857
1.0,0.87349844
1.0,0.34412104
0.0,0.21555445
0.0,0.2759843
1.0,0.81615686
0.0,0.1497294
0.0,0.00021839142
1.0,0.5924521
0.0,0.1044907
0.0,0.054444402
0.0,0.06771666
1.0,0.8846398
0.0,0.04296434
1.0,0.8260728
1.0,0.7613994
1.0,0.9781021
0.0,0.008583605
1.0,0.55230206
0.0,0.042205155
1.0,0.79034746
0.0,0.032197922
1.0,0.81872237
0.0,0.018962353
0.0,0.0096055865
1.0,0.9144095
0.0,0.002918154
0.0,0.0068490505
1.0,0.22361994
1.0,0.5404012
1.0,0.22510421
1.0,0.7709794
1.0,0.08410585
1.0,0.90462786
1.0,0.5684744
0.0,0.010868669
1.0,0.42474216
1.0,0.93910474
0.0,0.11939654
0.0,0.0065121353
0.0,0.00085902214
1.0,0.47966745
0.0,0.0069931448
0.0,0.21545666
0.0,0.2093026
1.0,0.82350194
0.0,0.021808386
0.0,0.16475075
1.0,0.5390905
1.0,0.8225408
1.0,0.7562127
1.0,0.10233927
0.0,0.9542692
0.0,0.14331618
0.0,0.012377858
0.0,0.14114311
0.0,0.005347967
0.0,0.56380147
0.0,0.040588856
1.0,0.24422553
1.0,0.888738
0.0,0.038849115
1.0,0.5495588
0.0,0.0048240125
0.0,0.0005416274
1.0,0.97071195
0.0,0.0051060617
0.0,0.7609784
0.0,0.005185485
0.0,0.654453
0.0,0.017755508
0.0,0.012925148
0.0,0.90219676
1.0,0.6049071
0.0,0.036524296
0.0,0.42695555
1.0,0.833637
0.0,0.020890921
1.0,0.81592166
0.0,0.014941663
0.0,0.0021749437
0.0,0.02559793
0.0,0.29193935
0.0,0.0012324154
0.0,0.0025592148
0.0,0.019791037
0.0,0.06630346
0.0,0.67367184
1.0,0.6041972
0.0,0.05627337
1.0,0.8051377
0.0,0.4773032
1.0,0.06273815
0.0,0.039893
0.0,0.005689293
0.0,0.30032346
1.0,0.9184694
1.0,0.14919597
1.0,0.3109311
0.0,0.014280021
0.0,0.2683782
1.0,0.7396367
0.0,0.10297087
0.0,0.0930503
1.0,0.3909421
0.0,0.0065197647
1.0,0.9614533
1.0,0.13860875
0.0,0.059197724
1.0,0.44414866
0.0,0.2053029
1.0,0.41573447
0.0,0.59932494
1.0,0.9831574
0.0,0.0006253123
0.0,0.9734204
0.0,0.058006525
0.0,0.066348135
0.0,0.0053417087
0.0,0.020349085
0.0,0.14508626
1.0,0.84824574
0.0,0.02944979
0.0,0.0010662675
0.0,0.00070649385
0.0,0.11213958
0.0,0.25128597
1.0,0.26528394
0.0,0.9191468
0.0,0.006258458
1.0,0.63079023
0.0,0.3981105
1.0,0.8093785
0.0,0.93050253
1.0,0.7066511
1.0,0.82053065
0.0,0.005302787
1.0,0.9706347
0.0,0.2693454
0.0,0.030814022
0.0,0.022377491
0.0,0.09472099
1.0,0.48587054
1.0,0.87385297
0.0,0.09377131
0.0,0.021175772
1.0,0.88999766
0.0,0.23533556
1.0,0.77304286
1.0,0.04786253
1.0,0.6614403
0.0,0.034241587
1.0,0.78358793
0.0,0.078591466
1.0,0.8193306
1.0,0.0452936
0.0,0.12162292
0.0,0.78689826
0.0,0.032550067
0.0,0.3393951
1.0,0.5515994
1.0,0.9273561
1.0,0.8349321
0.0,0.037721127
0.0,0.0011772513
1.0,0.7953179
0.0,0.6495493
0.0,0.0036218166
0.0,0.067519605
1.0,0.67672217
0.0,0.019687474
0.0,0.00710997
0.0,0.07977724
0.0,0.015617222
1.0,0.84497523
1.0,0.9064175
0.0,0.15634644
0.0,0.011978239
0.0,0.051101625
1.0,0.9817617
0.0,0.05072984
0.0,0.7853621
1.0,0.6957901
0.0,0.001942128
0.0,0.4322693
1.0,0.9618339
0.0,0.0877288
1.0,0.081628144
1.0,0.22052577
0.0,0.08817217
0.0,0.034617454
0.0,0.0048428476
0.0,0.007296443
1.0,0.9024145
1.0,0.98634005
1.0,0.90695393
1.0,0.11891112
0.0,0.76781034
0.0,0.026052654
1.0,0.6587656
1.0,0.96562874
0.0,0.031568408
0.0,0.11833957
1.0,0.49397466
0.0,0.0027250051
1.0,0.43759593
0.0,0.0026229024
0.0,0.1449016
1.0,0.73137856
0.0,0.027549386
0.0,0.00097084045
0.0,0.019823015
0.0,0.10527325
0.0,0.46513304
1.0,0.2759492
0.0,0.020027608
1.0,0.91172814
0.0,0.25122288
1.0,0.8060529
0.0,0.052039325
1.0,0.49540162
1.0,0.95904875
1.0,0.98419046
0.0,0.8685297
0.0,0.0051500797
1.0,0.23897675
0.0,0.025538057
0.0,0.02435264
1.0,0.848173
1.0,0.11776358
0.0,0.05367312
1.0,0.84410197
1.0,0.9105092
0.0,0.85418606
0.0,0.009448111
0.0,0.5411179
0.0,0.0071994066
0.0,0.0007030368
0.0,0.80788904
1.0,0.75459623
1.0,0.8594967
1.0,0.9059092
0.0,0.0057373643
0.0,0.008038491
0.0,0.0069835484
0.0,0.023020327
0.0,0.0227471
0.0,0.008729428
1.0,0.77636635
1.0,0.9236611
1.0,0.48279017
0.0,0.27000308
0.0,0.0033465922
1.0,0.86824083
0.0,0.12007558
0.0,0.5628126
1.0,0.7120656
0.0,0.55816704
0.0,0.9425032
1.0,0.60781145
0.0,0.012605429
1.0,0.25769198
1.0,0.63043976
0.0,0.6220157
0.0,0.06042117
1.0,0.9775712
0.0,0.0006984174
0.0,0.33723742
1.0,0.55095625
1.0,0.8586891
1.0,0.35753238
1.0,0.86279833
0.0,0.7389078
0.0,0.002098322
0.0,0.016519308
1.0,0.7254642
0.0,0.9554776
1.0,0.5314761
0.0,0.5674193
1.0,0.687454
1.0,0.7256584
0.0,0.06670225
0.0,0.11975035
0.0,0.0045427084
0.0,0.24934629
0.0,0.0050114095
0.0,0.023359805
1.0,0.4924673
1.0,0.08037633
0.0,0.20074826
1.0,0.8531562
1.0,0.17960295
0.0,0.0019508302
0.0,0.33598125
1.0,0.777799
1.0,0.07365626
0.0,0.0036781728
0.0,0.07437822
0.0,0.009144157
0.0,0.016619176
1.0,0.40571848
1.0,0.9474114
0.0,0.015352219
0.0,0.001591891
0.0,0.044473916
0.0,0.10398972
0.0,0.014326364
0.0,0.015410423
0.0,0.8890587
0.0,0.8774314
0.0,0.11099109
0.0,0.007128358
0.0,0.058273792
1.0,0.9277285
1.0,0.7076113
0.0,0.0037783384
0.0,0.019634068
0.0,3.4958124e-05
0.0,0.0058993995
0.0,0.20474651
0.0,0.2825185
0.0,0.016155541
0.0,0.49635866
1.0,0.86095786
1.0,0.9846333
1.0,0.9015547
1.0,0.5604186
1.0,0.9263352
0.0,0.54276997
0.0,0.023433179
0.0,0.014355034
0.0,0.03287688
1.0,0.40850988
0.0,0.022696078
1.0,0.7923782
0.0,0.055268854
0.0,0.74776196
0.0,0.76900625
0.0,0.1865865
0.0,0.03766805
0.0,0.39206386
0.0,0.09941912
0.0,0.0045979023
1.0,0.8678068
1.0,0.50665367
0.0,0.27717337
0.0,0.21959126
0.0,0.0063788593
0.0,0.007849395
1.0,0.9538989
0.0,0.0042295456
1.0,0.47666517
0.0,0.122757584
1.0,0.17746687
0.0,0.030480742
0.0,0.45690826
1.0,0.6468885
0.0,0.003726691
1.0,0.82375896
0.0,0.05258751
0.0,0.35250926
0.0,0.23994738
0.0,0.0018035173
0.0,0.0013975799
1.0,0.86208624
1.0,0.9734541
0.0,0.3075316
0.0,0.07532409
0.0,0.008417189
0.0,0.09646198
1.0,0.28302854
0.0,0.7600925
1.0,0.04160258
1.0,0.73001075
0.0,0.5950132
0.0,0.006006032
0.0,0.25742522
0.0,0.10519847
0.0,0.08926469
0.0,0.024987698
0.0,0.019876242
0.0,0.6481118
0.0,0.14541817
1.0,0.8950053
0.0,0.9233171
0.0,0.0010743737
1.0,0.71472967
0.0,0.02463767
0.0,0.09273386
0.0,0.0059491694
0.0,0.017948627
1.0,0.036711693
1.0,0.8313031
1.0,0.6368881
0.0,0.014312476
0.0,0.0022383034
0.0,0.010133147
0.0,0.62399423
0.0,0.41479427
0.0,0.60764265
1.0,0.97070646
1.0,0.9394127
1.0,0.8035635
0.0,0.046547562
1.0,0.9579663
1.0,0.5636449
0.0,0.027234346
1.0,0.74004877
0.0,0.025923163
0.0,0.01006645
0.0,0.52176833
1.0,0.95676315
1.0,0.8941094
1.0,0.39956045
0.0,0.5753019
0.0,0.17414874
0.0,0.0021060407
1.0,0.90203357
1.0,0.94306225
1.0,0.9321112
1.0,0.4708165
0.0,0.013955504
0.0,0.010717243
0.0,0.036168307
0.0,0.6541841
1.0,0.9153428
0.0,0.01670143
0.0,0.46015158
0.0,0.113902
1.0,0.05579862
0.0,0.11769503
0.0,0.14029068
0.0,0.021570414
0.0,0.6891094
0.0,0.05376959
0.0,0.16783589
0.0,0.007558644
0.0,0.33862686
0.0,0.0027239323
1.0,0.9457272
1.0,0.117028445
0.0,0.28465962
0.0,0.9350016
0.0,0.10109639
1.0,0.756906
0.0,0.0110144615
0.0,0.008655995
0.0,0.5931406
0.0,0.001001656
1.0,0.772539
0.0,0.0050126314
0.0,0.0069004297
1.0,0.82045615
1.0,0.66068476
1.0,0.85748327
0.0,0.023558319
0.0,0.038473934
1.0,0.7646344
1.0,0.78598785
1.0,0.9198464
0.0,0.87357974
0.0,0.44313514
0.0,0.001965642
1.0,0.047189295
1.0,0.9309473
0.0,0.00816974
0.0,0.40924636
1.0,0.6215011
1.0,0.86273307
0.0,0.004792869
1.0,0.87704873
1.0,0.573801
0.0,0.20466113
1.0,0.15753925
0.0,0.022172451
0.0,0.011147022
0.0,0.9774511
0.0,0.042973638
1.0,0.45388204
0.0,0.021632731
1.0,0.79207075
1.0,0.6737582
1.0,0.28062958
0.0,0.0042794943
0.0,0.49385664
1.0,0.39622432
0.0,0.0067854226
1.0,0.63397884
1.0,0.82833225
0.0,0.80588245
0.0,0.11927375
1.0,0.071311206
1.0,0.9434869
0.0,0.0034195185
1.0,0.8428912
1.0,0.51646155
1.0,0.78101885
1.0,0.9744708
1.0,0.68529207
1.0,0.9514885
0.0,0.019705713
0.0,0.17142397
0.0,0.06820083
1.0,0.8179797
1.0,0.58818895
0.0,0.083064616
0.0,0.05584842
1.0,0.70087016
0.0,0.006114751
1.0,0.95020354
0.0,0.4356533
1.0,0.45666367
1.0,0.8859004
0.0,0.15407255
1.0,0.091546
0.0,0.16440848
1.0,0.9834105
1.0,0.87770593
1.0,0.267605
0.0,0.030176282
0.0,0.014613956
1.0,0.38424453
0.0,0.102390945
1.0,0.9480762
0.0,0.024780244
0.0,0.5394052
0.0,0.034582347
0.0,0.15197816
0.0,0.020553172
0.0,0.18730986
0.0,0.5581505
1.0,0.8137946
1.0,0.1881805
0.0,0.006884694
1.0,0.92628443
1.0,0.82681394
0.0,0.7459524
0.0,0.73020107
0.0,0.03511429
0.0,0.09199497
0.0,0.059144855
0.0,0.29996336
1.0,0.33943504
1.0,0.9626182
0.0,0.026668787
0.0,0.0028454065
0.0,0.6699103
0.0,0.8666574
0.0,0.2567169
1.0,0.78525007
0.0,0.13765556
0.0,0.018268108
1.0,0.112716615
1.0,0.87753654
0.0,0.031111658
0.0,0.009333521
0.0,0.002220571
1.0,0.84884024
1.0,0.6621988
0.0,0.022938222
0.0,0.006153643
0.0,0.004159361
0.0,0.04464248
0.0,0.012489706
1.0,0.94759965
1.0,0.77786994
1.0,0.0100030005
0.0,0.0036602318
1.0,0.47969952
0.0,0.40745136
1.0,0.98089004
1.0,0.36531857
0.0,0.016509473
0.0,0.0040902197
0.0,0.0011107922
0.0,0.17135954
0.0,0.8199484
1.0,0.9686115
0.0,0.4897305
0.0,0.8227323
0.0,0.0492796
0.0,0.00054880977
0.0,0.019424468
0.0,0.014001131
0.0,0.101995826
1.0,0.7912458
1.0,0.9141207
0.0,0.0006554425
0.0,0.65113324
0.0,0.8217292
0.0,0.031677455
1.0,0.9236814
0.0,0.036440074
0.0,0.07500702
1.0,0.6167369
0.0,0.6412188
0.0,0.11455247
0.0,0.07621932
0.0,0.006936401
1.0,0.91102123
1.0,0.6547483
0.0,0.011339575
1.0,0.27397782
1.0,0.90628177
1.0,0.7588434
0.0,0.12135106
0.0,0.5922764
1.0,0.8667859
1.0,0.90894955
0.0,0.019669563
1.0,0.96486694
0.0,0.002669841
1.0,0.9181245
1.0,0.8430167
1.0,0.9225457
0.0,0.07984206
1.0,0.5629532
1.0,0.37598228
0.0,0.03375438
0.0,0.008531958
0.0,0.9577172
0.0,0.03610626
0.0,0.013019383
0.0,0.003917873
1.0,0.9713177
0.0,0.22514105
0.0,0.10646716
0.0,0.3385212
0.0,0.0070804656
0.0,0.030114383
0.0,0.0204359
1.0,0.73544705
0.0,0.012785286
0.0,0.01216495
0.0,0.288419
1.0,0.8261472
1.0,0.5631789
1.0,0.9340958
1.0,0.9355195
0.0,0.0034544766
0.0,0.046553195
0.0,0.018497378
0.0,0.0039379
0.0,0.66749144
0.0,0.07829127
1.0,0.6353719
0.0,0.70586085
1.0,0.14912653
1.0,0.066309124
1.0,0.7924657
0.0,0.024515718
0.0,0.009863973
0.0,0.0050634146
0.0,0.003933698
1.0,0.82487994
1.0,0.72831255
1.0,0.7056515
1.0,0.77793205
1.0,0.94317776
0.0,0.01581034
0.0,0.049694985
0.0,0.6183113
0.0,0.009716392
1.0,0.8495946
0.0,0.008812398
0.0,0.5959541
1.0,0.88647735
1.0,0.60707116
0.0,0.004538268
0.0,0.12543699
0.0,0.08247289
0.0,0.20986077
1.0,0.79845726
0.0,0.9587892
0.0,0.35054654
1.0,0.9770482
0.0,0.5548727
1.0,0.8016028
1.0,0.9076097
0.0,0.0012454093
0.0,0.35794416
0.0,0.007125169
0.0,0.022563905
1.0,0.75895303
0.0,0.03428048
0.0,0.10058904
0.0,0.47898418
0.0,0.011178404
1.0,0.8932438
1.0,0.065137416
1.0,0.6250004
1.0,0.76707006
0.0,0.4681701
0.0,0.015869468
1.0,0.66772187
0.0,0.01301074
1.0,0.502647
0.0,0.0079138875
1.0,0.5607549
1.0,0.94268155
0.0,0.37806216
0.0,0.047760814
0.0,0.3600965
0.0,0.0057269633
0.0,0.058745652
0.0,0.031854212
1.0,0.68718493
0.0,0.01803729
0.0,0.17140487
0.0,0.53712755
0.0,0.25676587
0.0,0.20465007
0.0,0.0016811192
0.0,0.2968381
0.0,0.0043684244
0.0,0.0022165477
0.0,0.058976203
0.0,0.2490798
0.0,0.06874299
1.0,0.286911
0.0,0.073848605
1.0,0.92709774
0.0,0.003861934
0.0,0.0014265776
1.0,0.73043007
0.0,0.0046322644
1.0,0.92369676
0.0,0.2464385
1.0,0.7238439
0.0,0.6502857
0.0,0.008758724
1.0,0.510693
1.0,0.25880945
0.0,0.005274236
0.0,0.31528008
0.0,0.006158352
0.0,0.00085422397
0.0,0.006815225
0.0,0.15376207
1.0,0.90193444
1.0,0.6088914
0.0,0.13309562
0.0,0.093023926
1.0,0.8626393
1.0,0.8688798
1.0,0.8813608
0.0,0.012391359
1.0,0.046988517
0.0,0.21754882
1.0,0.6812699
0.0,0.0015480518
1.0,0.87625635
0.0,0.0060510337
0.0,0.14815253
0.0,0.19039515
0.0,0.7931883
1.0,0.7696167
0.0,0.023009062
0.0,0.3270796
1.0,0.8424382
0.0,0.0012630224
0.0,0.71176934
0.0,0.0958201
1.0,0.902762
0.0,0.34026074
0.0,0.013186336
0.0,0.85717773
1.0,0.8460176
0.0,0.00068321824
0.0,0.5079081
0.0,0.009872913
1.0,0.4771568
0.0,0.028974831
1.0,0.8088733
0.0,0.32052416
1.0,0.632638
1.0,0.9634559
0.0,0.84562194
1.0,0.89663815
1.0,0.9520228
0.0,0.002079755
0.0,0.80494606
0.0,0.08246541
1.0,0.9568441
0.0,0.2741335
1.0,0.6165389
1.0,0.6693674
0.0,0.214333
1.0,0.8640811
0.0,0.112410545
1.0,0.33307686
0.0,0.1729284
1.0,0.699783
0.0,0.71506906
1.0,0.17093274
0.0,0.6980414
0.0,0.0044505596
0.0,0.0014568865
0.0,0.0040429533
0.0,0.026934832
0.0,0.002679646
0.0,0.0017683804
0.0,0.13145709
0.0,0.07899204
0.0,0.5137604
0.0,0.38343674
0.0,0.008194596
1.0,0.9852922
1.0,0.057461858
0.0,0.109437585
1.0,0.027988613
0.0,0.19646257
0.0,0.14047417
0.0,0.65509963
0.0,0.51792616
0.0,0.056924343
0.0,0.29142088
1.0,0.51381105
0.0,0.0008559227
0.0,0.019434601
1.0,0.0033775866
0.0,0.001780808
1.0,0.6977556
0.0,0.45634136
0.0,0.0054944456
1.0,0.5918339
0.0,0.008183867
1.0,0.6335638
0.0,0.0074628294
0.0,0.0017423332
0.0,0.012355149
1.0,0.9592056
0.0,0.031808764
1.0,0.5268594
1.0,0.6411886
0.0,0.92557895
0.0,0.0048577487
1.0,0.024152905
0.0,0.004434556
0.0,0.13431948
0.0,0.5785822
0.0,0.0015467107
0.0,0.19356126
0.0,0.75771725
1.0,0.32539797
0.0,0.037378907
1.0,0.70653594
0.0,0.0006073415
0.0,0.021498352
0.0,0.012091547
1.0,0.62955546
1.0,0.9513155
0.0,0.5428266
0.0,0.50070655
0.0,0.021845877
0.0,0.11598638
0.0,0.104430735
0.0,0.044012547
0.0,0.00015628338
1.0,0.04760143
1.0,0.64775777
0.0,0.050293446
0.0,0.90352535
1.0,0.4493028
0.0,0.0024318993
1.0,0.69010425
0.0,0.0036771297
0.0,0.043822497
1.0,0.77103245
0.0,0.79720575
1.0,0.7374116
1.0,0.8772159
1.0,0.80967605
0.0,0.18127519
0.0,0.07650167
0.0,0.5526783
1.0,0.8807739
0.0,0.13002557
1.0,0.86072105
0.0,0.06908059
0.0,0.011135012
0.0,0.2248066
1.0,0.8361423
0.0,0.02491045
0.0,0.1564239
0.0,0.32646662
1.0,0.019656003
1.0,0.93805325
0.0,0.020777702
0.0,0.017760307
1.0,0.916412
1.0,0.83067465
1.0,0.17838684
1.0,0.20166627
0.0,0.0063379407
1.0,0.8928572
0.0,0.08302
0.0,0.21455616
0.0,0.010564625
1.0,0.6327291
0.0,0.06998259
0.0,0.06552294
0.0,0.0030097365
1.0,0.6203122
0.0,0.06773138
1.0,0.88161004
1.0,0.92629266
0.0,0.104878336
1.0,0.9239545
0.0,0.028544813
1.0,0.6454596
0.0,0.45257252
0.0,0.0062507093
0.0,0.013135701
0.0,0.045218557
1.0,0.9344804
0.0,0.08752188
0.0,0.2371153
0.0,0.6475216
1.0,0.9834069
1.0,0.9303658
0.0,0.01974079
1.0,0.8715656
1.0,0.92027664
1.0,0.97923374
1.0,0.3187179
0.0,0.40706253
1.0,0.81661004
0.0,0.14466083
0.0,0.6842652
1.0,0.6010261
0.0,0.03297901
0.0,0.025105685
0.0,0.18579268
1.0,0.24554393
0.0,0.5455806
0.0,0.14630741
1.0,0.91730213
0.0,0.033911645
1.0,0.8069221
0.0,0.009269923
0.0,0.47162205
1.0,0.8795764
1.0,0.902735
0.0,0.00521034
1.0,0.85927945
1.0,0.94464344
0.0,0.48322082
0.0,0.5558577
1.0,0.67125845
0.0,0.082460284
1.0,0.9075174
0.0,0.03208679
0.0,0.03260395
1.0,0.49488917
1.0,0.7395976
0.0,0.22767419
1.0,0.4442778
0.0,0.0698224
0.0,0.2180728
1.0,0.9750714
0.0,0.09355658
0.0,0.15046439
0.0,0.046784103
1.0,0.49680766
0.0,0.019042522
0.0,0.03690636
1.0,0.59797776
1.0,0.9276869
0.0,0.02165261
0.0,0.32029465
0.0,0.011180401
1.0,0.22347182
0.0,0.6539508
0.0,0.0012580454
0.0,0.0073803663
0.0,0.022705227
0.0,0.009653211
1.0,0.23392355
0.0,0.25880206
0.0,0.0028160214
0.0,0.07255879
1.0,0.7708627
1.0,0.9742576
1.0,0.8740073
0.0,0.55055654
0.0,0.051853627
0.0,0.9507716
1.0,0.9532333
0.0,0.098534346
1.0,0.6123017
0.0,0.0063366294
1.0,0.8333196
0.0,0.19703099
1.0,0.7578651
0.0,0.7260399
1.0,0.29760876
0.0,0.096383065
0.0,0.13534766
1.0,0.07432923
1.0,0.92230564
1.0,0.9530713
0.0,0.20646396
1.0,0.92747706
1.0,0.48496765
1.0,0.35921028
0.0,0.00023978949
1.0,0.67569673
0.0,0.015500426
0.0,0.9544103
1.0,0.90442526
0.0,0.67739695
0.0,0.009670109
0.0,0.05231425
0.0,0.14797992
0.0,0.124050766
1.0,0.87245584
1.0,0.7867542
0.0,0.48956472
0.0,0.70737696
0.0,0.00791797
1.0,0.95056164
0.0,0.3747579
0.0,0.22670847
0.0,0.018876314
0.0,0.008165956
0.0,0.07553953
0.0,0.7887938
1.0,0.9153312
1.0,0.9463763
1.0,0.06660703
0.0,0.5860316
0.0,0.0030036867
0.0,0.0056298077
0.0,0.01210773
0.0,0.054593027
1.0,0.84810543
0.0,0.0045812726
0.0,0.34019208
1.0,0.93859017
0.0,0.17446661
1.0,0.20787883
1.0,0.6586466
0.0,0.34972265
0.0,0.003751427
0.0,0.047700107
1.0,0.5885014
0.0,0.3039136
0.0,0.015485525
1.0,0.8784598
1.0,0.4910254
0.0,0.0022677481
0.0,0.19574466
0.0,0.42073974
0.0,0.0032950342
0.0,0.032373816
1.0,0.19764283
1.0,0.80205166
0.0,0.005456209
0.0,0.0024107099
0.0,0.6642916
0.0,0.20687413
1.0,0.88706124
0.0,0.13911498
1.0,0.96149325
0.0,0.07772851
1.0,0.9453508
0.0,0.0023721755
1.0,0.91083336
1.0,0.6423065
0.0,0.032027215
0.0,0.5232095
0.0,0.0071206093
0.0,0.25162095
1.0,0.6532268
1.0,0.012537867
1.0,0.19558656
1.0,0.53210306
1.0,0.26321623
0.0,0.0004029274
1.0,0.75530326
1.0,0.63420236
0.0,0.018357247
0.0,0.03600657
0.0,0.036607176
1.0,0.7233765
1.0,0.94126165
0.0,0.7895497
0.0,0.009903073
1.0,0.84807837
0.0,0.0011318028
0.0,0.024663597
1.0,0.95510566
0.0,0.6971313
0.0,0.15907872
1.0,0.22400343
1.0,0.73526454
0.0,0.0014701188
0.0,0.099974066
0.0,0.098480344
1.0,0.94189274
1.0,0.90924966
0.0,0.88419545
0.0,0.09160289
1.0,0.9256057
1.0,0.31664434
0.0,0.005646497
0.0,0.037136227
0.0,0.012552112
1.0,0.15924159
1.0,0.5695561
0.0,0.09845039
0.0,0.014473617
1.0,0.85884714
0.0,0.016896248
0.0,0.038287073
0.0,0.067845464
0.0,0.55117774
1.0,0.83931214
0.0,0.79948163
0.0,0.013906568
0.0,0.23915824
0.0,0.21476153
0.0,0.06414974
1.0,0.59645694
1.0,0.72131777
0.0,0.4539774
1.0,0.934842
0.0,0.11028749
1.0,0.8215868
1.0,0.034440696
1.0,0.7872114
0.0,0.002919376
0.0,0.53158605
0.0,0.020370573
1.0,0.95062315
0.0,0.0010642409
1.0,0.9135717
0.0,0.100468665
0.0,0.0025339127
1.0,0.37028265
1.0,0.95091116
0.0,0.004133612
1.0,0.34479856
0.0,0.057069033
1.0,0.8492745
0.0,0.0015323758
1.0,0.77380705
1.0,0.14525229
0.0,0.073115826
0.0,0.0133681595
0.0,0.042349994
0.0,0.006957978
0.0,0.003186375
0.0,0.86371696
0.0,0.05601886
0.0,0.047175646
0.0,0.8425146
0.0,0.0060168803
1.0,0.8742292
0.0,0.14010704
0.0,0.1367048
1.0,0.8745271
0.0,0.007861823
1.0,0.9787341
0.0,0.006169021
1.0,0.9622972
0.0,0.0048199
0.0,0.09956023
1.0,0.980587
0.0,0.047045648
0.0,0.0021765232
0.0,0.0031805634
1.0,0.96041614
1.0,0.47426555
0.0,0.00364694
1.0,0.7007079
1.0,0.40227145
1.0,0.9542894
0.0,0.4535104
1.0,0.18848586
1.0,0.9162424
0.0,0.22169235
1.0,0.09033936
1.0,0.29433584
0.0,0.042362124
0.0,0.0012878478
0.0,0.04190761
0.0,0.027799815
0.0,0.028347045
0.0,0.062727004
0.0,0.018305749
0.0,0.00045743585
1.0,0.65424305
0.0,0.11419034
0.0,0.01388371
0.0,0.030076355
0.0,0.089847684
1.0,0.5800903
0.0,0.0025992095
1.0,0.9002068
0.0,0.7100378
0.0,0.007076323
1.0,0.31954497
1.0,0.8728136
0.0,0.0073256195
0.0,0.3700996
1.0,0.5001686
0.0,0.87250316
0.0,0.13546008
1.0,0.58586437
1.0,0.58114475
1.0,0.5867812
1.0,0.8855362
0.0,0.11420655
0.0,0.0030806363
1.0,0.511675
0.0,0.014606178
0.0,0.0006402135
1.0,0.8428095
1.0,0.7503989
1.0,0.95059276
0.0,0.032366782
1.0,0.59959847
1.0,0.88518786
1.0,0.76351684
0.0,0.0089915395
0.0,0.022728294
1.0,0.20796314
0.0,0.08059013
0.0,0.71529174
0.0,0.13056737
1.0,0.8717837
0.0,0.055258512
0.0,0.019099027
0.0,0.07158178
0.0,0.539058
0.0,0.44802776
0.0,0.008123487
0.0,0.85009336
1.0,0.9300325
0.0,0.029775858
1.0,0.47363973
0.0,0.008316845
0.0,0.075678855
0.0,0.82312655
1.0,0.0335581
0.0,0.79073095
0.0,0.0060604513
0.0,0.0049948394
0.0,0.123303294
0.0,0.12052819
1.0,0.7098385
0.0,0.2981387
1.0,0.8430662
0.0,0.05777937
0.0,0.19724491
0.0,0.02176401
0.0,0.3227681
0.0,0.044370294
0.0,0.42341787
0.0,0.21298298
0.0,0.08061123
1.0,0.8766042
0.0,0.07415539
1.0,0.38597667
1.0,0.48184305
0.0,0.1581842
0.0,0.04520914
1.0,0.8797822
0.0,0.010574579
1.0,0.8303044
1.0,0.6896758
0.0,0.04687822
1.0,0.30386934
0.0,0.029275596
1.0,0.9388943
0.0,0.055559725
0.0,0.08238065
1.0,0.5668889
0.0,0.8132844
0.0,0.0015519857
0.0,0.7764784
1.0,0.55977845
1.0,0.7327157
0.0,0.0013471544
0.0,0.07462427
1.0,0.4932755
0.0,0.4991713
1.0,0.45651117
0.0,0.014832526
1.0,0.34519115
0.0,0.68028134
0.0,0.001627475
0.0,0.87795234
0.0,0.024674892
0.0,0.2999844
1.0,0.06803161
0.0,0.41102862
1.0,0.861102
0.0,0.0020951927
1.0,0.5078047
0.0,0.005301535
0.0,0.0041374564
0.0,0.054273933
0.0,0.028528243
0.0,0.3320269
0.0,0.08118045
0.0,0.09512389
0.0,0.05815968
1.0,0.83987135
0.0,0.0155340135
0.0,0.08568236
1.0,0.2023415
1.0,0.26582548
0.0,0.021285087
0.0,0.025246054
1.0,0.8264916
0.0,0.12581915
1.0,0.001858741
1.0,0.81423956
1.0,0.56822306
1.0,0.6575546
0.0,0.06602934
0.0,0.0014452934
1.0,0.2897838
0.0,0.084813505
1.0,0.83338296
1.0,0.81058836
1.0,0.9524814
0.0,0.066847295
0.0,0.03914252
0.0,0.021796733
0.0,0.018564016
1.0,0.5229229
1.0,0.68102497
0.0,0.22602233
0.0,0.1387237
0.0,0.16275364
0.0,0.3141178
1.0,0.11796498
1.0,0.78413546
1.0,0.7996645
0.0,0.6244637
1.0,0.5291277
1.0,0.71259785
1.0,0.082306206
1.0,0.7925628
0.0,0.4155402
0.0,0.15521422
0.0,0.82150126
0.0,0.08716869
1.0,0.8670155
1.0,0.95745355
1.0,0.7517564
1.0,0.8420328
0.0,0.2809632
0.0,0.0032713711
0.0,0.38057554
0.0,0.09606135
1.0,0.8724482
0.0,0.014593452
0.0,0.013394982
0.0,0.12478861
0.0,0.0048253536
1.0,0.7023666
1.0,0.5050774
1.0,0.8449033
0.0,0.04950735
0.0,0.27234936
1.0,0.65119076
1.0,0.9828069
0.0,0.14515123
1.0,0.8777913
0.0,0.5177243
1.0,0.91263646
1.0,0.9051151
1.0,0.68193376
0.0,0.0048484504
0.0,0.28692138
1.0,0.9828496
0.0,0.2615301
0.0,0.11272469
1.0,0.9417547
0.0,0.09034461
0.0,0.00984028
0.0,0.025800735
1.0,0.21660763
0.0,0.24298966
0.0,0.43582645
1.0,0.7472371
0.0,0.43108997
0.0,0.03767073
0.0,0.19836485
0.0,0.09401837
1.0,0.34999037
0.0,0.49490318
0.0,0.008559585
0.0,0.0012382269
1.0,0.6042456
0.0,0.035770178
0.0,0.0016283095
1.0,0.28072274
0.0,0.31260246
0.0,0.062156945
1.0,0.9440768
1.0,0.41377586
0.0,0.00028425455
1.0,0.23949045
1.0,0.16511929
0.0,0.2095446
0.0,0.7426184
1.0,0.2772898
1.0,0.836991
0.0,0.020514965
1.0,0.21994475
1.0,0.57032365
1.0,0.5398689
0.0,0.12988806
1.0,0.35668188
0.0,0.022508383
1.0,0.7930979
0.0,0.0034137368
1.0,0.67129976
0.0,0.5485732
0.0,0.04429251
1.0,0.5050046
0.0,0.019669801
1.0,0.7668508
1.0,0.6268634
1.0,0.93790483
1.0,0.9579107
0.0,0.0023527741
1.0,0.11757544
0.0,0.43739158
0.0,0.03589973
0.0,0.034469992
0.0,0.08831781
1.0,0.6187458
0.0,0.009940386
0.0,0.41637388
0.0,0.30630064
0.0,0.48765233
1.0,0.9516862
0.0,0.5347228
0.0,0.0027277172
0.0,0.029734224
0.0,0.33028412
1.0,0.49989128
0.0,0.021943092
1.0,0.9023502
1.0,0.93446475
0.0,0.39786974
0.0,0.0064051747
0.0,0.03567645
1.0,0.94282126
0.0,0.07367486
1.0,0.01538384
1.0,0.6273323
1.0,0.95315355
0.0,0.35923052
0.0,0.2952292
0.0,0.030373603
0.0,0.75864077
0.0,0.008645862
0.0,0.008906722
0.0,0.10495418
1.0,0.6410532
0.0,0.044441372
1.0,0.86620194
0.0,0.11128536
1.0,0.45110455
1.0,0.75628555
1.0,0.48315102
1.0,0.7698846
0.0,0.22985312
0.0,0.84511024
0.0,0.05937916
1.0,0.32575172
1.0,0.58252484
0.0,0.0015728176
1.0,0.15628693
1.0,0.6027212
1.0,0.81719446
1.0,0.59915423
0.0,0.4370799
0.0,0.0050378144
1.0,0.75133324
0.0,0.017092943
0.0,0.39357597
1.0,0.9381522
0.0,0.008446217
0.0,0.835243
0.0,0.096901745
0.0,0.006353259
0.0,0.13679928
1.0,0.9059855
0.0,0.0038404465
0.0,0.6058083
1.0,0.12297276
0.0,0.042975754
1.0,0.9349601
0.0,0.13311991
0.0,0.042197168
0.0,0.008954406
0.0,0.09212071
1.0,0.65743345
0.0,0.114100516
0.0,0.5042223
1.0,0.8165841
1.0,0.75231344
0.0,0.008460492
0.0,0.0087785125
0.0,0.0064946413
1.0,0.22555825
0.0,0.0185861
1.0,0.8155563
1.0,0.6384788
1.0,0.42275432
1.0,0.76526165
1.0,0.58774906
0.0,0.8527874
1.0,0.80445987
1.0,0.7798385
0.0,0.010784924
0.0,0.003995687
0.0,0.041785568
1.0,0.6791791
0.0,0.007430315
0.0,0.06031713
0.0,0.036325127
1.0,0.901383
0.0,0.024470896
1.0,0.76836824
0.0,0.16692698
0.0,0.49395967
0.0,0.038227886
0.0,0.021769583
0.0,0.037445396
1.0,0.7848028
1.0,0.89693475
0.0,0.031030118
0.0,0.12754506
1.0,0.8893868
0.0,0.00017735362
1.0,0.9240587
0.0,0.04671967
0.0,0.02450341
0.0,0.015565813
1.0,0.92601424
1.0,0.86785877
0.0,0.04145077
0.0,0.45479724
1.0,0.6959393
0.0,0.11314201
0.0,0.04744914
1.0,0.76529634
1.0,0.9668304
1.0,0.66540545
0.0,0.022484362
1.0,0.6373699
1.0,0.7731266
0.0,0.14976591
0.0,0.05248356
0.0,0.007080853
0.0,0.023715079
0.0,0.0008403063
0.0,0.11382058
1.0,0.69377685
1.0,0.594599
0.0,0.36694926
0.0,0.004706204
0.0,0.22683606
0.0,0.21361467
1.0,0.5655564
0.0,0.35701677
0.0,0.0042567253
0.0,0.72807884
0.0,0.79081035
1.0,0.17624062
0.0,0.00117594
0.0,0.5665046
1.0,0.95825374
0.0,0.083238155
0.0,0.16819227
0.0,0.010364026
0.0,0.0092668235
1.0,0.36519742
1.0,0.6064167
0.0,0.10624352
0.0,0.91533417
0.0,0.0008522868
0.0,0.9232903
0.0,0.89763224
0.0,0.5256276
0.0,0.001098454
0.0,0.5392281
1.0,0.01708424
0.0,0.011471331
1.0,0.16534016
0.0,0.5272736
0.0,0.0003478229
0.0,0.012804061
0.0,0.019518554
0.0,0.17246452
0.0,0.045757264
1.0,0.8938068
0.0,0.0012001991
0.0,0.53690314
0.0,0.11757186
1.0,0.63033766
1.0,0.7665489
0.0,0.0057195425
0.0,0.4334465
0.0,0.001853615
1.0,0.9331115
1.0,0.83416533
1.0,0.8773536
0.0,0.07612488
1.0,0.9608538
0.0,0.065211475
0.0,0.0021360815
0.0,0.011404097
1.0,0.060368896
0.0,0.0004761815
0.0,0.018892407
1.0,0.9387982
1.0,0.25701162
0.0,0.1654844
1.0,0.9793253
0.0,0.04820186
1.0,0.75721705
0.0,0.09162459
1.0,0.89266473
0.0,0.9441794
0.0,0.15249202
1.0,0.576823
0.0,0.00063818693
0.0,0.37247485
0.0,0.024107873
0.0,0.022299856
0.0,0.21639565
0.0,0.0057737827
1.0,0.87688243
1.0,0.77320963
0.0,0.3718588
0.0,0.031164914
0.0,0.014759839
0.0,0.37439838
1.0,0.95223415
0.0,0.021483302
0.0,0.18643242
0.0,0.55338067
0.0,0.14999568
0.0,0.0014199317
1.0,0.6882733
1.0,0.9140303
0.0,0.0038794875
0.0,0.015244275
0.0,0.026386827
0.0,0.03474492
1.0,0.6403486
0.0,0.6841545
0.0,0.11438319
0.0,0.010218084
1.0,0.62783074
0.0,0.002144307
0.0,0.05917278
1.0,0.83199006
0.0,0.011551321
0.0,0.22614232
1.0,0.7476513
1.0,0.48065844
1.0,0.63664913
0.0,0.0017828643
0.0,0.007696688
0.0,0.095395386
0.0,0.008940011
1.0,0.85502815
0.0,0.20032728
1.0,0.17435375
0.0,0.00014159083
0.0,0.004036039
0.0,0.37286106
1.0,0.84421045
0.0,0.51576215
0.0,0.25321215
0.0,0.34049764
1.0,0.5224008
0.0,0.019406646
0.0,0.2075184
0.0,0.007817656
1.0,0.17755038
0.0,0.0048742592
0.0,0.0013171732
1.0,0.25961953
1.0,0.9261817
0.0,0.000330925
1.0,0.89779526
1.0,0.89838374
1.0,0.74041694
1.0,0.88661724
0.0,0.025701225
1.0,0.8204262
0.0,0.9920692
1.0,0.03233087
0.0,0.01954177
1.0,0.5741701
0.0,0.23307323
1.0,0.16407984
1.0,0.9832764
1.0,0.6593511
0.0,0.0033317506
0.0,0.49548474
0.0,0.22656739
0.0,0.1054796
0.0,0.022949517
0.0,0.049943626
1.0,0.9412091
1.0,0.9017947
1.0,0.5344041
0.0,0.0016392469
0.0,0.0053940713
0.0,0.034257352
0.0,0.23482308
1.0,0.0068150163
0.0,0.11236906
0.0,0.08362326
0.0,0.026465148
0.0,0.29820508
1.0,0.9277333
0.0,0.26987582
0.0,0.84700763
0.0,0.23695472
1.0,0.46531472
0.0,0.08266041
0.0,0.3946405
1.0,0.39828146
0.0,0.56592524
1.0,0.2070244
0.0,0.033900976
0.0,0.1713399
0.0,0.009188414
0.0,0.01038003
0.0,0.0015069544
1.0,0.7436373
0.0,0.11176917
0.0,0.0063183606
1.0,0.90152955
1.0,0.8574748
0.0,0.094625026
1.0,0.006888449
0.0,0.19278634
0.0,0.018838108
1.0,0.87651813
0.0,0.0024220943
0.0,0.21249333
0.0,0.026002765
0.0,0.022853822
1.0,0.90848976
1.0,0.89709854
1.0,0.5186107
1.0,0.8554041
0.0,0.0146164
0.0,0.01615268
0.0,0.27247655
1.0,0.8675586
0.0,0.092506826
0.0,0.08677864
1.0,0.78418434
1.0,0.22337738
1.0,0.94669557
0.0,0.005893886
0.0,0.21263504
0.0,0.81646657
1.0,0.9429462
1.0,0.8173607
1.0,0.82210857
0.0,0.21271646
0.0,0.0016281307
0.0,0.0011484325
1.0,0.4465476
1.0,0.22289729
0.0,0.12195486
1.0,0.89757836
1.0,0.46107933
1.0,0.74751055
1.0,0.28597948
0.0,0.122374505
0.0,0.027300984
1.0,0.38898116
1.0,0.73534626
0.0,0.13438475
0.0,0.096830636
0.0,0.0025473833
0.0,0.017167568
0.0,0.017280966
0.0,0.42819163
0.0,0.010250777
0.0,0.121349216
1.0,0.5992531
1.0,0.75943696
0.0,0.42865613
1.0,0.94666696
0.0,0.0013353825
1.0,0.70038694
0.0,0.30893433
1.0,0.9513415
0.0,0.00014352798
0.0,0.0099512935
0.0,0.0023252964
0.0,0.071091324
1.0,0.0353024
1.0,0.9206669
0.0,0.043674976
0.0,0.097332716
1.0,0.31918287
0.0,0.17141405
1.0,0.8901439
1.0,0.87540007
0.0,0.005954385
0.0,0.015915453
0.0,0.11981231
0.0,0.94729793
0.0,0.5715278
0.0,0.003951192
0.0,0.08696517
0.0,0.0013143718
1.0,0.80386484
1.0,0.8791897
1.0,0.4543448
1.0,0.74662465
0.0,0.028238982
0.0,0.28963155
1.0,0.7347594
0.0,0.8202473
0.0,0.019975662
0.0,0.4681843
1.0,0.7798002
1.0,0.21654037
0.0,0.029139847
1.0,0.7479627
1.0,0.9477053
0.0,0.000105410814
0.0,0.00943765
1.0,0.85036993
0.0,0.0020019114
0.0,0.18393758
0.0,0.0010660887
0.0,0.054037154
1.0,0.04845935
0.0,0.005978167
0.0,0.02076754
0.0,0.5795047
1.0,0.7554667
0.0,0.011937082
0.0,0.059835404
1.0,0.78154206
0.0,0.0070801973
0.0,0.22923115
0.0,0.79183614
1.0,0.96015835
1.0,0.6857541
1.0,0.036509395
0.0,0.38010076
0.0,0.2225771
1.0,0.106802106
0.0,0.003427893
0.0,0.0120948255
0.0,0.1562356
0.0,0.13784519
1.0,0.58789426
0.0,0.10556826
0.0,0.80840755
1.0,0.59611946
0.0,0.015021205
0.0,0.028989851
0.0,0.71794486
0.0,0.122093916
1.0,0.6311773
1.0,0.8850215
0.0,0.05381736
1.0,0.84413415
0.0,0.010423899
0.0,0.0062937737
0.0,0.0020749867
1.0,0.60770935
0.0,0.0073999166
0.0,0.012309313
1.0,0.7235266
1.0,0.6057088
1.0,0.7940104
0.0,0.22760856
1.0,0.81009305
1.0,0.8231627
0.0,0.00041309
0.0,0.67792696
0.0,0.65668297
1.0,0.68244946
0.0,0.037767977
0.0,0.31657314
0.0,0.0065207183
0.0,0.0030323863
0.0,0.0052644014
0.0,0.07238579
0.0,0.14640662
0.0,0.1967439
0.0,0.30635878
1.0,0.20216233
1.0,0.44934106
1.0,0.5720192
0.0,0.0047204792
1.0,0.91960204
0.0,0.24369913
0.0,0.040246457
1.0,0.7038766
0.0,0.22184536
0.0,0.0052707493
0.0,0.105504006
0.0,0.029386431
0.0,0.106146544
0.0,0.61619675
0.0,0.07010901
1.0,0.43984315
0.0,0.0004839599
0.0,0.005473405
0.0,0.0033988059
1.0,0.92532253
1.0,0.8429862
0.0,0.6244125
1.0,0.32855585
0.0,0.027529776
1.0,0.031960487
0.0,0.0155901015
0.0,0.007487297
1.0,0.18179554
0.0,0.0053879023
0.0,0.002785802
1.0,0.44843334
0.0,0.39372504
1.0,0.036557853
0.0,0.6740247
0.0,0.0066565275
1.0,0.834854
0.0,0.006448686
0.0,0.42539245
0.0,0.826325
0.0,0.0028210878
0.0,0.00239864
1.0,0.8914434
0.0,0.0026017427
0.0,0.01630494
0.0,0.021655679
1.0,0.4792779
0.0,0.95624745
0.0,0.12226945
1.0,0.6414013
0.0,0.00529927
0.0,0.027390659
0.0,0.046432167
0.0,0.21045205
1.0,0.632663
0.0,0.014500648
0.0,0.00013405085
0.0,0.005405396
0.0,0.00580585
0.0,0.5168139
1.0,0.7629687
1.0,0.43335122
0.0,0.014157444
1.0,0.7847598
0.0,0.08120394
0.0,0.048974812
0.0,0.004964024
0.0,0.50340647
1.0,0.8698957
0.0,0.013200551
0.0,0.0145691335
0.0,0.43709773
0.0,0.061080784
0.0,0.029747725
0.0,0.006409794
0.0,0.001467675
0.0,0.0055965483
0.0,0.0021589696
0.0,0.8781786
1.0,0.504432
0.0,0.024609417
0.0,0.27221894
0.0,0.020638138
1.0,0.9610945
0.0,0.17280692
1.0,0.8655993
0.0,0.039336324
0.0,0.1959452
0.0,0.08674368
1.0,0.9724102
1.0,0.9487377
1.0,0.65759337
1.0,0.17064235
0.0,0.165239
0.0,0.026368767
1.0,0.9439888
1.0,0.7855011
0.0,0.03594011
0.0,0.24032605
0.0,0.7336832
1.0,0.81953406
0.0,0.022372007
0.0,0.009191453
0.0,0.039746493
0.0,0.020228952
1.0,0.27484477
1.0,0.94028515
0.0,0.001262933
1.0,0.51708287
0.0,0.014966905
0.0,0.024765998
0.0,0.0062640905
0.0,0.08555755
0.0,0.0610902
1.0,0.91699636
0.0,0.030208468
0.0,0.1964001
0.0,0.6318756
0.0,0.3938458
0.0,0.7031127
1.0,0.9483422
0.0,0.024869442
0.0,0.04249412
1.0,0.80848056
0.0,0.1943602
0.0,0.003249228
1.0,0.8907628
1.0,0.8032688
0.0,0.16213211
1.0,0.9370874
0.0,0.5626984
1.0,0.6721549
1.0,0.9880791
0.0,0.29108667
1.0,0.7818961
0.0,0.2691986
0.0,0.0051799417
0.0,0.14487517
0.0,0.4156841
0.0,0.022131085
0.0,0.024672776
0.0,0.3764764
1.0,0.93523145
0.0,0.12153193
0.0,0.12768927
0.0,0.37098098
0.0,0.13642228
1.0,0.8819797
0.0,0.013809621
0.0,0.3257476
0.0,0.013287455
0.0,0.064686656
0.0,0.0125876665
0.0,0.9414233
1.0,0.1303044
0.0,0.08676529
1.0,0.5842788
0.0,0.004584193
1.0,0.19659331
0.0,0.08108845
0.0,0.056902587
0.0,0.03899619
0.0,0.6737716
0.0,0.37619928
0.0,0.16180944
0.0,0.5333879
0.0,0.0032277405
0.0,0.67967373
0.0,0.8044552
1.0,0.7191921
0.0,0.93204904
0.0,0.021830231
1.0,0.97871435
0.0,0.049301386
0.0,0.0014565885
0.0,0.0019956827
1.0,0.7203541
1.0,0.33398396
1.0,0.7096134
1.0,0.97794074
0.0,0.3907268
1.0,0.78866696
0.0,0.15045464
1.0,0.49470088
0.0,0.06340468
0.0,0.91959333
0.0,0.04392636
0.0,0.036721915
0.0,0.5056708
1.0,0.9183919
1.0,0.19068995
0.0,0.96216017
1.0,0.6896545
0.0,0.0064657927
1.0,0.9621347
0.0,0.037929684
0.0,0.02047515
0.0,0.89512074
0.0,0.3044111
0.0,0.15192822
0.0,0.003888011
1.0,0.97152674
0.0,9.813905e-05
1.0,0.9416285
1.0,0.7283448
1.0,0.8818125
0.0,0.0037659407
0.0,0.8563288
0.0,0.023272991
0.0,0.10867044
0.0,0.14248535
1.0,0.51733375
0.0,0.103206456
0.0,0.063973755
0.0,0.14827141
0.0,0.005684197
0.0,0.0017725527
0.0,0.29289788
0.0,0.79907846
0.0,0.026047379
0.0,0.23887038
1.0,0.9744469
0.0,0.30231124
0.0,0.022159338
0.0,0.0020345151
0.0,0.006221235
1.0,0.70783323
0.0,0.44249952
1.0,0.92174196
0.0,0.70689565
1.0,0.98032904
1.0,0.8842963
0.0,0.0023835003
0.0,0.31302628
0.0,0.017598927
0.0,0.108440965
0.0,0.0058895946
0.0,0.40906897
1.0,0.9529981
0.0,0.032587856
1.0,0.11103815
0.0,0.021024227
0.0,0.0010762811
0.0,0.09986395
1.0,0.83364916
0.0,0.008874118
1.0,0.9667247
0.0,0.0006159544
0.0,0.056726366
0.0,0.3279085
0.0,0.4842606
0.0,0.18225265
0.0,0.020699948
1.0,0.65819645
1.0,0.43421686
0.0,0.33323276
0.0,0.0064748824
0.0,0.0231722
1.0,0.72303176
0.0,0.070854545
1.0,0.1913746
0.0,0.10099414
1.0,0.8794626
1.0,0.3901813
0.0,0.021751076
0.0,0.0035213232
0.0,0.006359577
1.0,0.83765113
0.0,0.24313295
0.0,0.53849095
1.0,0.8504437
1.0,0.61139655
0.0,0.27582017
0.0,0.0309169
1.0,0.8790994
0.0,0.051825553
0.0,0.0139249265
0.0,0.016196579
1.0,0.65324116
0.0,0.029050559
0.0,0.028892636
1.0,0.93730515
1.0,0.8209336
0.0,0.2440083
0.0,0.0065135956
0.0,0.0102759
1.0,0.85955715
1.0,0.8964486
1.0,0.715246
0.0,0.04222566
0.0,0.012722731
0.0,0.03668055
0.0,0.0007456839
1.0,0.84573746
0.0,0.0039082468
0.0,0.38423988
0.0,0.027404696
0.0,0.27919626
0.0,0.15866873
0.0,0.0026206672
0.0,0.17912447
0.0,0.048891187
0.0,0.00679183
1.0,0.13454512
1.0,0.89836955
0.0,0.898674
0.0,0.4460411
1.0,0.016877443
0.0,0.004433155
1.0,0.7796059
0.0,0.035382092
0.0,0.014010996
1.0,0.9636445
1.0,0.8160356
0.0,0.59687454
0.0,0.10875231
1.0,0.65123785
0.0,0.11630845
0.0,0.08501029
0.0,0.9751085
0.0,0.042257607
1.0,0.8389174
1.0,0.1900414
0.0,0.6319779
0.0,0.007306814
0.0,0.053397298
1.0,0.9022417
0.0,0.009974569
1.0,0.517914
0.0,0.20274463
1.0,0.5023816
1.0,0.49750963
0.0,0.33305383
1.0,0.09681457
0.0,0.8049139
0.0,0.0080038905
1.0,0.93760157
1.0,0.12032676
0.0,0.028880864
0.0,0.07977861
0.0,0.53417426
0.0,0.6535322
1.0,0.86440223
0.0,0.07999894
0.0,0.20576131
0.0,0.010406762
1.0,0.8369372
0.0,0.05006355
0.0,0.5264596
1.0,0.92017496
0.0,0.0011838377
0.0,0.32243794
0.0,0.14591151
1.0,0.021593422
0.0,0.18660212
1.0,0.9189877
0.0,0.022660792
1.0,0.21646988
1.0,0.66440487
1.0,0.8398584
1.0,0.8725486
0.0,0.00027528405
1.0,0.50313115
0.0,0.037720084
1.0,0.9687865
1.0,0.7083561
0.0,0.5556719
1.0,0.77696764
0.0,0.0010206997
1.0,0.2568117
1.0,0.26425758
0.0,0.013951391
0.0,0.8098876
1.0,0.97851837
1.0,0.20391998
0.0,0.02573961
0.0,0.22139767
0.0,0.00013536215
0.0,0.016039371
0.0,0.38588542
1.0,0.75775826
1.0,0.9029573
1.0,0.37939748
1.0,0.5982156
1.0,0.93418455
1.0,0.88207805
0.0,0.75014186
1.0,0.8857912
0.0,0.0062803626
0.0,0.013461858
0.0,0.013238937
1.0,0.19902673
1.0,0.24679774
0.0,0.039381713
0.0,0.037246317
0.0,0.70772696
1.0,0.33851695
1.0,0.45840034
1.0,0.7714782
0.0,0.006428212
0.0,0.8762928
0.0,0.009803742
0.0,0.5521651
0.0,0.01386708
0.0,0.0067317486
1.0,0.95055014
1.0,0.9094342
0.0,0.47929657
0.0,0.2690971
0.0,0.62682605
0.0,0.57262814
0.0,0.61704046
0.0,0.22662354
0.0,0.3849899
1.0,0.56179243
0.0,0.2870037
1.0,0.8367765
0.0,0.03153652
0.0,0.5844288
0.0,0.020446956
0.0,0.4824025
1.0,0.89431375
1.0,0.7257589
1.0,0.6850974
1.0,0.6929923
0.0,0.002427578
0.0,0.83043015
1.0,0.54872346
1.0,0.5568354
0.0,0.3323444
0.0,0.0039009154
0.0,0.3911219
1.0,0.33096194
0.0,0.005248934
1.0,0.028786093
0.0,0.016542077
0.0,0.039396405
0.0,0.01391232
0.0,0.011958122
0.0,0.0562523
0.0,0.0069804788
0.0,0.101996034
1.0,0.89369845
0.0,0.009024143
0.0,0.459894
0.0,0.020709574
1.0,0.4631426
0.0,0.011259198
1.0,0.9420443
0.0,0.017831385
0.0,0.06969312
0.0,0.0030163527
0.0,0.2520944
0.0,0.02252829
0.0,0.018179119
1.0,0.81302285
0.0,0.27328512
1.0,0.59238523
1.0,0.93506604
0.0,0.011247456
0.0,0.2156317
1.0,0.8303927
1.0,0.97520804
0.0,0.34791073
0.0,0.5331174
0.0,0.012044519
0.0,0.3520943
0.0,0.038450718
1.0,0.85911524
0.0,0.056062043
1.0,0.26773128
1.0,0.04191515
0.0,0.8172191
0.0,0.11994368
0.0,0.02684766
0.0,0.009103
0.0,0.58107185
0.0,0.009790927
0.0,0.014156967
0.0,0.695315
1.0,0.7666957
1.0,0.6093736
0.0,0.1742256
0.0,0.018878937
0.0,0.40959007
1.0,0.711243
0.0,0.003851533
0.0,0.02167207
1.0,0.28742135
1.0,0.8310923
0.0,0.11566752
0.0,0.6498809
0.0,0.03196177
1.0,0.8395268
0.0,0.09053829
1.0,0.8901987
1.0,0.426705
0.0,0.038790494
0.0,0.14766565
0.0,0.04944688
1.0,0.36821616
0.0,0.17155033
1.0,0.85506475
0.0,0.054514498
1.0,0.8464925
0.0,0.07463229
0.0,0.09387776
0.0,0.0033702552
1.0,0.98468435
0.0,0.3950882
1.0,0.9680351
1.0,0.6732204
0.0,0.0052343905
1.0,0.20524874
0.0,0.08315885
1.0,0.33511722
0.0,0.0042230487
1.0,0.8364982
0.0,0.0007596612
1.0,0.6709088
1.0,0.74730945
1.0,0.97050405
0.0,0.039925605
1.0,0.5592714
1.0,0.33143032
0.0,0.0045408607
1.0,0.9425185
1.0,0.5799213
1.0,0.061136246
0.0,0.03251499
0.0,0.05973255
0.0,0.78719324
0.0,0.30946743
