0.0,0.76129305
0.0,0.6310004
1.0,0.4835685
0.0,0.050557673
1.0,0.86073756
0.0,0.033844322
1.0,0.895514
1.0,0.84698606
1.0,0.53239715
0.0,0.13476819
0.0,0.28738362
1.0,0.9111717
0.0,0.03799072
0.0,0.5309386
0.0,0.09131917
0.0,0.012063473
1.0,0.6787521
0.0,0.08392385
0.0,0.040380538
1.0,0.8714118
1.0,0.87348926
0.0,0.017631322
1.0,0.9711317
0.0,0.12546149
0.0,0.06683758
1.0,0.9142003
0.0,0.07657015
1.0,0.90023303
0.0,0.06117916
1.0,0.9771135
0.0,0.025736868
0.0,0.41551417
1.0,0.99216986
1.0,0.9977251
1.0,0.954
1.0,0.9912785
1.0,0.43413955
0.0,0.045699954
1.0,0.9461645
1.0,0.5510887
1.0,0.9714631
1.0,0.968722
0.0,0.011859864
1.0,0.99067163
1.0,0.83621144
0.0,0.08086681
0.0,0.043664932
0.0,0.047813892
0.0,0.052992374
1.0,0.964755
0.0,0.15381294
1.0,0.9083998
1.0,0.996357
1.0,0.93480045
0.0,0.04990059
0.0,0.03891349
0.0,0.53108656
1.0,0.03756681
1.0,0.9737116
1.0,0.41081965
1.0,0.9889599
0.0,0.50057095
1.0,0.9914373
1.0,0.97608155
1.0,0.7716553
0.0,0.11437076
0.0,0.19064596
1.0,0.89964634
0.0,0.052699655
1.0,0.9395542
0.0,0.15210149
1.0,0.89258665
0.0,0.03755468
0.0,0.085016996
1.0,0.377109
0.0,0.053950816
0.0,0.052268684
0.0,0.58708066
0.0,0.086734146
1.0,0.8806875
0.0,0.039423496
1.0,0.9988713
1.0,0.990535
1.0,0.9996456
1.0,0.99038124
1.0,0.9205216
1.0,0.99229455
0.0,0.35845733
0.0,0.053750247
1.0,0.83506024
0.0,0.04799962
1.0,0.18677768
0.0,0.012436122
0.0,0.90818083
0.0,0.25451133
1.0,0.96717405
0.0,0.03758523
0.0,0.040655434
1.0,0.9186361
1.0,0.98943436
0.0,0.025183052
0.0,0.14990708
1.0,0.112988025
0.0,0.07158077
0.0,0.13490239
1.0,0.90811527
1.0,0.038167328
0.0,0.04166922
1.0,0.025017798
1.0,0.98394036
1.0,0.9254675
0.0,0.04363799
1.0,0.114316046
0.0,0.12793666
0.0,0.099399626
1.0,0.28840894
0.0,0.08451879
1.0,0.8111364
1.0,0.30233958
1.0,0.9883599
0.0,0.518739
1.0,0.9840278
0.0,0.8488459
0.0,0.033931732
0.0,0.45683128
1.0,0.52369136
0.0,0.02404207
0.0,0.10771638
1.0,0.9890014
1.0,0.5312352
1.0,0.9722012
0.0,0.09542453
0.0,0.077450186
1.0,0.39232028
1.0,0.99826556
0.0,0.9337193
0.0,0.062103033
0.0,0.016147137
0.0,0.09319633
0.0,0.101091504
1.0,0.88043517
0.0,0.11638272
1.0,0.42209056
0.0,0.05037707
0.0,0.03591326
0.0,0.022255212
1.0,0.5835619
0.0,0.094142705
0.0,0.06517595
0.0,0.033205777
0.0,0.09730062
0.0,0.019987047
0.0,0.013108462
0.0,0.9406744
0.0,0.56599134
1.0,0.9878386
0.0,0.0149457455
0.0,0.0679892
1.0,0.9992815
0.0,0.13079068
0.0,0.5985986
0.0,0.5308079
0.0,0.035689056
0.0,0.13902175
1.0,0.99787295
0.0,0.19649222
1.0,0.53535545
0.0,0.17776078
0.0,0.06068805
1.0,0.8824036
0.0,0.6619632
0.0,0.9620671
0.0,0.92793965
0.0,0.025317937
1.0,0.67083234
1.0,0.92269135
0.0,0.10044393
1.0,0.9766611
0.0,0.6161208
1.0,0.9243972
1.0,0.95323527
1.0,0.8975469
1.0,0.9721736
1.0,0.982579
0.0,0.90543
0.0,0.013604909
0.0,0.049450815
0.0,0.99208117
0.0,0.13156062
0.0,0.0866721
1.0,0.1641187
0.0,0.024766594
0.0,0.96595263
1.0,0.97039706
1.0,0.93591595
1.0,0.97048575
0.0,0.028606027
0.0,0.2527004
0.0,0.027740896
1.0,0.11077824
0.0,0.37432057
0.0,0.7249762
0.0,0.51861095
0.0,0.29454136
0.0,0.100734174
1.0,0.10716525
0.0,0.07761967
1.0,0.24589828
0.0,0.022855282
0.0,0.055711955
0.0,0.024441123
1.0,0.9846059
0.0,0.08021918
0.0,0.40167376
0.0,0.050690353
0.0,0.014516383
0.0,0.90889263
0.0,0.17466259
1.0,0.9992298
0.0,0.0218243
0.0,0.02256301
1.0,0.8578963
1.0,0.9599657
0.0,0.20591086
0.0,0.035454363
0.0,0.035734653
0.0,0.18664062
0.0,0.043282658
0.0,0.18016005
1.0,0.97923344
0.0,0.13078898
1.0,0.5561978
0.0,0.03192985
1.0,0.89302546
1.0,0.5549611
0.0,0.05523178
0.0,0.037938595
0.0,0.025003463
1.0,0.89281565
1.0,0.8270381
1.0,0.9938915
1.0,0.64928365
0.0,0.019792974
0.0,0.8695917
1.0,0.997572
0.0,0.764621
0.0,0.035057575
0.0,0.019762695
0.0,0.33120632
0.0,0.05637455
0.0,0.036540806
0.0,0.15192172
1.0,0.6068681
0.0,0.02753061
0.0,0.35787088
0.0,0.25272787
1.0,0.94162667
1.0,0.8112304
0.0,0.052918524
0.0,0.05534023
0.0,0.05720517
1.0,0.976197
0.0,0.04538071
0.0,0.054486662
0.0,0.07053736
0.0,0.028407067
1.0,0.99499416
1.0,0.9140193
1.0,0.9962732
0.0,0.03965181
1.0,0.945616
0.0,0.11571115
0.0,0.04118979
0.0,0.43272308
1.0,0.9393259
1.0,0.8489246
0.0,0.03553638
0.0,0.079135925
1.0,0.93631196
1.0,0.59525687
0.0,0.5430752
1.0,0.5677737
1.0,0.9643245
0.0,0.7009566
0.0,0.3192311
0.0,0.06998247
0.0,0.028294057
0.0,0.6810808
0.0,0.0413886
1.0,0.9964011
0.0,0.06385967
0.0,0.030655384
1.0,0.99713314
0.0,0.11069021
1.0,0.9925249
1.0,0.051184267
1.0,0.94286907
1.0,0.9285359
1.0,0.9173416
0.0,0.052040786
1.0,0.8871453
0.0,0.5647339
1.0,0.99903476
0.0,0.7856481
0.0,0.53735965
0.0,0.033160985
0.0,0.41484287
0.0,0.36773825
1.0,0.9926493
0.0,0.96485263
1.0,0.9045371
0.0,0.71835995
1.0,0.7981961
1.0,0.99039114
0.0,0.055643052
0.0,0.02312696
0.0,0.035818428
1.0,0.8893949
1.0,0.9452139
0.0,0.031434387
0.0,0.033269912
0.0,0.041410178
0.0,0.07049331
1.0,0.98575926
1.0,0.70501554
0.0,0.119448274
0.0,0.6404512
1.0,0.8085856
1.0,0.9539898
1.0,0.6311384
0.0,0.13445374
0.0,0.768174
0.0,0.015073925
0.0,0.59884953
1.0,0.9955361
1.0,0.5922963
0.0,0.08915123
0.0,0.089552015
0.0,0.02833718
0.0,0.38734394
0.0,0.009197772
0.0,0.42466095
1.0,0.56050426
0.0,0.5151405
0.0,0.070896804
0.0,0.15678522
0.0,0.9198722
0.0,0.8704829
0.0,0.11154452
0.0,0.018880993
1.0,0.74173033
0.0,0.038604528
1.0,0.8814851
0.0,0.015552789
0.0,0.12420949
0.0,0.11608845
0.0,0.013772666
0.0,0.957579
1.0,0.47947076
1.0,0.9112673
0.0,0.72740805
1.0,0.6959577
0.0,0.028188795
0.0,0.7172527
0.0,0.2085473
0.0,0.9181378
0.0,0.025066614
0.0,0.03941089
1.0,0.67935205
0.0,0.028279424
1.0,0.99632597
0.0,0.22543216
1.0,0.3846798
0.0,0.24578515
1.0,0.29377115
1.0,0.98421645
1.0,0.9696732
0.0,0.039182305
0.0,0.03692186
1.0,0.93820906
0.0,0.03884709
0.0,0.040943027
1.0,0.09680933
1.0,0.98384845
0.0,0.14461994
1.0,0.93469906
1.0,0.994639
0.0,0.40059155
0.0,0.036110997
0.0,0.25186038
0.0,0.0658043
0.0,0.04626736
0.0,0.25977302
1.0,0.9945523
0.0,0.3757178
1.0,0.8762856
1.0,0.616381
0.0,0.038981408
0.0,0.34702465
0.0,0.7720901
1.0,0.99725413
1.0,0.9724931
1.0,0.5585354
0.0,0.02426222
1.0,0.99012446
1.0,0.956914
0.0,0.00628376
0.0,0.29046524
0.0,0.9671525
0.0,0.9498935
1.0,0.93935513
0.0,0.03925371
1.0,0.5562222
0.0,0.8335083
0.0,0.05658397
0.0,0.076519996
0.0,0.041453123
0.0,0.049849868
0.0,0.066655815
0.0,0.0897086
0.0,0.07765868
0.0,0.111117184
0.0,0.64440984
0.0,0.21947223
0.0,0.02828306
0.0,0.7230274
0.0,0.038475096
1.0,0.83400863
0.0,0.7419807
1.0,0.99756163
0.0,0.069010556
0.0,0.0097724795
0.0,0.057106256
0.0,0.93014604
0.0,0.63828844
0.0,0.15772271
0.0,0.2726224
0.0,0.007046908
0.0,0.028404623
0.0,0.040290117
0.0,0.8219023
1.0,0.8738687
0.0,0.08506295
0.0,0.053934366
0.0,0.7071443
0.0,0.076084465
1.0,0.83826876
0.0,0.95807457
1.0,0.54860806
0.0,0.048867345
0.0,0.05681017
1.0,0.9887744
0.0,0.95014495
1.0,0.77127755
1.0,0.95765305
1.0,0.697068
1.0,0.9916955
0.0,0.031277508
1.0,0.56080985
0.0,0.012855738
0.0,0.03053677
0.0,0.6162447
1.0,0.9958301
0.0,0.06104797
0.0,0.08377311
1.0,0.6194519
1.0,0.9980845
0.0,0.13404718
0.0,0.017335624
1.0,0.59331095
0.0,0.25848177
1.0,0.7689563
0.0,0.46851942
0.0,0.14045078
1.0,0.93945897
0.0,0.93964857
0.0,0.014055073
1.0,0.4976824
0.0,0.07380608
1.0,0.99943656
0.0,0.034454733
1.0,0.57885647
1.0,0.5647617
1.0,0.905396
1.0,0.9298826
0.0,0.657247
0.0,0.099535555
1.0,0.59033936
0.0,0.030113816
0.0,0.4902733
1.0,0.8615522
1.0,0.7662754
1.0,0.93068343
0.0,0.059881985
1.0,0.98762465
1.0,0.94002795
0.0,0.23248604
1.0,0.99385905
0.0,0.6879687
1.0,0.7734727
1.0,0.94709575
0.0,0.9359051
0.0,0.29907325
1.0,0.98595595
0.0,0.1568861
1.0,0.92160153
0.0,0.757849
0.0,0.04784423
0.0,0.7358563
1.0,0.9995018
0.0,0.02940914
0.0,0.019562751
0.0,0.85505176
1.0,0.58372635
0.0,0.07671356
0.0,0.034915656
0.0,0.59316087
0.0,0.8458078
1.0,0.8564403
1.0,0.9982456
0.0,0.15690461
0.0,0.502348
0.0,0.2493572
0.0,0.43676564
0.0,0.048057348
1.0,0.9919051
0.0,0.01727289
1.0,0.98120713
0.0,0.81825244
0.0,0.5413512
1.0,0.80221033
0.0,0.07018438
0.0,0.14128903
0.0,0.031346798
0.0,0.05415392
0.0,0.12907755
0.0,0.024066627
0.0,0.04744312
0.0,0.15794799
1.0,0.94623315
1.0,0.9987254
0.0,0.022266388
0.0,0.06222537
1.0,0.9960416
0.0,0.027889132
1.0,0.9368935
0.0,0.105118155
0.0,0.024570048
1.0,0.93355834
0.0,0.44598925
1.0,0.6855813
0.0,0.17386925
1.0,0.2908488
0.0,0.059336156
0.0,0.076462805
0.0,0.69875777
1.0,0.99262553
0.0,0.030465037
0.0,0.05635649
0.0,0.025268286
0.0,0.9671056
1.0,0.15028095
0.0,0.12743837
0.0,0.016335338
1.0,0.99853575
1.0,0.27268612
0.0,0.5209622
1.0,0.79153955
0.0,0.15636009
0.0,0.7282628
1.0,0.9769248
1.0,0.99712676
0.0,0.08674601
1.0,0.993143
1.0,0.99396944
0.0,0.061595052
0.0,0.22413
0.0,0.06453499
1.0,0.09615043
0.0,0.007047683
0.0,0.02905652
0.0,0.062722474
1.0,0.9893415
1.0,0.89092755
0.0,0.054062903
1.0,0.7708465
1.0,0.6235647
0.0,0.054615766
1.0,0.9764787
0.0,0.03147137
1.0,0.6537798
0.0,0.2498312
1.0,0.92793757
0.0,0.044670343
0.0,0.04786527
1.0,0.89591116
0.0,0.06093481
1.0,0.85154676
0.0,0.17983997
0.0,0.045825332
0.0,0.03700325
1.0,0.9531404
0.0,0.42459717
1.0,0.62746155
0.0,0.043530464
1.0,0.8943901
1.0,0.9252437
0.0,0.029061824
1.0,0.94526815
1.0,0.80054533
1.0,0.72309023
1.0,0.95403016
0.0,0.6330589
0.0,0.014499366
0.0,0.7687044
1.0,0.9654403
1.0,0.30314738
0.0,0.05694905
0.0,0.05076939
0.0,0.25518078
1.0,0.9520372
0.0,0.9030137
1.0,0.09032571
1.0,0.8125653
0.0,0.09139341
0.0,0.049925715
1.0,0.9884752
0.0,0.85906464
1.0,0.9901917
0.0,0.86003184
0.0,0.060111612
0.0,0.04489708
1.0,0.55895835
0.0,0.40077057
1.0,0.9861411
0.0,0.063883424
1.0,0.5127195
0.0,0.14973947
0.0,0.19822368
1.0,0.7111936
1.0,0.6855115
1.0,0.90863097
1.0,0.80609393
0.0,0.083601534
0.0,0.26570106
0.0,0.89309174
0.0,0.016403109
1.0,0.8567577
1.0,0.2375341
0.0,0.015327841
0.0,0.035933644
0.0,0.037187725
1.0,0.82509685
0.0,0.024134904
0.0,0.053733498
0.0,0.06930742
0.0,0.7880089
0.0,0.076088786
0.0,0.6948586
1.0,0.78341985
0.0,0.8643371
1.0,0.3405738
0.0,0.1252788
0.0,0.82125914
1.0,0.91017544
1.0,0.9441686
1.0,0.94173896
0.0,0.021344155
0.0,0.13850003
1.0,0.74677175
0.0,0.046436608
0.0,0.07861394
0.0,0.57628787
1.0,0.95459545
0.0,0.047107697
0.0,0.10510078
1.0,0.9864352
0.0,0.32599723
1.0,0.9989375
1.0,0.9063059
1.0,0.98973703
0.0,0.03936702
1.0,0.95782506
1.0,0.847089
0.0,0.26524907
1.0,0.24491951
0.0,0.107988626
0.0,0.32952315
0.0,0.20134792
0.0,0.022171527
1.0,0.9276788
1.0,0.9581083
1.0,0.9975804
1.0,0.9439121
1.0,0.9722981
0.0,0.44238514
0.0,0.96936
1.0,0.9229462
0.0,0.05948028
1.0,0.62560797
1.0,0.9989423
0.0,0.16603845
1.0,0.5631453
1.0,0.7264987
0.0,0.11022586
0.0,0.053345323
0.0,0.042121023
0.0,0.030211508
1.0,0.8029547
1.0,0.99611884
0.0,0.03389716
0.0,0.032984346
1.0,0.020447314
1.0,0.6284348
1.0,0.5431625
0.0,0.072844
1.0,0.8856919
1.0,0.7381488
0.0,0.05368951
0.0,0.065505564
1.0,0.9576453
1.0,0.9972111
0.0,0.25573903
1.0,0.70429194
0.0,0.15316626
0.0,0.13725984
1.0,0.97203636
0.0,0.4014274
1.0,0.99631
0.0,0.41060334
0.0,0.03899923
0.0,0.24310341
1.0,0.9571488
1.0,0.75322235
0.0,0.009667814
0.0,0.024156362
1.0,0.8648164
0.0,0.03416449
1.0,0.996824
1.0,0.8120723
1.0,0.75885344
0.0,0.15837309
0.0,0.76589596
0.0,0.35301608
0.0,0.013302207
0.0,0.024254411
1.0,0.9893882
0.0,0.6133208
0.0,0.030099869
1.0,0.9567876
0.0,0.0184564
1.0,0.037707448
1.0,0.63482344
0.0,0.05850321
0.0,0.39852652
0.0,0.9594831
0.0,0.021058023
0.0,0.024256617
0.0,0.017763764
0.0,0.028921485
0.0,0.9722891
1.0,0.4995619
1.0,0.98257995
0.0,0.8272278
0.0,0.70379794
0.0,0.050609827
0.0,0.16483486
0.0,0.019165993
1.0,0.38215494
0.0,0.041483253
0.0,0.0020575225
1.0,0.9522654
1.0,0.2209582
0.0,0.055063486
0.0,0.99135834
0.0,0.009214461
0.0,0.07596323
0.0,0.020383716
0.0,0.0998193
1.0,0.93901724
1.0,0.80912244
1.0,0.9543556
0.0,0.024139494
1.0,0.84699506
1.0,0.9856298
0.0,0.11432555
0.0,0.015633702
1.0,0.68071765
1.0,0.15553007
1.0,0.93682444
1.0,0.8871219
1.0,0.90718573
0.0,0.10421005
0.0,0.5203658
1.0,0.38174212
0.0,0.028472483
1.0,0.9797021
0.0,0.017213851
1.0,0.8205074
0.0,0.03949663
0.0,0.8185905
0.0,0.04394093
0.0,0.09195024
0.0,0.5238548
0.0,0.008091897
0.0,0.028316885
0.0,0.03148496
0.0,0.88136077
0.0,0.042928487
0.0,0.020353734
1.0,0.95307267
1.0,0.7267377
1.0,0.9866812
0.0,0.9659655
0.0,0.64719015
0.0,0.49495956
0.0,0.061543256
1.0,0.9861499
1.0,0.28618884
1.0,0.9625474
1.0,0.99208987
0.0,0.9228534
0.0,0.080147594
0.0,0.01333034
1.0,0.67852116
0.0,0.02048859
1.0,0.014001131
1.0,0.9583483
0.0,0.18298545
0.0,0.015663981
0.0,0.07786602
0.0,0.5617776
1.0,0.8821106
1.0,0.8176775
0.0,0.071511686
1.0,0.890682
1.0,0.5782863
0.0,0.38510707
0.0,0.07106924
1.0,0.9524671
0.0,0.02676484
0.0,0.020007491
0.0,0.032772332
0.0,0.35433006
0.0,0.032497287
1.0,0.6004484
0.0,0.38889953
0.0,0.8845715
1.0,0.9969687
1.0,0.9797542
0.0,0.6499864
0.0,0.50911444
1.0,0.84431386
0.0,0.21623671
0.0,0.0045727193
1.0,0.7574798
0.0,0.10416126
0.0,0.04573998
0.0,0.05914378
1.0,0.9967506
0.0,0.1047667
1.0,0.8252225
1.0,0.78110623
1.0,0.99975073
0.0,0.042339504
1.0,0.94819283
0.0,0.049491137
1.0,0.9844917
0.0,0.17498228
1.0,0.99529994
0.0,0.07674453
0.0,0.02750194
1.0,0.98155355
0.0,0.044321865
0.0,0.022514522
1.0,0.72506064
1.0,0.9833672
1.0,0.36066753
1.0,0.8747945
1.0,0.88963056
1.0,0.7892196
1.0,0.8873284
0.0,0.03309241
1.0,0.8518294
1.0,0.9677065
0.0,0.18615735
0.0,0.061837375
0.0,0.023844093
1.0,0.40432468
0.0,0.040700108
0.0,0.16700813
0.0,0.426264
1.0,0.96087426
0.0,0.05032125
0.0,0.3090717
1.0,0.63694346
1.0,0.9896311
1.0,0.96312654
1.0,0.04739368
0.0,0.99764
0.0,0.08125773
0.0,0.070886105
0.0,0.06387031
0.0,0.0136039555
0.0,0.6786257
0.0,0.025663614
1.0,0.2232871
1.0,0.9930016
0.0,0.12914404
1.0,0.84055173
0.0,0.05532378
0.0,0.06446791
1.0,0.99898314
0.0,0.013276845
0.0,0.9283799
0.0,0.018748254
0.0,0.6938878
0.0,0.117139995
0.0,0.03263557
0.0,0.98085654
1.0,0.8834652
0.0,0.24028167
0.0,0.80964553
1.0,0.9245541
0.0,0.07025644
1.0,0.7552873
0.0,0.05456513
0.0,0.024446279
0.0,0.094262004
0.0,0.274417
0.0,0.023000449
0.0,0.022295147
0.0,0.06394079
0.0,0.051330596
0.0,0.70133394
1.0,0.46479732
0.0,0.08250862
1.0,0.94663894
0.0,0.699475
1.0,0.2184796
0.0,0.5215661
0.0,0.014658004
0.0,0.1065875
1.0,0.9651463
1.0,0.15880689
1.0,0.3084175
0.0,0.07586396
0.0,0.20602998
1.0,0.80075294
0.0,0.15354633
0.0,0.18385863
1.0,0.91436446
0.0,0.05568868
1.0,0.9752413
1.0,0.6757836
0.0,0.054477364
1.0,0.5907512
0.0,0.40190867
1.0,0.53746206
0.0,0.12868473
1.0,0.99968827
0.0,0.029446274
0.0,0.94500566
0.0,0.052301943
0.0,0.0770421
0.0,0.012138814
0.0,0.06480807
0.0,0.027457863
1.0,0.9650879
0.0,0.041751146
0.0,0.013298392
0.0,0.023401171
0.0,0.41981378
0.0,0.17207846
1.0,0.86071527
0.0,0.62839574
0.0,0.09937
1.0,0.66316473
0.0,0.26701152
1.0,0.99546623
0.0,0.8169161
1.0,0.78653944
1.0,0.9441477
0.0,0.011793077
1.0,0.99823475
0.0,0.66380954
0.0,0.03769058
0.0,0.07094395
0.0,0.074766755
1.0,0.5539951
1.0,0.9971239
0.0,0.10190761
0.0,0.040899307
1.0,0.9920429
0.0,0.13123947
1.0,0.76888204
1.0,0.05051002
1.0,0.8407091
0.0,0.5322216
1.0,0.4491952
0.0,0.054353535
1.0,0.84452504
1.0,0.22409311
0.0,0.27745956
0.0,0.906792
0.0,0.031377077
0.0,0.41692942
1.0,0.81308675
1.0,0.97975945
1.0,0.9421196
0.0,0.02000913
0.0,0.022078931
1.0,0.9968826
0.0,0.7436068
0.0,0.019450963
0.0,0.29411694
1.0,0.7851845
0.0,0.6110152
0.0,0.04211554
0.0,0.058415055
0.0,0.24292737
1.0,0.9293277
1.0,0.94475204
0.0,0.1658588
0.0,0.055179834
0.0,0.06722188
1.0,0.99947965
0.0,0.15972698
0.0,0.8415538
1.0,0.9356252
0.0,0.023224562
0.0,0.40103745
1.0,0.986802
0.0,0.08385435
1.0,0.6774586
1.0,0.2576327
0.0,0.032765985
0.0,0.03602743
0.0,0.013356239
0.0,0.021962851
1.0,0.97284573
1.0,0.99969554
1.0,0.9989792
1.0,0.674334
0.0,0.9138588
0.0,0.05394104
1.0,0.6602979
1.0,0.95740426
0.0,0.19133526
0.0,0.057537675
1.0,0.5512623
0.0,0.025884926
1.0,0.74123
0.0,0.028016925
0.0,0.34096462
1.0,0.93622756
0.0,0.18241173
0.0,0.015973806
0.0,0.04869169
0.0,0.1115742
0.0,0.74395454
1.0,0.5421542
0.0,0.0439862
1.0,0.98029387
0.0,0.21607709
1.0,0.8918526
0.0,0.13051873
1.0,0.8338679
1.0,0.96656656
1.0,0.9994801
0.0,0.90871036
0.0,0.027075201
1.0,0.3283833
0.0,0.08155343
0.0,0.065918416
1.0,0.9475868
1.0,0.4798336
0.0,0.37095696
1.0,0.98432016
1.0,0.9918588
0.0,0.97640705
0.0,0.03495139
0.0,0.8143401
0.0,0.023342341
0.0,0.03077507
0.0,0.945883
1.0,0.9789152
1.0,0.98886687
1.0,0.89484334
0.0,0.016023189
0.0,0.030499011
0.0,0.032863766
0.0,0.044964314
0.0,0.05150926
0.0,0.4068297
1.0,0.93008626
1.0,0.92923856
1.0,0.7002014
0.0,0.07355192
0.0,0.24056041
1.0,0.98573864
0.0,0.54227597
0.0,0.9024676
1.0,0.93991715
0.0,0.7541032
0.0,0.63427824
1.0,0.62155473
0.0,0.031208098
1.0,0.59920883
1.0,0.8485792
0.0,0.6295057
0.0,0.05692196
1.0,0.99945456
0.0,0.016185462
0.0,0.28411457
1.0,0.7960674
1.0,0.89370984
1.0,0.91041636
1.0,0.9676565
0.0,0.99448884
0.0,0.068271816
0.0,0.035387903
1.0,0.60029966
0.0,0.9972284
1.0,0.8252771
0.0,0.54013216
1.0,0.7633982
1.0,0.57725817
0.0,0.23669398
0.0,0.13158616
0.0,0.018510848
0.0,0.54422814
0.0,0.05217144
0.0,0.032477885
1.0,0.48360074
1.0,0.52812123
0.0,0.3484019
1.0,0.9439306
1.0,0.07045296
0.0,0.007819802
0.0,0.23629966
1.0,0.7550429
1.0,0.31890947
0.0,0.05407664
0.0,0.19801202
0.0,0.055793405
0.0,0.08580193
1.0,0.9246534
1.0,0.9791193
0.0,0.059839904
0.0,0.024139374
0.0,0.059972644
0.0,0.51650566
0.0,0.028534979
0.0,0.10717553
0.0,0.8142915
0.0,0.8006351
0.0,0.045699418
0.0,0.028508186
0.0,0.43620288
1.0,0.9899949
1.0,0.9056016
0.0,0.006609082
0.0,0.064341635
0.0,0.010277748
0.0,0.029335737
0.0,0.352683
0.0,0.16194749
0.0,0.02254495
0.0,0.94668835
1.0,0.9780792
1.0,0.9904746
1.0,0.9802109
1.0,0.9561571
1.0,0.97967124
0.0,0.9380584
0.0,0.03393233
0.0,0.15998214
0.0,0.07470274
1.0,0.8620738
0.0,0.03352183
1.0,0.9806948
0.0,0.038915783
0.0,0.939922
0.0,0.9059217
0.0,0.04761067
0.0,0.04444939
0.0,0.75416225
0.0,0.23279282
0.0,0.024633765
1.0,0.93739784
1.0,0.9170996
0.0,0.3898765
0.0,0.5381258
0.0,0.032672018
0.0,0.03804505
1.0,0.96606654
0.0,0.025274545
1.0,0.2679029
0.0,0.09181869
1.0,0.36308324
0.0,0.025984108
0.0,0.19697547
1.0,0.97275937
0.0,0.023840517
1.0,0.9102495
0.0,0.13180289
0.0,0.5155955
0.0,0.4376824
0.0,0.04700178
0.0,0.025819898
1.0,0.95568603
1.0,0.9864524
0.0,0.1790956
0.0,0.041283607
0.0,0.03505954
0.0,0.19219139
1.0,0.6295409
0.0,0.6414771
1.0,0.3142109
1.0,0.8833776
0.0,0.854523
0.0,0.026508093
0.0,0.14420387
0.0,0.15576077
0.0,0.10194269
0.0,0.24920711
0.0,0.05467707
0.0,0.84157467
0.0,0.19311857
1.0,0.92728454
0.0,0.99387455
0.0,0.035305977
1.0,0.93775517
0.0,0.04739654
0.0,0.044117004
0.0,0.012052834
0.0,0.02967742
1.0,0.082657784
1.0,0.979868
1.0,0.8899972
0.0,0.037715673
0.0,0.033696473
0.0,0.047465473
0.0,0.80035627
0.0,0.33872348
0.0,0.8892299
1.0,0.99695545
1.0,0.97324365
1.0,0.9756024
0.0,0.074267685
1.0,0.9986042
1.0,0.77407575
0.0,0.026998669
1.0,0.85620904
0.0,0.049620688
0.0,0.06169963
0.0,0.85453105
1.0,0.98819816
1.0,0.8128904
1.0,0.92440116
0.0,0.9510678
0.0,0.60591865
0.0,0.03741014
1.0,0.9494957
1.0,0.9984337
1.0,0.9466717
1.0,0.78539115
0.0,0.030041486
0.0,0.016911983
0.0,0.030980498
0.0,0.42837793
1.0,0.9410691
0.0,0.047854215
0.0,0.091240525
0.0,0.36703923
1.0,0.5463803
0.0,0.20679176
0.0,0.2989859
0.0,0.1007368
0.0,0.95519674
0.0,0.06838751
0.0,0.11540654
0.0,0.016608745
0.0,0.4352674
0.0,0.033216953
1.0,0.9983039
1.0,0.4419307
0.0,0.72596025
0.0,0.9409756
0.0,0.10254809
1.0,0.98002815
0.0,0.03147918
0.0,0.064982116
0.0,0.5749656
0.0,0.0073572695
1.0,0.83351535
0.0,0.023453653
0.0,0.08987075
1.0,0.39498088
1.0,0.9516175
1.0,0.9774437
0.0,0.20956892
0.0,0.15085685
1.0,0.9621979
1.0,0.99720454
1.0,0.97092044
0.0,0.6666211
0.0,0.6061298
0.0,0.03362426
1.0,0.41556683
1.0,0.9868388
0.0,0.02251032
0.0,0.76513314
1.0,0.71958846
1.0,0.99106455
0.0,0.037318587
1.0,0.9333465
1.0,0.7073311
0.0,0.048614144
1.0,0.42055818
0.0,0.04225406
0.0,0.034134775
0.0,0.7814199
0.0,0.07305181
1.0,0.7785957
0.0,0.10169572
1.0,0.68448555
1.0,0.80216634
1.0,0.58903503
0.0,0.041739106
0.0,0.76375175
1.0,0.60208285
0.0,0.035754025
1.0,0.792483
1.0,0.996052
0.0,0.9887511
0.0,0.099059135
1.0,0.5956432
1.0,0.9982425
0.0,0.023885906
1.0,0.805326
1.0,0.7311188
1.0,0.96299505
1.0,0.97518915
1.0,0.9035602
1.0,0.9796056
0.0,0.03384149
0.0,0.50102794
0.0,0.071314275
1.0,0.9982766
1.0,0.45084772
0.0,0.20108446
0.0,0.085069865
1.0,0.5396832
0.0,0.037415892
1.0,0.8872197
0.0,0.6195857
1.0,0.96256804
1.0,0.9829133
0.0,0.38478446
1.0,0.77906024
0.0,0.14590356
1.0,0.99972963
1.0,0.9620254
1.0,0.2970272
0.0,0.20711178
0.0,0.084721744
1.0,0.81708384
0.0,0.10500193
1.0,0.96842957
0.0,0.033061683
0.0,0.25064
0.0,0.2368981
0.0,0.27484518
0.0,0.04367304
0.0,0.52130604
0.0,0.54494417
1.0,0.98768574
1.0,0.5488662
0.0,0.039204
1.0,0.99932194
1.0,0.8207544
0.0,0.53020203
0.0,0.7919636
0.0,0.121702045
0.0,0.13118342
0.0,0.025846869
0.0,0.3956532
1.0,0.5267511
1.0,0.9981669
0.0,0.03998348
0.0,0.01869005
0.0,0.7343219
0.0,0.66893137
0.0,0.45312658
1.0,0.99219453
0.0,0.32127067
0.0,0.037986666
1.0,0.8262738
1.0,0.8339184
0.0,0.03803605
0.0,0.46610838
0.0,0.04060486
1.0,0.90709585
1.0,0.99230826
0.0,0.089119405
0.0,0.070702106
0.0,0.027403116
0.0,0.2757398
0.0,0.015094131
1.0,0.9794799
1.0,0.80949044
1.0,0.30288154
0.0,0.05397445
1.0,0.14387485
0.0,0.68631756
1.0,0.9996723
1.0,0.89469945
0.0,0.032381743
0.0,0.009189814
0.0,0.02435553
0.0,0.37426046
0.0,0.9128351
1.0,0.999423
0.0,0.9361726
0.0,0.8018644
0.0,0.1292631
0.0,0.016077965
0.0,0.15863639
0.0,0.063283235
0.0,0.5371178
1.0,0.6798102
1.0,0.9910312
0.0,0.012910008
0.0,0.75194967
0.0,0.6254801
0.0,0.03365442
1.0,0.977772
0.0,0.07195637
0.0,0.27689272
1.0,0.88528347
0.0,0.64222205
0.0,0.05767551
0.0,0.029759675
0.0,0.039399117
1.0,0.99537563
1.0,0.9968691
0.0,0.04470408
1.0,0.70754987
1.0,0.9926943
1.0,0.82169247
0.0,0.2720825
0.0,0.34546435
1.0,0.7044184
1.0,0.99841046
0.0,0.042601973
1.0,0.99708694
0.0,0.120079696
1.0,0.983047
1.0,0.97324336
1.0,0.9506589
0.0,0.09553191
1.0,0.63887835
1.0,0.640449
0.0,0.158106
0.0,0.065903455
0.0,0.9703382
0.0,0.0789969
0.0,0.023266912
0.0,0.013113141
1.0,0.99553037
0.0,0.47520754
0.0,0.108059734
0.0,0.8671729
0.0,0.03448537
0.0,0.051265776
0.0,0.09266803
1.0,0.9039438
0.0,0.059842825
0.0,0.107667595
0.0,0.29277778
1.0,0.84477425
1.0,0.8655516
1.0,0.9338294
1.0,0.97434306
0.0,0.028116375
0.0,0.077341825
0.0,0.29909325
0.0,0.1690512
0.0,0.87549675
0.0,0.06982711
1.0,0.91318786
0.0,0.7372994
1.0,0.63942254
1.0,0.02297464
1.0,0.8760618
0.0,0.04643634
0.0,0.024775624
0.0,0.012809783
0.0,0.021633118
1.0,0.8382808
1.0,0.91774416
1.0,0.8632218
1.0,0.9076087
1.0,0.94743377
0.0,0.042759746
0.0,0.14644358
0.0,0.84781325
0.0,0.03176877
1.0,0.9954479
0.0,0.036685795
0.0,0.82849294
1.0,0.95608974
1.0,0.510244
0.0,0.04076007
0.0,0.2955707
0.0,0.24766535
0.0,0.2042594
1.0,0.9283181
0.0,0.9601691
0.0,0.27321094
1.0,0.997558
0.0,0.32066768
1.0,0.9970694
1.0,0.97813153
0.0,0.0106239915
0.0,0.43034637
0.0,0.034108788
0.0,0.121222645
1.0,0.77732927
0.0,0.0722895
0.0,0.28209835
0.0,0.89726543
0.0,0.052495092
1.0,0.98901534
1.0,0.33591855
1.0,0.9188305
1.0,0.9570403
0.0,0.46433437
0.0,0.037453502
1.0,0.8955784
0.0,0.028229773
1.0,0.5941026
0.0,0.055265635
1.0,0.93401086
1.0,0.99447405
0.0,0.5009034
0.0,0.32833636
0.0,0.918916
0.0,0.035238057
0.0,0.06182164
0.0,0.062365383
1.0,0.88219166
0.0,0.024981499
0.0,0.2578526
0.0,0.22782037
0.0,0.24887863
0.0,0.1965811
0.0,0.035221606
0.0,0.13346645
0.0,0.033964127
0.0,0.04004553
0.0,0.03459844
0.0,0.49668255
0.0,0.035624802
1.0,0.87106985
0.0,0.6208464
1.0,0.93986434
0.0,0.030559152
0.0,0.02384016
1.0,0.9066502
0.0,0.041565895
1.0,0.99029404
0.0,0.62695634
1.0,0.998711
0.0,0.8853159
0.0,0.3349724
1.0,0.9050211
1.0,0.1786257
0.0,0.02610296
0.0,0.10212737
0.0,0.011137933
0.0,0.017648488
0.0,0.022190064
0.0,0.8120214
1.0,0.99782145
1.0,0.8732655
0.0,0.15447462
0.0,0.10998705
1.0,0.8274138
1.0,0.7115272
1.0,0.6932819
0.0,0.05724871
1.0,0.4455239
0.0,0.5303949
1.0,0.5895236
0.0,0.029009342
1.0,0.8209982
0.0,0.06362906
0.0,0.707027
0.0,0.3034801
0.0,0.8342825
1.0,0.93682086
0.0,0.10615489
0.0,0.37789252
1.0,0.9882524
0.0,0.009938002
0.0,0.64892274
0.0,0.93235725
1.0,0.97639203
0.0,0.39651772
0.0,0.05365479
0.0,0.9921799
1.0,0.9298407
0.0,0.034766972
0.0,0.615772
0.0,0.042948842
1.0,0.7305584
0.0,0.047966212
1.0,0.975794
0.0,0.7246859
1.0,0.7977742
1.0,0.99866164
0.0,0.98303014
1.0,0.9978844
1.0,0.9944237
0.0,0.036055684
0.0,0.9032142
0.0,0.23453712
1.0,0.9952274
0.0,0.12076613
1.0,0.8998075
1.0,0.2680722
0.0,0.21038383
1.0,0.99235153
0.0,0.41711873
1.0,0.8325112
0.0,0.81639063
1.0,0.85508716
0.0,0.57217115
1.0,0.06223935
0.0,0.23014826
0.0,0.037150145
0.0,0.020042628
0.0,0.020791411
0.0,0.033119738
0.0,0.03414008
0.0,0.005050361
0.0,0.12994185
0.0,0.080278486
0.0,0.5890922
0.0,0.8542279
0.0,0.03129202
1.0,0.933825
1.0,0.47212172
0.0,0.24629879
1.0,0.058014512
0.0,0.2315821
0.0,0.19023961
0.0,0.93659425
0.0,0.06827539
0.0,0.050459832
0.0,0.06722438
1.0,0.90030396
0.0,0.023136765
0.0,0.044430494
1.0,0.008078694
0.0,0.019052923
1.0,0.9753158
0.0,0.04459682
0.0,0.34252456
1.0,0.3872135
0.0,0.034605503
1.0,0.9513321
0.0,0.027264416
0.0,0.0049967766
0.0,0.02553907
1.0,0.9712734
0.0,0.0961231
1.0,0.8326156
1.0,0.8403645
0.0,0.9807571
0.0,0.022699028
1.0,0.032355964
0.0,0.04774022
0.0,0.14109349
0.0,0.6669265
0.0,0.020445347
0.0,0.6032615
0.0,0.96389055
1.0,0.13967219
0.0,0.06141299
1.0,0.9738138
0.0,0.024240106
0.0,0.027202308
0.0,0.030681789
1.0,0.937796
1.0,0.9969057
0.0,0.43340027
0.0,0.43249714
0.0,0.020130813
0.0,0.13964209
0.0,0.11779013
0.0,0.040257454
0.0,0.0077192783
1.0,0.2436173
1.0,0.97713006
0.0,0.08396739
0.0,0.93585634
1.0,0.7190589
0.0,0.043109894
1.0,0.97959805
0.0,0.048190534
0.0,0.048751593
1.0,0.9960463
0.0,0.964831
1.0,0.89824235
1.0,0.88908076
1.0,0.944914
0.0,0.5071965
0.0,0.046450913
0.0,0.655967
1.0,0.9922389
0.0,0.123107016
1.0,0.95457315
0.0,0.04973492
0.0,0.03191319
0.0,0.535054
1.0,0.9890133
0.0,0.02876091
0.0,0.11270085
0.0,0.7211831
1.0,0.13689929
1.0,0.9988295
0.0,0.10969508
0.0,0.09190589
1.0,0.9943148
1.0,0.9771918
1.0,0.86807597
1.0,0.46745718
0.0,0.031063974
1.0,0.89515865
0.0,0.083930045
0.0,0.3615517
0.0,0.035785526
1.0,0.8737738
0.0,0.16783544
0.0,0.09021625
0.0,0.034588963
1.0,0.7989758
0.0,0.7203017
1.0,0.9966842
1.0,0.99048555
0.0,0.25591332
1.0,0.5724318
0.0,0.0287157
1.0,0.49308822
0.0,0.6461447
0.0,0.05414918
0.0,0.053630024
0.0,0.05655241
1.0,0.9885422
0.0,0.06423229
0.0,0.19920471
0.0,0.5801101
1.0,0.99915314
1.0,0.9408988
0.0,0.024998099
1.0,0.9931563
1.0,0.9988293
1.0,0.99979407
1.0,0.71101403
0.0,0.73644125
1.0,0.8675381
0.0,0.052655697
0.0,0.6552756
1.0,0.69558537
0.0,0.117265195
0.0,0.09277475
0.0,0.6629481
1.0,0.46666345
0.0,0.44683993
0.0,0.20528108
1.0,0.9470954
0.0,0.069517225
1.0,0.81299853
0.0,0.0354518
0.0,0.7505393
1.0,0.805959
1.0,0.98498505
0.0,0.025585413
1.0,0.960981
1.0,0.9456568
0.0,0.87166905
0.0,0.71709085
1.0,0.7948518
0.0,0.09236416
1.0,0.9942477
0.0,0.072686344
0.0,0.09080416
1.0,0.3102743
1.0,0.9549453
0.0,0.116475046
1.0,0.641394
0.0,0.24740383
0.0,0.2181263
1.0,0.9994229
0.0,0.1257728
0.0,0.2900992
0.0,0.10952729
1.0,0.71087456
0.0,0.043316424
0.0,0.108441114
1.0,0.91237855
1.0,0.892576
0.0,0.046028465
0.0,0.5572343
0.0,0.031169742
1.0,0.5921094
0.0,0.36884794
0.0,0.073191166
0.0,0.055574596
0.0,0.069304734
0.0,0.051638693
1.0,0.18322968
0.0,0.51409894
0.0,0.050878555
0.0,0.20710951
1.0,0.99142134
1.0,0.9952262
1.0,0.8984928
0.0,0.40808898
0.0,0.05244583
0.0,0.9982918
1.0,0.9995692
0.0,0.107218206
1.0,0.976519
0.0,0.03123647
1.0,0.97919226
0.0,0.12133226
1.0,0.97840035
0.0,0.97495735
1.0,0.775186
0.0,0.2167854
0.0,0.114855915
1.0,0.25850064
1.0,0.99154943
1.0,0.9869759
0.0,0.3558743
1.0,0.97348076
1.0,0.7725731
1.0,0.32514197
0.0,0.021042377
1.0,0.76784027
0.0,0.022819191
0.0,0.87794006
1.0,0.66719127
0.0,0.37403452
0.0,0.05268994
0.0,0.08611396
0.0,0.13846853
0.0,0.49779305
1.0,0.9794565
1.0,0.931484
0.0,0.4584225
0.0,0.86646026
0.0,0.07093787
1.0,0.9988531
0.0,0.8295969
0.0,0.21317416
0.0,0.045144707
0.0,0.023866922
0.0,0.11616948
0.0,0.8844811
1.0,0.9930741
1.0,0.9991505
1.0,0.3379467
0.0,0.4572466
0.0,0.022758067
0.0,0.024650216
0.0,0.030749798
0.0,0.16819474
1.0,0.9878454
0.0,0.036138356
0.0,0.56505686
1.0,0.99608845
0.0,0.05245608
1.0,0.23686796
1.0,0.88902795
0.0,0.6494907
0.0,0.019601345
0.0,0.057298362
1.0,0.8505784
0.0,0.2504903
0.0,0.031425208
1.0,0.96040154
1.0,0.78990245
0.0,0.06284553
0.0,0.16862291
0.0,0.5396701
0.0,0.036077887
0.0,0.63603944
1.0,0.4922253
1.0,0.94781864
0.0,0.016584605
0.0,0.049141616
0.0,0.29773587
0.0,0.256521
1.0,0.9959719
0.0,0.024998903
1.0,0.99779373
0.0,0.19426638
1.0,0.9992093
0.0,0.019655257
1.0,0.93438756
1.0,0.9323879
0.0,0.036370516
0.0,0.081630796
0.0,0.016013265
0.0,0.31199342
1.0,0.49122414
1.0,0.035049826
1.0,0.46977443
1.0,0.30707115
1.0,0.7359736
0.0,0.05345601
1.0,0.91887563
1.0,0.6300737
0.0,0.1782965
0.0,0.048172355
0.0,0.06958452
1.0,0.93754464
1.0,0.9997474
0.0,0.82245624
0.0,0.051652372
1.0,0.9880327
0.0,0.029574245
0.0,0.03733
1.0,0.98004955
0.0,0.70223415
0.0,0.09072849
1.0,0.73570603
1.0,0.8799899
0.0,0.015054405
0.0,0.10285497
0.0,0.16789484
1.0,0.94834155
1.0,0.99885607
0.0,0.9573966
0.0,0.68679625
1.0,0.9740453
1.0,0.82704574
0.0,0.013522893
0.0,0.14011699
0.0,0.022667587
1.0,0.2520008
1.0,0.79067695
0.0,0.048637033
0.0,0.056070894
1.0,0.9846811
0.0,0.039898545
0.0,0.121919304
0.0,0.10780391
0.0,0.38545427
1.0,0.9304453
0.0,0.9542493
0.0,0.037216783
0.0,0.8613224
0.0,0.3228365
0.0,0.49763283
1.0,0.92515934
1.0,0.88414776
0.0,0.19125682
1.0,0.99959993
0.0,0.19611531
1.0,0.9835135
1.0,0.33058384
1.0,0.98316884
0.0,0.04040739
0.0,0.86297834
0.0,0.059760213
1.0,0.9975718
0.0,0.0140912235
1.0,0.9904541
0.0,0.1254935
0.0,0.023962915
1.0,0.1529313
1.0,0.99874043
0.0,0.030418813
1.0,0.89973825
0.0,0.07967198
1.0,0.8372525
0.0,0.016673833
1.0,0.4258219
1.0,0.10022983
0.0,0.16396335
0.0,0.034400612
0.0,0.47431165
0.0,0.03565505
0.0,0.030003011
0.0,0.6853701
0.0,0.11371109
0.0,0.05760038
0.0,0.9919872
0.0,0.014250517
1.0,0.9587417
0.0,0.59165025
0.0,0.35478038
1.0,0.9994296
0.0,0.0511055
1.0,0.9985944
0.0,0.038844973
1.0,0.99568355
0.0,0.013975769
0.0,0.03964126
1.0,0.99940574
0.0,0.112113535
0.0,0.025312304
0.0,0.30865383
1.0,0.93711436
1.0,0.5181857
0.0,0.048001766
1.0,0.933975
1.0,0.44921902
1.0,0.994406
0.0,0.36952904
1.0,0.5393204
1.0,0.95387197
0.0,0.34819677
1.0,0.5051416
1.0,0.8280786
0.0,0.040427446
0.0,0.037674427
0.0,0.058884382
0.0,0.18072504
0.0,0.05234751
0.0,0.049149603
0.0,0.07129076
0.0,0.013431251
1.0,0.97970587
0.0,0.26795745
0.0,0.0460169
0.0,0.08156949
0.0,0.1301907
1.0,0.89081365
0.0,0.023290664
1.0,0.95249486
0.0,0.6258143
0.0,0.056595534
1.0,0.32580543
1.0,0.882134
0.0,0.23090944
0.0,0.14602426
1.0,0.9681556
0.0,0.95538116
0.0,0.060347736
1.0,0.61097836
1.0,0.62998295
1.0,0.7686072
1.0,0.9008289
0.0,0.0961625
0.0,0.04594043
1.0,0.5689249
0.0,0.033170402
0.0,0.012735188
1.0,0.99465704
1.0,0.9265696
1.0,0.99687576
0.0,0.035467595
1.0,0.5799656
1.0,0.9495703
1.0,0.95745957
0.0,0.028405666
0.0,0.021008253
1.0,0.41817474
0.0,0.05120316
0.0,0.8435049
0.0,0.08008683
1.0,0.9971502
0.0,0.042339474
0.0,0.08738491
0.0,0.21944699
0.0,0.67458117
0.0,0.274989
0.0,0.018279493
0.0,0.93056214
1.0,0.989382
0.0,0.047076315
1.0,0.752292
0.0,0.02547273
0.0,0.27551925
0.0,0.91713345
1.0,0.015944958
0.0,0.7562708
0.0,0.012600452
0.0,0.018418878
0.0,0.13414037
0.0,0.117675036
1.0,0.9236134
0.0,0.5081345
1.0,0.9417342
0.0,0.19457382
0.0,0.10523039
0.0,0.03438449
0.0,0.90381074
0.0,0.060534894
0.0,0.55739766
0.0,0.08147755
0.0,0.03848934
1.0,0.96606624
0.0,0.062255055
1.0,0.5308182
1.0,0.37994742
0.0,0.06467435
0.0,0.053812742
1.0,0.98330903
0.0,0.08011639
1.0,0.72418153
1.0,0.60792893
0.0,0.047382772
1.0,0.48143142
0.0,0.030742377
1.0,0.98614895
0.0,0.16966438
0.0,0.20345312
1.0,0.7716994
0.0,0.92866117
0.0,0.03097868
0.0,0.81145453
1.0,0.52787226
1.0,0.99401903
0.0,0.019877613
0.0,0.08174983
1.0,0.5912017
0.0,0.8066646
1.0,0.71965826
0.0,0.36892933
1.0,0.4473014
0.0,0.9055046
0.0,0.17086056
0.0,0.88198733
0.0,0.030440688
0.0,0.34348965
1.0,0.04628268
0.0,0.64876837
1.0,0.86441076
0.0,0.04101014
1.0,0.4670344
0.0,0.036784142
0.0,0.022455126
0.0,0.038932055
0.0,0.03784007
0.0,0.07175586
0.0,0.108970344
0.0,0.06028253
0.0,0.22445971
1.0,0.8990941
0.0,0.035817415
0.0,0.083821505
1.0,0.72731906
1.0,0.350029
0.0,0.033768266
0.0,0.061612755
1.0,0.8676245
0.0,0.41462666
1.0,0.044008076
1.0,0.9767568
1.0,0.7509637
1.0,0.828045
0.0,0.08887908
0.0,0.01634574
1.0,0.86900944
0.0,0.30933538
1.0,0.996601
1.0,0.62534344
1.0,0.99490833
0.0,0.38280162
0.0,0.01901725
0.0,0.0561153
0.0,0.05142805
1.0,0.8588309
1.0,0.95366365
0.0,0.64815
0.0,0.0772306
0.0,0.23741177
0.0,0.34937227
1.0,0.052773893
1.0,0.84304154
1.0,0.7248078
0.0,0.93928134
1.0,0.33484092
1.0,0.9128535
1.0,0.9256885
1.0,0.9876571
0.0,0.60500026
0.0,0.65643495
0.0,0.51908624
0.0,0.1341506
1.0,0.9462054
1.0,0.9961178
1.0,0.93242776
1.0,0.8852967
0.0,0.22079319
0.0,0.025471836
0.0,0.0492734
0.0,0.2272219
1.0,0.98269284
0.0,0.035245568
0.0,0.05373308
0.0,0.5624707
0.0,0.026916713
1.0,0.80655706
1.0,0.8764836
1.0,0.9929068
0.0,0.06219518
0.0,0.65366334
1.0,0.8502029
1.0,0.99949163
0.0,0.053825915
1.0,0.9469383
0.0,0.4944619
1.0,0.9973158
1.0,0.9866016
1.0,0.6741665
0.0,0.07287815
0.0,0.22598138
1.0,0.995465
0.0,0.26408738
0.0,0.23308533
1.0,0.9930358
0.0,0.074223906
0.0,0.07602194
0.0,0.13883317
1.0,0.8224412
0.0,0.1656037
0.0,0.7973381
1.0,0.8559199
0.0,0.4417529
0.0,0.05461365
0.0,0.06376618
0.0,0.07995418
1.0,0.8692834
0.0,0.9634044
0.0,0.03470573
0.0,0.02014333
1.0,0.82950175
0.0,0.108858585
0.0,0.033808976
1.0,0.503077
0.0,0.35730448
0.0,0.03839919
1.0,0.99907553
1.0,0.9320945
0.0,0.045072198
1.0,0.17773551
1.0,0.7391602
0.0,0.7374005
0.0,0.7085715
1.0,0.5920586
1.0,0.88618743
0.0,0.059500158
1.0,0.49407202
1.0,0.68149626
1.0,0.8439521
0.0,0.30582917
1.0,0.23371172
0.0,0.042797714
1.0,0.88368654
0.0,0.016500384
1.0,0.9867966
0.0,0.82293737
0.0,0.21275464
1.0,0.96637774
0.0,0.038801968
1.0,0.9567263
1.0,0.62426794
1.0,0.9769787
1.0,0.6834998
0.0,0.058130533
1.0,0.046028167
0.0,0.41502017
0.0,0.03204024
0.0,0.12135467
0.0,0.1921711
1.0,0.9663003
0.0,0.04524991
0.0,0.5359738
0.0,0.785784
0.0,0.36351484
1.0,0.8926133
0.0,0.47194862
0.0,0.007948548
0.0,0.07392031
0.0,0.751537
1.0,0.78101665
0.0,0.03820908
1.0,0.98706794
1.0,0.9839849
0.0,0.93722814
0.0,0.047970563
0.0,0.024481148
1.0,0.9883029
0.0,0.04509604
1.0,0.14404237
1.0,0.92676044
1.0,0.9152677
0.0,0.880303
0.0,0.73936015
0.0,0.04457727
0.0,0.862401
0.0,0.038566977
0.0,0.03888896
0.0,0.23763445
1.0,0.80232626
0.0,0.07686424
1.0,0.9768044
0.0,0.14685044
1.0,0.997516
1.0,0.9822569
1.0,0.6530304
1.0,0.8797709
0.0,0.7826557
0.0,0.6872073
0.0,0.29800904
1.0,0.71768826
1.0,0.8597771
0.0,0.048907727
1.0,0.62659985
1.0,0.9270625
1.0,0.998515
1.0,0.9215028
0.0,0.91109073
0.0,0.04712358
1.0,0.9544251
0.0,0.04427746
0.0,0.7828969
1.0,0.98877287
0.0,0.008174717
0.0,0.5587124
0.0,0.3130503
0.0,0.049040794
0.0,0.0874064
1.0,0.9883723
0.0,0.041760474
0.0,0.86336166
1.0,0.79862666
0.0,0.08617738
1.0,0.9849527
0.0,0.15887746
0.0,0.029101074
0.0,0.059378594
0.0,0.07748994
1.0,0.73560876
0.0,0.12810266
0.0,0.22645643
1.0,0.93872106
1.0,0.94239104
0.0,0.082411915
0.0,0.024833828
0.0,0.02875793
1.0,0.8370053
0.0,0.04461658
1.0,0.9568031
1.0,0.72014546
1.0,0.46733832
1.0,0.8589115
1.0,0.8943236
0.0,0.98541164
1.0,0.7951213
1.0,0.99639326
0.0,0.0564889
0.0,0.047917545
0.0,0.074887246
1.0,0.94649476
0.0,0.032519132
0.0,0.03656286
0.0,0.32434636
1.0,0.9964904
0.0,0.1583496
1.0,0.74871475
0.0,0.19406828
0.0,0.79970026
0.0,0.1535227
0.0,0.11023489
0.0,0.06249523
1.0,0.70168686
1.0,0.99814427
0.0,0.06009862
0.0,0.13595855
1.0,0.7074903
0.0,0.021448672
1.0,0.9761971
0.0,0.06378022
0.0,0.021316618
0.0,0.04110807
1.0,0.9679526
1.0,0.72830606
0.0,0.041359156
0.0,0.19759315
1.0,0.7369618
0.0,0.738727
0.0,0.028672874
1.0,0.9877349
1.0,0.9970048
1.0,0.9778333
0.0,0.056556165
1.0,0.9070072
1.0,0.97204894
0.0,0.18290925
0.0,0.054814965
0.0,0.028704911
0.0,0.036096126
0.0,0.020439178
0.0,0.354433
1.0,0.82241905
1.0,0.9476886
0.0,0.19281673
0.0,0.01937458
0.0,0.4669127
0.0,0.285541
1.0,0.7925432
0.0,0.8763207
0.0,0.100895494
0.0,0.8186364
0.0,0.89614856
1.0,0.53315794
0.0,0.011941701
0.0,0.8342035
1.0,0.9422654
0.0,0.0773541
0.0,0.30950713
0.0,0.034074157
0.0,0.012850404
1.0,0.8407885
1.0,0.81107163
0.0,0.097661465
0.0,0.9351388
0.0,0.027369231
0.0,0.98238385
0.0,0.9837515
0.0,0.11020267
0.0,0.07926527
0.0,0.24642947
1.0,0.13780272
0.0,0.049534947
1.0,0.55049574
0.0,0.80583984
0.0,0.010026097
0.0,0.046568334
0.0,0.1829685
0.0,0.1362477
0.0,0.120972514
1.0,0.99055326
0.0,0.031081289
0.0,0.7416025
0.0,0.06828117
1.0,0.6890458
1.0,0.9659419
0.0,0.024338275
0.0,0.6041271
0.0,0.028072774
1.0,0.99891025
1.0,0.9066389
1.0,0.99688166
0.0,0.13382319
1.0,0.99969053
0.0,0.057787925
0.0,0.04523447
0.0,0.1510962
1.0,0.091127545
0.0,0.014991373
0.0,0.06795961
1.0,0.998068
1.0,0.07033405
0.0,0.12263289
1.0,0.998199
0.0,0.0496552
1.0,0.63328195
0.0,0.12757844
1.0,0.77260923
0.0,0.9621669
0.0,0.46073192
1.0,0.95445454
0.0,0.060997248
0.0,0.26133657
0.0,0.041532397
0.0,0.028255135
0.0,0.13817936
0.0,0.03459817
1.0,0.8212259
1.0,0.61577064
0.0,0.69557774
0.0,0.04903561
0.0,0.020504832
0.0,0.457921
1.0,0.9860817
0.0,0.032670617
0.0,0.49618593
0.0,0.575149
0.0,0.61111516
0.0,0.028675944
1.0,0.96072257
1.0,0.8861566
0.0,0.03451681
0.0,0.051811904
0.0,0.16096929
0.0,0.033845454
1.0,0.9588398
0.0,0.78287697
0.0,0.13961425
0.0,0.021668822
1.0,0.4428006
0.0,0.02498728
0.0,0.15688983
1.0,0.9956124
0.0,0.04307106
0.0,0.37813503
1.0,0.90017533
1.0,0.74234015
1.0,0.9859488
0.0,0.02560836
0.0,0.062623024
0.0,0.23346123
0.0,0.027279884
1.0,0.904045
0.0,0.37137225
1.0,0.33483204
0.0,0.088921905
0.0,0.019997507
0.0,0.20719242
1.0,0.9715826
0.0,0.97231364
0.0,0.36218768
0.0,0.21289206
1.0,0.8419722
0.0,0.029465884
0.0,0.6310284
0.0,0.008497238
1.0,0.10103634
0.0,0.03125891
0.0,0.023928195
1.0,0.4204762
1.0,0.9976257
0.0,0.026796311
1.0,0.9956118
1.0,0.9406308
1.0,0.9351157
1.0,0.93758196
0.0,0.027392864
1.0,0.96424246
0.0,0.99963784
1.0,0.09389651
0.0,0.0367876
1.0,0.69653565
0.0,0.20051762
1.0,0.23559621
1.0,0.9996147
1.0,0.7411928
0.0,0.015256852
0.0,0.87054
0.0,0.7898552
0.0,0.06673473
0.0,0.042820126
0.0,0.29084378
1.0,0.99885046
1.0,0.9744692
1.0,0.64996445
0.0,0.07075405
0.0,0.030882716
0.0,0.19576511
0.0,0.1697501
1.0,0.043171138
0.0,0.16540244
0.0,0.03203407
0.0,0.04908949
0.0,0.37688828
1.0,0.88253856
0.0,0.9049929
0.0,0.9477962
0.0,0.36500537
1.0,0.7343796
0.0,0.017241776
0.0,0.6123117
1.0,0.3369447
0.0,0.7637311
1.0,0.77986085
0.0,0.14471093
0.0,0.22584516
0.0,0.06202674
0.0,0.040456742
0.0,0.038257003
1.0,0.9312533
0.0,0.114043266
0.0,0.07827154
1.0,0.9773309
1.0,0.90148884
0.0,0.49916744
1.0,0.11846197
0.0,0.18585283
0.0,0.10981566
1.0,0.9590068
0.0,0.030429214
0.0,0.23945126
0.0,0.033007175
0.0,0.047884047
1.0,0.99187
1.0,0.9590044
1.0,0.70837843
1.0,0.99594927
0.0,0.11131579
0.0,0.043230683
0.0,0.8436184
1.0,0.9931259
0.0,0.0732024
0.0,0.037414968
1.0,0.9965603
1.0,0.7918616
1.0,0.8570051
0.0,0.049705178
0.0,0.2669291
0.0,0.14094621
1.0,0.96445096
1.0,0.98128116
1.0,0.9846661
0.0,0.18043572
0.0,0.03373432
0.0,0.016568065
1.0,0.8782499
1.0,0.46612677
0.0,0.31098068
1.0,0.9096385
1.0,0.40815404
1.0,0.9863467
1.0,0.7729272
0.0,0.12216067
0.0,0.055315197
1.0,0.74502474
1.0,0.81404406
0.0,0.073369
0.0,0.04316041
0.0,0.02263993
0.0,0.04687351
0.0,0.056803048
0.0,0.81125
0.0,0.04270041
0.0,0.09412286
1.0,0.8153541
1.0,0.77949464
0.0,0.7054567
1.0,0.99319506
0.0,0.016450971
1.0,0.9393132
0.0,0.12687129
1.0,0.9814457
0.0,0.038221747
0.0,0.041621864
0.0,0.04593289
0.0,0.43745258
1.0,0.26331913
1.0,0.9948548
0.0,0.023389667
0.0,0.119298786
1.0,0.34363353
0.0,0.067759305
1.0,0.9420057
1.0,0.7588637
0.0,0.040878594
0.0,0.11630592
0.0,0.2603805
0.0,0.99847627
0.0,0.7106788
0.0,0.02405271
0.0,0.79172385
0.0,0.019409388
1.0,0.8101703
1.0,0.9971256
1.0,0.72396123
1.0,0.8933352
0.0,0.018387675
0.0,0.4412096
1.0,0.96955454
0.0,0.9531927
0.0,0.06427857
0.0,0.1099056
1.0,0.7957163
1.0,0.298306
0.0,0.09534302
1.0,0.94364566
1.0,0.98570365
0.0,0.0055556595
0.0,0.03771183
1.0,0.99409974
0.0,0.030762374
0.0,0.4598047
0.0,0.017582804
0.0,0.21359089
1.0,0.18740287
0.0,0.046622604
0.0,0.073678076
0.0,0.23892885
1.0,0.5427771
0.0,0.038126737
0.0,0.046660513
1.0,0.9923643
0.0,0.047245145
0.0,0.5245293
0.0,0.98988026
1.0,0.99663925
1.0,0.48623717
1.0,0.6715996
0.0,0.080852
0.0,0.6182679
1.0,0.46982342
0.0,0.02146089
0.0,0.019379735
0.0,0.69143796
0.0,0.12807864
1.0,0.28209436
0.0,0.0811277
0.0,0.83018744
1.0,0.8426788
0.0,0.037465155
0.0,0.0732021
0.0,0.35676762
0.0,0.36325535
1.0,0.79261595
1.0,0.99653864
0.0,0.5272904
1.0,0.7336035
0.0,0.04285714
0.0,0.075134754
0.0,0.030517817
1.0,0.5531987
0.0,0.022459507
0.0,0.026201487
1.0,0.7489742
1.0,0.56319654
1.0,0.93127906
0.0,0.3529393
1.0,0.4800627
1.0,0.9902617
0.0,0.01002726
0.0,0.43607536
0.0,0.9590415
1.0,0.5314301
0.0,0.031161547
0.0,0.5105084
0.0,0.023252577
0.0,0.033477902
0.0,0.036855787
0.0,0.07466653
0.0,0.40740612
0.0,0.75862765
0.0,0.3993094
1.0,0.7807515
1.0,0.9310187
1.0,0.94215626
0.0,0.020815492
1.0,0.997803
0.0,0.33105266
0.0,0.10159579
1.0,0.9969605
0.0,0.24163073
0.0,0.042553604
0.0,0.89637923
0.0,0.059444875
0.0,0.8101716
0.0,0.8272377
0.0,0.14645946
1.0,0.96844244
0.0,0.08223578
0.0,0.018816203
0.0,0.025075972
1.0,0.9900348
1.0,0.9798002
0.0,0.75639546
1.0,0.77547145
0.0,0.04185453
1.0,0.42282975
0.0,0.051238775
0.0,0.033958495
1.0,0.46345663
0.0,0.04400441
0.0,0.05398211
1.0,0.7884383
0.0,0.22403917
1.0,0.007811129
0.0,0.4276548
0.0,0.03255886
1.0,0.9924199
0.0,0.046605706
0.0,0.08035645
0.0,0.98095083
0.0,0.01924321
0.0,0.018380165
1.0,0.9613785
0.0,0.027905852
0.0,0.19084823
0.0,0.07462272
1.0,0.8772444
0.0,0.989208
0.0,0.13005543
1.0,0.8777678
0.0,0.029210567
0.0,0.050273925
0.0,0.10041383
0.0,0.09493011
1.0,0.91620475
0.0,0.026267737
0.0,0.008052528
0.0,0.021137029
0.0,0.022286385
0.0,0.86924887
1.0,0.93933606
1.0,0.8931413
0.0,0.034029126
1.0,0.93947744
0.0,0.03985232
0.0,0.025935948
0.0,0.023719639
0.0,0.059006274
1.0,0.9754621
0.0,0.06465742
0.0,0.05328688
0.0,0.7367264
0.0,0.12093583
0.0,0.15424374
0.0,0.04134932
0.0,0.02525723
0.0,0.025278956
0.0,0.059968293
0.0,0.98633814
1.0,0.95792246
0.0,0.051720083
0.0,0.077123076
0.0,0.06633183
1.0,0.993508
0.0,0.12380019
1.0,0.92721987
0.0,0.048408777
0.0,0.05476001
0.0,0.120087355
1.0,0.98726267
1.0,0.9946525
1.0,0.67707324
1.0,0.7302095
0.0,0.12548524
0.0,0.07340816
1.0,0.976699
1.0,0.9663353
0.0,0.05184725
0.0,0.25892043
0.0,0.9641381
1.0,0.98077667
0.0,0.07644671
0.0,0.028514177
0.0,0.0989292
0.0,0.046266228
1.0,0.5555423
1.0,0.9722134
0.0,0.007410556
1.0,0.38371825
0.0,0.04677415
0.0,0.090848
0.0,0.02525711
0.0,0.05924961
0.0,0.038003445
1.0,0.94197226
0.0,0.04776278
0.0,0.26655346
0.0,0.8692092
0.0,0.20472339
0.0,0.86992544
1.0,0.99599963
0.0,0.040917218
0.0,0.039046645
1.0,0.9813324
0.0,0.66715074
0.0,0.0640271
1.0,0.991603
1.0,0.80767894
0.0,0.04407054
1.0,0.9516243
0.0,0.6750542
1.0,0.81920284
1.0,0.9999372
0.0,0.21964541
1.0,0.99223244
0.0,0.17481777
0.0,0.06725076
0.0,0.5235955
0.0,0.64759016
0.0,0.05783567
0.0,0.075320154
0.0,0.3620144
1.0,0.982725
0.0,0.11848727
0.0,0.09615371
0.0,0.2700647
0.0,0.48028946
1.0,0.981307
0.0,0.03150341
0.0,0.8203704
0.0,0.033926338
0.0,0.06570485
0.0,0.03207901
0.0,0.9741882
1.0,0.17410892
0.0,0.1739366
1.0,0.9334592
0.0,0.03410977
1.0,0.37679273
0.0,0.07565805
0.0,0.113064885
0.0,0.044915617
0.0,0.6988716
0.0,0.83650494
0.0,0.2517432
0.0,0.10267553
0.0,0.041347116
0.0,0.8789392
0.0,0.96491325
1.0,0.9726931
0.0,0.8018899
0.0,0.050699234
1.0,0.9995623
0.0,0.11684507
0.0,0.020199269
0.0,0.048033416
1.0,0.9579381
1.0,0.53704464
1.0,0.8967154
1.0,0.9506266
0.0,0.3741486
1.0,0.8090861
0.0,0.6521028
1.0,0.5435124
0.0,0.055408597
0.0,0.98760736
0.0,0.03692025
0.0,0.08699331
0.0,0.22178257
1.0,0.9247974
1.0,0.408445
0.0,0.9956788
1.0,0.81372595
0.0,0.03622061
1.0,0.99463165
0.0,0.044597924
0.0,0.05409822
0.0,0.81970394
0.0,0.6852498
0.0,0.106941074
0.0,0.01729706
1.0,0.9988827
0.0,0.024225116
1.0,0.9977568
1.0,0.96456
1.0,0.91986525
0.0,0.008235097
0.0,0.989098
0.0,0.03173107
0.0,0.39167956
0.0,0.14104402
1.0,0.9044999
0.0,0.37824813
0.0,0.07722911
0.0,0.111058
0.0,0.04233548
0.0,0.02607721
0.0,0.18680018
0.0,0.8635375
0.0,0.028430343
0.0,0.4550393
1.0,0.99787104
0.0,0.3787069
0.0,0.016618967
0.0,0.02996087
0.0,0.032494217
1.0,0.8216488
0.0,0.9050832
1.0,0.9989768
0.0,0.85558724
1.0,0.9975674
1.0,0.98975146
0.0,0.023541212
0.0,0.6484959
0.0,0.04448399
0.0,0.21362886
0.0,0.020485222
0.0,0.9337618
1.0,0.96643037
0.0,0.07561651
1.0,0.94186217
0.0,0.33889294
0.0,0.0219706
0.0,0.13059852
1.0,0.98263556
0.0,0.030694097
1.0,0.99922407
0.0,0.059299678
0.0,0.08797172
0.0,0.8451025
0.0,0.33260006
0.0,0.2974609
0.0,0.07508391
1.0,0.94347394
1.0,0.9505079
0.0,0.60855454
0.0,0.1481834
0.0,0.06877482
1.0,0.9193345
0.0,0.12818444
1.0,0.46050066
0.0,0.19535932
1.0,0.9438878
1.0,0.98079944
0.0,0.023664087
0.0,0.061423153
0.0,0.024489284
1.0,0.9836213
0.0,0.40078396
0.0,0.41975167
1.0,0.9958298
1.0,0.9283258
0.0,0.27513158
0.0,0.051758587
1.0,0.97552884
0.0,0.11636385
0.0,0.038573742
0.0,0.084334046
1.0,0.5803973
0.0,0.07777518
0.0,0.56470704
1.0,0.98404753
1.0,0.9035223
0.0,0.67278457
0.0,0.04672879
0.0,0.059664935
1.0,0.9894014
1.0,0.9929273
1.0,0.7813283
0.0,0.09708992
0.0,0.036209285
0.0,0.08551553
0.0,0.04374525
1.0,0.83900076
0.0,0.034454435
0.0,0.7743856
0.0,0.10600674
0.0,0.8089427
0.0,0.27773082
0.0,0.044442505
0.0,0.53066325
0.0,0.12167275
0.0,0.027767152
1.0,0.64836764
1.0,0.90738815
0.0,0.65614575
0.0,0.5634913
1.0,0.10659033
0.0,0.04532695
1.0,0.90717214
0.0,0.06865251
0.0,0.06722614
1.0,0.97512615
1.0,0.9958925
0.0,0.8602081
0.0,0.43542558
1.0,0.61332643
0.0,0.24642488
0.0,0.58424884
0.0,0.99882543
0.0,0.024151951
1.0,0.9453908
1.0,0.16834712
0.0,0.26936898
0.0,0.017545462
0.0,0.071663916
1.0,0.94851756
0.0,0.06855202
1.0,0.6314713
0.0,0.42511645
1.0,0.9756813
1.0,0.9199171
0.0,0.40906724
1.0,0.63226414
0.0,0.6412846
0.0,0.0054091513
1.0,0.93214434
1.0,0.7053757
0.0,0.033875942
0.0,0.45504916
0.0,0.8245249
0.0,0.20518076
1.0,0.97913384
0.0,0.11812374
0.0,0.14817682
0.0,0.04881844
1.0,0.94186664
0.0,0.063367784
0.0,0.6505344
1.0,0.95193064
0.0,0.0319975
0.0,0.9521574
0.0,0.045132697
1.0,0.51598746
0.0,0.12736434
1.0,0.91886586
0.0,0.08130023
1.0,0.27565318
1.0,0.5033644
1.0,0.95444894
1.0,0.8986359
0.0,0.023860902
1.0,0.88296795
0.0,0.032783926
1.0,0.99872386
1.0,0.993791
0.0,0.27321917
1.0,0.95943725
0.0,0.024711818
1.0,0.6664227
1.0,0.32272768
0.0,0.048343718
0.0,0.97656703
1.0,0.9997438
1.0,0.7662834
0.0,0.3405633
0.0,0.7198562
0.0,0.008330047
0.0,0.059287667
0.0,0.85779655
1.0,0.95754087
1.0,0.85300136
1.0,0.6472192
1.0,0.76539725
1.0,0.98996794
1.0,0.99936205
0.0,0.12445393
1.0,0.9876932
0.0,0.020204574
0.0,0.20103368
0.0,0.060007006
1.0,0.16208974
1.0,0.52428234
0.0,0.15986723
0.0,0.078264564
0.0,0.9654362
1.0,0.9179454
1.0,0.71906334
1.0,0.93891525
0.0,0.017617196
0.0,0.97243625
0.0,0.06869313
0.0,0.23815614
0.0,0.096247405
0.0,0.042729497
1.0,0.9972481
1.0,0.94307715
0.0,0.044395298
0.0,0.09458938
0.0,0.49632147
0.0,0.6872035
0.0,0.6560347
0.0,0.14709836
0.0,0.44401973
1.0,0.8029343
0.0,0.20184827
1.0,0.9899515
0.0,0.114813566
0.0,0.335864
0.0,0.093581885
0.0,0.46787077
1.0,0.98808056
1.0,0.7632734
1.0,0.82717645
1.0,0.84984624
0.0,0.02369979
0.0,0.4301803
1.0,0.6512761
1.0,0.9889625
0.0,0.6470124
0.0,0.031007022
0.0,0.22024852
1.0,0.3791429
0.0,0.034332514
1.0,0.30655205
0.0,0.033857465
0.0,0.119615555
0.0,0.060034633
0.0,0.06742442
0.0,0.69790405
0.0,0.045391083
0.0,0.2726931
1.0,0.9899593
0.0,0.04385665
0.0,0.796219
0.0,0.071054995
1.0,0.3470739
0.0,0.06435472
1.0,0.99681234
0.0,0.08773461
0.0,0.051083088
0.0,0.041384637
0.0,0.5733254
0.0,0.028304785
0.0,0.028743207
1.0,0.92393106
0.0,0.8818519
1.0,0.9202126
1.0,0.971055
0.0,0.049406677
0.0,0.13147017
1.0,0.97330457
1.0,0.9995226
0.0,0.20884463
0.0,0.45516708
0.0,0.039321035
0.0,0.4861229
0.0,0.02065745
1.0,0.9202007
0.0,0.046268463
1.0,0.8510058
1.0,0.3826937
0.0,0.8101769
0.0,0.37130257
0.0,0.06889382
0.0,0.042481035
0.0,0.55301636
0.0,0.028414845
0.0,0.040316164
0.0,0.8831283
1.0,0.8458648
1.0,0.8542261
0.0,0.07048011
0.0,0.047166497
0.0,0.7453495
1.0,0.92870164
0.0,0.020866096
0.0,0.056677222
1.0,0.8411248
1.0,0.9984761
0.0,0.30603057
0.0,0.40308458
0.0,0.061511576
1.0,0.9658325
0.0,0.08200753
1.0,0.98948747
1.0,0.86011755
0.0,0.07568711
0.0,0.35092366
0.0,0.056345016
1.0,0.47368112
0.0,0.24642736
1.0,0.8261348
0.0,0.039644033
1.0,0.98731494
0.0,0.1284194
0.0,0.028135031
0.0,0.04933229
1.0,0.9998001
0.0,0.41160223
1.0,0.90447176
1.0,0.70259535
0.0,0.019978374
1.0,0.18728173
0.0,0.09674317
1.0,0.55116594
0.0,0.039398134
1.0,0.85578775
0.0,0.020623326
1.0,0.9281329
1.0,0.9733572
1.0,0.9993466
0.0,0.01099664
1.0,0.9924629
1.0,0.86378896
0.0,0.045261353
1.0,0.9841294
1.0,0.5120544
1.0,0.67151713
0.0,0.54708844
0.0,0.02900821
0.0,0.9413646
0.0,0.16847245
