0.0,0.69960546
0.0,0.80144215
1.0,0.30303854
0.0,0.038017124
1.0,0.75270313
0.0,0.13392478
1.0,0.9631673
1.0,0.9292203
1.0,0.6546198
0.0,0.046931237
0.0,0.62366843
1.0,0.9216169
0.0,0.007414043
0.0,0.21947414
0.0,0.111788124
0.0,0.026551068
1.0,0.8350731
0.0,0.07590762
0.0,0.050562084
1.0,0.8532226
1.0,0.71383727
0.0,0.018150955
1.0,0.78387153
0.0,0.26616508
0.0,0.10145977
1.0,0.6794024
0.0,0.0800305
1.0,0.905824
0.0,0.06522578
1.0,0.939582
0.0,0.03230396
0.0,0.7088721
1.0,0.9394233
1.0,0.9949562
1.0,0.91375893
1.0,0.90398026
1.0,0.77353954
0.0,0.094213545
1.0,0.98021764
1.0,0.31980574
1.0,0.9389151
1.0,0.9495993
0.0,0.028870076
1.0,0.91769683
1.0,0.97292435
0.0,0.03780821
0.0,0.0575037
0.0,0.05918932
0.0,0.037585914
1.0,0.9743999
0.0,0.47623435
1.0,0.8767246
1.0,0.9808183
1.0,0.9590719
0.0,0.059181333
0.0,0.069277465
0.0,0.13628632
1.0,0.15477195
1.0,0.9583403
1.0,0.54056746
1.0,0.99395454
0.0,0.5634228
1.0,0.9917172
1.0,0.8605388
1.0,0.9271877
0.0,0.38140187
0.0,0.5861745
1.0,0.9745059
0.0,0.02855733
1.0,0.9689119
0.0,0.8286936
1.0,0.9695523
0.0,0.014241487
0.0,0.08108997
1.0,0.6935235
0.0,0.47897604
0.0,0.05165243
0.0,0.32323197
0.0,0.047376364
1.0,0.90043783
0.0,0.085164845
1.0,0.9943243
1.0,0.9826211
1.0,0.9996633
1.0,0.9882302
1.0,0.7519623
1.0,0.9691743
0.0,0.5355269
0.0,0.03499061
1.0,0.6330102
0.0,0.032664567
1.0,0.29712653
0.0,0.049863994
0.0,0.9319171
0.0,0.2719561
1.0,0.95441675
0.0,0.08401713
0.0,0.10420883
1.0,0.9013909
1.0,0.9904527
0.0,0.024169534
0.0,0.15105164
1.0,0.21958944
0.0,0.3750251
0.0,0.21604183
1.0,0.95349747
1.0,0.1418544
0.0,0.045634925
1.0,0.03905195
1.0,0.99172705
1.0,0.96000624
0.0,0.12411153
1.0,0.23923635
0.0,0.11161381
0.0,0.05807081
1.0,0.59572864
0.0,0.029637188
1.0,0.743007
1.0,0.53412426
1.0,0.9975748
0.0,0.48259208
1.0,0.9787154
0.0,0.97858524
0.0,0.0392327
0.0,0.5037242
1.0,0.64142215
0.0,0.011732161
0.0,0.15476015
1.0,0.95223856
1.0,0.88570595
1.0,0.9843428
0.0,0.081775755
0.0,0.064860076
1.0,0.85291815
1.0,0.993311
0.0,0.9457531
0.0,0.019685775
0.0,0.05861309
0.0,0.10928324
0.0,0.06668481
1.0,0.71804076
0.0,0.17057288
1.0,0.34762964
0.0,0.060691923
0.0,0.017626286
0.0,0.010097235
1.0,0.51260525
0.0,0.061694562
0.0,0.04241711
0.0,0.052749366
0.0,0.13148588
0.0,0.04053834
0.0,0.04091561
0.0,0.91541076
0.0,0.11641604
1.0,0.96551955
0.0,0.030606478
0.0,0.042720795
1.0,0.99908316
0.0,0.20497343
0.0,0.6857375
0.0,0.2583868
0.0,0.055084288
0.0,0.3878262
1.0,0.9965651
0.0,0.21249795
1.0,0.77502316
0.0,0.2034353
0.0,0.04621771
1.0,0.87986517
0.0,0.6791155
0.0,0.97474796
0.0,0.9717157
0.0,0.012703419
1.0,0.83520555
1.0,0.9064132
0.0,0.12586257
1.0,0.6331657
0.0,0.6709533
1.0,0.9732116
1.0,0.8943646
1.0,0.92658347
1.0,0.95511353
1.0,0.97210264
0.0,0.7907995
0.0,0.020327628
0.0,0.06118855
0.0,0.96940243
0.0,0.03979656
0.0,0.05331573
1.0,0.27122146
0.0,0.029673874
0.0,0.7440501
1.0,0.9424819
1.0,0.74326515
1.0,0.9050443
0.0,0.058908045
0.0,0.35773635
0.0,0.03383842
1.0,0.313601
0.0,0.40483496
0.0,0.81885314
0.0,0.54823685
0.0,0.17884901
0.0,0.12698281
1.0,0.16951805
0.0,0.07943618
1.0,0.14306763
0.0,0.011447191
0.0,0.35933676
0.0,0.020690352
1.0,0.9858414
0.0,0.6411689
0.0,0.21500239
0.0,0.044148684
0.0,0.008634448
0.0,0.9321041
0.0,0.5638213
1.0,0.9944261
0.0,0.021047264
0.0,0.013672471
1.0,0.94931483
1.0,0.96887255
0.0,0.61459076
0.0,0.05366856
0.0,0.009075731
0.0,0.1353673
0.0,0.15547776
0.0,0.13062406
1.0,0.98880124
0.0,0.14626387
1.0,0.21676508
0.0,0.07516423
1.0,0.670987
1.0,0.7630974
0.0,0.03743851
0.0,0.26603383
0.0,0.10994133
1.0,0.722281
1.0,0.87861836
1.0,0.9779806
1.0,0.75795126
0.0,0.026046693
0.0,0.79193914
1.0,0.98405325
0.0,0.6367547
0.0,0.04633698
0.0,0.021364033
0.0,0.4135815
0.0,0.26370013
0.0,0.033762813
0.0,0.15253621
1.0,0.39678696
0.0,0.054126322
0.0,0.3708609
0.0,0.25112778
1.0,0.9563123
1.0,0.91926885
0.0,0.0702717
0.0,0.05134639
0.0,0.06502256
1.0,0.97981346
0.0,0.035761416
0.0,0.009261578
0.0,0.09822515
0.0,0.044445366
1.0,0.9589518
1.0,0.970487
1.0,0.99617004
0.0,0.078523904
1.0,0.9848554
0.0,0.11230409
0.0,0.061641455
0.0,0.38798708
1.0,0.9125953
1.0,0.6923537
0.0,0.036381334
0.0,0.052170068
1.0,0.9843489
1.0,0.51915175
0.0,0.32161212
1.0,0.69726676
1.0,0.98972535
0.0,0.8108363
0.0,0.20945907
0.0,0.062395424
0.0,0.09464422
0.0,0.82347506
0.0,0.09476346
1.0,0.9929316
0.0,0.044394225
0.0,0.07858944
1.0,0.9980494
0.0,0.08002445
1.0,0.9424276
1.0,0.042895436
1.0,0.90241164
1.0,0.73435664
1.0,0.8364577
0.0,0.02330044
1.0,0.9092943
0.0,0.9203769
1.0,0.9950234
0.0,0.88026065
0.0,0.4360379
0.0,0.05023414
0.0,0.37871778
0.0,0.85379416
1.0,0.95299935
0.0,0.9054686
1.0,0.7570981
0.0,0.65629494
1.0,0.73755854
1.0,0.99875116
0.0,0.037424386
0.0,0.023417175
0.0,0.043503225
1.0,0.936487
1.0,0.7432704
0.0,0.016285002
0.0,0.013945639
0.0,0.037036777
0.0,0.03388074
1.0,0.97563976
1.0,0.7849075
0.0,0.05234319
0.0,0.82780427
1.0,0.8868313
1.0,0.98047596
1.0,0.7415554
0.0,0.032806337
0.0,0.80320406
0.0,0.011490136
0.0,0.88000536
1.0,0.9878994
1.0,0.7597343
0.0,0.13443288
0.0,0.22533217
0.0,0.027564615
0.0,0.55872446
0.0,0.01846689
0.0,0.729728
1.0,0.4742361
0.0,0.14330563
0.0,0.0733912
0.0,0.051111847
0.0,0.93037677
0.0,0.80894566
0.0,0.20693919
0.0,0.018132001
1.0,0.63071674
0.0,0.06296852
1.0,0.8894567
0.0,0.019375443
0.0,0.18736377
0.0,0.13650322
0.0,0.0075395703
0.0,0.9672456
1.0,0.2669251
1.0,0.84337157
0.0,0.6882917
1.0,0.62246144
0.0,0.029038757
0.0,0.64988226
0.0,0.21192321
0.0,0.8899074
0.0,0.043162137
0.0,0.004113257
1.0,0.3366385
0.0,0.016377956
1.0,0.9922167
0.0,0.030145764
1.0,0.25946057
0.0,0.7549412
1.0,0.3356583
1.0,0.98476744
1.0,0.97254336
0.0,0.03905037
0.0,0.08603847
1.0,0.92794675
0.0,0.05142638
0.0,0.05649963
1.0,0.058083892
1.0,0.9781992
0.0,0.5082063
1.0,0.92769676
1.0,0.998875
0.0,0.50587314
0.0,0.054103225
0.0,0.42338234
0.0,0.049383342
0.0,0.024222523
0.0,0.19813496
1.0,0.98594415
0.0,0.5254672
1.0,0.9708398
1.0,0.4856967
0.0,0.09572041
0.0,0.2890886
0.0,0.79531425
1.0,0.99125075
1.0,0.9729661
1.0,0.25682175
0.0,0.14481178
1.0,0.9770878
1.0,0.9498941
0.0,0.0054096878
0.0,0.38072425
0.0,0.83089614
0.0,0.8330182
1.0,0.98709595
0.0,0.05673015
1.0,0.60225165
0.0,0.81418014
0.0,0.08379918
0.0,0.039679855
0.0,0.036963433
0.0,0.07391226
0.0,0.15948957
0.0,0.030232072
0.0,0.07815158
0.0,0.042453527
0.0,0.6521797
0.0,0.08405265
0.0,0.061493546
0.0,0.69561154
0.0,0.09881738
1.0,0.80693644
0.0,0.1801807
1.0,0.9834167
0.0,0.016655713
0.0,0.074125886
0.0,0.097402304
0.0,0.8756508
0.0,0.7555498
0.0,0.042164057
0.0,0.1453743
0.0,0.019008279
0.0,0.026699185
0.0,0.060561955
0.0,0.40667778
1.0,0.86650264
0.0,0.084002405
0.0,0.03232944
0.0,0.74047595
0.0,0.047629148
1.0,0.408104
0.0,0.9540739
1.0,0.8122817
0.0,0.049242496
0.0,0.13807046
1.0,0.90421546
0.0,0.89621365
1.0,0.9435834
1.0,0.9801501
1.0,0.8346284
1.0,0.97031033
0.0,0.023047477
1.0,0.49330083
0.0,0.017262697
0.0,0.050420642
0.0,0.3206005
1.0,0.994282
0.0,0.021039456
0.0,0.045176417
1.0,0.5378395
1.0,0.99936223
0.0,0.24750865
0.0,0.01370877
1.0,0.7264014
0.0,0.031033158
1.0,0.79233533
0.0,0.6430261
0.0,0.20699042
1.0,0.8528111
0.0,0.9191934
0.0,0.016795218
1.0,0.29300582
0.0,0.16792801
1.0,0.99901974
0.0,0.04642442
1.0,0.4280113
1.0,0.80494004
1.0,0.919338
1.0,0.9978069
0.0,0.70564556
0.0,0.11131778
1.0,0.5972624
0.0,0.08559576
0.0,0.21493739
1.0,0.9070107
1.0,0.5796089
1.0,0.89082706
0.0,0.04653707
1.0,0.9808296
1.0,0.9266296
0.0,0.23747936
1.0,0.9958607
0.0,0.7464334
1.0,0.74303406
1.0,0.9467789
0.0,0.7877066
0.0,0.5053813
1.0,0.7582294
0.0,0.3740106
1.0,0.816846
0.0,0.7210039
0.0,0.04176992
0.0,0.9406491
1.0,0.998852
0.0,0.015342921
0.0,0.040518433
0.0,0.90330744
1.0,0.6945597
0.0,0.08374804
0.0,0.04936877
0.0,0.3847465
0.0,0.8246466
1.0,0.7620783
1.0,0.6467718
0.0,0.26307636
0.0,0.86727047
0.0,0.20860264
0.0,0.65182114
0.0,0.14148194
1.0,0.8956094
0.0,0.064166814
1.0,0.9763838
0.0,0.57671905
0.0,0.29337817
1.0,0.9344847
0.0,0.055915743
0.0,0.39806697
0.0,0.022176296
0.0,0.03521818
0.0,0.3791168
0.0,0.019117922
0.0,0.14164844
0.0,0.07637742
1.0,0.9578483
1.0,0.98675656
0.0,0.033697933
0.0,0.05595267
1.0,0.99431807
0.0,0.065395504
1.0,0.90997165
0.0,0.060656905
0.0,0.011410922
1.0,0.90055823
0.0,0.5064083
1.0,0.85189885
0.0,0.81911457
1.0,0.23004648
0.0,0.06842011
0.0,0.052512944
0.0,0.8855221
1.0,0.9524072
0.0,0.00778535
0.0,0.11553061
0.0,0.028479964
0.0,0.9613739
1.0,0.6920017
0.0,0.0703862
0.0,0.011915177
1.0,0.98808694
1.0,0.12987003
0.0,0.54986256
1.0,0.85479313
0.0,0.40907627
0.0,0.6084896
1.0,0.9670806
1.0,0.98682654
0.0,0.052720904
1.0,0.95838654
1.0,0.968291
0.0,0.09237978
0.0,0.10329577
0.0,0.060606003
1.0,0.16326913
0.0,0.010246754
0.0,0.025737673
0.0,0.0634917
1.0,0.9960507
1.0,0.8077314
0.0,0.04890716
1.0,0.6823244
1.0,0.042602777
0.0,0.11020905
1.0,0.9579655
0.0,0.039084047
1.0,0.55416495
0.0,0.07057807
1.0,0.8569082
0.0,0.11544663
0.0,0.04610294
1.0,0.8723928
0.0,0.047130615
1.0,0.95629567
0.0,0.05154714
0.0,0.044197023
0.0,0.07250789
1.0,0.7023449
0.0,0.58596754
1.0,0.74603295
0.0,0.02882135
1.0,0.9430094
1.0,0.88783264
0.0,0.025405496
1.0,0.93857574
1.0,0.963372
1.0,0.455697
1.0,0.9423654
0.0,0.34596235
0.0,0.052200973
0.0,0.89054054
1.0,0.96214485
1.0,0.52576506
0.0,0.039370596
0.0,0.049265742
0.0,0.32770354
1.0,0.9296781
0.0,0.64579046
1.0,0.019852072
1.0,0.88144827
0.0,0.10370296
0.0,0.044509977
1.0,0.9884957
0.0,0.66555524
1.0,0.96284866
0.0,0.6617291
0.0,0.08144733
0.0,0.03733203
1.0,0.50016713
0.0,0.17455539
1.0,0.9845934
0.0,0.05662042
1.0,0.27310324
0.0,0.41509014
0.0,0.17899618
1.0,0.45210007
1.0,0.67103994
1.0,0.6955291
1.0,0.9635326
0.0,0.067008734
0.0,0.115563035
0.0,0.9070281
0.0,0.010777175
1.0,0.98435533
1.0,0.4513595
0.0,0.01149711
0.0,0.027868003
0.0,0.03342381
1.0,0.7779305
0.0,0.026429147
0.0,0.34061074
0.0,0.049690068
0.0,0.82777905
0.0,0.042243123
0.0,0.2822891
1.0,0.25206694
0.0,0.8671473
1.0,0.55879164
0.0,0.109813124
0.0,0.6880239
1.0,0.89384127
1.0,0.9468074
1.0,0.9426285
0.0,0.1997258
0.0,0.09088528
1.0,0.51645976
0.0,0.051117122
0.0,0.12059069
0.0,0.33373907
1.0,0.93940896
0.0,0.089458376
0.0,0.24564168
1.0,0.9976611
0.0,0.14400557
1.0,0.9985678
1.0,0.7593634
1.0,0.9906664
0.0,0.038452566
1.0,0.9849123
1.0,0.5350745
0.0,0.2190516
1.0,0.4232151
0.0,0.051706195
0.0,0.23952043
0.0,0.40295285
0.0,0.045562774
1.0,0.9925209
1.0,0.8098295
1.0,0.98048884
1.0,0.9521686
1.0,0.9800174
0.0,0.6187421
0.0,0.94828224
1.0,0.9239339
0.0,0.07216352
1.0,0.96070206
1.0,0.99831223
0.0,0.2220006
1.0,0.47114435
1.0,0.6009506
0.0,0.021645099
0.0,0.033297032
0.0,0.09008694
0.0,0.07322338
1.0,0.80902743
1.0,0.98035765
0.0,0.04998654
0.0,0.041739583
1.0,0.066987425
1.0,0.7923304
1.0,0.3069407
0.0,0.10376674
1.0,0.8615266
1.0,0.5622043
0.0,0.079731196
0.0,0.43892822
1.0,0.94442666
1.0,0.9935424
0.0,0.56824213
1.0,0.7349265
0.0,0.22432229
0.0,0.38374293
1.0,0.9878178
0.0,0.82412505
1.0,0.9964464
0.0,0.7166059
0.0,0.2745521
0.0,0.20047072
1.0,0.9409193
1.0,0.7588638
0.0,0.013636351
0.0,0.0627476
1.0,0.5894204
0.0,0.14427087
1.0,0.99286187
1.0,0.88810444
1.0,0.82451546
0.0,0.061404467
0.0,0.6546869
0.0,0.72937644
0.0,0.02279234
0.0,0.034395486
1.0,0.9961629
0.0,0.6503605
0.0,0.0071626008
1.0,0.9826729
0.0,0.075010985
1.0,0.035316765
1.0,0.9114907
0.0,0.033285916
0.0,0.520592
0.0,0.8610307
0.0,0.027205378
0.0,0.02415669
0.0,0.017159045
0.0,0.029997796
0.0,0.85241127
1.0,0.5522206
1.0,0.969972
0.0,0.517806
0.0,0.72279
0.0,0.056507885
0.0,0.046972454
0.0,0.07306707
1.0,0.067631364
0.0,0.04166776
0.0,0.0026360154
1.0,0.9966661
1.0,0.2953664
0.0,0.036823094
0.0,0.988861
0.0,0.0053611696
0.0,0.06819698
0.0,0.021138161
0.0,0.16577423
1.0,0.96700084
1.0,0.80902
1.0,0.8413631
0.0,0.024169564
1.0,0.8603116
1.0,0.9682292
0.0,0.4327257
0.0,0.009172469
1.0,0.71713483
1.0,0.12788916
1.0,0.9507936
1.0,0.8130084
1.0,0.53211814
0.0,0.15281707
0.0,0.36829436
1.0,0.661783
0.0,0.009094179
1.0,0.9899796
0.0,0.017229438
1.0,0.49277538
0.0,0.035262465
0.0,0.67631555
0.0,0.09807488
0.0,0.04813683
0.0,0.28929055
0.0,0.013794363
0.0,0.01237306
0.0,0.13781095
0.0,0.9507948
0.0,0.02406615
0.0,0.01623109
1.0,0.93145645
1.0,0.570708
1.0,0.97531855
0.0,0.9731464
0.0,0.6876992
0.0,0.6652299
0.0,0.08921784
1.0,0.786633
1.0,0.757501
1.0,0.87049234
1.0,0.99390733
0.0,0.87337387
0.0,0.021398753
0.0,0.005389571
1.0,0.82114947
0.0,0.05771637
1.0,0.0046183765
1.0,0.92887115
0.0,0.39406466
0.0,0.011898637
0.0,0.14391944
0.0,0.6939861
1.0,0.8804463
1.0,0.9630792
0.0,0.17048728
1.0,0.8686753
1.0,0.7269384
0.0,0.7507585
0.0,0.11115211
1.0,0.92304313
0.0,0.018878251
0.0,0.19306922
0.0,0.024966031
0.0,0.35017413
0.0,0.028386235
1.0,0.56479937
0.0,0.14601591
0.0,0.8000889
1.0,0.9871595
1.0,0.94802696
0.0,0.4458067
0.0,0.28370404
1.0,0.88677466
0.0,0.11835459
0.0,0.008158624
1.0,0.6186396
0.0,0.16576973
0.0,0.058928758
0.0,0.1232304
1.0,0.9856747
0.0,0.42406917
1.0,0.70933926
1.0,0.91660464
1.0,0.99892324
0.0,0.046952605
1.0,0.76297575
0.0,0.070889145
1.0,0.8852986
0.0,0.10468826
1.0,0.9742502
0.0,0.106904
0.0,0.038886607
1.0,0.97781026
0.0,0.015082002
0.0,0.026578456
1.0,0.7553967
1.0,0.85208774
1.0,0.306435
1.0,0.8861555
1.0,0.72556853
1.0,0.8894273
1.0,0.76592845
0.0,0.031605214
1.0,0.63776666
1.0,0.97915447
0.0,0.32250166
0.0,0.09894085
0.0,0.010877192
1.0,0.76180494
0.0,0.062373728
0.0,0.306095
0.0,0.4089384
1.0,0.96080554
0.0,0.04448861
0.0,0.4783147
1.0,0.75236404
1.0,0.90537673
1.0,0.9373394
1.0,0.2183375
0.0,0.9341785
0.0,0.11813721
0.0,0.07796818
0.0,0.038980752
0.0,0.01875782
0.0,0.282726
0.0,0.052244633
1.0,0.40184915
1.0,0.96418846
0.0,0.024718702
1.0,0.44444036
0.0,0.030831426
0.0,0.06835154
1.0,0.99525905
0.0,0.14248022
0.0,0.8912967
0.0,0.026533842
0.0,0.7701812
0.0,0.1382238
0.0,0.053881437
0.0,0.8494915
1.0,0.742073
0.0,0.16589728
0.0,0.8524532
1.0,0.9286517
0.0,0.04201165
1.0,0.8922293
0.0,0.07403463
0.0,0.026397705
0.0,0.050495863
0.0,0.5464296
0.0,0.015921324
0.0,0.025583565
0.0,0.061432034
0.0,0.13270026
0.0,0.7199006
1.0,0.70568866
0.0,0.062063396
1.0,0.9522226
0.0,0.8863913
1.0,0.062586784
0.0,0.09889585
0.0,0.03931135
0.0,0.29110724
1.0,0.9594911
1.0,0.3052569
1.0,0.30855104
0.0,0.057368517
0.0,0.2714805
1.0,0.8780842
0.0,0.16898513
0.0,0.025318027
1.0,0.8171946
0.0,0.05519855
1.0,0.96348107
1.0,0.51774025
0.0,0.04909274
1.0,0.46470198
0.0,0.3132136
1.0,0.22984052
0.0,0.49376404
1.0,0.9986282
0.0,0.035960287
0.0,0.89905196
0.0,0.048301935
0.0,0.20671007
0.0,0.021060854
0.0,0.03311652
0.0,0.12796527
1.0,0.93736625
0.0,0.06914723
0.0,0.012099832
0.0,0.0043722093
0.0,0.2945397
0.0,0.20252559
1.0,0.8448877
0.0,0.90609443
0.0,0.19329476
1.0,0.6190421
0.0,0.24312803
1.0,0.9064883
0.0,0.75446445
1.0,0.65031654
1.0,0.986552
0.0,0.023666084
1.0,0.9994755
0.0,0.5013661
0.0,0.028401941
0.0,0.12488833
0.0,0.0893369
1.0,0.3950603
1.0,0.9954876
0.0,0.10677755
0.0,0.1399987
1.0,0.9922892
0.0,0.3772751
1.0,0.4756352
1.0,0.06903231
1.0,0.8876956
0.0,0.065059036
1.0,0.83183765
0.0,0.07372016
1.0,0.9340887
1.0,0.26687333
0.0,0.32873398
0.0,0.7759148
0.0,0.097117394
0.0,0.40221813
1.0,0.7334651
1.0,0.9737942
1.0,0.99541986
0.0,0.053245872
0.0,0.018855333
1.0,0.995729
0.0,0.9264851
0.0,0.036927074
0.0,0.039212078
1.0,0.77268136
0.0,0.54916924
0.0,0.044504642
0.0,0.280483
0.0,0.1617651
1.0,0.74959993
1.0,0.9882426
0.0,0.20067349
0.0,0.03581819
0.0,0.04905039
1.0,0.99862176
0.0,0.11326629
0.0,0.90178156
1.0,0.85444784
0.0,0.036223024
0.0,0.23220265
1.0,0.97108245
0.0,0.2321257
1.0,0.27571255
1.0,0.19858918
0.0,0.05886379
0.0,0.046575606
0.0,0.021569759
0.0,0.031048268
1.0,0.9852469
1.0,0.99936366
1.0,0.97338855
1.0,0.34409553
0.0,0.95214975
0.0,0.15581518
1.0,0.8577522
1.0,0.784237
0.0,0.3797689
0.0,0.06538901
1.0,0.8091142
0.0,0.014943838
1.0,0.7248893
0.0,0.02114293
0.0,0.42883068
1.0,0.9817853
0.0,0.13103959
0.0,0.011537403
0.0,0.06965029
0.0,0.14122671
0.0,0.6752396
1.0,0.33972383
0.0,0.04091963
1.0,0.9967056
0.0,0.4163737
1.0,0.9104547
0.0,0.1291939
1.0,0.7286083
1.0,0.9855021
1.0,0.9953966
0.0,0.84808517
0.0,0.028195083
1.0,0.68008596
0.0,0.15298152
0.0,0.039421946
1.0,0.78894484
1.0,0.37871557
0.0,0.19172764
1.0,0.95554054
1.0,0.9695635
0.0,0.76722014
0.0,0.049692035
0.0,0.49833807
0.0,0.028455555
0.0,0.016768336
0.0,0.94385797
1.0,0.99239653
1.0,0.98262155
1.0,0.89743537
0.0,0.059766352
0.0,0.013577491
0.0,0.032212675
0.0,0.043515325
0.0,0.12114313
0.0,0.0626421
1.0,0.9727571
1.0,0.9782901
1.0,0.6814744
0.0,0.18829325
0.0,0.096963614
1.0,0.62844414
0.0,0.15745306
0.0,0.7838801
1.0,0.8453529
0.0,0.8385776
0.0,0.66631913
1.0,0.53830457
0.0,0.09513551
1.0,0.9070442
1.0,0.983283
0.0,0.9144012
0.0,0.046503603
1.0,0.9996449
0.0,0.0104088485
0.0,0.2317619
1.0,0.7185458
1.0,0.9368374
1.0,0.7202617
1.0,0.98585033
0.0,0.9938023
0.0,0.11791113
0.0,0.03128001
1.0,0.2896584
0.0,0.9933921
1.0,0.88621324
0.0,0.7859188
1.0,0.9534411
1.0,0.48812616
0.0,0.19464841
0.0,0.17584476
0.0,0.06233415
0.0,0.63968945
0.0,0.106740326
0.0,0.058960825
1.0,0.5089511
1.0,0.43216902
0.0,0.8016343
1.0,0.9704475
1.0,0.2367093
0.0,0.006020516
0.0,0.10277265
1.0,0.95219296
1.0,0.49608698
0.0,0.042634934
0.0,0.24208444
0.0,0.046596676
0.0,0.05662498
1.0,0.7238124
1.0,0.9681843
0.0,0.039109796
0.0,0.010022521
0.0,0.15835068
0.0,0.12172654
0.0,0.038965523
0.0,0.17617962
0.0,0.9604635
0.0,0.7752813
0.0,0.1953522
0.0,0.050039023
0.0,0.39650756
1.0,0.983916
1.0,0.90467536
0.0,0.00635311
0.0,0.08629164
0.0,0.004615873
0.0,0.0480296
0.0,0.54370236
0.0,0.35294718
0.0,0.03326422
0.0,0.880405
1.0,0.9014759
1.0,0.96620077
1.0,0.98972476
1.0,0.92585003
1.0,0.9839053
0.0,0.93260396
0.0,0.10938263
0.0,0.03425169
0.0,0.098814666
1.0,0.75905526
0.0,0.05976385
1.0,0.9105635
0.0,0.07068506
0.0,0.9618498
0.0,0.8094058
0.0,0.16463444
0.0,0.023128986
0.0,0.6189553
0.0,0.20370108
0.0,0.020961553
1.0,0.9651002
1.0,0.84663
0.0,0.55297744
0.0,0.24321964
0.0,0.038131952
0.0,0.05570212
1.0,0.980618
0.0,0.022738755
1.0,0.3737954
0.0,0.034643263
1.0,0.79657096
0.0,0.025034785
0.0,0.1937879
1.0,0.8772408
0.0,0.009336829
1.0,0.97615045
0.0,0.06713873
0.0,0.64098096
0.0,0.7069696
0.0,0.023413152
0.0,0.022601843
1.0,0.94012415
1.0,0.99246776
0.0,0.40722525
0.0,0.0657554
0.0,0.032539666
0.0,0.24960405
1.0,0.65530133
0.0,0.6709503
1.0,0.21264014
1.0,0.8508359
0.0,0.8489691
0.0,0.05192539
0.0,0.16479746
0.0,0.11709499
0.0,0.11216244
0.0,0.12378991
0.0,0.0774214
0.0,0.7600499
0.0,0.54531014
1.0,0.94410586
0.0,0.9977206
0.0,0.022818029
1.0,0.90494347
0.0,0.036526203
0.0,0.08669835
0.0,0.010952622
0.0,0.047273397
1.0,0.21446675
1.0,0.96379215
1.0,0.9635043
0.0,0.0392102
0.0,0.023210645
0.0,0.06518951
0.0,0.8934968
0.0,0.19294459
0.0,0.6995704
1.0,0.9911474
1.0,0.9758569
1.0,0.86195976
0.0,0.06456447
1.0,0.9961816
1.0,0.6742473
0.0,0.08994672
1.0,0.8397418
0.0,0.0751096
0.0,0.028702796
0.0,0.85707164
1.0,0.9892714
1.0,0.955129
1.0,0.7656679
0.0,0.8433806
0.0,0.38047227
0.0,0.03085962
1.0,0.9794567
1.0,0.9964119
1.0,0.9804214
1.0,0.89472944
0.0,0.03355068
0.0,0.07144061
0.0,0.052105457
0.0,0.27757788
1.0,0.97834134
0.0,0.04167083
0.0,0.18241745
0.0,0.52237433
1.0,0.6289621
0.0,0.30207312
0.0,0.6732377
0.0,0.15065363
0.0,0.88019454
0.0,0.07088253
0.0,0.16403273
0.0,0.034860104
0.0,0.15101787
0.0,0.03449014
1.0,0.9915387
1.0,0.3574354
0.0,0.6038857
0.0,0.93061507
0.0,0.19501612
1.0,0.8110812
0.0,0.03424421
0.0,0.024193794
0.0,0.7570101
0.0,0.023647368
1.0,0.7689092
0.0,0.018128037
0.0,0.063582
1.0,0.70667386
1.0,0.9124484
1.0,0.9890294
0.0,0.08982876
0.0,0.28242725
1.0,0.5036707
1.0,0.99035
1.0,0.985159
0.0,0.93256605
0.0,0.60895014
0.0,0.0122534335
1.0,0.4359032
1.0,0.9984344
0.0,0.03578356
0.0,0.8558767
1.0,0.8833962
1.0,0.9818964
0.0,0.042128146
1.0,0.9168174
1.0,0.69450116
0.0,0.19068179
1.0,0.46691313
0.0,0.056982607
0.0,0.047204405
0.0,0.2586495
0.0,0.057245195
1.0,0.7264856
0.0,0.43453157
1.0,0.7524354
1.0,0.7650274
1.0,0.5196583
0.0,0.026758969
0.0,0.591987
1.0,0.7906871
0.0,0.010265321
1.0,0.80626196
1.0,0.9895872
0.0,0.8369017
0.0,0.119672775
1.0,0.51677305
1.0,0.9965254
0.0,0.027752757
1.0,0.82593656
1.0,0.72317684
1.0,0.89797914
1.0,0.9917265
1.0,0.85510993
1.0,0.93305147
0.0,0.0652664
0.0,0.5617031
0.0,0.062074006
1.0,0.97088385
1.0,0.5439626
0.0,0.25728822
0.0,0.058081567
1.0,0.57081366
0.0,0.012245864
1.0,0.9857372
0.0,0.48757622
1.0,0.9179244
1.0,0.9603169
0.0,0.61267215
1.0,0.24673358
0.0,0.12924874
1.0,0.9993364
1.0,0.88627374
1.0,0.11253041
0.0,0.13223502
0.0,0.08775106
1.0,0.8650054
0.0,0.33437955
1.0,0.9225193
0.0,0.041903913
0.0,0.13965753
0.0,0.18445292
0.0,0.21427038
0.0,0.030570626
0.0,0.42826423
0.0,0.31455404
1.0,0.9816979
1.0,0.15256894
0.0,0.054311484
1.0,0.99249506
1.0,0.82914263
0.0,0.92861927
0.0,0.77171385
0.0,0.19001994
0.0,0.0738017
0.0,0.11101329
0.0,0.28692633
1.0,0.36293823
1.0,0.9965352
0.0,0.061441302
0.0,0.041538745
0.0,0.7339134
0.0,0.95165586
0.0,0.18440083
1.0,0.75838673
0.0,0.21728358
0.0,0.10342327
1.0,0.866882
1.0,0.83576477
0.0,0.26684666
0.0,0.5444921
0.0,0.08461115
1.0,0.97771186
1.0,0.89678997
0.0,0.014004141
0.0,0.044486344
0.0,0.059452474
0.0,0.13245341
0.0,0.010140896
1.0,0.98511004
1.0,0.808903
1.0,0.45892903
0.0,0.048719347
1.0,0.5583815
0.0,0.73186964
1.0,0.9979391
1.0,0.8467605
0.0,0.04710737
0.0,0.00809592
0.0,0.0066978633
0.0,0.88372445
0.0,0.9112022
1.0,0.99704564
0.0,0.96309125
0.0,0.87936336
0.0,0.035594493
0.0,0.022345364
0.0,0.10269761
0.0,0.43908522
0.0,0.62363005
1.0,0.6920441
1.0,0.9833849
0.0,0.026046813
0.0,0.58533204
0.0,0.41024613
0.0,0.2925975
1.0,0.97886
0.0,0.101539284
0.0,0.5981502
1.0,0.8680402
0.0,0.86502343
0.0,0.12076643
0.0,0.09427029
0.0,0.051943302
1.0,0.99017954
1.0,0.9188008
0.0,0.039328218
1.0,0.25330472
1.0,0.9227958
1.0,0.922189
0.0,0.15490702
0.0,0.3091304
1.0,0.85328066
1.0,0.8885195
0.0,0.046156883
1.0,0.9959974
0.0,0.07144001
1.0,0.8780767
1.0,0.9531034
1.0,0.96225923
0.0,0.04009801
1.0,0.5397378
1.0,0.40476343
0.0,0.15536052
0.0,0.18233222
0.0,0.9856088
0.0,0.076081604
0.0,0.028400421
0.0,0.025627762
1.0,0.99559367
0.0,0.6672495
0.0,0.11881122
0.0,0.63723326
0.0,0.090058714
0.0,0.11294907
0.0,0.071678996
1.0,0.73654246
0.0,0.062054455
0.0,0.20082933
0.0,0.71099985
1.0,0.9126189
1.0,0.99687773
1.0,0.97117996
1.0,0.97489035
0.0,0.040729165
0.0,0.11379486
0.0,0.105862856
0.0,0.086747974
0.0,0.7977915
0.0,0.15949094
1.0,0.8740804
0.0,0.79137737
1.0,0.37254447
1.0,0.192429
1.0,0.87823874
0.0,0.14113626
0.0,0.03767082
0.0,0.0109470785
0.0,0.04398054
1.0,0.86332583
1.0,0.9800332
1.0,0.7817426
1.0,0.9748306
1.0,0.9519137
0.0,0.07257974
0.0,0.23915452
0.0,0.86447984
0.0,0.037897736
1.0,0.9700514
0.0,0.040553957
0.0,0.8859185
1.0,0.9930186
1.0,0.86012685
0.0,0.052768946
0.0,0.22269621
0.0,0.1597198
0.0,0.16693816
1.0,0.6835134
0.0,0.9938922
0.0,0.34632635
1.0,0.9963106
0.0,0.526793
1.0,0.92861915
1.0,0.98407197
0.0,0.035615087
0.0,0.5009315
0.0,0.042121887
0.0,0.09011543
1.0,0.6957006
0.0,0.12337485
0.0,0.38834172
0.0,0.80980164
0.0,0.016122282
1.0,0.994653
1.0,0.6158081
1.0,0.8733307
1.0,0.95430565
0.0,0.71295667
0.0,0.118918866
1.0,0.8795179
0.0,0.06255171
1.0,0.52446735
0.0,0.053767473
1.0,0.9606507
1.0,0.99452806
0.0,0.67195296
0.0,0.11459789
0.0,0.60773563
0.0,0.0237405
0.0,0.11582896
0.0,0.08908275
1.0,0.9476189
0.0,0.03650582
0.0,0.4027424
0.0,0.5883057
0.0,0.13946816
0.0,0.13795075
0.0,0.026469111
0.0,0.18054631
0.0,0.025944859
0.0,0.0023973286
0.0,0.0857473
0.0,0.3261836
0.0,0.036094815
1.0,0.7389816
0.0,0.5043647
1.0,0.9774655
0.0,0.04997936
0.0,0.028023362
1.0,0.86162925
0.0,0.026129872
1.0,0.9918438
0.0,0.6167192
1.0,0.9065956
0.0,0.8879211
0.0,0.07006019
1.0,0.8973948
1.0,0.33988172
0.0,0.037052393
0.0,0.13220441
0.0,0.0020986795
0.0,0.01092121
0.0,0.040288895
0.0,0.77772224
1.0,0.98645055
1.0,0.7897169
0.0,0.15349215
0.0,0.13754186
1.0,0.7669686
1.0,0.9108988
1.0,0.8530556
0.0,0.017105013
1.0,0.09045318
0.0,0.5110005
1.0,0.21820948
0.0,0.007823914
1.0,0.9520822
0.0,0.069417566
0.0,0.30582362
0.0,0.78684497
0.0,0.8571495
1.0,0.98040104
0.0,0.17110229
0.0,0.24179858
1.0,0.99302125
0.0,0.031026274
0.0,0.82157904
0.0,0.39402306
1.0,0.99699676
0.0,0.14294735
0.0,0.15729606
0.0,0.9976667
1.0,0.82029235
0.0,0.016901076
0.0,0.88025856
0.0,0.10302618
1.0,0.70939404
0.0,0.15038058
1.0,0.98462516
0.0,0.6364147
1.0,0.89225924
1.0,0.99765396
0.0,0.8594202
1.0,0.98497427
1.0,0.82765174
0.0,0.025117546
0.0,0.8677999
0.0,0.05592701
1.0,0.98879564
0.0,0.11692327
1.0,0.9177763
1.0,0.6304384
0.0,0.044607162
1.0,0.9134629
0.0,0.44045785
1.0,0.45916882
0.0,0.20189404
1.0,0.8049732
0.0,0.68921685
1.0,0.055892557
0.0,0.46011716
0.0,0.037460595
0.0,0.026562214
0.0,0.036337048
0.0,0.04492855
0.0,0.029983014
0.0,0.004657984
0.0,0.8078917
0.0,0.26106846
0.0,0.76735467
0.0,0.389282
0.0,0.04603824
1.0,0.8807667
1.0,0.43946627
0.0,0.8807284
1.0,0.09501299
0.0,0.24304307
0.0,0.34656072
0.0,0.8326203
0.0,0.1905123
0.0,0.097198755
0.0,0.46718422
1.0,0.8557991
0.0,0.016738027
0.0,0.07327989
1.0,0.040315658
0.0,0.007171929
1.0,0.9873799
0.0,0.056570023
0.0,0.106843024
1.0,0.7912282
0.0,0.02594474
1.0,0.9469823
0.0,0.027428478
0.0,0.004953712
0.0,0.031907707
1.0,0.94864666
0.0,0.043266863
1.0,0.73921955
1.0,0.6218314
0.0,0.9886881
0.0,0.00801906
1.0,0.0920921
0.0,0.027330369
0.0,0.09408265
0.0,0.73797494
0.0,0.021791786
0.0,0.9013014
0.0,0.89892256
1.0,0.39118886
0.0,0.047881007
1.0,0.9437988
0.0,0.032610655
0.0,0.029992193
0.0,0.038745075
1.0,0.9875942
1.0,0.9925015
0.0,0.5648586
0.0,0.89411664
0.0,0.050643176
0.0,0.14733377
0.0,0.071763456
0.0,0.030787587
0.0,0.011974692
1.0,0.24662215
1.0,0.69148827
0.0,0.045823574
0.0,0.97526246
1.0,0.87386584
0.0,0.027989179
1.0,0.9272808
0.0,0.017557383
0.0,0.075930744
1.0,0.95111644
0.0,0.4987546
1.0,0.90592235
1.0,0.8082156
1.0,0.97470003
0.0,0.41868424
0.0,0.035681903
0.0,0.6789261
1.0,0.97841555
0.0,0.25987786
1.0,0.967193
0.0,0.09340635
0.0,0.037795722
0.0,0.5728486
1.0,0.91567355
0.0,0.027432978
0.0,0.05333236
0.0,0.7928388
1.0,0.091603756
1.0,0.99509186
0.0,0.046990156
0.0,0.059315324
1.0,0.9821381
1.0,0.97366667
1.0,0.9059734
1.0,0.3789827
0.0,0.029687434
1.0,0.87934756
0.0,0.07763016
0.0,0.20533016
0.0,0.07472813
1.0,0.92557555
0.0,0.1883271
0.0,0.25963065
0.0,0.012734979
1.0,0.6103377
0.0,0.12994695
1.0,0.88984156
1.0,0.98910713
0.0,0.15236455
1.0,0.83001286
0.0,0.05882603
1.0,0.76085615
0.0,0.79949117
0.0,0.03933102
0.0,0.040729254
0.0,0.061226845
1.0,0.97812635
0.0,0.27552444
0.0,0.31279856
0.0,0.52871615
1.0,0.9988725
1.0,0.838199
0.0,0.042467833
1.0,0.9839808
1.0,0.98524785
1.0,0.9978837
1.0,0.48105344
0.0,0.48193544
1.0,0.807551
0.0,0.37703145
0.0,0.60026467
1.0,0.27843344
0.0,0.05569178
0.0,0.061852157
0.0,0.27450532
1.0,0.5397329
0.0,0.75596774
0.0,0.8558032
1.0,0.8740589
0.0,0.031667233
1.0,0.83622384
0.0,0.05593726
0.0,0.8077183
1.0,0.901577
1.0,0.98163724
0.0,0.029460013
1.0,0.86017966
1.0,0.9897876
0.0,0.6797105
0.0,0.6255224
1.0,0.8637347
0.0,0.11147967
1.0,0.997206
0.0,0.10953888
0.0,0.07488486
1.0,0.5907532
1.0,0.9440823
0.0,0.053848714
1.0,0.59005344
0.0,0.23000184
0.0,0.13525134
1.0,0.9771027
0.0,0.13260326
0.0,0.24466494
0.0,0.17360318
1.0,0.8228671
0.0,0.12499893
0.0,0.0855571
1.0,0.76366293
1.0,0.94386053
0.0,0.052887738
0.0,0.27887112
0.0,0.020725518
1.0,0.54146165
0.0,0.9284253
0.0,0.09562123
0.0,0.37417477
0.0,0.04560253
0.0,0.04221204
1.0,0.4997673
0.0,0.44923615
0.0,0.06437418
0.0,0.07261932
1.0,0.883196
1.0,0.9712491
1.0,0.71948475
0.0,0.7843343
0.0,0.0418365
0.0,0.968139
1.0,0.9724772
0.0,0.11792901
1.0,0.92263305
0.0,0.0074320436
1.0,0.99246216
0.0,0.24271679
1.0,0.97483444
0.0,0.9877876
1.0,0.7830559
0.0,0.144377
0.0,0.23195297
1.0,0.7834879
1.0,0.9809406
1.0,0.97768724
0.0,0.4044082
1.0,0.8902799
1.0,0.7686205
1.0,0.30055928
0.0,0.023444891
1.0,0.9114934
0.0,0.09700167
0.0,0.9683169
1.0,0.649767
0.0,0.5517983
0.0,0.07458225
0.0,0.10893798
0.0,0.11986309
0.0,0.7780753
1.0,0.9045334
1.0,0.930055
0.0,0.5240564
0.0,0.8340367
0.0,0.047983706
1.0,0.9830762
0.0,0.82693726
0.0,0.24297231
0.0,0.0454762
0.0,0.025150478
0.0,0.093743026
0.0,0.9279367
1.0,0.98177457
1.0,0.99873614
1.0,0.28621066
0.0,0.38771763
0.0,0.03855282
0.0,0.022377044
0.0,0.049894303
0.0,0.071647674
1.0,0.93117607
0.0,0.050506353
0.0,0.258561
1.0,0.99624145
0.0,0.22869995
1.0,0.3237449
1.0,0.9184914
0.0,0.31203508
0.0,0.00865984
0.0,0.264746
1.0,0.67817545
0.0,0.15152606
0.0,0.037180156
1.0,0.7879307
1.0,0.50733036
0.0,0.025850266
0.0,0.22628859
0.0,0.91779745
0.0,0.021229893
0.0,0.4002811
1.0,0.5889314
1.0,0.9440779
0.0,0.053085417
0.0,0.009465456
0.0,0.75256777
0.0,0.39288977
1.0,0.91960466
0.0,0.1805701
1.0,0.99474025
0.0,0.1647937
1.0,0.99830073
0.0,0.026390165
1.0,0.9457847
1.0,0.89553773
0.0,0.07648742
0.0,0.33725804
0.0,0.014665544
0.0,0.26494208
1.0,0.6294125
1.0,0.029884696
1.0,0.31719014
1.0,0.41903588
1.0,0.7118879
0.0,0.015342295
1.0,0.91831374
1.0,0.886456
0.0,0.049295336
0.0,0.10674024
0.0,0.043224365
1.0,0.4322311
1.0,0.99569046
0.0,0.97087383
0.0,0.02483198
1.0,0.9844557
0.0,0.17843229
0.0,0.18637478
1.0,0.9922417
0.0,0.8024588
0.0,0.22545984
1.0,0.39735943
1.0,0.8788415
0.0,0.035853624
0.0,0.12584552
0.0,0.07002473
1.0,0.9817506
1.0,0.98683167
0.0,0.7833838
0.0,0.6062903
1.0,0.97180855
1.0,0.7240596
0.0,0.021154344
0.0,0.27551338
0.0,0.18421274
1.0,0.14802518
1.0,0.5789802
0.0,0.07045016
0.0,0.46961308
1.0,0.8481456
0.0,0.029542029
0.0,0.056243062
0.0,0.15743706
0.0,0.86203283
1.0,0.8352217
0.0,0.8510114
0.0,0.056785494
0.0,0.9319701
0.0,0.48822036
0.0,0.31881514
1.0,0.84293675
1.0,0.8759882
0.0,0.22078395
1.0,0.9984165
0.0,0.41100267
1.0,0.9557063
1.0,0.07006669
1.0,0.9898117
0.0,0.012938857
0.0,0.82882196
0.0,0.08056429
1.0,0.9935223
0.0,0.06044969
1.0,0.9672369
0.0,0.120806634
0.0,0.028016537
1.0,0.25262737
1.0,0.9896656
0.0,0.030020922
1.0,0.8413234
0.0,0.04424435
1.0,0.9423281
0.0,0.025580555
1.0,0.8320238
1.0,0.14882281
0.0,0.27910846
0.0,0.051525712
0.0,0.05887404
0.0,0.075924665
0.0,0.050003916
0.0,0.90014505
0.0,0.1846013
0.0,0.05215159
0.0,0.995508
0.0,0.03781584
1.0,0.86631036
0.0,0.6273973
0.0,0.42556337
1.0,0.9910462
0.0,0.2379922
1.0,0.9970553
0.0,0.14087772
1.0,0.9894177
0.0,0.06776452
0.0,0.056770146
1.0,0.99838525
0.0,0.16812998
0.0,0.032390654
0.0,0.054157883
1.0,0.7955078
1.0,0.60806185
0.0,0.035150737
1.0,0.84636974
1.0,0.6150568
1.0,0.98583853
0.0,0.70226544
1.0,0.44871372
1.0,0.95632505
0.0,0.5656121
1.0,0.51265395
1.0,0.6899947
0.0,0.059758425
0.0,0.032867312
0.0,0.085662484
0.0,0.23577437
0.0,0.21486637
0.0,0.082347214
0.0,0.03653127
0.0,0.004601538
1.0,0.9223177
0.0,0.5503575
0.0,0.032048553
0.0,0.052326202
0.0,0.10672209
1.0,0.727041
0.0,0.017335027
1.0,0.9443874
0.0,0.78196514
0.0,0.055514216
1.0,0.7488577
1.0,0.90489864
0.0,0.72640795
0.0,0.10078013
1.0,0.9161891
0.0,0.97028774
0.0,0.17243883
1.0,0.8948699
1.0,0.3991885
1.0,0.7632238
1.0,0.76847243
0.0,0.20144156
0.0,0.0136912465
1.0,0.5700993
0.0,0.05499968
0.0,0.010682523
1.0,0.99115777
1.0,0.97259545
1.0,0.9815413
0.0,0.051432908
1.0,0.48029402
1.0,0.968992
1.0,0.97658074
0.0,0.029934287
0.0,0.01641798
1.0,0.5176724
0.0,0.35112506
0.0,0.6810071
0.0,0.12204847
1.0,0.903545
0.0,0.047337115
0.0,0.05845344
0.0,0.27300543
0.0,0.7552359
0.0,0.22529313
0.0,0.027187467
0.0,0.7922127
1.0,0.9991027
0.0,0.13364202
1.0,0.93948025
0.0,0.053858668
0.0,0.6313843
0.0,0.94481534
1.0,0.057004422
0.0,0.8047917
0.0,0.094353706
0.0,0.022487998
0.0,0.43613055
0.0,0.08799651
1.0,0.91696537
0.0,0.46169713
1.0,0.8596331
0.0,0.06729671
0.0,0.15292242
0.0,0.085589945
0.0,0.7719356
0.0,0.1402561
0.0,0.60785407
0.0,0.35530257
0.0,0.1609568
1.0,0.8108543
0.0,0.111921966
1.0,0.57034725
1.0,0.9045415
0.0,0.3172143
0.0,0.07610667
1.0,0.9487552
0.0,0.06909111
1.0,0.58886945
1.0,0.92842627
0.0,0.053206533
1.0,0.55303675
0.0,0.019706309
1.0,0.9454108
0.0,0.15720943
0.0,0.23336196
1.0,0.6686589
0.0,0.8144838
0.0,0.012266517
0.0,0.70128083
1.0,0.66294163
1.0,0.9867277
0.0,0.015664756
0.0,0.20207977
1.0,0.62065965
0.0,0.8349235
1.0,0.71052223
0.0,0.47735974
1.0,0.63423294
0.0,0.94964063
0.0,0.15268475
0.0,0.9066638
0.0,0.13849857
0.0,0.16819674
1.0,0.07737559
0.0,0.30515182
1.0,0.92720246
0.0,0.04315865
1.0,0.39948145
0.0,0.020498127
0.0,0.024227887
0.0,0.046343744
0.0,0.06222132
0.0,0.3188792
0.0,0.08370611
0.0,0.42882988
0.0,0.26482224
1.0,0.823128
0.0,0.03828582
0.0,0.17745736
1.0,0.7214716
1.0,0.6437141
0.0,0.078614235
0.0,0.05239427
1.0,0.7485504
0.0,0.63816446
1.0,0.07990974
1.0,0.957221
1.0,0.87608457
1.0,0.8538669
0.0,0.0640381
0.0,0.02274865
1.0,0.717113
0.0,0.33709008
1.0,0.9928217
1.0,0.9348209
1.0,0.9875063
0.0,0.07657939
0.0,0.038666904
0.0,0.31622204
0.0,0.03251472
1.0,0.8973017
1.0,0.90053934
0.0,0.51496476
0.0,0.11696124
0.0,0.22003913
0.0,0.14522997
1.0,0.1547417
1.0,0.79417723
1.0,0.84501576
0.0,0.71592003
1.0,0.4229421
1.0,0.9332721
1.0,0.9157505
1.0,0.9794071
0.0,0.6893448
0.0,0.68617535
0.0,0.6871773
0.0,0.095149845
1.0,0.8775723
1.0,0.99665326
1.0,0.7876879
1.0,0.87638557
0.0,0.18510532
0.0,0.02749741
0.0,0.19047913
0.0,0.26586536
1.0,0.92783576
0.0,0.052328914
0.0,0.015873909
0.0,0.21203053
0.0,0.03357935
1.0,0.88630736
1.0,0.91216874
1.0,0.9740189
0.0,0.27796507
0.0,0.6159247
1.0,0.82737076
1.0,0.997687
0.0,0.16525808
1.0,0.9707056
0.0,0.79413915
1.0,0.9955342
1.0,0.99459016
1.0,0.4825877
0.0,0.04171121
0.0,0.4203724
1.0,0.9849931
0.0,0.13151255
0.0,0.4925952
1.0,0.9821702
0.0,0.06584963
0.0,0.16160089
0.0,0.11063182
1.0,0.28940278
0.0,0.63984036
0.0,0.6971319
1.0,0.79361147
0.0,0.5882779
0.0,0.10492858
0.0,0.2869902
0.0,0.14532834
1.0,0.60347104
0.0,0.80938053
0.0,0.035209715
0.0,0.013816923
1.0,0.8282902
0.0,0.060167074
0.0,0.009437412
1.0,0.48023668
0.0,0.30189177
0.0,0.10459739
1.0,0.991562
1.0,0.6752498
0.0,0.01714921
1.0,0.7348374
1.0,0.30443823
0.0,0.37776256
0.0,0.7439497
1.0,0.43423808
1.0,0.7050961
0.0,0.030289978
1.0,0.41604
1.0,0.5015548
1.0,0.9246739
0.0,0.27811205
1.0,0.20833209
0.0,0.0895496
1.0,0.8448483
0.0,0.039068133
1.0,0.98004484
0.0,0.6841474
0.0,0.23626271
1.0,0.6880518
0.0,0.17321831
1.0,0.96406347
1.0,0.90518504
1.0,0.986107
1.0,0.96372867
0.0,0.20382541
1.0,0.37188908
0.0,0.68153095
0.0,0.025471747
0.0,0.15159294
0.0,0.1412358
1.0,0.97174996
0.0,0.035491735
0.0,0.6680441
0.0,0.8201034
0.0,0.66341287
1.0,0.9313899
0.0,0.57438487
0.0,0.016458005
0.0,0.13272646
0.0,0.8258042
1.0,0.8500459
0.0,0.04484883
1.0,0.84121203
1.0,0.9917079
0.0,0.69373244
0.0,0.017289758
0.0,0.071683764
1.0,0.90397775
0.0,0.033090204
1.0,0.036514074
1.0,0.8971753
1.0,0.9602314
0.0,0.7898762
0.0,0.40806592
0.0,0.019842297
0.0,0.8622949
0.0,0.056886584
0.0,0.048799723
0.0,0.31079346
1.0,0.776939
0.0,0.057235986
1.0,0.9086796
0.0,0.41439056
1.0,0.81477535
1.0,0.9677858
1.0,0.76420766
1.0,0.6729134
0.0,0.3661755
0.0,0.8677356
0.0,0.30570382
1.0,0.6664259
1.0,0.9573462
0.0,0.03428039
1.0,0.24038523
1.0,0.85422206
1.0,0.9783349
1.0,0.8215946
0.0,0.8464741
0.0,0.12715939
1.0,0.8951881
0.0,0.057400376
0.0,0.8678539
1.0,0.9845979
0.0,0.06273255
0.0,0.35996237
0.0,0.31132197
0.0,0.017184287
0.0,0.10297695
1.0,0.9966502
0.0,0.021464467
0.0,0.74912864
1.0,0.3655213
0.0,0.067124546
1.0,0.96689725
0.0,0.40438354
0.0,0.044315368
0.0,0.03090939
0.0,0.41186172
1.0,0.8767178
0.0,0.1743716
0.0,0.40153784
1.0,0.9134964
1.0,0.94581145
0.0,0.07946473
0.0,0.029234767
0.0,0.041383147
1.0,0.6602733
0.0,0.017918348
1.0,0.80299664
1.0,0.96801937
1.0,0.73095953
1.0,0.91581583
1.0,0.9427785
0.0,0.9655376
1.0,0.9433112
1.0,0.9809747
0.0,0.04932043
0.0,0.030824035
0.0,0.0924162
1.0,0.9114027
0.0,0.03284824
0.0,0.029442728
0.0,0.20011929
1.0,0.99706304
0.0,0.07494575
1.0,0.9202236
0.0,0.39732143
0.0,0.5172937
0.0,0.088858366
0.0,0.089660764
0.0,0.10544258
1.0,0.5844187
1.0,0.96976566
0.0,0.12758476
0.0,0.2076222
1.0,0.8614918
0.0,0.01385051
1.0,0.9882844
0.0,0.13993475
0.0,0.061432004
0.0,0.15383604
1.0,0.9433053
1.0,0.6774355
0.0,0.08083445
0.0,0.3042454
1.0,0.5486283
0.0,0.21471769
0.0,0.12242594
1.0,0.86760855
1.0,0.9932954
1.0,0.9093896
0.0,0.11113882
1.0,0.84638035
1.0,0.84980106
0.0,0.36047262
0.0,0.10040191
0.0,0.03810942
0.0,0.06788805
0.0,0.012464076
0.0,0.23483232
1.0,0.7633735
1.0,0.95729685
0.0,0.26118398
0.0,0.045029193
0.0,0.24213913
0.0,0.1921868
1.0,0.9451206
0.0,0.92065483
0.0,0.043931127
0.0,0.8358402
0.0,0.94277716
1.0,0.21335831
0.0,0.018448383
0.0,0.6685563
1.0,0.9917368
0.0,0.18283013
0.0,0.62413454
0.0,0.1243974
0.0,0.013073206
1.0,0.7467867
1.0,0.9919406
0.0,0.29970688
0.0,0.9407679
0.0,0.011051118
0.0,0.93070996
0.0,0.9663205
0.0,0.36972982
0.0,0.0829317
0.0,0.1287182
1.0,0.16492808
0.0,0.05672592
1.0,0.5857865
0.0,0.8483472
0.0,0.020481348
0.0,0.3169287
0.0,0.27065223
0.0,0.29928625
0.0,0.04159853
1.0,0.99222195
0.0,0.05060813
0.0,0.6088523
0.0,0.16097173
1.0,0.69082665
1.0,0.78367424
0.0,0.056314588
0.0,0.5809338
0.0,0.03141743
1.0,0.99532545
1.0,0.77207017
1.0,0.9938612
0.0,0.16316852
1.0,0.994455
0.0,0.08279216
0.0,0.055192202
0.0,0.03372395
1.0,0.2298193
0.0,0.010463238
0.0,0.085051954
1.0,0.9966192
1.0,0.12188426
0.0,0.16353688
1.0,0.9986217
0.0,0.090320945
1.0,0.8814824
0.0,0.17290968
1.0,0.9367317
0.0,0.97127837
0.0,0.49154565
1.0,0.8840033
0.0,0.024319023
0.0,0.15564275
0.0,0.13654152
0.0,0.034771174
0.0,0.075406045
0.0,0.041075945
1.0,0.95053124
1.0,0.8349152
0.0,0.3389157
0.0,0.06492242
0.0,0.0423114
0.0,0.8059428
1.0,0.98767054
0.0,0.07123366
0.0,0.21282572
0.0,0.83002794
0.0,0.3363347
0.0,0.008253694
1.0,0.9848125
1.0,0.9806686
0.0,0.021866322
0.0,0.06013435
0.0,0.07107371
0.0,0.08375734
1.0,0.6620966
0.0,0.82130873
0.0,0.1577883
0.0,0.034416795
1.0,0.6482698
0.0,0.028844833
0.0,0.20465308
1.0,0.9939916
0.0,0.03643036
0.0,0.3734856
1.0,0.78132844
1.0,0.85163885
1.0,0.93220764
0.0,0.026092649
0.0,0.072864294
0.0,0.2739045
0.0,0.018618166
1.0,0.9424412
0.0,0.38042375
1.0,0.68998605
0.0,0.010352433
0.0,0.027917624
0.0,0.30843377
1.0,0.98858297
0.0,0.6484247
0.0,0.17038646
0.0,0.12940899
1.0,0.7213046
0.0,0.095253885
0.0,0.13560656
0.0,0.0130933225
1.0,0.49370548
0.0,0.0636929
0.0,0.014247328
1.0,0.7023146
1.0,0.9899857
0.0,0.012579471
1.0,0.9940413
1.0,0.98299646
1.0,0.75606644
1.0,0.92888546
0.0,0.06047988
1.0,0.96737766
0.0,0.9964611
1.0,0.08211571
0.0,0.08360374
1.0,0.09431225
0.0,0.4584295
1.0,0.28222525
1.0,0.99831337
1.0,0.5256616
0.0,0.06517887
0.0,0.74498165
0.0,0.8343451
0.0,0.033685386
0.0,0.054487318
0.0,0.3685416
1.0,0.9975296
1.0,0.9547878
1.0,0.825062
0.0,0.039117962
0.0,0.038701504
0.0,0.18593064
0.0,0.21013439
1.0,0.10743865
0.0,0.098573714
0.0,0.03156784
0.0,0.082627624
0.0,0.7823164
1.0,0.84692204
0.0,0.7725599
0.0,0.8186994
0.0,0.47958446
1.0,0.7238347
0.0,0.10388169
0.0,0.35911494
1.0,0.2870182
0.0,0.80297744
1.0,0.8171016
0.0,0.071484685
0.0,0.37416598
0.0,0.1003072
0.0,0.06542322
0.0,0.005969852
1.0,0.9187767
0.0,0.2931418
0.0,0.32472095
1.0,0.9221816
1.0,0.7848431
0.0,0.25289303
1.0,0.056272954
0.0,0.6258162
0.0,0.0355424
1.0,0.9931665
0.0,0.021680564
0.0,0.53988194
0.0,0.05698672
0.0,0.06701049
1.0,0.97678757
1.0,0.94952244
1.0,0.9037406
1.0,0.99141675
0.0,0.073617965
0.0,0.02853942
0.0,0.178664
1.0,0.92393315
0.0,0.24542266
0.0,0.06996474
1.0,0.9069034
1.0,0.50921136
1.0,0.965577
0.0,0.021180898
0.0,0.47528723
0.0,0.48531464
1.0,0.96683544
1.0,0.9062332
1.0,0.95544446
0.0,0.25188822
0.0,0.008149773
0.0,0.038110524
1.0,0.8587874
1.0,0.28500527
0.0,0.25831905
1.0,0.91833866
1.0,0.7046281
1.0,0.97419536
1.0,0.66687155
0.0,0.21680295
0.0,0.14865917
1.0,0.6872781
1.0,0.9412851
0.0,0.0846374
0.0,0.09480935
0.0,0.021931559
0.0,0.045538723
0.0,0.025151849
0.0,0.711399
0.0,0.037120014
0.0,0.1502175
1.0,0.6354188
1.0,0.8680936
0.0,0.7681432
1.0,0.99404085
0.0,0.011321723
1.0,0.83796334
0.0,0.25333738
1.0,0.9553574
0.0,0.010573804
0.0,0.058113128
0.0,0.04921621
0.0,0.8151951
1.0,0.3142861
1.0,0.76448977
0.0,0.053504378
0.0,0.32653087
1.0,0.57885206
0.0,0.07665774
1.0,0.92751086
1.0,0.58412063
0.0,0.058502793
0.0,0.1869891
0.0,0.30184764
0.0,0.9989668
0.0,0.9302288
0.0,0.03068623
0.0,0.7455003
0.0,0.060092658
1.0,0.9243015
1.0,0.9942905
1.0,0.7718842
1.0,0.9036477
0.0,0.03160423
0.0,0.62256783
1.0,0.72275126
0.0,0.8236974
0.0,0.07829869
0.0,0.46924198
1.0,0.47994494
1.0,0.28436178
0.0,0.0976685
1.0,0.979974
1.0,0.95691156
0.0,0.0069686174
0.0,0.082256794
1.0,0.97701645
0.0,0.015452862
0.0,0.9074403
0.0,0.010359973
0.0,0.22220907
1.0,0.07621339
0.0,0.081866235
0.0,0.13890156
0.0,0.57520413
1.0,0.2216697
0.0,0.043575734
0.0,0.07697648
1.0,0.98640084
0.0,0.041896433
0.0,0.3421917
0.0,0.90658355
1.0,0.99701977
1.0,0.22599944
1.0,0.4594583
0.0,0.064128965
0.0,0.62923676
1.0,0.33920965
0.0,0.032356977
0.0,0.056166798
0.0,0.52992356
0.0,0.154241
1.0,0.730181
0.0,0.13756686
0.0,0.83441025
1.0,0.8178297
0.0,0.06712833
0.0,0.023957163
0.0,0.22305235
0.0,0.18233207
1.0,0.88738483
1.0,0.97408795
0.0,0.8786856
1.0,0.89273465
0.0,0.030928403
0.0,0.11457577
0.0,0.020823002
1.0,0.67930317
0.0,0.09088305
0.0,0.021349907
1.0,0.7938349
1.0,0.6617182
1.0,0.9590674
0.0,0.6572453
1.0,0.90061283
1.0,0.9829885
0.0,0.011793911
0.0,0.9087089
0.0,0.9466691
1.0,0.43082374
0.0,0.14611608
0.0,0.49720353
0.0,0.036412
0.0,0.05441451
0.0,0.048113108
0.0,0.15559763
0.0,0.50585693
0.0,0.9054843
0.0,0.63050985
1.0,0.78351974
1.0,0.91175437
1.0,0.8447108
0.0,0.04916373
1.0,0.9952973
0.0,0.59751934
0.0,0.048060536
1.0,0.95967937
0.0,0.327676
0.0,0.03424242
0.0,0.3987788
0.0,0.08370012
0.0,0.21256605
0.0,0.697446
0.0,0.10786885
1.0,0.87449497
0.0,0.016869456
0.0,0.020825356
0.0,0.023155719
1.0,0.9793464
1.0,0.9627347
0.0,0.8088939
1.0,0.6804889
0.0,0.06041497
1.0,0.31643572
0.0,0.068802804
0.0,0.04422742
1.0,0.05638531
0.0,0.0170905
0.0,0.04721871
1.0,0.19174072
0.0,0.1683546
1.0,0.044060647
0.0,0.4166811
0.0,0.02372551
1.0,0.9601023
0.0,0.017156363
0.0,0.2521963
0.0,0.83597565
0.0,0.016654372
0.0,0.008213013
1.0,0.9786998
0.0,0.030270964
0.0,0.17190096
0.0,0.07241911
1.0,0.5684118
0.0,0.9188614
0.0,0.13627848
1.0,0.67322004
0.0,0.0065048933
0.0,0.03448984
0.0,0.15332446
0.0,0.10442823
1.0,0.89142454
0.0,0.107363105
0.0,0.014217585
0.0,0.030350864
0.0,0.029019386
0.0,0.8757635
1.0,0.86714464
1.0,0.7674438
0.0,0.019076645
1.0,0.9581485
0.0,0.11521149
0.0,0.12150216
0.0,0.026240796
0.0,0.34098056
1.0,0.98796225
0.0,0.060635388
0.0,0.03277999
0.0,0.6450688
0.0,0.25784844
0.0,0.16678244
0.0,0.0282889
0.0,0.014998913
0.0,0.07113576
0.0,0.027592659
0.0,0.996175
1.0,0.759372
0.0,0.05673775
0.0,0.2762689
0.0,0.04557097
1.0,0.9881785
0.0,0.58515966
1.0,0.88330114
0.0,0.13712859
0.0,0.16970903
0.0,0.2798521
1.0,0.971087
1.0,0.998789
1.0,0.78416735
1.0,0.56148803
0.0,0.15801895
0.0,0.05887443
1.0,0.992329
1.0,0.96221894
0.0,0.07223761
0.0,0.26114058
0.0,0.92259663
1.0,0.9296882
0.0,0.07973981
0.0,0.0415664
0.0,0.0960336
0.0,0.061990082
1.0,0.5540835
1.0,0.9743976
0.0,0.0060093403
1.0,0.5196764
0.0,0.030143678
0.0,0.053737372
0.0,0.023818433
0.0,0.18356726
0.0,0.11533335
1.0,0.91671073
0.0,0.004470527
0.0,0.22408089
0.0,0.8150235
0.0,0.21514794
0.0,0.8593154
1.0,0.9720064
0.0,0.13796908
0.0,0.08693701
1.0,0.9530357
0.0,0.83875805
0.0,0.020373851
1.0,0.95274234
1.0,0.81954724
0.0,0.10463613
1.0,0.6272746
0.0,0.64733076
1.0,0.93420666
1.0,0.9997418
0.0,0.40050358
1.0,0.9757147
0.0,0.08699858
0.0,0.054404885
0.0,0.61834216
0.0,0.59404224
0.0,0.055302948
0.0,0.037969798
0.0,0.1506077
1.0,0.9394729
0.0,0.31864056
0.0,0.021072537
0.0,0.4678539
0.0,0.37649888
1.0,0.9547045
0.0,0.13334748
0.0,0.47786695
0.0,0.028135777
0.0,0.09188834
0.0,0.03327939
0.0,0.98568475
1.0,0.25734237
0.0,0.11554074
1.0,0.82062346
0.0,0.035082757
1.0,0.41424954
0.0,0.075041026
0.0,0.39825603
0.0,0.06765953
0.0,0.86717975
0.0,0.5700517
0.0,0.20206922
0.0,0.4263191
0.0,0.01328668
0.0,0.9265126
0.0,0.93798184
1.0,0.9304605
0.0,0.9761192
0.0,0.034645975
1.0,0.99010366
0.0,0.23224133
0.0,0.018530548
0.0,0.003870964
1.0,0.95471203
1.0,0.37425387
1.0,0.72931933
1.0,0.95938635
0.0,0.5286887
1.0,0.683591
0.0,0.36937493
1.0,0.6087591
0.0,0.057545274
0.0,0.95233786
0.0,0.052164763
0.0,0.18022513
0.0,0.11357799
1.0,0.981717
1.0,0.61246514
0.0,0.9972431
1.0,0.83180237
0.0,0.022481292
1.0,0.98989934
0.0,0.03268358
0.0,0.030078977
0.0,0.982659
0.0,0.468296
0.0,0.08650294
0.0,0.021301836
1.0,0.99764013
0.0,0.009843141
1.0,0.9770527
1.0,0.9184185
1.0,0.84091437
0.0,0.034802765
0.0,0.9772812
0.0,0.055252284
0.0,0.30140102
0.0,0.59633416
1.0,0.84916705
0.0,0.5148999
0.0,0.076839
0.0,0.18694991
0.0,0.030290991
0.0,0.024432778
0.0,0.26824424
0.0,0.67815095
0.0,0.0440678
0.0,0.6479707
1.0,0.9981041
0.0,0.3223615
0.0,0.0876798
0.0,0.029108971
0.0,0.02360186
1.0,0.92009366
0.0,0.77255213
1.0,0.995529
0.0,0.8963836
1.0,0.99538106
1.0,0.89620256
0.0,0.0143458545
0.0,0.18277222
0.0,0.30541888
0.0,0.2598809
0.0,0.031009823
0.0,0.87364686
1.0,0.9877117
0.0,0.019715726
1.0,0.6730248
0.0,0.84899986
0.0,0.007947981
0.0,0.07337269
1.0,0.99372494
0.0,0.01812926
1.0,0.99635446
0.0,0.06399986
0.0,0.0633966
0.0,0.77149844
0.0,0.6492734
0.0,0.58444154
0.0,0.066370934
1.0,0.9443914
1.0,0.8934733
0.0,0.20664155
0.0,0.05430171
0.0,0.040105313
1.0,0.9293574
0.0,0.08396757
1.0,0.38072458
0.0,0.3495468
1.0,0.9651354
1.0,0.85752106
0.0,0.1851846
0.0,0.07809287
0.0,0.06881726
1.0,0.9326829
0.0,0.5816315
0.0,0.40901324
1.0,0.9652636
1.0,0.92412746
0.0,0.38408548
0.0,0.09558973
1.0,0.9170517
0.0,0.06009367
0.0,0.05400926
0.0,0.03339064
1.0,0.55497503
0.0,0.046281576
0.0,0.12509742
1.0,0.87318754
1.0,0.8359792
0.0,0.4388765
0.0,0.056767374
0.0,0.057947755
1.0,0.9632125
1.0,0.9961955
1.0,0.74207985
0.0,0.06343478
0.0,0.06953642
0.0,0.08704272
0.0,0.018650115
1.0,0.95961386
0.0,0.016362548
0.0,0.86488515
0.0,0.11283782
0.0,0.79638284
0.0,0.24919143
0.0,0.023909956
0.0,0.36365753
0.0,0.10836232
0.0,0.06868374
1.0,0.41552418
1.0,0.91426647
0.0,0.5628563
0.0,0.43802696
1.0,0.106517136
0.0,0.15435997
1.0,0.9119564
0.0,0.13790086
0.0,0.06491569
1.0,0.9359064
1.0,0.996729
0.0,0.91593647
0.0,0.6210315
1.0,0.42164123
0.0,0.37706023
0.0,0.46844122
0.0,0.9994246
0.0,0.027445376
1.0,0.95453227
1.0,0.93513215
0.0,0.40261045
0.0,0.012928933
0.0,0.12256941
1.0,0.937433
0.0,0.09413287
1.0,0.803947
0.0,0.25060496
1.0,0.6553216
1.0,0.7098459
0.0,0.24065787
1.0,0.3479584
0.0,0.5153383
0.0,0.008812219
1.0,0.9970845
1.0,0.46489412
0.0,0.063248515
0.0,0.21091625
0.0,0.69408816
0.0,0.6573595
1.0,0.9073428
0.0,0.17347896
0.0,0.23182163
0.0,0.040831536
1.0,0.9421344
0.0,0.049527735
0.0,0.9180832
1.0,0.96045625
0.0,0.022826374
0.0,0.9444086
0.0,0.35941422
1.0,0.45629114
0.0,0.2828412
1.0,0.95553017
0.0,0.025028884
1.0,0.15556687
1.0,0.67577356
1.0,0.9292923
1.0,0.9474845
0.0,0.0076236427
1.0,0.92886066
0.0,0.11434415
1.0,0.99337083
1.0,0.731427
0.0,0.80064964
1.0,0.90737706
0.0,0.016140759
1.0,0.8437829
1.0,0.4585248
0.0,0.07343033
0.0,0.97973984
1.0,0.9991025
1.0,0.8014062
0.0,0.17364144
0.0,0.5642705
0.0,0.006824672
0.0,0.040431917
0.0,0.723779
1.0,0.86690485
1.0,0.984583
1.0,0.4822473
1.0,0.8562911
1.0,0.9960773
1.0,0.99112356
0.0,0.7030293
1.0,0.9734053
0.0,0.05014211
0.0,0.073910445
0.0,0.30677855
1.0,0.24477583
1.0,0.39873424
0.0,0.22780824
0.0,0.07929966
0.0,0.8945263
1.0,0.73813456
1.0,0.5605351
1.0,0.9262013
0.0,0.070429444
0.0,0.99095076
0.0,0.31247473
0.0,0.25079584
0.0,0.13792771
0.0,0.042467743
1.0,0.9903239
1.0,0.93811595
0.0,0.04278359
0.0,0.21866971
0.0,0.90600544
0.0,0.27492028
0.0,0.8448654
0.0,0.45047095
0.0,0.2760243
1.0,0.86079705
0.0,0.12461206
1.0,0.8192151
0.0,0.049351394
0.0,0.5974067
0.0,0.062442064
0.0,0.5048026
1.0,0.95401835
1.0,0.84725726
1.0,0.78730893
1.0,0.8056437
0.0,0.025421262
0.0,0.32486486
1.0,0.6999378
1.0,0.81591207
0.0,0.57482165
0.0,0.032191634
0.0,0.37859958
1.0,0.51810193
0.0,0.040148318
1.0,0.17358044
0.0,0.08556548
0.0,0.2107375
0.0,0.038571805
0.0,0.08101359
0.0,0.57694465
0.0,0.080301285
0.0,0.32435793
1.0,0.98918885
0.0,0.04068321
0.0,0.8168143
0.0,0.05099708
1.0,0.33052403
0.0,0.032531142
1.0,0.9909427
0.0,0.0059268773
0.0,0.086913586
0.0,0.017920107
0.0,0.54773116
0.0,0.061469346
0.0,0.02795446
1.0,0.9061054
0.0,0.58706284
1.0,0.861291
1.0,0.902189
0.0,0.09604302
0.0,0.097127676
1.0,0.9829923
1.0,0.9993839
0.0,0.41387588
0.0,0.2777638
0.0,0.07088795
0.0,0.06453067
0.0,0.06002313
1.0,0.87497795
0.0,0.09798628
1.0,0.66192234
1.0,0.35061353
0.0,0.9093933
0.0,0.2318896
0.0,0.027100682
0.0,0.055019975
0.0,0.7686614
0.0,0.031136304
0.0,0.056983322
0.0,0.9033744
1.0,0.78320134
1.0,0.8697741
0.0,0.04301974
0.0,0.0543254
0.0,0.7982366
1.0,0.9294847
0.0,0.057730675
0.0,0.05072084
1.0,0.7163314
1.0,0.9951289
0.0,0.47420335
0.0,0.10566306
0.0,0.049832612
1.0,0.9906833
0.0,0.08340368
1.0,0.9904128
1.0,0.60056716
0.0,0.113517344
0.0,0.560455
0.0,0.09872013
1.0,0.71726507
0.0,0.111343354
1.0,0.8985355
0.0,0.032539368
1.0,0.8948171
0.0,0.20406577
0.0,0.18896058
0.0,0.031716526
1.0,0.9990158
0.0,0.66172653
1.0,0.98761106
1.0,0.9186257
0.0,0.012767047
1.0,0.42493638
0.0,0.11507863
1.0,0.41109702
0.0,0.011652648
1.0,0.9664873
0.0,0.017701
1.0,0.9152754
1.0,0.98960984
1.0,0.9978126
0.0,0.039197624
1.0,0.9673076
1.0,0.7238289
0.0,0.03140694
1.0,0.95828736
1.0,0.69682944
1.0,0.5680704
0.0,0.3108806
0.0,0.09525301
0.0,0.9662184
0.0,0.24482119
