0.0,0.8360815
0.0,0.90448797
1.0,0.45156777
0.0,0.04180619
1.0,0.6732625
0.0,0.017123312
1.0,0.97889256
1.0,0.9646
1.0,0.80445147
0.0,0.014983326
0.0,0.23139453
1.0,0.95244324
0.0,0.0068993866
0.0,0.1125454
0.0,0.014030993
0.0,0.007806182
1.0,0.9213473
0.0,0.032007545
0.0,0.022795975
1.0,0.8489251
1.0,0.7196746
0.0,0.0019729137
1.0,0.9955427
0.0,0.051807195
0.0,0.019491464
1.0,0.9829341
0.0,0.11223149
1.0,0.94167984
0.0,0.033723235
1.0,0.9211322
0.0,0.0076378584
0.0,0.54907525
1.0,0.98056865
1.0,0.993873
1.0,0.9594439
1.0,0.97138
1.0,0.6405151
0.0,0.016846657
1.0,0.9546932
1.0,0.15227604
1.0,0.9500354
1.0,0.9650186
0.0,0.009185016
1.0,0.94592917
1.0,0.99272615
0.0,0.018627316
0.0,0.006948918
0.0,0.02142328
0.0,0.015083224
1.0,0.9941468
0.0,0.491239
1.0,0.929581
1.0,0.99661183
1.0,0.9460684
0.0,0.015732437
0.0,0.02070731
0.0,0.35273853
1.0,0.035041094
1.0,0.97744703
1.0,0.44912466
1.0,0.9931755
0.0,0.7903465
1.0,0.9967638
1.0,0.8382275
1.0,0.9667218
0.0,0.6661001
0.0,0.45022535
1.0,0.91697633
0.0,0.021731377
1.0,0.98548853
0.0,0.25031483
1.0,0.96583545
0.0,0.0035618544
0.0,0.027492464
1.0,0.3608866
0.0,0.4296897
0.0,0.0072939396
0.0,0.2235387
0.0,0.05334741
1.0,0.9927726
0.0,0.012439519
1.0,0.9976969
1.0,0.99668896
1.0,0.9998771
1.0,0.99576676
1.0,0.92913795
1.0,0.9792446
0.0,0.1550327
0.0,0.035636336
1.0,0.92849797
0.0,0.009266913
1.0,0.27949774
0.0,0.022088736
0.0,0.9259292
0.0,0.049674004
1.0,0.9752228
0.0,0.007348269
0.0,0.018859982
1.0,0.3838789
1.0,0.99894524
0.0,0.005599469
0.0,0.07313356
1.0,0.029552758
0.0,0.3196043
0.0,0.09782019
1.0,0.9682293
1.0,0.09823403
0.0,0.01402989
1.0,0.006936252
1.0,0.9819536
1.0,0.98735344
0.0,0.03223583
1.0,0.14802536
0.0,0.09479946
0.0,0.024882376
1.0,0.6421218
0.0,0.028627753
1.0,0.8479171
1.0,0.50565946
1.0,0.9760023
0.0,0.21052742
1.0,0.99086165
0.0,0.98058146
0.0,0.024720758
0.0,0.56407416
1.0,0.7507961
0.0,0.0013553798
0.0,0.14927515
1.0,0.98883784
1.0,0.90657604
1.0,0.9970026
0.0,0.03508392
0.0,0.014042288
1.0,0.7896069
1.0,0.9972104
0.0,0.94563496
0.0,0.008001596
0.0,0.03224349
0.0,0.09050751
0.0,0.045787662
1.0,0.9239422
0.0,0.29421473
1.0,0.28786904
0.0,0.0065582097
0.0,0.017335892
0.0,0.0012746751
1.0,0.83323014
0.0,0.024587423
0.0,0.029778153
0.0,0.03541684
0.0,0.123402715
0.0,0.03579715
0.0,0.006896585
0.0,0.9817332
0.0,0.101310104
1.0,0.97716343
0.0,0.0058425963
0.0,0.012173593
1.0,0.9992536
0.0,0.11495271
0.0,0.9036019
0.0,0.6511916
0.0,0.021828234
0.0,0.23235416
1.0,0.9988729
0.0,0.30928218
1.0,0.84181756
0.0,0.07263738
0.0,0.013787389
1.0,0.84448266
0.0,0.93776524
0.0,0.9816952
0.0,0.9665015
0.0,0.0035656989
1.0,0.75557566
1.0,0.94424987
0.0,0.033079535
1.0,0.89787686
0.0,0.6091104
1.0,0.93088686
1.0,0.9659209
1.0,0.9582667
1.0,0.9707891
1.0,0.98884714
0.0,0.777395
0.0,0.0030740798
0.0,0.022228897
0.0,0.97722334
0.0,0.0963819
0.0,0.025885373
1.0,0.7688321
0.0,0.0034196675
0.0,0.86864823
1.0,0.9294232
1.0,0.80758834
1.0,0.9991913
0.0,0.014584452
0.0,0.7392612
0.0,0.009721905
1.0,0.03128311
0.0,0.4524179
0.0,0.89028037
0.0,0.80285645
0.0,0.36378026
0.0,0.031148493
1.0,0.1272065
0.0,0.038504034
1.0,0.28491053
0.0,0.002267778
0.0,0.14390364
0.0,0.008536309
1.0,0.9834386
0.0,0.14284399
0.0,0.79259455
0.0,0.013873935
0.0,0.0037111342
0.0,0.96999824
0.0,0.13322791
1.0,0.9978461
0.0,0.010876954
0.0,0.0052053332
1.0,0.88823867
1.0,0.9944674
0.0,0.687077
0.0,0.059571147
0.0,0.00415045
0.0,0.037638396
0.0,0.019423336
0.0,0.040106624
1.0,0.9884858
0.0,0.07290512
1.0,0.31753182
0.0,0.007892787
1.0,0.7318068
1.0,0.4307769
0.0,0.0126077235
0.0,0.020428449
0.0,0.035686195
1.0,0.98370516
1.0,0.7279346
1.0,0.986955
1.0,0.7113348
0.0,0.0063795745
0.0,0.7243429
1.0,0.9974903
0.0,0.90341735
0.0,0.048367083
0.0,0.007855803
0.0,0.8565414
0.0,0.011100173
0.0,0.010694325
0.0,0.04013422
1.0,0.91519284
0.0,0.012769669
0.0,0.09533051
0.0,0.014376521
1.0,0.9371389
1.0,0.9584789
0.0,0.03959155
0.0,0.021575212
0.0,0.016780674
1.0,0.985242
0.0,0.0067509413
0.0,0.0072947145
0.0,0.021275818
0.0,0.011418581
1.0,0.99512625
1.0,0.5646029
1.0,0.99662906
0.0,0.021115929
1.0,0.9254961
0.0,0.08265439
0.0,0.008854747
0.0,0.18972102
1.0,0.9697375
1.0,0.87483734
0.0,0.008533657
0.0,0.021991432
1.0,0.96114075
1.0,0.3064582
0.0,0.16766977
1.0,0.5259968
1.0,0.9997585
0.0,0.9696948
0.0,0.25694656
0.0,0.12735191
0.0,0.031980306
0.0,0.3624186
0.0,0.0489676
1.0,0.99747753
0.0,0.002916783
0.0,0.010238409
1.0,0.99908084
0.0,0.037998646
1.0,0.97891736
1.0,0.03960073
1.0,0.95579433
1.0,0.85051394
1.0,0.9621056
0.0,0.024557203
1.0,0.9690439
0.0,0.92213696
1.0,0.99804866
0.0,0.8553382
0.0,0.19198504
0.0,0.022840947
0.0,0.6535581
0.0,0.68342966
1.0,0.9779645
0.0,0.9912022
1.0,0.8698311
0.0,0.92362833
1.0,0.902372
1.0,0.9990319
0.0,0.018708438
0.0,0.005645275
0.0,0.0042226315
1.0,0.9496928
1.0,0.44754338
0.0,0.0022713542
0.0,0.003584355
0.0,0.0070315003
0.0,0.03309089
1.0,0.9895632
1.0,0.7830782
0.0,0.018765599
0.0,0.3168239
1.0,0.9260855
1.0,0.9837072
1.0,0.7780868
0.0,0.020536333
0.0,0.98627347
0.0,0.007689506
0.0,0.8367211
1.0,0.982129
1.0,0.7728236
0.0,0.034687698
0.0,0.3503675
0.0,0.004335135
0.0,0.529602
0.0,0.0024506748
0.0,0.20104867
1.0,0.50162977
0.0,0.22778252
0.0,0.043234736
0.0,0.1258131
0.0,0.95688033
0.0,0.99033076
0.0,0.04770267
0.0,0.003997594
1.0,0.57753384
0.0,0.022441506
1.0,0.9275441
0.0,0.0072508454
0.0,0.15113965
0.0,0.11351141
0.0,0.002962172
0.0,0.9862027
1.0,0.56433666
1.0,0.9334403
0.0,0.7886133
1.0,0.76923776
0.0,0.00646922
0.0,0.37645793
0.0,0.19951665
0.0,0.9628526
0.0,0.010370672
0.0,0.0014142692
1.0,0.93467003
0.0,0.024790049
1.0,0.9949585
0.0,0.047857136
1.0,0.08250508
0.0,0.32484132
1.0,0.35554135
1.0,0.99577355
1.0,0.98215955
0.0,0.0068073273
0.0,0.014528245
1.0,0.9768724
0.0,0.022602677
0.0,0.03479618
1.0,0.04864782
1.0,0.9959097
0.0,0.17902446
1.0,0.9454762
1.0,0.99161285
0.0,0.9177123
0.0,0.037564576
0.0,0.36385643
0.0,0.008767754
0.0,0.0034314692
0.0,0.17408237
1.0,0.9987054
0.0,0.84728634
1.0,0.8543585
1.0,0.81196916
0.0,0.17235836
0.0,0.089260966
0.0,0.8255968
1.0,0.99290776
1.0,0.97477293
1.0,0.73903155
0.0,0.03474018
1.0,0.9933778
1.0,0.9634292
0.0,0.0023229718
0.0,0.26102066
0.0,0.9710623
0.0,0.9397501
1.0,0.9486172
0.0,0.011595249
1.0,0.35914692
0.0,0.44840014
0.0,0.028497547
0.0,0.009353757
0.0,0.007424593
0.0,0.019269466
0.0,0.0107372105
0.0,0.018933326
0.0,0.020372838
0.0,0.02622664
0.0,0.43962643
0.0,0.13414395
0.0,0.01394698
0.0,0.6254281
0.0,0.028558433
1.0,0.8353455
0.0,0.3092729
1.0,0.9950861
0.0,0.03235203
0.0,0.044350296
0.0,0.01995048
0.0,0.9587243
0.0,0.94944113
0.0,0.08657494
0.0,0.17250791
0.0,0.005592376
0.0,0.003575623
0.0,0.015210897
0.0,0.84513086
1.0,0.69171953
0.0,0.03352067
0.0,0.00903669
0.0,0.87119865
0.0,0.040446967
1.0,0.5904772
0.0,0.94405794
1.0,0.7212788
0.0,0.005861789
0.0,0.13437837
1.0,0.9924916
0.0,0.9411924
1.0,0.9942613
1.0,0.88772017
1.0,0.95674443
1.0,0.97451127
0.0,0.008823186
1.0,0.56720436
0.0,0.0042285025
0.0,0.014729887
0.0,0.7128075
1.0,0.99926674
0.0,0.008671552
0.0,0.027569443
1.0,0.70251846
1.0,0.99971956
0.0,0.11783165
0.0,0.007112801
1.0,0.7919258
0.0,0.12769192
1.0,0.9042385
0.0,0.8106705
0.0,0.12727392
1.0,0.9705307
0.0,0.88199127
0.0,0.008021176
1.0,0.40086725
0.0,0.07138568
1.0,0.99882066
0.0,0.009812802
1.0,0.5906403
1.0,0.5147526
1.0,0.86593986
1.0,0.9980167
0.0,0.3747881
0.0,0.01490438
1.0,0.70607895
0.0,0.010245413
0.0,0.7703261
1.0,0.9370213
1.0,0.7614876
1.0,0.9759315
0.0,0.049595863
1.0,0.99318296
1.0,0.98826313
0.0,0.173329
1.0,0.9952354
0.0,0.43609336
1.0,0.88517827
1.0,0.97381675
0.0,0.68474644
0.0,0.8017868
1.0,0.685378
0.0,0.43781015
1.0,0.9580182
0.0,0.51170343
0.0,0.04222101
0.0,0.98652595
1.0,0.9994042
0.0,0.005108893
0.0,0.005112469
0.0,0.7120905
1.0,0.75634706
0.0,0.027597964
0.0,0.00890851
0.0,0.17421126
0.0,0.9135858
1.0,0.9010948
1.0,0.98222804
0.0,0.13182044
0.0,0.39825633
0.0,0.045528114
0.0,0.7545365
0.0,0.028332204
1.0,0.98495585
0.0,0.003627777
1.0,0.9813622
0.0,0.9496964
0.0,0.15808389
1.0,0.90807176
0.0,0.027530283
0.0,0.107037544
0.0,0.0063558817
0.0,0.0036426783
0.0,0.1968179
0.0,0.0018933415
0.0,0.033109725
0.0,0.046275914
1.0,0.9492117
1.0,0.99699163
0.0,0.0070733726
0.0,0.021448702
1.0,0.9948347
0.0,0.009959877
1.0,0.9681571
0.0,0.5777057
0.0,0.0008135736
1.0,0.9771808
0.0,0.4434267
1.0,0.8998306
0.0,0.7016838
1.0,0.23276976
0.0,0.014522523
0.0,0.019753397
0.0,0.41481268
1.0,0.99739915
0.0,0.004292518
0.0,0.09192935
0.0,0.0052613616
0.0,0.6548194
1.0,0.18830201
0.0,0.008977294
0.0,0.003783822
1.0,0.9970354
1.0,0.161021
0.0,0.3049169
1.0,0.7652761
0.0,0.19938621
0.0,0.69025403
1.0,0.9906224
1.0,0.9933616
0.0,0.028456926
1.0,0.9913253
1.0,0.9901886
0.0,0.021665335
0.0,0.043128967
0.0,0.07167897
1.0,0.01390025
0.0,0.0018075109
0.0,0.020548463
0.0,0.021673292
1.0,0.9974867
1.0,0.92925036
0.0,0.07034579
1.0,0.44375435
1.0,0.14103812
0.0,0.3312335
1.0,0.9474531
0.0,0.099051714
1.0,0.54312545
0.0,0.041291237
1.0,0.9547777
0.0,0.049488604
0.0,0.012215197
1.0,0.9463997
0.0,0.008048892
1.0,0.9331165
0.0,0.026254505
0.0,0.014126986
0.0,0.007651031
1.0,0.935325
0.0,0.75599
1.0,0.23519328
0.0,0.011743128
1.0,0.970152
1.0,0.96756554
0.0,0.01244548
1.0,0.9921504
1.0,0.99511075
1.0,0.5343028
1.0,0.82049155
0.0,0.31589592
0.0,0.01615113
0.0,0.79125476
1.0,0.9829293
1.0,0.29122645
0.0,0.12482476
0.0,0.026141226
0.0,0.23123339
1.0,0.99048805
0.0,0.43283543
1.0,0.0046187043
1.0,0.9987498
0.0,0.27064615
0.0,0.015565276
1.0,0.9726362
0.0,0.9413096
1.0,0.9938996
0.0,0.63317025
0.0,0.012162894
0.0,0.048494995
1.0,0.39299744
0.0,0.10157639
1.0,0.99010646
0.0,0.009182662
1.0,0.4467462
0.0,0.50644356
0.0,0.0533233
1.0,0.075957805
1.0,0.5438713
1.0,0.6269119
1.0,0.979444
0.0,0.024414659
0.0,0.0246391
0.0,0.9524217
0.0,0.002560854
1.0,0.96843183
1.0,0.6173228
0.0,0.0012314022
0.0,0.015928894
0.0,0.009322941
1.0,0.95602244
0.0,0.01048246
0.0,0.03515151
0.0,0.15326908
0.0,0.9376277
0.0,0.04410976
0.0,0.33501923
1.0,0.920145
0.0,0.8080465
1.0,0.6815918
0.0,0.2616933
0.0,0.6131045
1.0,0.73307174
1.0,0.97456414
1.0,0.9923892
0.0,0.048470736
0.0,0.038802058
1.0,0.74905
0.0,0.010651648
0.0,0.016443461
0.0,0.3775299
1.0,0.9794589
0.0,0.11431804
0.0,0.03432128
1.0,0.9989141
0.0,0.1606749
1.0,0.9989399
1.0,0.98616636
1.0,0.9946383
0.0,0.019797593
1.0,0.98017895
1.0,0.99604744
0.0,0.500319
1.0,0.26634938
0.0,0.016437352
0.0,0.19041112
0.0,0.121683925
0.0,0.014325082
1.0,0.77845407
1.0,0.94488156
1.0,0.995196
1.0,0.7594513
1.0,0.98309815
0.0,0.39061418
0.0,0.9871284
1.0,0.9132401
0.0,0.023709625
1.0,0.80772084
1.0,0.999149
0.0,0.24513966
1.0,0.45462716
1.0,0.6514783
0.0,0.007306397
0.0,0.017386764
0.0,0.13794392
0.0,0.014345765
1.0,0.86379164
1.0,0.9963609
0.0,0.0140963495
0.0,0.0137476325
1.0,0.051982462
1.0,0.93532
1.0,0.442236
0.0,0.017463952
1.0,0.7472863
1.0,0.8313886
0.0,0.02323711
0.0,0.19709271
1.0,0.95846814
1.0,0.9991478
0.0,0.6482752
1.0,0.88052464
0.0,0.21562988
0.0,0.5652795
1.0,0.9926419
0.0,0.521061
1.0,0.998314
0.0,0.29837042
0.0,0.092019886
0.0,0.034183323
1.0,0.9704946
1.0,0.7109605
0.0,0.008042783
0.0,0.047406167
1.0,0.88633984
0.0,0.028543383
1.0,0.9980761
1.0,0.8272226
1.0,0.95254385
0.0,0.021143079
0.0,0.9520743
0.0,0.499801
0.0,0.007701874
0.0,0.009441555
1.0,0.99911433
0.0,0.10780811
0.0,0.011143565
1.0,0.9921516
0.0,0.0054701567
1.0,0.044685513
1.0,0.7779268
0.0,0.009819388
0.0,0.28437352
0.0,0.9443028
0.0,0.004809618
0.0,0.004680127
0.0,0.0053142905
0.0,0.009784937
0.0,0.8125019
1.0,0.8278414
1.0,0.9933448
0.0,0.7707405
0.0,0.8218626
0.0,0.028388768
0.0,0.039712697
0.0,0.020976573
1.0,0.025189072
0.0,0.0143013
0.0,0.0021466017
1.0,0.99909353
1.0,0.29043227
0.0,0.03190896
0.0,0.97874266
0.0,0.0016284585
0.0,0.050979793
0.0,0.009734362
0.0,0.05564183
1.0,0.9856538
1.0,0.9536296
1.0,0.9955611
0.0,0.013407111
1.0,0.930377
1.0,0.9921012
0.0,0.5253372
0.0,0.0027753413
1.0,0.79128456
1.0,0.32225752
1.0,0.96310574
1.0,0.9525145
1.0,0.82920355
0.0,0.08447006
0.0,0.18958461
1.0,0.47581258
0.0,0.005189359
1.0,0.9790423
0.0,0.007823378
1.0,0.7556752
0.0,0.019577831
0.0,0.8211473
0.0,0.06752911
0.0,0.025904596
0.0,0.73056525
0.0,0.002945453
0.0,0.0032759905
0.0,0.017978549
0.0,0.8789233
0.0,0.009163469
0.0,0.0021612346
1.0,0.989367
1.0,0.72348493
1.0,0.9687383
0.0,0.9695157
0.0,0.42337233
0.0,0.6913789
0.0,0.03549996
1.0,0.99437773
1.0,0.5459168
1.0,0.9505931
1.0,0.97194266
0.0,0.89854604
0.0,0.003936529
0.0,0.0063657165
1.0,0.7735851
0.0,0.027553856
1.0,0.0048514605
1.0,0.9911083
0.0,0.48564133
0.0,0.0033714473
0.0,0.050423443
0.0,0.675944
1.0,0.8901163
1.0,0.9579689
0.0,0.055352777
1.0,0.98808134
1.0,0.81645155
0.0,0.96702564
0.0,0.036433756
1.0,0.971026
0.0,0.006863922
0.0,0.39889818
0.0,0.0071410835
0.0,0.2944299
0.0,0.014996707
1.0,0.5150143
0.0,0.4471516
0.0,0.88180137
1.0,0.99691164
1.0,0.97802675
0.0,0.39038602
0.0,0.52037346
1.0,0.8964815
0.0,0.061348528
0.0,0.0005476773
1.0,0.9471191
0.0,0.07431796
0.0,0.025908202
0.0,0.03968382
1.0,0.99647075
0.0,0.3584581
1.0,0.898051
1.0,0.88541293
1.0,0.99981916
0.0,0.017486691
1.0,0.89067245
0.0,0.00427711
1.0,0.9968903
0.0,0.027787238
1.0,0.9930413
0.0,0.047468126
0.0,0.009647548
1.0,0.9949219
0.0,0.0056189895
0.0,0.0070672333
1.0,0.855679
1.0,0.8857893
1.0,0.37082216
1.0,0.8711051
1.0,0.22111166
1.0,0.9633761
1.0,0.40708047
0.0,0.0064154863
1.0,0.945899
1.0,0.9835963
0.0,0.118284285
0.0,0.013506383
0.0,0.0012722015
1.0,0.7966296
0.0,0.019179285
0.0,0.11488706
0.0,0.6607994
1.0,0.97533894
0.0,0.01192227
0.0,0.95935905
1.0,0.52592194
1.0,0.9574369
1.0,0.96844834
1.0,0.03814462
0.0,0.9992527
0.0,0.056753278
0.0,0.036598593
0.0,0.017504215
0.0,0.0037088096
0.0,0.2764259
0.0,0.015565693
1.0,0.20313007
1.0,0.99462914
0.0,0.03416124
1.0,0.9126376
0.0,0.0052252114
0.0,0.022363275
1.0,0.9974233
0.0,0.03069514
0.0,0.97536325
0.0,0.011231214
0.0,0.9560174
0.0,0.043026984
0.0,0.0047602654
0.0,0.9899537
1.0,0.7412993
0.0,0.022036314
0.0,0.7237979
1.0,0.9455001
0.0,0.013936639
1.0,0.83064735
0.0,0.01794228
0.0,0.01004535
0.0,0.014922351
0.0,0.13382587
0.0,0.005061388
0.0,0.012207329
0.0,0.03338161
0.0,0.086295635
0.0,0.8383233
1.0,0.7549014
0.0,0.1266174
1.0,0.97948325
0.0,0.9596343
1.0,0.17534244
0.0,0.09267318
0.0,0.07241067
0.0,0.2853943
1.0,0.98851216
1.0,0.028413236
1.0,0.8395729
0.0,0.008961141
0.0,0.3309164
1.0,0.9080847
0.0,0.17136168
0.0,0.08341792
1.0,0.9240439
0.0,0.042879105
1.0,0.9955614
1.0,0.59540594
0.0,0.031693667
1.0,0.53827757
0.0,0.36300826
1.0,0.13493145
0.0,0.6418177
1.0,0.999488
0.0,0.0029230118
0.0,0.9812023
0.0,0.055595666
0.0,0.11688247
0.0,0.0059476197
0.0,0.024731517
0.0,0.08250141
1.0,0.9776897
0.0,0.01630932
0.0,0.0037374794
0.0,0.0011001527
0.0,0.1787808
0.0,0.0690397
1.0,0.82189584
0.0,0.6673188
0.0,0.14780891
1.0,0.4762143
0.0,0.2687667
1.0,0.9932978
0.0,0.65835
1.0,0.6370586
1.0,0.9926505
0.0,0.013072461
1.0,0.99952066
0.0,0.46711808
0.0,0.022153884
0.0,0.01221168
0.0,0.050139725
1.0,0.21217865
1.0,0.9981084
0.0,0.016755491
0.0,0.1518167
1.0,0.99118173
0.0,0.48279098
1.0,0.49565223
1.0,0.07962078
1.0,0.92905045
0.0,0.08753565
1.0,0.61370456
0.0,0.067593426
1.0,0.9816854
1.0,0.22405478
0.0,0.31573713
0.0,0.88208336
0.0,0.024358869
0.0,0.4427715
1.0,0.88438094
1.0,0.97343665
1.0,0.98731256
0.0,0.16211036
0.0,0.006567925
1.0,0.9957005
0.0,0.99419
0.0,0.005521208
0.0,0.028805465
1.0,0.69921964
0.0,0.36566883
0.0,0.012599319
0.0,0.15399292
0.0,0.12124002
1.0,0.862836
1.0,0.9893944
0.0,0.076646954
0.0,0.01121071
0.0,0.0074431
1.0,0.9994924
0.0,0.11633396
0.0,0.90770787
1.0,0.96297
0.0,0.0037229657
0.0,0.802479
1.0,0.9686558
0.0,0.15463233
1.0,0.14025342
1.0,0.23469183
0.0,0.021034718
0.0,0.040734977
0.0,0.0072154105
0.0,0.0071884096
1.0,0.9919647
1.0,0.9993276
1.0,0.99658895
1.0,0.83172596
0.0,0.9893117
0.0,0.111605555
1.0,0.90305465
1.0,0.9831201
0.0,0.23857722
0.0,0.018057495
1.0,0.43091664
0.0,0.0020831525
1.0,0.71343106
0.0,0.0035395026
0.0,0.1874584
1.0,0.97867846
0.0,0.21199444
0.0,0.008008629
0.0,0.01858297
0.0,0.2009753
0.0,0.59991175
1.0,0.6168558
0.0,0.023297489
1.0,0.99605095
0.0,0.31059194
1.0,0.9444815
0.0,0.04939884
1.0,0.94956064
1.0,0.9928926
1.0,0.99730855
0.0,0.94136477
0.0,0.0096488
1.0,0.07911855
0.0,0.014924437
0.0,0.018790215
1.0,0.9347197
1.0,0.6547225
0.0,0.03627178
1.0,0.9836698
1.0,0.9934268
0.0,0.97593665
0.0,0.018261373
0.0,0.7305685
0.0,0.009776175
0.0,0.0055588484
0.0,0.9419179
1.0,0.9903624
1.0,0.9981338
1.0,0.9757768
0.0,0.007788658
0.0,0.0011582673
0.0,0.016851246
0.0,0.011807591
0.0,0.042793512
0.0,0.14609793
1.0,0.96886766
1.0,0.96394753
1.0,0.43965918
0.0,0.053312242
0.0,0.058923215
1.0,0.976509
0.0,0.3467942
0.0,0.6624009
1.0,0.96442413
0.0,0.9474838
0.0,0.56367576
1.0,0.9877663
0.0,0.01736492
1.0,0.86535114
1.0,0.96791136
0.0,0.70007014
0.0,0.009539306
1.0,0.9994758
0.0,0.003433019
0.0,0.18104544
1.0,0.9681765
1.0,0.91327393
1.0,0.899454
1.0,0.993878
0.0,0.98295724
0.0,0.024599582
0.0,0.008751631
1.0,0.59923816
0.0,0.9918304
1.0,0.97794783
0.0,0.65634954
1.0,0.9333799
1.0,0.76675266
0.0,0.22155046
0.0,0.04618618
0.0,0.009614855
0.0,0.55233043
0.0,0.05838281
0.0,0.068522364
1.0,0.5278491
1.0,0.63839704
0.0,0.6659791
1.0,0.8737028
1.0,0.11214101
0.0,0.0021816492
0.0,0.066633224
1.0,0.8047657
1.0,0.70390785
0.0,0.011300415
0.0,0.4398964
0.0,0.007474214
0.0,0.02552405
1.0,0.82713354
1.0,0.9933019
0.0,0.03038764
0.0,0.0016492605
0.0,0.037290543
0.0,0.09320328
0.0,0.012832493
0.0,0.043215454
0.0,0.9258884
0.0,0.28945854
0.0,0.07521334
0.0,0.028924853
0.0,0.17394719
1.0,0.9933909
1.0,0.94178325
0.0,0.006711453
0.0,0.03609875
0.0,0.002813965
0.0,0.010475665
0.0,0.22957784
0.0,0.044658273
0.0,0.008931011
0.0,0.9495392
1.0,0.8802365
1.0,0.99432003
1.0,0.9252112
1.0,0.97744757
1.0,0.98684484
0.0,0.5038154
0.0,0.022316188
0.0,0.018012792
0.0,0.09552896
1.0,0.77721274
0.0,0.1381912
1.0,0.8934746
0.0,0.031769603
0.0,0.98029923
0.0,0.8459276
0.0,0.28370714
0.0,0.029943347
0.0,0.47813892
0.0,0.48190087
0.0,0.008408546
1.0,0.86527514
1.0,0.9179218
0.0,0.38699704
0.0,0.5135163
0.0,0.0060298145
0.0,0.008899897
1.0,0.99416757
0.0,0.01041317
1.0,0.47579476
0.0,0.019842148
1.0,0.4002853
0.0,0.0132163465
0.0,0.18306386
1.0,0.92596984
0.0,0.00057557225
1.0,0.9962829
0.0,0.090102196
0.0,0.5545658
0.0,0.7776431
0.0,0.0017758906
0.0,0.0049434006
1.0,0.97381055
1.0,0.9940219
0.0,0.4280117
0.0,0.03528443
0.0,0.011232942
0.0,0.2800768
1.0,0.98703194
0.0,0.94137526
1.0,0.6277293
1.0,0.92491174
0.0,0.9297401
0.0,0.026464641
0.0,0.03924936
0.0,0.08781907
0.0,0.070840776
0.0,0.06746054
0.0,0.022821605
0.0,0.7491498
0.0,0.18833575
1.0,0.8654672
0.0,0.9749594
0.0,0.006818503
1.0,0.9619751
0.0,0.024474174
0.0,0.27767426
0.0,0.003908694
0.0,0.012737304
1.0,0.018542469
1.0,0.98999774
1.0,0.97272646
0.0,0.010782003
0.0,0.0073925257
0.0,0.01824683
0.0,0.7830813
0.0,0.065460265
0.0,0.9394809
1.0,0.99762434
1.0,0.99585944
1.0,0.9616071
0.0,0.03256336
1.0,0.9991225
1.0,0.6407393
0.0,0.02608031
1.0,0.90881824
0.0,0.017959952
0.0,0.041725338
0.0,0.8807201
1.0,0.99807405
1.0,0.97812414
1.0,0.7844365
0.0,0.9534832
0.0,0.49341694
0.0,0.039046288
1.0,0.9428166
1.0,0.9932549
1.0,0.9931371
1.0,0.71124774
0.0,0.10204789
0.0,0.041672826
0.0,0.014955521
0.0,0.7176752
1.0,0.9622115
0.0,0.0113761425
0.0,0.1282213
0.0,0.30210698
1.0,0.6240544
0.0,0.42146748
0.0,0.13227433
0.0,0.16823035
0.0,0.9696007
0.0,0.019761413
0.0,0.07569
0.0,0.006336689
0.0,0.17815146
0.0,0.008778572
1.0,0.9955658
1.0,0.42788973
0.0,0.7425487
0.0,0.9904146
0.0,0.15557835
1.0,0.98333144
0.0,0.010274321
0.0,0.012102127
0.0,0.8846939
0.0,0.003947526
1.0,0.9873363
0.0,0.0089532435
0.0,0.036133826
1.0,0.87541354
1.0,0.9794364
1.0,0.9350755
0.0,0.03775859
0.0,0.2740559
1.0,0.9565823
1.0,0.99133277
1.0,0.9893536
0.0,0.98719573
0.0,0.7039028
0.0,0.007860571
1.0,0.16951475
1.0,0.99861944
0.0,0.01334402
0.0,0.7901391
1.0,0.87365216
1.0,0.98781
0.0,0.007106811
1.0,0.86689055
1.0,0.7057431
0.0,0.031505734
1.0,0.49783337
0.0,0.051825225
0.0,0.009104103
0.0,0.74254125
0.0,0.022289217
1.0,0.8670237
0.0,0.06773955
1.0,0.9147225
1.0,0.87868017
1.0,0.5759867
0.0,0.06962836
0.0,0.5320871
1.0,0.7963191
0.0,0.00059720874
1.0,0.9010364
1.0,0.9935474
0.0,0.98069394
0.0,0.05870676
1.0,0.47263548
1.0,0.99913347
0.0,0.0048840046
1.0,0.8599679
1.0,0.853392
1.0,0.96052146
1.0,0.99184155
1.0,0.88805974
1.0,0.99000573
0.0,0.02069673
0.0,0.5599378
0.0,0.039020956
1.0,0.9485159
1.0,0.7214095
0.0,0.22950822
0.0,0.068008125
1.0,0.73817635
0.0,0.022263616
1.0,0.99702907
0.0,0.62763363
1.0,0.9648509
1.0,0.99572325
0.0,0.6468555
1.0,0.1503773
0.0,0.046755046
1.0,0.99814004
1.0,0.96451163
1.0,0.2916311
0.0,0.01800859
0.0,0.023100048
1.0,0.8770188
0.0,0.058103025
1.0,0.9671992
0.0,0.014452159
0.0,0.7656996
0.0,0.21750408
0.0,0.061461955
0.0,0.0106906
0.0,0.9454232
0.0,0.45683464
1.0,0.9935559
1.0,0.34425506
0.0,0.0076388717
1.0,0.9996711
1.0,0.96501625
0.0,0.9580941
0.0,0.6719078
0.0,0.17383769
0.0,0.026834577
0.0,0.022830218
0.0,0.68821836
1.0,0.43996248
1.0,0.9900153
0.0,0.01413399
0.0,0.015445739
0.0,0.85552645
0.0,0.84622717
0.0,0.11699942
1.0,0.53153265
0.0,0.78195065
0.0,0.017497629
1.0,0.947863
1.0,0.916238
0.0,0.0956893
0.0,0.3850541
0.0,0.02243501
1.0,0.8586806
1.0,0.888728
0.0,0.16135925
0.0,0.02364093
0.0,0.011908829
0.0,0.15747333
0.0,0.002680242
1.0,0.9760152
1.0,0.85808384
1.0,0.84911114
0.0,0.0012313426
1.0,0.2540235
0.0,0.7407801
1.0,0.99868095
1.0,0.6271971
0.0,0.008487105
0.0,0.0018951595
0.0,0.05170402
0.0,0.600041
0.0,0.9400723
1.0,0.9974266
0.0,0.9514985
0.0,0.5162512
0.0,0.020034105
0.0,0.0032368898
0.0,0.021964997
0.0,0.05922836
0.0,0.49782366
1.0,0.58716196
1.0,0.9977573
0.0,0.0019111037
0.0,0.16668066
0.0,0.62930596
0.0,0.03819254
1.0,0.9778248
0.0,0.016214639
0.0,0.37957704
1.0,0.930491
0.0,0.8002995
0.0,0.016876161
0.0,0.11320418
0.0,0.011216909
1.0,0.9855053
1.0,0.83145094
0.0,0.018289983
1.0,0.43687576
1.0,0.9499589
1.0,0.9783684
0.0,0.10404667
0.0,0.86191213
1.0,0.9606831
1.0,0.99758756
0.0,0.01173535
1.0,0.9941591
0.0,0.034840703
1.0,0.97062016
1.0,0.95705795
1.0,0.8521246
0.0,0.021614015
1.0,0.7749691
1.0,0.42563453
0.0,0.13062987
0.0,0.07266477
0.0,0.96223456
0.0,0.07419336
0.0,0.035607547
0.0,0.00372535
1.0,0.9991546
0.0,0.47718388
0.0,0.16017655
0.0,0.8747393
0.0,0.015677482
0.0,0.029908866
0.0,0.026071131
1.0,0.87383395
0.0,0.025108993
0.0,0.059582323
0.0,0.8359633
1.0,0.9414984
1.0,0.88505447
1.0,0.97803044
1.0,0.98569286
0.0,0.015322566
0.0,0.04245916
0.0,0.057889998
0.0,0.12536436
0.0,0.9226993
0.0,0.07187477
1.0,0.9629377
0.0,0.6739526
1.0,0.32698452
1.0,0.09518176
1.0,0.89004993
0.0,0.014167547
0.0,0.0027244985
0.0,0.008780956
0.0,0.0062800944
1.0,0.9436058
1.0,0.9519553
1.0,0.9263484
1.0,0.94811577
1.0,0.99898416
0.0,0.025044411
0.0,0.038420707
0.0,0.9469644
0.0,0.039168775
1.0,0.9867351
0.0,0.008946687
0.0,0.9491048
1.0,0.99300474
1.0,0.44655108
0.0,0.010803044
0.0,0.29023188
0.0,0.1379466
0.0,0.4204055
1.0,0.64876986
0.0,0.98719966
0.0,0.68577576
1.0,0.99858737
0.0,0.31736746
1.0,0.90368253
1.0,0.99497825
0.0,0.004067868
0.0,0.47781518
0.0,0.010499507
0.0,0.040682495
1.0,0.9682512
0.0,0.009138256
0.0,0.31874377
0.0,0.8288029
0.0,0.017710477
1.0,0.9854309
1.0,0.5505264
1.0,0.9760432
1.0,0.95677066
0.0,0.55808836
0.0,0.018892974
1.0,0.9316132
0.0,0.043860614
1.0,0.606002
0.0,0.005330175
1.0,0.44315374
1.0,0.9915685
0.0,0.6247723
0.0,0.3790244
0.0,0.7205368
0.0,0.019957483
0.0,0.06761515
0.0,0.092755616
1.0,0.9782702
0.0,0.025225997
0.0,0.28496844
0.0,0.18090865
0.0,0.04462412
0.0,0.037254065
0.0,0.010378778
0.0,0.2427277
0.0,0.0092304945
0.0,0.013242334
0.0,0.019249856
0.0,0.111480504
0.0,0.028926104
1.0,0.74306583
0.0,0.28558275
1.0,0.98787993
0.0,0.015500128
0.0,0.008040994
1.0,0.9271176
0.0,0.012517601
1.0,0.99761236
0.0,0.40240985
1.0,0.990412
0.0,0.8032137
0.0,0.09742391
1.0,0.91036695
1.0,0.676768
0.0,0.019033432
0.0,0.11335188
0.0,0.017865479
0.0,0.0017328262
0.0,0.017050296
0.0,0.9142728
1.0,0.98766005
1.0,0.9225115
0.0,0.19272166
0.0,0.07728544
1.0,0.8707049
1.0,0.99432683
1.0,0.9607643
0.0,0.008934617
1.0,0.041716844
0.0,0.10582572
1.0,0.45862716
0.0,0.0052681565
1.0,0.9266919
0.0,0.039039433
0.0,0.35134602
0.0,0.81979966
0.0,0.892434
1.0,0.9515536
0.0,0.01141268
0.0,0.1462054
1.0,0.9616437
0.0,0.007349342
0.0,0.8952657
0.0,0.91253006
1.0,0.9951818
0.0,0.11838573
0.0,0.030712634
0.0,0.99596596
1.0,0.9398282
0.0,0.0053071976
0.0,0.5864808
0.0,0.016138375
1.0,0.8192549
0.0,0.016400844
1.0,0.9855755
0.0,0.58325976
1.0,0.8615221
1.0,0.99918747
0.0,0.96864676
1.0,0.98446804
1.0,0.86815906
0.0,0.016464353
0.0,0.85099745
0.0,0.058656543
1.0,0.9956688
0.0,0.107127845
1.0,0.96482706
1.0,0.6222902
0.0,0.47741276
1.0,0.99371755
0.0,0.5930886
1.0,0.6183686
0.0,0.90235645
1.0,0.7762105
0.0,0.58652884
1.0,0.012591392
0.0,0.81471705
0.0,0.0046187043
0.0,0.0049441457
0.0,0.01576829
0.0,0.006922573
0.0,0.008867264
0.0,0.0019913316
0.0,0.0648984
0.0,0.15426967
0.0,0.5636846
0.0,0.81497
0.0,0.01738894
1.0,0.9376405
1.0,0.24024907
0.0,0.7928728
1.0,0.13813555
0.0,0.06248665
0.0,0.76509315
0.0,0.88270164
0.0,0.105766565
0.0,0.00841251
0.0,0.07855192
1.0,0.9645581
0.0,0.005856782
0.0,0.02616635
1.0,0.02968201
0.0,0.0047142208
1.0,0.9817537
0.0,0.026292741
0.0,0.1494551
1.0,0.5914798
0.0,0.03554094
1.0,0.9830993
0.0,0.008533627
0.0,0.0013697743
0.0,0.005338788
1.0,0.99885094
0.0,0.063171476
1.0,0.7051939
1.0,0.6207467
0.0,0.96994174
0.0,0.00052914023
1.0,0.020011485
0.0,0.01577273
0.0,0.022625595
0.0,0.5867611
0.0,0.007141471
0.0,0.92750967
0.0,0.9552598
1.0,0.097706765
0.0,0.060468078
1.0,0.9843471
0.0,0.005411297
0.0,0.018833011
0.0,0.009013474
1.0,0.95434487
1.0,0.9881025
0.0,0.24918771
0.0,0.48671845
0.0,0.029252082
0.0,0.055250376
0.0,0.03986016
0.0,0.0049087107
0.0,0.0011918247
1.0,0.05236262
1.0,0.9826084
0.0,0.011787057
0.0,0.99320954
1.0,0.899129
0.0,0.011912435
1.0,0.9574165
0.0,0.01048553
0.0,0.048621833
1.0,0.992424
0.0,0.6954508
1.0,0.94426006
1.0,0.96964824
1.0,0.98876065
0.0,0.4421974
0.0,0.014273167
0.0,0.8421695
1.0,0.99303114
0.0,0.082634985
1.0,0.9909009
0.0,0.027902871
0.0,0.015808344
0.0,0.5566275
1.0,0.97741723
0.0,0.011178255
0.0,0.035472035
0.0,0.533353
1.0,0.11420056
1.0,0.99782884
0.0,0.29480082
0.0,0.05134824
1.0,0.99580455
1.0,0.97033453
1.0,0.94725096
1.0,0.5559279
0.0,0.016088337
1.0,0.9953551
0.0,0.009340256
0.0,0.33337522
0.0,0.008969516
1.0,0.84187174
0.0,0.031098962
0.0,0.026018322
0.0,0.00201419
1.0,0.8252714
0.0,0.109215915
1.0,0.95114255
1.0,0.99763465
0.0,0.07469216
1.0,0.8917418
0.0,0.010906726
1.0,0.7509848
0.0,0.70507306
0.0,0.016128719
0.0,0.02088952
0.0,0.15406233
1.0,0.996477
0.0,0.08300936
0.0,0.25071985
0.0,0.8516364
1.0,0.9979212
1.0,0.9203198
0.0,0.0061026216
1.0,0.99573207
1.0,0.99785197
1.0,0.9996152
1.0,0.61543083
0.0,0.70941496
1.0,0.8366983
0.0,0.03640777
0.0,0.5944135
1.0,0.8310927
0.0,0.012330592
0.0,0.04188183
0.0,0.4803607
1.0,0.4513363
0.0,0.5632432
0.0,0.7311803
1.0,0.98646164
0.0,0.006600052
1.0,0.6162999
0.0,0.025522232
0.0,0.8983005
1.0,0.9293698
1.0,0.9946624
0.0,0.009713322
1.0,0.9914319
1.0,0.9945562
0.0,0.58026373
0.0,0.72374403
1.0,0.89981216
0.0,0.21098295
1.0,0.99557173
0.0,0.011862487
0.0,0.036324024
1.0,0.20187533
1.0,0.9402695
0.0,0.038471192
1.0,0.55836916
0.0,0.072728276
0.0,0.39192805
1.0,0.9971014
0.0,0.3431822
0.0,0.08918825
0.0,0.03352636
1.0,0.85074866
0.0,0.034247696
0.0,0.011231244
1.0,0.7681977
1.0,0.96559954
0.0,0.011982828
0.0,0.83517325
0.0,0.0294106
1.0,0.29208308
0.0,0.76826346
0.0,0.05271977
0.0,0.046277523
0.0,0.014165103
0.0,0.0039901137
1.0,0.3622542
0.0,0.2421112
0.0,0.0076051652
0.0,0.048213124
1.0,0.88488865
1.0,0.9990167
1.0,0.9315136
0.0,0.3961267
0.0,0.007237762
0.0,0.9955963
1.0,0.9987887
0.0,0.18488169
1.0,0.9384085
0.0,0.011272788
1.0,0.99008083
0.0,0.06810087
1.0,0.98444223
0.0,0.92021173
1.0,0.92079854
0.0,0.33621126
0.0,0.14614266
1.0,0.852522
1.0,0.97665
1.0,0.9862968
0.0,0.21185264
1.0,0.98114944
1.0,0.75372237
1.0,0.16636679
0.0,0.0025469065
1.0,0.8562901
0.0,0.04573372
0.0,0.95992595
1.0,0.82558894
0.0,0.3402631
0.0,0.015803725
0.0,0.025882125
0.0,0.09096977
0.0,0.75765896
1.0,0.9790328
1.0,0.96027374
0.0,0.44247833
0.0,0.66598576
0.0,0.023969144
1.0,0.9980186
0.0,0.92310417
0.0,0.18681213
0.0,0.00921002
0.0,0.009472877
0.0,0.06722456
0.0,0.90953875
1.0,0.9910681
1.0,0.9986067
1.0,0.43515342
0.0,0.32440835
0.0,0.010132551
0.0,0.0064279735
0.0,0.008720756
0.0,0.03505063
1.0,0.9893095
0.0,0.110028714
0.0,0.43974763
1.0,0.998324
0.0,0.026530087
1.0,0.122312754
1.0,0.8067751
0.0,0.90936327
0.0,0.007590294
0.0,0.12596038
1.0,0.91262555
0.0,0.06899446
0.0,0.011945397
1.0,0.99340427
1.0,0.8095306
0.0,0.015977293
0.0,0.24604204
0.0,0.961177
0.0,0.004414171
0.0,0.16880298
1.0,0.28068846
1.0,0.74287933
0.0,0.01680684
0.0,0.0062969923
0.0,0.5532595
0.0,0.68707275
1.0,0.93899804
0.0,0.03352031
1.0,0.99734914
0.0,0.04471749
1.0,0.9975554
0.0,0.004067719
1.0,0.9547442
1.0,0.87135035
0.0,0.02429977
0.0,0.17452472
0.0,0.001372546
0.0,0.12825775
1.0,0.63390064
1.0,0.11634573
1.0,0.4473197
1.0,0.39091513
1.0,0.5111376
0.0,0.009974122
1.0,0.9718886
1.0,0.9189301
0.0,0.036508173
0.0,0.022362024
0.0,0.017021745
1.0,0.9420631
1.0,0.99860793
0.0,0.7390141
0.0,0.0075972676
1.0,0.93197954
0.0,0.045188606
0.0,0.013259381
1.0,0.9963929
0.0,0.838805
0.0,0.07429221
1.0,0.7840301
1.0,0.9676413
0.0,0.011806756
0.0,0.009500504
0.0,0.06124574
1.0,0.9910114
1.0,0.9939219
0.0,0.9489893
0.0,0.6624892
1.0,0.9878639
1.0,0.9181223
0.0,0.0066339076
0.0,0.3364568
0.0,0.022982687
1.0,0.603719
1.0,0.68532246
0.0,0.03310862
0.0,0.07270965
1.0,0.97369266
0.0,0.017870218
0.0,0.12918541
0.0,0.14670849
0.0,0.95364046
1.0,0.8884193
0.0,0.6655771
0.0,0.02613002
0.0,0.938181
0.0,0.1826824
0.0,0.54950315
1.0,0.93311954
1.0,0.95172685
0.0,0.16271201
1.0,0.99812007
0.0,0.048075497
1.0,0.9952791
1.0,0.122713774
1.0,0.9849534
0.0,0.004980296
0.0,0.92487353
0.0,0.05003965
1.0,0.9989145
0.0,0.0026413202
1.0,0.9924342
0.0,0.17560855
0.0,0.0035885572
1.0,0.12139374
1.0,0.99778914
0.0,0.008970529
1.0,0.94167316
0.0,0.013429314
1.0,0.9445026
0.0,0.005371481
1.0,0.76097155
1.0,0.48091924
0.0,0.026575238
0.0,0.032479823
0.0,0.08150101
0.0,0.008697301
0.0,0.021459222
0.0,0.93494695
0.0,0.2244339
0.0,0.013838232
0.0,0.93022263
0.0,0.047126234
1.0,0.92682034
0.0,0.64665645
0.0,0.41360548
1.0,0.99934745
0.0,0.039272875
1.0,0.9961237
0.0,0.0168854
1.0,0.9976251
0.0,0.012267202
0.0,0.09311977
1.0,0.99982625
0.0,0.04989016
0.0,0.009904146
0.0,0.1111474
1.0,0.98079383
1.0,0.37813088
0.0,0.012353599
1.0,0.9648411
1.0,0.4468659
1.0,0.9936966
0.0,0.5118641
1.0,0.8953934
1.0,0.96348137
0.0,0.7035183
1.0,0.3973926
1.0,0.52202284
0.0,0.023392528
0.0,0.02404219
0.0,0.03764057
0.0,0.031584114
0.0,0.037569344
0.0,0.1434865
0.0,0.013388395
0.0,0.0006711781
1.0,0.9862757
0.0,0.45799997
0.0,0.0102240145
0.0,0.022957623
0.0,0.041418165
1.0,0.961555
0.0,0.0037990212
1.0,0.9545318
0.0,0.38164246
0.0,0.01547873
1.0,0.7725817
1.0,0.9216169
0.0,0.35705897
0.0,0.0627608
1.0,0.9694263
0.0,0.98519886
0.0,0.15673548
1.0,0.8270341
1.0,0.5412966
1.0,0.6871927
1.0,0.9089616
0.0,0.087488055
0.0,0.002692163
1.0,0.6917271
0.0,0.01666987
0.0,0.005639851
1.0,0.99558556
1.0,0.9436333
1.0,0.99669147
0.0,0.010223508
1.0,0.7188821
1.0,0.94513786
1.0,0.98398614
0.0,0.014918476
0.0,0.0051858425
1.0,0.27025568
0.0,0.06739414
0.0,0.9565027
0.0,0.016527891
1.0,0.96949005
0.0,0.025940448
0.0,0.036388338
0.0,0.1809594
0.0,0.93993866
0.0,0.12222442
0.0,0.018704236
0.0,0.9217372
1.0,0.99872357
0.0,0.03529942
1.0,0.9665352
0.0,0.009723604
0.0,0.6279657
0.0,0.9468725
1.0,0.009091198
0.0,0.81135917
0.0,0.019397765
0.0,0.0012032688
0.0,0.3466024
0.0,0.031370968
1.0,0.94437575
0.0,0.6346533
1.0,0.8502394
0.0,0.03922534
0.0,0.023413211
0.0,0.017188221
0.0,0.7541689
0.0,0.04509738
0.0,0.48847827
0.0,0.18730214
0.0,0.038794726
1.0,0.8999194
0.0,0.0110658705
1.0,0.8782026
1.0,0.94701475
0.0,0.021142572
0.0,0.04683286
1.0,0.98993737
0.0,0.012942314
1.0,0.34423518
1.0,0.90825033
0.0,0.040167063
1.0,0.50890946
0.0,0.013640702
1.0,0.9405305
0.0,0.11179009
0.0,0.36435494
1.0,0.5745895
0.0,0.92454135
0.0,0.009985298
0.0,0.7735122
1.0,0.98306155
1.0,0.998189
0.0,0.0030282736
0.0,0.24781197
1.0,0.92192054
0.0,0.57708627
1.0,0.8431996
0.0,0.59689456
1.0,0.6847167
0.0,0.910487
0.0,0.012190789
0.0,0.80475056
0.0,0.026420861
0.0,0.079113275
1.0,0.013413042
0.0,0.31764984
1.0,0.9856719
0.0,0.036281288
1.0,0.6691283
0.0,0.008323014
0.0,0.004272163
0.0,0.014737457
0.0,0.016689062
0.0,0.44286242
0.0,0.324951
0.0,0.3484785
0.0,0.11394903
1.0,0.91773975
0.0,0.017620862
0.0,0.11359933
1.0,0.67925084
1.0,0.4966996
0.0,0.038154572
0.0,0.019048125
1.0,0.93204904
0.0,0.41492248
1.0,0.03117311
1.0,0.9305291
1.0,0.81001806
1.0,0.9502233
0.0,0.014215976
0.0,0.0077468157
1.0,0.76569176
0.0,0.22192034
1.0,0.99654615
1.0,0.81619513
1.0,0.98964596
0.0,0.6929981
0.0,0.035719573
0.0,0.029789895
0.0,0.041802824
1.0,0.93966603
1.0,0.98863715
0.0,0.11345333
0.0,0.03794515
0.0,0.33901227
0.0,0.23626998
1.0,0.03818676
1.0,0.7991274
1.0,0.8765289
0.0,0.5910991
1.0,0.3032303
1.0,0.81508327
1.0,0.85520625
1.0,0.99102294
0.0,0.8669932
0.0,0.58185875
0.0,0.7874322
0.0,0.017373234
1.0,0.9695293
1.0,0.9971101
1.0,0.8625649
1.0,0.88037384
0.0,0.08182508
0.0,0.010538071
0.0,0.058715105
0.0,0.23428246
1.0,0.81122315
0.0,0.042739302
0.0,0.0089022815
0.0,0.16471934
0.0,0.009411305
1.0,0.8965572
1.0,0.8778943
1.0,0.9957023
0.0,0.033942193
0.0,0.67741925
1.0,0.79401004
1.0,0.9990111
0.0,0.13733083
1.0,0.97737515
0.0,0.7840601
1.0,0.99828064
1.0,0.98997176
1.0,0.7363274
0.0,0.01753518
0.0,0.074528664
1.0,0.9963583
0.0,0.11202398
0.0,0.3247794
1.0,0.9912267
0.0,0.01805967
0.0,0.043941855
0.0,0.031084716
1.0,0.65970457
0.0,0.47029588
0.0,0.4104766
1.0,0.78750265
0.0,0.38186836
0.0,0.011524498
0.0,0.20185077
0.0,0.18752
1.0,0.8051746
0.0,0.9411484
0.0,0.010350853
0.0,0.0035295784
1.0,0.85952884
0.0,0.22063267
0.0,0.002401173
1.0,0.79734766
0.0,0.09912974
0.0,0.20064354
1.0,0.998539
1.0,0.9720137
0.0,0.0023603737
1.0,0.80815035
1.0,0.0969964
0.0,0.46810445
0.0,0.61377585
1.0,0.6573349
1.0,0.86971045
0.0,0.00369668
1.0,0.39687884
1.0,0.7149465
1.0,0.90213776
0.0,0.24312326
1.0,0.07538879
0.0,0.0444898
1.0,0.7618686
0.0,0.009209454
1.0,0.9950865
0.0,0.9272437
0.0,0.0946427
1.0,0.9519594
0.0,0.033593237
1.0,0.9726093
1.0,0.91133046
1.0,0.95255333
1.0,0.93702114
0.0,0.059693575
1.0,0.024153352
0.0,0.7452537
0.0,0.020848572
0.0,0.044389367
0.0,0.15570205
1.0,0.9813451
0.0,0.018396974
0.0,0.68398076
0.0,0.45680317
0.0,0.63545835
1.0,0.985639
0.0,0.51643777
0.0,0.0032047927
0.0,0.017515928
0.0,0.88883364
1.0,0.8624227
0.0,0.020349681
1.0,0.8538231
1.0,0.9967101
0.0,0.9298712
0.0,0.0054022074
0.0,0.015951306
1.0,0.98775923
0.0,0.012040496
1.0,0.15005404
1.0,0.7747686
1.0,0.99665385
0.0,0.9188686
0.0,0.64318
0.0,0.0029978156
0.0,0.9161092
0.0,0.007979393
0.0,0.024855614
0.0,0.39974198
1.0,0.8885213
0.0,0.030683756
1.0,0.9465362
0.0,0.6264714
1.0,0.9910815
1.0,0.9838717
1.0,0.69057477
1.0,0.9823641
0.0,0.8594622
0.0,0.7791407
0.0,0.3222927
1.0,0.76361215
1.0,0.90143645
0.0,0.008608311
1.0,0.57495093
1.0,0.9888395
1.0,0.9925877
1.0,0.9765232
0.0,0.75092393
0.0,0.058313727
1.0,0.98477584
0.0,0.014399022
0.0,0.5001732
1.0,0.9964434
0.0,0.015979469
0.0,0.60341907
0.0,0.13037121
0.0,0.01166147
0.0,0.09592849
1.0,0.99717486
0.0,0.019933969
0.0,0.5617999
1.0,0.5360895
0.0,0.012997687
1.0,0.9828249
0.0,0.3049891
0.0,0.09950906
0.0,0.016784817
0.0,0.023064077
1.0,0.8232998
0.0,0.054713428
0.0,0.2614231
1.0,0.92133343
1.0,0.98377824
0.0,0.0392192
0.0,0.011277854
0.0,0.014718145
1.0,0.8352552
0.0,0.003821373
1.0,0.9376565
1.0,0.69873583
1.0,0.34736627
1.0,0.96184856
1.0,0.957925
0.0,0.9844311
1.0,0.8860753
1.0,0.994856
0.0,0.018295228
0.0,0.027638525
0.0,0.044388235
1.0,0.6008162
0.0,0.024450332
0.0,0.009503722
0.0,0.26547247
1.0,0.9988722
0.0,0.12931406
1.0,0.9123725
0.0,0.48596242
0.0,0.80994415
0.0,0.04713148
0.0,0.013196051
0.0,0.014421284
1.0,0.60586095
1.0,0.9971024
0.0,0.05077687
0.0,0.1278252
1.0,0.43217802
0.0,0.002349019
1.0,0.9777875
0.0,0.018526942
0.0,0.025558293
0.0,0.031649858
1.0,0.9837098
1.0,0.8789345
0.0,0.0084502995
0.0,0.28495306
1.0,0.41207227
0.0,0.066958725
0.0,0.035457462
1.0,0.9454359
1.0,0.99947643
1.0,0.8945876
0.0,0.042095095
1.0,0.96225053
1.0,0.94359994
0.0,0.3838091
0.0,0.009363234
0.0,0.012709916
0.0,0.010864556
0.0,0.003500104
0.0,0.54562455
1.0,0.88923454
1.0,0.8503715
0.0,0.114288926
0.0,0.038791984
0.0,0.22052538
0.0,0.28814292
1.0,0.88702714
0.0,0.98731685
0.0,0.030097961
0.0,0.8006115
0.0,0.96264887
1.0,0.29727066
0.0,0.00816986
0.0,0.8165073
1.0,0.9808004
0.0,0.18615538
0.0,0.6303035
0.0,0.025914818
0.0,0.003546089
1.0,0.8575701
1.0,0.9020163
0.0,0.07825193
0.0,0.9963526
0.0,0.0084114075
0.0,0.9662025
0.0,0.9776058
0.0,0.36158592
0.0,0.040660232
0.0,0.2918954
1.0,0.06381604
0.0,0.031805336
1.0,0.13382101
0.0,0.9622156
0.0,0.0010381937
0.0,0.022901505
0.0,0.054612458
0.0,0.34286976
0.0,0.11972955
1.0,0.99207056
0.0,0.014051437
0.0,0.65853596
0.0,0.030140728
1.0,0.94415796
1.0,0.9466077
0.0,0.0377073
0.0,0.5950697
0.0,0.00843218
1.0,0.9972127
1.0,0.89462453
1.0,0.9649341
0.0,0.15130475
1.0,0.99909705
0.0,0.04487309
0.0,0.05563748
0.0,0.010461599
1.0,0.007385403
0.0,0.0041841567
0.0,0.02374047
1.0,0.9994632
1.0,0.07943371
0.0,0.095771134
1.0,0.99780226
0.0,0.031017005
1.0,0.84975195
0.0,0.055169135
1.0,0.9681606
0.0,0.9931415
0.0,0.35667485
1.0,0.92001975
0.0,0.007244587
0.0,0.07778326
0.0,0.073422045
0.0,0.015863031
0.0,0.053269804
0.0,0.005293131
1.0,0.9126518
1.0,0.6457513
0.0,0.34197164
0.0,0.018092006
0.0,0.009147733
0.0,0.7560656
1.0,0.98889947
0.0,0.018773377
0.0,0.42870855
0.0,0.95871353
0.0,0.62798244
0.0,0.0031161606
1.0,0.9303055
1.0,0.9808732
0.0,0.0059917867
0.0,0.13859043
0.0,0.07797822
0.0,0.022602737
1.0,0.810904
0.0,0.8992282
0.0,0.15475482
0.0,0.009661943
1.0,0.37548774
0.0,0.013064653
0.0,0.055497497
1.0,0.99549353
0.0,0.039703637
0.0,0.32934883
1.0,0.7168422
1.0,0.8792851
1.0,0.997236
0.0,0.005616665
0.0,0.015458852
0.0,0.68251294
0.0,0.01908362
1.0,0.973274
0.0,0.13123137
1.0,0.3481372
0.0,0.0011161566
0.0,0.006046146
0.0,0.24604583
1.0,0.9888133
0.0,0.4247569
0.0,0.093319416
0.0,0.22800714
1.0,0.92039955
0.0,0.024781734
0.0,0.35408404
0.0,0.0027123392
1.0,0.073459506
0.0,0.01957336
0.0,0.016497344
1.0,0.15471762
1.0,0.9977531
0.0,0.0024925768
1.0,0.9907649
1.0,0.991801
1.0,0.94397295
1.0,0.98298216
0.0,0.020462036
1.0,0.8245349
0.0,0.9891057
1.0,0.09468076
0.0,0.053833902
1.0,0.13487807
0.0,0.122882485
1.0,0.15054956
1.0,0.9995837
1.0,0.6197146
0.0,0.009218067
0.0,0.9106723
0.0,0.74818444
0.0,0.026443452
0.0,0.013495266
0.0,0.4754511
1.0,0.9966743
1.0,0.9946543
1.0,0.93330556
0.0,0.018621981
0.0,0.0068196654
0.0,0.035823584
0.0,0.18490002
1.0,0.057494015
0.0,0.026726514
0.0,0.012113422
0.0,0.063325375
0.0,0.5885014
1.0,0.8981366
0.0,0.9204979
0.0,0.9553275
0.0,0.731144
1.0,0.17633152
0.0,0.012609959
0.0,0.4094065
1.0,0.71878254
0.0,0.8714559
1.0,0.8645878
0.0,0.13506809
0.0,0.29132712
0.0,0.0202505
0.0,0.017858446
0.0,0.0021170974
1.0,0.9555474
0.0,0.035398424
0.0,0.02324742
1.0,0.99407184
1.0,0.9762977
0.0,0.24326137
1.0,0.047574013
0.0,0.9132216
0.0,0.028054595
1.0,0.983277
0.0,0.0072671473
0.0,0.26031274
0.0,0.045968026
0.0,0.025595516
1.0,0.98996985
1.0,0.9758719
1.0,0.86960214
1.0,0.9967934
0.0,0.021895826
0.0,0.014226139
0.0,0.33725876
1.0,0.97849447
0.0,0.06895968
0.0,0.020071149
1.0,0.987454
1.0,0.88993156
1.0,0.9528229
0.0,0.01897782
0.0,0.20584643
0.0,0.79496014
1.0,0.9887024
1.0,0.9735094
1.0,0.98963654
0.0,0.26874918
0.0,0.006070167
0.0,0.0066868663
1.0,0.9271405
1.0,0.37353653
0.0,0.49554256
1.0,0.92624
1.0,0.6222449
1.0,0.9848471
1.0,0.52871716
0.0,0.07565856
0.0,0.18585756
1.0,0.6166466
1.0,0.8337159
0.0,0.016307443
0.0,0.020603389
0.0,0.0057429373
0.0,0.025655031
0.0,0.0144685805
0.0,0.8210033
0.0,0.010074258
0.0,0.053456366
1.0,0.778425
1.0,0.92383957
0.0,0.77256763
1.0,0.998104
0.0,0.0052089393
1.0,0.964509
0.0,0.14548367
1.0,0.99658906
0.0,0.0017512739
0.0,0.005993098
0.0,0.0047204792
0.0,0.7273352
1.0,0.4215348
1.0,0.9394647
0.0,0.035887808
0.0,0.10700995
1.0,0.6354925
0.0,0.017218381
1.0,0.9465654
1.0,0.93044674
0.0,0.0124492645
0.0,0.32226497
0.0,0.106179565
0.0,0.98449486
0.0,0.90894914
0.0,0.006112635
0.0,0.60928386
0.0,0.016447842
1.0,0.9578673
1.0,0.99814725
1.0,0.9341415
1.0,0.7787013
0.0,0.008462697
0.0,0.4292128
1.0,0.9565182
0.0,0.97213626
0.0,0.018371284
0.0,0.2273502
1.0,0.88005376
1.0,0.6447984
0.0,0.124141395
1.0,0.9970794
1.0,0.99031556
0.0,0.00094774365
0.0,0.014671624
1.0,0.98763764
0.0,0.0026780367
0.0,0.9031752
0.0,0.0019893348
0.0,0.121387154
1.0,0.14736718
0.0,0.042734474
0.0,0.03677249
0.0,0.32751936
1.0,0.29336983
0.0,0.014025331
0.0,0.026539296
1.0,0.9906825
0.0,0.027338088
0.0,0.24560907
0.0,0.9918611
1.0,0.99839044
1.0,0.6422413
1.0,0.6755576
0.0,0.11781603
0.0,0.5357838
1.0,0.31816286
0.0,0.011244237
0.0,0.048134327
0.0,0.49964595
0.0,0.08199826
1.0,0.5443919
0.0,0.023498535
0.0,0.83242834
1.0,0.9357138
0.0,0.027185917
0.0,0.016765088
0.0,0.82668483
0.0,0.12257761
1.0,0.85531354
1.0,0.99699634
0.0,0.749437
1.0,0.9300486
0.0,0.0043675303
0.0,0.037727445
0.0,0.009838641
1.0,0.7195478
0.0,0.012786537
0.0,0.016023695
1.0,0.9987705
1.0,0.9596026
1.0,0.9642416
0.0,0.58227444
1.0,0.90466225
1.0,0.9941919
0.0,0.0005900264
0.0,0.9048536
0.0,0.9006963
1.0,0.587684
0.0,0.06882846
0.0,0.841838
0.0,0.009724528
0.0,0.012221098
0.0,0.0474827
0.0,0.17423931
0.0,0.445629
0.0,0.9939858
0.0,0.35101455
1.0,0.9346372
1.0,0.8694812
1.0,0.8811609
0.0,0.008752942
1.0,0.99832386
0.0,0.7770676
0.0,0.030393243
1.0,0.99333465
0.0,0.34600303
0.0,0.009207755
0.0,0.13232362
0.0,0.01846686
0.0,0.82245857
0.0,0.84612817
0.0,0.054282635
1.0,0.9928685
0.0,0.009043336
0.0,0.007739663
0.0,0.022281855
1.0,0.9787497
1.0,0.9718721
0.0,0.80672646
1.0,0.70796716
0.0,0.005925983
1.0,0.40440196
0.0,0.044742912
0.0,0.008740395
1.0,0.04062444
0.0,0.007897258
0.0,0.0045894682
1.0,0.8578932
0.0,0.7121411
1.0,0.016152501
0.0,0.45382032
0.0,0.09342626
1.0,0.88111687
0.0,0.0030126572
0.0,0.22683308
0.0,0.97482085
0.0,0.004441291
0.0,0.0007305443
1.0,0.987713
0.0,0.017757714
0.0,0.028449774
0.0,0.010193646
1.0,0.8184372
0.0,0.9949451
0.0,0.14430618
1.0,0.80601263
0.0,0.0069674253
0.0,0.010101616
0.0,0.050017238
0.0,0.14469
1.0,0.9521744
0.0,0.01486513
0.0,0.0025691986
0.0,0.0068184435
0.0,0.010737151
0.0,0.96876955
1.0,0.76121897
1.0,0.87052006
0.0,0.009576529
1.0,0.96432644
0.0,0.02730897
0.0,0.067085296
0.0,0.021777421
0.0,0.099543065
1.0,0.99554205
0.0,0.04642707
0.0,0.034814864
0.0,0.6884489
0.0,0.20376289
0.0,0.12117872
0.0,0.006311685
0.0,0.004654795
0.0,0.02825591
0.0,0.011913925
0.0,0.9933406
1.0,0.6508614
0.0,0.2825979
0.0,0.16073045
0.0,0.018070221
1.0,0.99794704
0.0,0.20459026
1.0,0.98044705
0.0,0.044870734
0.0,0.08839613
0.0,0.068834215
1.0,0.9203445
1.0,0.9899021
1.0,0.7919214
1.0,0.9545648
0.0,0.36114562
0.0,0.0107066035
1.0,0.99614525
1.0,0.96249646
0.0,0.016661823
0.0,0.5577654
0.0,0.96537477
1.0,0.7785443
0.0,0.117364675
0.0,0.012137413
0.0,0.08818871
0.0,0.012538582
1.0,0.281591
1.0,0.9782436
0.0,0.00065118074
1.0,0.8854557
0.0,0.022288024
0.0,0.014005095
0.0,0.0074934065
0.0,0.16636345
0.0,0.0063144267
1.0,0.9874027
0.0,0.0010206699
0.0,0.29810774
0.0,0.924997
0.0,0.28960365
0.0,0.96143675
1.0,0.99760073
0.0,0.11921129
0.0,0.020554721
1.0,0.9053315
0.0,0.75820774
0.0,0.013378203
1.0,0.99768984
1.0,0.86638004
0.0,0.09669435
1.0,0.96959335
0.0,0.21689332
1.0,0.8534355
1.0,0.99968904
0.0,0.09367916
1.0,0.9828639
0.0,0.04247561
0.0,0.02729261
0.0,0.3456402
0.0,0.31503528
0.0,0.024813563
0.0,0.017646909
0.0,0.27125564
1.0,0.9780579
0.0,0.44697794
0.0,0.08136153
0.0,0.4881877
0.0,0.19412753
1.0,0.9933659
0.0,0.016261667
0.0,0.46795917
0.0,0.025909334
0.0,0.082439125
0.0,0.025814474
0.0,0.991537
1.0,0.3297531
0.0,0.100314796
1.0,0.8955165
0.0,0.011989236
1.0,0.70282334
0.0,0.06873521
0.0,0.14902857
0.0,0.0157502
0.0,0.80481696
0.0,0.71875906
0.0,0.17940575
0.0,0.051474363
0.0,0.014951527
0.0,0.978305
0.0,0.9749415
1.0,0.9372901
0.0,0.9400051
0.0,0.030794352
1.0,0.9995031
0.0,0.07774383
0.0,0.009727627
0.0,0.013189465
1.0,0.7743942
1.0,0.82860404
1.0,0.5610384
1.0,0.99768883
0.0,0.41395193
1.0,0.9389229
0.0,0.3015043
1.0,0.6570456
0.0,0.02992776
0.0,0.9659779
0.0,0.02279669
0.0,0.36279243
0.0,0.03826362
1.0,0.9867326
1.0,0.22203246
0.0,0.99613845
1.0,0.86685306
0.0,0.008197129
1.0,0.99194264
0.0,0.0073360205
0.0,0.021959543
0.0,0.98630893
0.0,0.7358351
0.0,0.026568472
0.0,0.010352552
1.0,0.99921024
0.0,0.0015545785
1.0,0.9876621
1.0,0.9378632
1.0,0.98423517
0.0,0.012292594
0.0,0.9766155
0.0,0.02702728
0.0,0.55796725
0.0,0.14887816
1.0,0.9117198
0.0,0.3571178
0.0,0.049186915
0.0,0.106295615
0.0,0.0126904845
0.0,0.009049237
0.0,0.22134984
0.0,0.9310719
0.0,0.0174146
0.0,0.37849087
1.0,0.9995208
0.0,0.46973315
0.0,0.017940521
0.0,0.006752014
0.0,0.008456796
1.0,0.96333903
0.0,0.48422965
1.0,0.99335057
0.0,0.59332764
1.0,0.9996519
1.0,0.7361134
0.0,0.003538549
0.0,0.49314904
0.0,0.057390988
0.0,0.782898
0.0,0.00880748
0.0,0.47254434
1.0,0.95731336
0.0,0.00465405
1.0,0.91909784
0.0,0.4305937
0.0,0.0016070008
0.0,0.024876654
1.0,0.9760789
0.0,0.011884898
1.0,0.9994762
0.0,0.025611788
0.0,0.072910935
0.0,0.74061406
0.0,0.6969846
0.0,0.45555955
0.0,0.028173417
1.0,0.60438937
1.0,0.96387243
0.0,0.33931696
0.0,0.09539747
0.0,0.016376048
1.0,0.9617436
0.0,0.019591719
1.0,0.25706124
0.0,0.9557703
1.0,0.981358
1.0,0.8839102
0.0,0.049362004
0.0,0.027124494
0.0,0.022259891
1.0,0.7605469
0.0,0.2909975
0.0,0.8373822
1.0,0.99491537
1.0,0.9633095
0.0,0.2709391
0.0,0.025822759
1.0,0.9229679
0.0,0.019408286
0.0,0.009323299
0.0,0.00924629
1.0,0.3680665
0.0,0.06945193
0.0,0.08725512
1.0,0.9549592
1.0,0.9339534
0.0,0.59134024
0.0,0.01222685
0.0,0.005561471
1.0,0.9625477
1.0,0.994474
1.0,0.6581329
0.0,0.07741895
0.0,0.008956462
0.0,0.048498213
0.0,0.004043758
1.0,0.95683676
0.0,0.00803557
0.0,0.7960614
0.0,0.0051462054
0.0,0.17207879
0.0,0.16933897
0.0,0.009278506
0.0,0.5207187
0.0,0.017722726
0.0,0.017625898
1.0,0.546817
1.0,0.9593725
0.0,0.6564021
0.0,0.8337064
1.0,0.06356314
0.0,0.0073643923
1.0,0.74500763
0.0,0.16955811
0.0,0.017604291
1.0,0.99476254
1.0,0.99152386
0.0,0.9493884
0.0,0.40335786
1.0,0.58091754
0.0,0.042953998
0.0,0.16683689
0.0,0.9997654
0.0,0.014286578
1.0,0.9819764
1.0,0.64346546
0.0,0.3374073
0.0,0.003960669
0.0,0.08359152
1.0,0.9607773
0.0,0.05887544
1.0,0.37789178
0.0,0.091059774
1.0,0.8594979
1.0,0.9500972
0.0,0.76458305
1.0,0.8751837
0.0,0.7213513
0.0,0.0068665147
1.0,0.99934816
1.0,0.60474813
0.0,0.0118891
0.0,0.2834829
0.0,0.9078079
0.0,0.72855455
1.0,0.9952305
0.0,0.06448305
0.0,0.50189835
0.0,0.019281209
1.0,0.91463244
0.0,0.037015676
0.0,0.9527806
1.0,0.9624069
0.0,0.008381814
0.0,0.9749198
0.0,0.119292974
1.0,0.84804475
0.0,0.35069212
1.0,0.98819435
0.0,0.016464978
1.0,0.2520318
1.0,0.60533357
1.0,0.9955188
1.0,0.95136774
0.0,0.0026896298
1.0,0.9448706
0.0,0.039796114
1.0,0.9994359
1.0,0.7513008
0.0,0.4620176
1.0,0.8662391
0.0,0.0034997761
1.0,0.7722776
1.0,0.39777648
0.0,0.040414095
0.0,0.99237084
1.0,0.99974084
1.0,0.6605828
0.0,0.25610855
0.0,0.85955167
0.0,0.00058835745
0.0,0.014115393
0.0,0.85257405
1.0,0.97266257
1.0,0.92397034
1.0,0.37178034
1.0,0.94193184
1.0,0.989278
1.0,0.9975717
0.0,0.34077865
1.0,0.99790275
0.0,0.013272762
0.0,0.024832547
0.0,0.011237353
1.0,0.08166811
1.0,0.76623994
0.0,0.061979353
0.0,0.022789747
0.0,0.9435364
1.0,0.9577929
1.0,0.49567467
1.0,0.96430063
0.0,0.016315818
0.0,0.96455884
0.0,0.038133383
0.0,0.7356998
0.0,0.012146473
0.0,0.01859656
1.0,0.99840164
1.0,0.9792129
0.0,0.024845928
0.0,0.06695068
0.0,0.57849437
0.0,0.43650442
0.0,0.68595666
0.0,0.4043164
0.0,0.81189764
1.0,0.8928988
0.0,0.09997022
1.0,0.96899843
0.0,0.020665318
0.0,0.96080786
0.0,0.21891442
0.0,0.30753925
1.0,0.9914303
1.0,0.94490194
1.0,0.7021897
1.0,0.8445678
0.0,0.0045139194
0.0,0.6351948
1.0,0.6572497
1.0,0.86786664
0.0,0.16825765
0.0,0.012183815
0.0,0.13994405
1.0,0.39608285
0.0,0.008425057
1.0,0.06739545
0.0,0.029174715
0.0,0.15556422
0.0,0.024130046
0.0,0.061966956
0.0,0.85849917
0.0,0.030984342
0.0,0.19866902
1.0,0.9987738
0.0,0.008256257
0.0,0.6915889
0.0,0.046620727
1.0,0.4533886
0.0,0.10195917
1.0,0.9973693
0.0,0.019368917
0.0,0.022265315
0.0,0.001529485
0.0,0.59486836
0.0,0.016269058
0.0,0.007557243
1.0,0.981437
0.0,0.36333212
1.0,0.9438791
1.0,0.79179716
0.0,0.018573433
0.0,0.037383616
1.0,0.9918164
1.0,0.9996549
0.0,0.05788532
0.0,0.48998886
0.0,0.023528218
0.0,0.17930114
0.0,0.010979295
1.0,0.98394835
0.0,0.047764033
1.0,0.9448676
1.0,0.5475715
0.0,0.98089886
0.0,0.12964365
0.0,0.0087117255
0.0,0.0071453154
0.0,0.92350173
0.0,0.014995754
0.0,0.019721508
0.0,0.9026026
1.0,0.96659493
1.0,0.80281496
0.0,0.047894806
0.0,0.011239201
0.0,0.792271
1.0,0.9582182
0.0,0.015160292
0.0,0.08634007
1.0,0.91386354
1.0,0.9968145
0.0,0.41960585
0.0,0.83911073
0.0,0.031360656
1.0,0.98159677
0.0,0.030412346
1.0,0.9921603
1.0,0.8890568
0.0,0.048621267
0.0,0.21448964
0.0,0.087142855
1.0,0.75677645
0.0,0.15833199
1.0,0.90708536
0.0,0.013073236
1.0,0.9503932
0.0,0.23611364
0.0,0.012148619
0.0,0.033792526
1.0,0.9986259
0.0,0.76713085
1.0,0.9976273
1.0,0.9327328
0.0,0.006947845
1.0,0.050687164
0.0,0.06994435
1.0,0.6123418
0.0,0.016908139
1.0,0.9583694
0.0,0.0070429146
1.0,0.8689419
1.0,0.9964111
1.0,0.9987198
0.0,0.013217062
1.0,0.9975995
1.0,0.92895836
0.0,0.01886645
1.0,0.9953168
1.0,0.42461696
1.0,0.07087895
0.0,0.5762261
0.0,0.056694593
0.0,0.94382924
0.0,0.045937065
