0.0,0.4622267
0.0,0.41684437
1.0,0.06380528
0.0,0.032368958
1.0,0.6515508
0.0,0.016584784
1.0,0.9584353
1.0,0.74105275
1.0,0.7254374
0.0,0.04153654
0.0,0.23742071
1.0,0.61006105
0.0,0.03012526
0.0,0.22222829
0.0,0.019774556
0.0,0.011674821
1.0,0.71930677
0.0,0.027234465
0.0,0.01615718
1.0,0.7014163
1.0,0.26375967
0.0,0.0114399195
1.0,0.8218789
0.0,0.12896359
0.0,0.0013674498
1.0,0.70454156
0.0,0.13536823
1.0,0.5636064
0.0,0.024616271
1.0,0.8636779
0.0,0.011721194
0.0,0.07465199
1.0,0.8431184
1.0,0.9842939
1.0,0.86582094
1.0,0.9124266
1.0,0.5096605
0.0,0.02231446
1.0,0.88813376
1.0,0.012134165
1.0,0.78177506
1.0,0.9522789
0.0,0.010581374
1.0,0.79367125
1.0,0.8735311
0.0,0.017825007
0.0,0.0005978942
0.0,0.014411569
0.0,0.009014428
1.0,0.9077726
0.0,0.4403598
1.0,0.7166635
1.0,0.9256071
1.0,0.7027305
0.0,0.032151222
0.0,0.01931274
0.0,0.22304836
1.0,0.045518726
1.0,0.8126421
1.0,0.21992111
1.0,0.97687936
0.0,0.3990271
1.0,0.96217453
1.0,0.7671716
1.0,0.88034016
0.0,0.22633672
0.0,0.40322804
1.0,0.9315671
0.0,0.022570878
1.0,0.92702484
0.0,0.21583101
1.0,0.86525273
0.0,0.00042039156
0.0,0.051874787
1.0,0.30399305
0.0,0.4960594
0.0,0.011109114
0.0,0.27672485
0.0,0.035984814
1.0,0.79593766
0.0,0.01384148
1.0,0.9235455
1.0,0.93910396
1.0,0.9932133
1.0,0.9071721
1.0,0.5701635
1.0,0.9554913
0.0,0.2987586
0.0,0.04466155
1.0,0.6760229
0.0,0.00836727
1.0,0.16132757
0.0,0.050802857
0.0,0.72987866
0.0,0.0835174
1.0,0.8526459
0.0,0.015709221
0.0,0.028806597
1.0,0.34396678
1.0,0.9223441
0.0,0.005605489
0.0,0.039469212
1.0,0.019019783
0.0,0.04863879
0.0,0.10683292
1.0,0.65437764
1.0,0.004010886
0.0,0.01847899
1.0,0.034609497
1.0,0.98137593
1.0,0.83416677
0.0,0.2155563
1.0,0.06325051
0.0,0.043264687
0.0,0.051935583
1.0,0.53831816
0.0,0.030367255
1.0,0.66534287
1.0,0.079134375
1.0,0.8824786
0.0,0.5371604
1.0,0.96581066
0.0,0.8947523
0.0,0.017980933
0.0,0.15410426
1.0,0.15622225
0.0,0.0022530854
0.0,0.13629252
1.0,0.91173637
1.0,0.7800559
1.0,0.94661796
0.0,0.014527112
0.0,0.007720858
1.0,0.2621028
1.0,0.9726596
0.0,0.78209525
0.0,0.007370621
0.0,0.10227683
0.0,0.2518466
0.0,0.027205616
1.0,0.91891444
0.0,0.30139315
1.0,0.05898267
0.0,0.06716436
0.0,0.01730597
0.0,0.0011394918
1.0,0.6932273
0.0,0.021844685
0.0,0.078193426
0.0,0.05188328
0.0,0.12930754
0.0,0.0021548271
0.0,0.0025323927
0.0,0.79305434
0.0,0.25095665
1.0,0.82829356
0.0,0.0059331954
0.0,0.016621977
1.0,0.98649234
0.0,0.023730457
0.0,0.16138247
0.0,0.26233664
0.0,0.014879823
0.0,0.08105427
1.0,0.97038305
0.0,0.29376274
1.0,0.72185796
0.0,0.043606043
0.0,0.012167454
1.0,0.7101151
0.0,0.70217127
0.0,0.95603716
0.0,0.5351561
0.0,0.0006144643
1.0,0.67853975
1.0,0.9112719
0.0,0.01622513
1.0,0.65126985
0.0,0.21508667
1.0,0.87250507
1.0,0.8636409
1.0,0.8900962
1.0,0.9461379
1.0,0.9114902
0.0,0.8271203
0.0,0.00046133995
0.0,0.011410266
0.0,0.9455322
0.0,0.14076668
0.0,0.008431554
1.0,0.5894551
0.0,0.0022184253
0.0,0.7525755
1.0,0.8483782
1.0,0.48042077
1.0,0.9257474
0.0,0.010073483
0.0,0.1536209
0.0,0.0075915754
1.0,0.057869196
0.0,0.12312755
0.0,0.5325212
0.0,0.38742164
0.0,0.60719496
0.0,0.051790476
1.0,0.12207389
0.0,0.00488469
1.0,0.3961078
0.0,0.0015677214
0.0,0.052346826
0.0,0.0045708716
1.0,0.9068769
0.0,0.1445193
0.0,0.11301643
0.0,0.018996239
0.0,0.002396971
0.0,0.8787274
0.0,0.37266523
1.0,0.9487829
0.0,0.003785938
0.0,0.0041665733
1.0,0.9098489
1.0,0.9525915
0.0,0.23194069
0.0,0.015913218
0.0,0.0011805296
0.0,0.07196307
0.0,0.006943971
0.0,0.087162256
1.0,0.97619283
0.0,0.03178236
1.0,0.4800797
0.0,0.0067576766
1.0,0.72979194
1.0,0.6557044
0.0,0.0530034
0.0,0.01903823
0.0,0.015443414
1.0,0.9172643
1.0,0.8500899
1.0,0.9488561
1.0,0.7421664
0.0,0.0071315467
0.0,0.8209957
1.0,0.9634564
0.0,0.38005343
0.0,0.008912206
0.0,0.011338532
0.0,0.25528726
0.0,0.09652844
0.0,0.011063248
0.0,0.06729126
1.0,0.22039819
0.0,0.006761372
0.0,0.3348214
0.0,0.18389896
1.0,0.8641141
1.0,0.9148665
0.0,0.020308524
0.0,0.043888032
0.0,0.009488761
1.0,0.9603536
0.0,0.02120167
0.0,0.0042084455
0.0,0.030121744
0.0,0.004881799
1.0,0.97284603
1.0,0.63326705
1.0,0.9717767
0.0,0.014939129
1.0,0.89523077
0.0,0.044733375
0.0,0.01631561
0.0,0.63563615
1.0,0.90483433
1.0,0.40884128
0.0,0.0038087368
0.0,0.056381077
1.0,0.9365153
1.0,0.23864472
0.0,0.023695678
1.0,0.6815422
1.0,0.8760645
0.0,0.72117114
0.0,0.20981687
0.0,0.003357321
0.0,0.017704785
0.0,0.2990739
0.0,0.060602218
1.0,0.96635735
0.0,0.0070507824
0.0,0.0065865517
1.0,0.982205
0.0,0.010264933
1.0,0.9575089
1.0,0.041163325
1.0,0.79900336
1.0,0.6247593
1.0,0.8299408
0.0,0.039302945
1.0,0.881811
0.0,0.5221662
1.0,0.94418395
0.0,0.7889457
0.0,0.39605814
0.0,0.014240593
0.0,0.073366135
0.0,0.19554308
1.0,0.8233986
0.0,0.79122907
1.0,0.7467942
0.0,0.82879364
1.0,0.85436916
1.0,0.98404217
0.0,0.014615864
0.0,0.0016839802
0.0,0.003463298
1.0,0.8720864
1.0,0.13162735
0.0,0.0011247098
0.0,0.0003015697
0.0,0.015945494
0.0,0.050360322
1.0,0.92834234
1.0,0.78520566
0.0,0.051142722
0.0,0.6883694
1.0,0.8698448
1.0,0.9217551
1.0,0.5621573
0.0,0.069107234
0.0,0.41612127
0.0,0.0005478859
0.0,0.7173731
1.0,0.9259833
1.0,0.86199534
0.0,0.051045775
0.0,0.022693723
0.0,0.0038310587
0.0,0.54973644
0.0,0.0007864535
0.0,0.17722312
1.0,0.5562548
0.0,0.09930363
0.0,0.008904427
0.0,0.068137646
0.0,0.9615027
0.0,0.6789721
0.0,0.05501619
0.0,0.0024158359
1.0,0.47757167
0.0,0.03818032
1.0,0.8501079
0.0,0.0032376647
0.0,0.11523938
0.0,0.15348077
0.0,0.0010696054
0.0,0.9065039
1.0,0.25339586
1.0,0.83525205
0.0,0.13273254
1.0,0.57458663
0.0,0.0065597
0.0,0.37869883
0.0,0.26649088
0.0,0.8423667
0.0,0.017971009
0.0,0.00054216385
1.0,0.5440086
0.0,0.007148385
1.0,0.9219457
0.0,0.0025049448
1.0,0.33909047
0.0,0.10887438
1.0,0.15601635
1.0,0.87307566
1.0,0.96275574
0.0,0.0027906895
0.0,0.049146622
1.0,0.9070883
0.0,0.056722224
0.0,0.05815968
1.0,0.015619189
1.0,0.87051296
0.0,0.5841488
1.0,0.8916597
1.0,0.9759635
0.0,0.6690356
0.0,0.015604854
0.0,0.41198152
0.0,0.015839368
0.0,0.0057729185
0.0,0.3475915
1.0,0.97822464
0.0,0.08874461
1.0,0.38527417
1.0,0.5202929
0.0,0.020104319
0.0,0.0391393
0.0,0.66063523
1.0,0.96939003
1.0,0.9314624
1.0,0.4564364
0.0,0.035903692
1.0,0.9325547
1.0,0.8769436
0.0,0.0038191974
0.0,0.33072007
0.0,0.87956846
0.0,0.48465502
1.0,0.8030027
0.0,0.010463357
1.0,0.08521548
0.0,0.86758316
0.0,0.057671636
0.0,0.016050518
0.0,0.015688986
0.0,0.0095644
0.0,0.009984702
0.0,0.05009845
0.0,0.011547953
0.0,0.08339521
0.0,0.2784513
0.0,0.056909114
0.0,0.011151284
0.0,0.28506184
0.0,0.0074373484
1.0,0.7877417
0.0,0.27501583
1.0,0.85509866
0.0,0.081510305
0.0,0.007245153
0.0,0.010351449
0.0,0.8835486
0.0,0.40983415
0.0,0.09432113
0.0,0.26262987
0.0,0.0008100271
0.0,0.00942868
0.0,0.007927507
0.0,0.48121098
1.0,0.8205415
0.0,0.040344805
0.0,0.0031374693
0.0,0.4932822
0.0,0.0195598
1.0,0.6447176
0.0,0.8126369
1.0,0.36044914
0.0,0.0041044354
0.0,0.20595199
1.0,0.93796086
0.0,0.9049729
1.0,0.4488687
1.0,0.9548188
1.0,0.8239373
1.0,0.8923359
0.0,0.016470194
1.0,0.7244055
0.0,0.003998041
0.0,0.025366575
0.0,0.13648313
1.0,0.91314065
0.0,0.002473116
0.0,0.01340431
1.0,0.37275392
1.0,0.9957553
0.0,0.06921759
0.0,0.00066900253
1.0,0.6796424
0.0,0.025601417
1.0,0.8202081
0.0,0.3024309
0.0,0.51942694
1.0,0.67831063
0.0,0.78724587
0.0,0.0014675558
1.0,0.19090804
0.0,0.054873765
1.0,0.9877968
0.0,0.010068804
1.0,0.2783513
1.0,0.7522576
1.0,0.8788503
1.0,0.98587954
0.0,0.029297203
0.0,0.070941836
1.0,0.5896015
0.0,0.004143119
0.0,0.44430912
1.0,0.65514934
1.0,0.79659164
1.0,0.9490967
0.0,0.011082709
1.0,0.93125594
1.0,0.8827195
0.0,0.031571597
1.0,0.96947825
0.0,0.64792955
1.0,0.9011386
1.0,0.9089937
0.0,0.797258
0.0,0.49749568
1.0,0.091496766
0.0,0.2668606
1.0,0.93663704
0.0,0.5771322
0.0,0.031296134
0.0,0.9036485
1.0,0.9892553
0.0,0.003962606
0.0,0.0046744645
0.0,0.8087555
1.0,0.6934289
0.0,0.015467823
0.0,0.014532447
0.0,0.27912736
0.0,0.71627045
1.0,0.5626299
1.0,0.97933173
0.0,0.066720635
0.0,0.27872828
0.0,0.1273858
0.0,0.059370786
0.0,0.26431233
1.0,0.83658504
0.0,0.03808832
1.0,0.91397655
0.0,0.70412606
0.0,0.13458103
1.0,0.7578908
0.0,0.027308077
0.0,0.056504577
0.0,0.008412778
0.0,0.0030168295
0.0,0.15621045
0.0,0.0061276257
0.0,0.04784593
0.0,0.12707806
1.0,0.9267119
1.0,0.7183321
0.0,0.0013979971
0.0,0.018887132
1.0,0.93802387
0.0,0.006249368
1.0,0.8891095
0.0,0.15330288
0.0,0.0077701807
1.0,0.8869729
0.0,0.23668605
1.0,0.17421415
0.0,0.45226967
1.0,0.36550117
0.0,0.01892078
0.0,0.014687419
0.0,0.74097586
1.0,0.81869733
0.0,0.005875051
0.0,0.034375697
0.0,0.011698991
0.0,0.9481956
1.0,0.22984499
0.0,0.038539737
0.0,0.0041304827
1.0,0.8916706
1.0,0.07340795
0.0,0.016030222
1.0,0.7897507
0.0,0.044598192
0.0,0.5057392
1.0,0.8890228
1.0,0.9196142
0.0,0.048904598
1.0,0.9126825
1.0,0.9452709
0.0,0.02313599
0.0,0.023302585
0.0,0.08959922
1.0,0.048212737
0.0,0.00028538704
0.0,0.008066893
0.0,0.0029698014
1.0,0.97761554
1.0,0.81025314
0.0,0.05436942
1.0,0.8099607
1.0,0.0568628
0.0,0.25452062
1.0,0.88506293
0.0,0.20429587
1.0,0.9051009
0.0,0.056215793
1.0,0.6036162
0.0,0.007623166
0.0,0.0036689937
1.0,0.7268278
0.0,0.006040424
1.0,0.96693885
0.0,0.05740282
0.0,0.009750694
0.0,0.0060106516
1.0,0.840489
0.0,0.36696774
1.0,0.19860995
0.0,0.0032424033
1.0,0.8255756
1.0,0.65317005
0.0,0.0020242035
1.0,0.88178194
1.0,0.9389814
1.0,0.6323307
1.0,0.6017413
0.0,0.047631115
0.0,0.028793752
0.0,0.64643776
1.0,0.8445349
1.0,0.30446136
0.0,0.009958893
0.0,0.013805419
0.0,0.04143986
1.0,0.9179408
0.0,0.4098695
1.0,0.030684382
1.0,0.7071465
0.0,0.048612088
0.0,0.031231761
1.0,0.93110377
0.0,0.82148904
1.0,0.8819692
0.0,0.57047683
0.0,0.03034252
0.0,0.03153473
1.0,0.12173039
0.0,0.13932195
1.0,0.9330884
0.0,0.009206146
1.0,0.27207577
0.0,0.47589824
0.0,0.11024067
1.0,0.018447518
1.0,0.8857343
1.0,0.7167498
1.0,0.7692635
0.0,0.016360462
0.0,0.038998753
0.0,0.84620935
0.0,0.00079736114
1.0,0.89931893
1.0,0.19791564
0.0,0.0005283356
0.0,0.012307078
0.0,0.002064228
1.0,0.8157909
0.0,0.01628378
0.0,0.14773706
0.0,0.0877879
0.0,0.26783997
0.0,0.017391622
0.0,0.4562723
1.0,0.82262063
0.0,0.63569146
1.0,0.03074959
0.0,0.087010205
0.0,0.79165626
1.0,0.7359287
1.0,0.92723095
1.0,0.883121
0.0,0.17451811
0.0,0.057059824
1.0,0.2339972
0.0,0.009715766
0.0,0.017929018
0.0,0.15079063
1.0,0.887359
0.0,0.073130995
0.0,0.055813402
1.0,0.96409506
0.0,0.027254373
1.0,0.97544163
1.0,0.9215474
1.0,0.9477804
0.0,0.005818337
1.0,0.94410276
1.0,0.884143
0.0,0.11433646
1.0,0.07500407
0.0,0.017644078
0.0,0.27500206
0.0,0.06717828
0.0,0.014612794
1.0,0.48255405
1.0,0.8121158
1.0,0.9539057
1.0,0.8861611
1.0,0.97013974
0.0,0.75273365
0.0,0.9265032
1.0,0.95492804
0.0,0.018464416
1.0,0.6129425
1.0,0.9794514
0.0,0.06649345
1.0,0.19987842
1.0,0.43266279
0.0,0.007944703
0.0,0.009029061
0.0,0.040476263
0.0,0.0074816644
1.0,0.8737683
1.0,0.946105
0.0,0.0077359974
0.0,0.021413445
1.0,0.039073348
1.0,0.5726346
1.0,0.07094854
0.0,0.011998177
1.0,0.8324349
1.0,0.6513136
0.0,0.013137579
0.0,0.037063003
1.0,0.89569473
1.0,0.97217363
0.0,0.46466076
1.0,0.80355525
0.0,0.04361114
0.0,0.5745852
1.0,0.9607405
0.0,0.8750519
1.0,0.94974786
0.0,0.094013184
0.0,0.05221039
0.0,0.01675272
1.0,0.7427702
1.0,0.27485123
0.0,0.0010672212
0.0,0.025815606
1.0,0.7763356
0.0,0.20430383
1.0,0.9763159
1.0,0.6402205
1.0,0.8213548
0.0,0.03395033
0.0,0.41654742
0.0,0.51611245
0.0,0.015226334
0.0,0.0015295446
1.0,0.9341074
0.0,0.4201245
0.0,0.0028251112
1.0,0.91805166
0.0,0.061236233
1.0,0.00710544
1.0,0.83278155
0.0,0.033295065
0.0,0.16343415
0.0,0.7894341
0.0,0.0019052327
0.0,0.008721381
0.0,0.014687568
0.0,0.010239363
0.0,0.9660212
1.0,0.5526871
1.0,0.91562927
0.0,0.84459996
0.0,0.57237613
0.0,0.016646504
0.0,0.027189076
0.0,0.015329748
1.0,0.10242319
0.0,0.011756033
0.0,0.00035458803
1.0,0.84568036
1.0,0.16026673
0.0,0.022725523
0.0,0.94874537
0.0,0.0005236864
0.0,0.4458045
0.0,0.0051172376
0.0,0.04044959
1.0,0.9172193
1.0,0.43767473
1.0,0.92572594
0.0,0.001137048
1.0,0.6235951
1.0,0.8206323
0.0,0.3427038
0.0,0.00089877844
1.0,0.6509347
1.0,0.05527529
1.0,0.8482568
1.0,0.8449644
1.0,0.82205653
0.0,0.10911852
0.0,0.058155477
1.0,0.70838946
0.0,0.0022431314
1.0,0.93061197
0.0,0.007960796
1.0,0.7669629
0.0,0.020566821
0.0,0.17073742
0.0,0.00708881
0.0,0.07753825
0.0,0.37583128
0.0,0.0005992055
0.0,0.004563093
0.0,0.2795642
0.0,0.119068384
0.0,0.0018410087
0.0,0.0020646453
1.0,0.9255537
1.0,0.56574315
1.0,0.8691289
0.0,0.9371769
0.0,0.34397483
0.0,0.7876571
0.0,0.0069617927
1.0,0.9297123
1.0,0.18958291
1.0,0.83874434
1.0,0.95082206
0.0,0.8834326
0.0,0.0117663145
0.0,0.0018624365
1.0,0.766691
0.0,0.02533269
1.0,0.0041398704
1.0,0.95018244
0.0,0.054642946
0.0,0.0016579628
0.0,0.0040014386
0.0,0.44392133
1.0,0.94515944
1.0,0.863127
0.0,0.06457645
1.0,0.9019245
1.0,0.64833975
0.0,0.41391495
0.0,0.023649186
1.0,0.82142043
0.0,0.007209003
0.0,0.0110117495
0.0,0.005150765
0.0,0.3031557
0.0,0.023309201
1.0,0.391967
0.0,0.03590095
0.0,0.7898863
1.0,0.98128736
1.0,0.92916447
0.0,0.5668379
0.0,0.2972812
1.0,0.7846123
0.0,0.074254245
0.0,6.4343214e-05
1.0,0.7429683
0.0,0.06461099
0.0,0.024856985
0.0,0.047329962
1.0,0.8599125
0.0,0.12030423
1.0,0.7960931
1.0,0.9179355
1.0,0.9887196
0.0,0.006415397
1.0,0.3318506
0.0,0.017170906
1.0,0.9418392
0.0,0.042162746
1.0,0.9743892
0.0,0.015931726
0.0,0.030601293
1.0,0.9644512
0.0,0.0052474737
0.0,0.0077734888
1.0,0.8698642
1.0,0.72954905
1.0,0.19629285
1.0,0.64382994
1.0,0.43171087
1.0,0.9325029
1.0,0.80594933
0.0,0.00666672
1.0,0.5402181
1.0,0.9016223
0.0,0.15102851
0.0,0.011827201
0.0,0.0018182993
1.0,0.790365
0.0,0.014859319
0.0,0.10901785
0.0,0.1754058
1.0,0.9496992
0.0,0.011237174
0.0,0.29609525
1.0,0.6672378
1.0,0.93785536
1.0,0.8367764
1.0,0.050633997
0.0,0.9676671
0.0,0.13251331
0.0,0.10049793
0.0,0.014448971
0.0,0.0067322254
0.0,0.20403081
0.0,0.01749885
1.0,0.12883961
1.0,0.94998574
0.0,0.008200794
1.0,0.82204485
0.0,0.004807383
0.0,0.0011782646
1.0,0.9894491
0.0,0.010649055
0.0,0.7446183
0.0,0.014044613
0.0,0.6700763
0.0,0.02093324
0.0,0.011865705
0.0,0.9517899
1.0,0.8788161
0.0,0.049609125
0.0,0.71563125
1.0,0.8175971
0.0,0.029025108
1.0,0.5864023
0.0,0.027254254
0.0,0.006123662
0.0,0.0112552345
0.0,0.21035269
0.0,0.0019125044
0.0,0.0063049197
0.0,0.015608996
0.0,0.11324221
0.0,0.8817959
1.0,0.6818763
0.0,0.16901165
1.0,0.928545
0.0,0.93698704
1.0,0.05619684
0.0,0.13796228
0.0,0.007427484
0.0,0.09248683
1.0,0.96038425
1.0,0.11679229
1.0,0.2413367
0.0,0.0070174336
0.0,0.8679095
1.0,0.61033607
0.0,0.12108049
0.0,0.027326435
1.0,0.7130542
0.0,0.02954328
1.0,0.9288555
1.0,0.58514243
0.0,0.01534462
1.0,0.28352594
0.0,0.14447212
1.0,0.11842784
0.0,0.54868054
1.0,0.98688406
0.0,0.00035002828
0.0,0.8708366
0.0,0.02400294
0.0,0.094352394
0.0,0.005650997
0.0,0.05311346
0.0,0.073863685
1.0,0.85583776
0.0,0.020950705
0.0,0.0003528893
0.0,7.6025724e-05
0.0,0.21398276
0.0,0.13048244
1.0,0.6164142
0.0,0.6548208
0.0,0.2146132
1.0,0.35708496
0.0,0.30895904
1.0,0.9213475
0.0,0.8754487
1.0,0.28654486
1.0,0.86233443
0.0,0.0031343102
1.0,0.9938687
0.0,0.48954043
0.0,0.04157573
0.0,0.008895904
0.0,0.045678914
1.0,0.071465224
1.0,0.96597123
0.0,0.02290991
0.0,0.047176957
1.0,0.9754882
0.0,0.019440591
1.0,0.6842511
1.0,0.019384444
1.0,0.72596693
0.0,0.098792225
1.0,0.65633667
0.0,0.06252092
1.0,0.8793837
1.0,0.19274607
0.0,0.14523306
0.0,0.64734983
0.0,0.010768741
0.0,0.4985662
1.0,0.7594488
1.0,0.89076567
1.0,0.9702702
0.0,0.034629226
0.0,0.00043195486
1.0,0.9488177
0.0,0.90363395
0.0,0.0049623847
0.0,0.028816253
1.0,0.766735
0.0,0.038982242
0.0,0.010971904
0.0,0.044407547
0.0,0.112712115
1.0,0.7628962
1.0,0.87991136
0.0,0.12978363
0.0,0.011486411
0.0,0.0055392385
1.0,0.9848906
0.0,0.10964492
0.0,0.87327904
1.0,0.91376173
0.0,0.00060766935
0.0,0.4466486
1.0,0.8452577
0.0,0.16856557
1.0,0.17235658
1.0,0.047411203
0.0,0.021772265
0.0,0.011313021
0.0,0.0068328977
0.0,0.00543195
1.0,0.90600896
1.0,0.99215496
1.0,0.9063221
1.0,0.20266494
0.0,0.8744792
0.0,0.051611304
1.0,0.6552893
1.0,0.9228023
0.0,0.0026422143
0.0,0.008766741
1.0,0.2502529
0.0,0.0026017427
1.0,0.87112105
0.0,0.0037707388
0.0,0.07112852
1.0,0.932533
0.0,0.05976361
0.0,0.00493142
0.0,0.013905346
0.0,0.07065338
0.0,0.44619462
1.0,0.31987447
0.0,0.008742094
1.0,0.9786272
0.0,0.082616925
1.0,0.770885
0.0,0.04834345
1.0,0.7196997
1.0,0.9506324
1.0,0.9942988
0.0,0.900546
0.0,0.0092151165
1.0,0.68337035
0.0,0.19359463
0.0,0.04817462
1.0,0.7886776
1.0,0.42936713
0.0,0.025781363
1.0,0.9474429
1.0,0.81361985
0.0,0.7097396
0.0,0.011112273
0.0,0.78520477
0.0,0.005377054
0.0,0.0006546676
0.0,0.86493075
1.0,0.863271
1.0,0.97537136
1.0,0.929817
0.0,0.005155146
0.0,0.0049912035
0.0,0.002164334
0.0,0.021651179
0.0,0.011274755
0.0,0.055062205
1.0,0.91643417
1.0,0.93867004
1.0,0.7773371
0.0,0.16870388
0.0,0.017398894
1.0,0.9524905
0.0,0.5227574
0.0,0.8573758
1.0,0.8439348
0.0,0.59258217
0.0,0.44397676
1.0,0.7304763
0.0,0.02964589
1.0,0.40824646
1.0,0.93503755
0.0,0.91176116
0.0,0.0076403916
1.0,0.99105096
0.0,0.0012024045
0.0,0.48114085
1.0,0.24371657
1.0,0.8206041
1.0,0.83441556
1.0,0.8095122
0.0,0.8522153
0.0,0.030002773
0.0,0.006885767
1.0,0.69634676
0.0,0.96678245
1.0,0.7095329
0.0,0.7866256
1.0,0.6347842
1.0,0.34094486
0.0,0.15582302
0.0,0.044154406
0.0,0.005858481
0.0,0.16345167
0.0,0.033258915
0.0,0.020281047
1.0,0.20734572
1.0,0.23202914
0.0,0.8039918
1.0,0.9230298
1.0,0.16131866
0.0,0.0014637709
0.0,0.1277385
1.0,0.8799151
1.0,0.011740744
0.0,0.010466397
0.0,0.10272434
0.0,0.0075674057
0.0,0.011787653
1.0,0.6768278
1.0,0.8757762
0.0,0.023168713
0.0,0.00038188696
0.0,0.08085418
0.0,0.02988717
0.0,0.008428961
0.0,0.009884238
0.0,0.87401915
0.0,0.5248876
0.0,0.0066951513
0.0,0.03520724
0.0,0.13225946
1.0,0.9555451
1.0,0.8526843
0.0,0.0026897788
0.0,0.037264705
0.0,0.00025308132
0.0,0.010473758
0.0,0.3065207
0.0,0.08652648
0.0,0.008505046
0.0,0.7845554
1.0,0.82141
1.0,0.9692009
1.0,0.8299769
1.0,0.8720813
1.0,0.96082556
0.0,0.5684636
0.0,0.029463768
0.0,0.017986327
0.0,0.057282954
1.0,0.6207419
0.0,0.01353386
1.0,0.8473188
0.0,0.024970084
0.0,0.77655387
0.0,0.8037964
0.0,0.03610888
0.0,0.08390075
0.0,0.3484475
0.0,0.15954173
0.0,0.007486671
1.0,0.85952073
1.0,0.51446
0.0,0.044252604
0.0,0.07726228
0.0,0.007793784
0.0,0.0069922507
1.0,0.9674109
0.0,0.008114517
1.0,0.4462393
0.0,0.09717479
1.0,0.6808788
0.0,0.009632915
0.0,0.08080214
1.0,0.80480593
0.0,0.006637156
1.0,0.931842
0.0,0.036502957
0.0,0.2487635
0.0,0.19080588
0.0,0.0033761263
0.0,0.0036187768
1.0,0.8804819
1.0,0.97598934
0.0,0.18516797
0.0,0.014433622
0.0,0.008775651
0.0,0.053420633
1.0,0.5914401
0.0,0.7000401
1.0,0.20341074
1.0,0.6474544
0.0,0.8622242
0.0,0.027371496
0.0,0.07126534
0.0,0.028939307
0.0,0.036993057
0.0,0.032138914
0.0,0.015421718
0.0,0.4856859
0.0,0.31972426
1.0,0.68828213
0.0,0.96602124
0.0,0.0031563342
1.0,0.87286067
0.0,0.005596161
0.0,0.040763885
0.0,0.00054711103
0.0,0.042454958
1.0,0.063560545
1.0,0.9424248
1.0,0.75021505
0.0,0.0037092268
0.0,0.004897982
0.0,0.017111331
0.0,0.709665
0.0,0.17832959
0.0,0.7703401
1.0,0.99061567
1.0,0.9641753
1.0,0.910321
0.0,0.008643597
1.0,0.9692566
1.0,0.7091584
0.0,0.020109564
1.0,0.8077471
0.0,0.027644724
0.0,0.012078762
0.0,0.80424917
1.0,0.9592906
1.0,0.95259696
1.0,0.62226915
0.0,0.8949642
0.0,0.2512638
0.0,0.023018718
1.0,0.9137279
1.0,0.9782229
1.0,0.93478256
1.0,0.9187485
0.0,0.05199015
0.0,0.0094564855
0.0,0.020273298
0.0,0.1989196
1.0,0.9171071
0.0,0.003343314
0.0,0.27391565
0.0,0.08056784
1.0,0.25910312
0.0,0.06851292
0.0,0.111682415
0.0,0.19849402
0.0,0.76597905
0.0,0.017736852
0.0,0.05959329
0.0,0.0082140565
0.0,0.027206987
0.0,0.0038280487
1.0,0.97033703
1.0,0.24335614
0.0,0.48359966
0.0,0.9485109
0.0,0.30632985
1.0,0.8977784
0.0,0.013922781
0.0,0.013074309
0.0,0.20584244
0.0,0.0032703578
1.0,0.8559554
0.0,0.005882889
0.0,0.12572423
1.0,0.88480926
1.0,0.48686567
1.0,0.93765163
0.0,0.023025125
0.0,0.09884521
1.0,0.9234121
1.0,0.95088005
1.0,0.97326756
0.0,0.86359286
0.0,0.24863213
0.0,0.0012148917
1.0,0.04717061
1.0,0.96738863
0.0,0.008484989
0.0,0.6284143
1.0,0.79045975
1.0,0.928173
0.0,0.0055254996
1.0,0.86285347
1.0,0.5534106
0.0,0.12442806
1.0,0.11810017
0.0,0.070736766
0.0,0.012920946
0.0,0.6926368
0.0,0.010143757
1.0,0.58215797
0.0,0.18992737
1.0,0.73834026
1.0,0.6793971
1.0,0.5779737
0.0,0.0024179518
0.0,0.6494136
1.0,0.5874783
0.0,0.0058995783
1.0,0.76617193
1.0,0.9665657
0.0,0.9385425
0.0,0.16297108
1.0,0.74658513
1.0,0.9842353
0.0,0.0041386485
1.0,0.6292512
1.0,0.7782528
1.0,0.70998794
1.0,0.9843834
1.0,0.741244
1.0,0.9448108
0.0,0.0028316975
0.0,0.77427137
0.0,0.036263764
1.0,0.75262797
1.0,0.06889835
0.0,0.105773
0.0,0.03682205
1.0,0.7895905
0.0,0.0053736567
1.0,0.93977314
0.0,0.52242327
1.0,0.30222124
1.0,0.9329432
0.0,0.636345
1.0,0.43162775
0.0,0.055179864
1.0,0.9880107
1.0,0.9214134
1.0,0.20903757
0.0,0.028688163
0.0,0.016263068
1.0,0.86617166
0.0,0.15427
1.0,0.90357834
0.0,0.012197405
0.0,0.7796619
0.0,0.16786113
0.0,0.17676333
0.0,0.009129316
0.0,0.13168266
0.0,0.5959537
1.0,0.90853846
1.0,0.19153729
0.0,0.005659133
1.0,0.9911223
1.0,0.81777215
0.0,0.8295825
0.0,0.79606426
0.0,0.06395334
0.0,0.01944545
0.0,0.010736644
0.0,0.04969752
1.0,0.1921806
1.0,0.98044944
0.0,0.023339778
0.0,0.0048257113
0.0,0.678234
0.0,0.78256154
0.0,0.19326639
1.0,0.76169586
0.0,0.1514144
0.0,0.045896232
1.0,0.79072034
1.0,0.6303673
0.0,0.031921208
0.0,0.18849978
0.0,0.0033488572
1.0,0.8383027
1.0,0.6726924
0.0,0.08410716
0.0,0.011564225
0.0,0.01080665
0.0,0.27713436
0.0,0.0041832924
1.0,0.96229655
1.0,0.73213553
1.0,0.420929
0.0,0.0005719662
1.0,0.27937466
0.0,0.66856337
1.0,0.9909389
1.0,0.58563125
0.0,0.0143279135
0.0,0.003303796
0.0,0.016298085
0.0,0.72464204
0.0,0.84168744
1.0,0.98992443
0.0,0.7485232
0.0,0.45190886
0.0,0.023094028
0.0,0.001954466
0.0,0.017277509
0.0,0.12292606
0.0,0.09934741
1.0,0.55972147
1.0,0.94762814
0.0,0.0014277399
0.0,0.44705746
0.0,0.4931262
0.0,0.023046196
1.0,0.9732382
0.0,0.04984626
0.0,0.19465739
1.0,0.8601233
0.0,0.831944
0.0,0.068146616
0.0,0.005568683
0.0,0.008243203
1.0,0.9478245
1.0,0.8757607
0.0,0.015293986
1.0,0.24899879
1.0,0.9057158
1.0,0.8391284
0.0,0.42122877
0.0,0.3448364
1.0,0.87092495
1.0,0.92212605
0.0,0.011220127
1.0,0.98108935
0.0,0.007986605
1.0,0.97144085
1.0,0.87692344
1.0,0.68394625
0.0,0.042294383
1.0,0.59675276
1.0,0.4729478
0.0,0.10919246
0.0,0.0060292184
0.0,0.9274185
0.0,0.09886494
0.0,0.016317815
0.0,0.0058534443
1.0,0.9454626
0.0,0.5556154
0.0,0.02880907
0.0,0.41787913
0.0,0.029845566
0.0,0.07304841
0.0,0.004298657
1.0,0.94872546
0.0,0.051202208
0.0,0.0015514791
0.0,0.5140408
1.0,0.73532104
1.0,0.9183891
1.0,0.86307275
1.0,0.96819055
0.0,0.011771262
0.0,0.09714371
0.0,0.054193676
0.0,0.011635929
0.0,0.8173256
0.0,0.009050727
1.0,0.9242364
0.0,0.63787097
1.0,0.2924397
1.0,0.03029576
1.0,0.50003487
0.0,0.009728253
0.0,0.018769652
0.0,0.00877592
0.0,0.010389239
1.0,0.8794055
1.0,0.9269644
1.0,0.19172165
1.0,0.7962547
1.0,0.9839409
0.0,0.036741108
0.0,0.027756155
0.0,0.91460824
0.0,0.021182686
1.0,0.7785791
0.0,0.009270817
0.0,0.78506446
1.0,0.9300703
1.0,0.7215615
0.0,0.01249367
0.0,0.14316598
0.0,0.041238785
0.0,0.107331455
1.0,0.5862956
0.0,0.9571996
0.0,0.60043824
1.0,0.9809046
0.0,0.1190027
1.0,0.9167054
1.0,0.9150685
0.0,0.0082556605
0.0,0.7809879
0.0,0.0035927296
0.0,0.05256021
1.0,0.7694185
0.0,0.015153438
0.0,0.063733846
0.0,0.551409
0.0,0.019751668
1.0,0.9430935
1.0,0.7098221
1.0,0.7075616
1.0,0.89488316
0.0,0.52746975
0.0,0.014266074
1.0,0.8850352
0.0,0.011048436
1.0,0.26869696
0.0,0.003014356
1.0,0.74822974
1.0,0.9754497
0.0,0.4046818
0.0,0.079598606
0.0,0.1128273
0.0,0.025285661
0.0,0.003064245
0.0,0.019198239
1.0,0.8387437
0.0,0.019817024
0.0,0.21330017
0.0,0.33433968
0.0,0.015750468
0.0,0.03573957
0.0,0.005978495
0.0,0.054977715
0.0,0.0032604933
0.0,0.0004993081
0.0,0.032179415
0.0,0.18914554
0.0,0.13870394
1.0,0.26407504
0.0,0.056560278
1.0,0.8993913
0.0,0.007106334
0.0,0.0043014586
1.0,0.80161464
0.0,0.016019285
1.0,0.9651349
0.0,0.23068541
1.0,0.91202176
0.0,0.760887
0.0,0.019667715
1.0,0.61602956
1.0,0.42393816
0.0,0.007877588
0.0,0.021114767
0.0,0.009670079
0.0,0.0025724769
0.0,0.0013667643
0.0,0.91469294
1.0,0.9085176
1.0,0.82199645
0.0,0.1698494
0.0,0.0059996247
1.0,0.65193814
1.0,0.97663856
1.0,0.6237519
0.0,0.016439348
1.0,0.029890448
0.0,0.7458891
1.0,0.24515605
0.0,0.0006222129
1.0,0.76798
0.0,0.01901126
0.0,0.055884242
0.0,0.4256257
0.0,0.7174891
1.0,0.9513346
0.0,0.037039757
0.0,0.056892484
1.0,0.9400817
0.0,0.0037495196
0.0,0.6360826
0.0,0.80944204
1.0,0.9825847
0.0,0.057186067
0.0,0.0106499195
0.0,0.9123864
1.0,0.77712905
0.0,0.00036105514
0.0,0.68435025
0.0,0.011279017
1.0,0.61165154
0.0,0.003977716
1.0,0.9756461
0.0,0.46699834
1.0,0.7981119
1.0,0.97081494
0.0,0.7148091
1.0,0.9484004
1.0,0.91952443
0.0,0.009411424
0.0,0.46872097
0.0,0.05005589
1.0,0.9882437
0.0,0.055111945
1.0,0.78907526
1.0,0.6958777
0.0,0.033559352
1.0,0.9489342
0.0,0.13579383
1.0,0.53426445
0.0,0.66900265
1.0,0.7738705
0.0,0.72980756
1.0,0.003659755
0.0,0.3361319
0.0,0.0033121407
0.0,0.0027715564
0.0,0.016789943
0.0,0.012372375
0.0,0.0011486411
0.0,0.0017021
0.0,0.079598814
0.0,0.06674111
0.0,0.58068043
0.0,0.46230167
0.0,0.008411974
1.0,0.9130279
1.0,0.16236666
0.0,0.48196462
1.0,0.05163896
0.0,0.043079466
0.0,0.106603295
0.0,0.6610945
0.0,0.20472157
0.0,0.08547717
0.0,0.1788728
1.0,0.9121118
0.0,0.0011705458
0.0,0.040180117
1.0,0.0028449
0.0,0.0010098219
1.0,0.9043783
0.0,0.02054435
0.0,0.069936275
1.0,0.29668325
0.0,0.014858544
1.0,0.77870077
0.0,0.011469603
0.0,0.002168864
0.0,0.0026470125
1.0,0.91441315
0.0,0.01736775
1.0,0.7570801
1.0,0.8284687
0.0,0.90253645
0.0,0.00546062
1.0,0.02439183
0.0,0.007882476
0.0,0.08207533
0.0,0.6596766
0.0,0.0018399358
0.0,0.63039744
0.0,0.9327893
1.0,0.17771748
0.0,0.027219832
1.0,0.91290224
0.0,0.0047817826
0.0,0.0072283447
0.0,0.01051423
1.0,0.84302056
1.0,0.9749051
0.0,0.16414055
0.0,0.5193791
0.0,0.013170838
0.0,0.10898453
0.0,0.10733563
0.0,0.004883826
0.0,6.955862e-05
1.0,0.34142658
1.0,0.93686295
0.0,0.01071462
0.0,0.88576746
1.0,0.6870721
0.0,0.0052508116
1.0,0.71791565
0.0,0.012165993
0.0,0.0059807897
1.0,0.9435068
0.0,0.7770538
1.0,0.7257639
1.0,0.90875256
1.0,0.89484334
0.0,0.097914964
0.0,0.05589533
0.0,0.53189397
1.0,0.8485974
0.0,0.120497376
1.0,0.95558214
0.0,0.014880329
0.0,0.009171307
0.0,0.16028157
1.0,0.9165524
0.0,0.025492579
0.0,0.114489764
0.0,0.41467094
1.0,0.18382657
1.0,0.9792006
0.0,0.023336202
0.0,0.008120298
1.0,0.9194215
1.0,0.95950943
1.0,0.86500573
1.0,0.19925377
0.0,0.011349976
1.0,0.886009
0.0,0.04513824
0.0,0.04558164
0.0,0.0061358213
1.0,0.85559595
0.0,0.034594744
0.0,0.100364715
0.0,0.00835979
1.0,0.6800548
0.0,0.31827366
1.0,0.8681829
1.0,0.97270787
0.0,0.05769092
1.0,0.63152355
0.0,0.042373687
1.0,0.73808676
0.0,0.5187719
0.0,0.007328093
0.0,0.018077314
0.0,0.031912297
1.0,0.96048886
0.0,0.039746046
0.0,0.147306
0.0,0.8276087
1.0,0.9764892
1.0,0.94740236
0.0,0.01456961
1.0,0.94396615
1.0,0.91688883
1.0,0.9886937
1.0,0.107987106
0.0,0.34321076
1.0,0.79184693
0.0,0.042494655
0.0,0.39277953
1.0,0.51816803
0.0,0.01713869
0.0,0.08730346
0.0,0.1253438
1.0,0.18233073
0.0,0.3701207
0.0,0.37596723
1.0,0.9573801
0.0,0.0055440366
1.0,0.7899104
0.0,0.011241227
0.0,0.8908898
1.0,0.9099015
1.0,0.8964986
0.0,0.005497396
1.0,0.8523612
1.0,0.96691257
0.0,0.56183356
0.0,0.5446885
1.0,0.73612607
0.0,0.12339625
1.0,0.9762522
0.0,0.016716331
0.0,0.04501906
1.0,0.27789313
1.0,0.8750495
0.0,0.03135729
1.0,0.6892997
0.0,0.20021197
0.0,0.01683712
1.0,0.97394884
0.0,0.12180856
0.0,0.06917989
0.0,0.09649208
1.0,0.4659357
0.0,0.031138718
0.0,0.028648585
1.0,0.6916344
1.0,0.8705369
0.0,0.009294242
0.0,0.36509526
0.0,0.025667101
1.0,0.26423776
0.0,0.52617556
0.0,0.014636904
0.0,0.058285713
0.0,0.023964405
0.0,0.002508998
1.0,0.10704979
0.0,0.24177188
0.0,0.00072184205
0.0,0.011964411
1.0,0.89631784
1.0,0.9895817
1.0,0.80848354
0.0,0.5726811
0.0,0.009734601
0.0,0.9398413
1.0,0.98048246
0.0,0.057557434
1.0,0.8459009
0.0,0.0043374
1.0,0.98182535
0.0,0.10303971
1.0,0.82125324
0.0,0.8964101
1.0,0.8892573
0.0,0.027397126
0.0,0.08087623
1.0,0.47332084
1.0,0.9587563
1.0,0.8788274
0.0,0.30643338
1.0,0.9088173
1.0,0.4794075
1.0,0.34788132
0.0,0.0010521114
1.0,0.8063481
0.0,0.0071201622
0.0,0.8985704
1.0,0.8199843
0.0,0.44708246
0.0,0.017759979
0.0,0.03285402
0.0,0.023266882
0.0,0.6715156
1.0,0.92839885
1.0,0.8689406
0.0,0.79254735
0.0,0.58150387
0.0,0.006866038
1.0,0.97813857
0.0,0.5646715
0.0,0.30972847
0.0,0.011913896
0.0,0.016236573
0.0,0.028444111
0.0,0.88116354
1.0,0.9360869
1.0,0.9827747
1.0,0.058574736
0.0,0.09440756
0.0,0.0058960915
0.0,0.010150731
0.0,0.008544266
0.0,0.06341648
1.0,0.9263631
0.0,0.040281087
0.0,0.1166662
1.0,0.9471997
0.0,0.009617895
1.0,0.18731773
1.0,0.6920951
0.0,0.16861823
0.0,0.00249362
0.0,0.060713083
1.0,0.7939923
0.0,0.16973993
0.0,0.019963264
1.0,0.89618266
1.0,0.63459516
0.0,0.0124696195
0.0,0.0036655366
0.0,0.5324056
0.0,0.004129261
0.0,0.23048553
1.0,0.43206137
1.0,0.9062333
0.0,0.008466452
0.0,0.0007712543
0.0,0.6953204
0.0,0.16035679
1.0,0.7821878
0.0,0.21520501
1.0,0.940977
0.0,0.04706216
1.0,0.9619516
0.0,0.014206111
1.0,0.90661305
1.0,0.832386
0.0,0.028582186
0.0,0.43966168
0.0,0.019514501
0.0,0.087833375
1.0,0.42833942
1.0,0.01907751
1.0,0.22743073
1.0,0.107590854
1.0,0.7651884
0.0,0.0038657784
1.0,0.8502515
1.0,0.6147925
0.0,0.027199
0.0,0.016110092
0.0,0.019537836
1.0,0.85169685
1.0,0.9679188
0.0,0.87281644
0.0,0.02130419
1.0,0.8688066
0.0,0.027728677
0.0,0.025458485
1.0,0.8944361
0.0,0.5830718
0.0,0.05606565
1.0,0.3004424
1.0,0.8264171
0.0,0.0075090826
0.0,0.046217322
0.0,0.033381462
1.0,0.8646269
1.0,0.91901565
0.0,0.5945859
0.0,0.3187845
1.0,0.91293645
1.0,0.6255054
0.0,0.0047148764
0.0,0.17529386
0.0,0.033275098
1.0,0.3108719
1.0,0.81853515
0.0,0.07651585
0.0,0.14834428
1.0,0.944988
0.0,0.0046527386
0.0,0.04692167
0.0,0.18807304
0.0,0.74027115
1.0,0.75208193
0.0,0.77198476
0.0,0.025900155
0.0,0.70414335
0.0,0.31622744
0.0,0.035729468
1.0,0.67394763
1.0,0.7218101
0.0,0.18197611
1.0,0.97432005
0.0,0.15022933
1.0,0.9032429
1.0,0.1209037
1.0,0.81972003
0.0,0.0013165772
0.0,0.66984236
0.0,0.021774024
1.0,0.98244464
0.0,0.0030056834
1.0,0.90619004
0.0,0.2506457
0.0,0.0060406327
1.0,0.1107986
1.0,0.99125236
0.0,0.0029931068
1.0,0.6310158
0.0,0.024746299
1.0,0.807399
0.0,0.003355056
1.0,0.8503503
1.0,0.06914523
0.0,0.010145724
0.0,0.02363956
0.0,0.06335041
0.0,0.00640586
0.0,0.014110714
0.0,0.7239374
0.0,0.019347996
0.0,0.013020247
0.0,0.93801355
0.0,0.014911383
1.0,0.9544133
0.0,0.6224134
0.0,0.33688205
1.0,0.98989415
0.0,0.1140247
1.0,0.9924598
0.0,0.009191334
1.0,0.9526932
0.0,0.0064914227
0.0,0.07459319
1.0,0.9889401
0.0,0.03166312
0.0,0.0062072575
0.0,0.019785106
1.0,0.97755194
1.0,0.44383866
0.0,0.013326615
1.0,0.8725748
1.0,0.23205978
1.0,0.970089
0.0,0.35880226
1.0,0.5150504
1.0,0.85576177
0.0,0.239344
1.0,0.2670605
1.0,0.47060254
0.0,0.020837545
0.0,0.0031479895
0.0,0.018882811
0.0,0.019352615
0.0,0.10583174
0.0,0.019782037
0.0,0.013964623
0.0,0.000996232
1.0,0.6854655
0.0,0.07567543
0.0,0.0017308295
0.0,0.03008005
0.0,0.058102548
1.0,0.39698166
0.0,0.0022084117
1.0,0.9310161
0.0,0.24186623
0.0,0.014170766
1.0,0.65261775
1.0,0.79924107
0.0,0.19356075
0.0,0.026455253
1.0,0.840742
0.0,0.87646115
0.0,0.039590716
1.0,0.925021
1.0,0.46038753
1.0,0.7660786
1.0,0.72020376
0.0,0.12561274
0.0,0.013556153
1.0,0.47876284
0.0,0.0045975447
0.0,0.004250914
1.0,0.9589865
1.0,0.6529486
1.0,0.89385283
0.0,0.006569475
1.0,0.61891603
1.0,0.8536056
1.0,0.8827098
0.0,0.011770576
0.0,0.010752797
1.0,0.7346251
0.0,0.044737637
0.0,0.76401174
0.0,0.075357616
1.0,0.87170017
0.0,0.017058462
0.0,0.020551533
0.0,0.1198259
0.0,0.7420014
0.0,0.010657728
0.0,0.00094380975
0.0,0.7908418
1.0,0.94838524
0.0,0.23921505
1.0,0.88765204
0.0,0.012099206
0.0,0.50621426
0.0,0.8702035
1.0,0.012277991
0.0,0.71901184
0.0,0.03695658
0.0,0.0044077933
0.0,0.12690938
0.0,0.09268662
1.0,0.9245893
0.0,0.23687714
1.0,0.8536727
0.0,0.05426538
0.0,0.059717327
0.0,0.026945323
0.0,0.7996969
0.0,0.10744366
0.0,0.5155761
0.0,0.06286588
0.0,0.010675967
1.0,0.7294713
0.0,0.017090172
1.0,0.62321484
1.0,0.23382789
0.0,0.026490659
0.0,0.012187928
1.0,0.85072935
0.0,0.019881636
1.0,0.5138726
1.0,0.7113834
0.0,0.02623415
1.0,0.8248428
0.0,0.009503365
1.0,0.9407127
0.0,0.12210673
0.0,0.27285445
1.0,0.7815707
0.0,0.92210895
0.0,0.001352191
0.0,0.33068836
1.0,0.6338416
1.0,0.9734149
0.0,0.0020486712
0.0,0.062424302
1.0,0.18805829
0.0,0.7079612
1.0,0.5658584
0.0,0.41453332
1.0,0.16222146
0.0,0.48789212
0.0,0.03297156
0.0,0.8394599
0.0,0.009199113
0.0,0.036712557
1.0,0.034047782
0.0,0.54306394
1.0,0.9054614
0.0,0.00483346
1.0,0.3047852
0.0,0.010394514
0.0,0.004057437
0.0,0.026113898
0.0,0.021968931
0.0,0.10542372
0.0,0.20172784
0.0,0.18336442
0.0,0.3587721
1.0,0.881151
0.0,0.013417542
0.0,0.08325064
1.0,0.601044
1.0,0.23843494
0.0,0.020156711
0.0,0.0037861168
1.0,0.690373
0.0,0.15275514
1.0,0.008866161
1.0,0.7815488
1.0,0.84539443
1.0,0.7959283
0.0,0.036320597
0.0,0.004884571
1.0,0.79302275
0.0,0.10781637
1.0,0.91982186
1.0,0.75090206
1.0,0.9672518
0.0,0.32586867
0.0,0.0045249164
0.0,0.02994141
0.0,0.012075305
1.0,0.6974854
1.0,0.8104688
0.0,0.15827918
0.0,0.049001724
0.0,0.10884991
0.0,0.026489735
1.0,0.053548247
1.0,0.7840103
1.0,0.87174916
0.0,0.7062527
1.0,0.50796443
1.0,0.53641355
1.0,0.8539549
1.0,0.8326437
0.0,0.4319106
0.0,0.50152826
0.0,0.560428
0.0,0.00883168
1.0,0.83726865
1.0,0.9807124
1.0,0.61564225
1.0,0.7700436
0.0,0.021214008
0.0,0.0066716075
0.0,0.3244633
0.0,0.16499376
1.0,0.8460438
0.0,0.022916406
0.0,0.010246515
0.0,0.28597295
0.0,0.007367134
1.0,0.76875806
1.0,0.8088518
1.0,0.95429385
0.0,0.20606002
0.0,0.3250088
1.0,0.8088777
1.0,0.9839458
0.0,0.038516164
1.0,0.8498105
0.0,0.6318401
1.0,0.97261894
1.0,0.95808274
1.0,0.41818023
0.0,0.027686238
0.0,0.100093216
1.0,0.81769323
0.0,0.22493944
0.0,0.26369688
1.0,0.9788734
0.0,0.014356345
0.0,0.016915888
0.0,0.06414133
1.0,0.37464938
0.0,0.4513825
0.0,0.20559135
1.0,0.8094351
0.0,0.75787973
0.0,0.029752135
0.0,0.035002977
0.0,0.0583241
1.0,0.68037903
0.0,0.5813596
0.0,0.0082627535
0.0,0.0031933486
1.0,0.64228845
0.0,0.02646473
0.0,0.0014783442
1.0,0.35273778
0.0,0.28471416
0.0,0.0043720603
1.0,0.9771731
1.0,0.1232405
0.0,0.0020061731
1.0,0.12410709
1.0,0.20019233
0.0,0.509308
0.0,0.46262342
1.0,0.4548098
1.0,0.8413252
0.0,0.010785222
1.0,0.44880608
1.0,0.5579189
1.0,0.7953416
0.0,0.113402575
1.0,0.06636539
0.0,0.014099181
1.0,0.8532989
0.0,0.0016746223
1.0,0.83795387
0.0,0.74895775
0.0,0.054051697
1.0,0.7531867
0.0,0.0156053305
1.0,0.9420202
1.0,0.62048507
1.0,0.91400933
1.0,0.9136002
0.0,0.012676865
1.0,0.030342788
0.0,0.48942107
0.0,0.015031576
0.0,0.02218318
0.0,0.036278635
1.0,0.91504765
0.0,0.008770466
0.0,0.42482877
0.0,0.21066213
0.0,0.23843062
1.0,0.88671374
0.0,0.09261438
0.0,0.0009470582
0.0,0.020562679
0.0,0.10879305
1.0,0.89109707
0.0,0.020908922
1.0,0.85811806
1.0,0.95977694
0.0,0.81850654
0.0,0.038565785
0.0,0.032848895
1.0,0.8219229
0.0,0.0118281245
1.0,0.091397285
1.0,0.65677
1.0,0.97671527
0.0,0.5353619
0.0,0.41375685
0.0,0.003130585
0.0,0.8408486
0.0,0.008749723
0.0,0.008618563
0.0,0.48815554
1.0,0.7024189
0.0,0.09928036
1.0,0.93379045
0.0,0.32929945
1.0,0.8591703
1.0,0.88407433
1.0,0.5929331
1.0,0.86543036
0.0,0.71138567
0.0,0.8235285
0.0,0.06867829
1.0,0.86423934
1.0,0.9024724
0.0,0.0063973367
1.0,0.122893155
1.0,0.85096264
1.0,0.91124815
1.0,0.69726264
0.0,0.6564941
0.0,0.091615885
1.0,0.855945
0.0,0.013919979
0.0,0.76854086
1.0,0.93118274
0.0,0.007862091
0.0,0.78827834
0.0,0.22281379
0.0,0.0031121671
0.0,0.024410576
1.0,0.9084059
0.0,0.007785499
0.0,0.5775957
1.0,0.44500136
0.0,0.04543999
1.0,0.8980614
0.0,0.16929895
0.0,0.0034253001
0.0,0.00578478
0.0,0.07905933
1.0,0.8396795
0.0,0.04713303
0.0,0.13449657
1.0,0.8071468
1.0,0.7623106
0.0,0.03941554
0.0,0.008265018
0.0,0.010752618
1.0,0.60052294
0.0,0.011930406
1.0,0.95417154
1.0,0.71641576
1.0,0.18096066
1.0,0.8867521
1.0,0.93354213
0.0,0.9356497
1.0,0.9168143
1.0,0.9748008
0.0,0.027169079
0.0,0.013097465
0.0,0.029529512
1.0,0.9193038
0.0,0.016589135
0.0,0.017969102
0.0,0.27971396
1.0,0.9720949
0.0,0.028490752
1.0,0.924284
0.0,0.16772634
0.0,0.5959292
0.0,0.06826481
0.0,0.009319276
0.0,0.11927956
1.0,0.81251055
1.0,0.84525895
0.0,0.020337492
0.0,0.14941117
1.0,0.60328716
0.0,0.0012815893
1.0,0.9521342
0.0,0.06885603
0.0,0.03905946
0.0,0.014118493
1.0,0.96783555
1.0,0.723492
0.0,0.014113724
0.0,0.05795437
1.0,0.7725791
0.0,0.056275368
0.0,0.010927379
1.0,0.6922507
1.0,0.9960618
1.0,0.8212273
0.0,0.024463207
1.0,0.8527949
1.0,0.87898165
0.0,0.09225866
0.0,0.027095348
0.0,0.008730978
0.0,0.034230888
0.0,0.0017253757
0.0,0.11924046
1.0,0.7469641
1.0,0.6642111
0.0,0.080244005
0.0,0.012834936
0.0,0.33918798
0.0,0.022500098
1.0,0.8412907
0.0,0.7949167
0.0,0.017422378
0.0,0.69736856
0.0,0.7991358
1.0,0.026595205
0.0,0.0046316683
0.0,0.7110476
1.0,0.9444448
0.0,0.055269092
0.0,0.5522523
0.0,0.01991862
0.0,0.023690939
1.0,0.5752623
1.0,0.9662018
0.0,0.21245608
0.0,0.87742466
0.0,0.0042096674
0.0,0.8645792
0.0,0.9771624
0.0,0.067565024
0.0,0.009206682
0.0,0.38600004
1.0,0.03818679
0.0,0.058160007
1.0,0.10142243
0.0,0.6699667
0.0,0.00013017654
0.0,0.019776314
0.0,0.22144464
0.0,0.15934396
0.0,0.018624604
1.0,0.89910823
0.0,0.012559921
0.0,0.48645252
0.0,0.04281676
1.0,0.5344459
1.0,0.56684184
0.0,0.081584275
0.0,0.26532564
0.0,0.00670594
1.0,0.9809249
1.0,0.8576737
1.0,0.96496487
0.0,0.055072933
1.0,0.9605801
0.0,0.04619807
0.0,0.0020156205
0.0,0.008002162
1.0,0.010089397
0.0,0.0017754734
0.0,0.036593646
1.0,0.9771286
1.0,0.05476269
0.0,0.00950098
1.0,0.9497453
0.0,0.012823254
1.0,0.8341123
0.0,0.0599142
1.0,0.859069
0.0,0.92223203
0.0,0.12062594
1.0,0.8061033
0.0,0.003003627
0.0,0.28509396
0.0,0.014938563
0.0,0.026460111
0.0,0.102760166
0.0,0.005029559
1.0,0.875318
1.0,0.7723781
0.0,0.34793293
0.0,0.01610744
0.0,0.010610461
0.0,0.3541298
1.0,0.9740107
0.0,0.012759745
0.0,0.06796408
0.0,0.8625491
0.0,0.11888084
0.0,0.00014150143
1.0,0.9344814
1.0,0.9478033
0.0,0.0029963553
0.0,0.088614345
0.0,0.028689772
0.0,0.033343613
1.0,0.7471277
0.0,0.6112021
0.0,0.03401506
0.0,0.008804083
1.0,0.5819211
0.0,0.009252399
0.0,0.065021366
1.0,0.9598646
0.0,0.025539428
0.0,0.19368052
1.0,0.584429
1.0,0.534672
1.0,0.8131988
0.0,0.002150625
0.0,0.013352126
0.0,0.27454054
0.0,0.0036524534
1.0,0.8019383
0.0,0.24916855
1.0,0.18673047
0.0,0.024454564
0.0,0.0028636158
0.0,0.100636214
1.0,0.9175099
0.0,0.7722831
0.0,0.0697884
0.0,0.13086805
1.0,0.75805104
0.0,0.01626569
0.0,0.04477915
0.0,0.0005531311
1.0,0.05100572
0.0,0.0136654675
0.0,0.012839347
1.0,0.19662371
1.0,0.9849978
0.0,0.00081688166
1.0,0.9792338
1.0,0.9485171
1.0,0.86352825
1.0,0.8986677
0.0,0.038138658
1.0,0.318143
0.0,0.9974247
1.0,0.015731275
0.0,0.019413501
1.0,0.4501767
0.0,0.08216855
1.0,0.016815037
1.0,0.98406327
1.0,0.7887584
0.0,0.008123994
0.0,0.8062653
0.0,0.62022257
0.0,0.04813406
0.0,0.011407763
0.0,0.02647999
1.0,0.97316045
1.0,0.9659718
1.0,0.60142195
0.0,0.030093193
0.0,0.0075297058
0.0,0.19563028
0.0,0.21612996
1.0,0.021526664
0.0,0.2378043
0.0,0.01871124
0.0,0.010454148
0.0,0.24392587
1.0,0.90577555
0.0,0.7757952
0.0,0.7623183
0.0,0.2391749
1.0,0.7866411
0.0,0.02427715
0.0,0.40017325
1.0,0.4699793
0.0,0.71503234
1.0,0.77467275
0.0,0.111269
0.0,0.5341644
0.0,0.014555573
0.0,0.0116915405
0.0,0.0001193583
1.0,0.92219526
0.0,0.095348
0.0,0.045156002
1.0,0.9819151
1.0,0.9339476
0.0,0.18818715
1.0,0.013171345
0.0,0.5643893
0.0,0.059351563
1.0,0.9584031
0.0,0.004281789
0.0,0.28326905
0.0,0.035723895
0.0,0.025850117
1.0,0.93705046
1.0,0.9443774
1.0,0.74358195
1.0,0.9768727
0.0,0.02720353
0.0,0.019201726
0.0,0.48291492
1.0,0.8804203
0.0,0.012409598
0.0,0.029242873
1.0,0.84176964
1.0,0.8183872
1.0,0.8280386
0.0,0.010962963
0.0,0.27492452
0.0,0.30558354
1.0,0.973675
1.0,0.9330126
1.0,0.8853908
0.0,0.08642316
0.0,0.0010719895
0.0,0.0017405152
1.0,0.9011578
1.0,0.12503514
0.0,0.3689852
1.0,0.9398868
1.0,0.5798074
1.0,0.8836261
1.0,0.5028517
0.0,0.02900362
0.0,0.026540399
1.0,0.75250053
1.0,0.8251467
0.0,0.08821726
0.0,0.022123188
0.0,0.0033955872
0.0,0.013795465
0.0,0.014535844
0.0,0.56456864
0.0,0.026340276
0.0,0.13177788
1.0,0.4733739
1.0,0.7545296
0.0,0.63461405
1.0,0.9733495
0.0,0.0010175109
1.0,0.7736735
0.0,0.246405
1.0,0.90362155
0.0,0.0042465925
0.0,0.005301982
0.0,0.0061241984
0.0,0.54607785
1.0,0.012555033
1.0,0.9126286
0.0,0.12785667
0.0,0.1324676
1.0,0.40662727
0.0,0.023520052
1.0,0.92407125
1.0,0.92625654
0.0,0.015185624
0.0,0.11170426
0.0,0.5236925
0.0,0.9734523
0.0,0.6351916
0.0,0.0068665743
0.0,0.47149953
0.0,0.020643681
1.0,0.7690406
1.0,0.95761144
1.0,0.49265838
1.0,0.81130743
0.0,0.0112422705
0.0,0.3041115
1.0,0.44302607
0.0,0.8247113
0.0,0.050504148
0.0,0.28922498
1.0,0.6579914
1.0,0.35649192
0.0,0.004881382
1.0,0.82208174
1.0,0.9772401
0.0,0.0013673604
0.0,0.025405943
1.0,0.909107
0.0,0.0072928965
0.0,0.5960463
0.0,0.0013890862
0.0,0.027575135
1.0,0.10912141
0.0,0.041371405
0.0,0.04486665
0.0,0.47290295
1.0,0.2117469
0.0,0.007327676
0.0,0.028765112
1.0,0.9729163
0.0,0.0028775334
0.0,0.12429917
0.0,0.9154842
1.0,0.9589193
1.0,0.35407317
1.0,0.2632746
0.0,0.12605974
0.0,0.7667167
1.0,0.4586617
0.0,0.020166129
0.0,0.01233834
0.0,0.5028535
0.0,0.04854116
1.0,0.5411773
0.0,0.02542618
0.0,0.76164794
1.0,0.7025051
0.0,0.016254693
0.0,0.01773122
0.0,0.6373124
0.0,0.19947502
1.0,0.45640928
1.0,0.7534772
0.0,0.5840384
1.0,0.3896723
0.0,0.0059634745
0.0,0.052119106
0.0,0.003504634
1.0,0.4251699
0.0,0.007190615
0.0,0.007058561
1.0,0.8052615
1.0,0.7657744
1.0,0.870883
0.0,0.33276242
1.0,0.9152603
1.0,0.92504597
0.0,7.3730946e-05
0.0,0.82781947
0.0,0.7027981
1.0,0.7518125
0.0,0.07159442
0.0,0.6157154
0.0,0.009869516
0.0,0.0069777966
0.0,0.02256158
0.0,0.05076191
0.0,0.4583683
0.0,0.3350918
0.0,0.47245368
1.0,0.13009867
1.0,0.850402
1.0,0.67419744
0.0,0.010304719
1.0,0.9753971
0.0,0.08249882
0.0,0.025961846
1.0,0.9502441
0.0,0.12130058
0.0,0.010979444
0.0,0.18823314
0.0,0.026224941
0.0,0.47664565
0.0,0.68710643
0.0,0.03566724
1.0,0.9262415
0.0,0.003305912
0.0,0.003911197
0.0,0.014898121
1.0,0.9721105
1.0,0.8708044
0.0,0.4409182
1.0,0.7969413
0.0,0.011515588
1.0,0.14865905
0.0,0.045592815
0.0,0.009736329
1.0,0.09351432
0.0,0.0026326478
0.0,0.00867331
1.0,0.6987147
0.0,0.041120768
1.0,0.017403036
0.0,0.5593391
0.0,0.007903159
1.0,0.82844496
0.0,0.0066515505
0.0,0.07005069
0.0,0.7928291
0.0,0.0050016344
0.0,0.002232641
1.0,0.8484756
0.0,0.01543352
0.0,0.004905939
0.0,0.031830758
1.0,0.6013999
0.0,0.941302
0.0,0.1007458
1.0,0.48753133
0.0,0.016417593
0.0,0.0086713135
0.0,0.08773291
0.0,0.03924188
1.0,0.7876319
0.0,0.0079315305
0.0,0.0026288629
0.0,0.0073857903
0.0,0.0060129166
0.0,0.7081411
1.0,0.84278435
1.0,0.79652464
0.0,0.010510653
1.0,0.8789532
0.0,0.025401503
0.0,0.024770021
0.0,0.043891996
0.0,0.28829783
1.0,0.8781042
0.0,0.024149358
0.0,0.021681905
0.0,0.81994283
0.0,0.022506833
0.0,0.24608132
0.0,0.0028713644
0.0,0.0015784502
0.0,0.010831535
0.0,0.0009250343
0.0,0.9413816
1.0,0.23924485
0.0,0.026790172
0.0,0.021407604
0.0,0.026753426
1.0,0.9518242
0.0,0.037754864
1.0,0.7973767
0.0,0.039004117
0.0,0.039219707
0.0,0.35054627
1.0,0.8002673
1.0,0.9606889
1.0,0.515799
1.0,0.475691
0.0,0.13155288
0.0,0.0058730543
1.0,0.96614325
1.0,0.94816935
0.0,0.0139832795
0.0,0.07149795
0.0,0.9181993
1.0,0.9363275
0.0,0.02108553
0.0,0.011464357
0.0,0.038634926
0.0,0.014311582
1.0,0.37374264
1.0,0.91093695
0.0,0.00062543154
1.0,0.4520693
0.0,0.03785944
0.0,0.026319206
0.0,0.005146265
0.0,0.044077784
0.0,0.013779283
1.0,0.8811269
0.0,0.0008609891
0.0,0.11683032
0.0,0.8283222
0.0,0.05449152
0.0,0.59339315
1.0,0.86497825
0.0,0.033785433
0.0,0.012417048
1.0,0.9116329
0.0,0.6969877
0.0,0.0028817356
1.0,0.96342444
1.0,0.70655835
0.0,0.022916645
1.0,0.7570726
0.0,0.24354747
1.0,0.7437176
1.0,0.99606115
0.0,0.042327195
1.0,0.9902165
0.0,0.12885672
0.0,0.13765064
0.0,0.07781139
0.0,0.44900808
0.0,0.023342133
0.0,0.015560865
0.0,0.25107116
1.0,0.9623389
0.0,0.024529636
0.0,0.022606343
0.0,0.073592335
0.0,0.76521015
1.0,0.91720235
0.0,0.022832096
0.0,0.1252226
0.0,0.010977507
0.0,0.028214246
0.0,0.018144876
0.0,0.9562759
1.0,0.022289962
0.0,0.26669335
1.0,0.8186771
0.0,0.011444718
1.0,0.4606757
0.0,0.018357903
0.0,0.022850543
0.0,0.016622812
0.0,0.68142647
0.0,0.25104734
0.0,0.12256941
0.0,0.6027901
0.0,0.0050575435
0.0,0.8468519
0.0,0.9152802
1.0,0.90335166
0.0,0.8589257
0.0,0.0104726255
1.0,0.9810666
0.0,0.025195956
0.0,0.0032333136
0.0,0.0015697479
1.0,0.77559423
1.0,0.38551098
1.0,0.819475
1.0,0.88108885
0.0,0.07330778
1.0,0.7986764
0.0,0.030946702
1.0,0.3275199
0.0,0.032321125
0.0,0.9225006
0.0,0.040455878
0.0,0.006116271
0.0,0.27764896
1.0,0.93975794
1.0,0.094353884
0.0,0.978285
1.0,0.7627338
0.0,0.015990466
1.0,0.976228
0.0,0.011951715
0.0,0.00861606
0.0,0.9370049
0.0,0.52538997
0.0,0.03620389
0.0,0.0068405867
1.0,0.9874606
0.0,0.00037530065
1.0,0.9778333
1.0,0.8828504
1.0,0.92328894
0.0,0.012986422
0.0,0.9626398
0.0,0.021741986
0.0,0.19665119
0.0,0.05049643
1.0,0.67003715
0.0,0.1287747
0.0,0.102488905
0.0,0.039321125
0.0,0.016646266
0.0,0.006670207
0.0,0.06380096
0.0,0.33355337
0.0,0.006197393
0.0,0.21622354
1.0,0.9744569
0.0,0.13652307
0.0,0.018280834
0.0,0.0072767437
0.0,0.026137412
1.0,0.72168493
0.0,0.34339523
1.0,0.92972517
0.0,0.6060256
1.0,0.9943692
1.0,0.84392667
0.0,0.0112454295
0.0,0.08875632
0.0,0.017407924
0.0,0.2205919
0.0,0.011679351
0.0,0.29101554
1.0,0.9727571
0.0,0.0029723644
1.0,0.50684303
0.0,0.40497097
0.0,0.0073418915
0.0,0.0339289
1.0,0.93883026
0.0,0.018159539
1.0,0.9754782
0.0,0.0012010634
0.0,0.030453503
0.0,0.45844477
0.0,0.35307965
0.0,0.10959771
0.0,0.11661214
1.0,0.6472072
1.0,0.9327846
0.0,0.11773801
0.0,0.034683645
0.0,0.026861817
1.0,0.94792485
0.0,0.025890261
1.0,0.33676022
0.0,0.2772673
1.0,0.8918189
1.0,0.94749093
0.0,0.021116376
0.0,0.029568046
0.0,0.014000088
1.0,0.9064872
0.0,0.749344
0.0,0.86390674
1.0,0.90076184
1.0,0.8069152
0.0,0.30413055
0.0,0.04346907
1.0,0.96613276
0.0,0.055191755
0.0,0.019074857
0.0,0.013345033
1.0,0.83780396
0.0,0.04310274
0.0,0.15743014
1.0,0.94379866
1.0,0.7426656
0.0,0.46659735
0.0,0.015365809
0.0,0.007081479
1.0,0.8660257
1.0,0.9594474
1.0,0.76301426
0.0,0.016948551
0.0,0.03508514
0.0,0.067727566
0.0,0.00027498603
1.0,0.8790897
0.0,0.009566039
0.0,0.7961787
0.0,0.039339602
0.0,0.36021337
0.0,0.3359049
0.0,0.019164026
0.0,0.19563252
0.0,0.058140397
0.0,0.014852881
1.0,0.13617569
1.0,0.8337054
0.0,0.6730749
0.0,0.4937889
1.0,0.006043136
0.0,0.06844801
1.0,0.85258377
0.0,0.016478896
0.0,0.025515884
1.0,0.94741094
1.0,0.9626559
0.0,0.8565747
0.0,0.10763532
1.0,0.12610856
0.0,0.1544489
0.0,0.15598243
0.0,0.9829146
0.0,0.005407244
1.0,0.94989485
1.0,0.064037055
0.0,0.64805794
0.0,0.0005327165
0.0,0.19175449
1.0,0.9218891
0.0,0.076581776
1.0,0.35783768
0.0,0.1734575
1.0,0.7600011
1.0,0.6622621
0.0,0.4299869
1.0,0.15551281
0.0,0.61836755
0.0,0.004610479
1.0,0.94098085
1.0,0.39806917
0.0,0.01813227
0.0,0.28797054
0.0,0.729448
0.0,0.4814238
1.0,0.93588436
0.0,0.08180827
0.0,0.11364794
0.0,0.015149474
1.0,0.9511175
0.0,0.007173747
0.0,0.8333427
1.0,0.9376025
0.0,0.0005980134
0.0,0.8611709
0.0,0.18962044
1.0,0.25559658
0.0,0.03537658
1.0,0.8928296
0.0,0.01815477
1.0,0.255614
1.0,0.44205385
1.0,0.9349567
1.0,0.86206836
0.0,0.0020358264
1.0,0.7875322
0.0,0.014467835
1.0,0.9821233
1.0,0.77962965
0.0,0.5547131
1.0,0.9172714
0.0,0.0022222698
1.0,0.61759746
1.0,0.15227428
0.0,0.018669784
0.0,0.95682454
1.0,0.9855271
1.0,0.11423588
0.0,0.07808629
0.0,0.45833907
0.0,0.0005505085
0.0,0.028454334
0.0,0.43253875
1.0,0.8738395
1.0,0.9413906
1.0,0.12920427
1.0,0.6815294
1.0,0.9818169
1.0,0.9680928
0.0,0.4289053
1.0,0.9644358
0.0,0.006231427
0.0,0.056743175
0.0,0.027282327
1.0,0.09877321
1.0,0.31517056
0.0,0.48004374
0.0,0.024122328
0.0,0.86380064
1.0,0.7404454
1.0,0.68649936
1.0,0.90609074
0.0,0.00845626
0.0,0.965798
0.0,0.08347833
0.0,0.13473731
0.0,0.02100727
0.0,0.023769706
1.0,0.9588255
1.0,0.90156674
0.0,0.024982542
0.0,0.08191377
0.0,0.51363003
0.0,0.6287468
0.0,0.75356627
0.0,0.36764008
0.0,0.43427196
1.0,0.7752489
0.0,0.02706471
1.0,0.79771644
0.0,0.011233896
0.0,0.9552878
0.0,0.12638691
0.0,0.896277
1.0,0.87592244
1.0,0.56750554
1.0,0.80947316
1.0,0.80004036
0.0,0.0033861995
0.0,0.4835284
1.0,0.32481647
1.0,0.7206982
0.0,0.3255595
0.0,0.030633569
0.0,0.1145426
1.0,0.417589
0.0,0.004424274
1.0,0.09136152
0.0,0.0093472
0.0,0.10215035
0.0,0.025684536
0.0,0.020193845
0.0,0.40541396
0.0,0.019726515
0.0,0.10588297
1.0,0.9701207
0.0,0.008291036
0.0,0.5454063
0.0,0.03534943
1.0,0.38610274
0.0,0.06972179
1.0,0.9703295
0.0,0.02026701
0.0,0.18960759
0.0,0.0018163621
0.0,0.2412062
0.0,0.009128988
0.0,0.0094561875
1.0,0.79425573
0.0,0.37022895
1.0,0.62847555
1.0,0.9525382
0.0,0.012702227
0.0,0.086033165
1.0,0.8503431
1.0,0.9891931
0.0,0.23984218
0.0,0.16182157
0.0,0.020855486
0.0,0.027597249
0.0,0.004253
1.0,0.67042494
0.0,0.077877045
1.0,0.7500901
1.0,0.44717985
0.0,0.919783
0.0,0.22740343
0.0,0.0076927543
0.0,0.016561002
0.0,0.42645413
0.0,0.0074272454
0.0,0.057690054
0.0,0.8231945
1.0,0.6804462
1.0,0.77916074
0.0,0.050439417
0.0,0.011150628
0.0,0.6280304
1.0,0.6636725
0.0,0.007594675
0.0,0.03151977
1.0,0.27645534
1.0,0.9302293
0.0,0.22887516
0.0,0.111156404
0.0,0.016507655
1.0,0.98629284
0.0,0.056102097
1.0,0.9826433
1.0,0.2496379
0.0,0.027895957
0.0,0.29134572
0.0,0.04627335
1.0,0.8183998
0.0,0.29800412
1.0,0.5003118
0.0,0.010462135
1.0,0.8020556
0.0,0.1339131
0.0,0.014734954
0.0,0.008570731
1.0,0.9848685
0.0,0.8031309
1.0,0.9324204
1.0,0.53303486
0.0,0.004796535
1.0,0.12322593
0.0,0.04341066
1.0,0.21996993
0.0,0.0011909306
1.0,0.85657555
0.0,0.0047225654
1.0,0.66941786
1.0,0.86100006
1.0,0.98453057
0.0,0.012108892
1.0,0.94696695
1.0,0.35165307
0.0,0.014384896
1.0,0.9017099
1.0,0.36574584
1.0,0.08677572
0.0,0.18837368
0.0,0.044546027
0.0,0.9623414
0.0,0.10102074
