0.0,0.7570418
0.0,0.90393674
1.0,0.6837752
0.0,0.044955462
1.0,0.49816108
0.0,0.052899033
1.0,0.94732296
1.0,0.82018024
1.0,0.7656909
0.0,0.023617178
0.0,0.26389247
1.0,0.7136216
0.0,0.025731057
0.0,0.44291157
0.0,0.027048975
0.0,0.01222679
1.0,0.7576264
0.0,0.055790454
0.0,0.017880559
1.0,0.38282698
1.0,0.6029063
0.0,0.0075529814
1.0,0.99772567
0.0,0.1482755
0.0,0.01596415
1.0,0.85963976
0.0,0.44454548
1.0,0.9511835
0.0,0.039991528
1.0,0.9367831
0.0,0.020031482
0.0,0.5276702
1.0,0.9826045
1.0,0.998958
1.0,0.96446884
1.0,0.97116053
1.0,0.8222515
0.0,0.058802843
1.0,0.97300017
1.0,0.13898063
1.0,0.9829751
1.0,0.9875109
0.0,0.014157087
1.0,0.8658792
1.0,0.9014106
0.0,0.082957
0.0,0.02006957
0.0,0.0565916
0.0,0.018749088
1.0,0.97954535
0.0,0.39010605
1.0,0.82474667
1.0,0.99639225
1.0,0.71497226
0.0,0.028163016
0.0,0.03342679
0.0,0.4192158
1.0,0.13527578
1.0,0.94763124
1.0,0.37596396
1.0,0.9888922
0.0,0.48234853
1.0,0.99673116
1.0,0.88211244
1.0,0.92927104
0.0,0.28887212
0.0,0.44178548
1.0,0.9808632
0.0,0.04622361
1.0,0.9164355
0.0,0.17061126
1.0,0.93098795
0.0,0.021494418
0.0,0.10603866
1.0,0.697222
0.0,0.33105907
0.0,0.022770017
0.0,0.3969366
0.0,0.049512595
1.0,0.96825147
0.0,0.026612788
1.0,0.9819062
1.0,0.9855293
1.0,0.99959534
1.0,0.9957777
1.0,0.92778945
1.0,0.9900476
0.0,0.17745626
0.0,0.035787582
1.0,0.92198825
0.0,0.024443597
1.0,0.12687579
0.0,0.012787223
0.0,0.8774637
0.0,0.10664368
1.0,0.97541356
0.0,0.073465616
0.0,0.025335371
1.0,0.798512
1.0,0.99714065
0.0,0.025940627
0.0,0.048647434
1.0,0.053195328
0.0,0.2774287
0.0,0.45778978
1.0,0.9275887
1.0,0.047861606
0.0,0.0795854
1.0,0.04795018
1.0,0.98214614
1.0,0.9474553
0.0,0.089196205
1.0,0.18286595
0.0,0.12577763
0.0,0.035004318
1.0,0.52177036
0.0,0.024979472
1.0,0.9192836
1.0,0.7580678
1.0,0.99739146
0.0,0.49241853
1.0,0.98127407
0.0,0.988749
0.0,0.029160023
0.0,0.2078827
1.0,0.43467164
0.0,0.015423715
0.0,0.6093425
1.0,0.9889722
1.0,0.8944824
1.0,0.9783475
0.0,0.07955894
0.0,0.023169935
1.0,0.6784334
1.0,0.9977195
0.0,0.7777427
0.0,0.060873
0.0,0.04960814
0.0,0.08565587
0.0,0.09228185
1.0,0.43683732
0.0,0.40051427
1.0,0.47634083
0.0,0.049448133
0.0,0.09964737
0.0,0.0039569736
1.0,0.83864
0.0,0.0962446
0.0,0.072381675
0.0,0.01851675
0.0,0.18627372
0.0,0.015655428
0.0,0.012127012
0.0,0.9450802
0.0,0.33890238
1.0,0.9791699
0.0,0.013679534
0.0,0.024748355
1.0,0.9990491
0.0,0.056746542
0.0,0.86161625
0.0,0.36839396
0.0,0.018514365
0.0,0.32792884
1.0,0.9983125
0.0,0.077323616
1.0,0.6028644
0.0,0.13771877
0.0,0.024416953
1.0,0.93672556
0.0,0.9099202
0.0,0.9808876
0.0,0.95427895
0.0,0.01801902
1.0,0.8728221
1.0,0.94068754
0.0,0.09591201
1.0,0.65271044
0.0,0.5652103
1.0,0.99024445
1.0,0.9180844
1.0,0.9137715
1.0,0.9807535
1.0,0.9666009
0.0,0.88147753
0.0,0.0427559
0.0,0.04196319
0.0,0.98054457
0.0,0.13605109
0.0,0.07766262
1.0,0.137938
0.0,0.0138429105
0.0,0.95537394
1.0,0.9633337
1.0,0.84350044
1.0,0.965999
0.0,0.036702514
0.0,0.09884837
0.0,0.02137047
1.0,0.034980237
0.0,0.35301584
0.0,0.9144942
0.0,0.38972646
0.0,0.26117653
0.0,0.10565752
1.0,0.08977622
0.0,0.034754246
1.0,0.3431854
0.0,0.018328905
0.0,0.19863498
0.0,0.02874875
1.0,0.96888506
0.0,0.105544746
0.0,0.13979241
0.0,0.023584992
0.0,0.011166334
0.0,0.9610065
0.0,0.16329935
1.0,0.9990529
0.0,0.032296866
0.0,0.03381312
1.0,0.911126
1.0,0.98018277
0.0,0.59857494
0.0,0.02888596
0.0,0.02311778
0.0,0.26729718
0.0,0.042419046
0.0,0.20101386
1.0,0.9948208
0.0,0.069315076
1.0,0.8553641
0.0,0.031256407
1.0,0.9603411
1.0,0.47598448
0.0,0.034329146
0.0,0.08531636
0.0,0.044594914
1.0,0.9845278
1.0,0.8555208
1.0,0.96750486
1.0,0.5845863
0.0,0.015686601
0.0,0.6778668
1.0,0.99756646
0.0,0.7844176
0.0,0.027061999
0.0,0.023523659
0.0,0.5178099
0.0,0.1687499
0.0,0.015004665
0.0,0.26219392
1.0,0.92768955
0.0,0.023681134
0.0,0.3309764
0.0,0.03381431
1.0,0.92779374
1.0,0.9555949
0.0,0.12536335
0.0,0.03501603
0.0,0.031300187
1.0,0.99031645
0.0,0.08314344
0.0,0.021444917
0.0,0.03283575
0.0,0.018823713
1.0,0.99470574
1.0,0.71991277
1.0,0.9982727
0.0,0.025712341
1.0,0.97120774
0.0,0.21223176
0.0,0.045678735
0.0,0.43346798
1.0,0.8033719
1.0,0.8200718
0.0,0.012821555
0.0,0.024641484
1.0,0.9878695
1.0,0.40839475
0.0,0.22168016
1.0,0.47426906
1.0,0.99814063
0.0,0.9485793
0.0,0.176415
0.0,0.08039087
0.0,0.026207894
0.0,0.72816485
0.0,0.02269733
1.0,0.996804
0.0,0.017574519
0.0,0.02721554
1.0,0.99952674
0.0,0.05098915
1.0,0.9616586
1.0,0.041404486
1.0,0.9504595
1.0,0.9376712
1.0,0.8716264
0.0,0.1412847
1.0,0.9559654
0.0,0.47284886
1.0,0.9982807
0.0,0.7053197
0.0,0.86626637
0.0,0.032259643
0.0,0.346337
0.0,0.48614246
1.0,0.9972328
0.0,0.8827957
1.0,0.8145288
0.0,0.87613535
1.0,0.7842375
1.0,0.9980613
0.0,0.030231327
0.0,0.016217709
0.0,0.017532438
1.0,0.96955884
1.0,0.48146987
0.0,0.021875948
0.0,0.013178319
0.0,0.019080788
0.0,0.032156616
1.0,0.97035474
1.0,0.753463
0.0,0.03602928
0.0,0.6907908
1.0,0.9165343
1.0,0.97821766
1.0,0.8711109
0.0,0.108591914
0.0,0.6093722
0.0,0.02131924
0.0,0.917374
1.0,0.9803986
1.0,0.91336876
0.0,0.07803273
0.0,0.16905054
0.0,0.015947223
0.0,0.79649127
0.0,0.012565881
0.0,0.5713131
1.0,0.519226
0.0,0.14758599
0.0,0.054716557
0.0,0.033262104
0.0,0.94761324
0.0,0.9100031
0.0,0.060560912
0.0,0.009435445
1.0,0.30939934
0.0,0.029995352
1.0,0.9090116
0.0,0.030936956
0.0,0.096008
0.0,0.13966504
0.0,0.011523247
0.0,0.9393168
1.0,0.41102692
1.0,0.9760264
0.0,0.61618906
1.0,0.6958083
0.0,0.014994234
0.0,0.60018295
0.0,0.12730923
0.0,0.9082921
0.0,0.023880154
0.0,0.0013272464
1.0,0.6691082
0.0,0.016970068
1.0,0.9924103
0.0,0.120488375
1.0,0.82019407
0.0,0.28946248
1.0,0.07204351
1.0,0.9855785
1.0,0.9617144
0.0,0.017534852
0.0,0.05048254
1.0,0.9809262
0.0,0.03731492
0.0,0.054761678
1.0,0.07638648
1.0,0.9491272
0.0,0.40013194
1.0,0.97301525
1.0,0.9956155
0.0,0.44635278
0.0,0.03866324
0.0,0.48350564
0.0,0.02554512
0.0,0.024833143
0.0,0.47181222
1.0,0.9995575
0.0,0.5477203
1.0,0.6580586
1.0,0.55805314
0.0,0.045071453
0.0,0.25247562
0.0,0.9367427
1.0,0.97642994
1.0,0.9640086
1.0,0.75309944
0.0,0.04751128
1.0,0.98903406
1.0,0.9266521
0.0,0.0043413043
0.0,0.22059631
0.0,0.9500078
0.0,0.9312868
1.0,0.9535823
0.0,0.024519026
1.0,0.30093294
0.0,0.46241838
0.0,0.048899144
0.0,0.036106646
0.0,0.05551088
0.0,0.02169022
0.0,0.033104092
0.0,0.043648303
0.0,0.06751388
0.0,0.03523603
0.0,0.31833875
0.0,0.12055743
0.0,0.0205068
0.0,0.7905688
0.0,0.018427402
1.0,0.9721283
0.0,0.7618687
1.0,0.99616385
0.0,0.06392667
0.0,0.051230043
0.0,0.032205373
0.0,0.83871496
0.0,0.7116602
0.0,0.20982319
0.0,0.10885361
0.0,0.015438974
0.0,0.02617696
0.0,0.06915107
0.0,0.8575582
1.0,0.89844084
0.0,0.0371418
0.0,0.03095454
0.0,0.79197884
0.0,0.047239125
1.0,0.7335886
0.0,0.8431948
1.0,0.25107467
0.0,0.025294274
0.0,0.043551534
1.0,0.98580825
0.0,0.9517672
1.0,0.7559925
1.0,0.7867265
1.0,0.97219515
1.0,0.98957133
0.0,0.013268352
1.0,0.74160343
0.0,0.017796755
0.0,0.022323817
0.0,0.72472364
1.0,0.9990065
0.0,0.14654616
0.0,0.01755336
1.0,0.46870476
1.0,0.99916744
0.0,0.1169914
0.0,0.015693814
1.0,0.60664123
0.0,0.01861915
1.0,0.68210274
0.0,0.71504456
0.0,0.21765679
1.0,0.89832985
0.0,0.8623463
0.0,0.009904623
1.0,0.28715438
0.0,0.034299105
1.0,0.9991305
0.0,0.020414323
1.0,0.65557
1.0,0.7483988
1.0,0.7536403
1.0,0.9985359
0.0,0.3854025
0.0,0.055144697
1.0,0.96505713
0.0,0.024770051
0.0,0.61057335
1.0,0.9049273
1.0,0.6837408
1.0,0.9559221
0.0,0.04056576
1.0,0.9952045
1.0,0.9488264
0.0,0.046782732
1.0,0.9963457
0.0,0.70475453
1.0,0.68690073
1.0,0.92251456
0.0,0.89275646
0.0,0.48910603
1.0,0.47503105
0.0,0.27830213
1.0,0.9857551
0.0,0.6673697
0.0,0.042517483
0.0,0.9603592
1.0,0.99875057
0.0,0.015235007
0.0,0.012956321
0.0,0.91056126
1.0,0.7375463
0.0,0.1346432
0.0,0.019989312
0.0,0.43788573
0.0,0.8787118
1.0,0.908093
1.0,0.9906951
0.0,0.07987851
0.0,0.23599586
0.0,0.13688782
0.0,0.3854848
0.0,0.02355516
1.0,0.95458734
0.0,0.015847355
1.0,0.93800235
0.0,0.7609359
0.0,0.2442993
1.0,0.7555397
0.0,0.042122573
0.0,0.25100085
0.0,0.018649518
0.0,0.023051322
0.0,0.16704056
0.0,0.014519215
0.0,0.05345273
0.0,0.05637622
1.0,0.9073961
1.0,0.9886627
0.0,0.010911077
0.0,0.04200533
1.0,0.997772
0.0,0.028676003
1.0,0.961804
0.0,0.20836556
0.0,0.0037853122
1.0,0.9498584
0.0,0.5797846
1.0,0.74587303
0.0,0.6874155
1.0,0.36280155
0.0,0.035785377
0.0,0.047335416
0.0,0.5463377
1.0,0.997517
0.0,0.014471948
0.0,0.057528615
0.0,0.03771043
0.0,0.95387506
1.0,0.48712027
0.0,0.08260256
0.0,0.013120264
1.0,0.98928297
1.0,0.2795597
0.0,0.35566396
1.0,0.8776453
0.0,0.2782072
0.0,0.9312091
1.0,0.97072387
1.0,0.99705744
0.0,0.11234361
1.0,0.97116935
1.0,0.9963803
0.0,0.03247735
0.0,0.2918767
0.0,0.051270574
1.0,0.037483543
0.0,0.03268397
0.0,0.02512008
0.0,0.042113185
1.0,0.9917433
1.0,0.94266987
0.0,0.09115031
1.0,0.29949063
1.0,0.18805209
0.0,0.07388911
1.0,0.8837515
0.0,0.034322023
1.0,0.98047405
0.0,0.058543175
1.0,0.9118204
0.0,0.031108111
0.0,0.026293784
1.0,0.76651806
0.0,0.025351942
1.0,0.976243
0.0,0.06509128
0.0,0.053866714
0.0,0.02656284
1.0,0.7778981
0.0,0.64769346
1.0,0.3170432
0.0,0.04920593
1.0,0.94801795
1.0,0.97843283
0.0,0.019169599
1.0,0.9877318
1.0,0.9872198
1.0,0.9225503
1.0,0.11283234
0.0,0.10433528
0.0,0.020811975
0.0,0.69917965
1.0,0.9621826
1.0,0.63326395
0.0,0.06303802
0.0,0.03143108
0.0,0.34899694
1.0,0.96629643
0.0,0.83546877
1.0,0.061439663
1.0,0.9980655
0.0,0.041379154
0.0,0.03521675
1.0,0.9777862
0.0,0.91239
1.0,0.9889818
0.0,0.7388524
0.0,0.108928174
0.0,0.027896464
1.0,0.48599434
0.0,0.21686015
1.0,0.99629676
0.0,0.05567512
1.0,0.65172565
0.0,0.7427471
0.0,0.10089883
1.0,0.12605989
1.0,0.4625878
1.0,0.9694499
1.0,0.7406009
0.0,0.07928899
0.0,0.08077386
0.0,0.9354162
0.0,0.012650162
1.0,0.85936373
1.0,0.22563323
0.0,0.019157201
0.0,0.029102325
0.0,0.041250437
1.0,0.8679839
0.0,0.017856836
0.0,0.02732718
0.0,0.09706417
0.0,0.60779613
0.0,0.331549
0.0,0.559497
1.0,0.8570851
0.0,0.8058759
1.0,0.19597507
0.0,0.037935734
0.0,0.5071267
1.0,0.10253167
1.0,0.96159774
1.0,0.9888799
0.0,0.078011006
0.0,0.032081574
1.0,0.6925007
0.0,0.020485044
0.0,0.024988443
0.0,0.07179341
1.0,0.9229987
0.0,0.05191356
0.0,0.030462176
1.0,0.99722064
0.0,0.042561978
1.0,0.9978994
1.0,0.881585
1.0,0.99541456
0.0,0.040845603
1.0,0.9836576
1.0,0.97426474
0.0,0.22246256
1.0,0.73281115
0.0,0.051041365
0.0,0.68711334
0.0,0.08904663
0.0,0.02229929
1.0,0.9312183
1.0,0.889026
1.0,0.9861779
1.0,0.91268754
1.0,0.99472606
0.0,0.716751
0.0,0.96090436
1.0,0.9938567
0.0,0.031543404
1.0,0.8400983
1.0,0.9983915
0.0,0.11475387
1.0,0.64897907
1.0,0.5148671
0.0,0.03617972
0.0,0.042562604
0.0,0.014469594
0.0,0.022115618
1.0,0.85293835
1.0,0.9858255
0.0,0.021966875
0.0,0.033174515
1.0,0.018312752
1.0,0.8888597
1.0,0.2977034
0.0,0.06393194
1.0,0.82869244
1.0,0.72044796
0.0,0.019155115
0.0,0.21663103
1.0,0.9463185
1.0,0.99769044
0.0,0.4316726
1.0,0.9832137
0.0,0.11557254
0.0,0.2112641
1.0,0.98075277
0.0,0.5924387
1.0,0.99173236
0.0,0.4359619
0.0,0.06078881
0.0,0.23725784
1.0,0.9345381
1.0,0.6179938
0.0,0.03220731
0.0,0.02091512
1.0,0.92707264
0.0,0.033610344
1.0,0.927093
1.0,0.90325403
1.0,0.7881213
0.0,0.5977353
0.0,0.66195655
0.0,0.30721524
0.0,0.02066341
0.0,0.010536402
1.0,0.99684495
0.0,0.91290927
0.0,0.026723474
1.0,0.914302
0.0,0.02173549
1.0,0.05714345
1.0,0.5384594
0.0,0.060600817
0.0,0.10598549
0.0,0.8086631
0.0,0.015869886
0.0,0.037299126
0.0,0.021576673
0.0,0.018233955
0.0,0.9679148
1.0,0.54636073
1.0,0.9833298
0.0,0.8063165
0.0,0.8474883
0.0,0.075282186
0.0,0.038838208
0.0,0.031124055
1.0,0.2630651
0.0,0.018644929
0.0,0.008187503
1.0,0.9992657
1.0,0.059972227
0.0,0.01973182
0.0,0.96864724
0.0,0.008874118
0.0,0.12042233
0.0,0.014824897
0.0,0.050798178
1.0,0.93517065
1.0,0.7802527
1.0,0.98753464
0.0,0.026810348
1.0,0.8980628
1.0,0.9901123
0.0,0.122743696
0.0,0.010427743
1.0,0.80194366
1.0,0.57936454
1.0,0.9498384
1.0,0.9836341
1.0,0.87672704
0.0,0.1472354
0.0,0.4450453
1.0,0.4729647
0.0,0.013888776
1.0,0.9802635
0.0,0.02031818
1.0,0.53921497
0.0,0.01919499
0.0,0.80027694
0.0,0.033969373
0.0,0.13162547
0.0,0.8553705
0.0,0.035971433
0.0,0.013747364
0.0,0.06754586
0.0,0.9922485
0.0,0.023663253
0.0,0.011381656
1.0,0.9583233
1.0,0.8928474
1.0,0.99031734
0.0,0.9527285
0.0,0.5524043
0.0,0.92682254
0.0,0.08278325
1.0,0.9867393
1.0,0.17069376
1.0,0.9185351
1.0,0.9806796
0.0,0.96715915
0.0,0.030133575
0.0,0.018972605
1.0,0.5408963
0.0,0.018307447
1.0,0.018109769
1.0,0.9797086
0.0,0.46444094
0.0,0.014042139
0.0,0.021682113
0.0,0.21553808
1.0,0.98436105
1.0,0.9265317
0.0,0.118765056
1.0,0.9821504
1.0,0.6072061
0.0,0.38985738
0.0,0.09825593
1.0,0.93500125
0.0,0.015649885
0.0,0.2077358
0.0,0.019989967
0.0,0.5454666
0.0,0.020181417
1.0,0.5745862
0.0,0.30263436
0.0,0.87273073
1.0,0.99720263
1.0,0.9354328
0.0,0.6506958
0.0,0.36234784
1.0,0.8355716
0.0,0.13762802
0.0,0.008313298
1.0,0.71819484
0.0,0.16254091
0.0,0.035699904
0.0,0.07033792
1.0,0.9919138
0.0,0.19376019
1.0,0.9032296
1.0,0.94746494
1.0,0.9990764
0.0,0.014206082
1.0,0.88503647
0.0,0.03307402
1.0,0.9789158
0.0,0.26932007
1.0,0.9797415
0.0,0.043878824
0.0,0.021867752
1.0,0.9927242
0.0,0.017395943
0.0,0.016561866
1.0,0.843598
1.0,0.95788014
1.0,0.52317107
1.0,0.90981126
1.0,0.9035097
1.0,0.98298097
1.0,0.7583599
0.0,0.019966513
1.0,0.75095606
1.0,0.9937782
0.0,0.08296245
0.0,0.017351389
0.0,0.007771641
1.0,0.6773398
0.0,0.02335897
0.0,0.2684601
0.0,0.44059688
1.0,0.9784227
0.0,0.026039869
0.0,0.7295171
1.0,0.62251157
1.0,0.98819923
1.0,0.95106333
1.0,0.047227085
0.0,0.99583423
0.0,0.075847834
0.0,0.043122053
0.0,0.118379086
0.0,0.013948172
0.0,0.17607605
0.0,0.025186509
1.0,0.36202836
1.0,0.9891108
0.0,0.031652123
1.0,0.65590256
0.0,0.025203526
0.0,0.038606226
1.0,0.98030865
0.0,0.04365626
0.0,0.9635607
0.0,0.053270757
0.0,0.80891347
0.0,0.051650137
0.0,0.02170074
0.0,0.94499975
1.0,0.87213373
0.0,0.22220299
0.0,0.79005444
1.0,0.9416937
0.0,0.055357337
1.0,0.62617743
0.0,0.042384982
0.0,0.02096647
0.0,0.07466528
0.0,0.22721532
0.0,0.014212489
0.0,0.014114261
0.0,0.08626664
0.0,0.20361552
0.0,0.89581096
1.0,0.68757707
0.0,0.33897418
1.0,0.98257136
0.0,0.6657287
1.0,0.7587664
0.0,0.5273211
0.0,0.072045416
0.0,0.075610995
1.0,0.974772
1.0,0.07406768
1.0,0.539235
0.0,0.026370913
0.0,0.3470319
1.0,0.88168824
0.0,0.07533935
0.0,0.02044341
1.0,0.9127967
0.0,0.05581516
1.0,0.99154407
1.0,0.9274477
0.0,0.04593107
1.0,0.7436695
0.0,0.24573705
1.0,0.5875018
0.0,0.2649121
1.0,0.9991834
0.0,0.01485917
0.0,0.9072647
0.0,0.04232493
0.0,0.07546601
0.0,0.016744524
0.0,0.16984698
0.0,0.07174587
1.0,0.9892725
0.0,0.025583595
0.0,0.012494296
0.0,0.0037658215
0.0,0.4308703
0.0,0.20168546
1.0,0.92556447
0.0,0.55482864
0.0,0.05624616
1.0,0.56130666
0.0,0.17036417
1.0,0.69509685
0.0,0.826105
1.0,0.72675914
1.0,0.996261
0.0,0.014513016
1.0,0.9994037
0.0,0.75657785
0.0,0.025721997
0.0,0.029638082
0.0,0.11885995
1.0,0.7028393
1.0,0.99864143
0.0,0.075905114
0.0,0.0673514
1.0,0.99833274
0.0,0.3852175
1.0,0.96172935
1.0,0.08293116
1.0,0.9017582
0.0,0.059998542
1.0,0.53377926
0.0,0.21293697
1.0,0.95707715
1.0,0.21604916
0.0,0.31185615
0.0,0.81620264
0.0,0.043314576
0.0,0.6327306
1.0,0.8088175
1.0,0.8495116
1.0,0.9922415
0.0,0.12604707
0.0,0.018972218
1.0,0.9930365
0.0,0.5651363
0.0,0.023834288
0.0,0.0714362
1.0,0.8511579
0.0,0.43522304
0.0,0.03177458
0.0,0.25460774
0.0,0.18024856
1.0,0.8915837
1.0,0.9879348
0.0,0.09567198
0.0,0.033037752
0.0,0.03970194
1.0,0.9967468
0.0,0.05485311
0.0,0.8263366
1.0,0.9502517
0.0,0.017401248
0.0,0.7898698
1.0,0.94053566
0.0,0.05728513
1.0,0.48306257
1.0,0.4612238
0.0,0.024037331
0.0,0.031210214
0.0,0.013409227
0.0,0.021062672
1.0,0.98733354
1.0,0.9982053
1.0,0.9955341
1.0,0.66853034
0.0,0.98151445
0.0,0.062423915
1.0,0.9103031
1.0,0.9879024
0.0,0.44480675
0.0,0.049625844
1.0,0.75246495
0.0,0.015163869
1.0,0.81617445
0.0,0.015800297
0.0,0.2924211
1.0,0.9733747
0.0,0.29133013
0.0,0.016073883
0.0,0.06237468
0.0,0.08868873
0.0,0.07752979
1.0,0.40131298
0.0,0.03457138
1.0,0.9971789
0.0,0.32327303
1.0,0.7837508
0.0,0.062430263
1.0,0.81379914
1.0,0.9915627
1.0,0.99921703
0.0,0.72272927
0.0,0.017659575
1.0,0.74130917
0.0,0.115617394
0.0,0.124818265
1.0,0.9566835
1.0,0.85534745
0.0,0.034665048
1.0,0.96448874
1.0,0.99285233
0.0,0.95955455
0.0,0.02956292
0.0,0.7325811
0.0,0.018280625
0.0,0.021253377
0.0,0.95007145
1.0,0.9807315
1.0,0.9938391
1.0,0.9412602
0.0,0.028063715
0.0,0.027597904
0.0,0.016383171
0.0,0.037916183
0.0,0.024196744
0.0,0.0675886
1.0,0.98368955
1.0,0.976825
1.0,0.69013715
0.0,0.10526824
0.0,0.035343736
1.0,0.62363297
0.0,0.4224924
0.0,0.69115263
1.0,0.9868654
0.0,0.9263417
0.0,0.718681
1.0,0.37970066
0.0,0.02627027
1.0,0.50472397
1.0,0.7274761
0.0,0.9938592
0.0,0.04397601
1.0,0.9993382
0.0,0.01069814
0.0,0.55935687
1.0,0.9385929
1.0,0.8219048
1.0,0.74057883
1.0,0.9546064
0.0,0.97183776
0.0,0.14445353
0.0,0.019087285
1.0,0.87313765
0.0,0.9955541
1.0,0.90064085
0.0,0.3596624
1.0,0.99151033
1.0,0.8740175
0.0,0.19935063
0.0,0.05840066
0.0,0.048651725
0.0,0.39664876
0.0,0.12991524
0.0,0.029900372
1.0,0.48725364
1.0,0.6627916
0.0,0.76106334
1.0,0.98874557
1.0,0.17492938
0.0,0.007101029
0.0,0.20957679
1.0,0.6897934
1.0,0.2158167
0.0,0.030177116
0.0,0.17005509
0.0,0.052690804
0.0,0.08257753
1.0,0.9141331
1.0,0.8991543
0.0,0.112110525
0.0,0.017671913
0.0,0.08850637
0.0,0.09767166
0.0,0.023957223
0.0,0.030987054
0.0,0.8918419
0.0,0.2974006
0.0,0.031315982
0.0,0.111139715
0.0,0.21614236
1.0,0.96855587
1.0,0.98118603
0.0,0.012660444
0.0,0.07193756
0.0,0.016548008
0.0,0.016227335
0.0,0.33243132
0.0,0.108006775
0.0,0.019272566
0.0,0.8896234
1.0,0.87642527
1.0,0.99367964
1.0,0.94461167
1.0,0.9522414
1.0,0.9938791
0.0,0.038027555
0.0,0.04454425
0.0,0.028767437
0.0,0.097568005
1.0,0.7707106
0.0,0.0407463
1.0,0.802405
0.0,0.06562653
0.0,0.93642646
0.0,0.95697266
0.0,0.08075374
0.0,0.081920385
0.0,0.67558515
0.0,0.11032474
0.0,0.01741445
1.0,0.90776813
1.0,0.9275031
0.0,0.23356488
0.0,0.2536946
0.0,0.02488935
0.0,0.026401013
1.0,0.9404712
0.0,0.01639542
1.0,0.23499659
0.0,0.13947368
1.0,0.20784777
0.0,0.020385712
0.0,0.1017476
1.0,0.9108552
0.0,0.0032135546
1.0,0.71978843
0.0,0.13034633
0.0,0.60334396
0.0,0.45405075
0.0,0.014998704
0.0,0.022036195
1.0,0.9700167
1.0,0.9947654
0.0,0.90476954
0.0,0.037077725
0.0,0.02186039
0.0,0.3498478
1.0,0.97174996
0.0,0.82786983
1.0,0.66128504
1.0,0.94522756
0.0,0.87537205
0.0,0.038559854
0.0,0.070516884
0.0,0.06608373
0.0,0.037742853
0.0,0.2765512
0.0,0.06618288
0.0,0.5661794
0.0,0.4613704
1.0,0.14924183
0.0,0.9947045
0.0,0.013967276
1.0,0.8426707
0.0,0.066933215
0.0,0.112924695
0.0,0.011014789
0.0,0.025859505
1.0,0.038869947
1.0,0.99092805
1.0,0.8904647
0.0,0.024202496
0.0,0.026766568
0.0,0.042650998
0.0,0.96360695
0.0,0.1864466
0.0,0.8435923
1.0,0.9988141
1.0,0.88175666
1.0,0.97274053
0.0,0.046218067
1.0,0.9976754
1.0,0.66384983
0.0,0.02626726
1.0,0.8101963
0.0,0.03423056
0.0,0.038901836
0.0,0.8899722
1.0,0.9891901
1.0,0.928882
1.0,0.79008865
0.0,0.9540544
0.0,0.33577198
0.0,0.025681198
1.0,0.9730017
1.0,0.99642676
1.0,0.95816827
1.0,0.6574164
0.0,0.06578323
0.0,0.027077138
0.0,0.045844793
0.0,0.8061156
1.0,0.9744158
0.0,0.024336904
0.0,0.080436885
0.0,0.24710888
1.0,0.7573272
0.0,0.17542505
0.0,0.08839238
0.0,0.35868117
0.0,0.9437275
0.0,0.07747644
0.0,0.07400471
0.0,0.017103285
0.0,0.090243846
0.0,0.043272227
1.0,0.99498075
1.0,0.35499507
0.0,0.7102765
0.0,0.9995235
0.0,0.08729297
1.0,0.9924401
0.0,0.017940283
0.0,0.037272215
0.0,0.66126263
0.0,0.0074118376
1.0,0.9260491
0.0,0.024544686
0.0,0.11659691
1.0,0.5580075
1.0,0.9923867
1.0,0.98950696
0.0,0.05805084
0.0,0.36012673
1.0,0.36954123
1.0,0.98308384
1.0,0.9910103
0.0,0.9761667
0.0,0.7100782
0.0,0.011632174
1.0,0.16476274
1.0,0.99173653
0.0,0.028040439
0.0,0.76562923
1.0,0.8870975
1.0,0.9717058
0.0,0.024944872
1.0,0.9072008
1.0,0.90591884
0.0,0.036375552
1.0,0.34728104
0.0,0.03023699
0.0,0.026848853
0.0,0.95703363
0.0,0.08922222
1.0,0.91895473
0.0,0.13456702
1.0,0.8834028
1.0,0.9008866
1.0,0.07174769
0.0,0.020593405
0.0,0.95761704
1.0,0.6165493
0.0,0.0038469732
1.0,0.9353565
1.0,0.99395996
0.0,0.46542487
0.0,0.082494766
1.0,0.6289619
1.0,0.99829674
0.0,0.015621513
1.0,0.8993975
1.0,0.92101985
1.0,0.9475483
1.0,0.9976985
1.0,0.91996574
1.0,0.99577403
0.0,0.021207035
0.0,0.6303254
0.0,0.05039844
1.0,0.99842846
1.0,0.7317057
0.0,0.27742356
0.0,0.20765135
1.0,0.592797
0.0,0.03942114
1.0,0.95587957
0.0,0.4990287
1.0,0.9144281
1.0,0.9746775
0.0,0.4387364
1.0,0.35118023
0.0,0.14033756
1.0,0.9987531
1.0,0.99563015
1.0,0.43225038
0.0,0.039725363
0.0,0.03317231
1.0,0.8244775
0.0,0.055323005
1.0,0.9866228
0.0,0.020135403
0.0,0.6336752
0.0,0.17731741
0.0,0.09607646
0.0,0.029965669
0.0,0.6133496
0.0,0.70395434
1.0,0.9936534
1.0,0.39387816
0.0,0.018585533
1.0,0.9997463
1.0,0.9729551
0.0,0.48179674
0.0,0.77303684
0.0,0.039463073
0.0,0.029865742
0.0,0.02598846
0.0,0.13013497
1.0,0.46736938
1.0,0.9976094
0.0,0.022285223
0.0,0.035622418
0.0,0.7557527
0.0,0.53990024
0.0,0.13502607
1.0,0.9863261
0.0,0.3733879
0.0,0.21598044
1.0,0.95971507
1.0,0.9699903
0.0,0.34660125
0.0,0.24324268
0.0,0.042752206
1.0,0.9922762
1.0,0.8027873
0.0,0.11059794
0.0,0.03533697
0.0,0.01888606
0.0,0.05299908
0.0,0.023349792
1.0,0.95430994
1.0,0.8714092
1.0,0.79056096
0.0,0.010081291
1.0,0.5473607
0.0,0.6800897
1.0,0.99839914
1.0,0.8916727
0.0,0.023073167
0.0,0.004715085
0.0,0.023268133
0.0,0.38285413
0.0,0.889076
1.0,0.9991431
0.0,0.93018603
0.0,0.8014322
0.0,0.049161762
0.0,0.023697406
0.0,0.049990803
0.0,0.047409266
0.0,0.3371405
1.0,0.46125084
1.0,0.9974508
0.0,0.014534086
0.0,0.14875326
0.0,0.70217824
0.0,0.15219197
1.0,0.9725477
0.0,0.028850853
0.0,0.3133834
1.0,0.92202353
0.0,0.6435983
0.0,0.059033334
0.0,0.055008322
0.0,0.022530675
1.0,0.9897229
1.0,0.99417233
0.0,0.024113059
1.0,0.3245389
1.0,0.87451684
1.0,0.96147954
0.0,0.43618795
0.0,0.8490461
1.0,0.9685512
1.0,0.9933812
0.0,0.021807075
1.0,0.99493015
0.0,0.10422993
1.0,0.9963237
1.0,0.97916347
1.0,0.75512654
0.0,0.08813846
1.0,0.84464896
1.0,0.46913052
0.0,0.08564252
0.0,0.033127904
0.0,0.98420405
0.0,0.04428953
0.0,0.027181953
0.0,0.015268207
1.0,0.9971014
0.0,0.5069079
0.0,0.07218918
0.0,0.8010644
0.0,0.015047342
0.0,0.043476373
0.0,0.062402606
1.0,0.97667813
0.0,0.11009812
0.0,0.219547
0.0,0.6294051
1.0,0.934805
1.0,0.7592897
1.0,0.9863676
1.0,0.95797896
0.0,0.023492068
0.0,0.054133624
0.0,0.08624056
0.0,0.40177473
0.0,0.79589164
0.0,0.047987968
1.0,0.9097421
0.0,0.8263618
1.0,0.74291503
1.0,0.02835676
1.0,0.930833
0.0,0.10113904
0.0,0.024310857
0.0,0.025907457
0.0,0.027727216
1.0,0.9256382
1.0,0.9648349
1.0,0.8415575
1.0,0.8995422
1.0,0.75891685
0.0,0.04452911
0.0,0.06399605
0.0,0.9310287
0.0,0.030305773
1.0,0.99175036
0.0,0.032883793
0.0,0.8749702
1.0,0.9795207
1.0,0.4274059
0.0,0.03194052
0.0,0.6117588
0.0,0.04872161
0.0,0.102344304
1.0,0.9400032
0.0,0.9986343
0.0,0.64316785
1.0,0.9988866
0.0,0.3751686
1.0,0.99732554
1.0,0.9718709
0.0,0.019668967
0.0,0.32948574
0.0,0.015387356
0.0,0.043451816
1.0,0.9535306
0.0,0.06752676
0.0,0.24010158
0.0,0.8609234
0.0,0.016230613
1.0,0.98840165
1.0,0.561906
1.0,0.9825444
1.0,0.93264544
0.0,0.61029285
0.0,0.09840554
1.0,0.92704123
0.0,0.031591594
1.0,0.48124304
0.0,0.05947256
1.0,0.6520123
1.0,0.99442804
0.0,0.2504832
0.0,0.08985901
0.0,0.83857155
0.0,0.026802152
0.0,0.013614297
0.0,0.027872354
1.0,0.9601329
0.0,0.04975593
0.0,0.2901498
0.0,0.13898033
0.0,0.21802437
0.0,0.062051475
0.0,0.009411603
0.0,0.07726133
0.0,0.026074708
0.0,0.017655015
0.0,0.034088552
0.0,0.14088228
0.0,0.071691185
1.0,0.59566927
0.0,0.43293637
1.0,0.97518945
0.0,0.019264907
0.0,0.021014035
1.0,0.7872155
0.0,0.040979713
1.0,0.99715674
0.0,0.7204745
1.0,0.98332405
0.0,0.75834596
0.0,0.13100979
1.0,0.90769494
1.0,0.42800343
0.0,0.018455625
0.0,0.17438644
0.0,0.02923879
0.0,0.0075714886
0.0,0.023986638
0.0,0.9111948
1.0,0.9984182
1.0,0.9368862
0.0,0.08022761
0.0,0.035381168
1.0,0.7832821
1.0,0.93498635
1.0,0.8643285
0.0,0.012456149
1.0,0.23571241
0.0,0.77949864
1.0,0.52827245
0.0,0.00826177
1.0,0.8853669
0.0,0.04699686
0.0,0.3306662
0.0,0.6060991
0.0,0.8368077
1.0,0.9822898
0.0,0.14995903
0.0,0.041886926
1.0,0.981323
0.0,0.07187399
0.0,0.78126585
0.0,0.5836971
1.0,0.99764186
0.0,0.12597385
0.0,0.05033937
0.0,0.9941952
1.0,0.82796824
0.0,0.017246068
0.0,0.5800627
0.0,0.19058302
1.0,0.7597159
0.0,0.03188333
1.0,0.9851266
0.0,0.5457382
1.0,0.61683184
1.0,0.9985409
0.0,0.89312935
1.0,0.9904187
1.0,0.99208
0.0,0.05086842
0.0,0.80308545
0.0,0.14626056
1.0,0.99826187
0.0,0.087536514
1.0,0.93935597
1.0,0.6175338
0.0,0.07616365
1.0,0.97280794
0.0,0.61372685
1.0,0.95570874
0.0,0.40565535
1.0,0.78156656
0.0,0.40351045
1.0,0.32828635
0.0,0.9135344
0.0,0.010764182
0.0,0.010165513
0.0,0.05432579
0.0,0.036836356
0.0,0.012595564
0.0,0.0070610642
0.0,0.12378535
0.0,0.13476095
0.0,0.06917465
0.0,0.531743
0.0,0.033345044
1.0,0.6023893
1.0,0.38972747
0.0,0.2676674
1.0,0.08789283
0.0,0.124862164
0.0,0.3288942
0.0,0.750367
0.0,0.5804813
0.0,0.031593233
0.0,0.042338878
1.0,0.9216444
0.0,0.021961957
0.0,0.036367178
1.0,0.013942957
0.0,0.0075410306
1.0,0.9635948
0.0,0.059213042
0.0,0.19179729
1.0,0.5303131
0.0,0.02303341
1.0,0.9628478
0.0,0.015212685
0.0,0.00355497
0.0,0.016026735
1.0,0.9978569
0.0,0.037294567
1.0,0.87158364
1.0,0.7589483
0.0,0.97602886
0.0,0.003825307
1.0,0.06918776
0.0,0.051404983
0.0,0.06113887
0.0,0.8090412
0.0,0.016763836
0.0,0.7749984
0.0,0.4828829
1.0,0.09615007
0.0,0.010663122
1.0,0.96850777
0.0,0.015188783
0.0,0.009042978
0.0,0.0330033
1.0,0.9289007
1.0,0.97551596
0.0,0.22225887
0.0,0.3604372
0.0,0.008928686
0.0,0.20488232
0.0,0.07262966
0.0,0.034727395
0.0,0.026046634
1.0,0.11125091
1.0,0.40829778
0.0,0.052046895
0.0,0.9803266
1.0,0.8663697
0.0,0.011189759
1.0,0.97722834
0.0,0.018142074
0.0,0.034642667
1.0,0.99769986
0.0,0.9710978
1.0,0.9305891
1.0,0.99016356
1.0,0.9894024
0.0,0.22906342
0.0,0.07226458
0.0,0.8030691
1.0,0.9856279
0.0,0.10665125
1.0,0.9855028
0.0,0.0650295
0.0,0.04646766
0.0,0.78378797
1.0,0.9696541
0.0,0.07683462
0.0,0.041621745
0.0,0.71862704
1.0,0.46292695
1.0,0.99435496
0.0,0.20839995
0.0,0.08850655
1.0,0.99282986
1.0,0.99512315
1.0,0.9055482
1.0,0.85190547
0.0,0.030858368
1.0,0.98541135
0.0,0.055202663
0.0,0.0738793
0.0,0.024953455
1.0,0.79139423
0.0,0.059628546
0.0,0.032743573
0.0,0.011403233
1.0,0.47825256
0.0,0.33520365
1.0,0.9827305
1.0,0.9899725
0.0,0.304353
1.0,0.88634956
0.0,0.087914824
1.0,0.6596099
0.0,0.33614045
0.0,0.050432354
0.0,0.044153214
0.0,0.10591391
1.0,0.9906051
0.0,0.09566587
0.0,0.31820902
0.0,0.6172561
1.0,0.99717647
1.0,0.9701569
0.0,0.022274047
1.0,0.9795358
1.0,0.9912094
1.0,0.99911463
1.0,0.43838936
0.0,0.6627887
1.0,0.8635123
0.0,0.113750786
0.0,0.23863786
1.0,0.7636725
0.0,0.047704726
0.0,0.09173414
0.0,0.5181382
1.0,0.823856
0.0,0.441095
0.0,0.29341358
1.0,0.9989289
0.0,0.03952402
1.0,0.8933137
0.0,0.04997173
0.0,0.93341315
1.0,0.9486655
1.0,0.9773347
0.0,0.011158943
1.0,0.9588915
1.0,0.9596789
0.0,0.69241023
0.0,0.506065
1.0,0.7008202
0.0,0.20189467
1.0,0.99733645
0.0,0.053432733
0.0,0.058375537
1.0,0.49433106
1.0,0.9780241
0.0,0.12808645
1.0,0.77893054
0.0,0.060180545
0.0,0.2705562
1.0,0.9993195
0.0,0.31824398
0.0,0.11625892
0.0,0.069262356
1.0,0.8200183
0.0,0.051297814
0.0,0.08083752
1.0,0.9493597
1.0,0.8040932
0.0,0.033841997
0.0,0.62513334
0.0,0.014120936
1.0,0.34522605
0.0,0.85784805
0.0,0.015107214
0.0,0.25383323
0.0,0.026646435
0.0,0.023179471
1.0,0.4314763
0.0,0.38692516
0.0,0.024837047
0.0,0.10429734
1.0,0.813046
1.0,0.9908185
1.0,0.90405816
0.0,0.5480424
0.0,0.034086972
0.0,0.9968411
1.0,0.98777616
0.0,0.12103486
1.0,0.9496507
0.0,0.027498096
1.0,0.99327004
0.0,0.069826394
1.0,0.91720355
0.0,0.9584424
1.0,0.659034
0.0,0.6173707
0.0,0.06142372
1.0,0.3069655
1.0,0.97942543
1.0,0.9675205
0.0,0.44251406
1.0,0.9690194
1.0,0.5356785
1.0,0.5751465
0.0,0.019194275
1.0,0.90397084
0.0,0.08662751
0.0,0.9727938
1.0,0.96931624
0.0,0.6269823
0.0,0.02736485
0.0,0.12372902
0.0,0.11482549
0.0,0.74622387
1.0,0.97300327
1.0,0.9480372
0.0,0.5862982
0.0,0.85653377
0.0,0.06586397
1.0,0.99714375
0.0,0.8362951
0.0,0.29601228
0.0,0.023201466
0.0,0.016847253
0.0,0.030783504
0.0,0.93297184
1.0,0.9905483
1.0,0.9983446
1.0,0.13327292
0.0,0.71185905
0.0,0.015203506
0.0,0.017966121
0.0,0.02495405
0.0,0.08868465
1.0,0.9749159
0.0,0.061464578
0.0,0.26179692
1.0,0.99853784
0.0,0.04854867
1.0,0.29388368
1.0,0.6626009
0.0,0.6965794
0.0,0.025017977
0.0,0.32061577
1.0,0.83113277
0.0,0.20565972
0.0,0.045882285
1.0,0.9834014
1.0,0.33350316
0.0,0.08091456
0.0,0.0689356
0.0,0.87186277
0.0,0.018954396
0.0,0.78456426
1.0,0.51294065
1.0,0.98858744
0.0,0.02110377
0.0,0.010782003
0.0,0.6816697
0.0,0.2750072
1.0,0.7167797
0.0,0.050925642
1.0,0.9842164
0.0,0.051000148
1.0,0.9977226
0.0,0.009948522
1.0,0.97726417
1.0,0.8149102
0.0,0.027506828
0.0,0.5100385
0.0,0.011223078
0.0,0.12234962
1.0,0.95023733
1.0,0.21874738
1.0,0.34987798
1.0,0.42653763
1.0,0.8604884
0.0,0.013553113
1.0,0.94295776
1.0,0.73496366
0.0,0.045821846
0.0,0.06008014
0.0,0.09388873
1.0,0.20010573
1.0,0.9964238
0.0,0.90183604
0.0,0.04156524
1.0,0.9473467
0.0,0.01011008
0.0,0.034602553
1.0,0.98906016
0.0,0.79822487
0.0,0.08079764
1.0,0.8089167
1.0,0.9930799
0.0,0.02166444
0.0,0.16680306
0.0,0.06905988
1.0,0.9840584
1.0,0.9900321
0.0,0.6817609
0.0,0.37992147
1.0,0.9898242
1.0,0.9262246
0.0,0.022269696
0.0,0.48162553
0.0,0.02085808
1.0,0.53423464
1.0,0.8094171
0.0,0.057778656
0.0,0.03356266
1.0,0.9624585
0.0,0.02743265
0.0,0.05804518
0.0,0.10345647
0.0,0.6071893
1.0,0.874074
0.0,0.20161787
0.0,0.061695546
0.0,0.947262
0.0,0.2772333
0.0,0.26895684
1.0,0.89964366
1.0,0.8671882
0.0,0.12520045
1.0,0.9972446
0.0,0.20583117
1.0,0.9920621
1.0,0.2430861
1.0,0.9530417
0.0,0.010756314
0.0,0.9191009
0.0,0.1357258
1.0,0.99477535
0.0,0.041588366
1.0,0.98556125
0.0,0.08504066
0.0,0.02880311
1.0,0.37889957
1.0,0.9944813
0.0,0.024473816
1.0,0.7957899
0.0,0.049443603
1.0,0.98341507
0.0,0.012910545
1.0,0.610004
1.0,0.4346805
0.0,0.040804
0.0,0.05616197
0.0,0.043227285
0.0,0.03268066
0.0,0.03660342
0.0,0.6512526
0.0,0.13875484
0.0,0.071964085
0.0,0.9916934
0.0,0.0806379
1.0,0.98129773
0.0,0.5536399
0.0,0.16066498
1.0,0.9990088
0.0,0.025744915
1.0,0.9991139
0.0,0.035145193
1.0,0.99617624
0.0,0.022711486
0.0,0.08595544
1.0,0.99952835
0.0,0.06683585
0.0,0.02082026
0.0,0.49141955
1.0,0.9882497
1.0,0.5220871
0.0,0.015712887
1.0,0.95778674
1.0,0.4939116
1.0,0.99108386
0.0,0.3973296
1.0,0.5220499
1.0,0.9141184
0.0,0.5549586
1.0,0.75822896
1.0,0.16075727
0.0,0.028274417
0.0,0.034055024
0.0,0.06344521
0.0,0.040781647
0.0,0.085297436
0.0,0.026482612
0.0,0.029731542
0.0,0.004706621
1.0,0.9822874
0.0,0.3785347
0.0,0.024003804
0.0,0.03180465
0.0,0.1050311
1.0,0.9363735
0.0,0.016076893
1.0,0.9170543
0.0,0.70862675
0.0,0.024389416
1.0,0.46058396
1.0,0.75259864
0.0,0.19190997
0.0,0.03651783
1.0,0.9372239
0.0,0.968102
0.0,0.06906581
1.0,0.6690319
1.0,0.6418858
1.0,0.5839731
1.0,0.97257197
0.0,0.057684094
0.0,0.011952996
1.0,0.44469565
0.0,0.024033993
0.0,0.00713557
1.0,0.99537134
1.0,0.7612508
1.0,0.99090564
0.0,0.034189314
1.0,0.1836448
1.0,0.9743569
1.0,0.9647241
0.0,0.02339366
0.0,0.014327228
1.0,0.6103679
0.0,0.18863347
0.0,0.9012151
0.0,0.0426099
1.0,0.9317095
0.0,0.04605332
0.0,0.03791043
0.0,0.03752348
0.0,0.7816694
0.0,0.21572176
0.0,0.01186204
0.0,0.9041536
1.0,0.99672234
0.0,0.046217233
1.0,0.9780892
0.0,0.02210179
0.0,0.15469065
0.0,0.8595322
1.0,0.031272024
0.0,0.8971411
0.0,0.029552609
0.0,0.014714152
0.0,0.14878172
0.0,0.049263865
1.0,0.9627558
0.0,0.28626883
1.0,0.9838619
0.0,0.024546355
0.0,0.08330083
0.0,0.021398902
0.0,0.92398137
0.0,0.049646497
0.0,0.69899493
0.0,0.3753522
0.0,0.07162714
1.0,0.9481861
0.0,0.03744468
1.0,0.90985346
1.0,0.94970787
0.0,0.09018931
0.0,0.05125013
1.0,0.9901967
0.0,0.025471568
1.0,0.6051098
1.0,0.9403726
0.0,0.036396384
1.0,0.9889343
0.0,0.024258554
1.0,0.99002
0.0,0.29250062
0.0,0.23391598
1.0,0.49088573
0.0,0.9696926
0.0,0.058865637
0.0,0.4781956
1.0,0.9520782
1.0,0.99485743
0.0,0.011533558
0.0,0.29025766
1.0,0.7502171
0.0,0.9083024
1.0,0.81990933
0.0,0.6637333
1.0,0.70859593
0.0,0.92758405
0.0,0.18591979
0.0,0.8763509
0.0,0.017523646
0.0,0.570743
1.0,0.061968714
0.0,0.40644586
1.0,0.94890356
0.0,0.16448438
1.0,0.36422494
0.0,0.033926666
0.0,0.023757666
0.0,0.03616768
0.0,0.027698964
0.0,0.6061563
0.0,0.3589656
0.0,0.7506608
0.0,0.42330956
1.0,0.9406339
0.0,0.026389271
0.0,0.096680194
1.0,0.6947464
1.0,0.7313189
0.0,0.025052816
0.0,0.017395854
1.0,0.91536605
0.0,0.22252676
1.0,0.31871727
1.0,0.96766865
1.0,0.87048316
1.0,0.8130469
0.0,0.057135373
0.0,0.017993689
1.0,0.8480136
0.0,0.34725282
1.0,0.9863519
1.0,0.84533185
1.0,0.9830402
0.0,0.23475528
0.0,0.026240349
0.0,0.14595419
0.0,0.07318452
1.0,0.8866016
1.0,0.95380485
0.0,0.7483016
0.0,0.080153316
0.0,0.11102939
0.0,0.059351295
1.0,0.22411671
1.0,0.8577188
1.0,0.9056434
0.0,0.85085773
1.0,0.71538204
1.0,0.956
1.0,0.8902372
1.0,0.9916513
0.0,0.64791673
0.0,0.8032856
0.0,0.70682585
0.0,0.038538754
1.0,0.9396492
1.0,0.9978841
1.0,0.95558465
1.0,0.97197825
0.0,0.62886435
0.0,0.036368906
0.0,0.042670846
0.0,0.2376886
1.0,0.18081552
0.0,0.03632453
0.0,0.018733472
0.0,0.34937274
0.0,0.017683357
1.0,0.6958973
1.0,0.9035818
1.0,0.9906311
0.0,0.025353044
0.0,0.7278334
1.0,0.790874
1.0,0.99672055
0.0,0.2274651
1.0,0.794626
0.0,0.5395535
1.0,0.99651444
1.0,0.99439836
1.0,0.3999152
0.0,0.0377056
0.0,0.101258814
1.0,0.99651706
0.0,0.087525874
0.0,0.23838758
1.0,0.9868983
0.0,0.080409825
0.0,0.046516836
0.0,0.41814533
1.0,0.83854055
0.0,0.6869379
0.0,0.5429823
1.0,0.962302
0.0,0.595547
0.0,0.022365063
0.0,0.051764607
0.0,0.098947376
1.0,0.8580339
0.0,0.95437455
0.0,0.028172731
0.0,0.015926838
1.0,0.6317811
0.0,0.039611816
0.0,0.007976323
1.0,0.8739964
0.0,0.18005028
0.0,0.07100931
1.0,0.9882661
1.0,0.9463433
0.0,0.008409619
1.0,0.385371
1.0,0.49445206
0.0,0.8288104
0.0,0.5239468
1.0,0.5016345
1.0,0.779979
0.0,0.07281399
1.0,0.8893548
1.0,0.7800344
1.0,0.8070345
0.0,0.29967442
1.0,0.2545429
0.0,0.03670016
1.0,0.8605469
0.0,0.010735095
1.0,0.97384846
0.0,0.96250844
0.0,0.41734838
1.0,0.9433346
0.0,0.03287691
1.0,0.9670775
1.0,0.9359647
1.0,0.98396707
1.0,0.67895406
0.0,0.11608034
1.0,0.1276688
0.0,0.5416074
0.0,0.027894557
0.0,0.099203765
0.0,0.20641181
1.0,0.9805712
0.0,0.039103627
0.0,0.78968024
0.0,0.64162016
0.0,0.5041417
1.0,0.9640485
0.0,0.4109943
0.0,0.029219002
0.0,0.08578834
0.0,0.87896633
1.0,0.79367906
0.0,0.031201363
1.0,0.9888282
1.0,0.99360657
0.0,0.83706903
0.0,0.039062113
0.0,0.032639474
1.0,0.9931524
0.0,0.02943483
1.0,0.34501177
1.0,0.92620635
1.0,0.991366
0.0,0.81676906
0.0,0.7804792
0.0,0.02460587
0.0,0.88646406
0.0,0.023468107
0.0,0.021393001
0.0,0.1931642
1.0,0.811661
0.0,0.061920524
1.0,0.9864601
0.0,0.26741546
1.0,0.91153765
1.0,0.98519045
1.0,0.9085864
1.0,0.97062284
0.0,0.16080302
0.0,0.70843536
0.0,0.05777642
1.0,0.87884426
1.0,0.96659046
0.0,0.015521109
1.0,0.70233107
1.0,0.9462681
1.0,0.98121905
1.0,0.92958945
0.0,0.94536245
0.0,0.03430581
1.0,0.97587156
0.0,0.028087467
0.0,0.549435
1.0,0.9834969
0.0,0.07781163
0.0,0.6692189
0.0,0.4508686
0.0,0.057549417
0.0,0.0771569
1.0,0.9974035
0.0,0.110711545
0.0,0.18233457
1.0,0.42189246
0.0,0.17712003
1.0,0.9704919
0.0,0.2832744
0.0,0.027529925
0.0,0.021223754
0.0,0.45752874
1.0,0.8407141
0.0,0.13077563
0.0,0.3865858
1.0,0.95343155
1.0,0.94503796
0.0,0.074629664
0.0,0.026325643
0.0,0.017345637
1.0,0.83713096
0.0,0.014406681
1.0,0.9774844
1.0,0.57150877
1.0,0.46391732
1.0,0.9655719
1.0,0.97376823
0.0,0.9974665
1.0,0.8023063
1.0,0.98201114
0.0,0.05736476
0.0,0.0429087
0.0,0.07776901
1.0,0.97742766
0.0,0.02889821
0.0,0.030175567
0.0,0.42641002
1.0,0.99239427
0.0,0.20611653
1.0,0.9191799
0.0,0.15065253
0.0,0.39972973
0.0,0.17736167
0.0,0.041689903
0.0,0.03511721
1.0,0.9093125
1.0,0.9901935
0.0,0.08117312
0.0,0.15197703
1.0,0.77017605
0.0,0.004661888
1.0,0.9816512
0.0,0.03387782
0.0,0.020543456
0.0,0.023269892
1.0,0.99314946
1.0,0.9603205
0.0,0.050320417
0.0,0.51384264
1.0,0.9422871
0.0,0.09824124
0.0,0.030505657
1.0,0.9717765
1.0,0.99210906
1.0,0.94428205
0.0,0.028129876
1.0,0.7619236
1.0,0.8576199
0.0,0.11588442
0.0,0.02862534
0.0,0.01978749
0.0,0.031582087
0.0,0.012368143
0.0,0.05776283
1.0,0.8062469
1.0,0.7344794
0.0,0.25019896
0.0,0.08066553
0.0,0.32816547
0.0,0.08385542
1.0,0.9390781
0.0,0.96915287
0.0,0.017201811
0.0,0.8607502
0.0,0.83999276
1.0,0.37802374
0.0,0.025694758
0.0,0.53276616
1.0,0.9632131
0.0,0.2562197
0.0,0.43320167
0.0,0.042743415
0.0,0.011325568
1.0,0.7475842
1.0,0.8155141
0.0,0.046233624
0.0,0.9751905
0.0,0.017153323
0.0,0.994231
0.0,0.99026066
0.0,0.34766686
0.0,0.019351691
0.0,0.13127476
1.0,0.08795938
0.0,0.048303097
1.0,0.2548505
0.0,0.84150326
0.0,0.013552517
0.0,0.047353864
0.0,0.114329815
0.0,0.36205882
0.0,0.084112525
1.0,0.9932299
0.0,0.019780308
0.0,0.772946
0.0,0.055856615
1.0,0.672584
1.0,0.9012295
0.0,0.029326528
0.0,0.48320097
0.0,0.03449291
1.0,0.99743354
1.0,0.8117968
1.0,0.9930929
0.0,0.19461316
1.0,0.99650294
0.0,0.053415388
0.0,0.031392515
0.0,0.028289348
1.0,0.0951128
0.0,0.013262659
0.0,0.034171134
1.0,0.9974371
1.0,0.057723224
0.0,0.098436534
1.0,0.99644315
0.0,0.044596553
1.0,0.9408641
0.0,0.09218195
1.0,0.84827334
0.0,0.98911893
0.0,0.26863205
1.0,0.9471292
0.0,0.015478134
0.0,0.057439297
0.0,0.055042475
0.0,0.10212651
0.0,0.10856983
0.0,0.014184207
1.0,0.8697065
1.0,0.64258987
0.0,0.18475118
0.0,0.074232906
0.0,0.019482553
0.0,0.4901406
1.0,0.9984057
0.0,0.023913503
0.0,0.32573044
0.0,0.8035679
0.0,0.65231645
0.0,0.0062474012
1.0,0.98770994
1.0,0.97213465
0.0,0.026259333
0.0,0.0938617
0.0,0.10112831
0.0,0.025053024
1.0,0.80614865
0.0,0.8085232
0.0,0.13851011
0.0,0.019716889
1.0,0.5206768
0.0,0.025730968
0.0,0.06168267
1.0,0.9914711
0.0,0.040221483
0.0,0.18862477
1.0,0.8459893
1.0,0.43867594
1.0,0.97534025
0.0,0.011849821
0.0,0.025131404
0.0,0.12246299
0.0,0.012672693
1.0,0.95180976
0.0,0.20248544
1.0,0.18397406
0.0,0.01343438
0.0,0.016751051
0.0,0.10149637
1.0,0.98834145
0.0,0.38619888
0.0,0.1629036
0.0,0.10362628
1.0,0.82123226
0.0,0.05615112
0.0,0.06501648
0.0,0.04252428
1.0,0.30509698
0.0,0.021253765
0.0,0.043292105
1.0,0.25832978
1.0,0.9977655
0.0,0.0077756643
1.0,0.99576485
1.0,0.9972937
1.0,0.9236417
1.0,0.9561323
0.0,0.028302312
1.0,0.9884981
0.0,0.99430573
1.0,0.10563457
0.0,0.04587215
1.0,0.16583166
0.0,0.34774172
1.0,0.25162458
1.0,0.99883366
1.0,0.5941284
0.0,0.028631538
0.0,0.86315155
0.0,0.8161564
0.0,0.09500575
0.0,0.022615999
0.0,0.32024658
1.0,0.99582314
1.0,0.9858639
1.0,0.7743598
0.0,0.03061378
0.0,0.033276647
0.0,0.07830426
0.0,0.08886778
1.0,0.07736683
0.0,0.043142796
0.0,0.021466553
0.0,0.034250915
0.0,0.12940258
1.0,0.9686543
0.0,0.81799495
0.0,0.6350501
0.0,0.7199786
1.0,0.9288048
0.0,0.09813547
0.0,0.4066186
1.0,0.7573055
0.0,0.8335848
1.0,0.8348428
0.0,0.07801026
0.0,0.58915985
0.0,0.020957083
0.0,0.047338277
0.0,0.0063275993
1.0,0.99676555
0.0,0.07413164
0.0,0.034742564
1.0,0.9919229
1.0,0.9303584
0.0,0.47514218
1.0,0.025512964
0.0,0.651611
0.0,0.11947432
1.0,0.9894954
0.0,0.0149535835
0.0,0.27418172
0.0,0.025368094
0.0,0.05426538
1.0,0.99791735
1.0,0.9891568
1.0,0.8967198
1.0,0.9875063
0.0,0.12648693
0.0,0.026559532
0.0,0.3116706
1.0,0.9657985
0.0,0.03525713
0.0,0.03682047
1.0,0.9860488
1.0,0.619688
1.0,0.832427
0.0,0.024294764
0.0,0.16671956
0.0,0.8822453
1.0,0.9971776
1.0,0.9901278
1.0,0.97025776
0.0,0.2782927
0.0,0.009853959
0.0,0.005969733
1.0,0.9717476
1.0,0.4803175
0.0,0.4092436
1.0,0.8362732
1.0,0.8519484
1.0,0.968186
1.0,0.4243286
0.0,0.14316535
0.0,0.031354338
1.0,0.3787214
1.0,0.8665558
0.0,0.18014121
0.0,0.0439485
0.0,0.013284147
0.0,0.056030422
0.0,0.026706666
0.0,0.67985404
0.0,0.02019301
0.0,0.0720329
1.0,0.9001285
1.0,0.8763063
0.0,0.6198525
1.0,0.9971942
0.0,0.013737112
1.0,0.9272108
0.0,0.18788162
1.0,0.9972747
0.0,0.0080528855
0.0,0.025164098
0.0,0.02598989
0.0,0.4838664
1.0,0.10837731
1.0,0.8820215
0.0,0.08829281
0.0,0.10747269
1.0,0.31420058
0.0,0.058768183
1.0,0.97830665
1.0,0.9502603
0.0,0.031374186
0.0,0.110228
0.0,0.2784912
0.0,0.9982723
0.0,0.86166227
0.0,0.016915262
0.0,0.78197527
0.0,0.032185435
1.0,0.91124773
1.0,0.9870683
1.0,0.89068544
1.0,0.9610684
0.0,0.018047899
0.0,0.46177888
1.0,0.958359
0.0,0.95793426
0.0,0.026773453
0.0,0.06443083
1.0,0.5014136
1.0,0.5912841
0.0,0.037102073
1.0,0.97569865
1.0,0.98410046
0.0,0.014355451
0.0,0.053956628
1.0,0.99084747
0.0,0.022063166
0.0,0.9173415
0.0,0.010085404
0.0,0.072805285
1.0,0.16785404
0.0,0.08220753
0.0,0.043743342
0.0,0.16257074
1.0,0.7730887
0.0,0.037282497
0.0,0.06614971
1.0,0.9941509
0.0,0.036468357
0.0,0.49051127
0.0,0.991041
1.0,0.99882436
1.0,0.41151273
1.0,0.679963
0.0,0.06699672
0.0,0.7142557
1.0,0.43106467
0.0,0.011834085
0.0,0.04433191
0.0,0.49986202
0.0,0.293814
1.0,0.52420753
0.0,0.056292772
0.0,0.6921002
1.0,0.613456
0.0,0.0365099
0.0,0.03477913
0.0,0.7125588
0.0,0.13858682
1.0,0.88949454
1.0,0.99061346
0.0,0.92208624
1.0,0.7828095
0.0,0.0775429
0.0,0.020357281
0.0,0.032046765
1.0,0.93254477
0.0,0.013394177
0.0,0.032202512
1.0,0.9798964
1.0,0.79990745
1.0,0.96930265
0.0,0.5333503
1.0,0.8051192
1.0,0.98622113
0.0,0.005857438
0.0,0.81718946
0.0,0.8853412
1.0,0.571183
0.0,0.051519215
0.0,0.65127707
0.0,0.020745784
0.0,0.014648706
0.0,0.031387657
0.0,0.062547475
0.0,0.5016629
0.0,0.9863663
0.0,0.46033975
1.0,0.3933114
1.0,0.92112446
1.0,0.86565137
0.0,0.01613757
1.0,0.99533725
0.0,0.49469614
0.0,0.093958616
1.0,0.9877497
0.0,0.16676107
0.0,0.031141132
0.0,0.10711205
0.0,0.03441879
0.0,0.7132058
0.0,0.6766359
0.0,0.08239171
1.0,0.8424394
0.0,0.016192198
0.0,0.018778622
0.0,0.050108403
1.0,0.9979873
1.0,0.97833943
0.0,0.638749
1.0,0.72303796
0.0,0.028429478
1.0,0.76774764
0.0,0.18705308
0.0,0.05524853
1.0,0.08673304
0.0,0.029643863
0.0,0.0132755935
1.0,0.26922482
0.0,0.07896909
1.0,0.013603538
0.0,0.6550969
0.0,0.031501174
1.0,0.99530745
0.0,0.019479334
0.0,0.31466928
0.0,0.86084867
0.0,0.014472812
0.0,0.009002954
1.0,0.9553069
0.0,0.02461502
0.0,0.08059186
0.0,0.040974915
1.0,0.9255104
0.0,0.9887824
0.0,0.096628696
1.0,0.5877374
0.0,0.021633089
0.0,0.027970701
0.0,0.07872197
0.0,0.085347295
1.0,0.965635
0.0,0.027026683
0.0,0.02011472
0.0,0.01750964
0.0,0.015766382
0.0,0.85877544
1.0,0.97723985
1.0,0.9032793
0.0,0.06853485
1.0,0.9788089
0.0,0.036830306
0.0,0.044481188
0.0,0.07033539
0.0,0.13663512
1.0,0.98696893
0.0,0.03233677
0.0,0.10872111
0.0,0.5217936
0.0,0.690727
0.0,0.06412643
0.0,0.015039414
0.0,0.016882181
0.0,0.020232946
0.0,0.022809476
0.0,0.97077584
1.0,0.6536575
0.0,0.06546128
0.0,0.042085797
0.0,0.078333735
1.0,0.9953545
0.0,0.091956615
1.0,0.9709345
0.0,0.035022855
0.0,0.09941992
0.0,0.040613234
1.0,0.9923924
1.0,0.9852758
1.0,0.5659277
1.0,0.83254087
0.0,0.115051
0.0,0.040737838
1.0,0.9912454
1.0,0.96668506
0.0,0.025114536
0.0,0.36157924
0.0,0.9225682
1.0,0.9562602
0.0,0.074240655
0.0,0.03568229
0.0,0.043530315
0.0,0.0453144
1.0,0.6598991
1.0,0.9874877
0.0,0.013703138
1.0,0.78244424
0.0,0.098205656
0.0,0.04696533
0.0,0.020097852
0.0,0.085690856
0.0,0.049090534
1.0,0.92704284
0.0,0.015035868
0.0,0.19574136
0.0,0.88024366
0.0,0.31765
0.0,0.7695186
1.0,0.98371136
0.0,0.052592188
0.0,0.12343341
1.0,0.99026704
0.0,0.89721024
0.0,0.086316526
1.0,0.99786735
1.0,0.734328
0.0,0.12370494
1.0,0.92688733
0.0,0.15706506
1.0,0.9494951
1.0,0.99845356
0.0,0.21488076
1.0,0.98049545
0.0,0.056497216
0.0,0.3542903
0.0,0.49173406
0.0,0.74121535
0.0,0.024288297
0.0,0.03362909
0.0,0.33609644
1.0,0.9919195
0.0,0.15526977
0.0,0.032346725
0.0,0.3223983
0.0,0.5916512
1.0,0.99180007
0.0,0.04589036
0.0,0.60262686
0.0,0.027303368
0.0,0.03112799
0.0,0.020646304
0.0,0.9854033
1.0,0.14552456
0.0,0.240845
1.0,0.93632
0.0,0.031525224
1.0,0.50031495
0.0,0.34043854
0.0,0.18676513
0.0,0.03229493
0.0,0.69336665
0.0,0.56840235
0.0,0.0932222
0.0,0.093520015
0.0,0.085442096
0.0,0.9525254
0.0,0.96203685
1.0,0.9914268
0.0,0.8864802
0.0,0.025325954
1.0,0.99850786
0.0,0.037961125
0.0,0.015424848
0.0,0.0147714615
1.0,0.10857499
1.0,0.8240391
1.0,0.55207735
1.0,0.99427515
0.0,0.33445996
1.0,0.96463335
0.0,0.41345644
1.0,0.30422276
0.0,0.046596944
0.0,0.9103476
0.0,0.050465465
0.0,0.09955904
0.0,0.09715378
1.0,0.99296045
1.0,0.50911534
0.0,0.9969994
1.0,0.73329115
0.0,0.013638467
1.0,0.99258757
0.0,0.02618578
0.0,0.025503248
0.0,0.87341076
0.0,0.77726835
0.0,0.078052014
0.0,0.0277507
1.0,0.99583614
0.0,0.0052134395
1.0,0.99379516
1.0,0.9822215
1.0,0.94676316
0.0,0.035559654
0.0,0.98246837
0.0,0.025185227
0.0,0.17794174
0.0,0.13845116
1.0,0.8329246
0.0,0.5518291
0.0,0.2736282
0.0,0.19820258
0.0,0.029335618
0.0,0.033103883
0.0,0.105285496
0.0,0.84913516
0.0,0.038751572
0.0,0.07021546
1.0,0.99487865
0.0,0.37663904
0.0,0.028555423
0.0,0.02675429
0.0,0.07711831
1.0,0.9687499
0.0,0.5197791
1.0,0.9994252
0.0,0.11581549
1.0,0.99958915
1.0,0.9541965
0.0,0.041583955
0.0,0.31968403
0.0,0.103903204
0.0,0.23974603
0.0,0.031070352
0.0,0.7530974
1.0,0.9956757
0.0,0.023857862
1.0,0.6915303
0.0,0.5407167
0.0,0.024686575
0.0,0.06291479
1.0,0.88787985
0.0,0.021638513
1.0,0.99874496
0.0,0.031208426
0.0,0.15541446
0.0,0.6236707
0.0,0.45235273
0.0,0.27897716
0.0,0.28494644
1.0,0.9289849
1.0,0.9475726
0.0,0.34383127
0.0,0.17385092
0.0,0.053575605
1.0,0.9731407
0.0,0.037871867
1.0,0.4050029
0.0,0.78340566
1.0,0.91389185
1.0,0.9934827
0.0,0.08295232
0.0,0.064596
0.0,0.03521791
1.0,0.84224033
0.0,0.6003774
0.0,0.7304032
1.0,0.9885644
1.0,0.9133165
0.0,0.31180716
0.0,0.043208957
1.0,0.9880552
0.0,0.07664245
0.0,0.028399408
0.0,0.023158759
1.0,0.59705883
0.0,0.041891932
0.0,0.39600712
1.0,0.9924805
1.0,0.9256129
0.0,0.4106902
0.0,0.035565406
0.0,0.030534506
1.0,0.9855945
1.0,0.99334073
1.0,0.116522044
0.0,0.06362629
0.0,0.058541387
0.0,0.08315769
0.0,0.0132523775
1.0,0.9424436
0.0,0.029393137
0.0,0.8448051
0.0,0.028468043
0.0,0.72583294
0.0,0.2793285
0.0,0.092095286
0.0,0.4736188
0.0,0.042206436
0.0,0.01967001
1.0,0.76531565
1.0,0.9744091
0.0,0.82791346
0.0,0.8837949
1.0,0.2761491
0.0,0.045221448
1.0,0.9831061
0.0,0.025813758
0.0,0.05900374
1.0,0.9885335
1.0,0.99842876
0.0,0.9258374
0.0,0.15679339
1.0,0.53968686
0.0,0.110376745
0.0,0.09401882
0.0,0.9996855
0.0,0.016871959
1.0,0.9628854
1.0,0.37636504
0.0,0.31060088
0.0,0.011051118
0.0,0.040289402
1.0,0.9693905
0.0,0.060457796
1.0,0.40930182
0.0,0.16128492
1.0,0.58424234
1.0,0.6454606
0.0,0.70293283
1.0,0.5507562
0.0,0.26607406
0.0,0.020149827
1.0,0.92075324
1.0,0.9057865
0.0,0.024270505
0.0,0.25140923
0.0,0.8909426
0.0,0.58376676
1.0,0.9911113
0.0,0.101893544
0.0,0.367738
0.0,0.025479823
1.0,0.9819623
0.0,0.035650343
0.0,0.9850397
1.0,0.9835607
0.0,0.017853647
0.0,0.8856733
0.0,0.11386523
1.0,0.80249894
0.0,0.9017886
1.0,0.96032774
0.0,0.046768665
1.0,0.14251596
1.0,0.51922053
1.0,0.99592763
1.0,0.9452129
0.0,0.06921071
1.0,0.95793617
0.0,0.015879393
1.0,0.99535257
1.0,0.3851844
0.0,0.36164716
1.0,0.9868649
0.0,0.010777444
1.0,0.64298254
1.0,0.4818395
0.0,0.05655831
0.0,0.9900264
1.0,0.9994085
1.0,0.6402188
0.0,0.2724291
0.0,0.92399704
0.0,0.012966812
0.0,0.06691581
0.0,0.65713876
1.0,0.9425292
1.0,0.9473361
1.0,0.5003391
1.0,0.9057948
1.0,0.99785566
1.0,0.9972285
0.0,0.59744096
1.0,0.9965911
0.0,0.03606695
0.0,0.37072802
0.0,0.06502694
1.0,0.16520855
1.0,0.8923106
0.0,0.08841053
0.0,0.024217129
0.0,0.90897846
1.0,0.89795935
1.0,0.651693
1.0,0.97345436
0.0,0.034959406
0.0,0.98725384
0.0,0.028736144
0.0,0.39538163
0.0,0.057398617
0.0,0.040343195
1.0,0.9889252
1.0,0.94616723
0.0,0.20316401
0.0,0.08221403
0.0,0.6782691
0.0,0.6521503
0.0,0.5672045
0.0,0.6339123
0.0,0.92637056
1.0,0.9571055
0.0,0.3093143
1.0,0.9434935
0.0,0.030310541
0.0,0.94968724
0.0,0.26427352
0.0,0.834894
1.0,0.9812382
1.0,0.8967626
1.0,0.93703914
1.0,0.902249
0.0,0.009517342
0.0,0.34223574
1.0,0.5405218
1.0,0.83493865
0.0,0.44186953
0.0,0.012949258
0.0,0.1529817
1.0,0.26057464
0.0,0.019221544
1.0,0.1058082
0.0,0.00957343
0.0,0.123874724
0.0,0.02617985
0.0,0.033239394
0.0,0.7494925
0.0,0.0512183
0.0,0.11718756
1.0,0.9898324
0.0,0.03616324
0.0,0.63023597
0.0,0.05032432
1.0,0.27773815
0.0,0.04222381
1.0,0.9968926
0.0,0.0052213967
0.0,0.08703679
0.0,0.015275568
0.0,0.7232992
0.0,0.02143544
0.0,0.028030992
1.0,0.9028578
0.0,0.5342921
1.0,0.9460074
1.0,0.71367824
0.0,0.039436758
0.0,0.12148756
1.0,0.979323
1.0,0.99938536
0.0,0.15162522
0.0,0.25967145
0.0,0.014809132
0.0,0.391415
0.0,0.016223341
1.0,0.93513566
0.0,0.1643123
1.0,0.8709959
1.0,0.54362404
0.0,0.9557855
0.0,0.16532972
0.0,0.057480723
0.0,0.024112612
0.0,0.8983679
0.0,0.032426387
0.0,0.07498938
0.0,0.92537284
1.0,0.84968084
1.0,0.88413155
0.0,0.050193876
0.0,0.03372678
0.0,0.90767634
1.0,0.9846052
0.0,0.044472575
0.0,0.041820735
1.0,0.63760173
1.0,0.97991633
0.0,0.44783175
0.0,0.08229017
0.0,0.010355711
1.0,0.9889469
0.0,0.05372119
1.0,0.9817035
1.0,0.85997784
0.0,0.058306187
0.0,0.39560187
0.0,0.09007913
1.0,0.8509403
0.0,0.38443768
1.0,0.9047481
0.0,0.038153946
1.0,0.8467164
0.0,0.09594238
0.0,0.063735366
0.0,0.01999709
1.0,0.9979912
0.0,0.805534
1.0,0.99720424
1.0,0.7177697
0.0,0.020280778
1.0,0.1628725
0.0,0.14456281
1.0,0.6822164
0.0,0.020296961
1.0,0.99440265
0.0,0.022768945
1.0,0.89867914
1.0,0.99160683
1.0,0.9973066
0.0,0.01670596
1.0,0.9975598
1.0,0.5764711
0.0,0.06563565
1.0,0.9821811
1.0,0.47670212
1.0,0.39114353
0.0,0.51181555
0.0,0.11978371
0.0,0.98395616
0.0,0.27249205
