0.0,0.60647017
0.0,0.9283643
1.0,0.28722984
0.0,0.17391309
1.0,0.47900552
0.0,0.19709057
1.0,0.9149585
1.0,0.80671835
1.0,0.8460611
0.0,0.07082841
0.0,0.51725584
1.0,0.8476542
0.0,0.036345124
0.0,0.2099519
0.0,0.33207828
0.0,0.010531276
1.0,0.6166086
0.0,0.22890541
0.0,0.08214107
1.0,0.9526442
1.0,0.5228255
0.0,0.022843003
1.0,0.95646703
0.0,0.19543153
0.0,0.02573058
1.0,0.70071656
0.0,0.56197435
1.0,0.8742759
0.0,0.1362189
1.0,0.9710667
0.0,0.045331508
0.0,0.36723003
1.0,0.91970235
1.0,0.99824595
1.0,0.8779515
1.0,0.97919977
1.0,0.66714
0.0,0.103339374
1.0,0.9826807
1.0,0.46512777
1.0,0.8318957
1.0,0.9945251
0.0,0.0998455
1.0,0.86175674
1.0,0.9493463
0.0,0.08300379
0.0,0.027420074
0.0,0.049070895
0.0,0.04502371
1.0,0.9790609
0.0,0.21642709
1.0,0.74624604
1.0,0.9969862
1.0,0.8860557
0.0,0.11755866
0.0,0.029320776
0.0,0.09237513
1.0,0.21664357
1.0,0.92535293
1.0,0.5902016
1.0,0.9717315
0.0,0.70451814
1.0,0.98709166
1.0,0.8080102
1.0,0.92936707
0.0,0.22829711
0.0,0.4574207
1.0,0.9849552
0.0,0.09825531
1.0,0.96230733
0.0,0.7020768
1.0,0.9767754
0.0,0.009920001
0.0,0.18784922
1.0,0.7283723
0.0,0.6775484
0.0,0.038729906
0.0,0.1376062
0.0,0.04324311
1.0,0.9861291
0.0,0.05033511
1.0,0.9914068
1.0,0.9745803
1.0,0.9983457
1.0,0.9730067
1.0,0.804842
1.0,0.97178805
0.0,0.24347058
0.0,0.09116742
1.0,0.7961449
0.0,0.07667306
1.0,0.41517663
0.0,0.029552668
0.0,0.79151005
0.0,0.45011187
1.0,0.99629617
0.0,0.08450472
0.0,0.19064888
1.0,0.49863645
1.0,0.9951665
0.0,0.018817991
0.0,0.105594605
1.0,0.030138224
0.0,0.35950404
0.0,0.30765033
1.0,0.97224647
1.0,0.088026255
0.0,0.10768399
1.0,0.047422737
1.0,0.9881599
1.0,0.92097425
0.0,0.19067806
1.0,0.20456862
0.0,0.584316
0.0,0.11651343
1.0,0.6299022
0.0,0.0676156
1.0,0.8801
1.0,0.4962548
1.0,0.98110104
0.0,0.10889739
1.0,0.98591816
0.0,0.98591524
0.0,0.035278738
0.0,0.11275065
1.0,0.7345357
0.0,0.04614827
0.0,0.1117678
1.0,0.98874426
1.0,0.8203325
1.0,0.98278093
0.0,0.23844314
0.0,0.08295447
1.0,0.5823469
1.0,0.99762136
0.0,0.7265693
0.0,0.13719985
0.0,0.09790015
0.0,0.23628145
0.0,0.12705454
1.0,0.8581447
0.0,0.26163733
1.0,0.122211784
0.0,0.030057073
0.0,0.08784786
0.0,0.0040118992
1.0,0.7294202
0.0,0.11287284
0.0,0.051249176
0.0,0.5032308
0.0,0.08822939
0.0,0.035018504
0.0,0.0126077235
0.0,0.97982323
0.0,0.6777128
1.0,0.9856049
0.0,0.026770055
0.0,0.032739073
1.0,0.9996387
0.0,0.089395165
0.0,0.27388197
0.0,0.095567554
0.0,0.07515538
0.0,0.19170836
1.0,0.99610627
0.0,0.29363674
1.0,0.72234976
0.0,0.19566044
0.0,0.028161943
1.0,0.9291799
0.0,0.8210801
0.0,0.95534694
0.0,0.99159443
0.0,0.011218935
1.0,0.84641236
1.0,0.86552775
0.0,0.14512965
1.0,0.5931829
0.0,0.37599578
1.0,0.98019516
1.0,0.71999043
1.0,0.6769817
1.0,0.9971067
1.0,0.9279132
0.0,0.6869364
0.0,0.025891751
0.0,0.0435718
0.0,0.98296404
0.0,0.24851465
0.0,0.09149867
1.0,0.40642118
0.0,0.0058543384
0.0,0.9506097
1.0,0.8369823
1.0,0.95568943
1.0,0.99855715
0.0,0.024079919
0.0,0.21860781
0.0,0.14532337
1.0,0.057729304
0.0,0.7686889
0.0,0.66287524
0.0,0.5045682
0.0,0.2708632
0.0,0.1339477
1.0,0.36725384
0.0,0.038318425
1.0,0.73944193
0.0,0.010642707
0.0,0.32930028
0.0,0.031995684
1.0,0.96322525
0.0,0.17213565
0.0,0.4386398
0.0,0.03843522
0.0,0.023884177
0.0,0.9392514
0.0,0.5709553
1.0,0.9980835
0.0,0.040728837
0.0,0.062363774
1.0,0.9253664
1.0,0.9938743
0.0,0.7341914
0.0,0.04498121
0.0,0.024580091
0.0,0.2347067
0.0,0.34977055
0.0,0.09157434
1.0,0.9972817
0.0,0.35890508
1.0,0.9078151
0.0,0.026443988
1.0,0.80728984
1.0,0.64787865
0.0,0.04882413
0.0,0.14349791
0.0,0.08323902
1.0,0.8949797
1.0,0.8264344
1.0,0.97031593
1.0,0.6156204
0.0,0.050723463
0.0,0.9260336
1.0,0.9983889
0.0,0.29540634
0.0,0.050320238
0.0,0.012993544
0.0,0.6512569
0.0,0.065901995
0.0,0.08833757
0.0,0.22925293
1.0,0.986339
0.0,0.0699119
0.0,0.8402463
0.0,0.016007751
1.0,0.8668611
1.0,0.98071337
0.0,0.07812914
0.0,0.16430122
0.0,0.06599745
1.0,0.9865731
0.0,0.013982624
0.0,0.007689327
0.0,0.08446303
0.0,0.037771255
1.0,0.93928844
1.0,0.51694506
1.0,0.99524605
0.0,0.15148723
1.0,0.87855256
0.0,0.0518004
0.0,0.23035774
0.0,0.68258095
1.0,0.81383216
1.0,0.8611873
0.0,0.03474316
0.0,0.042863756
1.0,0.48669767
1.0,0.64079815
0.0,0.7526839
1.0,0.78337157
1.0,0.9910347
0.0,0.7212277
0.0,0.11036381
0.0,0.08473891
0.0,0.06358826
0.0,0.8987762
0.0,0.017471403
1.0,0.9895093
0.0,0.14295575
0.0,0.089520484
1.0,0.99632007
0.0,0.06888151
1.0,0.9764674
1.0,0.095988154
1.0,0.9530778
1.0,0.941007
1.0,0.7913189
0.0,0.119262815
1.0,0.9050361
0.0,0.96050966
1.0,0.99548346
0.0,0.69077706
0.0,0.22163996
0.0,0.075704575
0.0,0.095997006
0.0,0.59648556
1.0,0.9801789
0.0,0.9748957
1.0,0.60958445
0.0,0.83972013
1.0,0.9511938
1.0,0.99746156
0.0,0.053366005
0.0,0.0403046
0.0,0.0428299
1.0,0.9282859
1.0,0.11465299
0.0,0.008919448
0.0,0.017061144
0.0,0.044353187
0.0,0.06860939
1.0,0.97580576
1.0,0.79168606
0.0,0.13925445
0.0,0.71021634
1.0,0.9564946
1.0,0.9800508
1.0,0.8769629
0.0,0.05729589
0.0,0.92869234
0.0,0.014731646
0.0,0.21741053
1.0,0.9930961
1.0,0.7751961
0.0,0.19188568
0.0,0.18924096
0.0,0.013250768
0.0,0.6348413
0.0,0.011161715
0.0,0.0777148
1.0,0.29472792
0.0,0.08815369
0.0,0.20748806
0.0,0.3157906
0.0,0.8899914
0.0,0.668429
0.0,0.16202986
0.0,0.029508024
1.0,0.9153433
0.0,0.16052476
1.0,0.85902905
0.0,0.023921937
0.0,0.28378677
0.0,0.092862815
0.0,0.0043153167
0.0,0.9932419
1.0,0.5131943
1.0,0.890641
0.0,0.700777
1.0,0.91445327
0.0,0.031883866
0.0,0.40721518
0.0,0.48232156
0.0,0.8513344
0.0,0.041795015
0.0,0.005815029
1.0,0.5169846
0.0,0.049813837
1.0,0.9856801
0.0,0.041897774
1.0,0.3368221
0.0,0.28794545
1.0,0.27380115
1.0,0.9428888
1.0,0.9931387
0.0,0.032411695
0.0,0.1568749
1.0,0.88053113
0.0,0.047645837
0.0,0.07341468
1.0,0.077306986
1.0,0.99611807
0.0,0.32367116
1.0,0.94513345
1.0,0.9961126
0.0,0.8625455
0.0,0.09843922
0.0,0.2559497
0.0,0.1178135
0.0,0.0351682
0.0,0.35467672
1.0,0.99188447
0.0,0.15448752
1.0,0.25636718
1.0,0.106227875
0.0,0.052078545
0.0,0.27458507
0.0,0.77763283
1.0,0.9309478
1.0,0.99394345
1.0,0.28821895
0.0,0.46825126
1.0,0.97134626
1.0,0.9778453
0.0,0.006434679
0.0,0.42201045
0.0,0.92724365
0.0,0.50136614
1.0,0.8760892
0.0,0.22114545
1.0,0.6642335
0.0,0.81631446
0.0,0.14271295
0.0,0.07202965
0.0,0.030118138
0.0,0.02771607
0.0,0.060482353
0.0,0.07110134
0.0,0.06507078
0.0,0.19629323
0.0,0.5604113
0.0,0.26646644
0.0,0.024781793
0.0,0.3302516
0.0,0.05339724
1.0,0.8659972
0.0,0.6303193
1.0,0.9659905
0.0,0.07001433
0.0,0.12628081
0.0,0.112665445
0.0,0.48190343
0.0,0.41504222
0.0,0.25726506
0.0,0.3970395
0.0,0.011404991
0.0,0.03398478
0.0,0.058310717
0.0,0.8808899
1.0,0.7898152
0.0,0.04752323
0.0,0.061357856
0.0,0.77109134
0.0,0.11849776
1.0,0.8056104
0.0,0.79759705
1.0,0.3162508
0.0,0.023164958
0.0,0.21633437
1.0,0.9687264
0.0,0.9477818
1.0,0.749697
1.0,0.94125944
1.0,0.97266746
1.0,0.8727361
0.0,0.008633226
1.0,0.869891
0.0,0.06738183
0.0,0.06512609
0.0,0.11763182
1.0,0.99858856
0.0,0.028479338
0.0,0.051238537
1.0,0.82549524
1.0,0.9853999
0.0,0.46885395
0.0,0.023090959
1.0,0.81378156
0.0,0.024703205
1.0,0.7740483
0.0,0.56974757
0.0,0.25483516
1.0,0.7774651
0.0,0.9069419
0.0,0.011595041
1.0,0.497115
0.0,0.10376647
1.0,0.99549127
0.0,0.10208249
1.0,0.51806253
1.0,0.6692991
1.0,0.8601614
1.0,0.9978314
0.0,0.4556547
0.0,0.26526302
1.0,0.8319974
0.0,0.09861663
0.0,0.81070185
1.0,0.9491454
1.0,0.7825595
1.0,0.98806715
0.0,0.026772648
1.0,0.99121404
1.0,0.95539093
0.0,0.2803735
1.0,0.92944604
0.0,0.5400834
1.0,0.9197858
1.0,0.9673319
0.0,0.8964285
0.0,0.6377249
1.0,0.7665818
0.0,0.23756218
1.0,0.9285803
0.0,0.6452976
0.0,0.358409
0.0,0.9197891
1.0,0.9989592
0.0,0.0070258975
0.0,0.08032927
0.0,0.93058056
1.0,0.53122973
0.0,0.08630267
0.0,0.037038296
0.0,0.35027343
0.0,0.8508456
1.0,0.7375914
1.0,0.9365832
0.0,0.10806355
0.0,0.8975732
0.0,0.62192065
0.0,0.25884283
0.0,0.06261137
1.0,0.96627116
0.0,0.013910651
1.0,0.9935576
0.0,0.93882895
0.0,0.34475285
1.0,0.935663
0.0,0.06623587
0.0,0.29836085
0.0,0.05264178
0.0,0.074058115
0.0,0.38057834
0.0,0.036684155
0.0,0.07794574
0.0,0.30006775
1.0,0.9499854
1.0,0.97866285
0.0,0.009762168
0.0,0.16363928
1.0,0.9977571
0.0,0.037610173
1.0,0.9342891
0.0,0.018927723
0.0,0.051220655
1.0,0.91778004
0.0,0.24478915
1.0,0.9738675
0.0,0.29635084
1.0,0.6139131
0.0,0.07352081
0.0,0.15349293
0.0,0.8052029
1.0,0.9826361
0.0,0.00368163
0.0,0.3673892
0.0,0.053094596
0.0,0.9235214
1.0,0.110239
0.0,0.06966248
0.0,0.030448407
1.0,0.97312784
1.0,0.1665445
0.0,0.08589935
1.0,0.7478973
0.0,0.17930809
0.0,0.7850515
1.0,0.9027208
1.0,0.9789153
0.0,0.12207648
1.0,0.9148556
1.0,0.982334
0.0,0.16473481
0.0,0.07282567
0.0,0.13525578
1.0,0.06614444
0.0,0.02116403
0.0,0.091020405
0.0,0.05602336
1.0,0.99677336
1.0,0.8134809
0.0,0.15808591
1.0,0.48893937
1.0,0.346049
0.0,0.44181052
1.0,0.9353284
0.0,0.29485095
1.0,0.9569909
0.0,0.25716883
1.0,0.67170894
0.0,0.12075141
0.0,0.0235416
1.0,0.90754676
0.0,0.032706052
1.0,0.7362678
0.0,0.07441282
0.0,0.10345152
0.0,0.030855447
1.0,0.87351316
0.0,0.2890092
1.0,0.6529131
0.0,0.0346072
1.0,0.80897903
1.0,0.75102174
0.0,0.00409618
1.0,0.96918535
1.0,0.97906995
1.0,0.15430325
1.0,0.94197047
0.0,0.31825012
0.0,0.09679836
0.0,0.9598087
1.0,0.9699442
1.0,0.48820353
0.0,0.045675367
0.0,0.091588795
0.0,0.21451342
1.0,0.9560733
0.0,0.4086204
1.0,0.09145677
1.0,0.9629954
0.0,0.059803724
0.0,0.12041527
1.0,0.9804603
0.0,0.5752762
1.0,0.9913014
0.0,0.53665954
0.0,0.07014716
0.0,0.09537205
1.0,0.50366265
0.0,0.31119663
1.0,0.97834206
0.0,0.05224052
1.0,0.55223703
0.0,0.6279679
0.0,0.65435094
1.0,0.48797372
1.0,0.69891715
1.0,0.92494154
1.0,0.982671
0.0,0.20596245
0.0,0.05393493
0.0,0.85741615
0.0,0.009228468
1.0,0.94881266
1.0,0.6401067
0.0,0.039840013
0.0,0.12895465
0.0,0.027346522
1.0,0.982125
0.0,0.067848265
0.0,0.3675755
0.0,0.05178404
0.0,0.6181023
0.0,0.10613215
0.0,0.6512628
1.0,0.91767025
0.0,0.8895486
1.0,0.52960104
0.0,0.45131123
0.0,0.51563287
1.0,0.9184836
1.0,0.84353095
1.0,0.9783008
0.0,0.050544173
0.0,0.43102992
1.0,0.32382232
0.0,0.056033522
0.0,0.031551957
0.0,0.5503801
1.0,0.8435075
0.0,0.2496723
0.0,0.27055857
1.0,0.9878946
0.0,0.12839422
1.0,0.9964434
1.0,0.9224925
1.0,0.98510396
0.0,0.014168292
1.0,0.9013591
1.0,0.9682163
0.0,0.43572104
1.0,0.24131599
0.0,0.09272203
0.0,0.20337692
0.0,0.09495333
0.0,0.028082728
1.0,0.89520967
1.0,0.77026474
1.0,0.9938189
1.0,0.9832605
1.0,0.9883764
0.0,0.45192134
0.0,0.9624058
1.0,0.9934514
0.0,0.060195625
1.0,0.7827441
1.0,0.99887496
0.0,0.2182484
1.0,0.56454724
1.0,0.64443123
0.0,0.1311669
0.0,0.14619383
0.0,0.012211531
0.0,0.070180476
1.0,0.7302322
1.0,0.97168404
0.0,0.031190336
0.0,0.08398178
1.0,0.021935374
1.0,0.92947155
1.0,0.31319255
0.0,0.1423626
1.0,0.7532991
1.0,0.5046272
0.0,0.07469571
0.0,0.14174372
1.0,0.9342494
1.0,0.9923654
0.0,0.5218463
1.0,0.82254356
0.0,0.13109758
0.0,0.47196618
1.0,0.97263575
0.0,0.1438272
1.0,0.989925
0.0,0.79799414
0.0,0.56669617
0.0,0.6797806
1.0,0.98472524
1.0,0.8806851
0.0,0.1903049
0.0,0.011982232
1.0,0.78843737
0.0,0.04493463
1.0,0.84209764
1.0,0.8613037
1.0,0.869995
0.0,0.037493944
0.0,0.9308769
0.0,0.8731015
0.0,0.014715701
0.0,0.0070108175
1.0,0.99836004
0.0,0.38632083
0.0,0.034392327
1.0,0.8753029
0.0,0.016946971
1.0,0.4369998
1.0,0.8549008
0.0,0.031887233
0.0,0.28303707
0.0,0.6676155
0.0,0.030718625
0.0,0.010360956
0.0,0.053899705
0.0,0.039289504
0.0,0.942516
1.0,0.8409895
1.0,0.9641148
0.0,0.9032898
0.0,0.41743797
0.0,0.10799998
0.0,0.09657279
0.0,0.05377105
1.0,0.3437823
0.0,0.08768764
0.0,0.002750069
1.0,0.9933791
1.0,0.13521358
0.0,0.035179675
0.0,0.9714838
0.0,0.0016939044
0.0,0.39355588
0.0,0.021000713
0.0,0.24211717
1.0,0.8928231
1.0,0.56624293
1.0,0.9053985
0.0,0.014076769
1.0,0.95591426
1.0,0.97039795
0.0,0.5932974
0.0,0.010232002
1.0,0.64868414
1.0,0.3950976
1.0,0.90683943
1.0,0.95642054
1.0,0.76372814
0.0,0.38394314
0.0,0.5417744
1.0,0.7131878
0.0,0.018268675
1.0,0.94995844
0.0,0.013350397
1.0,0.5428381
0.0,0.09823167
0.0,0.60288393
0.0,0.06193772
0.0,0.22063139
0.0,0.3141177
0.0,0.030490607
0.0,0.012934953
0.0,0.16168648
0.0,0.58239406
0.0,0.0037446916
0.0,0.04403177
1.0,0.93050647
1.0,0.7401471
1.0,0.9372735
0.0,0.93803024
0.0,0.7369225
0.0,0.7990396
0.0,0.05498743
1.0,0.8601225
1.0,0.14532065
1.0,0.9542264
1.0,0.99150515
0.0,0.9330487
0.0,0.11782691
0.0,0.008425087
1.0,0.8655021
0.0,0.13272062
1.0,0.01403901
1.0,0.966347
0.0,0.39498535
0.0,0.017384559
0.0,0.048652858
0.0,0.8860672
1.0,0.96993065
1.0,0.88600504
0.0,0.25793126
1.0,0.72766376
1.0,0.78020626
0.0,0.18616152
0.0,0.11391342
1.0,0.86941636
0.0,0.0343616
0.0,0.038820803
0.0,0.035194337
0.0,0.28904054
0.0,0.09184244
1.0,0.9169456
0.0,0.24148023
0.0,0.78283834
1.0,0.99733853
1.0,0.71638054
0.0,0.49035242
0.0,0.53185433
1.0,0.7812948
0.0,0.16629016
0.0,0.0023245811
1.0,0.9727651
0.0,0.3141502
0.0,0.077135116
0.0,0.10845655
1.0,0.9427655
0.0,0.67584026
1.0,0.8451711
1.0,0.95955825
1.0,0.9984268
0.0,0.035467207
1.0,0.42095742
0.0,0.1628454
1.0,0.980179
0.0,0.2617323
1.0,0.8809898
0.0,0.07713568
0.0,0.09826201
1.0,0.97063947
0.0,0.058051288
0.0,0.03707987
1.0,0.38426822
1.0,0.70583534
1.0,0.6285343
1.0,0.914248
1.0,0.8290953
1.0,0.9802109
1.0,0.9219968
0.0,0.02551195
1.0,0.732937
1.0,0.98834306
0.0,0.35727257
0.0,0.060376853
0.0,0.009354889
1.0,0.7447032
0.0,0.0506033
0.0,0.23450953
0.0,0.2227914
1.0,0.9407499
0.0,0.15707892
0.0,0.19563949
1.0,0.77353644
1.0,0.98849714
1.0,0.8987961
1.0,0.24051753
0.0,0.9854249
0.0,0.08585012
0.0,0.20314223
0.0,0.45624742
0.0,0.023712784
0.0,0.5291636
0.0,0.07285616
1.0,0.5873907
1.0,0.9902674
0.0,0.09158754
1.0,0.9118047
0.0,0.023811698
0.0,0.031823725
1.0,0.94768566
0.0,0.040001363
0.0,0.96516526
0.0,0.076126605
0.0,0.7202158
0.0,0.07455683
0.0,0.052995265
0.0,0.9854418
1.0,0.9340296
0.0,0.13511837
0.0,0.750301
1.0,0.72555757
0.0,0.02069962
1.0,0.88092124
0.0,0.02183327
0.0,0.024019152
0.0,0.070397824
0.0,0.54042727
0.0,0.0150355995
0.0,0.039015025
0.0,0.064840645
0.0,0.51964915
0.0,0.8378402
1.0,0.642805
0.0,0.15534493
1.0,0.96090484
0.0,0.21217415
1.0,0.16924763
0.0,0.4217133
0.0,0.015741318
0.0,0.32487047
1.0,0.9426602
1.0,0.22089586
1.0,0.36894202
0.0,0.055611104
0.0,0.43286234
1.0,0.4802654
0.0,0.18340096
0.0,0.032385856
1.0,0.86482495
0.0,0.029894441
1.0,0.9075917
1.0,0.5449117
0.0,0.021535635
1.0,0.52849066
0.0,0.4532407
1.0,0.9276767
0.0,0.37527657
1.0,0.9991324
0.0,0.01222229
0.0,0.8915106
0.0,0.16997662
0.0,0.25806302
0.0,0.047968745
0.0,0.21048492
0.0,0.15391743
1.0,0.91733
0.0,0.07959014
0.0,0.00732854
0.0,0.0066913366
0.0,0.51023364
0.0,0.45086262
1.0,0.83099926
0.0,0.6900036
0.0,0.15284777
1.0,0.7076255
0.0,0.72283304
1.0,0.56857526
0.0,0.8891287
1.0,0.7701803
1.0,0.9301596
0.0,0.021539181
1.0,0.996776
0.0,0.78899264
0.0,0.09805396
0.0,0.06231329
0.0,0.49833176
1.0,0.6370533
1.0,0.9973333
0.0,0.2473819
0.0,0.13873401
1.0,0.98730385
0.0,0.3773455
1.0,0.884999
1.0,0.1759736
1.0,0.85071236
0.0,0.13987687
1.0,0.8859495
0.0,0.22899097
1.0,0.8899668
1.0,0.32360438
0.0,0.66877973
0.0,0.7533262
0.0,0.104307204
0.0,0.2388497
1.0,0.7314814
1.0,0.84019125
1.0,0.9986888
0.0,0.04381281
0.0,0.011227101
1.0,0.94470954
0.0,0.9663631
0.0,0.063537
0.0,0.19503188
1.0,0.50393903
0.0,0.18841195
0.0,0.05076939
0.0,0.1688014
0.0,0.1860185
1.0,0.9106983
1.0,0.9823206
0.0,0.7355983
0.0,0.053663194
0.0,0.04172206
1.0,0.99798566
0.0,0.1457189
0.0,0.76846516
1.0,0.917449
0.0,0.0064677894
0.0,0.53428394
1.0,0.990875
0.0,0.08508474
1.0,0.84388685
1.0,0.2686135
0.0,0.09952688
0.0,0.09373367
0.0,0.017249912
0.0,0.04676488
1.0,0.9804718
1.0,0.99985206
1.0,0.9960753
1.0,0.13064209
0.0,0.9866471
0.0,0.5387142
1.0,0.7180746
1.0,0.9161781
0.0,0.3707393
0.0,0.28785998
1.0,0.6903628
0.0,0.035985082
1.0,0.64038944
0.0,0.022354662
0.0,0.30210945
1.0,0.92452645
0.0,0.19212675
0.0,0.030047238
0.0,0.18326941
0.0,0.17233887
0.0,0.41363555
1.0,0.27932286
0.0,0.05996105
1.0,0.9968077
0.0,0.29870766
1.0,0.92007697
0.0,0.10587782
1.0,0.7726755
1.0,0.99076796
1.0,0.9973264
0.0,0.91984856
0.0,0.023729414
1.0,0.14259204
0.0,0.10462481
0.0,0.2099683
1.0,0.87797725
1.0,0.53845084
0.0,0.38546607
1.0,0.9751458
1.0,0.95157754
0.0,0.96981555
0.0,0.04142371
0.0,0.7926855
0.0,0.038410723
0.0,0.016182244
0.0,0.94599
1.0,0.99399126
1.0,0.9054959
1.0,0.9598259
0.0,0.07150078
0.0,0.03249356
0.0,0.03562668
0.0,0.09547979
0.0,0.13400558
0.0,0.04622507
1.0,0.89731044
1.0,0.9757235
1.0,0.8996552
0.0,0.4511799
0.0,0.015660703
1.0,0.9786103
0.0,0.24882755
0.0,0.48268276
1.0,0.79354274
0.0,0.8263376
0.0,0.63653743
1.0,0.9795769
0.0,0.23507002
1.0,0.7334358
1.0,0.9068877
0.0,0.93470013
0.0,0.042312443
1.0,0.998229
0.0,0.0078596175
0.0,0.44857788
1.0,0.630263
1.0,0.9432268
1.0,0.689234
1.0,0.9634054
0.0,0.9842427
0.0,0.051960766
0.0,0.026811123
1.0,0.87075686
0.0,0.99699044
1.0,0.94037986
0.0,0.54729855
1.0,0.6068398
1.0,0.63042486
0.0,0.44045985
0.0,0.08758795
0.0,0.06392929
0.0,0.51447785
0.0,0.06266132
0.0,0.020683616
1.0,0.6214771
1.0,0.1978634
0.0,0.7668073
1.0,0.92990816
1.0,0.15966803
0.0,0.004793316
0.0,0.35186815
1.0,0.9049758
1.0,0.58771145
0.0,0.064702064
0.0,0.096075684
0.0,0.097393304
0.0,0.06859523
1.0,0.8332994
1.0,0.96245843
0.0,0.095029
0.0,0.010243744
0.0,0.28122538
0.0,0.34960443
0.0,0.025188416
0.0,0.19806108
0.0,0.9753187
0.0,0.8811641
0.0,0.049783915
0.0,0.09895843
0.0,0.6587103
1.0,0.96771014
1.0,0.86160904
0.0,0.010131687
0.0,0.063180655
0.0,0.00080886483
0.0,0.055230677
0.0,0.43168887
0.0,0.57521015
0.0,0.055389136
0.0,0.68228114
1.0,0.76916605
1.0,0.9823432
1.0,0.9514774
1.0,0.88910437
1.0,0.99805653
0.0,0.6665614
0.0,0.102473915
0.0,0.20346117
0.0,0.20761672
1.0,0.6902743
0.0,0.04129678
1.0,0.73253953
0.0,0.12387794
0.0,0.88431406
0.0,0.8594105
0.0,0.2013031
0.0,0.13205042
0.0,0.5388694
0.0,0.18355015
0.0,0.023963243
1.0,0.7004044
1.0,0.8550305
0.0,0.29742098
0.0,0.20598254
0.0,0.035785556
0.0,0.024702191
1.0,0.9969712
0.0,0.040911496
1.0,0.47122493
0.0,0.03927517
1.0,0.61139774
0.0,0.02455917
0.0,0.3315373
1.0,0.9775808
0.0,0.05744058
1.0,0.9727551
0.0,0.060197055
0.0,0.54987496
0.0,0.7377081
0.0,0.024396926
0.0,0.024835706
1.0,0.95483565
1.0,0.99525154
0.0,0.28052384
0.0,0.11938962
0.0,0.04220316
0.0,0.34062082
1.0,0.6660855
0.0,0.62696606
1.0,0.17925492
1.0,0.8991413
0.0,0.7963823
0.0,0.14113387
0.0,0.35560417
0.0,0.06772545
0.0,0.19432288
0.0,0.0544039
0.0,0.08138257
0.0,0.4851517
0.0,0.23885065
1.0,0.92510605
0.0,0.9932814
0.0,0.04175517
1.0,0.92970103
0.0,0.15886301
0.0,0.20971182
0.0,0.023066044
0.0,0.13111818
1.0,0.051035494
1.0,0.9200726
1.0,0.99719006
0.0,0.08711043
0.0,0.019623756
0.0,0.05452475
0.0,0.8638659
0.0,0.44814983
0.0,0.7788156
1.0,0.997249
1.0,0.9942811
1.0,0.98142266
0.0,0.11259213
1.0,0.99334157
1.0,0.60745686
0.0,0.13959554
1.0,0.9001036
0.0,0.17136356
0.0,0.110123515
0.0,0.74298996
1.0,0.99500465
1.0,0.9854356
1.0,0.9285083
0.0,0.9323174
0.0,0.25289476
0.0,0.0900839
1.0,0.9646002
1.0,0.990322
1.0,0.99274594
1.0,0.7142103
0.0,0.42085484
0.0,0.012151182
0.0,0.088540345
0.0,0.16434962
1.0,0.9682174
0.0,0.048884958
0.0,0.06242633
0.0,0.12686118
1.0,0.37415415
0.0,0.54848474
0.0,0.09465206
0.0,0.105386615
0.0,0.926113
0.0,0.077325165
0.0,0.103933275
0.0,0.10615027
0.0,0.1591458
0.0,0.04308787
1.0,0.9939129
1.0,0.19516551
0.0,0.56167865
0.0,0.8957865
0.0,0.90003353
1.0,0.91696703
0.0,0.029842407
0.0,0.015987247
0.0,0.912912
0.0,0.028681695
1.0,0.92730093
0.0,0.046247005
0.0,0.019563347
1.0,0.9111661
1.0,0.90775526
1.0,0.98013306
0.0,0.12994733
0.0,0.116619796
1.0,0.9591387
1.0,0.97596276
1.0,0.9611976
0.0,0.8438158
0.0,0.73718894
0.0,0.018485844
1.0,0.07572392
1.0,0.95893747
0.0,0.037264764
0.0,0.9186125
1.0,0.8379871
1.0,0.9419569
0.0,0.039315253
1.0,0.92102873
1.0,0.5957629
0.0,0.042742074
1.0,0.73579705
0.0,0.061125696
0.0,0.036096215
0.0,0.6915593
0.0,0.047323227
1.0,0.9383398
0.0,0.3727427
1.0,0.9550848
1.0,0.8097857
1.0,0.41000775
0.0,0.0067123473
0.0,0.8838388
1.0,0.80587375
0.0,0.052072585
1.0,0.82114625
1.0,0.9182569
0.0,0.98669165
0.0,0.3932495
1.0,0.8331028
1.0,0.9929236
0.0,0.02203691
1.0,0.92313004
1.0,0.587028
1.0,0.94092536
1.0,0.9973426
1.0,0.81377614
1.0,0.97577167
0.0,0.032044172
0.0,0.29671055
0.0,0.2611351
1.0,0.95067734
1.0,0.74502987
0.0,0.2609997
0.0,0.16121799
1.0,0.5212995
0.0,0.0124877095
1.0,0.9796603
0.0,0.74460024
1.0,0.9637013
1.0,0.8870801
0.0,0.21197358
1.0,0.67017555
0.0,0.2771722
1.0,0.9996184
1.0,0.958362
1.0,0.1701211
0.0,0.05319041
0.0,0.026523978
1.0,0.66185117
0.0,0.13413468
1.0,0.9455439
0.0,0.026557267
0.0,0.60870236
0.0,0.10853049
0.0,0.2817912
0.0,0.02159971
0.0,0.7126252
0.0,0.5218577
1.0,0.9352751
1.0,0.34540817
0.0,0.15185723
1.0,0.99891055
1.0,0.89958966
0.0,0.80939627
0.0,0.7110022
0.0,0.23160961
0.0,0.17952642
0.0,0.114742786
0.0,0.37395194
1.0,0.4416013
1.0,0.9972808
0.0,0.044347882
0.0,0.03368017
0.0,0.9543228
0.0,0.7386842
0.0,0.73246485
1.0,0.98581326
0.0,0.16381496
0.0,0.060254186
1.0,0.5307216
1.0,0.98912597
0.0,0.20302242
0.0,0.06578192
0.0,0.03754276
1.0,0.8468596
1.0,0.3298912
0.0,0.05807987
0.0,0.07651052
0.0,0.09555742
0.0,0.13689604
0.0,0.012934089
1.0,0.9940188
1.0,0.92192733
1.0,0.5399619
0.0,0.0018858016
1.0,0.07867885
0.0,0.68464136
1.0,0.99961305
1.0,0.6625211
0.0,0.048245877
0.0,0.0028799474
0.0,0.032669067
0.0,0.7931323
0.0,0.898459
1.0,0.9992333
0.0,0.8966854
0.0,0.41902593
0.0,0.082924515
0.0,0.0011948943
0.0,0.084011614
0.0,0.35295573
0.0,0.5498591
1.0,0.5503982
1.0,0.95348275
0.0,0.011865407
0.0,0.88003653
0.0,0.63341075
0.0,0.071608335
1.0,0.9671799
0.0,0.04789555
0.0,0.34114295
1.0,0.8451443
0.0,0.9102788
0.0,0.24252096
0.0,0.055089474
0.0,0.07695541
1.0,0.97913754
1.0,0.88260853
0.0,0.05383128
1.0,0.61801356
1.0,0.9530064
1.0,0.89519846
0.0,0.3471793
0.0,0.39442262
1.0,0.9433009
1.0,0.9726455
0.0,0.016717851
1.0,0.99650705
0.0,0.055051744
1.0,0.9047446
1.0,0.94700456
1.0,0.9083735
0.0,0.08309117
1.0,0.49711224
1.0,0.49273008
0.0,0.12375808
0.0,0.08058673
0.0,0.99422276
0.0,0.121581346
0.0,0.045544803
0.0,0.026585132
1.0,0.9967776
0.0,0.24341118
0.0,0.2954458
0.0,0.58458495
0.0,0.043895602
0.0,0.17722338
0.0,0.05852279
1.0,0.94158614
0.0,0.05529484
0.0,0.051803976
0.0,0.5067042
1.0,0.98225474
1.0,0.9193142
1.0,0.9931914
1.0,0.99475014
0.0,0.051289022
0.0,0.100219965
0.0,0.066542506
0.0,0.024585754
0.0,0.5793715
0.0,0.06352636
1.0,0.9113374
0.0,0.8328042
1.0,0.43427944
1.0,0.1652908
1.0,0.6200911
0.0,0.11742377
0.0,0.0980767
0.0,0.0064890683
0.0,0.020152986
1.0,0.9090134
1.0,0.95997417
1.0,0.9669659
1.0,0.74512
1.0,0.99440736
0.0,0.063025534
0.0,0.22929132
0.0,0.9770611
0.0,0.09984052
1.0,0.9945632
0.0,0.054050803
0.0,0.81909144
1.0,0.69321215
1.0,0.5794085
0.0,0.030778617
0.0,0.5515349
0.0,0.343481
0.0,0.088363856
1.0,0.93773067
0.0,0.9955937
0.0,0.75184107
1.0,0.99814564
0.0,0.16730237
1.0,0.99045146
1.0,0.99397576
0.0,0.010657996
0.0,0.7496451
0.0,0.11591089
0.0,0.068635136
1.0,0.83924353
0.0,0.13839671
0.0,0.10042897
0.0,0.8333371
0.0,0.00930804
1.0,0.9925686
1.0,0.26170114
1.0,0.85844374
1.0,0.9341596
0.0,0.7494103
0.0,0.16077161
1.0,0.95046914
0.0,0.04336101
1.0,0.6850183
0.0,0.171608
1.0,0.45335764
1.0,0.9934876
0.0,0.6939163
0.0,0.089648426
0.0,0.8303817
0.0,0.08585963
0.0,0.051988423
0.0,0.09358978
1.0,0.9917635
0.0,0.023875833
0.0,0.37723982
0.0,0.26518112
0.0,0.5642113
0.0,0.051305085
0.0,0.0008351505
0.0,0.082336485
0.0,0.006558001
0.0,0.018635064
0.0,0.26978737
0.0,0.34798366
0.0,0.0241943
1.0,0.79340416
0.0,0.35037693
1.0,0.9494362
0.0,0.095084846
0.0,0.022581637
1.0,0.92807525
0.0,0.055303544
1.0,0.98964405
0.0,0.39725918
1.0,0.7644986
0.0,0.46843347
0.0,0.102234125
1.0,0.8471705
1.0,0.39745182
0.0,0.05659461
0.0,0.08313468
0.0,0.02929458
0.0,0.015657336
0.0,0.0366216
0.0,0.85897434
1.0,0.9777869
1.0,0.8057584
0.0,0.17864811
0.0,0.056913584
1.0,0.9573983
1.0,0.8462104
1.0,0.90678555
0.0,0.010267198
1.0,0.11477527
0.0,0.049518317
1.0,0.63255966
0.0,0.009344101
1.0,0.8054241
0.0,0.108018875
0.0,0.11927459
0.0,0.37003624
0.0,0.91588223
1.0,0.97488195
0.0,0.30874717
0.0,0.13878396
1.0,0.96450096
0.0,0.009819001
0.0,0.5589292
0.0,0.30486593
1.0,0.99402213
0.0,0.47941923
0.0,0.044335604
0.0,0.99786246
1.0,0.9115195
0.0,0.01390785
0.0,0.86740524
0.0,0.043266922
1.0,0.36512032
0.0,0.39334738
1.0,0.9583534
0.0,0.5481379
1.0,0.96866167
1.0,0.98996085
0.0,0.969419
1.0,0.9672185
1.0,0.96327794
0.0,0.036551297
0.0,0.93161553
0.0,0.07045835
1.0,0.9967046
0.0,0.3101352
1.0,0.88486195
1.0,0.59364504
0.0,0.40971923
1.0,0.9668417
0.0,0.8085058
1.0,0.35044104
0.0,0.5543234
1.0,0.7172999
0.0,0.8562709
1.0,0.081380695
0.0,0.703511
0.0,0.040362984
0.0,0.009154618
0.0,0.053685725
0.0,0.089784175
0.0,0.005620271
0.0,0.00784269
0.0,0.842791
0.0,0.20984554
0.0,0.7417388
0.0,0.40570173
0.0,0.032939613
1.0,0.8997735
1.0,0.5456765
0.0,0.20079964
1.0,0.30771697
0.0,0.2573848
0.0,0.5349139
0.0,0.89957607
0.0,0.12524053
0.0,0.031418443
0.0,0.35169804
1.0,0.97670126
0.0,0.058187753
0.0,0.04959339
1.0,0.02812916
0.0,0.010623783
1.0,0.98446107
0.0,0.074492335
0.0,0.08357379
1.0,0.3758496
0.0,0.027236313
1.0,0.825223
0.0,0.02269411
0.0,0.0029981434
0.0,0.017616272
1.0,0.9957975
0.0,0.2806456
1.0,0.71257675
1.0,0.89724034
0.0,0.9821434
0.0,0.089059204
1.0,0.14082685
0.0,0.031894624
0.0,0.53928894
0.0,0.8526045
0.0,0.021317929
0.0,0.9774109
0.0,0.92729867
1.0,0.52965796
0.0,0.060336262
1.0,0.93117976
0.0,0.03920135
0.0,0.0345802
0.0,0.05042121
1.0,0.9837806
1.0,0.99060094
0.0,0.20002335
0.0,0.54679304
0.0,0.05676779
0.0,0.24594888
0.0,0.11207548
0.0,0.056208342
0.0,0.004557103
1.0,0.8245033
1.0,0.9563503
0.0,0.07920417
0.0,0.9972501
1.0,0.8417844
0.0,0.0012579858
1.0,0.9032092
0.0,0.02472955
0.0,0.053892165
1.0,0.96422946
0.0,0.84711766
1.0,0.8665679
1.0,0.8224268
1.0,0.97778136
0.0,0.4032298
0.0,0.15277755
0.0,0.7589489
1.0,0.99187815
0.0,0.6382638
1.0,0.9920867
0.0,0.12627393
0.0,0.047782928
0.0,0.22404376
1.0,0.97085047
0.0,0.02354163
0.0,0.16604245
0.0,0.8907034
1.0,0.11174369
1.0,0.9852675
0.0,0.064263016
0.0,0.05809006
1.0,0.9968883
1.0,0.9568678
1.0,0.66431344
1.0,0.37926033
0.0,0.12244159
1.0,0.77807367
0.0,0.285541
0.0,0.060759455
0.0,0.03967333
1.0,0.8763747
0.0,0.3245703
0.0,0.12602562
0.0,0.037477553
1.0,0.7048388
0.0,0.1584419
1.0,0.85320735
1.0,0.9925178
0.0,0.20298788
1.0,0.945837
0.0,0.11110303
1.0,0.6479352
0.0,0.6748422
0.0,0.05898705
0.0,0.06926057
0.0,0.034153312
1.0,0.97198105
0.0,0.28876847
0.0,0.34175438
0.0,0.894807
1.0,0.99611366
1.0,0.876811
0.0,0.07946247
1.0,0.9814253
1.0,0.9945997
1.0,0.99970686
1.0,0.46666452
0.0,0.40342382
1.0,0.90827215
0.0,0.16357368
0.0,0.5925837
1.0,0.4376167
0.0,0.18426356
0.0,0.12407279
0.0,0.33006868
1.0,0.52645165
0.0,0.9711613
0.0,0.23722646
1.0,0.88385165
0.0,0.06550652
1.0,0.96958417
0.0,0.075781524
0.0,0.74550533
1.0,0.89373124
1.0,0.9382006
0.0,0.05167803
1.0,0.9466647
1.0,0.9547862
0.0,0.8031981
0.0,0.8708948
1.0,0.8652428
0.0,0.17444986
1.0,0.9935998
0.0,0.26135963
0.0,0.038661063
1.0,0.838206
1.0,0.9628712
0.0,0.7040413
1.0,0.7161181
0.0,0.1945101
0.0,0.10426462
1.0,0.9913511
0.0,0.04886785
0.0,0.3884961
0.0,0.3436938
1.0,0.9160216
0.0,0.036423475
0.0,0.08060253
1.0,0.77792084
1.0,0.7543708
0.0,0.07105771
0.0,0.56969506
0.0,0.004883349
1.0,0.3000881
0.0,0.9639671
0.0,0.013165832
0.0,0.41154563
0.0,0.053218633
0.0,0.038466573
1.0,0.2593337
0.0,0.33822605
0.0,0.011772245
0.0,0.23613712
1.0,0.9089607
1.0,0.9948752
1.0,0.95845616
0.0,0.85322416
0.0,0.1389808
0.0,0.99612164
1.0,0.99377024
0.0,0.16022038
1.0,0.928429
0.0,0.0030799806
1.0,0.995695
0.0,0.4690862
1.0,0.94778705
0.0,0.97461087
1.0,0.20973372
0.0,0.30414227
0.0,0.6467679
1.0,0.36923778
1.0,0.9709754
1.0,0.948645
0.0,0.2913078
1.0,0.97128975
1.0,0.7421807
1.0,0.23400459
0.0,0.019246668
1.0,0.8781105
0.0,0.1893875
0.0,0.94466984
1.0,0.46192804
0.0,0.6171338
0.0,0.12780604
0.0,0.19669446
0.0,0.075782776
0.0,0.5881716
1.0,0.9660406
1.0,0.97587776
0.0,0.22472182
0.0,0.86560184
0.0,0.03524795
1.0,0.9817365
0.0,0.7979767
0.0,0.08928251
0.0,0.030462056
0.0,0.055075377
0.0,0.0875296
0.0,0.7559622
1.0,0.97429734
1.0,0.99806345
1.0,0.055601984
0.0,0.43792328
0.0,0.043820202
0.0,0.017581731
0.0,0.019643307
0.0,0.14166063
1.0,0.9788486
0.0,0.045081407
0.0,0.2556661
1.0,0.99579585
0.0,0.1783444
1.0,0.34757236
1.0,0.953563
0.0,0.829447
0.0,0.008121103
0.0,0.298204
1.0,0.9021903
0.0,0.67693895
0.0,0.18612161
1.0,0.8806775
1.0,0.75177914
0.0,0.043604165
0.0,0.039035022
0.0,0.46496096
0.0,0.02228278
0.0,0.57560605
1.0,0.44322693
1.0,0.9665152
0.0,0.11345884
0.0,0.011992842
0.0,0.93528086
0.0,0.08677998
1.0,0.75238085
0.0,0.10121563
1.0,0.9398888
0.0,0.14587224
1.0,0.97980803
0.0,0.01573509
1.0,0.9570528
1.0,0.6665206
0.0,0.10366088
0.0,0.38691747
0.0,0.020282
0.0,0.20374596
1.0,0.9115081
1.0,0.021921396
1.0,0.23577139
1.0,0.33610916
1.0,0.6313823
0.0,0.02015102
1.0,0.784793
1.0,0.83237356
0.0,0.09633851
0.0,0.28218865
0.0,0.10631311
1.0,0.77833766
1.0,0.9940225
0.0,0.9531963
0.0,0.08391985
1.0,0.96414214
0.0,0.010229528
0.0,0.14533767
1.0,0.996617
0.0,0.8047726
0.0,0.14745808
1.0,0.20763513
1.0,0.99401534
0.0,0.022541195
0.0,0.14424041
0.0,0.29159838
1.0,0.9846101
1.0,0.97809184
0.0,0.8437034
0.0,0.47416845
1.0,0.99079967
1.0,0.6838396
0.0,0.07929486
0.0,0.15722343
0.0,0.5432658
1.0,0.54927975
1.0,0.77831715
0.0,0.22587961
0.0,0.26092649
1.0,0.9692426
0.0,0.18974331
0.0,0.062280208
0.0,0.3783386
0.0,0.8750813
1.0,0.8905101
0.0,0.90856946
0.0,0.015432417
0.0,0.7281864
0.0,0.211445
0.0,0.34959275
1.0,0.9157398
1.0,0.67360175
0.0,0.34587473
1.0,0.99790424
0.0,0.36165252
1.0,0.9066883
1.0,0.09299275
1.0,0.9755048
0.0,0.012963265
0.0,0.7395759
0.0,0.105507046
1.0,0.9881528
0.0,0.05393505
1.0,0.97405374
0.0,0.3861771
0.0,0.036571503
1.0,0.40699124
1.0,0.97963154
0.0,0.004196286
1.0,0.8007347
0.0,0.07169792
1.0,0.5975543
0.0,0.01816845
1.0,0.88123643
1.0,0.3079372
0.0,0.19810283
0.0,0.17041183
0.0,0.07782805
0.0,0.031472683
0.0,0.029536605
0.0,0.9630754
0.0,0.087569356
0.0,0.0638434
0.0,0.95982206
0.0,0.039397717
1.0,0.9709693
0.0,0.6488123
0.0,0.57882255
1.0,0.9942355
0.0,0.19014534
1.0,0.99864095
0.0,0.06765503
1.0,0.9969119
0.0,0.04395309
0.0,0.2416856
1.0,0.9981019
0.0,0.09344354
0.0,0.039013118
0.0,0.3307392
1.0,0.9833311
1.0,0.7700109
0.0,0.029798329
1.0,0.97509
1.0,0.5727147
1.0,0.99414206
0.0,0.24848223
1.0,0.90158457
1.0,0.9910058
0.0,0.74203277
1.0,0.699683
1.0,0.8335622
0.0,0.080308974
0.0,0.038259953
0.0,0.13093674
0.0,0.13041762
0.0,0.04552105
0.0,0.27249515
0.0,0.055846334
0.0,0.008952886
1.0,0.8653517
0.0,0.33568078
0.0,0.046830386
0.0,0.07891506
0.0,0.22015262
1.0,0.76325667
0.0,0.022728533
1.0,0.97744006
0.0,0.48441273
0.0,0.025727898
1.0,0.7383426
1.0,0.9360602
0.0,0.5562838
0.0,0.41187045
1.0,0.8817748
0.0,0.97358143
0.0,0.21177652
1.0,0.7890152
1.0,0.68479586
1.0,0.89410913
1.0,0.9308822
0.0,0.045486152
0.0,0.049919456
1.0,0.9595624
0.0,0.0738045
0.0,0.021399051
1.0,0.9921334
1.0,0.47529215
1.0,0.9746261
0.0,0.034837067
1.0,0.82756877
1.0,0.9666933
1.0,0.9423975
0.0,0.04074377
0.0,0.03575623
1.0,0.0639545
0.0,0.13728428
0.0,0.50882775
0.0,0.54506284
1.0,0.87554014
0.0,0.03892213
0.0,0.11650407
0.0,0.16693279
0.0,0.3963461
0.0,0.5876945
0.0,0.028389663
0.0,0.86543936
1.0,0.99605215
0.0,0.44789526
1.0,0.97984326
0.0,0.06765962
0.0,0.33200312
0.0,0.821332
1.0,0.015698195
0.0,0.8304533
0.0,0.04527691
0.0,0.035791844
0.0,0.51871765
0.0,0.5486746
1.0,0.99509066
0.0,0.75713825
1.0,0.9582931
0.0,0.033518344
0.0,0.21395752
0.0,0.08583501
0.0,0.8228291
0.0,0.22389624
0.0,0.7345587
0.0,0.883924
0.0,0.2339409
1.0,0.91980284
0.0,0.12625113
1.0,0.18973285
1.0,0.5406768
0.0,0.13332969
0.0,0.17583951
1.0,0.95251155
0.0,0.06832451
1.0,0.8368215
1.0,0.7851052
0.0,0.03187433
1.0,0.38636655
0.0,0.026091844
1.0,0.9853685
0.0,0.03351146
0.0,0.11505622
1.0,0.69783753
0.0,0.9738877
0.0,0.023261249
0.0,0.40363246
1.0,0.832362
1.0,0.9740659
0.0,0.013428777
0.0,0.49826434
1.0,0.3771279
0.0,0.7050412
1.0,0.16800553
0.0,0.18914574
1.0,0.46519756
0.0,0.4300519
0.0,0.013944507
0.0,0.9270809
0.0,0.21377674
0.0,0.2083613
1.0,0.10957396
0.0,0.8346287
1.0,0.7595798
0.0,0.0069921613
1.0,0.59607524
0.0,0.07185215
0.0,0.02700618
0.0,0.050272226
0.0,0.12835449
0.0,0.23966661
0.0,0.09870866
0.0,0.80701804
0.0,0.27948952
1.0,0.9729099
0.0,0.056172162
0.0,0.23762527
1.0,0.425184
1.0,0.74644434
0.0,0.073005915
0.0,0.07824218
1.0,0.94356704
0.0,0.23029906
1.0,0.016935438
1.0,0.82932234
1.0,0.8293761
1.0,0.82568324
0.0,0.22283888
0.0,0.02576387
1.0,0.6869091
0.0,0.2202721
1.0,0.97940886
1.0,0.7544137
1.0,0.9867878
0.0,0.17458469
0.0,0.051495016
0.0,0.2702798
0.0,0.062236637
1.0,0.83943844
1.0,0.74974954
0.0,0.16724885
0.0,0.08602229
0.0,0.2727967
0.0,0.115701646
1.0,0.2256383
1.0,0.9209643
1.0,0.8197299
0.0,0.9000579
1.0,0.40584347
1.0,0.9352828
1.0,0.7006254
1.0,0.9790213
0.0,0.62720716
0.0,0.79629827
0.0,0.94017035
0.0,0.0682928
1.0,0.8427364
1.0,0.9957915
1.0,0.87861454
1.0,0.8915113
0.0,0.07009739
0.0,0.062310934
0.0,0.07761082
0.0,0.40199962
1.0,0.93779707
0.0,0.20104408
0.0,0.091469616
0.0,0.45179665
0.0,0.03732851
1.0,0.92821884
1.0,0.9048548
1.0,0.93358505
0.0,0.5743946
0.0,0.57370585
1.0,0.88417727
1.0,0.9928123
0.0,0.041320205
1.0,0.99240255
0.0,0.9015355
1.0,0.99313253
1.0,0.9843751
1.0,0.8326489
0.0,0.11023569
0.0,0.15272513
1.0,0.9986055
0.0,0.62921023
0.0,0.14305156
1.0,0.996163
0.0,0.10763824
0.0,0.15811697
0.0,0.3620323
1.0,0.32945442
0.0,0.76535743
0.0,0.6089001
1.0,0.74957323
0.0,0.32831404
0.0,0.15746048
0.0,0.09545803
0.0,0.4074467
1.0,0.8636707
0.0,0.9692099
0.0,0.10653451
0.0,0.021059126
1.0,0.89494675
0.0,0.16652203
0.0,0.011584401
1.0,0.69440293
0.0,0.28408003
0.0,0.07057732
1.0,0.9865314
1.0,0.57684654
0.0,0.016187787
1.0,0.4411065
1.0,0.5257994
0.0,0.34794486
0.0,0.528639
1.0,0.646298
1.0,0.8928678
0.0,0.08726722
1.0,0.1697261
1.0,0.49232817
1.0,0.833241
0.0,0.2811228
1.0,0.17073822
0.0,0.20383462
1.0,0.9020988
0.0,0.017238885
1.0,0.9470955
0.0,0.818949
0.0,0.077676654
1.0,0.89882964
0.0,0.06953138
1.0,0.9807675
1.0,0.8723985
1.0,0.93836236
1.0,0.74224967
0.0,0.034719467
1.0,0.18809316
0.0,0.91917056
0.0,0.094581336
0.0,0.31825727
0.0,0.26143754
1.0,0.9689895
0.0,0.06553751
0.0,0.7248084
0.0,0.45944405
0.0,0.9337256
1.0,0.97664714
0.0,0.87779176
0.0,0.040587157
0.0,0.2961827
0.0,0.53645504
1.0,0.8674501
0.0,0.05003518
1.0,0.9822664
1.0,0.98309493
0.0,0.6405769
0.0,0.08428332
0.0,0.055714846
1.0,0.97864115
0.0,0.18848592
1.0,0.1253387
1.0,0.6469588
1.0,0.9893974
0.0,0.9233366
0.0,0.39581674
0.0,0.042565703
0.0,0.8639212
0.0,0.060835302
0.0,0.06443605
0.0,0.36859685
1.0,0.6372653
0.0,0.31580922
1.0,0.9711623
0.0,0.5269536
1.0,0.8821595
1.0,0.9892924
1.0,0.8232707
1.0,0.96371794
0.0,0.90679246
0.0,0.92366314
0.0,0.17175156
1.0,0.7499373
1.0,0.9482199
0.0,0.055566818
1.0,0.45747474
1.0,0.7399863
1.0,0.9059553
1.0,0.8978652
0.0,0.47761524
0.0,0.03914854
1.0,0.88548815
0.0,0.04311213
0.0,0.87803495
1.0,0.991844
0.0,0.029000998
0.0,0.930997
0.0,0.38140333
0.0,0.023208559
0.0,0.07222226
1.0,0.98210216
0.0,0.0547193
0.0,0.8686352
1.0,0.24253947
0.0,0.36575675
1.0,0.99709517
0.0,0.5133859
0.0,0.035450786
0.0,0.045854956
0.0,0.45489764
1.0,0.83338237
0.0,0.3619582
0.0,0.3047307
1.0,0.8499341
1.0,0.8618262
0.0,0.08537519
0.0,0.05390963
0.0,0.023182511
1.0,0.56461054
0.0,0.04429859
1.0,0.69184065
1.0,0.8148321
1.0,0.86211413
1.0,0.9691643
1.0,0.19497111
0.0,0.82669
1.0,0.95862186
1.0,0.9828497
0.0,0.075808644
0.0,0.04670027
0.0,0.26131678
1.0,0.47932088
0.0,0.09994823
0.0,0.03699982
0.0,0.093913674
1.0,0.9764402
0.0,0.24116594
1.0,0.980659
0.0,0.19135839
0.0,0.41655183
0.0,0.18165773
0.0,0.04576412
0.0,0.17573452
1.0,0.79677
1.0,0.9782312
0.0,0.2684259
0.0,0.29590106
1.0,0.6812496
0.0,0.0058419704
1.0,0.97967553
0.0,0.29796898
0.0,0.07715991
0.0,0.08444008
1.0,0.99247503
1.0,0.5242224
0.0,0.11981693
0.0,0.24321553
1.0,0.8918211
0.0,0.061172217
0.0,0.0731771
1.0,0.78230417
1.0,0.99936795
1.0,0.9019485
0.0,0.079643756
1.0,0.8778709
1.0,0.89364064
0.0,0.22316647
0.0,0.08137423
0.0,0.07730299
0.0,0.095648944
0.0,0.01624012
0.0,0.24096146
1.0,0.8996334
1.0,0.85223216
0.0,0.10225856
0.0,0.04394114
0.0,0.42419267
0.0,0.7730293
1.0,0.7829902
0.0,0.8101534
0.0,0.16734615
0.0,0.9592341
0.0,0.976859
1.0,0.3847896
0.0,0.022415847
0.0,0.8783489
1.0,0.9220501
0.0,0.2577686
0.0,0.94471836
0.0,0.05684653
0.0,0.034468025
1.0,0.5393784
1.0,0.8491006
0.0,0.12984976
0.0,0.902882
0.0,0.007008344
0.0,0.9728594
0.0,0.987133
0.0,0.24513468
0.0,0.00973922
0.0,0.5063729
1.0,0.2435714
0.0,0.3224197
1.0,0.3603254
0.0,0.9019059
0.0,0.0029398203
0.0,0.2080011
0.0,0.62675005
0.0,0.6245367
0.0,0.40682375
1.0,0.97337127
0.0,0.08239332
0.0,0.67323756
0.0,0.4623177
1.0,0.7706783
1.0,0.7624781
0.0,0.15626389
0.0,0.8172507
0.0,0.035455436
1.0,0.96897495
1.0,0.8298093
1.0,0.99173474
0.0,0.19278294
1.0,0.99740565
0.0,0.42856127
0.0,0.012424976
0.0,0.23166054
1.0,0.07016128
0.0,0.019685239
0.0,0.08195406
1.0,0.9934982
1.0,0.45828378
0.0,0.06912121
1.0,0.9975362
0.0,0.10747403
1.0,0.92898375
0.0,0.06519684
1.0,0.97300637
0.0,0.99832577
0.0,0.4059288
1.0,0.9722947
0.0,0.027610838
0.0,0.26894996
0.0,0.073776215
0.0,0.08481473
0.0,0.30257416
0.0,0.054228574
1.0,0.7318773
1.0,0.8810245
0.0,0.87010443
0.0,0.058542818
0.0,0.036476642
0.0,0.67043734
1.0,0.9958743
0.0,0.034983814
0.0,0.5035625
0.0,0.9653063
0.0,0.74761254
0.0,0.013684988
1.0,0.9893141
1.0,0.99395704
0.0,0.010337293
0.0,0.047086895
0.0,0.29263484
0.0,0.06194535
1.0,0.41571394
0.0,0.8644206
0.0,0.24003327
0.0,0.033022493
1.0,0.74996585
0.0,0.025857419
0.0,0.23433492
1.0,0.97704524
0.0,0.05976206
0.0,0.877715
1.0,0.35296613
1.0,0.47948277
1.0,0.94456255
0.0,0.018479526
0.0,0.09590897
0.0,0.32782018
0.0,0.07583028
1.0,0.9176582
0.0,0.23124358
1.0,0.1285193
0.0,0.0039018095
0.0,0.023526698
0.0,0.522688
1.0,0.8580917
0.0,0.72429407
0.0,0.82325244
0.0,0.18269682
1.0,0.85235536
0.0,0.19149658
0.0,0.12161583
0.0,0.042016774
1.0,0.46870932
0.0,0.053469807
0.0,0.015041739
1.0,0.10548565
1.0,0.99257123
0.0,0.018759191
1.0,0.975705
1.0,0.74626106
1.0,0.93006086
1.0,0.9574878
0.0,0.08695364
1.0,0.77964854
0.0,0.980073
1.0,0.08591974
0.0,0.08175695
1.0,0.65675735
0.0,0.32717562
1.0,0.3588509
1.0,0.999431
1.0,0.5770607
0.0,0.026334107
0.0,0.7405644
0.0,0.751912
0.0,0.29521823
0.0,0.08498892
0.0,0.3099893
1.0,0.9910569
1.0,0.99322075
1.0,0.7878946
0.0,0.038241506
0.0,0.05782309
0.0,0.6737125
0.0,0.38799202
1.0,0.05260721
0.0,0.7360178
0.0,0.056160808
0.0,0.4813856
0.0,0.7240688
1.0,0.9831079
0.0,0.78631955
0.0,0.96060514
0.0,0.15589726
1.0,0.5606421
0.0,0.116092145
0.0,0.35831326
1.0,0.15131554
0.0,0.79865944
1.0,0.5599817
0.0,0.062306702
0.0,0.51196057
0.0,0.08328143
0.0,0.15790236
0.0,0.00912264
1.0,0.92394704
0.0,0.09957746
0.0,0.10342458
1.0,0.9702964
1.0,0.97803533
0.0,0.17465273
1.0,0.0257622
0.0,0.61156744
0.0,0.17765737
1.0,0.9856615
0.0,0.015680313
0.0,0.35306865
0.0,0.11782426
0.0,0.06221035
1.0,0.99424946
1.0,0.93926114
1.0,0.90914774
1.0,0.9561819
0.0,0.14694378
0.0,0.15167636
0.0,0.28927854
1.0,0.9239265
0.0,0.09059778
0.0,0.14947921
1.0,0.9510505
1.0,0.6341729
1.0,0.9559059
0.0,0.08427355
0.0,0.7694825
0.0,0.49541697
1.0,0.9937544
1.0,0.9420072
1.0,0.92828584
0.0,0.20246482
0.0,0.0134027
0.0,0.028880656
1.0,0.96064514
1.0,0.43417504
0.0,0.3528724
1.0,0.97745013
1.0,0.9028618
1.0,0.8811062
1.0,0.7418492
0.0,0.60484874
0.0,0.14204937
1.0,0.738361
1.0,0.94888717
0.0,0.13469121
0.0,0.07034424
0.0,0.028516859
0.0,0.050570697
0.0,0.06630477
0.0,0.8462914
0.0,0.046912223
0.0,0.41552493
1.0,0.82426745
1.0,0.7903328
0.0,0.9321114
1.0,0.9962007
0.0,0.008145899
1.0,0.94496775
0.0,0.3021496
1.0,0.96801573
0.0,0.004298389
0.0,0.044847637
0.0,0.008738905
0.0,0.7150372
1.0,0.2025652
1.0,0.8581018
0.0,0.10891196
0.0,0.096903026
1.0,0.5918903
0.0,0.43001804
1.0,0.9396106
1.0,0.81246966
0.0,0.08095157
0.0,0.16235232
0.0,0.34963593
0.0,0.9979353
0.0,0.92904985
0.0,0.027329177
0.0,0.4011287
0.0,0.047448665
1.0,0.9773282
1.0,0.9818346
1.0,0.95919144
1.0,0.96221274
0.0,0.041232497
0.0,0.8568362
1.0,0.54174453
0.0,0.88057554
0.0,0.06118065
0.0,0.13903314
1.0,0.78824115
1.0,0.3727851
0.0,0.107748955
1.0,0.97898525
1.0,0.9580333
0.0,0.010221928
0.0,0.06845692
1.0,0.99482155
0.0,0.123154044
0.0,0.44470736
0.0,0.016969055
0.0,0.07607594
1.0,0.30053294
0.0,0.106086195
0.0,0.22693995
0.0,0.44539616
1.0,0.37428865
0.0,0.08297816
0.0,0.039592117
1.0,0.96180856
0.0,0.019913256
0.0,0.35627976
0.0,0.96065855
1.0,0.9967518
1.0,0.49149027
1.0,0.4682198
0.0,0.14142889
0.0,0.20746261
1.0,0.14645499
0.0,0.024249643
0.0,0.045935065
0.0,0.4508755
0.0,0.44331327
1.0,0.57378036
0.0,0.13341376
0.0,0.8913649
1.0,0.90561736
0.0,0.0950101
0.0,0.06925899
0.0,0.66722775
0.0,0.7491927
1.0,0.7310263
1.0,0.992325
0.0,0.83446157
1.0,0.7524415
0.0,0.066752255
0.0,0.06013325
0.0,0.019429326
1.0,0.1802504
0.0,0.016821593
0.0,0.067671835
1.0,0.82327884
1.0,0.8267498
1.0,0.7833931
0.0,0.689378
1.0,0.9413167
1.0,0.9265249
0.0,0.01536417
0.0,0.7258537
0.0,0.48145598
1.0,0.41228622
0.0,0.13545853
0.0,0.73454285
0.0,0.09272817
0.0,0.19006386
0.0,0.12659863
0.0,0.07784411
0.0,0.32953745
0.0,0.8618037
0.0,0.6806829
1.0,0.34128925
1.0,0.8915943
1.0,0.9558732
0.0,0.03923738
1.0,0.98800623
0.0,0.4282783
0.0,0.081632316
1.0,0.9796684
0.0,0.18679601
0.0,0.032194316
0.0,0.15896761
0.0,0.13097069
0.0,0.26129234
0.0,0.8951738
0.0,0.21829277
1.0,0.8451392
0.0,0.017940462
0.0,0.038475335
0.0,0.015987694
1.0,0.9798447
1.0,0.8837656
0.0,0.8559785
1.0,0.9066143
0.0,0.04180795
1.0,0.29856157
0.0,0.07990003
0.0,0.044806153
1.0,0.22705716
0.0,0.029477239
0.0,0.014900416
1.0,0.91124225
0.0,0.30562383
1.0,0.04732445
0.0,0.6943787
0.0,0.017975777
1.0,0.85259694
0.0,0.050414503
0.0,0.12225714
0.0,0.9534348
0.0,0.034974188
0.0,0.028510123
1.0,0.9954298
0.0,0.06302291
0.0,0.046834886
0.0,0.028048217
1.0,0.59458107
0.0,0.9712821
0.0,0.16689992
1.0,0.9430666
0.0,0.028323263
0.0,0.016319543
0.0,0.031169087
0.0,0.2272017
1.0,0.89462173
0.0,0.06933886
0.0,0.008040011
0.0,0.010490149
0.0,0.062244445
0.0,0.9093008
1.0,0.9225907
1.0,0.8043895
0.0,0.015890598
1.0,0.9838721
0.0,0.122448206
0.0,0.04603249
0.0,0.046241164
0.0,0.06275374
1.0,0.69221514
0.0,0.14188692
0.0,0.02088666
0.0,0.77849513
0.0,0.17246884
0.0,0.75134456
0.0,0.013185561
0.0,0.022421926
0.0,0.05496463
0.0,0.023980886
0.0,0.97884583
1.0,0.82324815
0.0,0.064106375
0.0,0.08741006
0.0,0.06600553
1.0,0.9933698
0.0,0.09703213
1.0,0.91604304
0.0,0.26563415
0.0,0.035190552
0.0,0.5627261
1.0,0.98811865
1.0,0.99317855
1.0,0.6889741
1.0,0.8366934
0.0,0.3519074
0.0,0.04642436
1.0,0.99714744
1.0,0.990078
0.0,0.10674709
0.0,0.4029729
0.0,0.65704876
1.0,0.93137705
0.0,0.12688503
0.0,0.0388771
0.0,0.07340363
0.0,0.15915576
1.0,0.766361
1.0,0.9920697
0.0,0.010220677
1.0,0.8066716
0.0,0.06431523
0.0,0.020504057
0.0,0.0313375
0.0,0.13527206
0.0,0.05218017
1.0,0.7421671
0.0,0.064026505
0.0,0.2405295
0.0,0.70173556
0.0,0.079600275
0.0,0.891224
1.0,0.9763346
0.0,0.06376907
0.0,0.025859147
1.0,0.9395584
0.0,0.23211244
0.0,0.030872226
1.0,0.9784144
1.0,0.90045786
0.0,0.038568854
1.0,0.947754
0.0,0.8779969
1.0,0.8696457
1.0,0.99983245
0.0,0.20365572
1.0,0.9730476
0.0,0.19494385
0.0,0.034861773
0.0,0.18272081
0.0,0.3952664
0.0,0.15186587
0.0,0.0815514
0.0,0.49829885
1.0,0.95087814
0.0,0.14430046
0.0,0.0076802075
0.0,0.22491148
0.0,0.104201645
1.0,0.9871669
0.0,0.148817
0.0,0.5378162
0.0,0.027693689
0.0,0.047320604
0.0,0.06740126
0.0,0.996423
1.0,0.08998725
0.0,0.25661266
1.0,0.9612022
0.0,0.073100954
1.0,0.14858416
0.0,0.04076922
0.0,0.21550256
0.0,0.104459375
0.0,0.83192754
0.0,0.9265155
0.0,0.13258868
0.0,0.6825588
0.0,0.039337188
0.0,0.9224721
0.0,0.9660795
1.0,0.9728273
0.0,0.85517776
0.0,0.03944981
1.0,0.9990244
0.0,0.08209336
0.0,0.016881227
0.0,0.017254949
1.0,0.8428451
1.0,0.40848416
1.0,0.87550277
1.0,0.9900718
0.0,0.26122725
1.0,0.4148995
0.0,0.050230175
1.0,0.58279854
0.0,0.14821434
0.0,0.85685635
0.0,0.56163573
0.0,0.31823272
0.0,0.21643355
1.0,0.97383535
1.0,0.6472846
0.0,0.9973414
1.0,0.6305641
0.0,0.047814667
1.0,0.99353135
0.0,0.060744077
0.0,0.042604655
0.0,0.97143114
0.0,0.41385585
0.0,0.63758576
0.0,0.029939264
1.0,0.998543
0.0,0.0030898452
1.0,0.99077296
1.0,0.79579157
1.0,0.97247183
0.0,0.048490018
0.0,0.9827508
0.0,0.035573155
0.0,0.31955135
0.0,0.67747563
1.0,0.83610845
0.0,0.50602376
0.0,0.18030146
0.0,0.21202019
0.0,0.027109772
0.0,0.031813443
0.0,0.12611514
0.0,0.6764978
0.0,0.049595952
0.0,0.33268917
1.0,0.99872303
0.0,0.42414436
0.0,0.066066265
0.0,0.033887386
0.0,0.0860191
1.0,0.9769076
0.0,0.57641494
1.0,0.99954975
0.0,0.78699327
1.0,0.98916256
1.0,0.9861261
0.0,0.015641749
0.0,0.16844946
0.0,0.18876857
0.0,0.3021322
0.0,0.3029087
0.0,0.6887882
1.0,0.97676307
0.0,0.055449635
1.0,0.39438838
0.0,0.8689973
0.0,0.031680167
0.0,0.08845103
1.0,0.9540788
0.0,0.047499686
1.0,0.99594563
0.0,0.034094155
0.0,0.18030038
0.0,0.9299978
0.0,0.5384873
0.0,0.27546775
0.0,0.29989305
1.0,0.79211575
1.0,0.67865086
0.0,0.703824
0.0,0.041935056
0.0,0.12113953
1.0,0.97137177
0.0,0.15708703
1.0,0.5923878
0.0,0.37189293
1.0,0.9402716
1.0,0.959148
0.0,0.20402026
0.0,0.10850608
0.0,0.19517177
1.0,0.9905827
0.0,0.047643363
0.0,0.81516373
1.0,0.98342204
1.0,0.8531568
0.0,0.5049035
0.0,0.1301021
1.0,0.9638826
0.0,0.13849285
0.0,0.025151253
0.0,0.04630205
1.0,0.8102162
0.0,0.098487765
0.0,0.1785518
1.0,0.97655666
1.0,0.5019597
0.0,0.8016714
0.0,0.038004458
0.0,0.04206127
1.0,0.97605735
1.0,0.97170615
1.0,0.5717977
0.0,0.25315696
0.0,0.09170264
0.0,0.1397261
0.0,0.00961259
1.0,0.8353648
0.0,0.06324941
0.0,0.79279935
0.0,0.4158056
0.0,0.80236274
0.0,0.10128006
0.0,0.24805409
0.0,0.3383118
0.0,0.11890468
0.0,0.055999845
1.0,0.24829486
1.0,0.8507507
0.0,0.9029444
0.0,0.21270135
1.0,0.019171625
0.0,0.08777833
1.0,0.87559056
0.0,0.17766988
0.0,0.05787146
1.0,0.9801619
1.0,0.9912046
0.0,0.8439492
0.0,0.18411571
1.0,0.4441306
0.0,0.22291166
0.0,0.21040407
0.0,0.99787235
0.0,0.09816879
1.0,0.82316625
1.0,0.57189274
0.0,0.15266776
0.0,0.01720038
0.0,0.33345908
1.0,0.94740325
0.0,0.05802059
1.0,0.64243287
0.0,0.3408001
1.0,0.5122031
1.0,0.8613441
0.0,0.50198215
1.0,0.13879058
0.0,0.42217916
0.0,0.01266259
1.0,0.99840784
1.0,0.4198827
0.0,0.09306413
0.0,0.81038594
0.0,0.9404856
0.0,0.8153628
1.0,0.9751954
0.0,0.19971699
0.0,0.7750734
0.0,0.06643751
1.0,0.9538576
0.0,0.07500273
0.0,0.56190777
1.0,0.98944205
0.0,0.018907875
0.0,0.84726596
0.0,0.24701703
1.0,0.26583308
0.0,0.6825808
1.0,0.9747317
0.0,0.17026809
1.0,0.43589967
1.0,0.7794184
1.0,0.99352515
1.0,0.7128885
0.0,0.008714914
1.0,0.85585046
0.0,0.027287602
1.0,0.9947631
1.0,0.7820164
0.0,0.28369233
1.0,0.75347656
0.0,0.03045389
1.0,0.26819277
1.0,0.2635304
0.0,0.0975166
0.0,0.9915892
1.0,0.99914384
1.0,0.6331209
0.0,0.21216974
0.0,0.9011996
0.0,0.004071653
0.0,0.095036656
0.0,0.43175828
1.0,0.9009168
1.0,0.8632055
1.0,0.56532884
1.0,0.8928498
1.0,0.99651605
1.0,0.99633956
0.0,0.7845231
1.0,0.96558464
0.0,0.2108989
0.0,0.16110724
0.0,0.26170874
1.0,0.24051407
1.0,0.51776755
0.0,0.10593194
0.0,0.05905366
0.0,0.90664566
1.0,0.44880727
1.0,0.8747517
1.0,0.93230814
0.0,0.053213775
0.0,0.9476775
0.0,0.2426815
0.0,0.18559608
0.0,0.083093196
0.0,0.053827405
1.0,0.9904269
1.0,0.95754325
0.0,0.019558817
0.0,0.12393683
0.0,0.85541093
0.0,0.76150405
0.0,0.76418567
0.0,0.12041357
0.0,0.73067266
1.0,0.5067083
0.0,0.27255782
1.0,0.61782503
0.0,0.02495256
0.0,0.87264895
0.0,0.14513442
0.0,0.4990409
1.0,0.9842632
1.0,0.8862475
1.0,0.87533
1.0,0.969787
0.0,0.01995933
0.0,0.7596915
1.0,0.78758055
1.0,0.8702848
0.0,0.53013253
0.0,0.02425602
0.0,0.14490941
1.0,0.9134933
0.0,0.01768744
1.0,0.16831538
0.0,0.08097747
0.0,0.23000184
0.0,0.07590246
0.0,0.29438955
0.0,0.29619607
0.0,0.1932582
0.0,0.5767515
1.0,0.9928815
0.0,0.036212534
0.0,0.8602258
0.0,0.055652738
1.0,0.6763687
0.0,0.064685404
1.0,0.9890709
0.0,0.0073393285
0.0,0.09150031
0.0,0.026305735
0.0,0.5606341
0.0,0.21686342
0.0,0.046907365
1.0,0.9699018
0.0,0.10278255
1.0,0.69852716
1.0,0.9871693
0.0,0.037983745
0.0,0.36449975
1.0,0.93551946
1.0,0.99913365
0.0,0.44951254
0.0,0.45133615
0.0,0.20987713
0.0,0.024440587
0.0,0.08747661
1.0,0.88516784
0.0,0.013766378
1.0,0.19696206
1.0,0.07110748
0.0,0.97441095
0.0,0.1755125
0.0,0.05658394
0.0,0.019385606
0.0,0.9876027
0.0,0.018928528
0.0,0.19203225
0.0,0.95778716
1.0,0.8215518
1.0,0.8275538
0.0,0.16607562
0.0,0.20410311
0.0,0.7818458
1.0,0.89208615
0.0,0.05684054
0.0,0.042085916
1.0,0.52252984
1.0,0.9854202
0.0,0.24582186
0.0,0.48550385
0.0,0.03112331
1.0,0.96310365
0.0,0.1642544
1.0,0.84209657
1.0,0.5559021
0.0,0.06341919
0.0,0.3541497
0.0,0.0706068
1.0,0.63622594
0.0,0.68330175
1.0,0.79376364
0.0,0.16690153
1.0,0.83126783
0.0,0.4381593
0.0,0.14155206
0.0,0.0014385581
1.0,0.99632835
0.0,0.7875376
1.0,0.9635689
1.0,0.9658494
0.0,0.026598424
1.0,0.455585
0.0,0.30117494
1.0,0.5513632
0.0,0.01474902
1.0,0.9353849
0.0,0.026256353
1.0,0.8606112
1.0,0.98137975
1.0,0.99802077
0.0,0.12423971
1.0,0.9357976
1.0,0.73672307
0.0,0.12231517
1.0,0.92862105
1.0,0.5394822
1.0,0.3794753
0.0,0.6133104
0.0,0.07677249
0.0,0.8697797
0.0,0.23318478
