0.0,0.81001925
0.0,0.97523916
1.0,0.5858518
0.0,0.25000766
1.0,0.7052767
0.0,0.08836466
1.0,0.99470985
1.0,0.9922511
1.0,0.86739373
0.0,0.06684211
0.0,0.5267197
1.0,0.99845254
0.0,0.024900287
0.0,0.4399996
0.0,0.08016911
0.0,0.050435334
1.0,0.9219532
0.0,0.34522647
0.0,0.01815787
1.0,0.90504724
1.0,0.31883782
0.0,0.08609897
1.0,0.8178098
0.0,0.16888338
0.0,0.009253532
1.0,0.8979329
0.0,0.42857096
1.0,0.8069145
0.0,0.06994736
1.0,0.91515255
0.0,0.017839104
0.0,0.6179258
1.0,0.99455106
1.0,0.99974227
1.0,0.9777496
1.0,0.9794549
1.0,0.7668812
0.0,0.09976438
1.0,0.98363894
1.0,0.11494225
1.0,0.9883163
1.0,0.9906483
0.0,0.01589641
1.0,0.92909384
1.0,0.9480324
0.0,0.055191576
0.0,0.0025864244
0.0,0.34072217
0.0,0.029003054
1.0,0.9919082
0.0,0.19544733
1.0,0.8103614
1.0,0.9988562
1.0,0.7773074
0.0,0.041658163
0.0,0.034074575
0.0,0.04587722
1.0,0.2085394
1.0,0.8806312
1.0,0.17713231
1.0,0.98209107
0.0,0.698952
1.0,0.9985591
1.0,0.9283937
1.0,0.9990585
0.0,0.43092296
0.0,0.244724
1.0,0.9959129
0.0,0.026695162
1.0,0.8521987
0.0,0.7289734
1.0,0.9728359
0.0,0.008905828
0.0,0.21477824
1.0,0.63496876
0.0,0.5122111
0.0,0.029520422
0.0,0.20333937
0.0,0.0035532713
1.0,0.9935664
0.0,0.042557538
1.0,0.99630976
1.0,0.9990344
1.0,0.99997175
1.0,0.99228626
1.0,0.8424115
1.0,0.9973726
0.0,0.20678148
0.0,0.115571946
1.0,0.945974
0.0,0.012627184
1.0,0.8568146
0.0,0.07914707
0.0,0.9451047
0.0,0.7733253
1.0,0.994455
0.0,0.0200212
0.0,0.08082247
1.0,0.4261211
1.0,0.9996409
0.0,0.018989056
0.0,0.053613603
1.0,0.20894152
0.0,0.3449239
0.0,0.010803044
1.0,0.947289
1.0,0.11757746
0.0,0.103048384
1.0,0.057690084
1.0,0.9891266
1.0,0.965781
0.0,0.02329889
1.0,0.08854708
0.0,0.1500999
0.0,0.058431655
1.0,0.6063767
0.0,0.072158426
1.0,0.8173106
1.0,0.8587291
1.0,0.9985702
0.0,0.3723097
1.0,0.9975519
0.0,0.9594376
0.0,0.03331557
0.0,0.24204305
1.0,0.41995308
0.0,0.004352987
0.0,0.027229518
1.0,0.9895344
1.0,0.98782945
1.0,0.957287
0.0,0.04409206
0.0,0.014847785
1.0,0.5756534
1.0,0.99858487
0.0,0.9275256
0.0,0.040659547
0.0,0.16860601
0.0,0.3984447
0.0,0.07634139
1.0,0.99234736
0.0,0.35597524
1.0,0.07038981
0.0,0.014043719
0.0,0.0108730495
0.0,0.002539575
1.0,0.45871574
0.0,0.07944456
0.0,0.022334397
0.0,0.15831694
0.0,0.082158715
0.0,0.008670807
0.0,0.01073873
0.0,0.96818894
0.0,0.31282404
1.0,0.9888042
0.0,0.01592654
0.0,0.03720045
1.0,0.9999033
0.0,0.02619353
0.0,0.43794465
0.0,0.10013819
0.0,0.02686879
0.0,0.43220565
1.0,0.99941254
0.0,0.7092003
1.0,0.72123814
0.0,0.10530138
0.0,0.024885446
1.0,0.8308356
0.0,0.82834244
0.0,0.9909228
0.0,0.98939836
0.0,0.008555502
1.0,0.8833723
1.0,0.9024972
0.0,0.14481089
1.0,0.77713716
0.0,0.6960222
1.0,0.994187
1.0,0.9641671
1.0,0.9560476
1.0,0.9956456
1.0,0.95604277
0.0,0.96042055
0.0,0.002935201
0.0,0.01501435
0.0,0.99785876
0.0,0.22530505
0.0,0.06974158
1.0,0.679391
0.0,0.013162345
0.0,0.9857619
1.0,0.91730905
1.0,0.9860878
1.0,0.9965952
0.0,0.021119654
0.0,0.14479196
0.0,0.009302795
1.0,0.06747776
0.0,0.6827151
0.0,0.33591214
0.0,0.59050506
0.0,0.8272322
0.0,0.07767451
1.0,0.28663898
0.0,0.035011053
1.0,0.15050933
0.0,0.0022262037
0.0,0.24469298
0.0,0.01392144
1.0,0.97286713
0.0,0.1722283
0.0,0.60748994
0.0,0.014071941
0.0,0.012646735
0.0,0.9813266
0.0,0.44160482
1.0,0.9994573
0.0,0.016300946
0.0,0.007956207
1.0,0.81011045
1.0,0.9969967
0.0,0.8243661
0.0,0.04701385
0.0,0.0044412613
0.0,0.2667008
0.0,0.02020204
0.0,0.11865887
1.0,0.9959538
0.0,0.14826071
1.0,0.063302785
0.0,0.037461907
1.0,0.82847154
1.0,0.7060544
0.0,0.046631277
0.0,0.1911115
0.0,0.016207606
1.0,0.9747052
1.0,0.8997058
1.0,0.9995135
1.0,0.8224714
0.0,0.023019552
0.0,0.8517629
1.0,0.9988873
0.0,0.67044973
0.0,0.025596887
0.0,0.012333721
0.0,0.5493273
0.0,0.21773058
0.0,0.08993158
0.0,0.16379881
1.0,0.52605337
0.0,0.0146631
0.0,0.65641713
0.0,0.030804276
1.0,0.9816569
1.0,0.975775
0.0,0.043990433
0.0,0.34685218
0.0,0.018474847
1.0,0.9948356
0.0,0.0016447008
0.0,0.0040001273
0.0,0.12928477
0.0,0.01896891
1.0,0.99778026
1.0,0.38040766
1.0,0.99921167
0.0,0.059588134
1.0,0.982123
0.0,0.011666
0.0,0.1347569
0.0,0.6918597
1.0,0.9994755
1.0,0.6879189
0.0,0.0109089315
0.0,0.019414514
1.0,0.9095859
1.0,0.5376473
0.0,0.15018132
1.0,0.24376827
1.0,0.99878895
0.0,0.9063102
0.0,0.32089633
0.0,0.013669521
0.0,0.011638612
0.0,0.8116834
0.0,0.14638585
1.0,0.99808705
0.0,0.03378889
0.0,0.02107367
1.0,0.99985343
0.0,0.030700058
1.0,0.99824977
1.0,0.13908494
1.0,0.91080713
1.0,0.95369875
1.0,0.98224425
0.0,0.033435434
1.0,0.9863456
0.0,0.8779371
1.0,0.99917793
0.0,0.8796414
0.0,0.7784514
0.0,0.05668786
0.0,0.3595062
0.0,0.5794249
1.0,0.9964238
0.0,0.97896
1.0,0.8600241
0.0,0.98419213
1.0,0.8460523
1.0,0.9839369
0.0,0.034466624
0.0,0.015758544
0.0,0.011775583
1.0,0.9828529
1.0,0.13153195
0.0,0.0025660992
0.0,0.0013935268
0.0,0.029818535
0.0,0.09538084
1.0,0.9276129
1.0,0.82178336
0.0,0.1288375
0.0,0.03817779
1.0,0.9714899
1.0,0.99732083
1.0,0.76242614
0.0,0.064490885
0.0,0.9603862
0.0,0.001719594
0.0,0.9313802
1.0,0.99865603
1.0,0.36314642
0.0,0.263052
0.0,0.16959232
0.0,0.007402152
0.0,0.6246626
0.0,0.002027899
0.0,0.15662578
1.0,0.24527359
0.0,0.1974304
0.0,0.103634655
0.0,0.22640541
0.0,0.9648129
0.0,0.59347147
0.0,0.09457612
0.0,0.007127255
1.0,0.9578041
0.0,0.05216241
1.0,0.8124212
0.0,0.0057334304
0.0,0.36708036
0.0,0.0859209
0.0,0.001005739
0.0,0.99396425
1.0,0.6304591
1.0,0.9340739
0.0,0.49710482
1.0,0.913878
0.0,0.011788189
0.0,0.7179385
0.0,0.7693976
0.0,0.90267706
0.0,0.02748844
0.0,0.0011214614
1.0,0.6424491
0.0,0.022357702
1.0,0.99739873
0.0,0.31291837
1.0,0.25437978
0.0,0.0478175
1.0,0.017178744
1.0,0.9952747
1.0,0.9948313
0.0,0.014387161
0.0,0.053848416
1.0,0.9942384
0.0,0.09783274
0.0,0.07459882
1.0,0.2576928
1.0,0.99709845
0.0,0.48781183
1.0,0.99831986
1.0,0.99440634
0.0,0.9319934
0.0,0.06155455
0.0,0.46194023
0.0,0.05134076
0.0,0.011492968
0.0,0.70882374
1.0,0.9986818
0.0,0.06324679
1.0,0.51222557
1.0,0.7836908
0.0,0.05449441
0.0,0.106475145
0.0,0.4793598
1.0,0.9990715
1.0,0.96987164
1.0,0.47751826
0.0,0.21281159
1.0,0.99275446
1.0,0.9220419
0.0,0.003325075
0.0,0.15936196
0.0,0.95476663
0.0,0.9336653
1.0,0.86230254
0.0,0.030298918
1.0,0.35566935
0.0,0.9719799
0.0,0.14507324
0.0,0.0791423
0.0,0.026423752
0.0,0.039143026
0.0,0.040109932
0.0,0.05306354
0.0,0.040418476
0.0,0.194006
0.0,0.30993068
0.0,0.1457291
0.0,0.08250871
0.0,0.44193006
0.0,0.06042534
1.0,0.927971
0.0,0.6947628
1.0,0.9994364
0.0,0.06265235
0.0,0.0067428052
0.0,0.036691606
0.0,0.9350732
0.0,0.3246482
0.0,0.3502021
0.0,0.27746964
0.0,0.0048162937
0.0,0.012566507
0.0,0.062153935
0.0,0.9474689
1.0,0.9941151
0.0,0.020490795
0.0,0.030094773
0.0,0.49539557
0.0,0.08078632
1.0,0.7806245
0.0,0.8898167
1.0,0.67124873
0.0,0.010048568
0.0,0.25450498
1.0,0.9961605
0.0,0.97815216
1.0,0.9525059
1.0,0.97624385
1.0,0.8249587
1.0,0.98328745
0.0,0.019969314
1.0,0.877838
0.0,0.004995376
0.0,0.019753575
0.0,0.1661627
1.0,0.99969107
0.0,0.014328927
0.0,0.05038041
1.0,0.81068885
1.0,0.9994962
0.0,0.5729357
0.0,0.016257316
1.0,0.7870306
0.0,0.05153963
1.0,0.9185543
0.0,0.5566628
0.0,0.093373716
1.0,0.9283403
0.0,0.79443765
0.0,0.0037379265
1.0,0.63168484
0.0,0.035774767
1.0,0.9998124
0.0,0.02829659
1.0,0.37478322
1.0,0.9166887
1.0,0.84704393
1.0,0.99983877
0.0,0.15642715
0.0,0.0694724
1.0,0.90882623
0.0,0.005570531
0.0,0.46345037
1.0,0.85385954
1.0,0.8937227
1.0,0.9897879
0.0,0.055620253
1.0,0.9902279
1.0,0.87942016
0.0,0.089901894
1.0,0.99111223
0.0,0.62471026
1.0,0.9520989
1.0,0.9870548
0.0,0.5491616
0.0,0.5267814
1.0,0.68507725
0.0,0.1765264
1.0,0.961658
0.0,0.8935604
0.0,0.05710867
0.0,0.93651843
1.0,0.9999376
0.0,0.002688557
0.0,0.019125551
0.0,0.878672
1.0,0.36347967
0.0,0.15629497
0.0,0.026987642
0.0,0.6004694
0.0,0.95015997
1.0,0.85415393
1.0,0.99269044
0.0,0.1554471
0.0,0.8619709
0.0,0.38095298
0.0,0.16150653
0.0,0.30728644
1.0,0.9452288
0.0,0.019857466
1.0,0.99862695
0.0,0.9774827
0.0,0.24766207
1.0,0.9676254
0.0,0.051865578
0.0,0.10623339
0.0,0.038152456
0.0,0.010862023
0.0,0.07093957
0.0,0.022137552
0.0,0.08956015
0.0,0.23071858
1.0,0.95805895
1.0,0.99900365
0.0,0.0059997737
0.0,0.08591846
1.0,0.99790084
0.0,0.053235024
1.0,0.9335692
0.0,0.36431113
0.0,0.013176113
1.0,0.969746
0.0,0.18740818
1.0,0.95527273
0.0,0.34067488
1.0,0.41544998
0.0,0.043749213
0.0,0.09498426
0.0,0.94594705
1.0,0.9991405
0.0,0.0039804876
0.0,0.4906098
0.0,0.011045873
0.0,0.9991584
1.0,0.1777862
0.0,0.024337232
0.0,0.02005893
1.0,0.9968393
1.0,0.10504416
0.0,0.27561143
1.0,0.94353724
0.0,0.033978105
0.0,0.5298652
1.0,0.9777653
1.0,0.99825907
0.0,0.19173113
1.0,0.9935746
1.0,0.9604121
0.0,0.07030028
0.0,0.037690997
0.0,0.1586852
1.0,0.029183686
0.0,0.0028122663
0.0,0.042821765
0.0,0.021609485
1.0,0.9988039
1.0,0.9440338
0.0,0.060549825
1.0,0.726054
1.0,0.015518874
0.0,0.41637924
1.0,0.99355423
0.0,0.1782296
1.0,0.82273847
0.0,0.15636957
1.0,0.9418056
0.0,0.01140067
0.0,0.015597135
1.0,0.7775539
0.0,0.02504626
1.0,0.99142027
0.0,0.12647963
0.0,0.17053407
0.0,0.028635949
1.0,0.87059873
0.0,0.20732427
1.0,0.8903904
0.0,0.009992123
1.0,0.94501513
1.0,0.82876277
0.0,0.004853815
1.0,0.9934765
1.0,0.992732
1.0,0.45689365
1.0,0.9533917
0.0,0.09851983
0.0,0.025759816
0.0,0.98629004
1.0,0.92141914
1.0,0.72487825
0.0,0.027098954
0.0,0.056284428
0.0,0.16405714
1.0,0.9945513
0.0,0.4885192
1.0,0.04979247
1.0,0.9692068
0.0,0.17307577
0.0,0.04128751
1.0,0.9955027
0.0,0.51060784
1.0,0.99691606
0.0,0.9656278
0.0,0.08943382
0.0,0.015684545
1.0,0.33120245
0.0,0.09204444
1.0,0.99731797
0.0,0.0882138
1.0,0.6795837
0.0,0.35392842
0.0,0.25691468
1.0,0.19941843
1.0,0.5103994
1.0,0.45611045
1.0,0.9896296
0.0,0.12002885
0.0,0.09181878
0.0,0.95269537
0.0,0.0023149252
1.0,0.99767625
1.0,0.74233633
0.0,0.0014757216
0.0,0.034961432
0.0,0.0077332854
1.0,0.8540611
0.0,0.037987113
0.0,0.03518653
0.0,0.0357835
0.0,0.47124678
0.0,0.03294483
0.0,0.16571918
1.0,0.9820117
0.0,0.9608641
1.0,0.27470964
0.0,0.41862008
0.0,0.29422665
1.0,0.9520435
1.0,0.9025543
1.0,0.97802913
0.0,0.078973174
0.0,0.10007346
1.0,0.27540576
0.0,0.024276346
0.0,0.13297933
0.0,0.63408816
1.0,0.96824753
0.0,0.039355516
0.0,0.17144689
1.0,0.996668
0.0,0.20754966
1.0,0.9997182
1.0,0.99425197
1.0,0.997627
0.0,0.01909545
1.0,0.93505955
1.0,0.99489224
0.0,0.21700841
1.0,0.564936
0.0,0.06941214
0.0,0.455308
0.0,0.08394
0.0,0.03503236
1.0,0.7143313
1.0,0.81702954
1.0,0.99885595
1.0,0.98502046
1.0,0.9891746
0.0,0.6615622
0.0,0.95753163
1.0,0.9909477
0.0,0.043510616
1.0,0.910889
1.0,0.9999167
0.0,0.112561435
1.0,0.42723006
1.0,0.6061065
0.0,0.079622686
0.0,0.053981453
0.0,0.032991797
0.0,0.012843579
1.0,0.8349256
1.0,0.99692667
0.0,0.026198387
0.0,0.04009685
1.0,0.110171646
1.0,0.9088564
1.0,0.2565871
0.0,0.10324967
1.0,0.9342029
1.0,0.78313816
0.0,0.010185003
0.0,0.07115936
1.0,0.94824934
1.0,0.9984646
0.0,0.5734384
1.0,0.9921478
0.0,0.020046353
0.0,0.61499095
1.0,0.9780191
0.0,0.6554107
1.0,0.99847233
0.0,0.9130355
0.0,0.64843965
0.0,0.025759727
1.0,0.9891368
1.0,0.9301083
0.0,0.035548776
0.0,0.007842898
1.0,0.94935876
0.0,0.22023553
1.0,0.9995729
1.0,0.9656867
1.0,0.82326937
0.0,0.016750187
0.0,0.91309017
0.0,0.98106
0.0,0.012329578
0.0,0.020907313
1.0,0.9984083
0.0,0.6759091
0.0,0.060064465
1.0,0.9754817
0.0,0.033250004
1.0,0.030849963
1.0,0.9041755
0.0,0.020301878
0.0,0.061528713
0.0,0.92570627
0.0,0.011493981
0.0,0.0075525045
0.0,0.004837066
0.0,0.023114353
0.0,0.93720996
1.0,0.9410069
1.0,0.9893088
0.0,0.8605715
0.0,0.73548096
0.0,0.029637247
0.0,0.086975515
0.0,0.020067543
1.0,0.12359843
0.0,0.025293112
0.0,0.00078576803
1.0,0.99992096
1.0,0.55664665
0.0,0.025404304
0.0,0.99944454
0.0,0.00051644444
0.0,0.18323475
0.0,0.018700838
0.0,0.09201974
1.0,0.9654318
1.0,0.90899754
1.0,0.93952864
0.0,0.020976871
1.0,0.8308091
1.0,0.99591714
0.0,0.72897464
0.0,0.0034150481
1.0,0.6345182
1.0,0.15677044
1.0,0.9471491
1.0,0.9772955
1.0,0.7162199
0.0,0.49272338
0.0,0.5159068
1.0,0.4878764
0.0,0.016764045
1.0,0.99663055
0.0,0.020848483
1.0,0.89396477
0.0,0.040597826
0.0,0.75034696
0.0,0.06335315
0.0,0.0376319
0.0,0.20768946
0.0,0.0031363368
0.0,0.0061063766
0.0,0.44760895
0.0,0.7969409
0.0,0.007860184
0.0,0.0045533776
1.0,0.98929167
1.0,0.7036124
1.0,0.9955234
0.0,0.94348264
0.0,0.70465934
0.0,0.9706943
0.0,0.04036051
1.0,0.9984745
1.0,0.52570504
1.0,0.9874156
1.0,0.99834585
0.0,0.98057824
0.0,0.0646534
0.0,0.014160126
1.0,0.8110584
0.0,0.060685784
1.0,0.003981322
1.0,0.98437846
0.0,0.30273822
0.0,0.008109212
0.0,0.01725313
0.0,0.7400497
1.0,0.99834716
1.0,0.9826536
0.0,0.09236354
1.0,0.7885575
1.0,0.9226785
0.0,0.380729
0.0,0.11645156
1.0,0.90114677
0.0,0.005668044
0.0,0.190586
0.0,0.017132938
0.0,0.46140674
0.0,0.03370419
1.0,0.9592103
0.0,0.22772136
0.0,0.8192554
1.0,0.999045
1.0,0.9800109
0.0,0.44470808
0.0,0.43345577
1.0,0.98198485
0.0,0.1606417
0.0,0.0013330877
1.0,0.72997224
0.0,0.30385435
0.0,0.06036198
0.0,0.05001226
1.0,0.99851537
0.0,0.05395916
1.0,0.9646109
1.0,0.9368844
1.0,0.99987257
0.0,0.03343028
1.0,0.9332584
0.0,0.0676485
1.0,0.9791764
0.0,0.0713191
1.0,0.99947
0.0,0.045474946
0.0,0.11281368
1.0,0.9600074
0.0,0.00651142
0.0,0.020200104
1.0,0.46287873
1.0,0.91744417
1.0,0.33326146
1.0,0.9580015
1.0,0.91286224
1.0,0.9950634
1.0,0.92965984
0.0,0.017552793
1.0,0.59093
1.0,0.99892944
0.0,0.30973536
0.0,0.019050926
0.0,0.004373431
1.0,0.8338163
0.0,0.022302061
0.0,0.037510574
0.0,0.07553947
1.0,0.9868612
0.0,0.0101109445
0.0,0.2656358
1.0,0.6454178
1.0,0.9919625
1.0,0.86109555
1.0,0.12174374
0.0,0.9938144
0.0,0.029488534
0.0,0.102768004
0.0,0.33557108
0.0,0.009249002
0.0,0.5237235
0.0,0.042462826
1.0,0.14729923
1.0,0.99121326
0.0,0.08480391
1.0,0.97692555
0.0,0.012733549
0.0,0.046035767
1.0,0.99934804
0.0,0.02136153
0.0,0.9906166
0.0,0.0039512813
0.0,0.84545296
0.0,0.014735967
0.0,0.022476494
0.0,0.98640764
1.0,0.833568
0.0,0.31003845
0.0,0.78662765
1.0,0.89589304
0.0,0.05201608
1.0,0.8469588
0.0,0.015995413
0.0,0.009087741
0.0,0.058446497
0.0,0.5039184
0.0,0.004898727
0.0,0.009689063
0.0,0.06470004
0.0,0.4887408
0.0,0.8120879
1.0,0.7270865
0.0,0.19288161
1.0,0.9868559
0.0,0.6374997
1.0,0.0617266
0.0,0.19073662
0.0,0.024519682
0.0,0.3444565
1.0,0.980842
1.0,0.11144665
1.0,0.49882013
0.0,0.028956085
0.0,0.4391173
1.0,0.92156506
0.0,0.25520796
0.0,0.05715403
1.0,0.8739125
0.0,0.027211279
1.0,0.99025226
1.0,0.24490562
0.0,0.048828065
1.0,0.78114474
0.0,0.2579505
1.0,0.91345173
0.0,0.59084064
1.0,0.999946
0.0,0.0027156472
0.0,0.9985984
0.0,0.10034594
0.0,0.28720844
0.0,0.0054377913
0.0,0.03061676
0.0,0.16922736
1.0,0.9748544
0.0,0.043635875
0.0,0.0012226403
0.0,0.0006207526
0.0,0.102457404
0.0,0.53127855
1.0,0.7146932
0.0,0.8743946
0.0,0.5292119
1.0,0.97683024
0.0,0.57668185
1.0,0.9868449
0.0,0.8752721
1.0,0.74822843
1.0,0.84039736
0.0,0.01942107
1.0,0.9999436
0.0,0.88861895
0.0,0.144842
0.0,0.042034
0.0,0.3271026
1.0,0.19524053
1.0,0.99974775
0.0,0.101009905
0.0,0.29891294
1.0,0.99963135
0.0,0.1523729
1.0,0.948387
1.0,0.043695986
1.0,0.85317343
0.0,0.06987774
1.0,0.4406423
0.0,0.10752529
1.0,0.9689215
1.0,0.5459697
0.0,0.26144215
0.0,0.95108634
0.0,0.09747788
0.0,0.59430534
1.0,0.9711968
1.0,0.99381554
1.0,0.99868906
0.0,0.100593895
0.0,0.0010993481
1.0,0.99917114
0.0,0.9776291
0.0,0.0019331872
0.0,0.11366016
1.0,0.7470071
0.0,0.69777715
0.0,0.018100023
0.0,0.037706465
0.0,0.08054921
1.0,0.9395896
1.0,0.99844056
0.0,0.34129536
0.0,0.044832855
0.0,0.035286963
1.0,0.98866075
0.0,0.21195081
0.0,0.7803118
1.0,0.9478094
0.0,0.014986932
0.0,0.8421308
1.0,0.99438524
0.0,0.17000777
1.0,0.4036142
1.0,0.77340657
0.0,0.060426265
0.0,0.03197658
0.0,0.0031692088
0.0,0.023252487
1.0,0.995542
1.0,0.9999732
1.0,0.99741024
1.0,0.50487226
0.0,0.93905395
0.0,0.4780808
1.0,0.74655974
1.0,0.9999082
0.0,0.104943484
0.0,0.039562434
1.0,0.5992673
0.0,0.0054813623
1.0,0.8614336
0.0,0.010021329
0.0,0.19481704
1.0,0.98938537
0.0,0.03496805
0.0,0.0053004622
0.0,0.117227346
0.0,0.18810138
0.0,0.9055127
1.0,0.39321333
0.0,0.06738642
1.0,0.9987278
0.0,0.060414195
1.0,0.9869361
0.0,0.3859853
1.0,0.97426873
1.0,0.99330676
1.0,0.9999348
0.0,0.9942647
0.0,0.026122242
1.0,0.4500585
0.0,0.17717776
0.0,0.035050333
1.0,0.97848356
1.0,0.30055785
0.0,0.25835612
1.0,0.97924805
1.0,0.9951901
0.0,0.9885659
0.0,0.046104074
0.0,0.97071546
0.0,0.0123202205
0.0,0.011589795
0.0,0.9946684
1.0,0.9986495
1.0,0.9953439
1.0,0.9626287
0.0,0.0025755763
0.0,0.010783821
0.0,0.32432508
0.0,0.090044826
0.0,0.05756718
0.0,0.02488929
1.0,0.9908751
1.0,0.99675894
1.0,0.93536615
0.0,0.44777265
0.0,0.052939862
1.0,0.99919844
0.0,0.42191252
0.0,0.8706595
1.0,0.9527434
0.0,0.93402416
0.0,0.9338523
1.0,0.86464226
0.0,0.09869027
1.0,0.35992748
1.0,0.9523343
0.0,0.85539174
0.0,0.02954191
1.0,0.9992019
0.0,0.0051401854
0.0,0.7507911
1.0,0.52150506
1.0,0.9763924
1.0,0.97389865
1.0,0.8733126
0.0,0.9849251
0.0,0.01747936
0.0,0.02206105
1.0,0.8421844
0.0,0.9989785
1.0,0.99682915
0.0,0.808571
1.0,0.9571693
1.0,0.6873716
0.0,0.30791587
0.0,0.090609014
0.0,0.0030905604
0.0,0.28414506
0.0,0.19558787
0.0,0.035701722
1.0,0.21048424
1.0,0.09627432
0.0,0.6314671
1.0,0.97284114
1.0,0.38397887
0.0,0.001658082
0.0,0.3042776
1.0,0.9092634
1.0,0.10500699
0.0,0.029175758
0.0,0.13429245
0.0,0.05677247
0.0,0.03871402
1.0,0.47232777
1.0,0.99314034
0.0,0.045241863
0.0,0.0014751554
0.0,0.09762192
0.0,0.04556933
0.0,0.04098445
0.0,0.03253919
0.0,0.9828423
0.0,0.82206047
0.0,0.018728971
0.0,0.026871711
0.0,0.060727954
1.0,0.9967338
1.0,0.936056
0.0,0.0040954947
0.0,0.017022878
0.0,0.0001705885
0.0,0.017536104
0.0,0.79016495
0.0,0.4085458
0.0,0.023701727
0.0,0.90278184
1.0,0.9277986
1.0,0.9997539
1.0,0.98987544
1.0,0.9801273
1.0,0.99912596
0.0,0.8066718
0.0,0.16219044
0.0,0.057826042
0.0,0.066017956
1.0,0.88987356
0.0,0.030588686
1.0,0.94948864
0.0,0.035627186
0.0,0.9508785
0.0,0.8973188
0.0,0.058374107
0.0,0.056411833
0.0,0.5308691
0.0,0.28969732
0.0,0.016320288
1.0,0.96004045
1.0,0.8606207
0.0,0.25379437
0.0,0.2719714
0.0,0.016976446
0.0,0.029427648
1.0,0.99868965
0.0,0.0121364
1.0,0.21398735
0.0,0.025680304
1.0,0.4842288
0.0,0.013558298
0.0,0.26425523
1.0,0.97867143
0.0,0.009845287
1.0,0.98273534
0.0,0.08245507
0.0,0.66188407
0.0,0.47236666
0.0,0.010424793
0.0,0.0054320097
1.0,0.987682
1.0,0.9991214
0.0,0.9030877
0.0,0.052680463
0.0,0.022165656
0.0,0.2288816
1.0,0.9222151
0.0,0.89706635
1.0,0.603948
1.0,0.94837034
0.0,0.9141257
0.0,0.09429401
0.0,0.39427748
0.0,0.20565003
0.0,0.2709163
0.0,0.016003728
0.0,0.043217957
0.0,0.8214291
0.0,0.6800309
1.0,0.9915412
0.0,0.9987644
0.0,0.018606067
1.0,0.9584175
0.0,0.07357749
0.0,0.10529086
0.0,0.006736815
0.0,0.14073488
1.0,0.18609267
1.0,0.99076295
1.0,0.9894527
0.0,0.018142939
0.0,0.012557685
0.0,0.025848329
0.0,0.9018091
0.0,0.4347212
0.0,0.79160655
1.0,0.9998133
1.0,0.9971126
1.0,0.97716916
0.0,0.040691018
1.0,0.9997637
1.0,0.8246584
0.0,0.30667228
1.0,0.9464465
0.0,0.0673877
0.0,0.0778746
0.0,0.8446953
1.0,0.9931437
1.0,0.9944775
1.0,0.8777571
0.0,0.96369404
0.0,0.19056341
0.0,0.15619656
1.0,0.9950824
1.0,0.99894536
1.0,0.99790657
1.0,0.9242605
0.0,0.053759634
0.0,0.042738914
0.0,0.055087775
0.0,0.33778167
1.0,0.99409705
0.0,0.019900918
0.0,0.28634572
0.0,0.17681703
1.0,0.20789188
0.0,0.22092652
0.0,0.2920231
0.0,0.07748467
0.0,0.9001835
0.0,0.11540347
0.0,0.043536514
0.0,0.023515165
0.0,0.16279927
0.0,0.008635968
1.0,0.99833876
1.0,0.342605
0.0,0.55629873
0.0,0.9867039
0.0,0.14571255
1.0,0.96866155
0.0,0.021684408
0.0,0.04034874
0.0,0.77527803
0.0,0.008186609
1.0,0.9150356
0.0,0.022432685
0.0,0.033924937
1.0,0.95065475
1.0,0.9858268
1.0,0.9794314
0.0,0.073691845
0.0,0.02584207
1.0,0.9977301
1.0,0.9959476
1.0,0.99650156
0.0,0.7757726
0.0,0.9445797
0.0,0.006823361
1.0,0.051364183
1.0,0.99950004
0.0,0.012588531
0.0,0.7361904
1.0,0.91386265
1.0,0.98237336
0.0,0.01919642
1.0,0.9780532
1.0,0.8436718
0.0,0.25553071
1.0,0.31827062
0.0,0.1825661
0.0,0.02853337
0.0,0.98348844
0.0,0.054305315
1.0,0.7640301
0.0,0.06059262
1.0,0.9584686
1.0,0.7867676
1.0,0.93244356
0.0,0.004022777
0.0,0.803157
1.0,0.7147305
0.0,0.010265321
1.0,0.95572424
1.0,0.98797834
0.0,0.9990866
0.0,0.15680644
1.0,0.0653379
1.0,0.9984305
0.0,0.013988316
1.0,0.87754786
1.0,0.5089116
1.0,0.89065874
1.0,0.99926704
1.0,0.8151105
1.0,0.9454291
0.0,0.056266934
0.0,0.866297
0.0,0.15715086
1.0,0.99073625
1.0,0.32318437
0.0,0.541582
0.0,0.074591756
1.0,0.33287176
0.0,0.016262174
1.0,0.99623036
0.0,0.5267496
1.0,0.9030967
1.0,0.9965813
0.0,0.14621225
1.0,0.19643
0.0,0.1887367
1.0,0.99995744
1.0,0.9996333
1.0,0.24293685
0.0,0.12905532
0.0,0.23017633
1.0,0.95779085
0.0,0.6521382
1.0,0.6850141
0.0,0.030605942
0.0,0.9801935
0.0,0.10660455
0.0,0.7468627
0.0,0.014529645
0.0,0.5612651
0.0,0.8256176
1.0,0.99745536
1.0,0.43324482
0.0,0.025546283
1.0,0.99911326
1.0,0.9105371
0.0,0.91199005
0.0,0.8456639
0.0,0.1454677
0.0,0.65737534
0.0,0.018882602
0.0,0.36021027
1.0,0.40442693
1.0,0.99935555
0.0,0.07662824
0.0,0.009491354
0.0,0.87512875
0.0,0.99118686
0.0,0.424501
1.0,0.9997234
0.0,0.35103893
0.0,0.04121086
1.0,0.9167636
1.0,0.99232864
0.0,0.06690058
0.0,0.36461237
0.0,0.0034151673
1.0,0.9080787
1.0,0.96750855
0.0,0.2704851
0.0,0.17888567
0.0,0.022512913
0.0,0.49454215
0.0,0.012218177
1.0,0.9977181
1.0,0.968295
1.0,0.34401512
0.0,0.0009701252
1.0,0.54141766
0.0,0.50427294
1.0,0.99981844
1.0,0.674616
0.0,0.021017224
0.0,0.002711594
0.0,0.017226934
0.0,0.40125978
0.0,0.84906226
1.0,0.99981797
0.0,0.9597907
0.0,0.95658726
0.0,0.11515945
0.0,0.0006804168
0.0,0.33248657
0.0,0.0565691
0.0,0.045000196
1.0,0.9859853
1.0,0.9613995
0.0,0.0004375577
0.0,0.9043695
0.0,0.52030486
0.0,0.20750985
1.0,0.9951867
0.0,0.06142676
0.0,0.12455922
1.0,0.79372835
0.0,0.9926399
0.0,0.22704607
0.0,0.2030392
0.0,0.022668898
1.0,0.9984399
1.0,0.95155895
0.0,0.03788483
1.0,0.6443331
1.0,0.9736296
1.0,0.9853345
0.0,0.122647226
0.0,0.08253014
1.0,0.95704365
1.0,0.9983357
0.0,0.029180974
1.0,0.99924767
0.0,0.0121411085
1.0,0.9952296
1.0,0.9811413
1.0,0.97459453
0.0,0.095956266
1.0,0.5750334
1.0,0.47066957
0.0,0.13867342
0.0,0.1275639
0.0,0.960207
0.0,0.06184143
0.0,0.037600756
0.0,0.005377531
1.0,0.9995695
0.0,0.8459264
0.0,0.3259496
0.0,0.22846013
0.0,0.023142666
0.0,0.12882796
0.0,0.035399854
1.0,0.7286309
0.0,0.043241978
0.0,0.015131682
0.0,0.7873843
1.0,0.9653169
1.0,0.8679453
1.0,0.9949081
1.0,0.9899757
0.0,0.03477639
0.0,0.2871788
0.0,0.07189149
0.0,0.007361263
0.0,0.9811499
0.0,0.021927267
1.0,0.9951081
0.0,0.92899597
1.0,0.19483691
1.0,0.71322346
1.0,0.8980636
0.0,0.05233252
0.0,0.02292654
0.0,0.00033798814
0.0,0.013567984
1.0,0.9665932
1.0,0.9712537
1.0,0.6465949
1.0,0.89912033
1.0,0.99890333
0.0,0.057765782
0.0,0.27857703
0.0,0.85623294
0.0,0.046134144
1.0,0.98103297
0.0,0.027595073
0.0,0.9544513
1.0,0.83428353
1.0,0.6366822
0.0,0.028121948
0.0,0.13453335
0.0,0.70017904
0.0,0.6027808
1.0,0.9477593
0.0,0.99963534
0.0,0.66909426
1.0,0.99982095
0.0,0.26509598
1.0,0.9918843
1.0,0.998357
0.0,0.007281512
0.0,0.9693117
0.0,0.055552155
0.0,0.027665555
1.0,0.5862135
0.0,0.05895406
0.0,0.43401563
0.0,0.8912609
0.0,0.010297507
1.0,0.9941065
1.0,0.069665164
1.0,0.98448217
1.0,0.9949978
0.0,0.8763629
0.0,0.031823635
1.0,0.9629663
0.0,0.011875719
1.0,0.6575908
0.0,0.1925003
1.0,0.50505376
1.0,0.9982741
0.0,0.88449687
0.0,0.5280043
0.0,0.6162658
0.0,0.018684298
0.0,0.018752366
0.0,0.009523898
1.0,0.94840384
0.0,0.026682347
0.0,0.5577101
0.0,0.632661
0.0,0.028086603
0.0,0.0388138
0.0,0.004789263
0.0,0.67714226
0.0,0.014965951
0.0,0.0027676225
0.0,0.103948236
0.0,0.109865636
0.0,0.034586996
1.0,0.09609902
0.0,0.46299943
1.0,0.9979768
0.0,0.029023081
0.0,0.008385658
1.0,0.8941422
0.0,0.022770256
1.0,0.99870205
0.0,0.82345587
1.0,0.9972782
0.0,0.76312256
0.0,0.014523625
1.0,0.8539151
1.0,0.9618225
0.0,0.01902619
0.0,0.15332165
0.0,0.0009405613
0.0,0.006262243
0.0,0.010942996
0.0,0.9254793
1.0,0.99576867
1.0,0.84424603
0.0,0.08330199
0.0,0.030319244
1.0,0.83956003
1.0,0.98859715
1.0,0.8057758
0.0,0.0062218904
1.0,0.05134797
0.0,0.39294136
1.0,0.4624415
0.0,0.0060866475
1.0,0.92848796
0.0,0.023075908
0.0,0.09998813
0.0,0.33228588
0.0,0.99139464
1.0,0.9808888
0.0,0.07171926
0.0,0.21815586
1.0,0.99709153
0.0,0.0034181774
0.0,0.79079473
0.0,0.35041758
1.0,0.99750906
0.0,0.34980854
0.0,0.040232718
0.0,0.9988109
1.0,0.979131
0.0,0.0015400052
0.0,0.9609065
0.0,0.017050892
1.0,0.5437477
0.0,0.036962748
1.0,0.9939199
0.0,0.49724787
1.0,0.88517916
1.0,0.9999399
0.0,0.99751604
1.0,0.99077415
1.0,0.9980475
0.0,0.048089176
0.0,0.9830291
0.0,0.035357356
1.0,0.99937737
0.0,0.66784906
1.0,0.9537349
1.0,0.72006834
0.0,0.120832115
1.0,0.98809004
0.0,0.22914457
1.0,0.15592894
0.0,0.75313497
1.0,0.8487401
0.0,0.8039895
1.0,0.31972605
0.0,0.43209827
0.0,0.016690195
0.0,0.022852361
0.0,0.0032238364
0.0,0.019635022
0.0,0.023115873
0.0,0.0015054941
0.0,0.60156286
0.0,0.06590128
0.0,0.980567
0.0,0.7575833
0.0,0.03817278
1.0,0.99006736
1.0,0.24918383
0.0,0.6056441
1.0,0.08906299
0.0,0.11375669
0.0,0.49884227
0.0,0.9670011
0.0,0.093759984
0.0,0.07338974
0.0,0.7541336
1.0,0.92945665
0.0,0.0029991567
0.0,0.033851832
1.0,0.06528917
0.0,0.012740105
1.0,0.9543024
0.0,0.40246713
0.0,0.08181593
1.0,0.8172923
0.0,0.027578562
1.0,0.8886821
0.0,0.016669244
0.0,0.0023676455
0.0,0.006952822
1.0,0.9963119
0.0,0.098967195
1.0,0.88016367
1.0,0.971656
0.0,0.98006165
0.0,0.009327799
1.0,0.10025236
0.0,0.016901612
0.0,0.20784572
0.0,0.872401
0.0,0.0062448382
0.0,0.94804096
0.0,0.9979866
1.0,0.86586547
0.0,0.055717796
1.0,0.97892755
0.0,0.0119974315
0.0,0.0039736927
0.0,0.052491426
1.0,0.95735943
1.0,0.9983083
0.0,0.13272858
0.0,0.59752
0.0,0.006830603
0.0,0.45661467
0.0,0.19650379
0.0,0.048546374
0.0,0.0033058226
1.0,0.39183822
1.0,0.99842143
0.0,0.096841246
0.0,0.9982085
1.0,0.93966424
0.0,0.0044553876
1.0,0.98662066
0.0,0.016466558
0.0,0.036431074
1.0,0.98870933
0.0,0.55551463
1.0,0.95657223
1.0,0.9865285
1.0,0.96523356
0.0,0.41942567
0.0,0.10962629
0.0,0.66108495
1.0,0.9851848
0.0,0.7291628
1.0,0.99403536
0.0,0.033059925
0.0,0.017516792
0.0,0.1972805
1.0,0.9848737
0.0,0.030507088
0.0,0.18816483
0.0,0.8944934
1.0,0.11334628
1.0,0.9997583
0.0,0.056634486
0.0,0.05724901
1.0,0.99939466
1.0,0.99894404
1.0,0.9684973
1.0,0.27989912
0.0,0.020595074
1.0,0.9800916
0.0,0.07915783
0.0,0.16026226
0.0,0.016049653
1.0,0.87637234
0.0,0.5054141
0.0,0.19881442
0.0,0.009641826
1.0,0.793409
0.0,0.18325406
1.0,0.9703032
1.0,0.9908351
0.0,0.43604532
1.0,0.8988472
0.0,0.037241906
1.0,0.42391253
0.0,0.31955016
0.0,0.042352647
0.0,0.05006075
0.0,0.04281664
1.0,0.9894683
0.0,0.11725658
0.0,0.33683765
0.0,0.5404327
1.0,0.99979043
1.0,0.9894228
0.0,0.04063064
1.0,0.99859
1.0,0.99892247
1.0,0.99995136
1.0,0.55792654
0.0,0.72294176
1.0,0.93119496
0.0,0.26481098
0.0,0.384067
1.0,0.7363605
0.0,0.11593941
0.0,0.057017237
0.0,0.06248802
1.0,0.7371253
0.0,0.87913704
0.0,0.57329035
1.0,0.9496081
0.0,0.02909556
1.0,0.8961134
0.0,0.018699348
0.0,0.8153639
1.0,0.7170537
1.0,0.9930043
0.0,0.009219646
1.0,0.99390066
1.0,0.94611526
0.0,0.97447765
0.0,0.9741112
1.0,0.94836366
0.0,0.12871918
1.0,0.9994259
0.0,0.06009683
0.0,0.049616307
1.0,0.6787476
1.0,0.909314
0.0,0.55541027
1.0,0.8824917
0.0,0.81055987
0.0,0.17235637
1.0,0.97307867
0.0,0.004098922
0.0,0.4534405
0.0,0.051786482
1.0,0.9280108
0.0,0.05081922
0.0,0.016549408
1.0,0.9512135
1.0,0.95507586
0.0,0.037030876
0.0,0.50277865
0.0,0.012124449
1.0,0.3635905
0.0,0.57368284
0.0,0.0480271
0.0,0.28744358
0.0,0.04883182
0.0,0.010424852
1.0,0.2438237
0.0,0.17380095
0.0,0.009947747
0.0,0.16046959
1.0,0.946487
1.0,0.9996494
1.0,0.98449343
0.0,0.4910835
0.0,0.049360305
0.0,0.9983417
1.0,0.9990487
0.0,0.19438389
1.0,0.8573126
0.0,0.04579124
1.0,0.99957645
0.0,0.45573965
1.0,0.94961727
0.0,0.9352697
1.0,0.98381686
0.0,0.11955628
0.0,0.42186648
1.0,0.7367903
1.0,0.9904356
1.0,0.9957479
0.0,0.12386873
1.0,0.98028994
1.0,0.68070006
1.0,0.47416633
0.0,0.0023798943
1.0,0.9874078
0.0,0.032173604
0.0,0.9911556
1.0,0.8147992
0.0,0.6223127
0.0,0.16103414
0.0,0.14132494
0.0,0.089144975
0.0,0.7674529
1.0,0.9942508
1.0,0.9627279
0.0,0.31526405
0.0,0.8208976
0.0,0.03279859
1.0,0.9997389
0.0,0.8553032
0.0,0.18645847
0.0,0.02219975
0.0,0.03608063
0.0,0.2743327
0.0,0.9771563
1.0,0.988888
1.0,0.99981344
1.0,0.12709475
0.0,0.80324286
0.0,0.012714684
0.0,0.004147321
0.0,0.03932783
0.0,0.05551958
1.0,0.99904627
0.0,0.011476606
0.0,0.30971396
1.0,0.99069124
0.0,0.16228652
1.0,0.07145828
1.0,0.9928441
0.0,0.89462906
0.0,0.015338063
0.0,0.10339415
1.0,0.6956922
0.0,0.7641419
0.0,0.023661941
1.0,0.9753813
1.0,0.7825234
0.0,0.009387076
0.0,0.31477827
0.0,0.8517312
0.0,0.007520616
0.0,0.8773322
1.0,0.40063837
1.0,0.95749426
0.0,0.011464655
0.0,0.009362519
0.0,0.70215213
0.0,0.19470987
1.0,0.94420934
0.0,0.2985397
1.0,0.9997754
0.0,0.025131047
1.0,0.997241
0.0,0.016782612
1.0,0.9980586
1.0,0.9488926
0.0,0.033481956
0.0,0.543125
0.0,0.022465318
0.0,0.38504294
1.0,0.8539158
1.0,0.018928349
1.0,0.16753289
1.0,0.124528706
1.0,0.8377472
0.0,0.0059293807
1.0,0.8421078
1.0,0.8974676
0.0,0.04026431
0.0,0.09250653
0.0,0.061447352
1.0,0.98358476
1.0,0.9985328
0.0,0.9645779
0.0,0.03149408
1.0,0.97888803
0.0,0.101953
0.0,0.06947222
1.0,0.98892176
0.0,0.72196925
0.0,0.19863287
1.0,0.1483171
1.0,0.96057963
0.0,0.010722905
0.0,0.07144493
0.0,0.0828917
1.0,0.99838054
1.0,0.9960683
0.0,0.97141033
0.0,0.2914923
1.0,0.99516183
1.0,0.8579314
0.0,0.0046536922
0.0,0.07844168
0.0,0.22010648
1.0,0.09038198
1.0,0.63122386
0.0,0.10012561
0.0,0.06131926
1.0,0.995242
0.0,0.019553214
0.0,0.07948136
0.0,0.66734964
0.0,0.9793478
1.0,0.9447737
0.0,0.98825145
0.0,0.026727766
0.0,0.94082415
0.0,0.0841991
0.0,0.057299495
1.0,0.7132168
1.0,0.9215213
0.0,0.76679635
1.0,0.99844503
0.0,0.67127925
1.0,0.98285866
1.0,0.005109191
1.0,0.9933757
0.0,0.017324537
0.0,0.8378848
0.0,0.03940615
1.0,0.99764884
0.0,0.027385265
1.0,0.9756422
0.0,0.5463872
0.0,0.011468947
1.0,0.3181064
1.0,0.9987827
0.0,0.0075835586
1.0,0.8764916
0.0,0.055002898
1.0,0.9864799
0.0,0.0038669407
1.0,0.96005297
1.0,0.34404182
0.0,0.03254077
0.0,0.028317928
0.0,0.061460078
0.0,0.016235262
0.0,0.050425768
0.0,0.9927604
0.0,0.12807944
0.0,0.08178517
0.0,0.99137354
0.0,0.027089745
1.0,0.9968372
0.0,0.23208472
0.0,0.8840854
1.0,0.9994415
0.0,0.03494662
1.0,0.9999049
0.0,0.02407223
1.0,0.998422
0.0,0.0064334273
0.0,0.07288876
1.0,0.9997665
0.0,0.18078148
0.0,0.010049731
0.0,0.018027902
1.0,0.9988779
1.0,0.29284436
0.0,0.009460092
1.0,0.98416317
1.0,0.3718555
1.0,0.9987986
0.0,0.8334375
1.0,0.3283729
1.0,0.9900191
0.0,0.38405275
1.0,0.25589213
1.0,0.24335319
0.0,0.08585304
0.0,0.0059418976
0.0,0.1025587
0.0,0.14997059
0.0,0.08078146
0.0,0.3628589
0.0,0.06844285
0.0,0.0032621622
1.0,0.8448621
0.0,0.40600017
0.0,0.035244048
0.0,0.02771318
0.0,0.01934886
1.0,0.62026185
0.0,0.008319825
1.0,0.9597052
0.0,0.91469634
0.0,0.079699904
1.0,0.8393768
1.0,0.97400784
0.0,0.16901177
0.0,0.8414573
1.0,0.96437865
0.0,0.9958656
0.0,0.123325735
1.0,0.9045994
1.0,0.7751208
1.0,0.9437133
1.0,0.6960876
0.0,0.17170995
0.0,0.012933493
1.0,0.65152574
0.0,0.02498871
0.0,0.001984179
1.0,0.99761665
1.0,0.9587503
1.0,0.9934142
0.0,0.019201368
1.0,0.6878722
1.0,0.996569
1.0,0.8997688
0.0,0.0109936
0.0,0.017214954
1.0,0.37295893
0.0,0.09727594
0.0,0.9200271
0.0,0.16141382
1.0,0.9656908
0.0,0.04053688
0.0,0.1294645
0.0,0.74253047
0.0,0.8199812
0.0,0.03593096
0.0,0.008262485
0.0,0.9257108
1.0,0.9993713
0.0,0.099710405
1.0,0.93387336
0.0,0.019688815
0.0,0.85755986
0.0,0.94816303
1.0,0.03409773
0.0,0.81712
0.0,0.057786822
0.0,0.012399286
0.0,0.4238991
0.0,0.14059153
1.0,0.9538909
0.0,0.874251
1.0,0.9927826
0.0,0.008202016
0.0,0.3108759
0.0,0.028417319
0.0,0.97111905
0.0,0.16796583
0.0,0.7621753
0.0,0.54889804
0.0,0.12209204
1.0,0.93004465
0.0,0.41728038
1.0,0.33903867
1.0,0.55096716
0.0,0.26733693
0.0,0.058044493
1.0,0.9384295
0.0,0.020002902
1.0,0.9895394
1.0,0.8118465
0.0,0.066560775
1.0,0.6674098
0.0,0.02385664
1.0,0.98694813
0.0,0.21726036
0.0,0.37805545
1.0,0.6593057
0.0,0.88652766
0.0,0.004904628
0.0,0.9570883
1.0,0.7633091
1.0,0.993747
0.0,0.0037579834
0.0,0.05992946
1.0,0.66737694
0.0,0.6758488
1.0,0.55660635
0.0,0.1715284
1.0,0.5863301
0.0,0.902393
0.0,0.0112835765
0.0,0.9361497
0.0,0.09796366
0.0,0.2411204
1.0,0.17626536
0.0,0.74837106
1.0,0.890599
0.0,0.002353251
1.0,0.5272257
0.0,0.019933015
0.0,0.0091254115
0.0,0.27479967
0.0,0.025154024
0.0,0.24177763
0.0,0.24443114
0.0,0.7485821
0.0,0.15106484
1.0,0.9497707
0.0,0.017618597
0.0,0.5886233
1.0,0.49626535
1.0,0.7278851
0.0,0.03569293
0.0,0.0359734
1.0,0.9455768
0.0,0.77142715
1.0,0.0055024326
1.0,0.9661603
1.0,0.7442902
1.0,0.78822243
0.0,0.06482679
0.0,0.010166377
1.0,0.82536674
0.0,0.08459407
1.0,0.99206424
1.0,0.92715776
1.0,0.9990041
0.0,0.08297753
0.0,0.01450181
0.0,0.029049873
0.0,0.048596323
1.0,0.8565635
1.0,0.93850297
0.0,0.21892136
0.0,0.1109238
0.0,0.50025576
0.0,0.28793448
1.0,0.52437335
1.0,0.9106307
1.0,0.97640944
0.0,0.90954983
1.0,0.6863255
1.0,0.98505425
1.0,0.940534
1.0,0.99070966
0.0,0.64782625
0.0,0.9307395
0.0,0.81947446
0.0,0.028820038
1.0,0.83612865
1.0,0.9994439
1.0,0.91673
1.0,0.93604004
0.0,0.061402887
0.0,0.013355523
0.0,0.2563082
0.0,0.37416744
1.0,0.98688066
0.0,0.09200019
0.0,0.017093241
0.0,0.12584752
0.0,0.015720487
1.0,0.9188687
1.0,0.933424
1.0,0.99266016
0.0,0.6286199
0.0,0.5071185
1.0,0.7932966
1.0,0.999671
0.0,0.20665744
1.0,0.8913147
0.0,0.9617618
1.0,0.9996054
1.0,0.99926746
1.0,0.5453156
0.0,0.030421585
0.0,0.16816574
1.0,0.998803
0.0,0.21513987
0.0,0.3286666
1.0,0.9937663
0.0,0.22496915
0.0,0.07726464
0.0,0.059708536
1.0,0.53300595
0.0,0.46712327
0.0,0.5185559
1.0,0.8685669
0.0,0.7223393
0.0,0.03876859
0.0,0.04991275
0.0,0.11073679
1.0,0.9679066
0.0,0.91189075
0.0,0.036810398
0.0,0.00622043
1.0,0.8129332
0.0,0.023967713
0.0,0.0014687479
1.0,0.43752256
0.0,0.9029304
0.0,0.017677307
1.0,0.9995624
1.0,0.35390398
0.0,0.0059381425
1.0,0.3734853
1.0,0.16006774
0.0,0.647908
0.0,0.65305424
1.0,0.39651668
1.0,0.7768329
0.0,0.0192509
1.0,0.3871728
1.0,0.5369831
1.0,0.45083338
0.0,0.42912167
1.0,0.26455557
0.0,0.16301474
1.0,0.8126341
0.0,0.008856267
1.0,0.98847854
0.0,0.9541625
0.0,0.692366
1.0,0.9279132
0.0,0.08844048
1.0,0.9973936
1.0,0.815364
1.0,0.9961537
1.0,0.97769105
0.0,0.026070714
1.0,0.031387597
0.0,0.85870826
0.0,0.022910118
0.0,0.2212339
0.0,0.23398209
1.0,0.99535
0.0,0.040320247
0.0,0.55144835
0.0,0.38513786
0.0,0.88029146
1.0,0.98666584
0.0,0.5804266
0.0,0.004386574
0.0,0.09061524
0.0,0.18950441
1.0,0.8796267
0.0,0.055297047
1.0,0.9598904
1.0,0.9935248
0.0,0.7828015
0.0,0.027448714
0.0,0.051912427
1.0,0.9910043
0.0,0.031967938
1.0,0.08759609
1.0,0.8605864
1.0,0.996581
0.0,0.8276017
0.0,0.5744948
0.0,0.017300814
0.0,0.9019067
0.0,0.02706191
0.0,0.030911773
0.0,0.5666262
1.0,0.92651093
0.0,0.46351218
1.0,0.9651358
0.0,0.37057227
1.0,0.9691863
1.0,0.99914795
1.0,0.6917329
1.0,0.9780135
0.0,0.9521047
0.0,0.98037875
0.0,0.14621684
1.0,0.6025031
1.0,0.99506474
0.0,0.023186535
1.0,0.21178007
1.0,0.9729956
1.0,0.9858787
1.0,0.716472
0.0,0.9007153
0.0,0.018333584
1.0,0.9729878
0.0,0.03231293
0.0,0.049721986
1.0,0.993178
0.0,0.007757008
0.0,0.7625915
0.0,0.18364999
0.0,0.023208737
0.0,0.018500477
1.0,0.99962366
0.0,0.0088733435
0.0,0.074293554
1.0,0.11995
0.0,0.05865118
1.0,0.9962874
0.0,0.18150339
0.0,0.030820638
0.0,0.018636256
0.0,0.6691731
1.0,0.9514589
0.0,0.34669936
0.0,0.47983795
1.0,0.86875963
1.0,0.97242534
0.0,0.084946096
0.0,0.016432166
0.0,0.025374532
1.0,0.6520941
0.0,0.029503673
1.0,0.9904603
1.0,0.86424685
1.0,0.8287179
1.0,0.92776096
1.0,0.9616226
0.0,0.9511136
1.0,0.9367254
1.0,0.99769205
0.0,0.034580946
0.0,0.014562994
0.0,0.06172967
1.0,0.9842409
0.0,0.052644193
0.0,0.02855131
0.0,0.42059526
1.0,0.99913645
0.0,0.042466998
1.0,0.993605
0.0,0.47456017
0.0,0.36553425
0.0,0.09136617
0.0,0.04451382
0.0,0.06544089
1.0,0.68140936
1.0,0.9977374
0.0,0.56811845
0.0,0.55299556
1.0,0.8775998
0.0,0.0034020245
1.0,0.9988724
0.0,0.082392365
0.0,0.046421856
0.0,0.011376828
1.0,0.9998534
1.0,0.7979041
0.0,0.15343332
0.0,0.21490178
1.0,0.9763441
0.0,0.015587419
0.0,0.0218409
1.0,0.90794843
1.0,0.99993134
1.0,0.98247415
0.0,0.021953195
1.0,0.9814709
1.0,0.97647583
0.0,0.12072569
0.0,0.052348375
0.0,0.022182316
0.0,0.07654852
0.0,0.0047062337
0.0,0.2242384
1.0,0.9402188
1.0,0.68585306
0.0,0.19434467
0.0,0.017599136
0.0,0.16420841
0.0,0.7191551
1.0,0.9866895
0.0,0.9748709
0.0,0.040444344
0.0,0.40936065
0.0,0.9719313
1.0,0.5340588
0.0,0.0039545894
0.0,0.9041716
1.0,0.99961257
0.0,0.108237475
0.0,0.9228606
0.0,0.026726663
0.0,0.04155019
1.0,0.30933338
1.0,0.9440464
0.0,0.09781751
0.0,0.99475986
0.0,0.011932194
0.0,0.9943719
0.0,0.97966087
0.0,0.34787312
0.0,0.016706139
0.0,0.34175426
1.0,0.094097555
0.0,0.041900903
1.0,0.21057591
0.0,0.79181993
0.0,0.001681
0.0,0.06369001
0.0,0.1185087
0.0,0.055548638
0.0,0.44060796
1.0,0.99252546
0.0,0.040797234
0.0,0.84391487
0.0,0.24779147
1.0,0.9218847
1.0,0.9472248
0.0,0.07020381
0.0,0.3357917
0.0,0.008680403
1.0,0.999804
1.0,0.8767969
1.0,0.9978043
0.0,0.013812125
1.0,0.9989082
0.0,0.13940883
0.0,0.04510036
0.0,0.1088793
1.0,0.21942568
0.0,0.00471732
0.0,0.08145553
1.0,0.9995666
1.0,0.55645496
0.0,0.019484818
1.0,0.9999165
0.0,0.033825964
1.0,0.898911
0.0,0.2581029
1.0,0.9963498
0.0,0.9982275
0.0,0.24825549
1.0,0.97042906
0.0,0.013804108
0.0,0.683455
0.0,0.043578178
0.0,0.010923237
0.0,0.40863305
0.0,0.02436167
1.0,0.9590045
1.0,0.95875144
0.0,0.97107404
0.0,0.04189852
0.0,0.027634919
0.0,0.6003881
1.0,0.99995005
0.0,0.0822916
0.0,0.38768965
0.0,0.95633423
0.0,0.12303364
0.0,0.0017564893
1.0,0.9888935
1.0,0.8695383
0.0,0.010580629
0.0,0.035084248
0.0,0.15408444
0.0,0.04278323
1.0,0.9401943
0.0,0.8070978
0.0,0.09973961
0.0,0.0252797
1.0,0.7686378
0.0,0.03644991
0.0,0.34237006
1.0,0.9989103
0.0,0.07433021
0.0,0.3294613
1.0,0.8667679
1.0,0.8870195
1.0,0.9915424
0.0,0.010362238
0.0,0.025127262
0.0,0.10664964
0.0,0.012253612
1.0,0.9189626
0.0,0.4411046
1.0,0.21538419
0.0,0.0014235079
0.0,0.011933714
0.0,0.33235222
1.0,0.99868536
0.0,0.94192564
0.0,0.661197
0.0,0.6609573
1.0,0.97939754
0.0,0.020047754
0.0,0.24288619
0.0,0.0029647648
1.0,0.20145428
0.0,0.01584974
0.0,0.009958416
1.0,0.17597839
1.0,0.9919393
0.0,0.0033484697
1.0,0.9992099
1.0,0.9918953
1.0,0.9844034
1.0,0.93615437
0.0,0.013430327
1.0,0.9644971
0.0,0.9999095
1.0,0.020988196
0.0,0.05661285
1.0,0.878489
0.0,0.21468711
1.0,0.02886054
1.0,0.99987733
1.0,0.8293673
0.0,0.00880307
0.0,0.9390498
0.0,0.7971804
0.0,0.20271242
0.0,0.034062624
0.0,0.14923152
1.0,0.9994039
1.0,0.9981065
1.0,0.793383
0.0,0.020656496
0.0,0.0054499507
0.0,0.23769033
0.0,0.9526367
1.0,0.020778328
0.0,0.14375648
0.0,0.06354442
0.0,0.47249067
0.0,0.3766749
1.0,0.80667806
0.0,0.9826671
0.0,0.95389843
0.0,0.45294192
1.0,0.31356007
0.0,0.19615811
0.0,0.36101598
1.0,0.3513704
0.0,0.888505
1.0,0.519571
0.0,0.069545925
0.0,0.63417923
0.0,0.02677837
0.0,0.18955433
0.0,0.001332283
1.0,0.93042696
0.0,0.18321782
0.0,0.042582303
1.0,0.9986699
1.0,0.9915639
0.0,0.2193932
1.0,0.2528693
0.0,0.49160433
0.0,0.03162527
1.0,0.9993588
0.0,0.004468441
0.0,0.48409376
0.0,0.05115372
0.0,0.042737305
1.0,0.9955335
1.0,0.9844298
1.0,0.8685384
1.0,0.99731207
0.0,0.04283732
0.0,0.08119163
0.0,0.2687807
1.0,0.95980644
0.0,0.03376043
0.0,0.053869784
1.0,0.98642707
1.0,0.66173154
1.0,0.9918207
0.0,0.048743755
0.0,0.8921782
0.0,0.8802387
1.0,0.99982965
1.0,0.99428177
1.0,0.94736814
0.0,0.055571377
0.0,0.007936925
0.0,0.002623856
1.0,0.9942894
1.0,0.6877496
0.0,0.17758152
1.0,0.9700557
1.0,0.42848676
1.0,0.9614402
1.0,0.76593196
0.0,0.2555098
0.0,0.016412884
1.0,0.5931807
1.0,0.9652209
0.0,0.116692424
0.0,0.07033223
0.0,0.0107191205
0.0,0.037283927
0.0,0.07439363
0.0,0.92732525
0.0,0.017508537
0.0,0.3417403
1.0,0.8409026
1.0,0.72631836
0.0,0.9407413
1.0,0.9982757
0.0,0.0036737323
1.0,0.98439324
0.0,0.39331785
1.0,0.98588103
0.0,0.005918473
0.0,0.011220276
0.0,0.00668329
0.0,0.5124254
1.0,0.11120036
1.0,0.97199136
0.0,0.07616067
0.0,0.24870124
1.0,0.4422741
0.0,0.09488514
1.0,0.91971445
1.0,0.8771823
0.0,0.035366297
0.0,0.038606733
0.0,0.12185484
0.0,0.9994775
0.0,0.9076158
0.0,0.013306737
0.0,0.80033183
0.0,0.02651894
1.0,0.98041093
1.0,0.99784005
1.0,0.73512983
1.0,0.8636212
0.0,0.019355029
0.0,0.3320685
1.0,0.9147319
0.0,0.9318219
0.0,0.20232248
0.0,0.30472428
1.0,0.7688617
1.0,0.26218292
0.0,0.106936455
1.0,0.9212667
1.0,0.99299896
0.0,0.00031480193
0.0,0.05658552
1.0,0.9915532
0.0,0.008823991
0.0,0.950961
0.0,0.0038031638
0.0,0.23277971
1.0,0.15390167
0.0,0.27073824
0.0,0.06362206
0.0,0.6725278
1.0,0.5741284
0.0,0.088805765
0.0,0.046364814
1.0,0.9979037
0.0,0.008466691
0.0,0.28051546
0.0,0.96389955
1.0,0.9993475
1.0,0.6916758
1.0,0.15555876
0.0,0.38562083
0.0,0.68679833
1.0,0.37610626
0.0,0.01036939
0.0,0.04470387
0.0,0.53677416
0.0,0.35592854
1.0,0.7141715
0.0,0.11070877
0.0,0.9516558
1.0,0.87713826
0.0,0.072544485
0.0,0.092163175
0.0,0.82081014
0.0,0.7227256
1.0,0.9840345
1.0,0.9987723
0.0,0.9470378
1.0,0.7922048
0.0,0.033875883
0.0,0.013627231
0.0,0.007709712
1.0,0.90268266
0.0,0.025151879
0.0,0.047700554
1.0,0.99391115
1.0,0.96985006
1.0,0.939748
0.0,0.25085583
1.0,0.9874025
1.0,0.9925493
0.0,0.00060147047
0.0,0.82419956
0.0,0.77913654
1.0,0.8203851
0.0,0.043042302
0.0,0.47081095
0.0,0.0116147995
0.0,0.045739472
0.0,0.010996044
0.0,0.18615606
0.0,0.18998739
0.0,0.7863752
0.0,0.2550094
1.0,0.76859474
1.0,0.9642386
1.0,0.84974134
0.0,0.017454058
1.0,0.99923515
0.0,0.3456887
0.0,0.058211625
1.0,0.99812406
0.0,0.39162135
0.0,0.019695103
0.0,0.193755
0.0,0.06984523
0.0,0.25623944
0.0,0.8613616
0.0,0.60908645
1.0,0.71925235
0.0,0.0062264204
0.0,0.010139376
0.0,0.008916825
1.0,0.99825084
1.0,0.991024
0.0,0.5349412
1.0,0.68304044
0.0,0.03878823
1.0,0.07855761
0.0,0.050724626
0.0,0.012147307
1.0,0.11935657
0.0,0.009218544
0.0,0.011062443
1.0,0.99440193
0.0,0.71213007
1.0,0.071210325
0.0,0.71995056
0.0,0.017946064
1.0,0.9691618
0.0,0.02928263
0.0,0.29036608
0.0,0.9513982
0.0,0.004119128
0.0,0.013282657
1.0,0.9626382
0.0,0.016466618
0.0,0.042760104
0.0,0.04283625
1.0,0.8672421
0.0,0.9946245
0.0,0.13966551
1.0,0.933104
0.0,0.018060982
0.0,0.015407711
0.0,0.074267864
0.0,0.3833964
1.0,0.90633905
0.0,0.02478683
0.0,0.00092050433
0.0,0.0045639873
0.0,0.021493137
0.0,0.7699088
1.0,0.9310763
1.0,0.64642495
0.0,0.024693638
1.0,0.92972136
0.0,0.051778197
0.0,0.053110838
0.0,0.09324676
0.0,0.34813812
1.0,0.9918301
0.0,0.045525193
0.0,0.013822556
0.0,0.8862097
0.0,0.28955656
0.0,0.59471637
0.0,0.0020519793
0.0,0.004640013
0.0,0.023751587
0.0,0.0031312108
0.0,0.99459827
1.0,0.7255466
0.0,0.0228841
0.0,0.04090339
0.0,0.07572344
1.0,0.99857646
0.0,0.2207669
1.0,0.9549182
0.0,0.030197918
0.0,0.06603193
0.0,0.7813997
1.0,0.99611986
1.0,0.99922127
1.0,0.93457687
1.0,0.5453228
0.0,0.3094301
0.0,0.017566651
1.0,0.99849355
1.0,0.99065465
0.0,0.088560075
0.0,0.37825835
0.0,0.9943073
1.0,0.9965395
0.0,0.22531131
0.0,0.027219713
0.0,0.022308856
0.0,0.043670475
1.0,0.736001
1.0,0.96857893
0.0,0.00065246224
1.0,0.8886999
0.0,0.02827853
0.0,0.018177241
0.0,0.01154694
0.0,0.081519336
0.0,0.032921225
1.0,0.97603595
0.0,0.029764205
0.0,0.20713618
0.0,0.99419206
0.0,0.07322985
0.0,0.9526685
1.0,0.9964144
0.0,0.02788359
0.0,0.03282413
1.0,0.9486774
0.0,0.30498037
0.0,0.0030866861
1.0,0.99517334
1.0,0.9410776
0.0,0.0545606
1.0,0.95006776
0.0,0.9214313
1.0,0.91034436
1.0,0.99999326
0.0,0.22986946
1.0,0.99417603
0.0,0.26342946
0.0,0.020222276
0.0,0.28163397
0.0,0.9015019
0.0,0.16667557
0.0,0.06545505
0.0,0.47361213
1.0,0.97552794
0.0,0.2600761
0.0,0.043993205
0.0,0.2997822
0.0,0.3392794
1.0,0.963945
0.0,0.034376144
0.0,0.49111533
0.0,0.03343156
0.0,0.0876593
0.0,0.13298082
0.0,0.9977165
1.0,0.11522329
0.0,0.060116053
1.0,0.8844873
0.0,0.014435768
1.0,0.18931437
0.0,0.03263989
0.0,0.06815699
0.0,0.06255379
0.0,0.8045001
0.0,0.84181786
0.0,0.18912402
0.0,0.23112106
0.0,0.005312115
0.0,0.9713968
0.0,0.98859346
1.0,0.99288535
0.0,0.9655011
0.0,0.0830909
1.0,0.9999545
0.0,0.060148895
0.0,0.014266729
0.0,0.0029146075
1.0,0.9716265
1.0,0.6656886
1.0,0.920193
1.0,0.99960995
0.0,0.14302912
1.0,0.91940814
0.0,0.439932
1.0,0.7538254
0.0,0.44805798
0.0,0.99699783
0.0,0.061923265
0.0,0.038826674
0.0,0.18661878
1.0,0.9847385
1.0,0.42168793
0.0,0.9994062
1.0,0.78851455
0.0,0.03515601
1.0,0.99543095
0.0,0.04487112
0.0,0.08588913
0.0,0.99435025
0.0,0.608535
0.0,0.20019457
0.0,0.0061781704
1.0,0.99994326
0.0,0.0030249655
1.0,0.9994321
1.0,0.9695939
1.0,0.9774698
0.0,0.011896223
0.0,0.9866561
0.0,0.051937312
0.0,0.090824634
0.0,0.19163471
1.0,0.73362297
0.0,0.40176934
0.0,0.1399205
0.0,0.34517306
0.0,0.028610915
0.0,0.008263648
0.0,0.16012645
0.0,0.90006155
0.0,0.024535745
0.0,0.6321738
1.0,0.9968993
0.0,0.66730857
0.0,0.04589981
0.0,0.011197716
0.0,0.017424256
1.0,0.97914743
0.0,0.42834234
1.0,0.99882585
0.0,0.88833535
1.0,0.9999634
1.0,0.9825021
0.0,0.003650248
0.0,0.42478
0.0,0.042767406
0.0,0.41041175
0.0,0.0065451264
0.0,0.7394234
1.0,0.99944365
0.0,0.051540762
1.0,0.76581484
0.0,0.8585309
0.0,0.008320779
0.0,0.15630281
1.0,0.9655493
0.0,0.013363957
1.0,0.99972975
0.0,0.049702227
0.0,0.06298205
0.0,0.7253485
0.0,0.60409635
0.0,0.3143203
0.0,0.04673913
1.0,0.7643646
1.0,0.9754067
0.0,0.51424015
0.0,0.0054451227
0.0,0.030768633
1.0,0.94717914
0.0,0.13691357
1.0,0.17715406
0.0,0.24722633
1.0,0.9842091
1.0,0.9753655
0.0,0.21903494
0.0,0.033316463
0.0,0.12851247
1.0,0.9941195
0.0,0.31699944
0.0,0.95106655
1.0,0.9980933
1.0,0.9253434
0.0,0.6460614
0.0,0.052245736
1.0,0.9886193
0.0,0.039595068
0.0,0.02117318
0.0,0.029790193
1.0,0.83470297
0.0,0.38275212
0.0,0.17161193
1.0,0.9920299
1.0,0.9077792
0.0,0.85954356
0.0,0.02381277
0.0,0.026952922
1.0,0.935207
1.0,0.985518
1.0,0.89814174
0.0,0.3329444
0.0,0.0033214688
0.0,0.10202557
0.0,0.0015348196
1.0,0.89605117
0.0,0.024847686
0.0,0.6487961
0.0,0.45521152
0.0,0.5996712
0.0,0.3845408
0.0,0.015295684
0.0,0.34304625
0.0,0.015929043
0.0,0.018791914
1.0,0.15029782
1.0,0.8163949
0.0,0.32797253
0.0,0.7613441
1.0,0.022768617
0.0,0.0021175146
1.0,0.98520386
0.0,0.01936394
0.0,0.06685719
1.0,0.980183
1.0,0.99825203
0.0,0.805012
0.0,0.086521685
1.0,0.67487645
0.0,0.15119883
0.0,0.44318858
0.0,0.99988204
0.0,0.019237101
1.0,0.94846845
1.0,0.7010263
0.0,0.27388787
0.0,0.0075024664
0.0,0.32935542
1.0,0.9670881
0.0,0.05409488
1.0,0.42108062
0.0,0.35358828
1.0,0.85502005
1.0,0.896735
0.0,0.76898605
1.0,0.30938157
0.0,0.9123317
0.0,0.0032711923
1.0,0.98640406
1.0,0.18917882
0.0,0.032372445
0.0,0.10717577
0.0,0.93578315
0.0,0.8348769
1.0,0.891295
0.0,0.112648636
0.0,0.19672704
0.0,0.0594832
1.0,0.98652804
0.0,0.03546995
0.0,0.917029
1.0,0.9907693
0.0,0.0026414394
0.0,0.5970342
0.0,0.47400132
1.0,0.071995944
0.0,0.7994294
1.0,0.98172855
0.0,0.048665762
1.0,0.54826075
1.0,0.61016244
1.0,0.99548864
1.0,0.982676
0.0,0.00040191412
1.0,0.86912894
0.0,0.028836071
1.0,0.9996486
1.0,0.777027
0.0,0.5155691
1.0,0.9827349
0.0,0.009187192
1.0,0.62400246
1.0,0.707723
0.0,0.059592873
0.0,0.99683684
1.0,0.9999379
1.0,0.5103535
0.0,0.27162963
0.0,0.9642783
0.0,0.0005324781
0.0,0.033317983
0.0,0.56389296
1.0,0.8873882
1.0,0.9865971
1.0,0.41566408
1.0,0.8793371
1.0,0.998647
1.0,0.9975595
0.0,0.44807464
1.0,0.9951786
0.0,0.0531179
0.0,0.018258184
0.0,0.090130806
1.0,0.2801991
1.0,0.80541825
0.0,0.20479494
0.0,0.03925875
0.0,0.7301711
1.0,0.5462596
1.0,0.29035693
1.0,0.9496182
0.0,0.011985421
0.0,0.9933205
0.0,0.030414492
0.0,0.28409702
0.0,0.06378439
0.0,0.034262
1.0,0.9976789
1.0,0.9859446
0.0,0.054732323
0.0,0.10330528
0.0,0.942296
0.0,0.5244677
0.0,0.8133364
0.0,0.33413383
0.0,0.5128709
1.0,0.85209894
0.0,0.12592292
1.0,0.9774617
0.0,0.007022023
0.0,0.9448711
0.0,0.13009003
0.0,0.8715824
1.0,0.9773007
1.0,0.9368758
1.0,0.83924484
1.0,0.73196685
0.0,0.010135412
0.0,0.9919852
1.0,0.4182712
1.0,0.5223009
0.0,0.4976847
0.0,0.008630872
0.0,0.41553146
1.0,0.9505777
0.0,0.019613445
1.0,0.13170215
0.0,0.0102033615
0.0,0.23051223
0.0,0.09428865
0.0,0.118003815
0.0,0.1558305
0.0,0.063239664
0.0,0.5684727
1.0,0.9972393
0.0,0.02245313
0.0,0.7981709
0.0,0.049770474
1.0,0.60961515
0.0,0.02171439
1.0,0.99945486
0.0,0.06661397
0.0,0.07814571
0.0,0.004381776
0.0,0.3899296
0.0,0.119819105
0.0,0.018480718
1.0,0.99620545
0.0,0.3826264
1.0,0.8410895
1.0,0.9886636
0.0,0.019480139
0.0,0.23064718
1.0,0.98441863
1.0,0.9999556
0.0,0.7581949
0.0,0.26511863
0.0,0.07177642
0.0,0.14017153
0.0,0.009430796
1.0,0.95223284
0.0,0.08967364
1.0,0.9792141
1.0,0.3058563
0.0,0.9969898
0.0,0.1415681
0.0,0.029196858
0.0,0.013445348
0.0,0.8395912
0.0,0.017590284
0.0,0.02651748
0.0,0.99014926
1.0,0.9596425
1.0,0.9701179
0.0,0.19216079
0.0,0.04315445
0.0,0.7288854
1.0,0.9366487
0.0,0.007895023
0.0,0.05775678
1.0,0.4983516
1.0,0.98547316
0.0,0.21103132
0.0,0.7913294
0.0,0.034853518
1.0,0.9939859
0.0,0.09835106
1.0,0.99261343
1.0,0.6399569
0.0,0.07898015
0.0,0.007881552
0.0,0.08352056
1.0,0.8534496
0.0,0.18839347
1.0,0.5284157
0.0,0.03345132
1.0,0.9441253
0.0,0.16248399
0.0,0.1310746
0.0,0.009537637
1.0,0.99984086
0.0,0.9242791
1.0,0.9995986
1.0,0.8744019
0.0,0.011493206
1.0,0.27470726
0.0,0.154468
1.0,0.7798381
0.0,0.021705031
1.0,0.9654053
0.0,0.0065413713
1.0,0.9239262
1.0,0.99616367
1.0,0.9999623
0.0,0.0128515065
1.0,0.98140454
1.0,0.41305226
0.0,0.011626661
1.0,0.99059176
1.0,0.74310106
1.0,0.52043337
0.0,0.082521826
0.0,0.0821831
0.0,0.9941459
0.0,0.34624717
