0.0,0.64453804
0.0,0.7196329
1.0,0.38747784
0.0,0.02430126
1.0,0.51101595
0.0,0.0283342
1.0,0.9433556
1.0,0.77689326
1.0,0.6833617
0.0,0.028402835
0.0,0.1977005
1.0,0.84130585
0.0,0.01927507
0.0,0.18309957
0.0,0.024671108
0.0,0.014718503
1.0,0.787392
0.0,0.012198091
0.0,0.031252176
1.0,0.23929629
1.0,0.20301625
0.0,0.026655346
1.0,0.52997816
0.0,0.07426387
0.0,0.09395623
1.0,0.85774434
0.0,0.23304513
1.0,0.65056264
0.0,0.065065056
1.0,0.9152348
0.0,0.017430305
0.0,0.2749047
1.0,0.9553441
1.0,0.9874505
1.0,0.8922049
1.0,0.96917295
1.0,0.664592
0.0,0.020241052
1.0,0.96838105
1.0,0.029037178
1.0,0.8418995
1.0,0.89853096
0.0,0.01667896
1.0,0.93742657
1.0,0.96463966
0.0,0.050236136
0.0,0.0075042546
0.0,0.025120378
0.0,0.030754149
1.0,0.9699995
0.0,0.45867106
1.0,0.593632
1.0,0.9808254
1.0,0.68011254
0.0,0.021734565
0.0,0.042758405
0.0,0.17099226
1.0,0.045649856
1.0,0.932832
1.0,0.5021488
1.0,0.9660641
0.0,0.31402633
1.0,0.97476995
1.0,0.76922685
1.0,0.90526354
0.0,0.26915795
0.0,0.31248856
1.0,0.9550782
0.0,0.020599902
1.0,0.8015442
0.0,0.3683251
1.0,0.8451532
0.0,0.0028838515
0.0,0.05962488
1.0,0.55483496
0.0,0.5337474
0.0,0.018332183
0.0,0.15893912
0.0,0.03614348
1.0,0.8999653
0.0,0.014907837
1.0,0.9794098
1.0,0.95074105
1.0,0.99756736
1.0,0.97006965
1.0,0.90574706
1.0,0.94791454
0.0,0.39605364
0.0,0.029069394
1.0,0.75158256
0.0,0.01525867
1.0,0.1277383
0.0,0.01375556
0.0,0.8613558
0.0,0.12734988
1.0,0.9695003
0.0,0.014758617
0.0,0.040054798
1.0,0.30354452
1.0,0.952188
0.0,0.010510206
0.0,0.054552436
1.0,0.029815555
0.0,0.022273421
0.0,0.19850162
1.0,0.79122734
1.0,0.048363745
0.0,0.03125447
1.0,0.036977947
1.0,0.97363627
1.0,0.9630362
0.0,0.0126877725
1.0,0.040644437
0.0,0.06094098
0.0,0.032803327
1.0,0.5698616
0.0,0.0285016
1.0,0.78037477
1.0,0.5498475
1.0,0.96962345
0.0,0.26278126
1.0,0.95393395
0.0,0.8590553
0.0,0.024213403
0.0,0.20536599
1.0,0.6504951
0.0,0.0097619
0.0,0.22989526
1.0,0.97329867
1.0,0.74577165
1.0,0.96894765
0.0,0.064454734
0.0,0.0048479736
1.0,0.49556804
1.0,0.972149
0.0,0.7150054
0.0,0.01864162
0.0,0.08538842
0.0,0.07938141
0.0,0.053753823
1.0,0.89068615
0.0,0.13568974
1.0,0.36390114
0.0,0.023094326
0.0,0.013387978
0.0,0.0014455616
1.0,0.52014834
0.0,0.03463608
0.0,0.20593789
0.0,0.10054174
0.0,0.100571156
0.0,0.02305463
0.0,0.004662603
0.0,0.9319494
0.0,0.39630502
1.0,0.93268454
0.0,0.0050184727
0.0,0.024679184
1.0,0.9920217
0.0,0.20159867
0.0,0.36764652
0.0,0.3342849
0.0,0.026954263
0.0,0.35571933
1.0,0.99237233
0.0,0.31939542
1.0,0.5567772
0.0,0.051590383
0.0,0.026821285
1.0,0.8162817
0.0,0.83616877
0.0,0.9480402
0.0,0.6871188
0.0,0.0016902983
1.0,0.83538926
1.0,0.91202545
0.0,0.33592737
1.0,0.87566566
0.0,0.622839
1.0,0.96024406
1.0,0.50780004
1.0,0.8121083
1.0,0.9535254
1.0,0.9211601
0.0,0.81894124
0.0,0.0035756528
0.0,0.022669345
0.0,0.9709643
0.0,0.10969919
0.0,0.04717046
1.0,0.2997309
0.0,0.005518228
0.0,0.7498856
1.0,0.9002372
1.0,0.7366628
1.0,0.87305343
0.0,0.009224325
0.0,0.55376714
0.0,0.015019417
1.0,0.09185183
0.0,0.35210967
0.0,0.71417695
0.0,0.7445021
0.0,0.22739947
0.0,0.13302484
1.0,0.3111234
0.0,0.039236516
1.0,0.07585606
0.0,0.0020974874
0.0,0.11922005
0.0,0.009133428
1.0,0.9564991
0.0,0.13403541
0.0,0.13034123
0.0,0.037585914
0.0,0.003284216
0.0,0.89455104
0.0,0.4021228
1.0,0.9851432
0.0,0.007679105
0.0,0.027308196
1.0,0.88247037
1.0,0.9693701
0.0,0.29312652
0.0,0.0096232
0.0,0.005623311
0.0,0.22415856
0.0,0.018655896
0.0,0.114247024
1.0,0.9757006
0.0,0.11109853
1.0,0.61566854
0.0,0.0731855
1.0,0.85947067
1.0,0.5182704
0.0,0.028641373
0.0,0.054303616
0.0,0.05934754
1.0,0.97080576
1.0,0.80772984
1.0,0.91347456
1.0,0.75237286
0.0,0.009938806
0.0,0.63570803
1.0,0.9585166
0.0,0.69017047
0.0,0.0359174
0.0,0.013409048
0.0,0.32528806
0.0,0.05605194
0.0,0.02059576
0.0,0.1660116
1.0,0.5563568
0.0,0.013877004
0.0,0.26982313
0.0,0.05452794
1.0,0.8745007
1.0,0.9621581
0.0,0.017898977
0.0,0.09740332
0.0,0.028027862
1.0,0.97426856
0.0,0.056390613
0.0,0.015324354
0.0,0.029128164
0.0,0.011094421
1.0,0.9672736
1.0,0.764708
1.0,0.9868164
0.0,0.0073860884
1.0,0.8085178
0.0,0.1545864
0.0,0.03739527
0.0,0.32144862
1.0,0.9278553
1.0,0.6616907
0.0,0.010294825
0.0,0.036501467
1.0,0.8728354
1.0,0.43859446
0.0,0.1212042
1.0,0.54209787
1.0,0.97634065
0.0,0.7286698
0.0,0.16981897
0.0,0.04006332
0.0,0.03421095
0.0,0.34804744
0.0,0.024491638
1.0,0.98402035
0.0,0.031022668
0.0,0.027687937
1.0,0.94600904
0.0,0.03923151
1.0,0.9396387
1.0,0.04598704
1.0,0.9066107
1.0,0.93691194
1.0,0.8753037
0.0,0.036983848
1.0,0.9251448
0.0,0.632139
1.0,0.9837638
0.0,0.83122563
0.0,0.3735972
0.0,0.035672903
0.0,0.11286688
0.0,0.23935309
1.0,0.9687791
0.0,0.8397264
1.0,0.88798535
0.0,0.83216125
1.0,0.85209244
1.0,0.9945226
0.0,0.019781083
0.0,0.0074950755
0.0,0.005473703
1.0,0.9291885
1.0,0.4024155
0.0,0.0040175617
0.0,0.0020171404
0.0,0.0127848685
0.0,0.024894148
1.0,0.894655
1.0,0.7753797
0.0,0.034226418
0.0,0.08691418
1.0,0.8328454
1.0,0.9568901
1.0,0.62383676
0.0,0.15516204
0.0,0.71651536
0.0,0.002143532
0.0,0.8403118
1.0,0.96257395
1.0,0.81034803
0.0,0.09378791
0.0,0.042990774
0.0,0.01856631
0.0,0.32937878
0.0,0.0059532225
0.0,0.3394364
1.0,0.17254204
0.0,0.038305163
0.0,0.050042927
0.0,0.03066343
0.0,0.86093533
0.0,0.9096607
0.0,0.056176186
0.0,0.0042164326
1.0,0.32884586
0.0,0.018076986
1.0,0.88408005
0.0,0.0027549267
0.0,0.20605615
0.0,0.10663921
0.0,0.0030745566
0.0,0.88553715
1.0,0.44618073
1.0,0.9075224
0.0,0.6147804
1.0,0.92637885
0.0,0.004120797
0.0,0.4014865
0.0,0.37708065
0.0,0.81077266
0.0,0.009121776
0.0,0.002598703
1.0,0.5846561
0.0,0.011030108
1.0,0.97387934
0.0,0.07952762
1.0,0.69303536
0.0,0.4500968
1.0,0.02067694
1.0,0.9448745
1.0,0.9313235
0.0,0.01628822
0.0,0.032103598
1.0,0.9281839
0.0,0.0246965
0.0,0.065757275
1.0,0.1315046
1.0,0.96819794
0.0,0.3117262
1.0,0.9615047
1.0,0.9761565
0.0,0.47125342
0.0,0.049812257
0.0,0.17716005
0.0,0.026123405
0.0,0.022210598
0.0,0.08320162
1.0,0.9716687
0.0,0.13210124
1.0,0.58197945
1.0,0.2636449
0.0,0.010995626
0.0,0.19358057
0.0,0.67370033
1.0,0.9514301
1.0,0.9130194
1.0,0.39496619
0.0,0.023635864
1.0,0.9572046
1.0,0.82601523
0.0,0.006572604
0.0,0.41133758
0.0,0.9039469
0.0,0.26814657
1.0,0.95046246
0.0,0.019987643
1.0,0.43695265
0.0,0.8658596
0.0,0.07124817
0.0,0.02000913
0.0,0.056325346
0.0,0.0069518983
0.0,0.019679278
0.0,0.04350868
0.0,0.02886808
0.0,0.03995502
0.0,0.32620412
0.0,0.17476785
0.0,0.01706615
0.0,0.6554505
0.0,0.032075346
1.0,0.9306731
0.0,0.19254583
1.0,0.980718
0.0,0.036737263
0.0,0.013829321
0.0,0.03957671
0.0,0.7287156
0.0,0.81610787
0.0,0.08863732
0.0,0.10322991
0.0,0.004538715
0.0,0.013102144
0.0,0.026611656
0.0,0.49036762
1.0,0.6944299
0.0,0.08995929
0.0,0.00953719
0.0,0.74686563
0.0,0.031471103
1.0,0.7445756
0.0,0.92048043
1.0,0.5558034
0.0,0.015158176
0.0,0.056550086
1.0,0.964959
0.0,0.88182646
1.0,0.94685435
1.0,0.8722004
1.0,0.8419247
1.0,0.9270495
0.0,0.009655714
1.0,0.6560742
0.0,0.0028617978
0.0,0.020974338
0.0,0.16416529
1.0,0.9802782
0.0,0.011980623
0.0,0.012292534
1.0,0.66306376
1.0,0.9822297
0.0,0.09535611
0.0,0.004323721
1.0,0.73690987
0.0,0.060298353
1.0,0.7408086
0.0,0.3893798
0.0,0.17212999
1.0,0.7460893
0.0,0.8796441
0.0,0.0030114055
1.0,0.35706544
0.0,0.04321763
1.0,0.99023974
0.0,0.01202327
1.0,0.7535232
1.0,0.47425362
1.0,0.8343413
1.0,0.98328
0.0,0.08782625
0.0,0.051104307
1.0,0.44832417
0.0,0.08604288
0.0,0.43381596
1.0,0.8640169
1.0,0.74660254
1.0,0.94654834
0.0,0.05874273
1.0,0.97829646
1.0,0.91835606
0.0,0.071614444
1.0,0.9705811
0.0,0.60246205
1.0,0.5460813
1.0,0.8937191
0.0,0.6347948
0.0,0.64078796
1.0,0.13617298
0.0,0.31543756
1.0,0.85980225
0.0,0.57020867
0.0,0.027677178
0.0,0.89235854
1.0,0.99322057
0.0,0.019862056
0.0,0.004917264
0.0,0.82702047
1.0,0.7407308
0.0,0.117392
0.0,0.015246481
0.0,0.18706223
0.0,0.89729935
1.0,0.7158241
1.0,0.83767915
0.0,0.21684322
0.0,0.5817621
0.0,0.1810129
0.0,0.32052028
0.0,0.039583713
1.0,0.8191785
0.0,0.10337201
1.0,0.95554876
0.0,0.7553872
0.0,0.18588895
1.0,0.7781091
0.0,0.038909465
0.0,0.36330593
0.0,0.007041216
0.0,0.014022738
0.0,0.13821092
0.0,0.008122355
0.0,0.012523949
0.0,0.08236241
1.0,0.90536726
1.0,0.935797
0.0,0.0043857098
0.0,0.047454268
1.0,0.98901767
0.0,0.06188628
1.0,0.8525293
0.0,0.26270795
0.0,0.006617993
1.0,0.89293045
0.0,0.47044325
1.0,0.8074057
0.0,0.2593113
1.0,0.32847095
0.0,0.055924654
0.0,0.049770713
0.0,0.555355
1.0,0.960992
0.0,0.0069418848
0.0,0.054370284
0.0,0.004217744
0.0,0.8707908
1.0,0.22001058
0.0,0.011405766
0.0,0.008191615
1.0,0.9848138
1.0,0.24232122
0.0,0.16430718
1.0,0.80659914
0.0,0.06994459
0.0,0.5226439
1.0,0.9429608
1.0,0.97395
0.0,0.069669455
1.0,0.96257454
1.0,0.9629686
0.0,0.02011484
0.0,0.08183935
0.0,0.050673872
1.0,0.15637004
0.0,0.0014329553
0.0,0.011509329
0.0,0.026653856
1.0,0.9682005
1.0,0.8912473
0.0,0.092835695
1.0,0.6538896
1.0,0.02744329
0.0,0.15433508
1.0,0.88591635
0.0,0.02961889
1.0,0.8222407
0.0,0.09225577
1.0,0.709014
0.0,0.062244922
0.0,0.039229333
1.0,0.9417608
0.0,0.02704662
1.0,0.90811205
0.0,0.07882586
0.0,0.070147336
0.0,0.1144779
1.0,0.89575684
0.0,0.52292305
1.0,0.19148654
0.0,0.015608311
1.0,0.87993443
1.0,0.793381
0.0,0.0038237572
1.0,0.9579865
1.0,0.89548516
1.0,0.5769154
1.0,0.88115764
0.0,0.22671211
0.0,0.033894926
0.0,0.82558
1.0,0.8696477
1.0,0.55624086
0.0,0.01038444
0.0,0.02678749
0.0,0.5057878
1.0,0.8593064
0.0,0.18066391
1.0,0.022050172
1.0,0.93831825
0.0,0.053999275
0.0,0.039037585
1.0,0.96696615
0.0,0.87081873
1.0,0.9484209
0.0,0.86582947
0.0,0.051229388
0.0,0.038021266
1.0,0.23282519
0.0,0.17078137
1.0,0.9301493
0.0,0.034153998
1.0,0.3645999
0.0,0.5661127
0.0,0.17949113
1.0,0.043910384
1.0,0.30880603
1.0,0.73838097
1.0,0.3321392
0.0,0.04190448
0.0,0.060419828
0.0,0.8885585
0.0,0.0010490716
1.0,0.8868749
1.0,0.33195692
0.0,0.0012491345
0.0,0.017844468
0.0,0.0030625165
1.0,0.49153638
0.0,0.02171436
0.0,0.03893599
0.0,0.029535055
0.0,0.63190985
0.0,0.08572546
0.0,0.4310901
1.0,0.7013348
0.0,0.6960913
1.0,0.442779
0.0,0.047540516
0.0,0.21720555
1.0,0.8064624
1.0,0.88524294
1.0,0.92690146
0.0,0.0024914742
0.0,0.050548762
1.0,0.3736151
0.0,0.013597608
0.0,0.037064523
0.0,0.06305963
1.0,0.8421039
0.0,0.065443814
0.0,0.03697568
1.0,0.98238546
0.0,0.15703627
1.0,0.9890926
1.0,0.9354599
1.0,0.97024316
0.0,0.013900578
1.0,0.9432671
1.0,0.83644074
0.0,0.070982635
1.0,0.28726804
0.0,0.04645279
0.0,0.2814176
0.0,0.48110655
0.0,0.0036294758
1.0,0.83837146
1.0,0.8809695
1.0,0.9870753
1.0,0.9026404
1.0,0.95089567
0.0,0.32505554
0.0,0.92433476
1.0,0.9540332
0.0,0.037592918
1.0,0.761105
1.0,0.99067986
0.0,0.18506142
1.0,0.479393
1.0,0.2625475
0.0,0.04626608
0.0,0.027999938
0.0,0.010107875
0.0,0.013490766
1.0,0.68285984
1.0,0.9764154
0.0,0.014885724
0.0,0.058223724
1.0,0.01810509
1.0,0.76896876
1.0,0.17090684
0.0,0.03055203
1.0,0.79021484
1.0,0.7946571
0.0,0.06160572
0.0,0.04008338
1.0,0.8376641
1.0,0.9758366
0.0,0.51847595
1.0,0.74027586
0.0,0.062290728
0.0,0.20157024
1.0,0.9061356
0.0,0.58036906
1.0,0.97394913
0.0,0.21315265
0.0,0.093677044
0.0,0.05042088
1.0,0.9534664
1.0,0.762555
0.0,0.004118532
0.0,0.009236634
1.0,0.7230147
0.0,0.038187563
1.0,0.93917906
1.0,0.8102595
1.0,0.77887535
0.0,0.067857504
0.0,0.29460484
0.0,0.18747216
0.0,0.010019392
0.0,0.0055845976
1.0,0.9475887
0.0,0.12321389
0.0,0.0075087547
1.0,0.93182844
0.0,0.034451574
1.0,0.025390148
1.0,0.846328
0.0,0.03960359
0.0,0.1540632
0.0,0.68285185
0.0,0.0083762705
0.0,0.006629944
0.0,0.0052801967
0.0,0.021032512
0.0,0.9147198
1.0,0.70450366
1.0,0.9478691
0.0,0.70176846
0.0,0.6594226
0.0,0.012355536
0.0,0.030323356
0.0,0.0090141
1.0,0.049199283
0.0,0.025706887
0.0,0.0010128617
1.0,0.9639855
1.0,0.117245585
0.0,0.012300104
0.0,0.94936496
0.0,0.0012782216
0.0,0.05811587
0.0,0.0021718442
0.0,0.06063676
1.0,0.9708451
1.0,0.7216392
1.0,0.95704204
0.0,0.007076353
1.0,0.8703525
1.0,0.96435386
0.0,0.14055467
0.0,0.0013391376
1.0,0.7170084
1.0,0.57797194
1.0,0.89936155
1.0,0.84183025
1.0,0.847406
0.0,0.12320429
0.0,0.085935295
1.0,0.60508937
0.0,0.003603518
1.0,0.9584198
0.0,0.010514021
1.0,0.8196646
0.0,0.021861672
0.0,0.5434873
0.0,0.040985346
0.0,0.027857274
0.0,0.45488578
0.0,0.0018438399
0.0,0.0069538355
0.0,0.07473844
0.0,0.87913316
0.0,0.007722944
0.0,0.005646229
1.0,0.8847151
1.0,0.87755895
1.0,0.9593661
0.0,0.8940244
0.0,0.5054833
0.0,0.71107304
0.0,0.042051673
1.0,0.91576225
1.0,0.09862766
1.0,0.85680944
1.0,0.9441407
0.0,0.92899054
0.0,0.03648308
0.0,0.004215449
1.0,0.62194663
0.0,0.023798734
1.0,0.004324794
1.0,0.9249414
0.0,0.23987064
0.0,0.007821143
0.0,0.20873508
0.0,0.27128893
1.0,0.9056299
1.0,0.89330363
0.0,0.054124683
1.0,0.9308429
1.0,0.5937522
0.0,0.65193677
0.0,0.080743164
1.0,0.7679734
0.0,0.013435274
0.0,0.1954396
0.0,0.010533899
0.0,0.611159
0.0,0.029742748
1.0,0.69205177
0.0,0.18814236
0.0,0.6059278
1.0,0.9719074
1.0,0.9253485
0.0,0.5668276
0.0,0.4483675
1.0,0.7532824
0.0,0.15800646
0.0,0.0015690029
1.0,0.2972765
0.0,0.13516283
0.0,0.04797569
0.0,0.024053961
1.0,0.96207976
0.0,0.07696262
1.0,0.9014339
1.0,0.9139345
1.0,0.99420375
0.0,0.051167876
1.0,0.3563641
0.0,0.026166648
1.0,0.97031057
0.0,0.038208663
1.0,0.94774044
0.0,0.09640321
0.0,0.023792535
1.0,0.97868717
0.0,0.02194199
0.0,0.008485824
1.0,0.57545197
1.0,0.91106033
1.0,0.23298821
1.0,0.77422947
1.0,0.45645505
1.0,0.96017545
1.0,0.64885354
0.0,0.010285795
1.0,0.18799344
1.0,0.9645314
0.0,0.17721877
0.0,0.013465017
0.0,0.0044869483
1.0,0.80541015
0.0,0.01217553
0.0,0.32208484
0.0,0.41082275
1.0,0.92649984
0.0,0.019152641
0.0,0.21262974
1.0,0.68246275
1.0,0.9409416
1.0,0.86127424
1.0,0.086289585
0.0,0.9484999
0.0,0.28648072
0.0,0.054071963
0.0,0.20083466
0.0,0.0046152472
0.0,0.381118
0.0,0.024464875
1.0,0.22503948
1.0,0.9571017
0.0,0.1272729
1.0,0.9018242
0.0,0.0145457685
0.0,0.009914339
1.0,0.94383585
0.0,0.04450339
0.0,0.92761
0.0,0.019493103
0.0,0.7153172
0.0,0.16845593
0.0,0.016421944
0.0,0.91288185
1.0,0.68391025
0.0,0.07489526
0.0,0.7849011
1.0,0.7511671
0.0,0.0035802126
1.0,0.87737346
0.0,0.055159926
0.0,0.0024825335
0.0,0.033705533
0.0,0.32267618
0.0,0.0022369325
0.0,0.007419944
0.0,0.050813884
0.0,0.13290673
0.0,0.7249248
1.0,0.717643
0.0,0.107414156
1.0,0.95170116
0.0,0.7152983
1.0,0.6092908
0.0,0.28756428
0.0,0.004576266
0.0,0.16919461
1.0,0.9432415
1.0,0.06486058
1.0,0.2731041
0.0,0.016892731
0.0,0.42508757
1.0,0.5560068
0.0,0.039992303
0.0,0.04496184
1.0,0.72402287
0.0,0.053580523
1.0,0.95909894
1.0,0.5533625
0.0,0.011238784
1.0,0.37133363
0.0,0.14040968
1.0,0.29557252
0.0,0.34465867
1.0,0.9925747
0.0,0.0011214614
0.0,0.9445882
0.0,0.028374434
0.0,0.12963188
0.0,0.0037259161
0.0,0.0322434
0.0,0.062577605
1.0,0.9382714
0.0,0.017687798
0.0,0.0023126602
0.0,0.00046604872
0.0,0.3541277
0.0,0.38014176
1.0,0.7929543
0.0,0.8574755
0.0,0.06810129
1.0,0.79310846
0.0,0.22532654
1.0,0.9420779
0.0,0.5553061
1.0,0.3151614
1.0,0.9834577
0.0,0.026423305
1.0,0.9893874
0.0,0.5514804
0.0,0.106116146
0.0,0.012122124
0.0,0.070637286
1.0,0.15295538
1.0,0.97995514
0.0,0.06583896
0.0,0.024279177
1.0,0.9809716
0.0,0.079637736
1.0,0.6137457
1.0,0.0818364
1.0,0.7022944
0.0,0.04913351
1.0,0.75848556
0.0,0.29533672
1.0,0.83463746
1.0,0.19044665
0.0,0.18043709
0.0,0.86783946
0.0,0.046239436
0.0,0.3986098
1.0,0.84289116
1.0,0.91524184
1.0,0.9784765
0.0,0.02305755
0.0,0.0010174215
1.0,0.9704879
0.0,0.70957726
0.0,0.0028690994
0.0,0.034181118
1.0,0.68811774
0.0,0.056836307
0.0,0.009166181
0.0,0.16735393
0.0,0.15871954
1.0,0.80617744
1.0,0.96067846
0.0,0.30449045
0.0,0.02748689
0.0,0.018420935
1.0,0.98648953
0.0,0.14209542
0.0,0.806907
1.0,0.91443014
0.0,0.0059114993
0.0,0.64967597
1.0,0.9450129
0.0,0.13452798
1.0,0.4332353
1.0,0.3546348
0.0,0.014103532
0.0,0.016680062
0.0,0.006003171
0.0,0.0125183165
1.0,0.9689321
1.0,0.9948834
1.0,0.97838265
1.0,0.5010553
0.0,0.8204171
0.0,0.06705853
1.0,0.80937564
1.0,0.93142223
0.0,0.027425885
0.0,0.03168401
1.0,0.4275293
0.0,0.010547519
1.0,0.90760124
0.0,0.0051243305
0.0,0.20213336
1.0,0.9282818
0.0,0.09573954
0.0,0.00553301
0.0,0.022967905
0.0,0.14334017
0.0,0.2420438
1.0,0.28584486
0.0,0.05358252
1.0,0.9427318
0.0,0.37403572
1.0,0.88803184
0.0,0.07960901
1.0,0.8448847
1.0,0.9712621
1.0,0.9892663
0.0,0.9213488
0.0,0.0032144487
1.0,0.4103905
0.0,0.038795173
0.0,0.048994273
1.0,0.8977503
1.0,0.7277715
0.0,0.10727686
1.0,0.878381
1.0,0.9724761
0.0,0.8745056
0.0,0.025903344
0.0,0.87467253
0.0,0.010125816
0.0,0.002322644
0.0,0.90470874
1.0,0.8496989
1.0,0.9559289
1.0,0.957209
0.0,0.0044845045
0.0,0.020928442
0.0,0.059423
0.0,0.039143622
0.0,0.013051957
0.0,0.07557914
1.0,0.8998162
1.0,0.9399018
1.0,0.72663677
0.0,0.17365319
0.0,0.024545431
1.0,0.95268357
0.0,0.44758266
0.0,0.65505326
1.0,0.88849545
0.0,0.7945043
0.0,0.5727058
1.0,0.77748847
0.0,0.042361706
1.0,0.47690642
1.0,0.7525768
0.0,0.9355172
0.0,0.014875472
1.0,0.9936359
0.0,0.0040411353
0.0,0.632663
1.0,0.5890052
1.0,0.79295015
1.0,0.81761336
1.0,0.90026367
0.0,0.961915
0.0,0.112039804
0.0,0.010433584
1.0,0.5460916
0.0,0.9665841
1.0,0.80790496
0.0,0.8249799
1.0,0.8843488
1.0,0.6439428
0.0,0.26002127
0.0,0.062342405
0.0,0.0062490404
0.0,0.24766636
0.0,0.03984338
0.0,0.019750714
1.0,0.4008824
1.0,0.2329877
0.0,0.46805614
1.0,0.9311595
1.0,0.19097751
0.0,0.0036996305
0.0,0.20733723
1.0,0.8879682
1.0,0.18863317
0.0,0.038532436
0.0,0.021493763
0.0,0.007163763
0.0,0.032320976
1.0,0.7318828
1.0,0.9560256
0.0,0.034695268
0.0,0.014280707
0.0,0.032214493
0.0,0.065770715
0.0,0.008410066
0.0,0.03431493
0.0,0.9268888
0.0,0.09325299
0.0,0.17115632
0.0,0.04621771
0.0,0.13159919
1.0,0.97400165
1.0,0.9193585
0.0,0.003637433
0.0,0.02960816
0.0,0.00087302923
0.0,0.017142981
0.0,0.11436555
0.0,0.38927662
0.0,0.012270927
0.0,0.899183
1.0,0.94822514
1.0,0.9751493
1.0,0.8412678
1.0,0.9071187
1.0,0.956968
0.0,0.533609
0.0,0.04859814
0.0,0.04522088
0.0,0.044620603
1.0,0.7703103
0.0,0.030624777
1.0,0.9612769
0.0,0.02836904
0.0,0.8753153
0.0,0.79804033
0.0,0.08880931
0.0,0.04528728
0.0,0.7481924
0.0,0.18481693
0.0,0.009239912
1.0,0.8307122
1.0,0.47040793
0.0,0.45919117
0.0,0.26798114
0.0,0.009486258
0.0,0.018481284
1.0,0.97003746
0.0,0.0044649243
1.0,0.59568477
0.0,0.016293079
1.0,0.6256526
0.0,0.016737878
0.0,0.082770765
1.0,0.94924104
0.0,0.0045013726
1.0,0.91794217
0.0,0.028900266
0.0,0.32096374
0.0,0.26983768
0.0,0.012675971
0.0,0.010911673
1.0,0.8781338
1.0,0.9660217
0.0,0.25249976
0.0,0.024560958
0.0,0.010857344
0.0,0.1920012
1.0,0.71211004
0.0,0.7224391
1.0,0.34955865
1.0,0.80715007
0.0,0.8907224
0.0,0.042724878
0.0,0.08082664
0.0,0.2823189
0.0,0.013252795
0.0,0.04754904
0.0,0.08564854
0.0,0.83729273
0.0,0.37451276
1.0,0.92573607
0.0,0.9748567
0.0,0.0066078603
1.0,0.8846968
0.0,0.0399445
0.0,0.05678293
0.0,0.0036159456
0.0,0.03840041
1.0,0.0216645
1.0,0.9557607
1.0,0.97869027
0.0,0.017567217
0.0,0.022017926
0.0,0.015933335
0.0,0.76354575
0.0,0.23914725
0.0,0.7789128
1.0,0.9841157
1.0,0.9402796
1.0,0.83619356
0.0,0.05480039
1.0,0.98429745
1.0,0.71652746
0.0,0.02669859
1.0,0.79692584
0.0,0.034922153
0.0,0.026472151
0.0,0.7217579
1.0,0.9838921
1.0,0.8562783
1.0,0.74342304
0.0,0.78849936
0.0,0.09775385
0.0,0.023706317
1.0,0.967461
1.0,0.9831882
1.0,0.9508041
1.0,0.69205576
0.0,0.024616003
0.0,0.01169911
0.0,0.019219786
0.0,0.625197
1.0,0.94669
0.0,0.024960518
0.0,0.21850675
0.0,0.4311037
1.0,0.50801814
0.0,0.1478943
0.0,0.4828853
0.0,0.15490815
0.0,0.9082963
0.0,0.12535569
0.0,0.049855024
0.0,0.0108168125
0.0,0.16961679
0.0,0.007021904
1.0,0.9771085
1.0,0.29924947
0.0,0.69264317
0.0,0.9785606
0.0,0.14848474
1.0,0.916494
0.0,0.016301602
0.0,0.01347214
0.0,0.6900588
0.0,0.005658537
1.0,0.79652613
0.0,0.008418053
0.0,0.046820223
1.0,0.8341033
1.0,0.88077515
1.0,0.87273747
0.0,0.05427268
0.0,0.12371522
1.0,0.9058366
1.0,0.9685116
1.0,0.97773385
0.0,0.8177442
0.0,0.4622725
0.0,0.025155514
1.0,0.24903363
1.0,0.966515
0.0,0.015122235
0.0,0.77222586
1.0,0.75875163
1.0,0.9697992
0.0,0.010711104
1.0,0.9329319
1.0,0.87077594
0.0,0.058056712
1.0,0.063596964
0.0,0.041442126
0.0,0.016462952
0.0,0.8256146
0.0,0.05077088
1.0,0.8692789
0.0,0.08041996
1.0,0.81500727
1.0,0.6677862
1.0,0.292221
0.0,0.0065078735
0.0,0.8537066
1.0,0.5726117
0.0,0.008660018
1.0,0.8769295
1.0,0.93983006
0.0,0.95618594
0.0,0.14314693
1.0,0.16180849
1.0,0.98069906
0.0,0.007910758
1.0,0.82495296
1.0,0.6318434
1.0,0.8140553
1.0,0.978435
1.0,0.81835055
1.0,0.9473381
0.0,0.021693349
0.0,0.6217466
0.0,0.054867208
1.0,0.94039726
1.0,0.55926055
0.0,0.1277054
0.0,0.21610579
1.0,0.5327578
0.0,0.010985374
1.0,0.92195815
0.0,0.54028404
1.0,0.93162215
1.0,0.87732434
0.0,0.5697851
1.0,0.43568033
0.0,0.103467375
1.0,0.99002564
1.0,0.9327745
1.0,0.12977898
0.0,0.03956774
0.0,0.015188456
1.0,0.8822153
0.0,0.054530412
1.0,0.81080365
0.0,0.017330766
0.0,0.572321
0.0,0.25927076
0.0,0.09752205
0.0,0.011267543
0.0,0.35332865
0.0,0.61979795
1.0,0.9204032
1.0,0.40455803
0.0,0.018165082
1.0,0.97862744
1.0,0.87995446
0.0,0.86026615
0.0,0.88173926
0.0,0.07703397
0.0,0.11468077
0.0,0.04284346
0.0,0.06294972
1.0,0.33499053
1.0,0.981064
0.0,0.012932032
0.0,0.0077079237
0.0,0.8335278
0.0,0.91191405
0.0,0.19387579
1.0,0.8860235
0.0,0.44438642
0.0,0.008507252
1.0,0.6875499
1.0,0.9192883
0.0,0.053006947
0.0,0.19188222
0.0,0.0054543614
1.0,0.79290295
1.0,0.81807315
0.0,0.015433639
0.0,0.015189707
0.0,0.017726332
0.0,0.13459757
0.0,0.004355818
1.0,0.9280137
1.0,0.8185152
1.0,0.65070003
0.0,0.010160655
1.0,0.5816555
0.0,0.7517918
1.0,0.9905167
1.0,0.75158685
0.0,0.021005362
0.0,0.010819912
0.0,0.006567031
0.0,0.4799086
0.0,0.94619226
1.0,0.9810486
0.0,0.8106751
0.0,0.53235936
0.0,0.029811144
0.0,0.0018878579
0.0,0.021873444
0.0,0.044535697
0.0,0.44879946
1.0,0.77671754
1.0,0.842802
0.0,0.0072757304
0.0,0.6478412
0.0,0.79530823
0.0,0.025265723
1.0,0.86543965
0.0,0.024947286
0.0,0.20561844
1.0,0.5084176
0.0,0.84935415
0.0,0.011294335
0.0,0.026387066
0.0,0.033559263
1.0,0.9543345
1.0,0.9441278
0.0,0.029528767
1.0,0.10437381
1.0,0.95081794
1.0,0.95632875
0.0,0.2873212
0.0,0.61042607
1.0,0.9148903
1.0,0.9795226
0.0,0.008767039
1.0,0.9696666
0.0,0.057768136
1.0,0.95010936
1.0,0.8744906
1.0,0.8841319
0.0,0.1410132
1.0,0.53923047
1.0,0.32880932
0.0,0.45541176
0.0,0.068247795
0.0,0.9803076
0.0,0.057909727
0.0,0.015735507
0.0,0.0035582185
1.0,0.98844755
0.0,0.7696029
0.0,0.050573707
0.0,0.432468
0.0,0.036371797
0.0,0.05367434
0.0,0.021924287
1.0,0.7527989
0.0,0.021828443
0.0,0.056540757
0.0,0.4875022
1.0,0.91939837
1.0,0.83836615
1.0,0.93645465
1.0,0.8611327
0.0,0.011217475
0.0,0.047624737
0.0,0.091154605
0.0,0.05834809
0.0,0.7940817
0.0,0.18909082
1.0,0.85518515
0.0,0.7242892
1.0,0.3343541
1.0,0.031180084
1.0,0.68366605
0.0,0.034701258
0.0,0.011892974
0.0,0.010851443
0.0,0.015651345
1.0,0.8994085
1.0,0.89708287
1.0,0.6317036
1.0,0.8524996
1.0,0.8942206
0.0,0.07008305
0.0,0.030267388
0.0,0.8984604
0.0,0.0041655004
1.0,0.9791575
0.0,0.010629356
0.0,0.7409042
1.0,0.95198864
1.0,0.65263194
0.0,0.015460253
0.0,0.26947755
0.0,0.1427413
0.0,0.26838285
1.0,0.57053375
0.0,0.9612927
0.0,0.36254132
1.0,0.98256075
0.0,0.20212877
1.0,0.9472072
1.0,0.94844604
0.0,0.0038236678
0.0,0.56683254
0.0,0.004622072
0.0,0.014997393
1.0,0.7442913
0.0,0.026042938
0.0,0.08911222
0.0,0.8542973
0.0,0.08102435
1.0,0.95532024
1.0,0.31960845
1.0,0.8720801
1.0,0.87674624
0.0,0.6267148
0.0,0.019266903
1.0,0.905651
0.0,0.23696822
1.0,0.34913203
0.0,0.03690979
1.0,0.5180385
1.0,0.98162293
0.0,0.5826681
0.0,0.19422728
0.0,0.31311858
0.0,0.020047784
0.0,0.15885612
0.0,0.039318085
1.0,0.9344568
0.0,0.018662274
0.0,0.23847052
0.0,0.54155403
0.0,0.042183995
0.0,0.09838104
0.0,0.003791988
0.0,0.17515483
0.0,0.0033377707
0.0,0.0017898381
0.0,0.040198207
0.0,0.18210033
0.0,0.039228886
1.0,0.78112066
0.0,0.41414902
1.0,0.9263274
0.0,0.039996386
0.0,0.0061854124
1.0,0.82133484
0.0,0.011394948
1.0,0.98367274
0.0,0.63367933
1.0,0.88101393
0.0,0.7135062
0.0,0.053422004
1.0,0.86759084
1.0,0.43342224
0.0,0.018652856
0.0,0.04333195
0.0,0.0086144805
0.0,0.0038101673
0.0,0.0058535337
0.0,0.93085515
1.0,0.97495747
1.0,0.81753904
0.0,0.12805232
0.0,0.25729486
1.0,0.78865695
1.0,0.62298346
1.0,0.8154206
0.0,0.008132398
1.0,0.017531246
0.0,0.20043463
1.0,0.68836963
0.0,0.012631118
1.0,0.78935385
0.0,0.057650596
0.0,0.1542157
0.0,0.12127355
0.0,0.7978499
1.0,0.96368366
0.0,0.14380291
0.0,0.16349658
1.0,0.98683393
0.0,0.011269778
0.0,0.87112665
0.0,0.5019824
1.0,0.99153745
0.0,0.07499096
0.0,0.040067405
0.0,0.92633176
1.0,0.82245964
0.0,0.0023656487
0.0,0.5767963
0.0,0.03513798
1.0,0.4755854
0.0,0.07558498
1.0,0.97782326
0.0,0.30542523
1.0,0.78356934
1.0,0.980703
0.0,0.87039244
1.0,0.87222725
1.0,0.9593302
0.0,0.016310722
0.0,0.60172033
0.0,0.08087006
1.0,0.9800018
0.0,0.10335451
1.0,0.868088
1.0,0.8674897
0.0,0.038336754
1.0,0.9400736
0.0,0.20941964
1.0,0.74847114
0.0,0.7341054
1.0,0.81127423
0.0,0.6522026
1.0,0.22436672
0.0,0.46502107
0.0,0.0168401
0.0,0.0026502907
0.0,0.0693154
0.0,0.019321293
0.0,0.0110170245
0.0,0.002328992
0.0,0.16561809
0.0,0.1305413
0.0,0.5463289
0.0,0.40753123
0.0,0.019905895
1.0,0.8959063
1.0,0.15340084
0.0,0.5786013
1.0,0.048369437
0.0,0.020987362
0.0,0.08729905
0.0,0.60813713
0.0,0.029261947
0.0,0.043337315
0.0,0.1974256
1.0,0.8452903
0.0,0.0045610666
0.0,0.02825135
1.0,0.0042749047
0.0,0.0021246374
1.0,0.7599453
0.0,0.030110925
0.0,0.029078066
1.0,0.25329125
0.0,0.014743775
1.0,0.8485657
0.0,0.011122465
0.0,0.004621744
0.0,0.01189217
1.0,0.9687587
0.0,0.07840261
1.0,0.7424495
1.0,0.6940072
0.0,0.91833526
0.0,0.00547418
1.0,0.030688137
0.0,0.02853933
0.0,0.09514001
0.0,0.76392037
0.0,0.0030103326
0.0,0.92946196
0.0,0.9697396
1.0,0.255154
0.0,0.04679489
1.0,0.7805054
0.0,0.0048952997
0.0,0.009980351
0.0,0.011390686
1.0,0.8762915
1.0,0.9818801
0.0,0.15328783
0.0,0.7036946
0.0,0.008763343
0.0,0.2292856
0.0,0.14611909
0.0,0.016931295
0.0,0.0027970672
1.0,0.11512026
1.0,0.91829026
0.0,0.047768593
0.0,0.95256335
1.0,0.6233338
0.0,0.004330635
1.0,0.91481996
0.0,0.011338711
0.0,0.030037045
1.0,0.93468475
0.0,0.41991574
1.0,0.8660807
1.0,0.831316
1.0,0.8932447
0.0,0.25044063
0.0,0.021138221
0.0,0.79081964
1.0,0.9660563
0.0,0.1195088
1.0,0.9515217
0.0,0.089660406
0.0,0.0112274885
0.0,0.2047922
1.0,0.938474
0.0,0.024259746
0.0,0.044807374
0.0,0.5561627
1.0,0.049839765
1.0,0.9879321
0.0,0.032145888
0.0,0.008707464
1.0,0.9543365
1.0,0.97756255
1.0,0.80128074
1.0,0.4343317
0.0,0.030660808
1.0,0.92496634
0.0,0.036215484
0.0,0.05814746
0.0,0.017208964
1.0,0.85174155
0.0,0.05075535
0.0,0.09766975
0.0,0.0029722154
1.0,0.7113327
0.0,0.15488976
1.0,0.89349294
1.0,0.9830959
0.0,0.060974717
1.0,0.80301285
0.0,0.026672482
1.0,0.5137185
0.0,0.39556506
0.0,0.011802703
0.0,0.026551485
0.0,0.13164932
1.0,0.97509325
0.0,0.1218788
0.0,0.3316313
0.0,0.404719
1.0,0.9973084
1.0,0.9483206
0.0,0.026242644
1.0,0.9738327
1.0,0.97865623
1.0,0.99214363
1.0,0.41069615
0.0,0.49241197
1.0,0.7464684
0.0,0.09279826
0.0,0.7802516
1.0,0.5101052
0.0,0.058522016
0.0,0.14010221
0.0,0.23522735
1.0,0.47610554
0.0,0.3502705
0.0,0.4667991
1.0,0.98078275
0.0,0.022783786
1.0,0.7546092
0.0,0.013952196
0.0,0.8400655
1.0,0.77426493
1.0,0.90014106
0.0,0.012168407
1.0,0.93970585
1.0,0.96770924
0.0,0.7031974
0.0,0.6915527
1.0,0.4336151
0.0,0.18150708
1.0,0.96390986
0.0,0.03737691
0.0,0.101917565
1.0,0.34718043
1.0,0.8485383
0.0,0.3029499
1.0,0.80270576
0.0,0.079826295
0.0,0.14571324
1.0,0.87622094
0.0,0.1956402
0.0,0.3797824
0.0,0.07912868
1.0,0.8148849
0.0,0.03655404
0.0,0.015203953
1.0,0.91148615
1.0,0.88105845
0.0,0.034420878
0.0,0.41150695
0.0,0.018935084
1.0,0.14564636
0.0,0.7048557
0.0,0.014283091
0.0,0.07800016
0.0,0.024564147
0.0,0.017013043
1.0,0.18958282
0.0,0.23763853
0.0,0.0031242669
0.0,0.097527206
1.0,0.9773071
1.0,0.95568645
1.0,0.8893416
0.0,0.6653607
0.0,0.054587454
0.0,0.97123563
1.0,0.97809386
0.0,0.119559675
1.0,0.8278307
0.0,0.029420674
1.0,0.9718605
0.0,0.11575198
1.0,0.775429
0.0,0.9160348
1.0,0.3574201
0.0,0.7063775
0.0,0.10436982
1.0,0.6330105
1.0,0.9461551
1.0,0.9210122
0.0,0.2464563
1.0,0.9433259
1.0,0.45278892
1.0,0.27057844
0.0,0.010095209
1.0,0.8968873
0.0,0.032969445
0.0,0.95705783
1.0,0.70698273
0.0,0.35267463
0.0,0.017350107
0.0,0.038113207
0.0,0.19817397
0.0,0.7217518
1.0,0.94058573
1.0,0.9190261
0.0,0.60034144
0.0,0.7908423
0.0,0.030433536
1.0,0.98066413
0.0,0.791752
0.0,0.18987536
0.0,0.032868057
0.0,0.013233274
0.0,0.016452461
0.0,0.91766554
1.0,0.9083272
1.0,0.9871087
1.0,0.05387187
0.0,0.24578735
0.0,0.010290921
0.0,0.014214069
0.0,0.027125657
0.0,0.41213122
1.0,0.94397163
0.0,0.04339364
0.0,0.1917812
1.0,0.9669694
0.0,0.18119437
1.0,0.19988522
1.0,0.65710604
0.0,0.36987817
0.0,0.009222388
0.0,0.19404805
1.0,0.774634
0.0,0.27644315
0.0,0.010511279
1.0,0.9573823
1.0,0.8036207
0.0,0.011113077
0.0,0.07889667
0.0,0.81313354
0.0,0.0046527386
0.0,0.40448847
1.0,0.28117263
1.0,0.8801151
0.0,0.008236617
0.0,0.030474246
0.0,0.648804
0.0,0.14315376
1.0,0.9443281
0.0,0.0483374
1.0,0.9739492
0.0,0.17842925
1.0,0.987695
0.0,0.005670041
1.0,0.9195471
1.0,0.8248148
0.0,0.03840217
0.0,0.370525
0.0,0.0044748485
0.0,0.43664983
1.0,0.3866138
1.0,0.015081584
1.0,0.24862039
1.0,0.6577798
1.0,0.5211133
0.0,0.0047362745
1.0,0.88502467
1.0,0.6612851
0.0,0.023849696
0.0,0.03986296
0.0,0.094593495
1.0,0.8321775
1.0,0.98783726
0.0,0.73998785
0.0,0.019136548
1.0,0.91490674
0.0,0.008400321
0.0,0.024520487
1.0,0.96424294
0.0,0.7354577
0.0,0.19607145
1.0,0.26800218
1.0,0.89968956
0.0,0.016210705
0.0,0.059064895
0.0,0.10798511
1.0,0.9742703
1.0,0.9722544
0.0,0.7372292
0.0,0.5327313
1.0,0.96510565
1.0,0.8183643
0.0,0.015430033
0.0,0.20892161
0.0,0.07130778
1.0,0.25627744
1.0,0.67206734
0.0,0.02891764
0.0,0.028761923
1.0,0.9682077
0.0,0.014235079
0.0,0.029829562
0.0,0.24834001
0.0,0.79271483
1.0,0.90161383
0.0,0.84482414
0.0,0.014487892
0.0,0.47301596
0.0,0.2821982
0.0,0.07291517
1.0,0.8745527
1.0,0.86752737
0.0,0.49347755
1.0,0.9897716
0.0,0.20407778
1.0,0.9572529
1.0,0.053223252
1.0,0.9480697
0.0,0.005390793
0.0,0.74941146
0.0,0.058694363
1.0,0.96019816
0.0,0.04022926
1.0,0.964108
0.0,0.10178536
0.0,0.010270894
1.0,0.20431206
1.0,0.95880723
0.0,0.0042950213
1.0,0.8974074
0.0,0.042618155
1.0,0.92593026
0.0,0.0022214353
1.0,0.6766903
1.0,0.15373811
0.0,0.013471067
0.0,0.10303229
0.0,0.017673284
0.0,0.006542444
0.0,0.012315363
0.0,0.49892047
0.0,0.31814522
0.0,0.063943565
0.0,0.9396788
0.0,0.00819847
1.0,0.8844998
0.0,0.6588639
0.0,0.20130771
1.0,0.9765357
0.0,0.03295222
1.0,0.97466373
0.0,0.0065428913
1.0,0.9815407
0.0,0.0045410097
0.0,0.024320751
1.0,0.9931389
0.0,0.07388893
0.0,0.008689582
0.0,0.06751406
1.0,0.9643947
1.0,0.7290611
0.0,0.010501295
1.0,0.925106
1.0,0.4391642
1.0,0.9524373
0.0,0.23299268
1.0,0.18435803
1.0,0.8870818
0.0,0.28786713
1.0,0.41949123
1.0,0.7187821
0.0,0.042592943
0.0,0.0137296915
0.0,0.13756001
0.0,0.033533335
0.0,0.12677035
0.0,0.043987006
0.0,0.074481905
0.0,0.0015502572
1.0,0.96898526
0.0,0.3885598
0.0,0.032831818
0.0,0.027981788
0.0,0.11703673
1.0,0.7657403
0.0,0.005102068
1.0,0.84333676
0.0,0.28790474
0.0,0.01974997
1.0,0.48418355
1.0,0.63540125
0.0,0.3423178
0.0,0.2724776
1.0,0.8048346
0.0,0.92494464
0.0,0.04243532
1.0,0.8148759
1.0,0.5950118
1.0,0.6650975
1.0,0.7446902
0.0,0.23048624
0.0,0.0021509826
1.0,0.7350725
0.0,0.022251755
0.0,0.005490184
1.0,0.98378634
1.0,0.6674852
1.0,0.96495616
0.0,0.026373237
1.0,0.14683911
1.0,0.8925835
1.0,0.93228894
0.0,0.007835031
0.0,0.007309675
1.0,0.23636073
0.0,0.020219177
0.0,0.8867307
0.0,0.094417036
1.0,0.9441103
0.0,0.04186195
0.0,0.09547275
0.0,0.08526546
0.0,0.6435236
0.0,0.34691983
0.0,0.01199469
0.0,0.8007053
1.0,0.9824567
0.0,0.053637505
1.0,0.7737653
0.0,0.010442108
0.0,0.26372182
0.0,0.84407294
1.0,0.0232912
0.0,0.7886846
0.0,0.0021603107
0.0,0.010608077
0.0,0.11230609
0.0,0.13539085
1.0,0.9358691
0.0,0.28022516
1.0,0.9597881
0.0,0.13494721
0.0,0.10956466
0.0,0.024868995
0.0,0.8409945
0.0,0.09165478
0.0,0.52020574
0.0,0.16726455
0.0,0.030762732
1.0,0.9651673
0.0,0.07844007
1.0,0.73786014
1.0,0.36703598
0.0,0.06646466
0.0,0.067194134
1.0,0.94417137
0.0,0.017150253
1.0,0.7123532
1.0,0.90673363
0.0,0.029212207
1.0,0.6195662
0.0,0.014430881
1.0,0.9700477
0.0,0.07483205
0.0,0.17117172
1.0,0.50291765
0.0,0.80186504
0.0,0.013547301
0.0,0.67912245
1.0,0.67075884
1.0,0.9660362
0.0,0.0056048334
0.0,0.08775625
1.0,0.69999117
0.0,0.71903896
1.0,0.44064623
0.0,0.44616678
1.0,0.680273
0.0,0.5202716
0.0,0.12960994
0.0,0.8857508
0.0,0.037306875
0.0,0.08603251
1.0,0.01731208
0.0,0.45414943
1.0,0.7836889
0.0,0.00992465
1.0,0.3756892
0.0,0.009755284
0.0,0.0068073273
0.0,0.030124664
0.0,0.03138405
0.0,0.4642177
0.0,0.28430927
0.0,0.14127716
0.0,0.35513443
1.0,0.89802146
0.0,0.018793702
0.0,0.13712713
1.0,0.55920076
1.0,0.48006967
0.0,0.040619493
0.0,0.014077514
1.0,0.76358855
0.0,0.31307322
1.0,0.11858845
1.0,0.94098455
1.0,0.8927627
1.0,0.80721587
0.0,0.061435223
0.0,0.0059731305
1.0,0.88570464
0.0,0.12796038
1.0,0.95525396
1.0,0.7435847
1.0,0.94692254
0.0,0.2161032
0.0,0.016945302
0.0,0.14457485
0.0,0.022786409
1.0,0.7941426
1.0,0.8019006
0.0,0.15923637
0.0,0.1638932
0.0,0.124296546
0.0,0.20311615
1.0,0.08237028
1.0,0.72076774
1.0,0.7953156
0.0,0.706952
1.0,0.53581035
1.0,0.5486789
1.0,0.787497
1.0,0.97294533
0.0,0.5291256
0.0,0.31553102
0.0,0.7167832
0.0,0.033004284
1.0,0.8994205
1.0,0.9927685
1.0,0.7923393
1.0,0.82213676
0.0,0.053291947
0.0,0.018253684
0.0,0.07382515
0.0,0.17642021
1.0,0.90329665
0.0,0.01697117
0.0,0.01327011
0.0,0.2971985
0.0,0.0060596466
1.0,0.676746
1.0,0.8198576
1.0,0.9288555
0.0,0.06381431
0.0,0.48779148
1.0,0.82477856
1.0,0.9886221
0.0,0.020892471
1.0,0.93775374
0.0,0.63377327
1.0,0.9858458
1.0,0.9629565
1.0,0.3875692
0.0,0.020428658
0.0,0.24929678
1.0,0.9460364
0.0,0.26402578
0.0,0.28658205
1.0,0.9810668
0.0,0.09443286
0.0,0.04983574
0.0,0.07052016
1.0,0.7064668
0.0,0.42395717
0.0,0.3436972
1.0,0.7929425
0.0,0.5556097
0.0,0.034227252
0.0,0.09087753
0.0,0.1441676
1.0,0.74497473
0.0,0.6683053
0.0,0.015067846
0.0,0.006051421
1.0,0.59947133
0.0,0.0334436
0.0,0.008939892
1.0,0.66032374
0.0,0.18967077
0.0,0.01704225
1.0,0.9808749
1.0,0.68872654
0.0,0.0058210194
1.0,0.18221521
1.0,0.29487103
0.0,0.49238485
0.0,0.68585503
1.0,0.5551336
1.0,0.83396935
0.0,0.021535128
1.0,0.5925222
1.0,0.5730676
1.0,0.63429403
0.0,0.12562871
1.0,0.43558633
0.0,0.014081538
1.0,0.78648126
0.0,0.0038059354
1.0,0.9432776
0.0,0.75007945
0.0,0.058181256
1.0,0.83343256
0.0,0.043942124
1.0,0.92575395
1.0,0.7951727
1.0,0.9618557
1.0,0.9334134
0.0,0.16419491
1.0,0.023676276
0.0,0.47076875
0.0,0.0156264
0.0,0.023035765
0.0,0.1899761
1.0,0.96444136
0.0,0.023020536
0.0,0.31312898
0.0,0.39372855
0.0,0.34512886
1.0,0.9497707
0.0,0.30067867
0.0,0.0072677433
0.0,0.04472691
0.0,0.6001426
1.0,0.8324456
0.0,0.019590735
1.0,0.9394676
1.0,0.96324
0.0,0.7945448
0.0,0.011081755
0.0,0.014387399
1.0,0.9338516
0.0,0.0324277
1.0,0.029209495
1.0,0.6995779
1.0,0.9677646
0.0,0.626474
0.0,0.5959299
0.0,0.010377467
0.0,0.6795112
0.0,0.011243939
0.0,0.027519822
0.0,0.37428826
1.0,0.58631873
0.0,0.1281901
1.0,0.9643371
0.0,0.11368549
1.0,0.95788133
1.0,0.93879247
1.0,0.8372533
1.0,0.9298436
0.0,0.74570894
0.0,0.72218853
0.0,0.054349005
1.0,0.8903017
1.0,0.87768936
0.0,0.008188039
1.0,0.74249196
1.0,0.89894766
1.0,0.9629978
1.0,0.5646487
0.0,0.8299676
0.0,0.056896925
1.0,0.9751841
0.0,0.034058005
0.0,0.07123628
1.0,0.9767255
0.0,0.0074824095
0.0,0.73956054
0.0,0.24446619
0.0,0.008217841
0.0,0.044252932
1.0,0.97799575
0.0,0.0076417625
0.0,0.92132807
1.0,0.36499715
0.0,0.0630433
1.0,0.98187613
0.0,0.2331394
0.0,0.028677225
0.0,0.029007822
0.0,0.8432933
1.0,0.6942864
0.0,0.0849182
0.0,0.224448
1.0,0.8175052
1.0,0.7821603
0.0,0.033173114
0.0,0.0144920945
0.0,0.010573119
1.0,0.79179746
0.0,0.023903936
1.0,0.86221015
1.0,0.8829157
1.0,0.2621317
1.0,0.8605157
1.0,0.8811346
0.0,0.89350647
1.0,0.8084856
1.0,0.9127815
0.0,0.034647226
0.0,0.025393754
0.0,0.025143683
1.0,0.7187102
0.0,0.024211526
0.0,0.036788374
0.0,0.21093479
1.0,0.9919628
0.0,0.10331163
1.0,0.9177443
0.0,0.12156165
0.0,0.79624236
0.0,0.09359437
0.0,0.03193471
0.0,0.04519391
1.0,0.40218505
1.0,0.98276293
0.0,0.045982093
0.0,0.11738545
1.0,0.81465185
0.0,0.002128452
1.0,0.92673934
0.0,0.048272848
0.0,0.02945891
0.0,0.02957964
1.0,0.97062624
1.0,0.78900415
0.0,0.039563507
0.0,0.20621532
1.0,0.7055085
0.0,0.19763857
0.0,0.091974646
1.0,0.9117216
1.0,0.99299455
1.0,0.9200192
0.0,0.06816286
1.0,0.9080499
1.0,0.9522424
0.0,0.19113982
0.0,0.1687257
0.0,0.0037051737
0.0,0.047501117
0.0,0.005820185
0.0,0.1503464
1.0,0.82432425
1.0,0.75987583
0.0,0.102024496
0.0,0.17966437
0.0,0.17856884
0.0,0.15913078
1.0,0.8865434
0.0,0.6952548
0.0,0.011033177
0.0,0.81638944
0.0,0.9177116
1.0,0.30185735
0.0,0.00349468
0.0,0.7806879
1.0,0.9166278
0.0,0.14796996
0.0,0.34780425
0.0,0.029545933
0.0,0.0040600896
1.0,0.92150474
1.0,0.79454666
0.0,0.08787757
0.0,0.93948233
0.0,0.00734967
0.0,0.9778894
0.0,0.95361245
0.0,0.0445292
0.0,0.0049488842
0.0,0.15917769
1.0,0.025667965
0.0,0.046411037
1.0,0.16993546
0.0,0.9187493
0.0,0.0049652755
0.0,0.06754041
0.0,0.09461331
0.0,0.40515965
0.0,0.35287562
1.0,0.9260857
0.0,0.014235556
0.0,0.6796572
0.0,0.06237504
1.0,0.5698107
1.0,0.74744207
0.0,0.053200513
0.0,0.5332789
0.0,0.010209113
1.0,0.98270345
1.0,0.82495403
1.0,0.96329343
0.0,0.03115949
1.0,0.99144125
0.0,0.054703355
0.0,0.019099116
0.0,0.04668829
1.0,0.08362773
0.0,0.0040386617
0.0,0.044171393
1.0,0.9833375
1.0,0.08787021
0.0,0.19693327
1.0,0.99214196
0.0,0.023804814
1.0,0.8050392
0.0,0.07463777
1.0,0.80069804
0.0,0.9650476
0.0,0.12237495
1.0,0.94291437
0.0,0.010214061
0.0,0.13403025
0.0,0.013227373
0.0,0.016379744
0.0,0.12534839
0.0,0.01985386
1.0,0.7656903
1.0,0.7117199
0.0,0.40159118
0.0,0.040075928
0.0,0.018061548
0.0,0.24976063
1.0,0.9760995
0.0,0.023430943
0.0,0.5015011
0.0,0.6910557
0.0,0.43924472
0.0,0.0011707246
1.0,0.9452206
1.0,0.97101533
0.0,0.0028452873
0.0,0.056727618
0.0,0.077307165
0.0,0.049818993
1.0,0.79695344
0.0,0.8253548
0.0,0.29193574
0.0,0.009679407
1.0,0.74122024
0.0,0.015805632
0.0,0.063936085
1.0,0.9698725
0.0,0.02520436
0.0,0.35234624
1.0,0.558041
1.0,0.5424719
1.0,0.8827107
0.0,0.0048900843
0.0,0.02244091
0.0,0.47771665
0.0,0.013825327
1.0,0.81368834
0.0,0.3486923
1.0,0.67310196
0.0,0.0068371296
0.0,0.0015889704
0.0,0.06315565
1.0,0.86423004
0.0,0.56623304
0.0,0.2090615
0.0,0.34286672
1.0,0.71935517
0.0,0.022773743
0.0,0.101904064
0.0,0.0022215545
1.0,0.49128443
0.0,0.017503142
0.0,0.010992736
1.0,0.29038757
1.0,0.9778343
0.0,0.005972564
1.0,0.976532
1.0,0.99076796
1.0,0.78896505
1.0,0.96514297
0.0,0.06498429
1.0,0.9156792
0.0,0.9845151
1.0,0.040920317
0.0,0.008561015
1.0,0.42620808
0.0,0.34732926
1.0,0.64659375
1.0,0.9946451
1.0,0.50224936
0.0,0.0075199306
0.0,0.95306945
0.0,0.58391273
0.0,0.060884923
0.0,0.025355041
0.0,0.36711073
1.0,0.9644223
1.0,0.96618676
1.0,0.5293583
0.0,0.012694597
0.0,0.012102336
0.0,0.07540032
0.0,0.08843756
1.0,0.048912346
0.0,0.17959705
0.0,0.0066489875
0.0,0.031585574
0.0,0.28764814
1.0,0.9447609
0.0,0.83787495
0.0,0.7887144
0.0,0.6372277
1.0,0.5858743
0.0,0.07231927
0.0,0.099782676
1.0,0.33817762
0.0,0.6646005
1.0,0.30111033
0.0,0.07336384
0.0,0.4358521
0.0,0.019809276
0.0,0.03304276
0.0,0.0013503432
1.0,0.81555706
0.0,0.047761053
0.0,0.051912457
1.0,0.95548433
1.0,0.9449836
0.0,0.24219379
1.0,0.035785228
0.0,0.7207761
0.0,0.042711407
1.0,0.9746015
0.0,0.0033632815
0.0,0.14282513
0.0,0.03245023
0.0,0.03818783
1.0,0.9719987
1.0,0.944875
1.0,0.8207376
1.0,0.9771445
0.0,0.0220474
0.0,0.017540395
0.0,0.079404324
1.0,0.9372544
0.0,0.16196093
0.0,0.06477174
1.0,0.9221039
1.0,0.08442819
1.0,0.8016429
0.0,0.019248217
0.0,0.13703275
0.0,0.8538394
1.0,0.975036
1.0,0.9233905
1.0,0.827144
0.0,0.37488493
0.0,0.016867489
0.0,0.008033425
1.0,0.9098885
1.0,0.12613377
0.0,0.20775056
1.0,0.9462529
1.0,0.6362907
1.0,0.9452269
1.0,0.7016127
0.0,0.033782333
0.0,0.05425507
1.0,0.39011073
1.0,0.7436761
0.0,0.48829746
0.0,0.020710707
0.0,0.003286332
0.0,0.020598888
0.0,0.02062887
0.0,0.71606636
0.0,0.015282869
0.0,0.12425125
1.0,0.7702208
1.0,0.77757174
0.0,0.8572053
1.0,0.9768466
0.0,0.010985196
1.0,0.8774016
0.0,0.0788728
1.0,0.95386595
0.0,0.0009549558
0.0,0.012586772
0.0,0.0065957904
0.0,0.29109865
1.0,0.14281282
1.0,0.9454712
0.0,0.038223118
0.0,0.110872805
1.0,0.23633239
0.0,0.07368922
1.0,0.9290434
1.0,0.90378034
0.0,0.02051276
0.0,0.13879138
0.0,0.3308395
0.0,0.98310804
0.0,0.86720455
0.0,0.009075612
0.0,0.20170122
0.0,0.030718833
1.0,0.814786
1.0,0.98200047
1.0,0.8750639
1.0,0.6982653
0.0,0.012293845
0.0,0.4116348
1.0,0.809481
0.0,0.870337
0.0,0.10660419
0.0,0.042577267
1.0,0.5242353
1.0,0.14524594
0.0,0.07109511
1.0,0.9366946
1.0,0.95182204
0.0,0.006491065
0.0,0.050990492
1.0,0.9644904
0.0,0.015655637
0.0,0.5760769
0.0,0.0044504404
0.0,0.21217743
1.0,0.20897779
0.0,0.021684498
0.0,0.049324483
0.0,0.2620942
1.0,0.42038473
0.0,0.010234624
0.0,0.06696898
1.0,0.96475863
0.0,0.014020592
0.0,0.6504331
0.0,0.8827433
1.0,0.973053
1.0,0.31657404
1.0,0.20717469
0.0,0.037147015
0.0,0.5744937
1.0,0.18813956
0.0,0.0109550655
0.0,0.00399217
0.0,0.72190714
0.0,0.09325975
1.0,0.31770852
0.0,0.111236036
0.0,0.7748205
1.0,0.8838923
0.0,0.049201667
0.0,0.029288799
0.0,0.74546033
0.0,0.19770122
1.0,0.64112884
1.0,0.9789623
0.0,0.74843353
1.0,0.70322365
0.0,0.040471464
0.0,0.08014172
0.0,0.004539311
1.0,0.72985303
0.0,0.017783642
0.0,0.010662049
1.0,0.86227643
1.0,0.64722174
1.0,0.83281684
0.0,0.34871003
1.0,0.7699932
1.0,0.9463767
0.0,0.0018880069
0.0,0.86643815
0.0,0.58890325
1.0,0.676496
0.0,0.24578926
0.0,0.13865733
0.0,0.023656577
0.0,0.008674741
0.0,0.019865394
0.0,0.17960113
0.0,0.106398344
0.0,0.7628498
0.0,0.5260058
1.0,0.85637796
1.0,0.6739017
1.0,0.84306073
0.0,0.008023351
1.0,0.9691483
0.0,0.35786432
0.0,0.030105472
1.0,0.9845209
0.0,0.14453843
0.0,0.013086081
0.0,0.4547458
0.0,0.03477493
0.0,0.61485153
0.0,0.754977
0.0,0.1283868
1.0,0.9587097
0.0,0.0069483817
0.0,0.0068879128
0.0,0.03392178
1.0,0.94268394
1.0,0.88366866
0.0,0.6117445
1.0,0.68743813
0.0,0.015736938
1.0,0.46405935
0.0,0.15900162
0.0,0.022204429
1.0,0.13790354
0.0,0.010948241
0.0,0.013456941
1.0,0.8079213
0.0,0.19163021
1.0,0.024477929
0.0,0.5056351
0.0,0.024567664
1.0,0.86484563
0.0,0.016478717
0.0,0.05995336
0.0,0.94173384
0.0,0.00810951
0.0,0.0032794774
1.0,0.93959045
0.0,0.008599013
0.0,0.4159115
0.0,0.012405813
1.0,0.70963967
0.0,0.9479755
0.0,0.20707467
1.0,0.66749686
0.0,0.014181137
0.0,0.011180013
0.0,0.1838013
0.0,0.2221826
1.0,0.8824798
0.0,0.035004437
0.0,0.016882509
0.0,0.014457554
0.0,0.010314852
0.0,0.75361276
1.0,0.8241899
1.0,0.7783195
0.0,0.015517503
1.0,0.89524996
0.0,0.052889764
0.0,0.019441664
0.0,0.022523284
0.0,0.06495774
1.0,0.9118869
0.0,0.011242807
0.0,0.011250496
0.0,0.56585836
0.0,0.12629467
0.0,0.22701943
0.0,0.016015828
0.0,0.002721697
0.0,0.015622616
0.0,0.006406516
0.0,0.97952247
1.0,0.3519316
0.0,0.04157138
0.0,0.21232778
0.0,0.07213062
1.0,0.95957303
0.0,0.19012749
1.0,0.8709878
0.0,0.038677335
0.0,0.025380403
0.0,0.10834172
1.0,0.9755902
1.0,0.98693645
1.0,0.724989
1.0,0.8130589
0.0,0.0997701
0.0,0.034457088
1.0,0.9703904
1.0,0.97291696
0.0,0.023173422
0.0,0.22968146
0.0,0.7450187
1.0,0.86045337
0.0,0.054576784
0.0,0.02000764
0.0,0.16067588
0.0,0.019549727
1.0,0.7061842
1.0,0.95222974
0.0,0.0033076108
1.0,0.73963094
0.0,0.018007815
0.0,0.031159371
0.0,0.0052972436
0.0,0.01638645
0.0,0.03657961
1.0,0.7855084
0.0,0.02110666
0.0,0.330669
0.0,0.82698005
0.0,0.13258201
0.0,0.7919698
1.0,0.9407792
0.0,0.021250635
0.0,0.037877023
1.0,0.85258806
0.0,0.65291494
0.0,0.004057944
1.0,0.9772866
1.0,0.7239896
0.0,0.019897252
1.0,0.79861593
0.0,0.6967637
1.0,0.69498193
1.0,0.996163
0.0,0.03556475
1.0,0.8431755
0.0,0.06941798
0.0,0.10666168
0.0,0.7814268
0.0,0.2748317
0.0,0.04346472
0.0,0.023092091
0.0,0.20072913
1.0,0.9797735
0.0,0.15717843
0.0,0.063085645
0.0,0.25156486
0.0,0.2246652
1.0,0.9291677
0.0,0.02792272
0.0,0.69501853
0.0,0.018180639
0.0,0.028932065
0.0,0.036017597
0.0,0.8503468
1.0,0.30979607
0.0,0.17275846
1.0,0.9030143
0.0,0.019736052
1.0,0.74405694
0.0,0.011334747
0.0,0.014106244
0.0,0.026285976
0.0,0.9167197
0.0,0.53057736
0.0,0.13965079
0.0,0.42251128
0.0,0.008627236
0.0,0.8040975
0.0,0.9207525
1.0,0.9563765
0.0,0.8817251
0.0,0.043831676
1.0,0.9940264
0.0,0.018088937
0.0,0.012690157
0.0,0.0049949884
1.0,0.84906435
1.0,0.82675266
1.0,0.45877016
1.0,0.95409024
0.0,0.47770637
1.0,0.8298348
0.0,0.2138716
1.0,0.7143056
0.0,0.07570407
0.0,0.9556434
0.0,0.04215932
0.0,0.04073605
0.0,0.033307344
1.0,0.9722024
1.0,0.54758
0.0,0.9593729
1.0,0.70071137
0.0,0.007917762
1.0,0.96407837
0.0,0.038265407
0.0,0.034126163
0.0,0.96198094
0.0,0.38476887
0.0,0.07080874
0.0,0.010784447
1.0,0.98826355
0.0,0.0053871274
1.0,0.95893514
1.0,0.96955305
1.0,0.9517634
0.0,0.014210194
0.0,0.9842261
0.0,0.035239726
0.0,0.1559017
0.0,0.029461175
1.0,0.8447466
0.0,0.283446
0.0,0.05596724
0.0,0.043943226
0.0,0.01361534
0.0,0.01122573
0.0,0.25302628
0.0,0.63727725
0.0,0.012759447
0.0,0.21506852
1.0,0.98198307
0.0,0.4902565
0.0,0.024552703
0.0,0.015987366
0.0,0.034080297
1.0,0.93661976
0.0,0.5261473
1.0,0.9045292
0.0,0.68057775
1.0,0.9950609
1.0,0.9613433
0.0,0.002999276
0.0,0.42062432
0.0,0.04031077
0.0,0.13264036
0.0,0.011289626
0.0,0.7952262
1.0,0.96877277
0.0,0.01951325
1.0,0.3743425
0.0,0.747192
0.0,0.0076919496
0.0,0.048152894
1.0,0.9759104
0.0,0.01273787
1.0,0.9883878
0.0,0.004740089
0.0,0.052609384
0.0,0.64082515
0.0,0.47555223
0.0,0.1539726
0.0,0.10725519
1.0,0.8428703
1.0,0.90039325
0.0,0.13675219
0.0,0.04256919
0.0,0.06486431
1.0,0.9031682
0.0,0.05943927
1.0,0.6052626
0.0,0.14472869
1.0,0.9189737
1.0,0.97340703
0.0,0.06648272
0.0,0.15032601
0.0,0.015865266
1.0,0.753554
0.0,0.20554966
0.0,0.8668585
1.0,0.93673277
1.0,0.8178066
0.0,0.27178925
0.0,0.042404473
1.0,0.91130996
0.0,0.07731402
0.0,0.034730285
0.0,0.018694162
1.0,0.7180386
0.0,0.050985992
0.0,0.11953211
1.0,0.96041465
1.0,0.8527247
0.0,0.5611175
0.0,0.024427265
0.0,0.042521477
1.0,0.95928925
1.0,0.97196424
1.0,0.72091854
0.0,0.08489004
0.0,0.020418704
0.0,0.3591684
0.0,0.003172934
1.0,0.8837998
0.0,0.029276699
0.0,0.5137481
0.0,0.044576555
0.0,0.7941983
0.0,0.1708591
0.0,0.0037178695
0.0,0.4706691
0.0,0.023999095
0.0,0.008697152
1.0,0.14335221
1.0,0.8711091
0.0,0.4738053
0.0,0.35656297
1.0,0.091979414
0.0,0.001939863
1.0,0.93836886
0.0,0.06297198
0.0,0.014496535
1.0,0.96844643
1.0,0.9772507
0.0,0.84811187
0.0,0.32690197
1.0,0.30519313
0.0,0.21173304
0.0,0.30745542
0.0,0.98846555
0.0,0.09360719
1.0,0.80089736
1.0,0.303556
0.0,0.41063935
0.0,0.0054765046
0.0,0.07813543
1.0,0.9320092
0.0,0.050789654
1.0,0.5589844
0.0,0.20159644
1.0,0.87082434
1.0,0.6317129
0.0,0.431923
1.0,0.3654334
0.0,0.63867474
0.0,0.01659301
1.0,0.9677727
1.0,0.22238076
0.0,0.015338898
0.0,0.31721333
0.0,0.8293941
0.0,0.62270844
1.0,0.97069645
0.0,0.2008403
0.0,0.28126222
0.0,0.031270444
1.0,0.96067804
0.0,0.025386482
0.0,0.60439587
1.0,0.94785964
0.0,0.0016282499
0.0,0.8909366
0.0,0.24497792
1.0,0.4369179
0.0,0.14962438
1.0,0.9335029
0.0,0.03615746
1.0,0.13355386
1.0,0.46997675
1.0,0.96713763
1.0,0.7728344
0.0,0.0028306544
1.0,0.85199964
0.0,0.034371614
1.0,0.98542917
1.0,0.86012244
0.0,0.31377864
1.0,0.67908275
0.0,0.020811766
1.0,0.41720468
1.0,0.34343195
0.0,0.06461018
0.0,0.95288086
1.0,0.9917612
1.0,0.33290404
0.0,0.104821295
0.0,0.26081038
0.0,0.0021660924
0.0,0.021395504
0.0,0.23142067
1.0,0.8881106
1.0,0.89570147
1.0,0.28423575
1.0,0.8384237
1.0,0.9821175
1.0,0.9903728
0.0,0.48626298
1.0,0.95286083
0.0,0.022015244
0.0,0.068791956
0.0,0.10399714
1.0,0.16228908
1.0,0.71214515
0.0,0.071290016
0.0,0.022883713
0.0,0.9373107
1.0,0.78037274
1.0,0.7563678
1.0,0.78834665
0.0,0.06449434
0.0,0.9638423
0.0,0.03303337
0.0,0.42880797
0.0,0.016145855
0.0,0.027564347
1.0,0.98022884
1.0,0.8940812
0.0,0.015878886
0.0,0.1851672
0.0,0.4402988
0.0,0.544944
0.0,0.45161304
0.0,0.31487435
0.0,0.82029784
1.0,0.9305409
0.0,0.04386148
1.0,0.8776468
0.0,0.057295054
0.0,0.80200946
0.0,0.06326628
0.0,0.8604872
1.0,0.9221735
1.0,0.7662579
1.0,0.6569359
1.0,0.62362105
0.0,0.0045754313
0.0,0.7106215
1.0,0.5711674
1.0,0.89821315
0.0,0.18880516
0.0,0.024151921
0.0,0.077858955
1.0,0.29383063
0.0,0.013946235
1.0,0.1646559
0.0,0.018431783
0.0,0.058243603
0.0,0.030015081
0.0,0.029534966
0.0,0.36613217
0.0,0.018638313
0.0,0.350542
1.0,0.9268215
0.0,0.016483694
0.0,0.4668169
0.0,0.09146583
1.0,0.50656587
0.0,0.069208026
1.0,0.97596693
0.0,0.013394415
0.0,0.06889376
0.0,0.009101599
0.0,0.6090189
0.0,0.11628333
0.0,0.010930151
1.0,0.91249824
0.0,0.44092494
1.0,0.86739504
1.0,0.8379783
0.0,0.035048097
0.0,0.2119411
1.0,0.8927795
1.0,0.99326986
0.0,0.32249913
0.0,0.3689861
0.0,0.024339437
0.0,0.073132664
0.0,0.017305732
1.0,0.8710519
0.0,0.07608387
1.0,0.4700728
1.0,0.30651155
0.0,0.81720525
0.0,0.35460678
0.0,0.039411396
0.0,0.02343449
0.0,0.83923936
0.0,0.0050055385
0.0,0.21487135
0.0,0.89425135
1.0,0.714914
1.0,0.7861394
0.0,0.052618414
0.0,0.028431028
0.0,0.71421164
1.0,0.87944555
0.0,0.015406787
0.0,0.02688229
1.0,0.7161499
1.0,0.89113593
0.0,0.2929331
0.0,0.10830638
0.0,0.040000707
1.0,0.956409
0.0,0.079987526
1.0,0.84552324
1.0,0.35961813
0.0,0.022235096
0.0,0.021553278
0.0,0.055986255
1.0,0.6096318
0.0,0.3635096
1.0,0.5842325
0.0,0.020959228
1.0,0.93298626
0.0,0.20301473
0.0,0.03545916
0.0,0.005405158
1.0,0.9920667
0.0,0.69334185
1.0,0.9570736
1.0,0.4950547
0.0,0.006883383
1.0,0.24862629
0.0,0.12904164
1.0,0.28950602
0.0,0.020828605
1.0,0.94829404
0.0,0.0065873563
1.0,0.81822425
1.0,0.94720244
1.0,0.9929958
0.0,0.024864346
1.0,0.9232652
1.0,0.743946
0.0,0.06699398
1.0,0.95319957
1.0,0.37645075
1.0,0.15193465
0.0,0.4665969
0.0,0.104883
0.0,0.84980303
0.0,0.07662967
