0.0,0.7012012
0.0,0.9489991
1.0,0.5397868
0.0,0.33036917
1.0,0.61354566
0.0,0.11733955
1.0,0.9779986
1.0,0.82552063
1.0,0.940549
0.0,0.25522277
0.0,0.53088325
1.0,0.96441126
0.0,0.006260693
0.0,0.2519697
0.0,0.06056124
0.0,0.010643572
1.0,0.7383078
0.0,0.25785756
0.0,0.07698253
1.0,0.89593583
1.0,0.68917674
0.0,0.0123877525
1.0,0.85198134
0.0,0.38297188
0.0,0.04524806
1.0,0.82345414
0.0,0.62640566
1.0,0.9560121
0.0,0.006177217
1.0,0.8797442
0.0,0.022458822
0.0,0.40039924
1.0,0.9600627
1.0,0.9984967
1.0,0.9831223
1.0,0.96824604
1.0,0.8710298
0.0,0.043357134
1.0,0.9875443
1.0,0.072006255
1.0,0.9722948
1.0,0.98120105
0.0,0.010342449
1.0,0.83074665
1.0,0.9437247
0.0,0.077995986
0.0,0.016995788
0.0,0.25265336
0.0,0.024412483
1.0,0.99066985
0.0,0.3793304
1.0,0.8694906
1.0,0.99523056
1.0,0.9704207
0.0,0.13990328
0.0,0.044054538
0.0,0.7321763
1.0,0.21498883
1.0,0.9475922
1.0,0.5676009
1.0,0.99105173
0.0,0.579658
1.0,0.99634606
1.0,0.90794504
1.0,0.9656502
0.0,0.43219805
0.0,0.5921526
1.0,0.96283376
0.0,0.024577469
1.0,0.98328805
0.0,0.26421982
1.0,0.9203253
0.0,0.018152207
0.0,0.051303476
1.0,0.5714184
0.0,0.8542751
0.0,0.01948741
0.0,0.3659924
0.0,0.34176624
1.0,0.99702024
0.0,0.10749695
1.0,0.99255157
1.0,0.9735037
1.0,0.9995358
1.0,0.99425435
1.0,0.92331976
1.0,0.9923539
0.0,0.4560727
0.0,0.16099137
1.0,0.93090004
0.0,0.051585853
1.0,0.77887785
0.0,0.15603161
0.0,0.87919044
0.0,0.28184775
1.0,0.99050075
0.0,0.07695174
0.0,0.10725969
1.0,0.61234176
1.0,0.99899256
0.0,0.042568386
0.0,0.3743741
1.0,0.040268034
0.0,0.39664435
0.0,0.19179606
1.0,0.96684706
1.0,0.16074425
0.0,0.1489228
1.0,0.12565082
1.0,0.9940314
1.0,0.98881894
0.0,0.11904919
1.0,0.058983564
0.0,0.3293082
0.0,0.0655373
1.0,0.6251365
0.0,0.033747017
1.0,0.9233618
1.0,0.73395675
1.0,0.984493
0.0,0.52266216
1.0,0.98057306
0.0,0.96356195
0.0,0.05269164
0.0,0.49294254
1.0,0.84440374
0.0,0.014430493
0.0,0.27408326
1.0,0.9830987
1.0,0.6340288
1.0,0.9869349
0.0,0.48611885
0.0,0.031430095
1.0,0.8988911
1.0,0.9990437
0.0,0.9816163
0.0,0.048700184
0.0,0.116604656
0.0,0.22704414
0.0,0.2196582
1.0,0.9827901
0.0,0.20034939
1.0,0.12386829
0.0,0.012775242
0.0,0.10515663
0.0,0.013972312
1.0,0.7723258
0.0,0.063171774
0.0,0.099888176
0.0,0.07733399
0.0,0.24120218
0.0,0.029941529
0.0,0.025700778
0.0,0.94442564
0.0,0.47534862
1.0,0.98042154
0.0,0.01838389
0.0,0.09609479
1.0,0.9989642
0.0,0.10349825
0.0,0.50722414
0.0,0.42759976
0.0,0.040450364
0.0,0.38958153
1.0,0.9992645
0.0,0.2425381
1.0,0.8042823
0.0,0.29051816
0.0,0.051526427
1.0,0.9304432
0.0,0.9636351
0.0,0.993113
0.0,0.9592135
0.0,0.008133888
1.0,0.9047246
1.0,0.94949484
0.0,0.13759622
1.0,0.68891615
0.0,0.6190559
1.0,0.93414116
1.0,0.90836
1.0,0.8813633
1.0,0.9722916
1.0,0.9674447
0.0,0.8479605
0.0,0.0024363995
0.0,0.065944254
0.0,0.99152505
0.0,0.5675273
0.0,0.0853816
1.0,0.20777634
0.0,0.0072610676
0.0,0.9831904
1.0,0.963374
1.0,0.9384436
1.0,0.9792244
0.0,0.09278521
0.0,0.67362905
0.0,0.075683296
1.0,0.076975584
0.0,0.6919222
0.0,0.76872927
0.0,0.9300603
0.0,0.7911828
0.0,0.31279528
1.0,0.2571386
0.0,0.10173032
1.0,0.21788427
0.0,0.0061184466
0.0,0.49605882
0.0,0.06117934
1.0,0.98921424
0.0,0.45547783
0.0,0.32752258
0.0,0.08824432
0.0,0.029835403
0.0,0.9706117
0.0,0.15271339
1.0,0.9987208
0.0,0.07075089
0.0,0.057367414
1.0,0.9254854
1.0,0.9868783
0.0,0.2696988
0.0,0.045072854
0.0,0.016313583
0.0,0.48886877
0.0,0.0371058
0.0,0.19950345
1.0,0.994586
0.0,0.16414577
1.0,0.13586205
0.0,0.04526949
1.0,0.9352714
1.0,0.6717607
0.0,0.16757724
0.0,0.07058853
0.0,0.13755569
1.0,0.8899243
1.0,0.7922709
1.0,0.98875093
1.0,0.8563221
0.0,0.02564615
0.0,0.8332068
1.0,0.99816024
0.0,0.6960747
0.0,0.04420057
0.0,0.037886858
0.0,0.37226725
0.0,0.23698854
0.0,0.08447689
0.0,0.38291803
1.0,0.8318901
0.0,0.08048126
0.0,0.5291311
0.0,0.05563304
1.0,0.9692652
1.0,0.9669396
0.0,0.055732608
0.0,0.1500758
0.0,0.06694034
1.0,0.96482295
0.0,0.053443164
0.0,0.004658699
0.0,0.091165155
0.0,0.039831817
1.0,0.99647826
1.0,0.8585504
1.0,0.9978498
0.0,0.04336977
1.0,0.97429556
0.0,0.03345856
0.0,0.19447875
0.0,0.94833046
1.0,0.8824083
1.0,0.7943748
0.0,0.022416681
0.0,0.05012822
1.0,0.9735942
1.0,0.66214496
0.0,0.15025291
1.0,0.7109858
1.0,0.9968376
0.0,0.9118759
0.0,0.5168338
0.0,0.08090967
0.0,0.08672342
0.0,0.50868654
0.0,0.06372541
1.0,0.99400085
0.0,0.18070766
0.0,0.0481233
1.0,0.99796647
0.0,0.27033818
1.0,0.9957335
1.0,0.3764089
1.0,0.95596236
1.0,0.96120024
1.0,0.9360864
0.0,0.20729461
1.0,0.98313606
0.0,0.6806386
1.0,0.9976962
0.0,0.76486075
0.0,0.66601175
0.0,0.036405772
0.0,0.38751876
0.0,0.56524026
1.0,0.992056
0.0,0.92762303
1.0,0.69027436
0.0,0.9427695
1.0,0.9493041
1.0,0.99626803
0.0,0.024359018
0.0,0.051786542
0.0,0.03774911
1.0,0.98371446
1.0,0.1961309
0.0,0.008417636
0.0,0.012449086
0.0,0.013334572
0.0,0.15683374
1.0,0.9838702
1.0,0.90945446
0.0,0.1332038
0.0,0.80166507
1.0,0.9262256
1.0,0.97360396
1.0,0.8446552
0.0,0.07111898
0.0,0.9416094
0.0,0.017641276
0.0,0.8565604
1.0,0.9887434
1.0,0.8515861
0.0,0.1431506
0.0,0.43969887
0.0,0.043716192
0.0,0.7704594
0.0,0.00751999
0.0,0.2359274
1.0,0.4921249
0.0,0.1363141
0.0,0.026450515
0.0,0.19015172
0.0,0.91114306
0.0,0.74736416
0.0,0.25530064
0.0,0.024374574
1.0,0.9435638
0.0,0.067744344
1.0,0.966777
0.0,0.013847947
0.0,0.37169188
0.0,0.14142448
0.0,0.015817314
0.0,0.965865
1.0,0.5488088
1.0,0.9332214
0.0,0.7316536
1.0,0.5478049
0.0,0.019138902
0.0,0.75950956
0.0,0.649341
0.0,0.93412066
0.0,0.07503188
0.0,0.0028558671
1.0,0.5435899
0.0,0.089466274
1.0,0.9924694
0.0,0.18035328
1.0,0.75780475
0.0,0.3697583
1.0,0.54012895
1.0,0.94718516
1.0,0.99342644
0.0,0.047005147
0.0,0.15057677
1.0,0.9897227
0.0,0.056555867
0.0,0.13285363
1.0,0.108938575
1.0,0.98293614
0.0,0.5920262
1.0,0.8638875
1.0,0.99606013
0.0,0.85861355
0.0,0.113950044
0.0,0.31436414
0.0,0.06858125
0.0,0.042393416
0.0,0.29142725
1.0,0.99543273
0.0,0.35286814
1.0,0.94799244
1.0,0.40516886
0.0,0.33204043
0.0,0.33274403
0.0,0.7856636
1.0,0.99724483
1.0,0.97453463
1.0,0.7256204
0.0,0.28142905
1.0,0.9969405
1.0,0.98666704
0.0,0.0076794624
0.0,0.32882184
0.0,0.89965093
0.0,0.5014891
1.0,0.9888999
0.0,0.046325058
1.0,0.7848291
0.0,0.93199
0.0,0.13620648
0.0,0.1097714
0.0,0.08572087
0.0,0.04376155
0.0,0.07338357
0.0,0.04622534
0.0,0.022166908
0.0,0.1552391
0.0,0.47432676
0.0,0.21005791
0.0,0.057828248
0.0,0.75774854
0.0,0.067275286
1.0,0.7888597
0.0,0.713223
1.0,0.99204874
0.0,0.19098547
0.0,0.013948202
0.0,0.10195899
0.0,0.9739981
0.0,0.5703248
0.0,0.3917246
0.0,0.5591295
0.0,0.016209781
0.0,0.043563932
0.0,0.0625343
0.0,0.6308158
1.0,0.906837
0.0,0.14090928
0.0,0.0393489
0.0,0.7552296
0.0,0.1858004
1.0,0.2901629
0.0,0.93792915
1.0,0.6938879
0.0,0.07966477
0.0,0.7226752
1.0,0.9855237
0.0,0.9042011
1.0,0.95214087
1.0,0.9813968
1.0,0.79906404
1.0,0.9900497
0.0,0.045780987
1.0,0.9142072
0.0,0.04764408
0.0,0.04489979
0.0,0.964474
1.0,0.9989644
0.0,0.05997795
0.0,0.023229927
1.0,0.38688526
1.0,0.9940172
0.0,0.47717234
0.0,0.00779891
1.0,0.9210211
0.0,0.28875816
1.0,0.93918616
0.0,0.7360753
0.0,0.4434801
1.0,0.96397156
0.0,0.9484741
0.0,0.01871401
1.0,0.3273611
0.0,0.11383629
1.0,0.99690604
0.0,0.032026887
1.0,0.7836842
1.0,0.6375705
1.0,0.92807436
1.0,0.9855488
0.0,0.5098483
0.0,0.14710352
1.0,0.8716873
0.0,0.08912948
0.0,0.7684563
1.0,0.8331537
1.0,0.96707773
1.0,0.95148754
0.0,0.09020817
1.0,0.9928677
1.0,0.9027641
0.0,0.17617473
1.0,0.996776
0.0,0.72541237
1.0,0.66126305
1.0,0.97502244
0.0,0.76791394
0.0,0.536917
1.0,0.5680882
0.0,0.7144825
1.0,0.9920834
0.0,0.47213072
0.0,0.02934295
0.0,0.7409282
1.0,0.9995873
0.0,0.025583893
0.0,0.054880887
0.0,0.96997595
1.0,0.7349757
0.0,0.12247884
0.0,0.0467979
0.0,0.26230383
0.0,0.9649844
1.0,0.923767
1.0,0.978035
0.0,0.08295497
0.0,0.4285718
0.0,0.33369726
0.0,0.13161427
0.0,0.2030302
1.0,0.97328657
0.0,0.10787389
1.0,0.97096735
0.0,0.9801444
0.0,0.26101702
1.0,0.878201
0.0,0.2269353
0.0,0.3836677
0.0,0.038116843
0.0,0.06429228
0.0,0.21989402
0.0,0.036479145
0.0,0.030717164
0.0,0.21616697
1.0,0.92871296
1.0,0.99749404
0.0,0.019151896
0.0,0.091394454
1.0,0.9986589
0.0,0.06407261
1.0,0.9616004
0.0,0.33464408
0.0,0.022767633
1.0,0.9192023
0.0,0.2022982
1.0,0.9089682
0.0,0.9146776
1.0,0.72591174
0.0,0.031514794
0.0,0.11024061
0.0,0.98093325
1.0,0.9822622
0.0,0.00953415
0.0,0.15274704
0.0,0.02597177
0.0,0.98539567
1.0,0.7877314
0.0,0.06275648
0.0,0.013967186
1.0,0.9964882
1.0,0.26920885
0.0,0.22591084
1.0,0.6448535
0.0,0.37287402
0.0,0.6996579
1.0,0.97989166
1.0,0.9955826
0.0,0.18295714
1.0,0.9832853
1.0,0.987577
0.0,0.18761507
0.0,0.10121387
0.0,0.4211145
1.0,0.11928418
0.0,0.0008569956
0.0,0.07524952
0.0,0.05563107
1.0,0.9916296
1.0,0.7576996
0.0,0.19562995
1.0,0.7814715
1.0,0.019224674
0.0,0.6710987
1.0,0.96828413
0.0,0.45429307
1.0,0.97538275
0.0,0.16671434
1.0,0.90534717
0.0,0.065398276
0.0,0.06215337
1.0,0.65004313
0.0,0.06358951
1.0,0.9821601
0.0,0.112872005
0.0,0.085834235
0.0,0.103318304
1.0,0.9708319
0.0,0.61805505
1.0,0.6113644
0.0,0.030216932
1.0,0.9542736
1.0,0.88971555
0.0,0.036819518
1.0,0.99384046
1.0,0.97441924
1.0,0.627321
1.0,0.9736173
0.0,0.33999306
0.0,0.036569446
0.0,0.8945669
1.0,0.9842583
1.0,0.816874
0.0,0.18286192
0.0,0.05916515
0.0,0.24610433
1.0,0.9861741
0.0,0.46618348
1.0,0.123007745
1.0,0.97868735
0.0,0.115761936
0.0,0.04853934
1.0,0.9768343
0.0,0.8708494
1.0,0.9942509
0.0,0.6870679
0.0,0.13818294
0.0,0.24628109
1.0,0.5967144
0.0,0.3352664
1.0,0.9115943
0.0,0.100682795
1.0,0.8996104
0.0,0.74548215
0.0,0.3605357
1.0,0.17143402
1.0,0.077593446
1.0,0.5267146
1.0,0.9436656
0.0,0.071834326
0.0,0.13678479
0.0,0.9485727
0.0,0.012458593
1.0,0.9371538
1.0,0.5292908
0.0,0.0076413453
0.0,0.03580162
0.0,0.051550597
1.0,0.9822945
0.0,0.09691295
0.0,0.11862731
0.0,0.068525374
0.0,0.6075133
0.0,0.038885057
0.0,0.17994905
1.0,0.93201363
0.0,0.8984779
1.0,0.43641758
0.0,0.25319034
0.0,0.2729041
1.0,0.8850429
1.0,0.8757526
1.0,0.9886184
0.0,0.14173129
0.0,0.20132127
1.0,0.5583509
0.0,0.039768845
0.0,0.19615737
0.0,0.8890306
1.0,0.92582184
0.0,0.10859105
0.0,0.08137888
1.0,0.99781376
0.0,0.1678125
1.0,0.99652624
1.0,0.97705144
1.0,0.9959376
0.0,0.08172348
1.0,0.97903204
1.0,0.9086749
0.0,0.1156691
1.0,0.4547181
0.0,0.12843838
0.0,0.8057065
0.0,0.3740304
0.0,0.08034107
1.0,0.9251339
1.0,0.9238842
1.0,0.99116814
1.0,0.9437194
1.0,0.9748024
0.0,0.8552835
0.0,0.97036827
1.0,0.9884652
0.0,0.056942105
1.0,0.7773017
1.0,0.9993895
0.0,0.40132892
1.0,0.5702528
1.0,0.54461366
0.0,0.017220855
0.0,0.034793586
0.0,0.06203559
0.0,0.05782914
1.0,0.6923151
1.0,0.992418
0.0,0.08584249
0.0,0.06339139
1.0,0.093248606
1.0,0.920797
1.0,0.50289404
0.0,0.12807876
1.0,0.9109206
1.0,0.83542717
0.0,0.099233836
0.0,0.68397933
1.0,0.92115474
1.0,0.99497896
0.0,0.7966167
1.0,0.994578
0.0,0.24916479
0.0,0.43762144
1.0,0.9268533
0.0,0.9353068
1.0,0.979
0.0,0.87029886
0.0,0.24560627
0.0,0.29207635
1.0,0.99569345
1.0,0.591075
0.0,0.074854255
0.0,0.021475077
1.0,0.8384628
0.0,0.24219874
1.0,0.99442625
1.0,0.85935175
1.0,0.8830434
0.0,0.021607846
0.0,0.96140575
0.0,0.8774619
0.0,0.036239117
0.0,0.0221214
1.0,0.9984752
0.0,0.8910866
0.0,0.06514421
1.0,0.9339206
0.0,0.08574769
1.0,0.19029397
1.0,0.9024159
0.0,0.15971202
0.0,0.6940521
0.0,0.9564049
0.0,0.024501026
0.0,0.006608665
0.0,0.025721222
0.0,0.044493854
0.0,0.97659624
1.0,0.811494
1.0,0.9850081
0.0,0.81046116
0.0,0.7484301
0.0,0.05933553
0.0,0.08520603
0.0,0.15350887
1.0,0.1266191
0.0,0.023547113
0.0,0.0018246472
1.0,0.9899391
1.0,0.17377734
0.0,0.03530708
0.0,0.9872327
0.0,0.009517074
0.0,0.6532229
0.0,0.028427303
0.0,0.2348085
1.0,0.97664106
1.0,0.7190069
1.0,0.9655355
0.0,0.0061377287
1.0,0.92212486
1.0,0.98760414
0.0,0.79351956
0.0,0.015856266
1.0,0.8331419
1.0,0.8301653
1.0,0.9080825
1.0,0.9579303
1.0,0.8732162
0.0,0.39403585
0.0,0.47696984
1.0,0.72332084
0.0,0.023373812
1.0,0.9767786
0.0,0.06279525
1.0,0.86263716
0.0,0.037469327
0.0,0.52532244
0.0,0.1354365
0.0,0.10286674
0.0,0.7684095
0.0,0.0012400448
0.0,0.012557954
0.0,0.22176343
0.0,0.6143594
0.0,0.04602334
0.0,0.026111811
1.0,0.9958683
1.0,0.9360223
1.0,0.99211884
0.0,0.7715439
0.0,0.8496779
0.0,0.7504239
0.0,0.084310055
1.0,0.9867588
1.0,0.84906286
1.0,0.9790708
1.0,0.9904715
0.0,0.93611324
0.0,0.024960011
0.0,0.013890207
1.0,0.7922305
0.0,0.120759636
1.0,0.028058708
1.0,0.9784784
0.0,0.45579118
0.0,0.025008976
0.0,0.061073422
0.0,0.5365676
1.0,0.9980519
1.0,0.96543974
0.0,0.34213114
1.0,0.9905382
1.0,0.93869317
0.0,0.3999237
0.0,0.13860571
1.0,0.92548573
0.0,0.032821685
0.0,0.13235307
0.0,0.02709505
0.0,0.37963113
0.0,0.10642433
1.0,0.54081047
0.0,0.29498687
0.0,0.88498545
1.0,0.9967134
1.0,0.98284703
0.0,0.6761962
0.0,0.5255894
1.0,0.9486429
0.0,0.20184034
0.0,0.0045541525
1.0,0.82201827
0.0,0.35648867
0.0,0.07823357
0.0,0.041377127
1.0,0.99199456
0.0,0.45519495
1.0,0.9681539
1.0,0.96965337
1.0,0.99929065
0.0,0.025466949
1.0,0.78486323
0.0,0.074353606
1.0,0.99623597
0.0,0.32008898
1.0,0.975693
0.0,0.09750727
0.0,0.08852357
1.0,0.99410665
0.0,0.0058318377
0.0,0.025134534
1.0,0.7842489
1.0,0.9713503
1.0,0.640962
1.0,0.9040811
1.0,0.70848346
1.0,0.9755445
1.0,0.86958563
0.0,0.032710046
1.0,0.46359167
1.0,0.9878348
0.0,0.35829428
0.0,0.03479266
0.0,0.014960408
1.0,0.41308278
0.0,0.041782826
0.0,0.22550708
0.0,0.31565857
1.0,0.99339855
0.0,0.12632257
0.0,0.4028699
1.0,0.8032416
1.0,0.9856891
1.0,0.9806061
1.0,0.23453969
0.0,0.9940294
0.0,0.11261207
0.0,0.257981
0.0,0.17699218
0.0,0.059717655
0.0,0.33200336
0.0,0.062133163
1.0,0.35179883
1.0,0.98808503
0.0,0.06526807
1.0,0.89303493
0.0,0.014389992
0.0,0.10941458
1.0,0.9962472
0.0,0.042069077
0.0,0.9456333
0.0,0.008750677
0.0,0.8074404
0.0,0.08293164
0.0,0.019970834
0.0,0.85577756
1.0,0.9426881
0.0,0.22232196
0.0,0.7712221
1.0,0.94490165
0.0,0.06398207
1.0,0.8193126
0.0,0.13707837
0.0,0.027082682
0.0,0.10529217
0.0,0.5061765
0.0,0.018344373
0.0,0.03872654
0.0,0.12979773
0.0,0.3590144
0.0,0.80465424
1.0,0.80154896
0.0,0.37037665
1.0,0.97573555
0.0,0.891339
1.0,0.13763618
0.0,0.50301003
0.0,0.04587084
0.0,0.31869885
1.0,0.99451435
1.0,0.31519058
1.0,0.33516756
0.0,0.059582323
0.0,0.9176618
1.0,0.87494737
0.0,0.3512723
0.0,0.27224454
1.0,0.89203864
0.0,0.09788677
1.0,0.9838358
1.0,0.6139648
0.0,0.13960591
1.0,0.7405504
0.0,0.20974189
1.0,0.64097893
0.0,0.42350772
1.0,0.99953294
0.0,0.0032697916
0.0,0.91326714
0.0,0.18053624
0.0,0.20380166
0.0,0.03907633
0.0,0.18518713
0.0,0.19282016
1.0,0.9725673
0.0,0.023027867
0.0,0.005184859
0.0,0.002341479
0.0,0.14974642
0.0,0.24244606
1.0,0.8207535
0.0,0.7447467
0.0,0.17881945
1.0,0.6124932
0.0,0.5358816
1.0,0.8277252
0.0,0.8271433
1.0,0.8540024
1.0,0.98687935
0.0,0.019805789
1.0,0.9991735
0.0,0.6277884
0.0,0.045961827
0.0,0.15781751
0.0,0.37899506
1.0,0.24669582
1.0,0.99390125
0.0,0.20258087
0.0,0.4482656
1.0,0.99526495
0.0,0.4349266
1.0,0.9373535
1.0,0.29311565
1.0,0.93804073
0.0,0.25370115
1.0,0.93062866
0.0,0.25087124
1.0,0.9269157
1.0,0.42676646
0.0,0.3776626
0.0,0.93272334
0.0,0.085549355
0.0,0.59328455
1.0,0.8132942
1.0,0.98330545
1.0,0.9870924
0.0,0.11381039
0.0,0.023611933
1.0,0.9862108
0.0,0.82572925
0.0,0.037857205
0.0,0.5038802
1.0,0.81381035
0.0,0.66730475
0.0,0.037500262
0.0,0.18819365
0.0,0.13894826
1.0,0.9440147
1.0,0.98099065
0.0,0.43378592
0.0,0.048277408
0.0,0.054918915
1.0,0.9991049
0.0,0.16089621
0.0,0.8609643
1.0,0.8763189
0.0,0.008896202
0.0,0.76304054
1.0,0.95479053
0.0,0.5796443
1.0,0.5111471
1.0,0.3358028
0.0,0.0725058
0.0,0.06100768
0.0,0.01737839
0.0,0.03808248
1.0,0.9908929
1.0,0.99971807
1.0,0.9963019
1.0,0.52558964
0.0,0.97806287
0.0,0.14759597
1.0,0.8935825
1.0,0.9881268
0.0,0.1992411
0.0,0.07096779
1.0,0.7727933
0.0,0.024818718
1.0,0.797588
0.0,0.017947406
0.0,0.19080546
1.0,0.9833497
0.0,0.08510178
0.0,0.026368976
0.0,0.060017735
0.0,0.1881293
0.0,0.73381305
1.0,0.6087903
0.0,0.056661725
1.0,0.96781385
0.0,0.45575127
1.0,0.8930823
0.0,0.034993976
1.0,0.89845455
1.0,0.9903841
1.0,0.9992274
0.0,0.9516145
0.0,0.046164483
1.0,0.4577789
0.0,0.10869765
0.0,0.23984307
1.0,0.9625429
1.0,0.7524975
0.0,0.28203928
1.0,0.99384546
1.0,0.97067165
0.0,0.91466117
0.0,0.06815401
0.0,0.9335853
0.0,0.02810952
0.0,0.008441865
0.0,0.97866356
1.0,0.99057865
1.0,0.99903786
1.0,0.9280797
0.0,0.049193442
0.0,0.0365853
0.0,0.041511446
0.0,0.10297397
0.0,0.16521513
0.0,0.059682846
1.0,0.8755009
1.0,0.95070136
1.0,0.60536385
0.0,0.23525771
0.0,0.2321842
1.0,0.98866546
0.0,0.06890267
0.0,0.9404308
1.0,0.94672894
0.0,0.9334124
0.0,0.9127773
1.0,0.940681
0.0,0.14999506
1.0,0.6075352
1.0,0.66679657
0.0,0.9635018
0.0,0.117887646
1.0,0.99956644
0.0,0.008999765
0.0,0.354056
1.0,0.88924783
1.0,0.95379055
1.0,0.89977586
1.0,0.9647562
0.0,0.97940767
0.0,0.026898474
0.0,0.056223184
1.0,0.5835789
0.0,0.99700093
1.0,0.7137577
0.0,0.8676012
1.0,0.9593617
1.0,0.73778903
0.0,0.5354097
0.0,0.26986808
0.0,0.069336146
0.0,0.68461084
0.0,0.17017227
0.0,0.14875382
1.0,0.5420014
1.0,0.7422493
0.0,0.41359758
1.0,0.98083866
1.0,0.32401374
0.0,0.021946907
0.0,0.25858694
1.0,0.72530603
1.0,0.3763823
0.0,0.07280198
0.0,0.72744846
0.0,0.025064737
0.0,0.073975265
1.0,0.60162336
1.0,0.9784634
0.0,0.1867688
0.0,0.010751903
0.0,0.25405067
0.0,0.2910139
0.0,0.05906734
0.0,0.056981504
0.0,0.9088229
0.0,0.76234794
0.0,0.054048747
0.0,0.14782041
0.0,0.33215034
1.0,0.9877729
1.0,0.94211936
0.0,0.06384444
0.0,0.049609512
0.0,0.0019219518
0.0,0.05255443
0.0,0.39645913
0.0,0.29362053
0.0,0.03796488
0.0,0.89910245
1.0,0.7669421
1.0,0.9773213
1.0,0.9710523
1.0,0.9599735
1.0,0.99595463
0.0,0.9717348
0.0,0.14230663
0.0,0.08717403
0.0,0.5414689
1.0,0.9386474
0.0,0.08620927
1.0,0.9309893
0.0,0.053013384
0.0,0.9797596
0.0,0.97639585
0.0,0.38521016
0.0,0.094987154
0.0,0.62489915
0.0,0.19877607
0.0,0.02469322
1.0,0.9894415
1.0,0.93615615
0.0,0.35684222
0.0,0.40808976
0.0,0.05767572
0.0,0.028108656
1.0,0.97755325
0.0,0.028502584
1.0,0.49387732
0.0,0.07281029
1.0,0.6257204
0.0,0.01882124
0.0,0.22656077
1.0,0.96344185
0.0,0.017464519
1.0,0.95121247
0.0,0.33389544
0.0,0.50433844
0.0,0.54401714
0.0,0.061714917
0.0,0.012105823
1.0,0.9937555
1.0,0.9952572
0.0,0.94240296
0.0,0.16286337
0.0,0.037154704
0.0,0.6301125
1.0,0.7824758
0.0,0.88644475
1.0,0.44856885
1.0,0.9539809
0.0,0.96681726
0.0,0.053188622
0.0,0.19813523
0.0,0.26483834
0.0,0.21535963
0.0,0.1588822
0.0,0.13589734
0.0,0.7598226
0.0,0.47123384
1.0,0.9792265
0.0,0.9967141
0.0,0.055794388
1.0,0.97671705
0.0,0.20806924
0.0,0.26838368
0.0,0.0045464933
0.0,0.14684418
1.0,0.12427899
1.0,0.9752952
1.0,0.8555444
0.0,0.03591281
0.0,0.034100443
0.0,0.08192274
0.0,0.91237247
0.0,0.6689043
0.0,0.9006338
1.0,0.99796164
1.0,0.98833275
1.0,0.98178124
0.0,0.23006567
1.0,0.9984997
1.0,0.86012906
0.0,0.1515682
1.0,0.93168926
0.0,0.042069733
0.0,0.13030079
0.0,0.8517616
1.0,0.9961835
1.0,0.9874872
1.0,0.87003124
0.0,0.9649351
0.0,0.28893244
0.0,0.0192177
1.0,0.94539154
1.0,0.9977197
1.0,0.9884951
1.0,0.95112956
0.0,0.034033984
0.0,0.13404346
0.0,0.058384717
0.0,0.57312924
1.0,0.983778
0.0,0.04800713
0.0,0.28399485
0.0,0.4232328
1.0,0.520011
0.0,0.24894553
0.0,0.65091366
0.0,0.159255
0.0,0.91016155
0.0,0.0809423
0.0,0.112396926
0.0,0.009886324
0.0,0.17976794
0.0,0.06005749
1.0,0.99516475
1.0,0.24964619
0.0,0.55086005
0.0,0.974861
0.0,0.46320152
1.0,0.90771633
0.0,0.07962069
0.0,0.059057325
0.0,0.6505641
0.0,0.012980521
1.0,0.83601177
0.0,0.082972795
0.0,0.13406971
1.0,0.9186225
1.0,0.9431697
1.0,0.9923464
0.0,0.23477009
0.0,0.103954315
1.0,0.98271394
1.0,0.99779445
1.0,0.99065375
0.0,0.78986704
0.0,0.7847124
0.0,0.005705327
1.0,0.33947486
1.0,0.9943523
0.0,0.056712955
0.0,0.85847795
1.0,0.87514424
1.0,0.9542937
0.0,0.019625992
1.0,0.9577948
1.0,0.8941815
0.0,0.1849496
1.0,0.3880845
0.0,0.14085862
0.0,0.14643404
0.0,0.9092096
0.0,0.07416916
1.0,0.8832278
0.0,0.17608267
1.0,0.8766608
1.0,0.8756067
1.0,0.66597337
0.0,0.09154585
0.0,0.56503224
1.0,0.78273726
0.0,0.026255012
1.0,0.7907254
1.0,0.9641954
0.0,0.97827715
0.0,0.11649212
1.0,0.6996548
1.0,0.9972322
0.0,0.022451162
1.0,0.85300493
1.0,0.6351205
1.0,0.9294512
1.0,0.99591386
1.0,0.9426216
1.0,0.9768595
0.0,0.061979234
0.0,0.92968667
0.0,0.18091822
1.0,0.98955786
1.0,0.58086485
0.0,0.59724224
0.0,0.23350906
1.0,0.5081842
0.0,0.078648895
1.0,0.9940698
0.0,0.83383083
1.0,0.8264663
1.0,0.9967013
0.0,0.15468675
1.0,0.81692654
0.0,0.325944
1.0,0.9992789
1.0,0.9946285
1.0,0.2703048
0.0,0.12402952
0.0,0.079527915
1.0,0.81789935
0.0,0.15094545
1.0,0.97667027
0.0,0.06410134
0.0,0.54032093
0.0,0.20721453
0.0,0.26159394
0.0,0.044261396
0.0,0.7963447
0.0,0.6553284
1.0,0.99323857
1.0,0.09480536
0.0,0.027953267
1.0,0.9994993
1.0,0.8048879
0.0,0.99349713
0.0,0.8948783
0.0,0.48058456
0.0,0.151669
0.0,0.10876766
0.0,0.20229742
1.0,0.5485921
1.0,0.9971391
0.0,0.12989247
0.0,0.017952979
0.0,0.8485342
0.0,0.982485
0.0,0.8163509
1.0,0.8883803
0.0,0.7854829
0.0,0.07010743
1.0,0.9394417
1.0,0.78958726
0.0,0.19126472
0.0,0.7440487
0.0,0.009487361
1.0,0.92869735
1.0,0.9259002
0.0,0.14287338
0.0,0.10654789
0.0,0.044858128
0.0,0.49473158
0.0,0.04370913
1.0,0.98940194
1.0,0.81478477
1.0,0.09938586
0.0,0.0022924542
1.0,0.38681507
0.0,0.9187974
1.0,0.99952155
1.0,0.3486672
0.0,0.04687673
0.0,0.013600081
0.0,0.023397177
0.0,0.33627832
0.0,0.980781
1.0,0.998954
0.0,0.8826785
0.0,0.8139807
0.0,0.111310214
0.0,0.03419444
0.0,0.14678511
0.0,0.10827449
0.0,0.43031728
1.0,0.51568824
1.0,0.95798254
0.0,0.0033968687
0.0,0.69361085
0.0,0.87485325
0.0,0.1104745
1.0,0.93948007
0.0,0.065062225
0.0,0.48080766
1.0,0.89226294
0.0,0.96687245
0.0,0.19357553
0.0,0.13712049
0.0,0.045291215
1.0,0.9940551
1.0,0.94267905
0.0,0.07993862
1.0,0.5546799
1.0,0.913298
1.0,0.93176913
0.0,0.49580958
0.0,0.6498158
1.0,0.9545189
1.0,0.99366784
0.0,0.12618276
1.0,0.99759865
0.0,0.02744928
1.0,0.9638213
1.0,0.9558289
1.0,0.9007518
0.0,0.18435824
1.0,0.77460766
1.0,0.76908803
0.0,0.16032863
0.0,0.13748908
0.0,0.9780925
0.0,0.16951928
0.0,0.08126041
0.0,0.032343924
1.0,0.9903218
0.0,0.48186362
0.0,0.38600826
0.0,0.9676286
0.0,0.08302766
0.0,0.12650782
0.0,0.04668957
1.0,0.89090234
0.0,0.20437154
0.0,0.124418646
0.0,0.7403294
1.0,0.9795029
1.0,0.8931811
1.0,0.99006546
1.0,0.9893186
0.0,0.03458473
0.0,0.17001352
0.0,0.07344568
0.0,0.06353405
0.0,0.84672874
0.0,0.12247205
1.0,0.952011
0.0,0.6279466
1.0,0.72975075
1.0,0.03686446
1.0,0.9081968
0.0,0.17177963
0.0,0.021137416
0.0,0.0632588
0.0,0.033249855
1.0,0.78726006
1.0,0.97734267
1.0,0.8586796
1.0,0.9002006
1.0,0.985171
0.0,0.16131365
0.0,0.107880056
0.0,0.92178005
0.0,0.1783523
1.0,0.9802445
0.0,0.0444856
0.0,0.94363964
1.0,0.980667
1.0,0.7177549
0.0,0.034594506
0.0,0.24017781
0.0,0.28066844
0.0,0.08348003
1.0,0.9687298
0.0,0.9727514
0.0,0.6432633
1.0,0.99918693
0.0,0.40563437
1.0,0.994447
1.0,0.9972683
0.0,0.010479152
0.0,0.7667165
0.0,0.0149309635
0.0,0.14138624
1.0,0.8287075
0.0,0.0937776
0.0,0.6563455
0.0,0.8633188
0.0,0.031017423
1.0,0.99504054
1.0,0.5359515
1.0,0.8183141
1.0,0.9908613
0.0,0.64079916
0.0,0.20154056
1.0,0.71527
0.0,0.041833997
1.0,0.7506105
0.0,0.04956326
1.0,0.968589
1.0,0.987141
0.0,0.95985043
0.0,0.7313736
0.0,0.8606403
0.0,0.09262693
0.0,0.06211704
0.0,0.19763008
1.0,0.9775698
0.0,0.028596759
0.0,0.3007605
0.0,0.3555738
0.0,0.16177419
0.0,0.13171768
0.0,0.05681765
0.0,0.4740616
0.0,0.0092485845
0.0,0.0044165254
0.0,0.09687737
0.0,0.5956006
0.0,0.06483796
1.0,0.8146311
0.0,0.48774964
1.0,0.9934885
0.0,0.03284818
0.0,0.030100167
1.0,0.9228133
0.0,0.018197685
1.0,0.99743223
0.0,0.6548362
1.0,0.8762257
0.0,0.91127163
0.0,0.25128004
1.0,0.80526185
1.0,0.38018677
0.0,0.062249362
0.0,0.3718301
0.0,0.008994758
0.0,0.014948696
0.0,0.010002762
0.0,0.88727295
1.0,0.98896575
1.0,0.93777657
0.0,0.2520049
0.0,0.057108223
1.0,0.8699401
1.0,0.9318558
1.0,0.9510391
0.0,0.017275244
1.0,0.06338462
0.0,0.49912918
1.0,0.7942933
0.0,0.0024174154
1.0,0.9214382
0.0,0.09311089
0.0,0.65729916
0.0,0.73793674
0.0,0.9221337
1.0,0.97656214
0.0,0.11562055
0.0,0.1781849
1.0,0.9957747
0.0,0.056547046
0.0,0.9946258
0.0,0.845962
1.0,0.99794984
0.0,0.21296385
0.0,0.07702944
0.0,0.99106276
1.0,0.9632188
0.0,0.015504032
0.0,0.8429313
0.0,0.16222283
1.0,0.5528571
0.0,0.2843573
1.0,0.9985304
0.0,0.77415377
1.0,0.8951867
1.0,0.9987595
0.0,0.9302565
1.0,0.9603017
1.0,0.9439386
0.0,0.07094106
0.0,0.91810167
0.0,0.37508923
1.0,0.9971037
0.0,0.29213053
1.0,0.89505553
1.0,0.497283
0.0,0.024347037
1.0,0.9621581
0.0,0.68370306
1.0,0.5848971
0.0,0.3468626
1.0,0.9013007
0.0,0.88402534
1.0,0.11641735
0.0,0.50738215
0.0,0.019733816
0.0,0.017249972
0.0,0.01787132
0.0,0.030300915
0.0,0.04455459
0.0,0.011874527
0.0,0.23220989
0.0,0.19509453
0.0,0.8346602
0.0,0.62578547
0.0,0.09974691
1.0,0.9866488
1.0,0.6719932
0.0,0.9856397
1.0,0.2745929
0.0,0.27676427
0.0,0.2303733
0.0,0.93252397
0.0,0.18042248
0.0,0.06930813
0.0,0.084592074
1.0,0.94192874
0.0,0.027528018
0.0,0.19299665
1.0,0.021231174
0.0,0.010396481
1.0,0.9676365
0.0,0.35356754
0.0,0.46076354
1.0,0.7807923
0.0,0.053011924
1.0,0.89079034
0.0,0.05112657
0.0,0.0046418905
0.0,0.02215439
1.0,0.9925319
0.0,0.117786705
1.0,0.8236644
1.0,0.80055565
0.0,0.98223484
0.0,0.01800111
1.0,0.15246859
0.0,0.03871256
0.0,0.2672544
0.0,0.8391676
0.0,0.024945647
0.0,0.5419969
0.0,0.98386
1.0,0.21814784
0.0,0.16390067
1.0,0.98348236
0.0,0.017594665
0.0,0.015983343
0.0,0.017349929
1.0,0.96058166
1.0,0.98689675
0.0,0.6108667
0.0,0.6554908
0.0,0.01132533
0.0,0.21584046
0.0,0.13428482
0.0,0.062021583
0.0,0.0022979379
1.0,0.35429448
1.0,0.98354375
0.0,0.13637438
0.0,0.9574242
1.0,0.7942285
0.0,0.0518983
1.0,0.94236493
0.0,0.035212904
0.0,0.09221786
1.0,0.98787826
0.0,0.56086856
1.0,0.5415266
1.0,0.99535745
1.0,0.99095595
0.0,0.4184373
0.0,0.27125823
0.0,0.8241651
1.0,0.9827906
0.0,0.54639477
1.0,0.9768033
0.0,0.18409336
0.0,0.05931127
0.0,0.44648874
1.0,0.9556053
0.0,0.046376437
0.0,0.223551
0.0,0.71236765
1.0,0.62136656
1.0,0.9806423
0.0,0.21728864
0.0,0.045306057
1.0,0.99111223
1.0,0.98367906
1.0,0.8815813
1.0,0.36450195
0.0,0.042196512
1.0,0.9557855
0.0,0.06371057
0.0,0.17446136
0.0,0.07479742
1.0,0.7758487
0.0,0.28889447
0.0,0.13893858
0.0,0.061212778
1.0,0.9206673
0.0,0.383058
1.0,0.9868493
1.0,0.9801011
0.0,0.1310476
1.0,0.9510647
0.0,0.107046634
1.0,0.9395993
0.0,0.91566205
0.0,0.043349743
0.0,0.10827938
0.0,0.12916377
1.0,0.9903763
0.0,0.5078495
0.0,0.4620862
0.0,0.8589252
1.0,0.9998144
1.0,0.99046123
0.0,0.08156246
1.0,0.99721384
1.0,0.99777126
1.0,0.9996207
1.0,0.63141686
0.0,0.71692896
1.0,0.8615032
0.0,0.14110628
0.0,0.81763816
1.0,0.5969919
0.0,0.11204824
0.0,0.088477075
0.0,0.80068934
1.0,0.833213
0.0,0.4259527
0.0,0.45176184
1.0,0.9619186
0.0,0.05733949
1.0,0.94823086
0.0,0.053661555
0.0,0.92528677
1.0,0.9562527
1.0,0.98206884
0.0,0.048099488
1.0,0.9361296
1.0,0.9930676
0.0,0.9302883
0.0,0.96169746
1.0,0.7103856
0.0,0.16665626
1.0,0.99687696
0.0,0.10760993
0.0,0.27830106
1.0,0.85212404
1.0,0.90802234
0.0,0.430581
1.0,0.79057693
0.0,0.06923944
0.0,0.19339857
1.0,0.9833547
0.0,0.41306272
0.0,0.2265527
0.0,0.20092249
1.0,0.77568007
0.0,0.09041414
0.0,0.14542243
1.0,0.98520637
1.0,0.84685457
0.0,0.043449223
0.0,0.6120044
0.0,0.06822184
1.0,0.6095842
0.0,0.78459954
0.0,0.043911397
0.0,0.25121635
0.0,0.047738314
0.0,0.06590167
1.0,0.39240164
0.0,0.3972318
0.0,0.0052480698
0.0,0.25870183
1.0,0.89224005
1.0,0.9909067
1.0,0.9549134
0.0,0.9090414
0.0,0.07184845
0.0,0.99062574
1.0,0.9844749
0.0,0.23877478
1.0,0.97601867
0.0,0.06499109
1.0,0.985754
0.0,0.3335696
1.0,0.9850423
0.0,0.9729967
1.0,0.90722877
0.0,0.100526094
0.0,0.1076462
1.0,0.6895757
1.0,0.99655557
1.0,0.9778289
0.0,0.53232527
1.0,0.988211
1.0,0.6561275
1.0,0.5914688
0.0,0.0030892491
1.0,0.9379351
0.0,0.38471085
0.0,0.99175763
1.0,0.75689006
0.0,0.57267237
0.0,0.054425895
0.0,0.26171833
0.0,0.12216464
0.0,0.7740094
1.0,0.987726
1.0,0.93725765
0.0,0.6412852
0.0,0.8949199
0.0,0.052461177
1.0,0.9939926
0.0,0.8356359
0.0,0.333849
0.0,0.05941695
0.0,0.049082577
0.0,0.2507549
0.0,0.7113552
1.0,0.99125934
1.0,0.99762845
1.0,0.6716565
0.0,0.80799234
0.0,0.048068345
0.0,0.010948211
0.0,0.05377984
0.0,0.08566061
1.0,0.97402775
0.0,0.08191249
0.0,0.35647804
1.0,0.9902251
0.0,0.09098461
1.0,0.6335603
1.0,0.85310555
0.0,0.59689486
0.0,0.01831466
0.0,0.3720008
1.0,0.57203484
0.0,0.45411044
0.0,0.02597171
1.0,0.9197834
1.0,0.90296304
0.0,0.047165364
0.0,0.15745792
0.0,0.8138777
0.0,0.016615987
0.0,0.60025716
1.0,0.2468515
1.0,0.9828198
0.0,0.039263934
0.0,0.006576687
0.0,0.9516346
0.0,0.77442324
1.0,0.9105583
0.0,0.12566167
1.0,0.99602973
0.0,0.095158935
1.0,0.99609864
0.0,0.01532501
1.0,0.9974433
1.0,0.77370507
0.0,0.121213466
0.0,0.30869716
0.0,0.0078637
0.0,0.1497111
1.0,0.56626076
1.0,0.023162574
1.0,0.64230573
1.0,0.77043056
1.0,0.91072
0.0,0.026163936
1.0,0.9124468
1.0,0.89892364
0.0,0.4513081
0.0,0.16828388
0.0,0.10684386
1.0,0.90503883
1.0,0.9981828
0.0,0.9460108
0.0,0.033921987
1.0,0.97611463
0.0,0.05319929
0.0,0.07319963
1.0,0.9958376
0.0,0.95879865
0.0,0.1775403
1.0,0.5476706
1.0,0.90232694
0.0,0.0343
0.0,0.059664786
0.0,0.31569672
1.0,0.9803891
1.0,0.9953146
0.0,0.9837996
0.0,0.48792118
1.0,0.9844961
1.0,0.87721515
0.0,0.007264465
0.0,0.25882468
0.0,0.309717
1.0,0.58085686
1.0,0.9360788
0.0,0.016414464
0.0,0.06879765
1.0,0.92177606
0.0,0.11376372
0.0,0.20977408
0.0,0.2885202
0.0,0.93393296
1.0,0.9396186
0.0,0.9864504
0.0,0.06310409
0.0,0.8715106
0.0,0.38097653
0.0,0.33934808
1.0,0.9153956
1.0,0.9577443
0.0,0.46176994
1.0,0.9945378
0.0,0.56262594
1.0,0.97654283
1.0,0.28741133
1.0,0.9265009
0.0,0.014671624
0.0,0.9162437
0.0,0.035427004
1.0,0.9987524
0.0,0.03641194
1.0,0.9914056
0.0,0.17893082
0.0,0.008916318
1.0,0.29105622
1.0,0.98896897
0.0,0.042482078
1.0,0.9280827
0.0,0.04765603
1.0,0.95842814
0.0,0.0031882226
1.0,0.9232242
1.0,0.61838555
0.0,0.11561763
0.0,0.19933948
0.0,0.1521036
0.0,0.015784353
0.0,0.05351332
0.0,0.97303647
0.0,0.25406808
0.0,0.11065042
0.0,0.97082734
0.0,0.04555291
1.0,0.9911002
0.0,0.58676535
0.0,0.42801857
1.0,0.9977503
0.0,0.061481893
1.0,0.99933165
0.0,0.026957542
1.0,0.98939586
0.0,0.05098459
0.0,0.32098198
1.0,0.99939704
0.0,0.053106338
0.0,0.036557615
0.0,0.12086129
1.0,0.9859775
1.0,0.6265498
0.0,0.18240243
1.0,0.95646954
1.0,0.62226385
1.0,0.9955236
0.0,0.8061688
1.0,0.4580606
1.0,0.9899055
0.0,0.78990185
1.0,0.39144674
1.0,0.52699697
0.0,0.16509536
0.0,0.025509357
0.0,0.13336214
0.0,0.0169321
0.0,0.05903876
0.0,0.023443103
0.0,0.07577047
0.0,0.007201135
1.0,0.8776324
0.0,0.44602948
0.0,0.050078988
0.0,0.076392144
0.0,0.1044361
1.0,0.9109893
0.0,0.016374797
1.0,0.9652789
0.0,0.6727345
0.0,0.06573263
1.0,0.66255116
1.0,0.9735774
0.0,0.53917676
0.0,0.31668442
1.0,0.9757745
0.0,0.97717965
0.0,0.17517415
1.0,0.72878903
1.0,0.88215464
1.0,0.8184968
1.0,0.97290015
0.0,0.14383337
0.0,0.14428273
1.0,0.7258769
0.0,0.050976902
0.0,0.044446558
1.0,0.99736786
1.0,0.97491753
1.0,0.9959584
0.0,0.06441745
1.0,0.802665
1.0,0.97841835
1.0,0.9632047
0.0,0.051340073
0.0,0.030115843
1.0,0.5597424
0.0,0.06581995
0.0,0.82694477
0.0,0.17482948
1.0,0.8742808
0.0,0.12271255
0.0,0.27006564
0.0,0.27450535
0.0,0.78850305
0.0,0.15033725
0.0,0.015146166
0.0,0.952645
1.0,0.9936359
0.0,0.16312733
1.0,0.97426385
0.0,0.02780959
0.0,0.8972981
0.0,0.96650076
1.0,0.017166346
0.0,0.91999596
0.0,0.06721023
0.0,0.035313398
0.0,0.5570316
0.0,0.24832308
1.0,0.9803157
0.0,0.3311262
1.0,0.989871
0.0,0.4081155
0.0,0.22123149
0.0,0.042803884
0.0,0.7192957
0.0,0.20425397
0.0,0.66321117
0.0,0.08586392
0.0,0.033875197
1.0,0.88300616
0.0,0.09227568
1.0,0.7763784
1.0,0.71653736
0.0,0.082823366
0.0,0.32447174
1.0,0.9904046
0.0,0.08400178
1.0,0.5810823
1.0,0.91541153
0.0,0.055770874
1.0,0.957467
0.0,0.06144628
1.0,0.9845277
0.0,0.22552419
0.0,0.39131472
1.0,0.77324986
0.0,0.1578457
0.0,0.021681786
0.0,0.909958
1.0,0.8381329
1.0,0.98807025
0.0,0.0046483576
0.0,0.50663036
1.0,0.79768
0.0,0.88916266
1.0,0.5662377
0.0,0.33054125
1.0,0.27344802
0.0,0.9637315
0.0,0.14124611
0.0,0.79391456
0.0,0.025660217
0.0,0.333201
1.0,0.11339146
0.0,0.53053504
1.0,0.9587547
0.0,0.043849617
1.0,0.60292596
0.0,0.013617963
0.0,0.015449345
0.0,0.04518923
0.0,0.08393881
0.0,0.18602982
0.0,0.42727637
0.0,0.42421195
0.0,0.16977352
1.0,0.8583134
0.0,0.012199372
0.0,0.2591306
1.0,0.68428105
1.0,0.8494074
0.0,0.033782244
0.0,0.06309414
1.0,0.64262545
0.0,0.48797607
1.0,0.20220396
1.0,0.9129702
1.0,0.6354659
1.0,0.9357493
0.0,0.19116163
0.0,0.04157868
1.0,0.93254995
0.0,0.3222171
1.0,0.98120046
1.0,0.74910355
1.0,0.9248624
0.0,0.44912225
0.0,0.012023151
0.0,0.075573534
0.0,0.013032138
1.0,0.91254187
1.0,0.9472685
0.0,0.3827874
0.0,0.55114543
0.0,0.6915267
0.0,0.12339294
1.0,0.4116029
1.0,0.7847152
1.0,0.9786415
0.0,0.99225664
1.0,0.49813026
1.0,0.9355983
1.0,0.9697604
1.0,0.9817347
0.0,0.63764143
0.0,0.55966914
0.0,0.5853256
0.0,0.063862234
1.0,0.8669752
1.0,0.99910736
1.0,0.7802123
1.0,0.96631396
0.0,0.23164973
0.0,0.03368637
0.0,0.34345657
0.0,0.5948192
1.0,0.9825218
0.0,0.13238424
0.0,0.048703462
0.0,0.13766685
0.0,0.029707313
1.0,0.93892235
1.0,0.84075916
1.0,0.96770895
0.0,0.6021909
0.0,0.7959281
1.0,0.95031345
1.0,0.99924344
0.0,0.22622234
1.0,0.9619161
0.0,0.8198054
1.0,0.99703455
1.0,0.9981851
1.0,0.40090248
0.0,0.10115573
0.0,0.4762252
1.0,0.9943913
0.0,0.30871725
0.0,0.27368218
1.0,0.9907871
0.0,0.21099746
0.0,0.12757477
0.0,0.27404773
1.0,0.74823946
0.0,0.717341
0.0,0.47761634
1.0,0.8392316
0.0,0.64480585
0.0,0.045501083
0.0,0.21312743
0.0,0.65703857
1.0,0.8123554
0.0,0.98234916
0.0,0.07300946
0.0,0.027101457
1.0,0.84629774
0.0,0.09233773
0.0,0.031767756
1.0,0.8093493
0.0,0.45429888
0.0,0.06932655
1.0,0.99936235
1.0,0.72360325
0.0,0.025790453
1.0,0.7013602
1.0,0.81972706
0.0,0.43355763
0.0,0.80915904
1.0,0.21214816
1.0,0.7975014
0.0,0.08916089
1.0,0.67177474
1.0,0.7848166
1.0,0.43186355
0.0,0.48876923
1.0,0.5801628
0.0,0.06490818
1.0,0.84754205
0.0,0.0110812485
1.0,0.9854204
0.0,0.93352807
0.0,0.18056443
1.0,0.92183685
0.0,0.053055197
1.0,0.9529674
1.0,0.851969
1.0,0.9886791
1.0,0.9378985
0.0,0.0075502098
1.0,0.05847439
0.0,0.6091642
0.0,0.04645139
0.0,0.2557975
0.0,0.40669808
1.0,0.9773655
0.0,0.15030429
0.0,0.7765784
0.0,0.79420114
0.0,0.5555407
1.0,0.9941163
0.0,0.6828684
0.0,0.0034011006
0.0,0.18175197
0.0,0.58325183
1.0,0.85388875
0.0,0.031890213
1.0,0.96865684
1.0,0.99554884
0.0,0.9522437
0.0,0.20260185
0.0,0.11817175
1.0,0.99081516
0.0,0.035517544
1.0,0.4107061
1.0,0.91422063
1.0,0.99289834
0.0,0.87613904
0.0,0.55497044
0.0,0.041725248
0.0,0.93935704
0.0,0.063880354
0.0,0.084784955
0.0,0.76984704
1.0,0.9660795
0.0,0.2802917
1.0,0.9697093
0.0,0.49544072
1.0,0.90618974
1.0,0.99302226
1.0,0.8869022
1.0,0.94003105
0.0,0.8950489
0.0,0.996007
0.0,0.6227674
1.0,0.91804695
1.0,0.9878346
0.0,0.076830804
1.0,0.24582446
1.0,0.9661809
1.0,0.9918245
1.0,0.83141494
0.0,0.92894423
0.0,0.04301256
1.0,0.9361709
0.0,0.06109637
0.0,0.6478472
1.0,0.99198365
0.0,0.062508434
0.0,0.7775721
0.0,0.27227288
0.0,0.052432418
0.0,0.18042654
1.0,0.9761118
0.0,0.06830591
0.0,0.5635271
1.0,0.50902694
0.0,0.24730605
1.0,0.98323345
0.0,0.79731953
0.0,0.047066033
0.0,0.0744912
0.0,0.8190636
1.0,0.78527206
0.0,0.52673686
0.0,0.3284033
1.0,0.9519526
1.0,0.96804106
0.0,0.26729143
0.0,0.08553836
0.0,0.06525475
1.0,0.90225554
0.0,0.040910453
1.0,0.9311366
1.0,0.90914464
1.0,0.75567687
1.0,0.85704565
1.0,0.9242584
0.0,0.97439855
1.0,0.9568715
1.0,0.997138
0.0,0.08272749
0.0,0.10581446
0.0,0.069387615
1.0,0.95389163
0.0,0.06372854
0.0,0.047579557
0.0,0.46676666
1.0,0.9961264
0.0,0.27778724
1.0,0.9780799
0.0,0.30246
0.0,0.73710465
0.0,0.34043485
0.0,0.04112026
0.0,0.058384866
1.0,0.5036921
1.0,0.9958234
0.0,0.23178056
0.0,0.63832814
1.0,0.90777194
0.0,0.019331396
1.0,0.99103653
0.0,0.22860768
0.0,0.04985434
0.0,0.081309915
1.0,0.999367
1.0,0.68532115
0.0,0.083789706
0.0,0.35530263
1.0,0.98148596
0.0,0.21090207
0.0,0.039492458
1.0,0.8898903
1.0,0.99923897
1.0,0.97858405
0.0,0.1406511
1.0,0.94456553
1.0,0.7931315
0.0,0.6265149
0.0,0.029909015
0.0,0.05349353
0.0,0.1137321
0.0,0.005812019
0.0,0.24893034
1.0,0.9466231
1.0,0.8484782
0.0,0.44569024
0.0,0.0024849474
0.0,0.3304512
0.0,0.120060325
1.0,0.8517318
0.0,0.83098847
0.0,0.016203016
0.0,0.94801927
0.0,0.9470633
1.0,0.53177613
0.0,0.033647656
0.0,0.91387457
1.0,0.9678557
0.0,0.0687823
0.0,0.50164145
0.0,0.06280437
0.0,0.019856751
1.0,0.5401092
1.0,0.85603726
0.0,0.19076747
0.0,0.9800319
0.0,0.021927953
0.0,0.9986272
0.0,0.99090636
0.0,0.7070703
0.0,0.09594262
0.0,0.348908
1.0,0.15605861
0.0,0.16212568
1.0,0.6644551
0.0,0.8961009
0.0,0.012251109
0.0,0.277408
0.0,0.39571774
0.0,0.07526687
0.0,0.13105488
1.0,0.9973151
0.0,0.053384304
0.0,0.8265035
0.0,0.13311276
1.0,0.9230671
1.0,0.960003
0.0,0.12639678
0.0,0.554857
0.0,0.051673234
1.0,0.9879815
1.0,0.9105017
1.0,0.99424386
0.0,0.29185885
1.0,0.9988188
0.0,0.18454131
0.0,0.033004433
0.0,0.034106046
1.0,0.08295372
0.0,0.015783638
0.0,0.117893696
1.0,0.998019
1.0,0.2733978
0.0,0.060370922
1.0,0.9969343
0.0,0.17092061
1.0,0.9053848
0.0,0.63900334
1.0,0.98812646
0.0,0.9910681
0.0,0.4978965
1.0,0.9112836
0.0,0.067792624
0.0,0.35853294
0.0,0.10821274
0.0,0.09986463
0.0,0.4831738
0.0,0.04016891
1.0,0.87765515
1.0,0.97058284
0.0,0.37102854
0.0,0.05500096
0.0,0.044847876
0.0,0.44531292
1.0,0.9993018
0.0,0.08857983
0.0,0.37386227
0.0,0.948215
0.0,0.23003918
0.0,0.004908502
1.0,0.9848691
1.0,0.97201234
0.0,0.006499529
0.0,0.17309475
0.0,0.20219341
0.0,0.084370494
1.0,0.70459116
0.0,0.9367587
0.0,0.18647063
0.0,0.04757759
1.0,0.9272423
0.0,0.06166485
0.0,0.19610536
1.0,0.98374665
0.0,0.2612115
0.0,0.51117814
1.0,0.78029835
1.0,0.6659136
1.0,0.99058163
0.0,0.017944187
0.0,0.043425024
0.0,0.521965
0.0,0.041441023
1.0,0.913026
0.0,0.3664199
1.0,0.098538786
0.0,0.022390991
0.0,0.062189072
0.0,0.34565502
1.0,0.8750521
0.0,0.9675904
0.0,0.4050706
0.0,0.58934313
1.0,0.8320335
0.0,0.2333717
0.0,0.16255039
0.0,0.0011703074
1.0,0.70555216
0.0,0.08325571
0.0,0.036322773
1.0,0.24277881
1.0,0.99491334
0.0,0.008408815
1.0,0.9949799
1.0,0.9693296
1.0,0.95463204
1.0,0.92746747
0.0,0.07788432
1.0,0.92012274
0.0,0.9978881
1.0,0.20262748
0.0,0.17552635
1.0,0.9174552
0.0,0.4363745
1.0,0.4549415
1.0,0.9997233
1.0,0.7098576
0.0,0.029017597
0.0,0.7819918
0.0,0.5866781
0.0,0.1023964
0.0,0.051082432
0.0,0.22437856
1.0,0.99785864
1.0,0.9941144
1.0,0.93304837
0.0,0.037220985
0.0,0.030998379
0.0,0.34733686
0.0,0.40119153
1.0,0.14701453
0.0,0.21093276
0.0,0.14953592
0.0,0.10028848
0.0,0.8696228
1.0,0.9080148
0.0,0.83230984
0.0,0.98003966
0.0,0.4076471
1.0,0.6464354
0.0,0.08397859
0.0,0.6709202
1.0,0.80507076
0.0,0.9226504
1.0,0.5686941
0.0,0.2971495
0.0,0.37383354
0.0,0.046607584
0.0,0.06374267
0.0,0.009501219
1.0,0.98696876
0.0,0.09087241
0.0,0.04971865
1.0,0.9958246
1.0,0.9596566
0.0,0.48864463
1.0,0.04022655
0.0,0.6363958
0.0,0.16012904
1.0,0.9917162
0.0,0.024530381
0.0,0.15023685
0.0,0.17402342
0.0,0.12301314
1.0,0.98707896
1.0,0.99315786
1.0,0.8932641
1.0,0.99889183
0.0,0.09226522
0.0,0.072767824
0.0,0.7271068
1.0,0.8960893
0.0,0.11606449
0.0,0.09437963
1.0,0.9308362
1.0,0.85838926
1.0,0.98987234
0.0,0.107866764
0.0,0.63587093
0.0,0.5471378
1.0,0.9989425
1.0,0.9860116
1.0,0.95681906
0.0,0.4606952
0.0,0.0043733716
0.0,0.012814581
1.0,0.9787396
1.0,0.34653902
0.0,0.47839555
1.0,0.96300364
1.0,0.72495055
1.0,0.96904844
1.0,0.6753498
0.0,0.40896523
0.0,0.16808313
1.0,0.7222838
1.0,0.8383922
0.0,0.053355873
0.0,0.16744822
0.0,0.017628163
0.0,0.12752822
0.0,0.07351813
0.0,0.8383825
0.0,0.048434258
0.0,0.18262097
1.0,0.86177176
1.0,0.947067
0.0,0.88015974
1.0,0.98983836
0.0,0.0110118985
1.0,0.95959663
0.0,0.47478753
1.0,0.9914156
0.0,0.03339541
0.0,0.050148755
0.0,0.06667006
0.0,0.24558696
1.0,0.33962268
1.0,0.81043
0.0,0.19140655
0.0,0.77850115
1.0,0.42849377
0.0,0.1545333
1.0,0.9842508
1.0,0.8588598
0.0,0.124657124
0.0,0.25465074
0.0,0.3557046
0.0,0.99696505
0.0,0.9432013
0.0,0.034496754
0.0,0.93438256
0.0,0.11675471
1.0,0.98847693
1.0,0.9947307
1.0,0.9300837
1.0,0.93393064
0.0,0.02598843
0.0,0.9479966
1.0,0.9197041
0.0,0.9216727
0.0,0.03474796
0.0,0.18123636
1.0,0.09921342
1.0,0.9198288
0.0,0.09670487
1.0,0.9905082
1.0,0.9805497
0.0,0.0037232041
0.0,0.050666332
1.0,0.9778744
0.0,0.05434379
0.0,0.61487997
0.0,0.0055383146
0.0,0.36155233
1.0,0.17239806
0.0,0.107189626
0.0,0.15518
0.0,0.71061885
1.0,0.47514284
0.0,0.02970174
0.0,0.43663347
1.0,0.98796
0.0,0.0692147
0.0,0.513654
0.0,0.99469507
1.0,0.9971055
1.0,0.84576267
1.0,0.53623
0.0,0.7406841
0.0,0.50456446
1.0,0.47673896
0.0,0.06581363
0.0,0.04202822
0.0,0.86924624
0.0,0.11232689
1.0,0.49925804
0.0,0.29576364
0.0,0.8797779
1.0,0.9198307
0.0,0.045589834
0.0,0.18968734
0.0,0.69646776
0.0,0.72776103
1.0,0.92927283
1.0,0.9946367
0.0,0.9089396
1.0,0.9060062
0.0,0.06823161
0.0,0.061285526
0.0,0.034423828
1.0,0.5740302
0.0,0.013278365
0.0,0.13044354
1.0,0.674613
1.0,0.9137243
1.0,0.93395185
0.0,0.46611214
1.0,0.93098086
1.0,0.9930656
0.0,0.0032743514
0.0,0.9902626
0.0,0.96551335
1.0,0.85424817
0.0,0.20065027
0.0,0.3962531
0.0,0.0312908
0.0,0.06183216
0.0,0.058601737
0.0,0.13404801
0.0,0.52954274
0.0,0.8296102
0.0,0.8602996
1.0,0.859046
1.0,0.83831394
1.0,0.94978404
0.0,0.06385794
1.0,0.9972694
0.0,0.42566705
0.0,0.083191246
1.0,0.9852582
0.0,0.37508726
0.0,0.04166603
0.0,0.6303259
0.0,0.04003027
0.0,0.31980285
0.0,0.9238332
0.0,0.2220402
1.0,0.9527969
0.0,0.025476664
0.0,0.042280734
0.0,0.03456512
1.0,0.9912157
1.0,0.9308013
0.0,0.8958206
1.0,0.8484941
0.0,0.050439775
1.0,0.35775697
0.0,0.12812755
0.0,0.031134546
1.0,0.06214261
0.0,0.050750047
0.0,0.029766768
1.0,0.92842376
0.0,0.21936044
1.0,0.035610646
0.0,0.75238204
0.0,0.047651082
1.0,0.94982886
0.0,0.030720294
0.0,0.67272115
0.0,0.95187116
0.0,0.044451416
0.0,0.023596585
1.0,0.9922211
0.0,0.0642986
0.0,0.21269006
0.0,0.14838943
1.0,0.7187048
0.0,0.9974716
0.0,0.41639742
1.0,0.80703986
0.0,0.0035055876
0.0,0.0639056
0.0,0.029533088
0.0,0.50365
1.0,0.9711125
0.0,0.07815504
0.0,0.0030854046
0.0,0.013615936
0.0,0.0133439
0.0,0.95144284
1.0,0.91014963
1.0,0.9656745
0.0,0.08403978
1.0,0.89626294
0.0,0.11812863
0.0,0.04402545
0.0,0.06262806
0.0,0.36371925
1.0,0.9907234
0.0,0.26301503
0.0,0.06009969
0.0,0.6574542
0.0,0.26823038
0.0,0.6567154
0.0,0.018206567
0.0,0.017021745
0.0,0.09138051
0.0,0.033723295
0.0,0.97770643
1.0,0.6395734
0.0,0.28107774
0.0,0.25898486
0.0,0.08504689
1.0,0.99823457
0.0,0.48142388
1.0,0.97809446
0.0,0.1295737
0.0,0.49551928
0.0,0.689533
1.0,0.9782193
1.0,0.9982347
1.0,0.89514184
1.0,0.84957546
0.0,0.21148199
0.0,0.06136051
1.0,0.98694414
1.0,0.98318994
0.0,0.034624487
0.0,0.41987523
0.0,0.94475126
1.0,0.98149884
0.0,0.09297386
0.0,0.05360961
0.0,0.22927794
0.0,0.069943786
1.0,0.7660319
1.0,0.9739535
0.0,0.0038687289
1.0,0.8522184
0.0,0.24285096
0.0,0.0958831
0.0,0.01994589
0.0,0.24293998
0.0,0.037367165
1.0,0.98709357
0.0,0.005756885
0.0,0.5877498
0.0,0.9627514
0.0,0.2950102
0.0,0.92679894
1.0,0.9677346
0.0,0.12699053
0.0,0.08476791
1.0,0.9666017
0.0,0.6906871
0.0,0.028211981
1.0,0.9981319
1.0,0.84281063
0.0,0.24605781
1.0,0.8779086
0.0,0.46268943
1.0,0.9259463
1.0,0.999864
0.0,0.31783098
1.0,0.9929179
0.0,0.20597294
0.0,0.04210022
0.0,0.6361929
0.0,0.60225165
0.0,0.11006734
0.0,0.06214556
0.0,0.923773
1.0,0.9956343
0.0,0.31653026
0.0,0.22108987
0.0,0.74341226
0.0,0.4143017
1.0,0.9324856
0.0,0.12864411
0.0,0.8528841
0.0,0.05509782
0.0,0.16163233
0.0,0.013157994
0.0,0.9875121
1.0,0.08572954
0.0,0.34389335
1.0,0.88797736
0.0,0.054300457
1.0,0.46910533
0.0,0.14796558
0.0,0.14579934
0.0,0.0826056
0.0,0.90341234
0.0,0.5395644
0.0,0.20827675
0.0,0.4136034
0.0,0.1153335
0.0,0.92007565
0.0,0.9769641
1.0,0.9688941
0.0,0.7546011
0.0,0.08917111
1.0,0.9993431
0.0,0.078724116
0.0,0.026670486
0.0,0.005951911
1.0,0.99011326
1.0,0.90465033
1.0,0.87620807
1.0,0.9967314
0.0,0.27120012
1.0,0.670249
0.0,0.91553354
1.0,0.6742816
0.0,0.095888436
0.0,0.9897356
0.0,0.1338023
0.0,0.14886612
0.0,0.08361471
1.0,0.9889839
1.0,0.69930375
0.0,0.9967481
1.0,0.7799233
0.0,0.026453584
1.0,0.9966795
0.0,0.061145723
0.0,0.059782207
0.0,0.9991637
0.0,0.7903652
0.0,0.43128732
0.0,0.026142657
1.0,0.99774945
0.0,0.0146999955
1.0,0.99650526
1.0,0.9626169
1.0,0.9882815
0.0,0.0071537793
0.0,0.99657923
0.0,0.1819557
0.0,0.25187698
0.0,0.62590724
1.0,0.78429604
0.0,0.6422857
0.0,0.29879242
0.0,0.27623492
0.0,0.01759398
0.0,0.04220444
0.0,0.1999937
0.0,0.80297875
0.0,0.0272533
0.0,0.1671809
1.0,0.9975574
0.0,0.3406736
0.0,0.012632877
0.0,0.024085164
0.0,0.090657026
1.0,0.9270107
0.0,0.60833734
1.0,0.98417723
0.0,0.8890008
1.0,0.987687
1.0,0.9764247
0.0,0.01958692
0.0,0.6480198
0.0,0.1706621
0.0,0.5079298
0.0,0.16485408
0.0,0.7423288
1.0,0.9841641
0.0,0.0785743
1.0,0.4311838
0.0,0.15322548
0.0,0.018147886
0.0,0.15194371
1.0,0.9876864
0.0,0.007246107
1.0,0.9995774
0.0,0.07137346
0.0,0.060513735
0.0,0.77172077
0.0,0.42826653
0.0,0.3416165
0.0,0.20297691
1.0,0.816306
1.0,0.9419649
0.0,0.7958132
0.0,0.0818052
0.0,0.19412434
1.0,0.55094904
0.0,0.0583584
1.0,0.6619554
0.0,0.35080636
1.0,0.9008961
1.0,0.985823
0.0,0.16275677
0.0,0.0659841
0.0,0.3415793
1.0,0.8953968
0.0,0.40093598
0.0,0.963807
1.0,0.994925
1.0,0.9228575
0.0,0.5604369
0.0,0.106256634
1.0,0.9624361
0.0,0.07303622
0.0,0.03180495
0.0,0.054819614
1.0,0.90040624
0.0,0.15401676
0.0,0.7482373
1.0,0.9888791
1.0,0.8486973
0.0,0.51524425
0.0,0.06358057
0.0,0.020242333
1.0,0.9882927
1.0,0.98712087
1.0,0.97143316
0.0,0.4236797
0.0,0.077402085
0.0,0.2630425
0.0,0.030861497
1.0,0.96376663
0.0,0.04912278
0.0,0.79715884
0.0,0.08613771
0.0,0.8649224
0.0,0.618973
0.0,0.04747179
0.0,0.5189748
0.0,0.19894975
0.0,0.07668468
1.0,0.84079874
1.0,0.91656226
0.0,0.638559
0.0,0.355426
1.0,0.09774929
0.0,0.08284813
1.0,0.9826125
0.0,0.13011762
0.0,0.04932189
1.0,0.97627354
1.0,0.9966949
0.0,0.86575073
0.0,0.43667006
1.0,0.5420078
0.0,0.32453632
0.0,0.54466957
0.0,0.99939436
0.0,0.049085766
1.0,0.94055164
1.0,0.32256615
0.0,0.34359267
0.0,0.0066144466
0.0,0.21357018
1.0,0.98353785
0.0,0.09721729
1.0,0.565803
0.0,0.555745
1.0,0.8165308
1.0,0.9136248
0.0,0.5751122
1.0,0.44444025
0.0,0.95089555
0.0,0.0094358325
1.0,0.99280995
1.0,0.27425617
0.0,0.038555056
0.0,0.59049237
0.0,0.94163203
0.0,0.8989506
1.0,0.9780705
0.0,0.4124208
0.0,0.2635986
0.0,0.051076323
1.0,0.96516454
0.0,0.060842842
0.0,0.76354146
1.0,0.9678782
0.0,0.042308927
0.0,0.8846798
0.0,0.20278701
1.0,0.34380853
0.0,0.4197446
1.0,0.98699796
0.0,0.0852437
1.0,0.4653965
1.0,0.66599727
1.0,0.97331107
1.0,0.9456575
0.0,0.017539978
1.0,0.88327503
0.0,0.04827702
1.0,0.9959445
1.0,0.963356
0.0,0.26297343
1.0,0.9293473
0.0,0.020243138
1.0,0.8339089
1.0,0.89040565
0.0,0.09520632
0.0,0.9769902
1.0,0.999667
1.0,0.25216633
0.0,0.3319974
0.0,0.5023136
0.0,0.002033025
0.0,0.025404215
0.0,0.6346875
1.0,0.8794236
1.0,0.97164345
1.0,0.6536165
1.0,0.8702224
1.0,0.9964605
1.0,0.995703
0.0,0.8928679
1.0,0.982112
0.0,0.19366357
0.0,0.25672197
0.0,0.13760152
1.0,0.4598067
1.0,0.8161615
0.0,0.17574868
0.0,0.052714556
0.0,0.98134106
1.0,0.8537537
1.0,0.5817771
1.0,0.98842776
0.0,0.020411253
0.0,0.9967774
0.0,0.07187173
0.0,0.35024422
0.0,0.06921151
0.0,0.052607358
1.0,0.9950689
1.0,0.9615128
0.0,0.1835868
0.0,0.19176564
0.0,0.90321577
0.0,0.7301079
0.0,0.7774701
0.0,0.56742257
0.0,0.74655
1.0,0.74035704
0.0,0.21453792
1.0,0.8089948
0.0,0.025761724
0.0,0.9802985
0.0,0.2674079
0.0,0.86220735
1.0,0.9796028
1.0,0.936212
1.0,0.92944074
1.0,0.9717083
0.0,0.029764622
0.0,0.91066325
1.0,0.7385935
1.0,0.73813957
0.0,0.45073363
0.0,0.17502826
0.0,0.5547929
1.0,0.83886474
0.0,0.03182113
1.0,0.3751148
0.0,0.11539826
0.0,0.41668114
0.0,0.044616282
0.0,0.060738623
0.0,0.7665746
0.0,0.08155909
0.0,0.2014255
1.0,0.98692334
0.0,0.04384631
0.0,0.79737824
0.0,0.08506754
1.0,0.65327305
0.0,0.2848688
1.0,0.9977313
0.0,0.00761351
0.0,0.109309465
0.0,0.018903375
0.0,0.7128732
0.0,0.049655497
0.0,0.0313645
1.0,0.98391676
0.0,0.6074539
1.0,0.90690875
1.0,0.93856823
0.0,0.039901257
0.0,0.31339768
1.0,0.9789814
1.0,0.99955904
0.0,0.4790275
0.0,0.3920481
0.0,0.095495015
0.0,0.7013814
0.0,0.05033633
1.0,0.97305775
0.0,0.07512745
1.0,0.7851733
1.0,0.8049947
0.0,0.941589
0.0,0.37409413
0.0,0.0894742
0.0,0.022444963
0.0,0.73998916
0.0,0.05909258
0.0,0.057152003
0.0,0.9597991
1.0,0.92616856
1.0,0.7091294
0.0,0.25370556
0.0,0.04402134
0.0,0.9099691
1.0,0.8739993
0.0,0.035703003
0.0,0.14582577
1.0,0.8368397
1.0,0.996742
0.0,0.42912653
0.0,0.53751844
0.0,0.13212112
1.0,0.9621408
0.0,0.07843351
1.0,0.9966717
1.0,0.74303424
0.0,0.15362385
0.0,0.3780558
0.0,0.24728209
1.0,0.8200713
0.0,0.44690213
1.0,0.9546168
0.0,0.082793325
1.0,0.8209942
0.0,0.48806885
0.0,0.060418516
0.0,0.10716301
1.0,0.9994953
0.0,0.972576
1.0,0.9975983
1.0,0.9360521
0.0,0.016453356
1.0,0.4102966
0.0,0.515065
1.0,0.7404433
0.0,0.011202186
1.0,0.972162
0.0,0.028076768
1.0,0.9477025
1.0,0.9518003
1.0,0.99975365
0.0,0.0152875185
1.0,0.9964748
1.0,0.7238332
0.0,0.023223132
1.0,0.97128665
1.0,0.7949761
1.0,0.32897216
0.0,0.5376841
0.0,0.31764087
0.0,0.9440194
0.0,0.29817218
