0.0,0.80029607
0.0,0.956195
1.0,0.5811199
0.0,0.37032562
1.0,0.7537093
0.0,0.16078427
1.0,0.9953349
1.0,0.9709193
1.0,0.9912338
0.0,0.1314328
0.0,0.57398826
1.0,0.9964659
0.0,0.03168273
0.0,0.74322426
0.0,0.2622056
0.0,0.1980303
1.0,0.8945772
0.0,0.29782832
0.0,0.18852365
1.0,0.8265132
1.0,0.8385656
0.0,0.15153155
1.0,0.90699816
0.0,0.23404261
0.0,0.21307269
1.0,0.92730206
0.0,0.742511
1.0,0.9737465
0.0,0.16703749
1.0,0.8654933
0.0,0.090348154
0.0,0.7280209
1.0,0.9812969
1.0,0.99961805
1.0,0.9955077
1.0,0.97974277
1.0,0.91631246
0.0,0.37973046
1.0,0.9745543
1.0,0.13441133
1.0,0.98337805
1.0,0.9876569
0.0,0.05353707
1.0,0.9827126
1.0,0.9624826
0.0,0.14816692
0.0,0.04211223
0.0,0.5386816
0.0,0.13204256
1.0,0.9916141
0.0,0.9128245
1.0,0.96989864
1.0,0.9993928
1.0,0.96908045
0.0,0.23763245
0.0,0.15541151
0.0,0.5870745
1.0,0.21567819
1.0,0.98243856
1.0,0.84434116
1.0,0.9908962
0.0,0.5577629
1.0,0.998067
1.0,0.97099406
1.0,0.9936024
0.0,0.42910126
0.0,0.9320142
1.0,0.99303645
0.0,0.1593476
1.0,0.8969003
0.0,0.417889
1.0,0.9812006
0.0,0.024507046
0.0,0.4409739
1.0,0.78447175
0.0,0.9389691
0.0,0.11971134
0.0,0.53926575
0.0,0.12173352
1.0,0.97271216
0.0,0.18660906
1.0,0.99984264
1.0,0.9942667
1.0,0.9999764
1.0,0.99938345
1.0,0.93972003
1.0,0.99632025
0.0,0.79950184
0.0,0.17999223
1.0,0.94244105
0.0,0.13285804
1.0,0.68367094
0.0,0.06885147
0.0,0.95243716
0.0,0.33477563
1.0,0.9984393
0.0,0.10372037
0.0,0.18913805
1.0,0.9073745
1.0,0.99868035
0.0,0.056158602
0.0,0.36532676
1.0,0.19231778
0.0,0.51012397
0.0,0.33042455
1.0,0.98375714
1.0,0.29751018
0.0,0.27848625
1.0,0.16157967
1.0,0.99895036
1.0,0.972695
0.0,0.5104685
1.0,0.41405842
0.0,0.5935989
0.0,0.1648683
1.0,0.78944606
0.0,0.2356961
1.0,0.9451605
1.0,0.6759192
1.0,0.9986017
0.0,0.6267799
1.0,0.9979085
0.0,0.88309133
0.0,0.12745488
0.0,0.46075445
1.0,0.5234969
0.0,0.11320144
0.0,0.58690035
1.0,0.99641144
1.0,0.9490003
1.0,0.98694515
0.0,0.30483216
0.0,0.2629374
1.0,0.7344698
1.0,0.99959576
0.0,0.89092016
0.0,0.19982103
0.0,0.3660983
0.0,0.3227996
0.0,0.24437022
1.0,0.9950633
0.0,0.4473999
1.0,0.31341958
0.0,0.34974128
0.0,0.14599565
0.0,0.087741405
1.0,0.8296963
0.0,0.19880053
0.0,0.36451784
0.0,0.23391488
0.0,0.37139744
0.0,0.095317334
0.0,0.13844264
0.0,0.99183214
0.0,0.73892
1.0,0.98588836
0.0,0.1386204
0.0,0.17124012
1.0,0.9998342
0.0,0.4192983
0.0,0.8012927
0.0,0.29751396
0.0,0.1985133
0.0,0.7826046
1.0,0.99865663
0.0,0.45788765
1.0,0.9752815
0.0,0.2867267
0.0,0.16322142
1.0,0.9507239
0.0,0.8925428
0.0,0.9994808
0.0,0.93254864
0.0,0.022313356
1.0,0.81001043
1.0,0.9686237
0.0,0.1951701
1.0,0.91293156
0.0,0.7554102
1.0,0.9981202
1.0,0.9622165
1.0,0.96050763
1.0,0.9938166
1.0,0.9873799
0.0,0.89222383
0.0,0.21467209
0.0,0.17315096
0.0,0.9962629
0.0,0.20706502
0.0,0.12416062
1.0,0.5933304
0.0,0.07061726
0.0,0.96537805
1.0,0.99216485
1.0,0.928156
1.0,0.9917043
0.0,0.17631108
0.0,0.56978285
0.0,0.15894818
1.0,0.15280342
0.0,0.8845853
0.0,0.89621145
0.0,0.7944666
0.0,0.41464487
0.0,0.5534149
1.0,0.6614176
0.0,0.17753878
1.0,0.6744667
0.0,0.0766637
0.0,0.6433861
0.0,0.12675366
1.0,0.9931325
0.0,0.9544382
0.0,0.5261311
0.0,0.11882058
0.0,0.097233176
0.0,0.9819518
0.0,0.49359974
1.0,0.9975756
0.0,0.09335461
0.0,0.15063173
1.0,0.9855298
1.0,0.9969099
0.0,0.36218065
0.0,0.13870358
0.0,0.1147252
0.0,0.41606528
0.0,0.23696163
0.0,0.48330224
1.0,0.99842834
0.0,0.23275298
1.0,0.76249087
0.0,0.18198138
1.0,0.97317445
1.0,0.94567597
0.0,0.27323082
0.0,0.27446085
0.0,0.18031672
1.0,0.93707633
1.0,0.80499434
1.0,0.9952997
1.0,0.87699604
0.0,0.12625149
0.0,0.9805188
1.0,0.99480575
0.0,0.7119951
0.0,0.13183254
0.0,0.19446555
0.0,0.6811608
0.0,0.22268271
0.0,0.16958994
0.0,0.2978722
1.0,0.97601676
0.0,0.1896773
0.0,0.6415992
0.0,0.11503366
1.0,0.97508144
1.0,0.95783013
0.0,0.29523152
0.0,0.19121522
0.0,0.17430037
1.0,0.9987575
0.0,0.072897434
0.0,0.10910049
0.0,0.14917755
0.0,0.09087449
1.0,0.999199
1.0,0.99991953
1.0,0.9997349
0.0,0.28738868
1.0,0.9598299
0.0,0.24173936
0.0,0.21240807
0.0,0.5848586
1.0,0.99265313
1.0,0.86813986
0.0,0.12534443
0.0,0.12541172
1.0,0.95754814
1.0,0.831931
0.0,0.2873922
1.0,0.8165107
1.0,0.9292322
0.0,0.9315791
0.0,0.768106
0.0,0.12606215
0.0,0.10480556
0.0,0.37104207
0.0,0.13682532
1.0,0.9991776
0.0,0.18454933
0.0,0.19841641
1.0,0.99992734
0.0,0.11511451
1.0,0.9990046
1.0,0.27678284
1.0,0.9817296
1.0,0.90592563
1.0,0.97258985
0.0,0.1618911
1.0,0.9875779
0.0,0.8623935
1.0,0.99737453
0.0,0.96705925
0.0,0.9270438
0.0,0.25570777
0.0,0.08253822
0.0,0.483301
1.0,0.9916812
0.0,0.9933146
1.0,0.930107
0.0,0.8885684
1.0,0.99030936
1.0,0.9998761
0.0,0.13813666
0.0,0.08913031
0.0,0.08369431
1.0,0.984624
1.0,0.7339074
0.0,0.080156446
0.0,0.03110063
0.0,0.13172251
0.0,0.17904636
1.0,0.99148333
1.0,0.90709496
0.0,0.24919716
0.0,0.91060066
1.0,0.929636
1.0,0.9891299
1.0,0.9823867
0.0,0.08051774
0.0,0.7014468
0.0,0.13472337
0.0,0.9121114
1.0,0.997247
1.0,0.92198265
0.0,0.38969782
0.0,0.4644243
0.0,0.11198643
0.0,0.7912731
0.0,0.06676713
0.0,0.5982958
1.0,0.63416165
0.0,0.3526184
0.0,0.09945804
0.0,0.34130067
0.0,0.97768116
0.0,0.9872096
0.0,0.4112657
0.0,0.056586146
1.0,0.73367554
0.0,0.14058754
1.0,0.9703055
0.0,0.11037558
0.0,0.5071582
0.0,0.37296197
0.0,0.059632897
0.0,0.9981775
1.0,0.49696335
1.0,0.9865268
0.0,0.85473454
1.0,0.6611167
0.0,0.07433933
0.0,0.90907454
0.0,0.54961014
0.0,0.9553188
0.0,0.12768295
0.0,0.0041265786
1.0,0.7363876
0.0,0.16806334
1.0,0.9997642
0.0,0.2454848
1.0,0.90270907
0.0,0.50224924
1.0,0.6600405
1.0,0.9963638
1.0,0.9975985
0.0,0.09549707
0.0,0.16189045
1.0,0.9897618
0.0,0.20138502
0.0,0.2641579
1.0,0.2638874
1.0,0.9996651
0.0,0.40850186
1.0,0.97743666
1.0,0.9989862
0.0,0.93277943
0.0,0.22436115
0.0,0.25206095
0.0,0.19858924
0.0,0.16856256
0.0,0.7629204
1.0,0.99771714
0.0,0.7048386
1.0,0.93703294
1.0,0.6924752
0.0,0.22568414
0.0,0.39904404
0.0,0.8751263
1.0,0.9993244
1.0,0.99638134
1.0,0.64810467
0.0,0.4155049
1.0,0.994086
1.0,0.9638138
0.0,0.011782259
0.0,0.44710466
0.0,0.9173224
0.0,0.8929945
1.0,0.98659843
0.0,0.21871373
1.0,0.69688326
0.0,0.8930432
0.0,0.21912721
0.0,0.2577756
0.0,0.15500256
0.0,0.09913859
0.0,0.14587542
0.0,0.12398252
0.0,0.207567
0.0,0.21701366
0.0,0.45566142
0.0,0.44083828
0.0,0.11900619
0.0,0.7852268
0.0,0.2107844
1.0,0.8950491
0.0,0.56334287
1.0,0.99826515
0.0,0.17521599
0.0,0.050516874
0.0,0.14968672
0.0,0.98011625
0.0,0.9761485
0.0,0.31821096
0.0,0.58006126
0.0,0.059892386
0.0,0.055717677
0.0,0.20553204
0.0,0.907179
1.0,0.9767186
0.0,0.18833545
0.0,0.03977844
0.0,0.82420886
0.0,0.44964483
1.0,0.43668094
0.0,0.96127427
1.0,0.72797155
0.0,0.05788344
0.0,0.4798952
1.0,0.99848664
0.0,0.9723005
1.0,0.87024534
1.0,0.9442603
1.0,0.983674
1.0,0.98498666
0.0,0.09307507
1.0,0.9566809
0.0,0.09198502
0.0,0.13405856
0.0,0.6241286
1.0,0.99965525
0.0,0.083493024
0.0,0.03930345
1.0,0.7677046
1.0,0.9999448
0.0,0.42551154
0.0,0.07586986
1.0,0.9805373
0.0,0.80228287
1.0,0.9641137
0.0,0.7064921
0.0,0.4242712
1.0,0.8570373
0.0,0.9415302
0.0,0.045024782
1.0,0.73167175
0.0,0.45056245
1.0,0.99988115
0.0,0.07858756
1.0,0.84311867
1.0,0.9625383
1.0,0.9467354
1.0,0.9996059
0.0,0.4196862
0.0,0.26768455
1.0,0.9284007
0.0,0.06956193
0.0,0.9065811
1.0,0.9800271
1.0,0.75215125
1.0,0.99149454
0.0,0.2486496
1.0,0.99700296
1.0,0.9853438
0.0,0.6424216
1.0,0.9998193
0.0,0.8712511
1.0,0.83342576
1.0,0.9845042
0.0,0.957016
0.0,0.81901175
1.0,0.58564484
0.0,0.5177808
1.0,0.9849391
0.0,0.9307089
0.0,0.13863769
0.0,0.7927925
1.0,0.9998689
0.0,0.19784617
0.0,0.24078733
0.0,0.8841905
1.0,0.7735826
0.0,0.17824495
0.0,0.15018174
0.0,0.8719329
0.0,0.89742434
1.0,0.96071184
1.0,0.97742075
0.0,0.29810846
0.0,0.9826923
0.0,0.6900351
0.0,0.56682086
0.0,0.10114047
1.0,0.966743
0.0,0.21768701
1.0,0.99130404
0.0,0.97363627
0.0,0.531411
1.0,0.96011066
0.0,0.42529273
0.0,0.56053555
0.0,0.12809399
0.0,0.15863469
0.0,0.30333066
0.0,0.13331193
0.0,0.15377733
0.0,0.30533355
1.0,0.97951186
1.0,0.9994102
0.0,0.104986936
0.0,0.14365241
1.0,0.9969966
0.0,0.14454049
1.0,0.9707179
0.0,0.47511485
0.0,0.13222933
1.0,0.9904444
0.0,0.6071947
1.0,0.9215205
0.0,0.6730453
1.0,0.9299692
0.0,0.20524135
0.0,0.12903878
0.0,0.6095203
1.0,0.9985029
0.0,0.01674363
0.0,0.34119374
0.0,0.09750727
0.0,0.98547584
1.0,0.9246343
0.0,0.2340157
0.0,0.074938774
1.0,0.9987081
1.0,0.2026465
0.0,0.34308255
1.0,0.970109
0.0,0.35433066
0.0,0.89864254
1.0,0.98315525
1.0,0.99990904
0.0,0.36294532
1.0,0.9969227
1.0,0.9910084
0.0,0.10472894
0.0,0.5157472
0.0,0.28387636
1.0,0.21098587
0.0,0.19738382
0.0,0.1872741
0.0,0.13523492
1.0,0.9993608
1.0,0.9864904
0.0,0.35443252
1.0,0.70300424
1.0,0.24589047
0.0,0.7144643
1.0,0.9741175
0.0,0.6918397
1.0,0.6362324
0.0,0.45529366
1.0,0.9967462
0.0,0.16457912
0.0,0.1162844
1.0,0.9869594
0.0,0.17727777
1.0,0.97510004
0.0,0.23125029
0.0,0.26549405
0.0,0.14510652
1.0,0.96005833
0.0,0.3645038
1.0,0.86915755
0.0,0.12722209
1.0,0.9799187
1.0,0.9645685
0.0,0.13260368
1.0,0.9961916
1.0,0.9928045
1.0,0.8899292
1.0,0.9131541
0.0,0.6055984
0.0,0.15609166
0.0,0.96029896
1.0,0.9961239
1.0,0.77184176
0.0,0.16361919
0.0,0.1300458
0.0,0.7240195
1.0,0.94898295
0.0,0.812374
1.0,0.10843849
1.0,0.7854187
0.0,0.2680465
0.0,0.15952212
1.0,0.99856913
0.0,0.8774085
1.0,0.9982217
0.0,0.9589435
0.0,0.21940318
0.0,0.18307996
1.0,0.7494375
0.0,0.42216903
1.0,0.99882203
0.0,0.1304673
1.0,0.87729955
0.0,0.75328046
0.0,0.5666697
1.0,0.2724586
1.0,0.78443563
1.0,0.7856977
1.0,0.99121195
0.0,0.26221228
0.0,0.15386206
0.0,0.93048275
0.0,0.07833251
1.0,0.9974637
1.0,0.8278029
0.0,0.05763793
0.0,0.19400793
0.0,0.15048197
1.0,0.9002001
0.0,0.16583908
0.0,0.334126
0.0,0.32135856
0.0,0.6807171
0.0,0.2500556
0.0,0.45515385
1.0,0.93092966
0.0,0.96691597
1.0,0.36654454
0.0,0.43815807
0.0,0.73311675
1.0,0.8523481
1.0,0.9800539
1.0,0.9848267
0.0,0.4138132
0.0,0.28554875
1.0,0.8081385
0.0,0.059274018
0.0,0.23316845
0.0,0.17846435
1.0,0.8996034
0.0,0.30786425
0.0,0.45528138
1.0,0.99899185
0.0,0.57272846
1.0,0.9997155
1.0,0.98631763
1.0,0.9978205
0.0,0.14361423
1.0,0.99512744
1.0,0.981929
0.0,0.22462621
1.0,0.6494775
0.0,0.38507688
0.0,0.4400746
0.0,0.5965942
0.0,0.057845235
1.0,0.9544476
1.0,0.9467168
1.0,0.99956894
1.0,0.99801576
1.0,0.9957478
0.0,0.83976793
0.0,0.9881762
1.0,0.9939295
0.0,0.16403243
1.0,0.70030403
1.0,0.9998075
0.0,0.76080245
1.0,0.7211671
1.0,0.5030318
0.0,0.127788
0.0,0.24070674
0.0,0.29981756
0.0,0.12652746
1.0,0.7853721
1.0,0.9864322
0.0,0.1433034
0.0,0.35458094
1.0,0.2541329
1.0,0.9714184
1.0,0.56376624
0.0,0.18039319
1.0,0.96620727
1.0,0.8344313
0.0,0.1129393
0.0,0.6747521
1.0,0.9859282
1.0,0.99906355
0.0,0.4312492
1.0,0.9358364
0.0,0.13586274
0.0,0.8212941
1.0,0.9833225
0.0,0.88162416
1.0,0.99832237
0.0,0.6549604
0.0,0.6770021
0.0,0.23421508
1.0,0.9863296
1.0,0.8577827
0.0,0.10065284
0.0,0.106126815
1.0,0.9516697
0.0,0.18204254
1.0,0.9996004
1.0,0.9858259
1.0,0.9458432
0.0,0.3077863
0.0,0.99627894
0.0,0.5877319
0.0,0.20586371
0.0,0.0056227148
1.0,0.9329504
0.0,0.93843997
0.0,0.08006534
1.0,0.96989334
0.0,0.16496217
1.0,0.75015944
1.0,0.9484803
0.0,0.18648136
0.0,0.30265483
0.0,0.97216827
0.0,0.0902856
0.0,0.09672919
0.0,0.10610852
0.0,0.076645434
0.0,0.98347354
1.0,0.7296053
1.0,0.9849889
0.0,0.94982964
0.0,0.8717637
0.0,0.22691944
0.0,0.13352123
0.0,0.1431363
1.0,0.5530736
0.0,0.2011188
0.0,0.0056259334
1.0,0.9143219
1.0,0.37552413
0.0,0.13807073
0.0,0.9941839
0.0,0.045981526
0.0,0.21893123
0.0,0.038550675
0.0,0.29976654
1.0,0.99624646
1.0,0.9234853
1.0,0.96136075
0.0,0.153014
1.0,0.9905678
1.0,0.99816823
0.0,0.94309926
0.0,0.068458945
1.0,0.81752735
1.0,0.72888154
1.0,0.9868039
1.0,0.9830174
1.0,0.9425733
0.0,0.6407435
0.0,0.39091593
1.0,0.93585145
0.0,0.033789933
1.0,0.99688953
0.0,0.12605053
1.0,0.70489526
0.0,0.14956123
0.0,0.82202315
0.0,0.3993233
0.0,0.2863425
0.0,0.81846684
0.0,0.17918098
0.0,0.12672329
0.0,0.21228817
0.0,0.9748311
0.0,0.11846444
0.0,0.10252428
1.0,0.940056
1.0,0.909433
1.0,0.9932989
0.0,0.9834176
0.0,0.8550368
0.0,0.9442
0.0,0.17296451
1.0,0.9985826
1.0,0.7114106
1.0,0.9732245
1.0,0.9993919
0.0,0.9843426
0.0,0.11669928
0.0,0.07439461
1.0,0.92629236
0.0,0.25824082
1.0,0.090860605
1.0,0.9804394
0.0,0.4392311
0.0,0.05115843
0.0,0.22872195
0.0,0.707273
1.0,0.99500436
1.0,0.97520643
0.0,0.39932245
1.0,0.98686445
1.0,0.82667494
0.0,0.9576836
0.0,0.29951918
1.0,0.9728279
0.0,0.06559646
0.0,0.6387017
0.0,0.10638511
0.0,0.7829442
0.0,0.13624942
1.0,0.6941446
0.0,0.22828832
0.0,0.95961565
1.0,0.99825704
1.0,0.99179137
0.0,0.7430346
0.0,0.8480629
1.0,0.93392754
0.0,0.33498442
0.0,0.034620762
1.0,0.88351965
0.0,0.488662
0.0,0.13223776
0.0,0.26619154
1.0,0.99423647
0.0,0.49281746
1.0,0.94294083
1.0,0.97140145
1.0,0.99998426
0.0,0.12974808
1.0,0.31812802
0.0,0.090801656
1.0,0.9938431
0.0,0.23042178
1.0,0.9855337
0.0,0.29270446
0.0,0.28827447
1.0,0.99724853
0.0,0.12580153
0.0,0.10032785
1.0,0.6773431
1.0,0.8819461
1.0,0.41213366
1.0,0.925719
1.0,0.76454926
1.0,0.99803054
1.0,0.96571666
0.0,0.113740385
1.0,0.86900663
1.0,0.99857444
0.0,0.21710402
0.0,0.14726794
0.0,0.091649055
1.0,0.90458167
0.0,0.15824258
0.0,0.44186962
0.0,0.8607855
1.0,0.9910579
0.0,0.1698944
0.0,0.9445158
1.0,0.96706593
1.0,0.99686944
1.0,0.98598915
1.0,0.35228914
0.0,0.9977969
0.0,0.17229733
0.0,0.75318754
0.0,0.6034315
0.0,0.12575495
0.0,0.6093891
0.0,0.19980747
1.0,0.6687449
1.0,0.9865051
0.0,0.24498591
1.0,0.98126364
0.0,0.111615926
0.0,0.28676206
1.0,0.9978975
0.0,0.14655304
0.0,0.9701053
0.0,0.11353582
0.0,0.9671674
0.0,0.23443818
0.0,0.13770813
0.0,0.9821483
1.0,0.912861
0.0,0.5577522
0.0,0.9653355
1.0,0.97756803
0.0,0.26595205
1.0,0.78364384
0.0,0.1617702
0.0,0.1259495
0.0,0.20968229
0.0,0.6461832
0.0,0.08802742
0.0,0.080257595
0.0,0.28127325
0.0,0.34675938
0.0,0.8534148
1.0,0.84993875
0.0,0.5079934
1.0,0.9792618
0.0,0.9775394
1.0,0.42983645
0.0,0.4289952
0.0,0.20487985
0.0,0.5631637
1.0,0.99485785
1.0,0.30843672
1.0,0.9446191
0.0,0.09436455
0.0,0.4028708
1.0,0.9872515
0.0,0.44340494
0.0,0.604561
1.0,0.92716515
0.0,0.21451482
1.0,0.9990374
1.0,0.71524847
0.0,0.31893975
1.0,0.7235425
0.0,0.6110094
1.0,0.87917256
0.0,0.3964213
1.0,0.9999596
0.0,0.071231544
0.0,0.99242437
0.0,0.2771249
0.0,0.43223614
0.0,0.061945915
0.0,0.20518747
0.0,0.4485221
1.0,0.9972385
0.0,0.20312628
0.0,0.095468014
0.0,0.07554397
0.0,0.5668722
0.0,0.3644161
1.0,0.95125353
0.0,0.9396188
0.0,0.21866918
1.0,0.75291336
0.0,0.7941792
1.0,0.99511087
0.0,0.8763498
1.0,0.98877597
1.0,0.961025
0.0,0.096004486
1.0,0.9998491
0.0,0.85304344
0.0,0.14461166
0.0,0.10976273
0.0,0.60520536
1.0,0.5619284
1.0,0.9993421
0.0,0.4044258
0.0,0.5398761
1.0,0.9989628
0.0,0.59918624
1.0,0.7584785
1.0,0.30629587
1.0,0.92818576
0.0,0.23525774
1.0,0.8116567
0.0,0.29342157
1.0,0.99667716
1.0,0.52393085
0.0,0.638362
0.0,0.90343094
0.0,0.2944314
0.0,0.7557682
1.0,0.92010117
1.0,0.9856967
1.0,0.99929667
0.0,0.19844028
0.0,0.043986946
1.0,0.9920261
0.0,0.909115
0.0,0.04859376
0.0,0.335338
1.0,0.67701805
0.0,0.5906289
0.0,0.116882086
0.0,0.8092735
0.0,0.47110447
1.0,0.874174
1.0,0.99898696
0.0,0.639964
0.0,0.2681573
0.0,0.19382617
1.0,0.99991536
0.0,0.30542833
0.0,0.9115949
1.0,0.9372951
0.0,0.033563495
0.0,0.87215555
1.0,0.9831849
0.0,0.46522272
1.0,0.920473
1.0,0.27817518
0.0,0.09780526
0.0,0.15913504
0.0,0.13923612
0.0,0.1213564
1.0,0.99898
1.0,0.99992186
1.0,0.9988733
1.0,0.7525331
0.0,0.961867
0.0,0.37065876
1.0,0.96072036
1.0,0.99564034
0.0,0.34726566
0.0,0.3763568
1.0,0.81375706
0.0,0.11950952
1.0,0.94242084
0.0,0.07965553
0.0,0.686208
1.0,0.9862399
0.0,0.42894733
0.0,0.07420379
0.0,0.3193456
0.0,0.3129495
0.0,0.47481787
1.0,0.83057356
0.0,0.21774045
1.0,0.9987265
0.0,0.7321221
1.0,0.94120944
0.0,0.33594763
1.0,0.94904816
1.0,0.99835336
1.0,0.99993837
0.0,0.99031067
0.0,0.05216825
1.0,0.79963815
0.0,0.20561352
0.0,0.25154674
1.0,0.9701711
1.0,0.7712792
0.0,0.124085516
1.0,0.9973935
1.0,0.99963284
0.0,0.9396476
0.0,0.10340366
0.0,0.9318658
0.0,0.102306604
0.0,0.029559493
0.0,0.98556805
1.0,0.9856268
1.0,0.99866295
1.0,0.9631013
0.0,0.064181775
0.0,0.074242026
0.0,0.11779773
0.0,0.2312516
0.0,0.11272234
0.0,0.072936356
1.0,0.9952697
1.0,0.98842096
1.0,0.9724735
0.0,0.31370735
0.0,0.1772281
1.0,0.9958445
0.0,0.21816474
0.0,0.9612564
1.0,0.977733
0.0,0.89849925
0.0,0.9285846
1.0,0.97613776
0.0,0.304193
1.0,0.9315226
1.0,0.95110166
0.0,0.98382556
0.0,0.37277633
1.0,0.9993334
0.0,0.05485955
0.0,0.79500383
1.0,0.9366715
1.0,0.9630705
1.0,0.9737663
1.0,0.9993591
0.0,0.9955615
0.0,0.084625274
0.0,0.11370531
1.0,0.67095494
0.0,0.99914616
1.0,0.9955786
0.0,0.82005167
1.0,0.9829046
1.0,0.48478544
0.0,0.559756
0.0,0.30266362
0.0,0.093713254
0.0,0.79084724
0.0,0.37795126
0.0,0.2814741
1.0,0.72834015
1.0,0.5084797
0.0,0.8149258
1.0,0.9868933
1.0,0.44592232
0.0,0.017668158
0.0,0.5019895
1.0,0.9154276
1.0,0.42367733
0.0,0.1496073
0.0,0.4477475
0.0,0.12515667
0.0,0.21705231
1.0,0.7447345
1.0,0.99696225
0.0,0.13161817
0.0,0.055101752
0.0,0.20559692
0.0,0.49562573
0.0,0.13244277
0.0,0.21005046
0.0,0.9668108
0.0,0.9240064
0.0,0.25581694
0.0,0.18263465
0.0,0.21330437
1.0,0.9985702
1.0,0.95195955
0.0,0.029519737
0.0,0.29672182
0.0,0.013004005
0.0,0.14372304
0.0,0.74637985
0.0,0.47769767
0.0,0.14252847
0.0,0.9719111
1.0,0.9868711
1.0,0.9991549
1.0,0.98442763
1.0,0.9774253
1.0,0.9989681
0.0,0.82501686
0.0,0.22067258
0.0,0.21918738
0.0,0.619325
1.0,0.95518196
0.0,0.1354501
1.0,0.9619653
0.0,0.32542777
0.0,0.9807953
0.0,0.9855126
0.0,0.24710935
0.0,0.15846863
0.0,0.8715619
0.0,0.25622088
0.0,0.06947026
1.0,0.9782325
1.0,0.8775563
0.0,0.5076859
0.0,0.6419958
0.0,0.104450494
0.0,0.11747974
1.0,0.993773
0.0,0.079194725
1.0,0.91047776
0.0,0.30520678
1.0,0.592733
0.0,0.0661684
0.0,0.29747912
1.0,0.9678533
0.0,0.0968999
1.0,0.9639971
0.0,0.1367943
0.0,0.79603446
0.0,0.5620145
0.0,0.07266712
0.0,0.10804883
1.0,0.95318294
1.0,0.99797595
0.0,0.9344667
0.0,0.3698916
0.0,0.09401268
0.0,0.5458107
1.0,0.97446024
0.0,0.99686867
1.0,0.5195682
1.0,0.95114
0.0,0.93985
0.0,0.19028339
0.0,0.330348
0.0,0.1237517
0.0,0.411999
0.0,0.34265858
0.0,0.36762607
0.0,0.82697767
0.0,0.5017588
1.0,0.9375658
0.0,0.99817085
0.0,0.044906646
1.0,0.9884449
0.0,0.23110601
0.0,0.5852475
0.0,0.07405108
0.0,0.32067195
1.0,0.23267919
1.0,0.9989182
1.0,0.96819246
0.0,0.11463216
0.0,0.10797009
0.0,0.19047174
0.0,0.9572654
0.0,0.7687087
0.0,0.9409762
1.0,0.99968684
1.0,0.99387765
1.0,0.91988736
0.0,0.2141751
1.0,0.9982146
1.0,0.87346315
0.0,0.16196913
1.0,0.9838122
0.0,0.12618762
0.0,0.2674296
0.0,0.962024
1.0,0.99809897
1.0,0.98435295
1.0,0.9059381
0.0,0.9795388
0.0,0.48480496
0.0,0.10427526
1.0,0.99055856
1.0,0.9996977
1.0,0.99763435
1.0,0.9353727
0.0,0.286268
0.0,0.15993574
0.0,0.30943024
0.0,0.5633426
1.0,0.9923122
0.0,0.08621368
0.0,0.28128555
0.0,0.65452147
1.0,0.64066535
0.0,0.5446403
0.0,0.6369801
0.0,0.5151104
0.0,0.96734583
0.0,0.19920695
0.0,0.29022115
0.0,0.18859094
0.0,0.61571497
0.0,0.14138073
1.0,0.99942017
1.0,0.6486963
0.0,0.8451122
0.0,0.9792896
0.0,0.32579964
1.0,0.9317521
0.0,0.11281785
0.0,0.28260025
0.0,0.57392657
0.0,0.08079973
1.0,0.9933181
0.0,0.19195497
0.0,0.13145527
1.0,0.90808254
1.0,0.9796921
1.0,0.99724615
0.0,0.42364454
0.0,0.8036154
1.0,0.9938495
1.0,0.99749744
1.0,0.99951327
0.0,0.70769536
0.0,0.8719624
0.0,0.09758034
1.0,0.61290157
1.0,0.9977525
0.0,0.12797692
0.0,0.97712755
1.0,0.98915887
1.0,0.97916937
0.0,0.112985134
1.0,0.9905164
1.0,0.9354598
0.0,0.15616733
1.0,0.63049877
0.0,0.32655787
0.0,0.1767453
0.0,0.9173064
0.0,0.13922778
1.0,0.9502095
0.0,0.3396324
1.0,0.9977248
1.0,0.9297397
1.0,0.5823789
0.0,0.17293179
0.0,0.96225125
1.0,0.89713883
0.0,0.07771179
1.0,0.96991014
1.0,0.99859405
0.0,0.998476
0.0,0.41652995
1.0,0.66558623
1.0,0.9998497
0.0,0.11167529
1.0,0.76551026
1.0,0.8800663
1.0,0.9641609
1.0,0.9993862
1.0,0.96607375
1.0,0.9948435
0.0,0.16157722
0.0,0.5203328
0.0,0.33235133
1.0,0.9791253
1.0,0.88316905
0.0,0.4387678
0.0,0.3250329
1.0,0.9193507
0.0,0.10643834
1.0,0.99889004
0.0,0.87494355
1.0,0.9902111
1.0,0.9943748
0.0,0.58123064
1.0,0.9672185
0.0,0.23414886
1.0,0.9999386
1.0,0.98364246
1.0,0.2745832
0.0,0.20152628
0.0,0.17636546
1.0,0.9392864
0.0,0.26778615
1.0,0.99027276
0.0,0.10367048
0.0,0.9708257
0.0,0.49867666
0.0,0.5187851
0.0,0.1935378
0.0,0.41286665
0.0,0.80906063
1.0,0.9933245
1.0,0.26820445
0.0,0.12164885
1.0,0.99914074
1.0,0.59237504
0.0,0.9878327
0.0,0.98181796
0.0,0.71710014
0.0,0.065573335
0.0,0.16741487
0.0,0.42343068
1.0,0.84548724
1.0,0.9988035
0.0,0.1448031
0.0,0.07306138
0.0,0.9849744
0.0,0.9862281
0.0,0.75973487
1.0,0.96717536
0.0,0.7177094
0.0,0.10483864
1.0,0.980539
1.0,0.99220324
0.0,0.17754054
0.0,0.8075919
0.0,0.14507946
1.0,0.8954151
1.0,0.93996596
0.0,0.17222026
0.0,0.19572341
0.0,0.10384858
0.0,0.44819427
0.0,0.07806888
1.0,0.9955852
1.0,0.9504186
1.0,0.8777534
0.0,0.041873485
1.0,0.75103354
0.0,0.91651326
1.0,0.999719
1.0,0.69039214
0.0,0.16054186
0.0,0.015894055
0.0,0.22614723
0.0,0.55542374
0.0,0.932415
1.0,0.9998815
0.0,0.9511784
0.0,0.8196218
0.0,0.27062726
0.0,0.036307395
0.0,0.3167776
0.0,0.37927538
0.0,0.5094912
1.0,0.96725893
1.0,0.94284093
0.0,0.045600742
0.0,0.9631172
0.0,0.70678216
0.0,0.38861305
1.0,0.9949374
0.0,0.17016554
0.0,0.5117244
1.0,0.96798027
0.0,0.83336306
0.0,0.08558309
0.0,0.6205406
0.0,0.09850171
1.0,0.9969374
1.0,0.9576669
0.0,0.226946
1.0,0.72726876
1.0,0.9851961
1.0,0.9873497
0.0,0.5783615
0.0,0.6831226
1.0,0.9829526
1.0,0.9983028
0.0,0.14433554
1.0,0.99946976
0.0,0.07157415
1.0,0.9873196
1.0,0.9969726
1.0,0.6659
0.0,0.3780002
1.0,0.61209166
1.0,0.70179284
0.0,0.2081641
0.0,0.29000235
0.0,0.9922824
0.0,0.28306505
0.0,0.16110101
0.0,0.06428099
1.0,0.9997612
0.0,0.9025115
0.0,0.51710457
0.0,0.895517
0.0,0.16129097
0.0,0.1995031
0.0,0.2029235
1.0,0.9815258
0.0,0.19283837
0.0,0.37586653
0.0,0.6785482
1.0,0.9544163
1.0,0.9965927
1.0,0.9929669
1.0,0.9672065
0.0,0.09868157
0.0,0.28420657
0.0,0.20112777
0.0,0.13474101
0.0,0.97193795
0.0,0.30191457
1.0,0.94789755
0.0,0.87889373
1.0,0.83782196
1.0,0.3557769
1.0,0.9615334
0.0,0.19596556
0.0,0.033663422
0.0,0.01970926
0.0,0.123260766
1.0,0.9424908
1.0,0.9904051
1.0,0.45829278
1.0,0.97946477
1.0,0.9980095
0.0,0.25069493
0.0,0.6477752
0.0,0.99209917
0.0,0.23142996
1.0,0.99880755
0.0,0.12570053
0.0,0.958431
1.0,0.99851084
1.0,0.8648379
0.0,0.12880152
0.0,0.39628905
0.0,0.5619873
0.0,0.55352944
1.0,0.87124383
0.0,0.9999366
0.0,0.77011776
1.0,0.99956334
0.0,0.72163653
1.0,0.9922841
1.0,0.994919
0.0,0.06857595
0.0,0.8579075
0.0,0.14596573
0.0,0.31412113
1.0,0.9762778
0.0,0.37868088
0.0,0.5627849
0.0,0.9501935
0.0,0.027252406
1.0,0.9963866
1.0,0.6408812
1.0,0.951453
1.0,0.9729681
0.0,0.78113616
0.0,0.37854704
1.0,0.95567906
0.0,0.45813885
1.0,0.74748975
0.0,0.2571904
1.0,0.9996904
1.0,0.9968818
0.0,0.76410145
0.0,0.47449487
0.0,0.9339906
0.0,0.106411934
0.0,0.18243363
0.0,0.20030859
1.0,0.98837924
0.0,0.08893028
0.0,0.68699056
0.0,0.30897334
0.0,0.23355559
0.0,0.45082045
0.0,0.30842608
0.0,0.5260213
0.0,0.031683862
0.0,0.024400085
0.0,0.31478786
0.0,0.8755839
0.0,0.14630952
1.0,0.627311
0.0,0.7244724
1.0,0.9912012
0.0,0.11065596
0.0,0.09837559
1.0,0.9156151
0.0,0.17630765
1.0,0.99899995
0.0,0.6734022
1.0,0.98127204
0.0,0.9514841
0.0,0.28463817
1.0,0.9554843
1.0,0.5659543
0.0,0.29906002
0.0,0.44347465
0.0,0.01597312
0.0,0.10510227
0.0,0.064585656
0.0,0.93118244
1.0,0.99058014
1.0,0.9401962
0.0,0.62248325
0.0,0.27283573
1.0,0.99383366
1.0,0.98536384
1.0,0.96133804
0.0,0.048886806
1.0,0.251364
0.0,0.9233788
1.0,0.6833319
0.0,0.0590564
1.0,0.9471034
0.0,0.35038763
0.0,0.22084114
0.0,0.5901178
0.0,0.93309754
1.0,0.9897257
0.0,0.3241607
0.0,0.3531163
1.0,0.9951987
0.0,0.15242332
0.0,0.8120487
0.0,0.8687032
1.0,0.99862856
0.0,0.8717083
0.0,0.21665353
0.0,0.9926334
1.0,0.921219
0.0,0.036256313
0.0,0.9188607
0.0,0.20007053
1.0,0.8686408
0.0,0.49835208
1.0,0.99829566
0.0,0.89056134
1.0,0.9296266
1.0,0.9998801
0.0,0.97621393
1.0,0.99969876
1.0,0.9923842
0.0,0.05604729
0.0,0.9282672
0.0,0.48938298
1.0,0.9993081
0.0,0.57855415
1.0,0.9773057
1.0,0.66940635
0.0,0.23779172
1.0,0.9922906
0.0,0.8218597
1.0,0.9745945
0.0,0.8320105
1.0,0.8019646
0.0,0.96242166
1.0,0.2669772
0.0,0.6124894
0.0,0.09853479
0.0,0.06418237
0.0,0.06875229
0.0,0.11963546
0.0,0.005674273
0.0,0.020400584
0.0,0.8079115
0.0,0.3017767
0.0,0.5398875
0.0,0.78296137
0.0,0.13682565
1.0,0.97975993
1.0,0.23466203
0.0,0.8290016
1.0,0.33390206
0.0,0.49254453
0.0,0.39858666
0.0,0.94486076
0.0,0.50984246
0.0,0.1732927
0.0,0.30677557
1.0,0.9628259
0.0,0.05440879
0.0,0.12604016
1.0,0.09499195
0.0,0.01775217
1.0,0.9990844
0.0,0.63787615
0.0,0.41861963
1.0,0.90060735
0.0,0.11301786
1.0,0.94727093
0.0,0.08902556
0.0,0.014011115
0.0,0.09517121
1.0,0.99857515
0.0,0.3673445
1.0,0.93171835
1.0,0.9348266
0.0,0.99444807
0.0,0.11788449
1.0,0.2960739
0.0,0.18987867
0.0,0.42891288
0.0,0.97533476
0.0,0.11086327
0.0,0.92835766
0.0,0.9978496
1.0,0.82078564
0.0,0.12802324
1.0,0.98328924
0.0,0.04401934
0.0,0.014486849
0.0,0.10619119
1.0,0.98806
1.0,0.9997418
0.0,0.35322818
0.0,0.73283464
0.0,0.019496739
0.0,0.41551355
0.0,0.33173722
0.0,0.09673834
0.0,0.04720676
1.0,0.7604796
1.0,0.99961436
0.0,0.2852456
0.0,0.9690138
1.0,0.94289577
0.0,0.31035182
1.0,0.9918324
0.0,0.16609022
0.0,0.22999623
1.0,0.99878806
0.0,0.67258424
1.0,0.9446937
1.0,0.9568624
1.0,0.99575627
0.0,0.56743443
0.0,0.12571326
0.0,0.88360536
1.0,0.9358597
0.0,0.66291606
1.0,0.99761975
0.0,0.34187937
0.0,0.1373345
0.0,0.7781401
1.0,0.96695614
0.0,0.12895018
0.0,0.26694173
0.0,0.8742367
1.0,0.5453278
1.0,0.9986964
0.0,0.3042042
0.0,0.06576741
1.0,0.9971765
1.0,0.99815595
1.0,0.8737392
1.0,0.5088253
0.0,0.14392301
1.0,0.9492818
0.0,0.2469823
0.0,0.3566807
0.0,0.06457177
1.0,0.9751986
0.0,0.53600395
0.0,0.2003791
0.0,0.08462897
1.0,0.9852236
0.0,0.44615778
1.0,0.9980306
1.0,0.9984606
0.0,0.6658343
1.0,0.9253652
0.0,0.26536703
1.0,0.87628114
0.0,0.9678642
0.0,0.13083178
0.0,0.20281288
0.0,0.31217468
1.0,0.9767076
0.0,0.4077484
0.0,0.54585314
0.0,0.8350016
1.0,0.99993104
1.0,0.8426278
0.0,0.18310538
1.0,0.9889476
1.0,0.9998206
1.0,0.99995387
1.0,0.8607252
0.0,0.6889726
1.0,0.9240255
0.0,0.4593717
0.0,0.8559195
1.0,0.74668515
0.0,0.31887805
0.0,0.23204502
0.0,0.65351987
1.0,0.8906344
0.0,0.8187497
0.0,0.8766085
1.0,0.98783207
0.0,0.21533787
1.0,0.97320914
0.0,0.23424736
0.0,0.96827817
1.0,0.97748184
1.0,0.9866775
0.0,0.12938797
1.0,0.97807014
1.0,0.98118275
0.0,0.91959655
0.0,0.9629551
1.0,0.88030195
0.0,0.40328398
1.0,0.9996444
0.0,0.4149646
0.0,0.23937112
1.0,0.7043039
1.0,0.993556
0.0,0.7799287
1.0,0.92921674
0.0,0.30293205
0.0,0.25467384
1.0,0.98674035
0.0,0.11470112
0.0,0.54599774
0.0,0.27443552
1.0,0.9433036
0.0,0.22216323
0.0,0.25875694
1.0,0.9630406
1.0,0.9929788
0.0,0.13134131
0.0,0.43572375
0.0,0.049806923
1.0,0.6781037
0.0,0.90104496
0.0,0.07364422
0.0,0.41237208
0.0,0.12947857
0.0,0.124754965
1.0,0.65691054
0.0,0.19471812
0.0,0.09170434
0.0,0.16192687
1.0,0.9753473
1.0,0.9990455
1.0,0.9010527
0.0,0.9863515
0.0,0.13868308
0.0,0.9989272
1.0,0.9991712
0.0,0.23572505
1.0,0.97973406
0.0,0.05473569
1.0,0.99917257
0.0,0.4087186
1.0,0.9873823
0.0,0.98905337
1.0,0.82032585
0.0,0.7602627
0.0,0.80269396
1.0,0.90309495
1.0,0.99782825
1.0,0.9973093
0.0,0.6089064
1.0,0.9923978
1.0,0.9360682
1.0,0.5707887
0.0,0.038407236
1.0,0.9683505
0.0,0.18871531
0.0,0.9927176
1.0,0.65781045
0.0,0.74772495
0.0,0.2138255
0.0,0.404379
0.0,0.2907674
0.0,0.6968061
1.0,0.98241174
1.0,0.97545314
0.0,0.61242306
0.0,0.85884297
0.0,0.1347372
1.0,0.99986076
0.0,0.9736397
0.0,0.23912337
0.0,0.14256987
0.0,0.17507136
0.0,0.12378919
0.0,0.87756664
1.0,0.99893403
1.0,0.99974215
1.0,0.5052502
0.0,0.8026902
0.0,0.08670145
0.0,0.0859665
0.0,0.10914934
0.0,0.28548557
1.0,0.99314994
0.0,0.18016502
0.0,0.63582426
1.0,0.9993741
0.0,0.19373685
1.0,0.61719286
1.0,0.95365095
0.0,0.70711255
0.0,0.0799813
0.0,0.46135706
1.0,0.88488114
0.0,0.73234004
0.0,0.17584199
1.0,0.9598044
1.0,0.89616597
0.0,0.15500021
0.0,0.23002926
0.0,0.63736165
0.0,0.10548189
0.0,0.6108883
1.0,0.90350634
1.0,0.9844945
0.0,0.2590077
0.0,0.096758306
0.0,0.8383697
0.0,0.8312795
1.0,0.95192826
0.0,0.20813778
1.0,0.99897826
0.0,0.27504593
1.0,0.99929374
0.0,0.025844336
1.0,0.98168004
1.0,0.84682214
0.0,0.2179237
0.0,0.5499326
0.0,0.120973766
0.0,0.37037867
1.0,0.88744384
1.0,0.28967077
1.0,0.5794461
1.0,0.5063388
1.0,0.8741515
0.0,0.16039729
1.0,0.97201216
1.0,0.93661815
0.0,0.20264727
0.0,0.19221866
0.0,0.21402892
1.0,0.9943659
1.0,0.9997697
0.0,0.9626595
0.0,0.13731551
1.0,0.9853177
0.0,0.03139171
0.0,0.14394027
1.0,0.9986023
0.0,0.8982494
0.0,0.35869533
1.0,0.8289908
1.0,0.99568
0.0,0.13161072
0.0,0.4128595
0.0,0.49088547
1.0,0.99244297
1.0,0.9979327
0.0,0.9564973
0.0,0.99286914
1.0,0.9917791
1.0,0.96097094
0.0,0.05275777
0.0,0.52506757
0.0,0.64797604
1.0,0.8646686
1.0,0.9174454
0.0,0.19997072
0.0,0.1992253
1.0,0.98828226
0.0,0.45567834
0.0,0.19141805
0.0,0.37130004
0.0,0.89348376
1.0,0.9572565
0.0,0.88006824
0.0,0.11831674
0.0,0.9066906
0.0,0.80451286
0.0,0.48409626
1.0,0.9024261
1.0,0.9816076
0.0,0.37064314
1.0,0.99774456
0.0,0.75948167
1.0,0.9987462
1.0,0.18277425
1.0,0.99650425
0.0,0.02682203
0.0,0.9515436
0.0,0.21393254
1.0,0.99988735
0.0,0.14676484
1.0,0.9933876
0.0,0.61199546
0.0,0.091147155
1.0,0.35446393
1.0,0.999507
0.0,0.1269241
1.0,0.919103
0.0,0.19436371
1.0,0.9956414
0.0,0.07697344
1.0,0.81925
1.0,0.7588557
0.0,0.32833022
0.0,0.14128712
0.0,0.16401866
0.0,0.09601614
0.0,0.12342405
0.0,0.944332
0.0,0.35092843
0.0,0.17883247
0.0,0.9984896
0.0,0.16292092
1.0,0.95834696
0.0,0.56955385
0.0,0.58390087
1.0,0.9998758
0.0,0.22714612
1.0,0.9998616
0.0,0.19410947
1.0,0.9989687
0.0,0.08579394
0.0,0.34372652
1.0,0.9998995
0.0,0.21434438
0.0,0.12532938
0.0,0.27769697
1.0,0.97380483
1.0,0.79190433
0.0,0.13699687
1.0,0.97851205
1.0,0.8384609
1.0,0.9988538
0.0,0.85702753
1.0,0.6833126
1.0,0.9868654
0.0,0.8150603
1.0,0.75116134
1.0,0.5594919
0.0,0.3045901
0.0,0.07138121
0.0,0.35811657
0.0,0.16179076
0.0,0.33290604
0.0,0.25483185
0.0,0.2949236
0.0,0.06444347
1.0,0.9962591
0.0,0.87324333
0.0,0.14737841
0.0,0.3335755
0.0,0.4029594
1.0,0.9254552
0.0,0.08751565
1.0,0.9849987
0.0,0.76774096
0.0,0.07876074
1.0,0.8629143
1.0,0.96621007
0.0,0.80135024
0.0,0.10032982
1.0,0.99368405
0.0,0.992705
0.0,0.38566098
1.0,0.9383342
1.0,0.9417325
1.0,0.8403704
1.0,0.976687
0.0,0.29612455
0.0,0.13791245
1.0,0.9506761
0.0,0.120889455
0.0,0.047614068
1.0,0.99957275
1.0,0.98996663
1.0,0.9986788
0.0,0.12902999
1.0,0.7931917
1.0,0.9855091
1.0,0.99852914
0.0,0.15261129
0.0,0.19817063
1.0,0.6920067
0.0,0.44141304
0.0,0.9124273
0.0,0.46468428
1.0,0.9940619
0.0,0.12117311
0.0,0.24184227
0.0,0.28710195
0.0,0.7032377
0.0,0.37653998
0.0,0.07266617
0.0,0.9553218
1.0,0.99884224
0.0,0.56460524
1.0,0.97381276
0.0,0.17549232
0.0,0.31258672
0.0,0.97509605
1.0,0.10912654
0.0,0.9685182
0.0,0.16210142
0.0,0.11872333
0.0,0.8244312
0.0,0.36941892
1.0,0.99764776
0.0,0.84986305
1.0,0.98146033
0.0,0.6505573
0.0,0.626713
0.0,0.14305213
0.0,0.86962354
0.0,0.22507209
0.0,0.76219094
0.0,0.33396733
0.0,0.25031024
1.0,0.96182925
0.0,0.29395315
1.0,0.9041625
1.0,0.9755758
0.0,0.31086457
0.0,0.24051672
1.0,0.9842109
0.0,0.23450038
1.0,0.87379724
1.0,0.9441623
0.0,0.19372997
1.0,0.9677292
0.0,0.15907383
1.0,0.98680323
0.0,0.36252338
0.0,0.5828318
1.0,0.8629645
0.0,0.6671606
0.0,0.0928601
0.0,0.967059
1.0,0.960459
1.0,0.9990387
0.0,0.059527308
0.0,0.30576187
1.0,0.86566615
0.0,0.90450567
1.0,0.53030324
0.0,0.6510579
1.0,0.758162
0.0,0.6947777
0.0,0.03926176
0.0,0.87902045
0.0,0.15738884
0.0,0.24036002
1.0,0.24498731
0.0,0.8425359
1.0,0.959275
0.0,0.10482454
1.0,0.7347641
0.0,0.12676859
0.0,0.09275672
0.0,0.21538907
0.0,0.20203212
0.0,0.76559734
0.0,0.5944083
0.0,0.61473155
0.0,0.60852987
1.0,0.9887301
0.0,0.19500044
0.0,0.40766177
1.0,0.94885945
1.0,0.81858444
0.0,0.22329283
0.0,0.16667399
1.0,0.9879251
0.0,0.52094495
1.0,0.25770587
1.0,0.9688884
1.0,0.9311577
1.0,0.9515005
0.0,0.18525106
0.0,0.08859071
1.0,0.9405894
0.0,0.45794186
1.0,0.9957702
1.0,0.9673749
1.0,0.9957967
0.0,0.673366
0.0,0.076773465
0.0,0.2806825
0.0,0.2690583
1.0,0.94986737
1.0,0.9783778
0.0,0.8544802
0.0,0.42620796
0.0,0.39166632
0.0,0.35704702
1.0,0.55655193
1.0,0.9522975
1.0,0.9921813
0.0,0.8570471
1.0,0.6402381
1.0,0.9703117
1.0,0.96148944
1.0,0.9984632
0.0,0.8053024
0.0,0.7343202
0.0,0.97369194
0.0,0.45884433
1.0,0.9887451
1.0,0.99989
1.0,0.9723682
1.0,0.9595144
0.0,0.4066065
0.0,0.07808274
0.0,0.1986492
0.0,0.54351836
1.0,0.92744756
0.0,0.31354153
0.0,0.122033924
0.0,0.32593435
0.0,0.09360358
1.0,0.9143263
1.0,0.96020883
1.0,0.9982518
0.0,0.6577692
0.0,0.8604126
1.0,0.839966
1.0,0.9998491
0.0,0.25872463
1.0,0.9818583
0.0,0.9228472
1.0,0.9992486
1.0,0.9997945
1.0,0.7790736
0.0,0.14739853
0.0,0.43911776
1.0,0.9989226
0.0,0.5306592
0.0,0.2646851
1.0,0.99861217
0.0,0.22585195
0.0,0.07540947
0.0,0.20006126
1.0,0.7014843
0.0,0.7734007
0.0,0.5868289
1.0,0.9896767
0.0,0.70030475
0.0,0.35183883
0.0,0.19415498
0.0,0.35346222
1.0,0.8476885
0.0,0.9869853
0.0,0.086744845
0.0,0.07573709
1.0,0.9003782
0.0,0.20506659
0.0,0.021508008
1.0,0.7199229
0.0,0.55769706
0.0,0.21511474
1.0,0.9998494
1.0,0.95421094
0.0,0.11020976
1.0,0.7605945
1.0,0.9607973
0.0,0.8747397
0.0,0.95158625
1.0,0.7087387
1.0,0.93316185
0.0,0.15706399
1.0,0.8524231
1.0,0.78818417
1.0,0.682959
0.0,0.768492
1.0,0.41461584
0.0,0.08952546
1.0,0.84703743
0.0,0.103823096
1.0,0.9865444
0.0,0.7251151
0.0,0.36440232
1.0,0.9087808
0.0,0.26569456
1.0,0.99302816
1.0,0.96723694
1.0,0.99663764
1.0,0.98885775
0.0,0.13571402
1.0,0.54041547
0.0,0.6894492
0.0,0.20026565
0.0,0.22100133
0.0,0.4014608
1.0,0.9736295
0.0,0.22136623
0.0,0.8221979
0.0,0.9669006
0.0,0.78198326
1.0,0.9941231
0.0,0.84263635
0.0,0.06877065
0.0,0.5477723
0.0,0.9779468
1.0,0.9609559
0.0,0.1512554
1.0,0.9794022
1.0,0.99794066
0.0,0.9319574
0.0,0.13384092
0.0,0.19017935
1.0,0.9875145
0.0,0.17556155
1.0,0.4523623
1.0,0.86983633
1.0,0.99534625
0.0,0.79195964
0.0,0.8922991
0.0,0.16171166
0.0,0.9710069
0.0,0.10103983
0.0,0.34844968
0.0,0.5176025
1.0,0.84072506
0.0,0.41455072
1.0,0.9845811
0.0,0.4808928
1.0,0.9918388
1.0,0.9949962
1.0,0.83771074
1.0,0.9952532
0.0,0.97226954
0.0,0.9033959
0.0,0.33265015
1.0,0.9201812
1.0,0.96421945
0.0,0.042322874
1.0,0.85738647
1.0,0.88507974
1.0,0.9971138
1.0,0.91422546
0.0,0.9510784
0.0,0.22008285
1.0,0.94635934
0.0,0.14653358
0.0,0.8859011
1.0,0.99074495
0.0,0.14219272
0.0,0.93925905
0.0,0.5163599
0.0,0.115418315
0.0,0.20402077
1.0,0.99980026
0.0,0.18354857
0.0,0.22975814
1.0,0.72005737
0.0,0.28766662
1.0,0.9928671
0.0,0.38672903
0.0,0.13248369
0.0,0.2425707
0.0,0.7434811
1.0,0.9109489
0.0,0.58646005
0.0,0.6714623
1.0,0.9898659
1.0,0.9743883
0.0,0.19882625
0.0,0.18045205
0.0,0.13016054
1.0,0.856241
0.0,0.03501135
1.0,0.99230146
1.0,0.86283726
1.0,0.8467078
1.0,0.994786
1.0,0.9374642
0.0,0.94180053
1.0,0.98240113
1.0,0.98895156
0.0,0.14843392
0.0,0.14762089
0.0,0.1660316
1.0,0.99244106
0.0,0.18768641
0.0,0.09836277
0.0,0.1886971
1.0,0.9997917
0.0,0.2384803
1.0,0.99760604
0.0,0.7990614
0.0,0.9299072
0.0,0.24208075
0.0,0.14465848
0.0,0.18735048
1.0,0.60266364
1.0,0.9995824
0.0,0.39642859
0.0,0.637957
1.0,0.88423216
0.0,0.109826505
1.0,0.9910947
0.0,0.3274585
0.0,0.20265865
0.0,0.121192634
1.0,0.9954617
1.0,0.8359947
0.0,0.22346562
0.0,0.4658867
1.0,0.9587424
0.0,0.2024005
0.0,0.1697653
1.0,0.98290724
1.0,0.999918
1.0,0.9918005
0.0,0.20470563
1.0,0.9817729
1.0,0.9910265
0.0,0.4034919
0.0,0.26421222
0.0,0.14069396
0.0,0.22710124
0.0,0.07571244
0.0,0.10300404
1.0,0.81530744
1.0,0.8991176
0.0,0.54528385
0.0,0.056252867
0.0,0.5208917
0.0,0.6999653
1.0,0.9760921
0.0,0.97991633
0.0,0.2397461
0.0,0.8969292
0.0,0.9871606
1.0,0.6006713
0.0,0.10051334
0.0,0.9816029
1.0,0.99791425
0.0,0.26324272
0.0,0.7846844
0.0,0.21622825
0.0,0.25814405
1.0,0.94667804
1.0,0.9407437
0.0,0.33587787
0.0,0.99779373
0.0,0.043823987
0.0,0.97099775
0.0,0.9968821
0.0,0.6520633
0.0,0.0891256
0.0,0.57308334
1.0,0.46185088
0.0,0.11539066
1.0,0.39372373
0.0,0.9415579
0.0,0.044845372
0.0,0.46797726
0.0,0.41043037
0.0,0.31627682
0.0,0.62892795
1.0,0.99455154
0.0,0.08079347
0.0,0.76791537
0.0,0.25989184
1.0,0.8046179
1.0,0.9820502
0.0,0.17634457
0.0,0.68444335
0.0,0.124233216
1.0,0.9993806
1.0,0.8944508
1.0,0.99520147
0.0,0.555409
1.0,0.99987185
0.0,0.47391796
0.0,0.01404646
0.0,0.18496144
1.0,0.33934778
0.0,0.07701865
0.0,0.2681381
1.0,0.9997395
1.0,0.6405823
0.0,0.300411
1.0,0.99947906
0.0,0.22613451
1.0,0.9827875
0.0,0.3918612
1.0,0.98586464
0.0,0.99885345
0.0,0.25064352
1.0,0.96791977
0.0,0.17225301
0.0,0.37905392
0.0,0.105100006
0.0,0.12606186
0.0,0.47120568
0.0,0.10985264
1.0,0.9436436
1.0,0.92426926
0.0,0.6807493
0.0,0.11005056
0.0,0.14188245
0.0,0.7683463
1.0,0.998326
0.0,0.1484715
0.0,0.7285087
0.0,0.8621912
0.0,0.7243541
0.0,0.09883818
1.0,0.9988605
1.0,0.9966837
0.0,0.031159073
0.0,0.15238145
0.0,0.4842071
0.0,0.20816034
1.0,0.7541274
0.0,0.92054844
0.0,0.3555646
0.0,0.15329763
1.0,0.9185948
0.0,0.06115222
0.0,0.36926305
1.0,0.996639
0.0,0.24520689
0.0,0.81421715
1.0,0.93218595
1.0,0.9478495
1.0,0.9865949
0.0,0.04326579
0.0,0.09565821
0.0,0.6994607
0.0,0.121419966
1.0,0.97118014
0.0,0.38398966
1.0,0.9392835
0.0,0.11684778
0.0,0.09291783
0.0,0.3083517
1.0,0.99636567
0.0,0.98900545
0.0,0.6503825
0.0,0.43558413
1.0,0.817418
0.0,0.15395927
0.0,0.46666342
0.0,0.17268658
1.0,0.81126
0.0,0.15264493
0.0,0.048697233
1.0,0.66455394
1.0,0.99855673
0.0,0.043809116
1.0,0.99921286
1.0,0.99129903
1.0,0.9736892
1.0,0.9983046
0.0,0.3057652
1.0,0.9330678
0.0,0.9999474
1.0,0.16642034
0.0,0.18229198
1.0,0.3898608
0.0,0.65403306
1.0,0.38378167
1.0,0.9999316
1.0,0.8541571
0.0,0.16351002
0.0,0.95416707
0.0,0.8864525
0.0,0.32985097
0.0,0.14835036
0.0,0.38318437
1.0,0.99996114
1.0,0.99077684
1.0,0.93883526
0.0,0.11027703
0.0,0.17934749
0.0,0.59675956
0.0,0.27080405
1.0,0.21022713
0.0,0.3126194
0.0,0.124118984
0.0,0.17678905
0.0,0.88040996
1.0,0.98960173
0.0,0.8620696
0.0,0.97393465
0.0,0.6695127
1.0,0.97606647
0.0,0.21045536
0.0,0.9396227
1.0,0.6305995
0.0,0.95538545
1.0,0.633458
0.0,0.6235869
0.0,0.83928573
0.0,0.18628901
0.0,0.15636697
0.0,0.09342599
1.0,0.98432046
0.0,0.2291235
0.0,0.30367106
1.0,0.9984896
1.0,0.9662446
0.0,0.813173
1.0,0.20307115
0.0,0.8757764
0.0,0.25548857
1.0,0.9990959
0.0,0.08447468
0.0,0.14986944
0.0,0.35498852
0.0,0.23462936
1.0,0.99841404
1.0,0.9898292
1.0,0.8510284
1.0,0.99965715
0.0,0.22279721
0.0,0.23237982
0.0,0.5906949
1.0,0.99835974
0.0,0.30760515
0.0,0.46332863
1.0,0.9837086
1.0,0.74765635
1.0,0.98080295
0.0,0.17341557
0.0,0.8729441
0.0,0.95286685
1.0,0.9968115
1.0,0.99913174
1.0,0.9971124
0.0,0.37990856
0.0,0.08247039
0.0,0.08257839
1.0,0.9810295
1.0,0.5767565
0.0,0.65305674
1.0,0.9833903
1.0,0.88329357
1.0,0.9905101
1.0,0.90435135
0.0,0.5920289
0.0,0.24407426
1.0,0.79876125
1.0,0.849529
0.0,0.30859733
0.0,0.27912402
0.0,0.061544895
0.0,0.19197223
0.0,0.15077752
0.0,0.91464794
0.0,0.10363045
0.0,0.48536113
1.0,0.93484145
1.0,0.9787879
0.0,0.7417978
1.0,0.9986001
0.0,0.054494113
1.0,0.94417
0.0,0.38511103
1.0,0.994938
0.0,0.13385648
0.0,0.06566313
0.0,0.09720573
0.0,0.90259093
1.0,0.21851715
1.0,0.9836135
0.0,0.120835304
0.0,0.5596334
1.0,0.3433208
0.0,0.34526023
1.0,0.98924917
1.0,0.88231564
0.0,0.13534814
0.0,0.48739177
0.0,0.408855
0.0,0.9994981
0.0,0.96674645
0.0,0.09160021
0.0,0.9750734
0.0,0.09825662
1.0,0.99368703
1.0,0.9993075
1.0,0.96726
1.0,0.95115113
0.0,0.15313748
0.0,0.85205996
1.0,0.9842781
0.0,0.98041457
0.0,0.15532881
0.0,0.21058074
1.0,0.342351
1.0,0.80621827
0.0,0.2459825
1.0,0.99327314
1.0,0.99323004
0.0,0.017854214
0.0,0.23265278
1.0,0.99812615
0.0,0.10506496
0.0,0.96949244
0.0,0.061933994
0.0,0.24566409
1.0,0.34444845
0.0,0.18828058
0.0,0.17116582
0.0,0.43993643
1.0,0.42959332
0.0,0.13785085
0.0,0.2647502
1.0,0.99476385
0.0,0.084999144
0.0,0.7294783
0.0,0.99393356
1.0,0.99918866
1.0,0.8498235
1.0,0.5366253
0.0,0.40535268
0.0,0.7252284
1.0,0.7590141
0.0,0.43327537
0.0,0.049511105
0.0,0.84592354
0.0,0.55606174
1.0,0.92065454
0.0,0.3695367
0.0,0.9523743
1.0,0.91559273
0.0,0.28013685
0.0,0.14586198
0.0,0.80994344
0.0,0.6893181
1.0,0.9401301
1.0,0.9997368
0.0,0.84637487
1.0,0.9730849
0.0,0.16038737
0.0,0.24891323
0.0,0.103182286
1.0,0.84789777
0.0,0.15999624
0.0,0.30509493
1.0,0.9977296
1.0,0.7657134
1.0,0.9752618
0.0,0.92081255
1.0,0.9328759
1.0,0.99530625
0.0,0.0069969296
0.0,0.94145066
0.0,0.9800473
1.0,0.4609686
0.0,0.19203007
0.0,0.5789287
0.0,0.20568657
0.0,0.18416265
0.0,0.20961595
0.0,0.2286103
0.0,0.82157755
0.0,0.52813536
0.0,0.8505285
1.0,0.89401793
1.0,0.956868
1.0,0.8709623
0.0,0.10850397
1.0,0.9980126
0.0,0.65919656
0.0,0.16516215
1.0,0.996703
0.0,0.39616153
0.0,0.126735
0.0,0.91070414
0.0,0.09557417
0.0,0.8710814
0.0,0.9764357
0.0,0.4287515
1.0,0.9954698
0.0,0.13286215
0.0,0.13747606
0.0,0.16749862
1.0,0.9989033
1.0,0.9957497
0.0,0.9676527
1.0,0.9732386
0.0,0.06451255
1.0,0.41202447
0.0,0.2729596
0.0,0.10263649
1.0,0.101909846
0.0,0.09778714
0.0,0.14868835
1.0,0.8736854
0.0,0.3481934
1.0,0.1319091
0.0,0.65328294
0.0,0.11753583
1.0,0.9614466
0.0,0.1292269
0.0,0.6025537
0.0,0.9889977
0.0,0.09007093
0.0,0.08758488
1.0,0.98397195
0.0,0.14791209
0.0,0.41815266
0.0,0.11572111
1.0,0.8857328
0.0,0.9764886
0.0,0.30089527
1.0,0.857702
0.0,0.021796644
0.0,0.17941037
0.0,0.3499967
0.0,0.34057742
1.0,0.9671658
0.0,0.19124684
0.0,0.022700131
0.0,0.08519301
0.0,0.06811285
0.0,0.8800559
1.0,0.9365469
1.0,0.99593246
0.0,0.13740179
1.0,0.9930397
0.0,0.19829974
0.0,0.058664143
0.0,0.11504924
0.0,0.32359838
1.0,0.9974084
0.0,0.16578406
0.0,0.2569412
0.0,0.8251971
0.0,0.24247146
0.0,0.62670726
0.0,0.10842687
0.0,0.11376697
0.0,0.121370435
0.0,0.037351876
0.0,0.9989912
1.0,0.4902804
0.0,0.07020536
0.0,0.5223455
0.0,0.16921711
1.0,0.99888355
0.0,0.40966338
1.0,0.9925017
0.0,0.20835114
0.0,0.2854092
0.0,0.72711885
1.0,0.99452513
1.0,0.9994217
1.0,0.9586258
1.0,0.9559245
0.0,0.69619095
0.0,0.15645361
1.0,0.99887574
1.0,0.9973438
0.0,0.27733004
0.0,0.46976388
0.0,0.9156146
1.0,0.980948
0.0,0.16016787
0.0,0.13421592
0.0,0.3085537
0.0,0.17546463
1.0,0.84824747
1.0,0.9864682
0.0,0.049655855
1.0,0.9091507
0.0,0.1610958
0.0,0.15016821
0.0,0.13505366
0.0,0.3430936
0.0,0.21307385
1.0,0.956974
0.0,0.15220156
0.0,0.51426554
0.0,0.9737153
0.0,0.48746404
0.0,0.97382486
1.0,0.99794924
0.0,0.19049788
0.0,0.3109205
1.0,0.96995556
0.0,0.8703594
0.0,0.04819113
1.0,0.9925964
1.0,0.95572686
0.0,0.27297908
1.0,0.9898943
0.0,0.9274869
1.0,0.8380177
1.0,0.99999213
0.0,0.48734662
1.0,0.99190277
0.0,0.2566716
0.0,0.29322577
0.0,0.87157255
0.0,0.80461353
0.0,0.26268232
0.0,0.30862838
0.0,0.40644673
1.0,0.99892354
0.0,0.3510002
0.0,0.6437582
0.0,0.3853405
0.0,0.79478085
1.0,0.995648
0.0,0.36510083
0.0,0.9041313
0.0,0.10464087
0.0,0.4147042
0.0,0.21653315
0.0,0.99374235
1.0,0.5836778
0.0,0.40133756
1.0,0.95852834
0.0,0.12103844
1.0,0.6097462
0.0,0.21283862
0.0,0.3672611
0.0,0.14410573
0.0,0.9903592
0.0,0.8042839
0.0,0.4493833
0.0,0.55623454
0.0,0.107078224
0.0,0.9658314
0.0,0.987625
1.0,0.99562776
0.0,0.97730577
0.0,0.1641357
1.0,0.999891
0.0,0.30502057
0.0,0.07491198
0.0,0.023070782
1.0,0.9192872
1.0,0.9285333
1.0,0.9597031
1.0,0.99789935
0.0,0.60682845
1.0,0.8006252
0.0,0.32908612
1.0,0.8648381
0.0,0.2894113
0.0,0.9962181
0.0,0.66214836
0.0,0.6388307
0.0,0.36325473
1.0,0.99652904
1.0,0.94674885
0.0,0.9995061
1.0,0.8556238
0.0,0.15913999
1.0,0.998791
0.0,0.15632752
0.0,0.17853701
0.0,0.9979936
0.0,0.7635242
0.0,0.43576828
0.0,0.08645633
1.0,0.9998255
0.0,0.0869934
1.0,0.99592006
1.0,0.96102136
1.0,0.9965389
0.0,0.17392674
0.0,0.99724555
0.0,0.14723417
0.0,0.18921393
0.0,0.5246929
1.0,0.95060647
0.0,0.5787582
0.0,0.23721191
0.0,0.42552444
0.0,0.09851712
0.0,0.09992823
0.0,0.432187
0.0,0.9475945
0.0,0.12927133
0.0,0.39580756
1.0,0.9997738
0.0,0.6447048
0.0,0.22200409
0.0,0.1197975
0.0,0.19558063
1.0,0.9716673
0.0,0.75854146
1.0,0.9996376
0.0,0.93770057
1.0,0.9999325
1.0,0.93036467
0.0,0.13317055
0.0,0.8360847
0.0,0.21754804
0.0,0.5484035
0.0,0.17637938
0.0,0.91692317
1.0,0.9959395
0.0,0.21103105
1.0,0.5116517
0.0,0.35066777
0.0,0.15083721
0.0,0.17073244
1.0,0.9855697
0.0,0.07999289
1.0,0.9994905
0.0,0.21162674
0.0,0.23243782
0.0,0.90548295
0.0,0.7936221
0.0,0.27224073
0.0,0.21170327
1.0,0.9888011
1.0,0.9906149
0.0,0.96127737
0.0,0.24274954
0.0,0.19165713
1.0,0.95163167
0.0,0.34157133
1.0,0.9618709
0.0,0.9211441
1.0,0.9897409
1.0,0.99928856
0.0,0.20171416
0.0,0.2797966
0.0,0.28762522
1.0,0.96133673
0.0,0.6337028
0.0,0.5520357
1.0,0.99758625
1.0,0.97592187
0.0,0.54177517
0.0,0.22237507
1.0,0.9936618
0.0,0.20634276
0.0,0.11985159
0.0,0.15397283
1.0,0.98306644
0.0,0.3721698
0.0,0.24901909
1.0,0.9907718
1.0,0.9501761
0.0,0.82633066
0.0,0.16391754
0.0,0.20338562
1.0,0.9927723
1.0,0.9909014
1.0,0.85090256
0.0,0.38800216
0.0,0.20139322
0.0,0.5678778
0.0,0.026018292
1.0,0.9810982
0.0,0.14680588
0.0,0.932638
0.0,0.21518233
0.0,0.936186
0.0,0.44302422
0.0,0.2482386
0.0,0.7245116
0.0,0.436733
0.0,0.109628975
1.0,0.7927904
1.0,0.98279953
0.0,0.6910356
0.0,0.65211517
1.0,0.37705505
0.0,0.25377235
1.0,0.9680865
0.0,0.13796484
0.0,0.1827747
1.0,0.9983651
1.0,0.9934451
0.0,0.9697168
0.0,0.548837
1.0,0.60731137
0.0,0.32746935
0.0,0.6429595
0.0,0.99992216
0.0,0.17745143
1.0,0.9191654
1.0,0.67819464
0.0,0.6120484
0.0,0.0688526
0.0,0.21281144
1.0,0.99333894
0.0,0.34191966
1.0,0.8996413
0.0,0.4089863
1.0,0.71026504
1.0,0.96743536
0.0,0.4962976
1.0,0.88421977
0.0,0.8408019
0.0,0.06301817
1.0,0.9990162
1.0,0.776523
0.0,0.14979249
0.0,0.77015495
0.0,0.9545785
0.0,0.9634634
1.0,0.9851779
0.0,0.4222879
0.0,0.88824993
0.0,0.16210896
1.0,0.9973812
0.0,0.17986944
0.0,0.70322496
1.0,0.99611735
0.0,0.051304936
0.0,0.95354164
0.0,0.84335744
1.0,0.7142094
0.0,0.80623
1.0,0.989619
0.0,0.14391145
1.0,0.52981645
1.0,0.72818977
1.0,0.99769104
1.0,0.9937278
0.0,0.036033392
1.0,0.9651431
0.0,0.135039
1.0,0.9997026
1.0,0.97225666
0.0,0.454448
1.0,0.99494004
0.0,0.0731754
1.0,0.79886687
1.0,0.5683258
0.0,0.5547381
0.0,0.99665964
1.0,0.9998175
1.0,0.78969884
0.0,0.6917134
0.0,0.8339959
0.0,0.042038053
0.0,0.20242766
0.0,0.9134505
1.0,0.9519743
1.0,0.9683124
1.0,0.69680774
1.0,0.990128
1.0,0.998755
1.0,0.9998572
0.0,0.82376325
1.0,0.9890245
0.0,0.22189063
0.0,0.19520703
0.0,0.44455165
1.0,0.6237835
1.0,0.79911274
0.0,0.36296332
0.0,0.16288441
0.0,0.9874929
1.0,0.9662417
1.0,0.8561658
1.0,0.98956084
0.0,0.13382536
0.0,0.99781764
0.0,0.3225686
0.0,0.66510934
0.0,0.21800843
0.0,0.20224488
1.0,0.9983157
1.0,0.9830927
0.0,0.27734286
0.0,0.53719974
0.0,0.9776919
0.0,0.8114066
0.0,0.954245
0.0,0.6627961
0.0,0.7444688
1.0,0.8855277
0.0,0.46066236
1.0,0.8854836
0.0,0.14638335
0.0,0.94114554
0.0,0.44984308
0.0,0.49011463
1.0,0.99127847
1.0,0.9132494
1.0,0.96404517
1.0,0.83250856
0.0,0.08638546
0.0,0.3963595
1.0,0.93136144
1.0,0.96809125
0.0,0.64826757
0.0,0.1172013
0.0,0.69427305
1.0,0.93941724
0.0,0.073055565
1.0,0.32517144
0.0,0.11033699
0.0,0.5735198
0.0,0.19626072
0.0,0.1404379
0.0,0.6921611
0.0,0.08100924
0.0,0.33009705
1.0,0.9975965
0.0,0.11237842
0.0,0.89356184
0.0,0.20647392
1.0,0.37563473
0.0,0.53148097
1.0,0.99956506
0.0,0.04723835
0.0,0.300642
0.0,0.10294604
0.0,0.76671314
0.0,0.1388289
0.0,0.0783014
1.0,0.9858585
0.0,0.7127527
1.0,0.9138369
1.0,0.9030118
0.0,0.13980362
0.0,0.32773125
1.0,0.9970508
1.0,0.9999194
0.0,0.56169295
0.0,0.60893464
0.0,0.19800302
0.0,0.901909
0.0,0.14630702
1.0,0.9686843
0.0,0.13769364
1.0,0.82254684
1.0,0.49322557
0.0,0.95369864
0.0,0.5515559
0.0,0.19481966
0.0,0.099288285
0.0,0.927199
0.0,0.17449924
0.0,0.21527219
0.0,0.9769206
1.0,0.96123815
1.0,0.9803544
0.0,0.19175473
0.0,0.17630959
0.0,0.9250993
1.0,0.94449425
0.0,0.1377953
0.0,0.14825186
1.0,0.9809253
1.0,0.9985359
0.0,0.46523964
0.0,0.5628459
0.0,0.15052429
1.0,0.99639547
0.0,0.27592066
1.0,0.99628484
1.0,0.92652667
0.0,0.25167805
0.0,0.8438116
0.0,0.2683775
1.0,0.7989436
0.0,0.43584532
1.0,0.9501286
0.0,0.27539873
1.0,0.9781437
0.0,0.77686536
0.0,0.2756531
0.0,0.42710027
1.0,0.99987066
0.0,0.32465318
1.0,0.99967825
1.0,0.9858441
0.0,0.04881844
1.0,0.4781956
0.0,0.57706183
1.0,0.6835954
0.0,0.14278987
1.0,0.9984292
0.0,0.10035393
1.0,0.96283996
1.0,0.9874068
1.0,0.999885
0.0,0.06809327
1.0,0.99667835
1.0,0.8113991
0.0,0.6553261
1.0,0.9865006
1.0,0.98376083
1.0,0.40055472
0.0,0.64077294
0.0,0.2200243
0.0,0.99491197
0.0,0.13972293
