2513
19747
39904
27247
5150
23
40322
29135
19330
17115
18599
41489
19099
40934
30209
33190
4829
3407
25112
10818
18841
19708
4006
2037
17558
11792
28484
742
46715
1513
29967
4046
19973
5876
17525
42906
43142
5900
10956
4559
19339
47167
20705
40280
24375
18396
38905
30724
4759
33791
1078
5551
17342
33671
11054
19416
10916
43206
47748
16807
42002
10378
38737
3393
42908
579
48150
27237
4928
20368
741
28368
1807
30439
43154
30896
21111
5366
17473
11610
34043
8852
6001
27851
20685
41805
19952
17424
43431
20589
33712
821
39689
10769
31197
26269
38643
8795
20370
2688
5702
21364
42045
32032
31759
19924
5558
21989
40183
19779
11395
39587
5965
25705
34189
23145
27233
10356
16764
23080
11780
756
34402
31616
10089
2680
5673
130
29853
47121
48699
29618
31236
9236
29666
18858
2283
40524
18155
20617
39842
39566
20665
38890
39258
48285
32070
32276
1650
44284
46425
961
16492
42856
573
38999
28818
20227
32438
19503
28892
19218
20450
16090
43577
22249
18728
29771
19862
22275
4633
40097
43086
5451
47906
19308
20701
31782
18412
41505
24486
10708
5878
22780
5161
2961
16812
31750
6078
5460
40194
31615
4713
20529
47557
23483
20480
17312
20562
2994
1055
38641
4275
22848
34437
47536
11319
17397
30482
25469
39854
26626
32522
27510
41337
20199
30560
20710
22729
5905
16482
10321
31501
17447
2998
38561
19075
40052
5005
20085
17285
2734
736
38633
930
27411
125
26976
122
27768
10413
1481
47826
39440
21561
4266
40534
44246
18887
32812
3263
5847
41977
30391
1809
11303
30688
16369
18433
1204
43319
17324
32037
30057
31235
19250
28657
47034
30995
20504
3539
46760
43578
22908
1
8847
32537
5186
766
23079
3796
48354
38986
30049
20046
23493
3031
1369
19362
17903
47408
43490
44176
40184
18364
41672
21710
3199
416
42438
687
3246
43514
32220
27626
22525
5771
5665
5826
21923
27574
18125
30644
6093
17368
1903
43009
4515
2930
24283
3928
40340
9433
3707
6083
39244
10929
27669
18485
46421
33548
34561
41312
38835
28300
16215
48215
2003
10796
21889
8894
24022
29887
17541
24127
3711
24755
3281
43716
27947
31955
16083
4417
27704
20172
238
5106
40437
18656
2444
3404
12583
27319
24321
5337
24778
2556
47594
21781
27726
11699
43464
59
17116
1623
27720
20228
19755
10390
4029
11723
22045
17569
97
48671
31551
18456
20514
3827
4048
44536
47188
33674
34332
659
1342
46677
16586
5744
38929
44573
2108
19132
17434
1576
26539
18526
26218
47520
16130
3908
15666
24854
33719
33432
18502
1802
22462
32356
787
18607
20160
48216
41526
40611
28516
16479
40896
17190
18109
10703
11689
448
21632
5297
48320
42612
16045
42835
29100
29515
32397
42126
16117
46756
18523
29874
4042
31353
3673
27452
22099
4079
17310
20339
26559
18608
5908
3182
48460
10462
3698
21172
20682
42652
2160
29875
39318
44575
34742
2931
32524
16470
3669
40330
29359
38686
19000
33672
19881
22192
27547
46848
2279
30979
23373
18439
17061
20482
18178
3699
17482
20526
5683
46705
40167
19980
31513
47756
19951
26543
11118
11765
41738
822
3468
4871
32805
5063
42772
19061
1326
43088
6095
9176
4005
3489
1653
22615
31774
4772
18770
18189
41948
2570
16876
11488
48583
18199
11191
19492
39250
33344
18169
463
8637
16785
28503
443
167
8644
5364
16568
16571
21953
2060
19734
2853
42832
28074
1206
16848
295
20424
8800
11808
2465
4679
25259
1744
748
8883
31434
24917
614
19628
42262
20216
32187
7396
42193
20052
9436
21867
47779
43082
331
29905
19550
7664
2078
18066
32355
17385
47792
19378
610
39907
32384
39419
4794
31472
24625
9459
16643
4461
2629
260
29238
12114
29067
43201
18758
38691
18826
31355
48160
18345
22372
577
30597
17511
31947
22407
44367
19900
22208
40527
21208
47346
40120
28621
17249
29002
18882
48599
3358
3523
25136
9225
5276
17229
25033
5427
48067
48199
38874
1617
1014
44228
42156
1058
5521
18115
3507
29220
34264
5560
716
23074
18017
20687
21489
18252
10421
2056
2213
43501
18452
30056
149
32466
40746
27489
33666
2510
20066
3640
19845
4432
17876
20301
6039
29921
43351
17384
44290
30994
20294
40046
16572
10935
47583
24855
17712
30103
43543
18490
8726
8771
3576
28066
20376
33324
38452
209
41211
23025
39361
29942
34556
19225
1072
27616
16881
9114
43405
47830
1561
19499
3122
18569
27255
1133
386
29533
20397
30280
39921
27581
27681
25378
43811
3247
19701
4962
39995
24163
33731
43422
25119
1771
2308
46980
18210
40669
22511
48764
28831
39273
28824
23376
27575
43587
11672
25050
19162
23714
47948
2107
34571
4024
16824
4680
48206
21570
20331
20196
10532
1239
7316
27840
7513
2892
2470
20337
41701
42373
42237
764
44468
39374
898
19168
28853
1428
31851
46274
22617
10347
19284
16878
4782
32175
22787
23312
5440
5329
25176
40840
6088
5838
23124
4414
6092
28428
4060
27241
4019
44393
17972
42965
16410
28324
20496
44354
31861
44617
30838
33475
3378
17760
3949
19319
11086
43828
38937
11739
8998
20362
40976
30040
32846
2203
2851
19212
5425
48536
5732
17279
23302
34734
3477
3985
956
20409
21753
30183
3682
3851
18532
8917
40787
43515
18686
40481
46623
16179
19116
31606
43084
3426
43015
18336
5006
21739
17714
43541
4624
48194
5884
10377
42484
26162
1088
30237
46355
34779
42155
10509
24506
19911
1250
29541
32516
19130
40573
31862
32793
43561
19669
44243
4127
2893
22597
4744
34260
3874
39137
2580
3464
34628
44080
20346
3543
42778
40047
24549
27393
23304
2093
4364
3382
20326
20021
842
969
29785
12070
23754
31452
2691
34354
5393
48222
18874
44298
17951
997
20039
48065
40198
7868
11680
41255
3387
28913
20048
8126
19756
16740
43548
31015
3319
18251
23869
48382
34566
28393
47187
44018
42742
21242
1890
48296
4145
17272
16935
44089
47537
7578
39197
44127
2597
39150
19988
25174
41928
2004
2368
43169
34170
15637
47120
30683
28370
2106
9207
32832
2320
235
3719
4292
33459
33099
964
47112
48393
18477
47103
33133
17155
29858
5123
1728
48284
44379
4833
3029
4405
1232
10526
4542
9085
8920
224
4598
30716
22472
23839
34773
4063
40256
20236
9003
20040
10602
38981
41873
10824
48626
11772
11225
1059
32081
17378
30433
26203
22669
33555
3907
352
47099
20678
29572
5690
347
39279
971
40356
17317
40670
39433
1016
41872
195
28379
26127
32075
19053
23277
5657
374
30065
18581
4453
1899
2034
17448
20494
47111
11806
27636
34525
2284
20329
2663
2587
41340
28780
34203
22211
22147
24963
20314
957
28061
42982
44380
34872
2694
16548
34527
18743
27248
46631
16590
18757
25517
18152
2159
4393
737
20609
43882
1479
2025
39812
38613
9021
4956
5971
3131
26157
39646
6010
16266
1747
21115
2728
22944
29855
24242
1792
29774
4811
10366
44322
48109
28430
5018
18486
2538
28861
117
41717
1652
1384
20144
22891
47191
43816
6107
38849
34820
41611
42474
26379
3174
30399
48484
43937
3553
38802
4645
46378
5257
1918
19540
26066
28687
3124
1472
29532
26888
17406
43049
4090
570
4773
5498
42833
44493
21438
4843
46394
1243
48203
5230
4845
33676
41663
44249
20561
3809
34657
47344
10330
21794
4996
4575
4481
32441
2394
33055
3824
33473
20657
2046
48689
48193
27185
19457
34287
5133
29411
29851
21431
30891
19927
4404
20405
20343
29048
17699
17703
48684
42232
21498
4077
34425
3267
7428
1025
5810
2359
44324
17686
30661
30606
445
745
33000
43508
27627
44535
38666
16645
592
39089
22263
27000
4363
3757
40868
3177
22139
19304
43436
28929
41355
3144
33896
3418
17156
22
2722
3983
25428
29537
46397
1190
3364
19690
29934
2591
23353
43407
30406
24734
33526
4106
16700
19024
18597
19105
18853
17203
28988
24858
591
19083
3183
2175
47663
82
19064
28928
46800
19365
2777
6100
17665
10467
43333
4923
19767
20038
3017
41347
34082
43680
19052
29206
18130
19854
439
18276
5821
28757
5269
1654
5625
19420
28048
41461
33632
34614
9141
47697
39623
2353
583
33723
18290
19878
24551
33368
903
17341
19387
11417
3475
7590
1321
38584
47646
3663
44139
18054
21194
40012
2589
43673
24692
25493
9478
20684
9381
18458
4262
17599
8554
3518
16073
1775
30131
3966
43903
30561
31864
11942
17932
33105
42109
28473
10926
1659
24852
5906
967
1641
39092
23193
30721
3878
21617
4683
17472
39275
39586
32432
4882
17070
28778
38934
3158
1346
11356
1715
30060
47631
47499
32338
28173
20418
40342
19183
43234
4002
19918
48085
3850
25978
5359
28441
22137
16153
22103
21560
47765
2481
33561
47529
26015
29154
41476
17098
3332
39224
32296
17921
16851
47794
47518
26808
29406
18896
2685
4007
2162
16088
2227
33710
1053
5986
47946
18089
522
24484
41593
30756
8857
26327
31592
17197
18078
32066
3897
1853
9078
4800
33925
30578
25519
42738
5881
41664
1069
47800
2633
16944
3630
41802
17928
19543
22262
40672
1142
30348
48538
33092
69
7591
8707
2686
30522
4696
5014
19903
27540
10965
26310
10549
16544
23538
41357
10465
4743
44319
34532
19245
43792
2163
4737
34505
34148
17168
9371
29744
21337
24426
3919
29976
4626
47603
18070
27606
4861
26186
40321
21644
18135
4717
18879
25113
43679
17843
11114
18079
48584
4999
20098
913
39208
31411
11306
17700
23970
27203
15856
24890
40679
27536
39034
30967
31391
29205
39336
17403
3203
33826
39935
1810
42363
21767
11701
21979
3016
23771
34654
21316
1638
3471
22194
17618
3687
27236
27572
5928
16442
9359
29848
22371
22966
897
18339
473
11082
39319
3832
42168
24681
20588
85
17654
16089
2620
24240
38858
27410
17017
24970
41920
1307
3916
38752
10084
20680
3608
30704
24577
33595
10654
24615
29553
29890
1711
17101
2512
8639
44132
5707
41271
19891
19086
29625
4278
44061
3240
19226
34210
10999
28782
43449
29499
15929
40648
6056
9283
22679
34083
27960
5175
44563
21962
18987
24331
24665
27228
47090
43711
24840
556
3377
27722
31265
3162
38868
17870
22085
23467
33835
33622
8609
33721
1331
47626
20159
3430
18400
38798
48739
25002
29003
39827
18395
34723
18117
20553
25223
46529
20106
8714
6032
22404
38418
3409
1448
20192
29893
19318
2602
18753
4378
5631
1173
4749
33879
3423
20545
33191
33425
24777
30445
41216
34350
5307
17280
46791
42401
24188
38618
5926
572
2391
11316
480
10967
39308
2606
39876
41903
27579
24351
732
30689
4771
11115
4017
41732
44479
38521
39584
2575
20230
7635
24368
19529
41494
9458
47591
28753
40131
30357
41978
20245
20045
16522
21645
16620
1235
9049
38610
820
39540
38870
32080
25520
42388
21371
2
48401
1012
4926
8787
499
29780
21797
24979
16046
26674
4905
47696
18999
15667
16847
8561
3251
3749
34477
25290
41253
48545
19241
16676
48552
19004
23541
19955
4501
5621
23494
39038
8697
11812
42369
40306
20205
10709
48580
22844
42138
4344
18828
30635
34721
8150
23326
32274
4643
26256
41820
42630
42553
17337
44107
33623
48711
4277
18672
11755
3448
21909
26257
32800
11405
795
4131
27796
5880
1723
29891
7413
809
1883
3153
33523
633
46387
22341
47827
27
31658
21163
3965
19437
2204
10315
5590
5854
16834
2335
23598
17358
20552
32490
2382
25572
2976
25567
18077
22229
28435
4136
7361
2047
10388
5139
28199
17898
23338
23385
2383
15864
6045
1945
20273
43813
26260
27582
38689
41217
5396
43321
9802
27225
48404
2200
19602
1211
23204
32078
22088
20592
18423
39713
29794
4475
7524
34396
46283
29019
4840
48587
43181
288
1275
3892
3452
43545
24654
103
298
20408
4316
2410
851
43257
9533
16244
16406
43427
44005
15976
27363
43953
27206
18802
7638
33462
3225
9383
10489
5998
2337
16830
99
3823
4279
15884
43097
27518
3662
32059
43967
16348
24218
17770
5565
1293
28554
41472
34690
27257
3712
28784
11060
27357
16441
16828
1742
22801
23020
23717
31352
48303
9335
32277
47165
2190
5800
34034
7502
24950
17617
11614
455
17746
43653
43400
9393
20125
3697
9041
584
1451
19606
48378
38555
623
30481
38848
3990
23087
32780
4595
22067
11424
17660
4830
16800
42105
48358
40494
31390
33668
5327
28836
144
32429
2586
39982
48491
9206
9143
3084
25382
11072
19920
20000
41859
40273
32608
28486
27795
4612
18905
25019
16869
5674
30639
2530
3262
20069
16501
20653
380
22604
8974
5330
5461
23129
5917
25269
16096
12321
21865
20389
2264
18424
47277
17246
9435
16430
40345
44616
20386
4629
17256
11704
41547
23616
23755
29954
7372
19947
18595
16346
19982
25467
18825
31439
46641
10496
17567
6015
27076
19719
40339
20476
43924
39649
2937
44363
42594
854
4541
39364
3278
743
21291
8768
2145
43127
18591
22941
4723
25710
18185
32652
48073
7494
27479
32449
27350
40125
3956
33906
4950
16226
28651
4107
22591
2925
47081
2912
18341
26134
1531
33231
28656
44626
39362
43233
1045
3844
2785
5748
32295
48229
10774
24748
17068
11258
42421
32189
40454
3362
25921
29540
32531
41332
42161
29839
22899
3926
30212
43185
18127
34809
33238
24949
32181
27096
43450
25451
38809
32271
31438
1907
47388
48195
17814
11367
29423
18734
21815
2311
2509
5840
28872
3891
5767
34269
33849
3677
39327
38658
28911
5969
4338
253
10498
7529
34288
5709
2704
8727
43644
5091
21701
5684
5877
11250
2559
43220
26033
18920
46520
8775
32194
17723
2198
39331
1068
3959
3134
11360
48508
33093
10379
3321
30702
20369
4859
323
25732
7326
21772
10791
32636
849
29447
8553
46468
17208
5775
28339
47684
11681
2475
29807
47949
4124
3194
2090
19901
5363
48566
43099
1649
34265
15931
48660
44291
2196
3265
31949
32074
33185
3880
249
31871
472
17479
3582
17644
22283
1037
23048
29278
2232
25135
519
596
43750
18574
10832
27981
42100
306
5093
39142
25026
20455
41614
110
373
5169
3417
20668
11807
25331
3784
1394
11734
19810
17952
18683
38881
47402
20381
3702
39857
41795
30125
3071
3930
16795
3852
41678
5849
44112
38933
18484
20028
28036
42638
38522
5982
17516
17085
4648
46700
27926
1171
2389
46405
29185
46395
1830
17073
31613
41719
26863
4530
18093
33463
4551
3656
17442
24431
3980
46291
26278
3117
33905
30289
41781
48029
27686
29817
20602
40966
30987
47938
39061
15817
22645
10924
3074
11547
18449
16559
18921
18942
363
23577
5580
19557
41395
32705
48778
10822
42218
4088
5180
33255
41997
8457
40888
23004
41331
10296
11605
18366
16368
38587
48387
19876
28639
48026
20140
10641
2354
2954
32476
5562
11422
11101
31590
8664
8576
17781
24480
42526
42586
17964
40109
48366
27629
22322
17301
10584
16939
20582
21887
21900
1399
39937
23864
38749
16199
17393
1542
25659
11274
43408
44502
3751
40714
5051
27256
8897
25330
5604
47688
24270
32227
8058
46385
9400
20050
39690
11602
47470
17025
29586
32528
18106
3604
11469
7709
39564
41726
48068
2205
16381
43128
23671
17075
31511
3700
3843
16383
22855
19169
31922
212
41189
43709
2562
21996
9411
10896
3494
25285
28334
30088
16706
3392
18897
46328
548
39807
10636
3713
6041
31793
40009
3881
39638
20611
22264
19010
23707
3905
22711
157
16757
6017
22578
34347
32169
10657
19662
30438
2495
1026
907
19066
28460
34625
277
31559
16426
23857
1143
12652
20579
19814
32967
10727
30225
26173
17643
48151
39955
2148
5246
18605
3557
4465
46247
19828
48108
894
2741
5078
19801
4561
2174
3320
19610
17968
18494
32188
33102
3888
32479
21931
285
21249
43968
39074
33162
7474
2009
44306
16323
735
26062
16205
17204
24614
16322
43643
5333
3379
8850
2516
5577
4694
4558
3463
2525
3126
41675
21441
42987
15635
43905
28490
22119
19823
3900
42654
42528
43415
24289
31536
28257
32222
25502
19956
38619
2393
5378
28240
19563
47945
261
43672
38748
11058
19684
34626
5122
48046
25096
1079
26644
5837
39441
28311
20598
32221
28901
1790
42986
449
5822
44443
20531
3894
2660
48664
34289
17171
3786
32381
10733
16950
38771
39223
23400
32704
32237
17353
27218
5022
5599
581
47061
31968
28278
761
34810
29543
19780
394
274
28336
24494
31800
47063
43999
17062
5302
15910
19584
12685
27418
24273
806
19968
42070
9778
20457
43928
18750
21230
41649
34661
40193
25703
25657
24490
19654
17933
47500
10428
17974
40923
38695
29313
4398
43761
8924
39809
33002
11546
529
44355
4083
9355
5672
8916
10464
4722
39261
47093
1070
28502
39
42419
5858
2333
44570
8632
39582
9637
2715
47661
23466
39483
19750
39703
17934
18822
32240
29507
43316
46290
20699
34826
42416
5458
22186
28343
46454
28322
19811
28332
23903
48110
4116
30814
18315
5059
2907
20474
42590
48396
12034
39864
1295
41817
32694
24978
11811
27679
30005
22097
43188
32467
6021
47152
4257
20135
2120
2212
32795
48106
25025
10306
18045
38767
24836
48129
39753
29756
39465
2678
2477
27421
5745
21218
17772
30484
17621
1319
16137
16201
40429
21801
25587
44137
32512
39070
24365
40712
25001
42117
32305
3641
19863
17841
8672
34263
20256
2928
1796
18264
19882
41904
18636
5351
39353
5370
3046
31141
2548
28262
40233
30045
26599
39183
33856
42549
9297
33108
25910
29325
5550
29430
20452
43927
29582
16050
2472
18145
11487
20261
30984
20091
17796
25497
4569
46407
19307
43094
5443
44334
3671
30113
21779
3057
21972
32814
302
4656
4142
23009
28152
19748
2356
5045
3480
30358
43575
31828
11507
29460
34133
21533
16856
4628
2474
10798
9060
181
33143
23604
20406
1651
8833
32135
48030
18183
41607
47150
4348
23101
1924
25929
42751
29948
33567
3150
5325
3895
341
47223
3855
3929
31777
19394
8567
25527
42
23913
3111
19243
43373
2519
1141
2668
11275
786
29940
2022
21834
664
47869
4915
34141
21596
5398
44014
29151
3285
2296
44010
1463
29754
7399
19617
3696
5053
19797
1371
30726
3052
16125
38730
11039
2632
25548
46535
16833
30963
3561
46761
1255
2617
753
44093
39563
8821
29779
15824
47492
30003
18168
4572
23833
1502
3349
32593
21886
20306
41774
32638
47361
20118
2858
16528
2431
16738
20647
4089
48446
32091
44327
20615
40806
20618
2760
39384
3491
34188
18937
41798
18805
34668
21957
3653
39660
25144
2696
17452
46250
8734
9022
2291
5545
44232
5176
40326
16155
3032
4610
5802
46411
32680
32741
28423
39515
193
40014
9547
9255
5041
3762
32146
28266
41699
30260
713
46904
41598
20714
19978
18894
576
5613
5820
21401
17460
6068
18643
19506
7649
42384
46698
33885
3906
2208
48237
30223
3458
43884
25265
40862
2695
44203
38599
450
3434
11583
19902
1776
15643
23267
47166
3953
24888
28357
29103
5832
23474
19324
34825
22610
47556
8774
18575
3051
48156
27142
44000
18907
17330
19191
551
32485
5258
1193
33530
17079
23546
22992
8909
27224
2844
8626
33155
19963
44597
48403
5199
18824
1455
18717
22579
1982
19765
23410
23370
42964
20522
34436
15996
7999
4311
29914
16858
4649
19509
31868
42836
11639
19576
5288
4732
10651
39980
11043
30601
10381
4578
20492
17338
40254
11426
48355
34662
38650
18629
25088
18884
31448
42552
77
25320
2451
7583
46988
4563
33408
2609
44339
24473
4504
25996
11256
17451
33711
27128
1299
47391
43153
4654
46553
41433
24534
28358
3658
39784
32286
23260
6091
32351
29560
17657
46298
29809
580
754
18160
3971
30634
33878
40975
13784
46384
29369
21432
21987
44222
43208
22352
8842
19280
32944
30631
28481
29862
2523
15878
32228
9943
43513
29096
10280
2521
30610
48606
23805
3773
16112
21466
17732
19098
33855
39823
5737
3858
28246
207
42263
48031
9432
32563
41509
44146
651
26578
47819
4653
39642
22989
46455
28033
27436
3242
1225
1413
486
21297
30051
33551
7373
17929
29526
2603
2574
8985
38698
1785
41801
33633
24786
3023
5703
24091
46964
31467
15999
29409
30551
19386
19704
4112
20595
2044
18726
30922
39405
27492
44426
17560
27588
22507
39511
18023
872
589
11616
5682
34648
19
34667
27392
20266
3952
2906
31282
40270
42238
21936
32348
42912
797
2397
34316
17925
18299
1822
11277
772
3637
39276
33613
2438
47815
4458
3964
11745
5100
30261
5799
24319
34164
19230
40525
41796
18579
19693
1380
2122
18154
3522
17104
280
24715
47273
30380
4635
236
19614
27226
30264
43465
28067
21694
39930
8869
29909
44356
33965
28785
48279
34485
22505
21728
24599
27591
5068
3573
5094
31260
39849
44335
23644
38615
25239
5985
18170
39874
9515
31010
668
3567
33886
16862
2396
12076
16462
3492
2804
23650
5773
43589
20054
31519
9506
1667
28247
781
1985
39912
17213
28752
24560
8695
27694
4283
19833
5295
30725
1229
42454
26006
7201
1224
5958
661
33740
40523
2986
3724
23259
2824
31473
34176
16503
2388
28162
3200
24058
34356
33698
17149
5127
4692
20036
3629
47036
21572
17902
41210
422
10655
10827
41935
17924
3120
27873
2969
29148
18340
33846
23430
255
41437
25336
2886
30334
4640
16665
19475
38894
16827
783
2270
5959
1356
44100
10386
315
27245
21681
32083
43184
18619
32060
43576
22925
48661
6079
943
39839
47852
43309
536
27634
42621
4775
23450
43768
4058
2997
17009
28673
18022
11606
18140
1265
27434
2265
34076
25237
18545
3145
5676
29508
20361
17253
4730
32247
24445
590
24802
46427
41851
16836
21754
25076
25544
10734
39421
17354
4622
1789
80
3197
42197
31402
10599
32435
23836
17047
42096
44350
15645
42609
27541
32088
2648
721
39858
24965
34669
19825
41644
10384
30071
1997
7684
2791
26724
3254
299
4507
8832
885
32676
42897
21224
33836
993
4548
42979
43753
42631
42548
32192
847
22337
43359
17268
42882
42254
25339
11512
140
42602
4056
19585
3854
40842
47604
32729
17501
41905
2346
17142
27239
21731
43574
42927
27984
4092
24857
2404
554
27227
24787
19716
22535
16114
17776
44279
16195
2639
2988
31908
21599
5620
17532
32700
16760
2052
28833
10716
34876
2156
29977
46879
18666
21156
24023
412
21398
19861
44576
20347
24186
3802
33847
2517
1434
47639
106
1390
20303
16766
31728
10096
21377
48480
29098
4023
4044
33639
34405
18986
731
19572
25947
1268
2850
21980
4693
43907
30217
17099
16405
5332
23379
31450
17517
2309
31440
27135
23621
16591
25184
40913
41610
1909
2593
48540
2723
48426
865
18062
460
23381
27478
5697
30581
4099
29279
1350
31224
2137
26374
47355
44308
41520
47382
29885
33472
47814
34317
23064
47951
42929
11879
29579
15795
19658
112
47972
29094
22353
29275
2274
21784
46868
18923
21425
2064
23892
2409
44458
27238
41353
4135
48395
44585
28599
20523
11552
3298
19883
46856
17751
16297
32857
11034
10095
25360
23387
10455
32588
3818
23305
42417
4280
2939
6013
19406
16059
4290
5836
29852
1694
47060
39392
40250
19544
47088
44528
34704
9189
11050
33211
26100
8643
44067
3721
22170
40360
2273
16370
5764
24991
34259
22345
43909
3903
1397
22422
3501
2881
20079
44352
33755
5614
29524
9193
28774
2553
11375
22228
5017
47653
10699
31799
5872
20599
43912
2847
47122
41814
29956
43243
32658
17405
26163
25600
42857
24384
3490
4616
39324
18268
2566
44184
11702
3179
44321
31056
700
22668
11462
5766
26569
27858
978
27030
31211
41656
18370
31518
10938
40802
16268
1021
21707
1083
3086
11947
46430
4102
23528
266
19108
42015
41759
5313
29877
25319
3478
30526
33956
47965
44391
5043
10447
3831
3083
28871
2135
47131
5886
16100
39254
30130
527
5923
40472
21306
1568
4412
3171
22175
29088
16171
1154
3027
16298
3474
1093
17584
221
5047
17953
1443
48251
40079
5573
3223
150
11775
22290
46693
42272
3421
7889
34819
5049
44015
17877
44495
18352
4513
39050
2197
40011
19412
1914
34010
7441
18072
21243
34480
5669
39098
29170
16803
44086
8685
33342
39470
29290
6044
41813
5843
3167
25185
16095
48230
