0.0,0.48803225
0.0,0.6548518
1.0,0.2619203
0.0,0.1303676
1.0,0.5277027
0.0,0.15018027
1.0,0.89611864
1.0,0.6754646
1.0,0.4232512
0.0,0.14157704
0.0,0.40744486
1.0,0.67681843
0.0,0.066889666
0.0,0.347251
0.0,0.12532508
0.0,0.15105948
1.0,0.5751413
0.0,0.23330407
0.0,0.062111758
1.0,0.6242964
1.0,0.2917924
0.0,0.16917634
1.0,0.5724884
0.0,0.24305077
0.0,0.044663146
1.0,0.59430426
0.0,0.22003941
1.0,0.63481987
0.0,0.18618704
1.0,0.8674027
0.0,0.06906388
0.0,0.2312468
1.0,0.82836056
1.0,0.94484967
1.0,0.78386045
1.0,0.9289597
1.0,0.74658895
0.0,0.2203488
1.0,0.6738233
1.0,0.3232777
1.0,0.717871
1.0,0.8276869
0.0,0.09630048
1.0,0.7944869
1.0,0.7276459
0.0,0.051716425
0.0,0.110207796
0.0,0.13458614
0.0,0.068573475
1.0,0.863393
0.0,0.28235847
1.0,0.7672142
1.0,0.9083866
1.0,0.615832
0.0,0.12143381
0.0,0.119823836
0.0,0.2966406
1.0,0.1503456
1.0,0.7274262
1.0,0.30145162
1.0,0.8396489
0.0,0.5391701
1.0,0.8757375
1.0,0.7823378
1.0,0.7495886
0.0,0.29568666
0.0,0.43179148
1.0,0.7502785
0.0,0.058136016
1.0,0.7287474
0.0,0.2884328
1.0,0.8330797
0.0,0.054831386
0.0,0.17779602
1.0,0.53045714
0.0,0.42668858
0.0,0.062115468
0.0,0.24028334
0.0,0.2582788
1.0,0.64580876
0.0,0.07991163
1.0,0.8572113
1.0,0.90299827
1.0,0.9237941
1.0,0.88322467
1.0,0.7597097
1.0,0.91365147
0.0,0.39442828
0.0,0.08185108
1.0,0.6704375
0.0,0.0921413
1.0,0.20492306
0.0,0.13976312
0.0,0.42282724
0.0,0.35446665
1.0,0.87700856
0.0,0.17964153
0.0,0.13498604
0.0,0.1503456
1.0,0.4743561
1.0,0.79664636
0.0,0.062923685
0.0,0.17829598
1.0,0.24081476
0.0,0.17799678
0.0,0.42435312
1.0,0.70291126
1.0,0.26682398
1.0,0.9289597
0.0,0.17847124
1.0,0.19842324
1.0,0.8841944
1.0,0.76665103
0.0,0.18574265
1.0,0.21375334
0.0,0.17962408
0.0,0.14514825
1.0,0.38478115
0.0,0.14790428
1.0,0.67985445
1.0,0.47085065
1.0,0.88548934
0.0,0.2530437
1.0,0.91398513
0.0,0.43976936
0.0,0.089273214
0.0,0.20874107
1.0,0.50084424
0.0,0.07092274
0.0,0.42841473
1.0,0.8345496
1.0,0.6784118
1.0,0.84277076
0.0,0.10022446
0.0,0.14759997
1.0,0.34292126
1.0,0.90102017
0.0,0.6743164
0.0,0.11974492
0.0,0.12548926
0.0,0.18122236
0.0,0.19384682
1.0,0.672837
1.0,0.24081476
0.0,0.25575274
1.0,0.42791143
0.0,0.18072486
0.0,0.049764745
0.0,0.047087535
1.0,0.34810248
0.0,0.08360193
0.0,0.227613
0.0,0.15749851
0.0,0.12347801
0.0,0.059115507
0.0,0.076510884
0.0,0.7826497
0.0,0.35125038
1.0,0.7971346
0.0,0.087098286
0.0,0.092865504
1.0,0.94056386
0.0,0.14956808
0.0,0.5434499
0.0,0.35357916
0.0,0.07172455
0.0,0.25498107
1.0,0.90427923
0.0,0.15084118
1.0,0.55415785
0.0,0.24877891
0.0,0.11160256
1.0,0.62236905
0.0,0.665432
0.0,0.8105904
0.0,0.6163503
0.0,0.055091757
1.0,0.6684039
1.0,0.78153753
0.0,0.11434716
1.0,0.53247154
0.0,0.30197883
1.0,0.8009343
1.0,0.58175594
1.0,0.7910573
1.0,0.53802454
1.0,0.82693166
0.0,0.78436464
0.0,0.08994675
0.0,0.08127166
0.0,0.84353
0.0,0.11161317
0.0,0.08310567
1.0,0.35378057
0.0,0.058559854
0.0,0.75538474
1.0,0.7529815
1.0,0.6695112
1.0,0.83553535
0.0,0.07442405
0.0,0.3637915
0.0,0.11102778
1.0,0.11652778
0.0,0.3385954
0.0,0.5400463
0.0,0.41624013
0.0,0.3116319
0.0,0.13636848
1.0,0.23507106
0.0,0.147091
1.0,0.33378845
0.0,0.072224304
0.0,0.41905445
0.0,0.039914317
1.0,0.8372737
0.0,0.35437813
0.0,0.4274819
0.0,0.116352245
0.0,0.11271776
0.0,0.7852355
0.0,0.1587005
1.0,0.9031639
0.0,0.11336261
0.0,0.1432288
1.0,0.747622
1.0,0.8625186
0.0,0.2910375
0.0,0.089759186
0.0,0.08773839
0.0,0.0997154
0.0,0.24446552
0.0,0.17538947
1.0,0.7386786
0.0,0.17845698
1.0,0.48439687
0.0,0.095280744
1.0,0.6056801
1.0,0.32901186
0.0,0.15179087
0.0,0.18519734
0.0,0.09633418
1.0,0.82024825
1.0,0.6764449
1.0,0.8593683
1.0,0.64725584
0.0,0.0554475
0.0,0.5028023
1.0,0.93057567
0.0,0.5822941
0.0,0.13999566
0.0,0.08623565
0.0,0.26798198
0.0,0.18204042
0.0,0.122232094
0.0,0.20696382
1.0,0.37752014
0.0,0.077663094
0.0,0.3755421
0.0,0.22613208
1.0,0.78101975
1.0,0.64958507
0.0,0.15689835
0.0,0.16649456
0.0,0.07551762
1.0,0.8326503
0.0,0.1783077
0.0,0.06815818
0.0,0.08728667
0.0,0.06620455
1.0,0.8485023
1.0,0.29942197
1.0,0.9257944
0.0,0.105809785
0.0,0.09630048
1.0,0.8449112
0.0,0.2199198
0.0,0.3744603
0.0,0.3023448
1.0,0.64970744
1.0,0.660391
0.0,0.098466076
0.0,0.14796089
1.0,0.91241014
1.0,0.5401133
0.0,0.40230998
1.0,0.5558367
1.0,0.69440174
0.0,0.48183218
0.0,0.21919672
0.0,0.18878143
0.0,0.06704458
0.0,0.22722173
0.0,0.14875253
1.0,0.91071767
0.0,0.10536627
0.0,0.08351344
1.0,0.85514706
0.0,0.23722287
1.0,0.82162637
1.0,0.15487817
1.0,0.78729016
1.0,0.6485567
1.0,0.73375815
0.0,0.07840508
1.0,0.8271081
0.0,0.5050599
1.0,0.89489955
0.0,0.6325437
0.0,0.27969378
0.0,0.15219694
0.0,0.35726842
0.0,0.29292756
1.0,0.85975015
0.0,0.7900749
1.0,0.6670614
0.0,0.73355734
1.0,0.6714214
1.0,0.8631631
0.0,0.08225676
0.0,0.057971466
1.0,0.34810248
0.0,0.089254364
1.0,0.7075397
1.0,0.6192808
0.0,0.072079256
0.0,0.044408552
0.0,0.06203859
0.0,0.076799646
1.0,0.80965364
1.0,0.5677814
0.0,0.14151937
0.0,0.45804375
1.0,0.61908156
1.0,0.90381384
1.0,0.49902034
0.0,0.07999854
0.0,0.47431207
0.0,0.05818669
0.0,0.7609878
1.0,0.863767
1.0,0.56786287
0.0,0.18580097
0.0,0.30585933
0.0,0.04759509
0.0,0.3845284
0.0,0.07374297
0.0,0.30930156
1.0,0.42569065
0.0,0.16724472
1.0,0.8674027
0.0,0.15004928
0.0,0.23926587
0.0,0.7614375
0.0,0.6114991
0.0,0.13807543
0.0,0.049883
1.0,0.46575326
0.0,0.14603293
1.0,0.6640912
0.0,0.091919504
0.0,0.09815879
0.0,0.2174255
0.0,0.056425028
0.0,0.7271711
1.0,0.37684208
1.0,0.78027904
0.0,0.5312066
1.0,0.48992348
0.0,0.053958714
0.0,0.528869
0.0,0.34799525
0.0,0.6620473
0.0,0.0671822
0.0,0.14934999
1.0,0.44099754
0.0,0.13938254
1.0,0.85539687
0.0,0.12422566
1.0,0.3842102
0.0,0.3432092
1.0,0.2164706
0.0,0.0921413
1.0,0.81266177
1.0,0.86481655
0.0,0.065749384
0.0,0.22231421
1.0,0.71867424
0.0,0.11146829
0.0,0.110603
1.0,0.2722683
1.0,0.78550005
0.0,0.4341495
1.0,0.76877105
1.0,0.874393
0.0,0.4283278
0.0,0.14859232
0.0,0.4379415
0.0,0.1481767
0.0,0.108102754
0.0,0.3461721
1.0,0.8190589
0.0,0.41163152
1.0,0.37907934
1.0,0.3794641
0.0,0.15849738
0.0,0.14256012
0.0,0.41352373
1.0,0.8928278
1.0,0.72234166
1.0,0.5016974
0.0,0.21024704
1.0,0.8696783
1.0,0.78288
0.0,0.10021584
0.0,0.10328404
0.0,0.78177
0.0,0.4989032
1.0,0.68279797
0.0,0.077295944
1.0,0.43510216
0.0,0.6543776
0.0,0.16014986
0.0,0.15194789
0.0,0.1503548
0.0,0.09032953
0.0,0.14756939
0.0,0.14882433
0.0,0.070433185
0.0,0.13793232
0.0,0.3879138
0.0,0.2792334
0.0,0.14756939
0.0,0.077559195
0.0,0.22153194
0.0,0.12067717
1.0,0.5287074
0.0,0.4032367
1.0,0.84612304
0.0,0.17665848
1.0,0.7672142
0.0,0.19461259
0.0,0.14211437
0.0,0.60802585
0.0,0.45823097
0.0,0.14401478
0.0,0.25760475
0.0,0.04786809
0.0,0.10044303
0.0,0.11053113
0.0,0.5235939
1.0,0.64287937
0.0,0.099406585
0.0,0.06321989
0.0,0.49047956
0.0,0.10962258
1.0,0.62688637
0.0,0.6184304
1.0,0.5292927
0.0,0.09171693
0.0,0.21673691
1.0,0.52107704
0.0,0.77900255
1.0,0.59064573
1.0,0.7448386
1.0,0.3454218
1.0,0.76235974
0.0,0.104729846
1.0,0.91365147
1.0,0.6530727
0.0,0.10597763
0.0,0.099676475
0.0,0.28525123
1.0,0.9122365
0.0,0.08528032
0.0,0.15284124
1.0,0.63375247
1.0,0.87471086
0.0,0.22810277
0.0,0.07286972
1.0,0.26173323
0.0,0.14656213
1.0,0.56371146
0.0,0.53515995
0.0,0.6405295
1.0,0.44465274
0.0,0.75409716
0.0,0.066179834
1.0,0.34490123
0.0,0.18880904
1.0,0.9205921
1.0,0.91241014
0.0,0.0963008
1.0,0.5308712
1.0,0.35795653
1.0,0.6712468
1.0,0.82176745
0.0,0.24146152
0.0,0.13606225
1.0,0.5443276
0.0,0.093262374
0.0,0.22316328
1.0,0.6669539
1.0,0.6624934
1.0,0.8041493
0.0,0.11932542
1.0,0.87098455
1.0,0.7788061
0.0,0.16765115
1.0,0.86602175
0.0,0.4909059
1.0,0.4128127
1.0,0.6764449
1.0,0.7011923
0.0,0.67273927
0.0,0.37814972
1.0,0.6472764
0.0,0.32256112
1.0,0.7673518
0.0,0.51989555
0.0,0.14746007
0.0,0.5508528
1.0,0.9589394
0.0,0.13188441
0.0,0.11773877
0.0,0.6324003
1.0,0.38314357
0.0,0.19425665
0.0,0.083672486
0.0,0.356831
0.0,0.6745315
1.0,0.70826095
1.0,0.8214162
0.0,0.08604377
0.0,0.28365356
0.0,0.19802979
0.0,0.42054743
0.0,0.22125903
1.0,0.7533392
0.0,0.20421991
1.0,0.854554
0.0,0.6727907
0.0,0.34634647
1.0,0.7244166
0.0,0.12746355
0.0,0.24692221
0.0,0.10962232
0.0,0.09043134
0.0,0.20339462
0.0,0.063196264
0.0,0.18509784
0.0,0.1496971
1.0,0.77963907
1.0,0.69960725
0.0,0.069145866
0.0,0.14985316
1.0,0.5927288
1.0,0.91241014
0.0,0.10474829
1.0,0.7052329
0.0,0.38890427
0.0,0.095314115
1.0,0.78347623
0.0,0.39400846
1.0,0.598914
0.0,0.27661195
1.0,0.32295683
0.0,0.12473879
0.0,0.14558662
0.0,0.23201112
1.0,0.8748314
0.0,0.16285512
0.0,0.14549659
0.0,0.112895206
0.0,0.52542335
1.0,0.38802886
0.0,0.09877773
0.0,0.04495918
1.0,0.8454353
1.0,0.2901755
0.0,0.3323483
1.0,0.5950529
0.0,0.500123
0.0,0.60717726
1.0,0.7193495
1.0,0.8397398
0.0,0.17879441
1.0,0.8622915
1.0,0.7735474
0.0,0.097142234
0.0,0.18660179
0.0,0.13906863
1.0,0.16554025
0.0,0.092960134
0.0,0.11127069
0.0,0.07436736
1.0,0.8868748
1.0,0.73139447
0.0,0.15833923
1.0,0.5688252
1.0,0.4342993
0.0,0.3380354
1.0,0.7369218
0.0,0.3996256
1.0,0.91241014
1.0,0.58952403
0.0,0.27066174
1.0,0.5459508
1.0,0.7533392
0.0,0.09420447
0.0,0.06056124
1.0,0.66977686
0.0,0.10481175
1.0,0.7832839
0.0,0.06447588
0.0,0.25557986
0.0,0.13746403
1.0,0.6721315
0.0,0.26958656
1.0,0.48186618
0.0,0.040031374
1.0,0.70462024
1.0,0.70949167
0.0,0.07780163
1.0,0.8439291
1.0,0.7208807
1.0,0.57077783
1.0,0.63178396
0.0,0.095280744
0.0,0.26522723
0.0,0.11276666
0.0,0.56371146
0.0,0.46412364
1.0,0.70802695
1.0,0.38384607
0.0,0.148568
0.0,0.10132911
0.0,0.1983402
1.0,0.6984849
0.0,0.566207
1.0,0.072748676
1.0,0.6722841
0.0,0.20557854
0.0,0.2876647
1.0,0.7664922
0.0,0.44627443
1.0,0.9132287
0.0,0.6521858
0.0,0.069951646
0.0,0.14655028
1.0,0.31063032
0.0,0.2772527
1.0,0.8438643
0.0,0.08054103
1.0,0.5364362
0.0,0.3841742
0.0,0.15559994
1.0,0.4273166
1.0,0.54543436
1.0,0.4882079
1.0,0.7863108
0.0,0.0959629
0.0,0.12940857
0.0,0.6854723
0.0,0.041704223
1.0,0.67255133
1.0,0.34635058
0.0,0.0936177
0.0,0.11634531
0.0,0.074618734
1.0,0.664435
0.0,0.12508686
0.0,0.22356161
0.0,0.07274804
0.0,0.6135429
0.0,0.20978694
0.0,0.21502347
1.0,0.5637254
1.0,0.5724884
0.0,0.54745525
1.0,0.32599202
0.0,0.27212656
0.0,0.43796682
1.0,0.6769138
1.0,0.7803935
1.0,0.8443101
0.0,0.14733914
0.0,0.19284597
1.0,0.43540573
0.0,0.092406966
0.0,0.14813267
0.0,0.6123167
1.0,0.7830335
0.0,0.20453267
0.0,0.23599713
1.0,0.66724926
0.0,0.11338431
1.0,0.92971504
1.0,0.65899885
1.0,0.8919369
0.0,0.67273927
0.0,0.051419735
1.0,0.8272629
1.0,0.7255133
0.0,0.36133987
1.0,0.22613654
0.0,0.11024284
0.0,0.25046027
0.0,0.18878846
0.0,0.05922859
1.0,0.38194945
1.0,0.7307552
1.0,0.7418066
1.0,0.8302072
1.0,0.85947114
0.0,0.5016256
0.0,0.82682675
1.0,0.7268626
0.0,0.075035915
1.0,0.4273166
1.0,0.43027025
1.0,0.8969385
0.0,0.21046798
1.0,0.53154594
1.0,0.4258109
0.0,0.20668873
0.0,0.1529673
0.0,0.27545115
0.0,0.0777079
1.0,0.6614269
1.0,0.8917023
0.0,0.09065193
0.0,0.09818665
1.0,0.1144043
1.0,0.6224488
1.0,0.2526321
0.0,0.14851269
1.0,0.6774507
1.0,0.5619287
0.0,0.056664504
0.0,0.110045634
1.0,0.7787498
1.0,0.9023058
0.0,0.3147102
1.0,0.6290954
0.0,0.08728667
0.0,0.12178816
0.0,0.25974098
1.0,0.7933315
0.0,0.28560755
1.0,0.6485567
1.0,0.7701572
0.0,0.25128838
0.0,0.28386188
0.0,0.22224715
1.0,0.8382257
1.0,0.63191617
0.0,0.10766749
0.0,0.18890673
1.0,0.68740803
0.0,0.11622838
1.0,0.9237941
1.0,0.8210557
1.0,0.48856086
1.0,0.67262864
0.0,0.19702998
0.0,0.54334384
0.0,0.36487687
0.0,0.08653498
0.0,0.07461975
1.0,0.60254014
0.0,0.6182087
0.0,0.0831617
1.0,0.7217223
0.0,0.15680745
1.0,0.11555388
1.0,0.56071985
0.0,0.1564622
0.0,0.21122222
0.0,0.67337084
0.0,0.055096008
0.0,0.07649734
0.0,0.08318469
0.0,0.07092087
0.0,0.8825382
1.0,0.072748676
1.0,0.5305893
1.0,0.835409
0.0,0.6195337
0.0,0.38668188
0.0,0.06859364
0.0,0.1920448
0.0,0.082107045
1.0,0.38216537
0.0,0.07323104
0.0,0.09644774
1.0,0.7295267
1.0,0.2999394
0.0,0.12203852
0.0,0.7738592
0.0,0.0569564
0.0,0.3614624
0.0,0.051864017
0.0,0.15272887
1.0,0.819067
1.0,0.8302072
1.0,0.6708946
1.0,0.8253895
0.0,0.07082959
1.0,0.67320293
1.0,0.81242466
1.0,0.82162637
0.0,0.25043827
1.0,0.7863108
0.0,0.04011076
1.0,0.35041845
1.0,0.28204727
1.0,0.78601176
1.0,0.7531673
1.0,0.7970352
0.0,0.3346886
0.0,0.29164138
1.0,0.60527736
0.0,0.08433534
1.0,0.653176
0.0,0.11573164
1.0,0.5198274
0.0,0.08501261
0.0,0.56934303
0.0,0.13590327
0.0,0.09911877
0.0,0.3083064
0.0,0.089937195
0.0,0.087543786
0.0,0.38341895
0.0,0.671644
0.0,0.05375446
0.0,0.09769732
1.0,0.53266686
1.0,0.49831814
1.0,0.8599661
0.0,0.7311634
0.0,0.5300623
0.0,0.64319414
0.0,0.0726019
1.0,0.81993514
1.0,0.24801502
1.0,0.71242535
1.0,0.89161026
1.0,0.9132287
0.0,0.71945155
0.0,0.20910303
0.0,0.07981509
0.0,0.747622
1.0,0.5095377
0.0,0.17505884
1.0,0.07999654
0.0,0.43027025
1.0,0.86146516
0.0,0.2548368
0.0,0.14168887
0.0,0.09815879
0.0,0.04341185
0.0,0.5644189
1.0,0.45683923
1.0,0.74889475
0.0,0.17190245
1.0,0.6614269
1.0,0.77447045
1.0,0.41087183
0.0,0.2964911
0.0,0.073969156
1.0,0.73009574
0.0,0.09065189
1.0,0.93057567
0.0,0.32279724
0.0,0.05851934
0.0,0.24062195
0.0,0.12961124
1.0,0.5726106
0.0,0.19868414
0.0,0.5608629
1.0,0.7737894
1.0,0.5455108
0.0,0.63360465
0.0,0.50123626
1.0,0.34810248
1.0,0.6743275
0.0,0.098938935
0.0,0.049311846
1.0,0.5378723
0.0,0.17791644
1.0,0.6056801
0.0,0.12862611
0.0,0.09634394
1.0,0.83373594
0.0,0.27364892
1.0,0.8246581
0.0,0.11932542
1.0,0.55040354
1.0,0.8980652
0.0,0.07764877
1.0,0.76078844
0.0,0.19680277
1.0,0.83306533
0.0,0.12400015
1.0,0.82278615
0.0,0.0941196
0.0,0.085066915
1.0,0.76691204
0.0,0.07566909
0.0,0.052641045
0.0,0.28365356
1.0,0.5443641
1.0,0.82730544
1.0,0.35689315
1.0,0.6698018
1.0,0.3013637
1.0,0.78807
1.0,0.5140181
0.0,0.072291315
1.0,0.6000323
1.0,0.8155695
0.0,0.25375012
0.0,0.09687903
0.0,0.051292658
1.0,0.557045
0.0,0.087154284
1.0,0.90381384
0.0,0.40511972
0.0,0.46832976
1.0,0.7693202
0.0,0.12890343
0.0,0.34895283
1.0,0.39602536
1.0,0.7413534
1.0,0.78365546
1.0,0.19545794
0.0,0.8070504
0.0,0.21054256
0.0,0.15018506
0.0,0.25109178
0.0,0.07261306
0.0,0.17190245
0.0,0.37495333
0.0,0.056232847
1.0,0.31538382
1.0,0.8366521
0.0,0.14835313
1.0,0.57957685
0.0,0.07206456
0.0,0.07627746
1.0,0.87985307
0.0,0.14946637
0.0,0.78196466
0.0,0.18880904
0.0,0.098370716
0.0,0.072224304
0.0,0.56956506
0.0,0.12843826
1.0,0.7255133
0.0,0.10560782
0.0,0.80370533
1.0,0.6728738
0.0,0.20333557
0.0,0.5817734
1.0,0.790658
0.0,0.20628965
0.0,0.15219694
1.0,0.68473816
0.0,0.08356
0.0,0.07542404
0.0,0.13765484
0.0,0.26785064
1.0,0.6695112
0.0,0.0399682
0.0,0.06649701
0.0,0.060128856
0.0,0.3165688
0.0,0.6842617
1.0,0.4919123
0.0,0.42262244
1.0,0.7881742
0.0,0.5484705
0.0,0.62688637
1.0,0.43061242
0.0,0.1730763
0.0,0.110333815
0.0,0.30977514
1.0,0.8379531
1.0,0.3190855
1.0,0.24609539
0.0,0.08716072
0.0,0.45295325
1.0,0.67779016
0.0,0.233464
0.0,0.15087725
1.0,0.54275167
0.0,0.12208865
1.0,0.77196825
1.0,0.3633587
0.0,0.10649808
1.0,0.5321719
0.0,0.25068587
1.0,0.42506534
0.0,0.43187937
1.0,0.8639885
0.0,0.057500552
0.0,0.7508429
0.0,0.11644356
0.0,0.34300977
1.0,0.24062195
0.0,0.062708676
1.0,0.8070504
0.0,0.07973277
0.0,0.18346003
1.0,0.7932283
0.0,0.1259785
0.0,0.0513871
0.0,0.07628684
1.0,0.7244166
1.0,0.86146516
0.0,0.20933954
0.0,0.23429541
1.0,0.55346286
1.0,0.2792334
0.0,0.4227701
0.0,0.080937505
1.0,0.54296446
0.0,0.45735532
1.0,0.745711
0.0,0.6739865
1.0,0.45090094
1.0,0.8340303
0.0,0.09541913
1.0,0.9310957
0.0,0.6319463
0.0,0.11065845
0.0,0.121485814
0.0,0.37900922
1.0,0.53389436
1.0,0.7851538
0.0,0.35929367
0.0,0.19148384
1.0,0.8673374
0.0,0.47386926
1.0,0.43829733
1.0,0.12334411
1.0,0.57669055
0.0,0.24089941
1.0,0.46055174
0.0,0.118850686
1.0,0.7867088
1.0,0.13296774
0.0,0.33100593
0.0,0.6670675
0.0,0.28204727
0.0,0.15913853
0.0,0.32617933
1.0,0.6784297
1.0,0.85097
1.0,0.8609204
0.0,0.15302888
0.0,0.06863854
1.0,0.8450222
0.0,0.5421773
0.0,0.104311846
0.0,0.18212432
1.0,0.7807721
0.0,0.299898
0.0,0.11007893
0.0,0.42687145
0.0,0.25046027
0.0,0.1990262
1.0,0.6743552
1.0,0.7432643
0.0,0.17686674
0.0,0.14694865
0.0,0.06489236
1.0,0.9021794
0.0,0.26911193
0.0,0.6319639
1.0,0.7827153
0.0,0.109340444
0.0,0.57480156
1.0,0.77442724
0.0,0.25296432
1.0,0.466824
1.0,0.35502642
0.0,0.14967662
0.0,0.10140644
0.0,0.10054865
0.0,0.6842617
0.0,0.11705299
1.0,0.8257383
1.0,0.9395129
1.0,0.80624723
1.0,0.4769608
0.0,0.78988063
0.0,0.15364863
1.0,0.6754354
1.0,0.71071255
0.0,0.5817734
0.0,0.22069064
0.0,0.15739834
1.0,0.5386642
0.0,0.06928211
0.0,0.45683923
1.0,0.66521215
0.0,0.0921413
0.0,0.1496971
0.0,0.05104953
0.0,0.21052854
1.0,0.8378852
0.0,0.16355273
0.0,0.046834223
0.0,0.18019705
0.0,0.09425577
0.0,0.4817736
1.0,0.43852767
0.0,0.15052858
1.0,0.85491955
0.0,0.1992104
1.0,0.73202854
0.0,0.1789818
1.0,0.67493045
1.0,0.91241014
1.0,0.8841944
1.0,0.66411865
1.0,0.8974762
0.0,0.35016164
0.0,0.049605396
1.0,0.2564313
0.0,0.29304117
0.0,0.06762835
1.0,0.78417754
1.0,0.28619418
0.0,0.16801783
0.0,0.07981509
1.0,0.52489775
1.0,0.8593683
1.0,0.9003135
0.0,0.10132911
0.0,0.7824363
0.0,0.10686922
0.0,0.6516214
0.0,0.048880354
0.0,0.0558347
0.0,0.6638769
1.0,0.7892789
1.0,0.8504402
1.0,0.66457146
0.0,0.10668977
0.0,0.14381802
0.0,0.16500598
0.0,0.17493212
0.0,0.15390709
0.0,0.18878846
0.0,0.55467075
1.0,0.8075293
1.0,0.8560729
1.0,0.72234166
1.0,0.5896057
0.0,0.19419959
0.0,0.20744094
1.0,0.7801371
0.0,0.28273636
0.0,0.56770724
1.0,0.78155243
0.0,0.66853386
0.0,0.4990492
1.0,0.5257367
0.0,0.13762613
1.0,0.40883097
1.0,0.71933776
0.0,0.53275645
0.0,0.092084296
1.0,0.876752
0.0,0.048713334
1.0,0.48183218
0.0,0.3183067
1.0,0.709466
1.0,0.6833261
1.0,0.66546744
1.0,0.77301586
0.0,0.53131026
0.0,0.2205075
0.0,0.08948749
1.0,0.533118
0.0,0.9430426
1.0,0.7180478
0.0,0.072079256
0.0,0.49740323
1.0,0.65172803
1.0,0.54393774
0.0,0.5797167
0.0,0.12672015
0.0,0.11670475
0.0,0.3169918
0.0,0.9430426
1.0,0.8560729
0.0,0.24363275
0.0,0.12721011
1.0,0.42784858
1.0,0.50528294
0.0,0.33729094
1.0,0.7004363
1.0,0.19876638
0.0,0.067432426
0.0,0.047087535
0.0,0.31047493
1.0,0.7493538
1.0,0.35237223
0.0,0.06786009
0.0,0.24611774
1.0,0.26522723
0.0,0.15230536
0.0,0.50084424
0.0,0.07772805
1.0,0.52646863
1.0,0.75739306
0.0,0.084907874
0.0,0.06867179
0.0,0.19278757
0.0,0.19400823
0.0,0.10110124
0.0,0.18054044
0.0,0.7668363
0.0,0.3932403
0.0,0.06219722
0.0,0.08617617
0.0,0.26221427
1.0,0.89030665
1.0,0.833632
0.0,0.07648685
0.0,0.07210442
0.0,0.11213015
0.0,0.0738732
0.0,0.43622923
0.0,0.20514826
0.0,0.05759417
0.0,0.66329396
1.0,0.7223377
1.0,0.84671104
1.0,0.45683923
1.0,0.80854255
1.0,0.7833561
1.0,0.7162601
0.0,0.4651998
1.0,0.67779016
1.0,0.7863108
0.0,0.13756266
0.0,0.1504728
0.0,0.16893217
1.0,0.66755307
0.0,0.16294305
1.0,0.7916069
0.0,0.09902525
0.0,0.7492482
0.0,0.77074826
0.0,0.20000987
0.0,0.09923973
0.0,0.51647085
1.0,0.21502347
0.0,0.15132222
0.0,0.055754125
1.0,0.7329019
1.0,0.60885894
0.0,0.20161772
1.0,0.8345496
0.0,0.16498733
0.0,0.08371621
0.0,0.0888062
1.0,0.87201154
0.0,0.07093579
1.0,0.2099148
1.0,0.73355734
0.0,0.09653841
1.0,0.48937207
0.0,0.090648286
0.0,0.13476951
1.0,0.8396505
0.0,0.09324954
0.0,0.660391
1.0,0.57628
0.0,0.057064615
0.0,0.22886774
1.0,0.78288
0.0,0.41775265
0.0,0.14590886
0.0,0.049207546
1.0,0.70558053
1.0,0.9330195
0.0,0.49590844
0.0,0.114198014
1.0,0.56371146
0.0,0.07067425
0.0,0.29606965
1.0,0.3938619
0.0,0.7019941
1.0,0.32172194
1.0,0.71563256
1.0,0.8190589
0.0,0.67027223
0.0,0.17806587
0.0,0.20064273
0.0,0.2000217
0.0,0.24001884
0.0,0.18715987
0.0,0.08313483
0.0,0.65015495
0.0,0.25175592
0.0,0.0399682
1.0,0.6073159
0.0,0.7965523
0.0,0.06119188
1.0,0.45970458
0.0,0.11271776
0.0,0.07971282
0.0,0.17811239
0.0,0.05849141
0.0,0.08585832
1.0,0.13958411
1.0,0.8631631
1.0,0.56770724
0.0,0.13762613
1.0,0.87993383
1.0,0.68316966
0.0,0.07128323
0.0,0.047017127
0.0,0.08288127
0.0,0.5580214
0.0,0.3117265
0.0,0.67014253
1.0,0.9209428
1.0,0.76579785
1.0,0.7904412
0.0,0.07663238
1.0,0.8986851
1.0,0.5233957
0.0,0.09518061
1.0,0.67540765
0.0,0.135868
0.0,0.10801613
0.0,0.5122663
1.0,0.88655007
1.0,0.717393
1.0,0.66844594
0.0,0.78731185
0.0,0.15143207
0.0,0.09665717
0.0,0.0888062
1.0,0.67714584
1.0,0.9174471
1.0,0.82754934
1.0,0.7200528
0.0,0.23881817
0.0,0.14893396
1.0,0.75409716
0.0,0.080998495
0.0,0.36912513
1.0,0.76557493
0.0,0.06823907
0.0,0.11174897
0.0,0.1666466
1.0,0.40989247
0.0,0.2555315
0.0,0.57077783
0.0,0.33783442
0.0,0.22564168
0.0,0.7144514
0.0,0.14019115
0.0,0.09827063
0.0,0.12657024
0.0,0.15616015
0.0,0.065586194
1.0,0.83486474
1.0,0.23960638
0.0,0.440059
0.0,0.7708101
0.0,0.5504673
1.0,0.8866232
0.0,0.07188235
0.0,0.15740964
0.0,0.4608346
0.0,0.085410655
1.0,0.7305439
0.0,0.14557113
1.0,0.7970352
0.0,0.11256361
0.0,0.2203488
1.0,0.38824373
1.0,0.7654394
1.0,0.85441077
1.0,0.83306533
0.0,0.2101815
1.0,0.70802695
0.0,0.42247027
1.0,0.65355563
1.0,0.74438626
0.0,0.1503456
1.0,0.868127
0.0,0.5685009
0.0,0.5533728
0.0,0.07407372
1.0,0.18972903
1.0,0.8589606
0.0,0.060200773
0.0,0.46904403
1.0,0.6736461
1.0,0.8263556
0.0,0.07324391
1.0,0.3754862
1.0,0.47944188
0.0,0.15745708
1.0,0.3910892
0.0,0.6640912
0.0,0.19549707
0.0,0.178066
0.0,0.62508
0.0,0.07219587
1.0,0.67714214
0.0,0.106322266
1.0,0.6250043
1.0,0.673778
1.0,0.2830781
0.0,0.14019383
0.0,0.5423638
1.0,0.6112829
0.0,0.092691824
1.0,0.59599054
1.0,0.825565
0.0,0.7818583
0.0,0.12855157
1.0,0.37034363
1.0,0.8936412
0.0,0.071608126
1.0,0.66692334
1.0,0.38271764
1.0,0.65531206
1.0,0.8779949
1.0,0.7072462
1.0,0.78942955
0.0,0.14943829
0.0,0.4324367
0.0,0.08149922
1.0,0.8451904
0.0,0.07999854
1.0,0.5011979
0.0,0.38052574
0.0,0.09678961
1.0,0.6969228
0.0,0.13180792
1.0,0.83664215
0.0,0.43615812
1.0,0.4745747
1.0,0.657657
0.0,0.33141974
1.0,0.5967278
0.0,0.38341895
0.0,0.16617048
1.0,0.93328875
0.0,0.09687903
1.0,0.7387017
1.0,0.28331724
0.0,0.12536816
0.0,0.12940857
0.0,0.15304221
1.0,0.6726351
0.0,0.29297563
1.0,0.73092806
0.0,0.105678156
0.0,0.17847124
0.0,0.4675087
0.0,0.22660828
0.0,0.27058706
0.0,0.18878143
0.0,0.27066174
0.0,0.37814972
0.0,0.15643352
0.0,0.3547286
0.0,0.37763909
1.0,0.7831203
1.0,0.21990564
0.0,0.08123787
1.0,0.8753394
1.0,0.5028909
0.0,0.5240489
1.0,0.4919123
1.0,0.8271081
0.0,0.6713287
0.0,0.4002312
1.0,0.34292126
0.0,0.2448092
0.0,0.067342125
0.0,0.22810277
0.0,0.24935918
1.0,0.18771678
1.0,0.85632145
0.0,0.09743922
0.0,0.087484896
0.0,0.67145103
0.0,0.67033994
0.0,0.27643913
1.0,0.8296145
0.0,0.34668335
0.0,0.2284888
1.0,0.8345496
1.0,0.5185016
1.0,0.6398215
0.0,0.28867313
0.0,0.28221565
0.0,0.124706365
1.0,0.3257844
0.0,0.7208807
1.0,0.6430315
0.0,0.15731017
0.0,0.16032654
0.0,0.10140644
0.0,0.11809306
0.0,0.20064273
0.0,0.207691
0.0,0.063030794
1.0,0.85595465
1.0,0.6819879
1.0,0.23149633
0.0,0.11332278
1.0,0.36807275
0.0,0.4713355
1.0,0.9270441
1.0,0.3178542
0.0,0.100647114
0.0,0.07508419
0.0,0.10843484
0.0,0.3354665
0.0,0.70483017
1.0,0.89477557
0.0,0.6702913
0.0,0.5773195
0.0,0.12923071
0.0,0.075628415
0.0,0.21910162
0.0,0.112149715
0.0,0.36301017
1.0,0.49880916
0.0,0.08185108
1.0,0.7159293
0.0,0.17811239
0.0,0.1899428
0.0,0.30689058
0.0,0.6256255
0.0,0.22399846
1.0,0.84142125
0.0,0.08328892
0.0,0.23287813
1.0,0.6374337
1.0,0.56770724
0.0,0.54055196
0.0,0.057971466
0.0,0.13498604
0.0,0.15920624
0.0,0.30835015
0.0,0.11717735
1.0,0.84852254
0.0,0.2205075
1.0,0.7883943
0.0,0.114326335
1.0,0.32548696
1.0,0.76669014
1.0,0.742148
0.0,0.49478024
0.0,0.5112057
1.0,0.6630891
0.0,0.11434716
1.0,0.8595355
0.0,0.10018782
1.0,0.8913056
1.0,0.83553535
0.0,0.20093377
1.0,0.8144692
1.0,0.8416273
1.0,0.49337786
0.0,0.146118
1.0,0.5535773
1.0,0.93328875
1.0,0.77196825
1.0,0.5978211
0.0,0.1690065
0.0,0.21676548
0.0,0.8348626
1.0,0.8593683
0.0,0.25252312
0.0,0.06880586
0.0,0.04740457
1.0,0.8695129
0.0,0.67369366
0.0,0.25533885
0.0,0.6269244
0.0,0.12640482
0.0,0.16508278
0.0,0.14914593
0.0,0.0554475
1.0,0.6666122
0.0,0.13897595
0.0,0.16360343
1.0,0.8070504
1.0,0.35378057
0.0,0.525993
0.0,0.049311846
1.0,0.6450267
1.0,0.7276805
0.0,0.07219587
1.0,0.55855215
1.0,0.77316463
0.0,0.0820329
0.0,0.20083193
0.0,0.17008343
0.0,0.21296582
1.0,0.854554
0.0,0.6674875
0.0,0.069615886
1.0,0.73812383
0.0,0.16801783
0.0,0.57913446
1.0,0.42802054
1.0,0.2513133
1.0,0.9122365
0.0,0.09877773
1.0,0.67534125
0.0,0.78417754
0.0,0.19231737
0.0,0.15805857
0.0,0.12205292
0.0,0.10327399
1.0,0.74138707
1.0,0.48210502
1.0,0.6469048
1.0,0.7149675
1.0,0.70905954
0.0,0.13950625
0.0,0.27197975
0.0,0.7813246
1.0,0.7672142
0.0,0.117191315
1.0,0.83476293
0.0,0.074986
0.0,0.5615727
1.0,0.8276377
1.0,0.42408806
0.0,0.09487984
0.0,0.8379531
1.0,0.8372737
1.0,0.7244166
0.0,0.21743211
0.0,0.26408535
0.0,0.36002734
1.0,0.7156593
0.0,0.5843337
0.0,0.5351689
1.0,0.94027054
0.0,0.3564783
0.0,0.11573164
1.0,0.91962147
1.0,0.9194795
0.0,0.07827956
1.0,0.854554
0.0,0.5549596
0.0,0.13292214
0.0,0.6123167
0.0,0.27464488
1.0,0.678551
0.0,0.212904
0.0,0.26277286
0.0,0.69096744
0.0,0.1917094
1.0,0.73700607
1.0,0.30423447
1.0,0.74838173
1.0,0.7556013
0.0,0.5413062
0.0,0.22539976
1.0,0.5538414
1.0,0.717871
0.0,0.29020858
1.0,0.38959605
0.0,0.16196153
0.0,0.67985445
1.0,0.29569176
1.0,0.8158541
0.0,0.40630835
0.0,0.2157614
0.0,0.4622392
0.0,0.24067612
1.0,0.8397398
1.0,0.8382257
0.0,0.37495333
0.0,0.079270706
0.0,0.11629601
1.0,0.40332398
0.0,0.13141556
0.0,0.3298718
0.0,0.32911256
0.0,0.18656361
0.0,0.23599954
0.0,0.10843484
0.0,0.117154695
1.0,0.55346286
1.0,0.5508528
0.0,0.19190767
0.0,0.08623565
0.0,0.07163486
0.0,0.13358507
1.0,0.82693166
0.0,0.1496691
0.0,0.2376862
0.0,0.084797285
1.0,0.5536001
0.0,0.38616154
1.0,0.76541704
1.0,0.63481987
1.0,0.8276377
0.0,0.094796136
0.0,0.04930904
1.0,0.6718719
0.0,0.22810277
1.0,0.8302072
0.0,0.299898
0.0,0.04501708
1.0,0.89095944
0.0,0.63531315
1.0,0.7022711
1.0,0.78101975
1.0,0.8246581
0.0,0.48812026
0.0,0.067432426
0.0,0.2133737
0.0,0.67273927
1.0,0.67150253
0.0,0.075628415
1.0,0.36763468
0.0,0.099412754
0.0,0.103669
1.0,0.71071255
0.0,0.07952212
0.0,0.052027
0.0,0.09822421
0.0,0.089937195
0.0,0.6780731
1.0,0.59430426
1.0,0.8178236
1.0,0.66992307
0.0,0.1777651
1.0,0.91071767
0.0,0.073898315
1.0,0.6690427
1.0,0.7630631
0.0,0.09633418
1.0,0.45848197
0.0,0.067870736
1.0,0.23244354
0.0,0.19547465
1.0,0.49733868
0.0,0.07594863
1.0,0.66776586
0.0,0.09427028
0.0,0.3484215
0.0,0.41475305
0.0,0.582968
1.0,0.6996292
0.0,0.15008625
0.0,0.16366825
1.0,0.31063032
1.0,0.7916069
1.0,0.7643777
0.0,0.08634807
0.0,0.37535623
0.0,0.45608106
1.0,0.8760813
0.0,0.2731239
0.0,0.14763817
0.0,0.85970175
1.0,0.66088736
0.0,0.04979686
1.0,0.6640912
0.0,0.46889964
0.0,0.16230753
1.0,0.5267693
0.0,0.3477463
1.0,0.7892235
0.0,0.67369366
0.0,0.074986
0.0,0.3650725
1.0,0.6696772
1.0,0.9453821
0.0,0.6307783
1.0,0.39400846
1.0,0.7307552
1.0,0.81254864
1.0,0.8242687
0.0,0.06465523
0.0,0.4406391
0.0,0.26114264
1.0,0.8214162
1.0,0.92093277
0.0,0.24197999
1.0,0.7106582
1.0,0.60093224
1.0,0.7787498
0.0,0.34038916
1.0,0.81966084
0.0,0.53154594
0.0,0.35657746
1.0,0.6545966
0.0,0.44092637
1.0,0.6340842
0.0,0.31019312
1.0,0.33904758
0.0,0.6951116
0.0,0.08962711
0.0,0.051883698
0.0,0.17709166
1.0,0.7529815
0.0,0.14413221
0.0,0.074692115
0.0,0.069883205
0.0,0.62845266
0.0,0.18660246
0.0,0.55564785
0.0,0.19461259
1.0,0.7832839
0.0,0.52219
0.0,0.069119915
1.0,0.44667596
1.0,0.6000323
1.0,0.29090512
0.0,0.15018506
0.0,0.28959984
1.0,0.21262518
0.0,0.2784215
1.0,0.8372737
0.0,0.28648543
0.0,0.4776318
0.0,0.074692115
0.0,0.30186146
0.0,0.097701624
0.0,0.24854772
1.0,0.89611495
0.0,0.09459408
0.0,0.10686748
1.0,0.20273674
0.0,0.060104888
1.0,0.66776586
1.0,0.6975476
1.0,0.6754354
0.0,0.1360186
0.0,0.16954693
1.0,0.38967144
0.0,0.047719162
1.0,0.5299204
0.0,0.07095238
1.0,0.71933776
1.0,0.70462024
0.0,0.0779471
0.0,0.063030794
0.0,0.06327297
1.0,0.80030984
0.0,0.15082857
1.0,0.61356115
1.0,0.570692
0.0,0.7415721
1.0,0.8396505
0.0,0.096699096
1.0,0.12341456
0.0,0.6056801
1.0,0.76877105
1.0,0.7075397
0.0,0.106452264
0.0,0.1301513
0.0,0.7805524
0.0,0.040614594
0.0,0.36800173
0.0,0.7667674
1.0,0.12008145
0.0,0.1560604
1.0,0.69677734
0.0,0.096308395
0.0,0.10109482
0.0,0.08170239
1.0,0.49880385
1.0,0.737746
0.0,0.20981917
0.0,0.39110392
0.0,0.103460446
0.0,0.19907613
0.0,0.22405104
0.0,0.079350814
0.0,0.052999176
1.0,0.23740074
1.0,0.7121066
1.0,0.94027054
0.0,0.07616101
0.0,0.68828905
1.0,0.59063315
0.0,0.12113283
1.0,0.81262624
0.0,0.1334324
0.0,0.15386696
1.0,0.84391576
0.0,0.47397146
1.0,0.6843557
1.0,0.61570126
1.0,0.83616287
0.0,0.21639922
0.0,0.16528876
0.0,0.6208292
1.0,0.8370365
0.0,0.19514851
1.0,0.83078796
0.0,0.13547269
0.0,0.12515475
0.0,0.59795314
1.0,0.8915962
0.0,0.09262781
0.0,0.14457195
0.0,0.5506305
1.0,0.45602784
1.0,0.8936405
0.0,0.212706
0.0,0.13744488
1.0,0.80030984
1.0,0.85201883
1.0,0.84435636
1.0,0.8974762
1.0,0.44320306
1.0,0.6340842
1.0,0.38519973
0.0,0.12775964
1.0,0.73275095
0.0,0.16065446
0.0,0.20454809
0.0,0.09368366
1.0,0.63195574
0.0,0.37283653
0.0,0.13237303
0.0,0.06205551
1.0,0.23363216
0.0,0.49426937
1.0,0.5731636
1.0,0.79815036
1.0,0.53045714
0.0,0.26649338
1.0,0.6771636
0.0,0.18500726
0.0,0.079270706
0.0,0.93057567
1.0,0.5822228
0.0,0.27448004
0.0,0.07232837
0.0,0.09464566
0.0,0.21633466
1.0,0.88895833
0.0,0.53045714
0.0,0.14317386
0.0,0.20372958
0.0,0.5920942
1.0,0.87573355
1.0,0.779178
0.0,0.1056335
1.0,0.63360465
1.0,0.78135264
0.0,0.09464566
0.0,0.053958714
0.0,0.45608106
1.0,0.905148
1.0,0.7494683
1.0,0.4258259
0.0,0.3132092
0.0,0.08360193
1.0,0.67282915
0.0,0.20269835
0.0,0.42489815
1.0,0.59208894
0.0,0.13470349
0.0,0.086815216
0.0,0.43529636
1.0,0.52980006
0.0,0.2001554
1.0,0.7244166
0.0,0.41406542
1.0,0.82982635
0.0,0.06820176
1.0,0.7098702
0.0,0.14325827
1.0,0.91241014
0.0,0.5059699
1.0,0.7173408
1.0,0.8375581
0.0,0.061285127
1.0,0.88863486
1.0,0.8540899
0.0,0.6570937
0.0,0.745711
0.0,0.4636704
1.0,0.76579785
1.0,0.41163152
1.0,0.65483886
0.0,0.3220517
1.0,0.864998
0.0,0.109203316
0.0,0.07785911
1.0,0.53502303
1.0,0.6734909
0.0,0.24447949
1.0,0.6807195
0.0,0.22293608
0.0,0.2527959
1.0,0.8536808
0.0,0.35973582
0.0,0.23743978
0.0,0.21489601
1.0,0.6573142
0.0,0.22622032
0.0,0.097401336
1.0,0.55637324
1.0,0.7266982
1.0,0.8382257
0.0,0.08945254
0.0,0.57077783
0.0,0.41795596
0.0,0.172932
1.0,0.33364227
0.0,0.78762853
0.0,0.13037178
0.0,0.43771714
0.0,0.09633418
0.0,0.5443276
0.0,0.116406485
0.0,0.08652129
1.0,0.32994562
0.0,0.35766155
0.0,0.07778281
0.0,0.1855952
0.0,0.07663238
0.0,0.07827956
1.0,0.7241332
1.0,0.8463563
1.0,0.8176389
0.0,0.5057404
0.0,0.3564783
0.0,0.12340327
0.0,0.8513899
1.0,0.8614852
0.0,0.109340444
0.0,0.07920156
1.0,0.6663129
0.0,0.10432579
1.0,0.895748
0.0,0.21861112
1.0,0.7729583
0.0,0.71712464
1.0,0.37519258
0.0,0.69057703
0.0,0.45086688
1.0,0.5028909
0.0,0.104311846
1.0,0.34940714
1.0,0.6742986
1.0,0.7903408
0.0,0.14549659
0.0,0.2805256
1.0,0.8387965
0.0,0.2448092
0.0,0.212904
1.0,0.64628124
1.0,0.58819366
0.0,0.09467572
1.0,0.6718874
0.0,0.27774197
0.0,0.79355705
1.0,0.5122677
0.0,0.3745194
0.0,0.19498882
0.0,0.15631154
0.0,0.08285166
0.0,0.3502878
1.0,0.83739775
0.0,0.54296446
1.0,0.9330195
1.0,0.58270997
0.0,0.25943974
1.0,0.23363216
0.0,0.6067544
0.0,0.054895736
1.0,0.85931337
0.0,0.6704284
0.0,0.2080218
0.0,0.09649062
1.0,0.83553535
1.0,0.8593683
0.0,0.13616133
0.0,0.15506056
0.0,0.39001828
1.0,0.869849
1.0,0.23244354
1.0,0.91078186
1.0,0.2133322
0.0,0.2603208
0.0,0.05036781
0.0,0.08890299
0.0,0.1568078
0.0,0.22805138
0.0,0.14558662
1.0,0.549215
0.0,0.10360018
0.0,0.34645858
0.0,0.061285127
1.0,0.86704314
1.0,0.8272629
1.0,0.78101975
0.0,0.231494
1.0,0.30963382
0.0,0.07374297
1.0,0.93057567
1.0,0.49094993
0.0,0.6353539
0.0,0.07650121
0.0,0.298827
1.0,0.74135363
0.0,0.37409884
0.0,0.1251705
1.0,0.8362831
1.0,0.5707881
0.0,0.09265765
0.0,0.29228464
0.0,0.6965427
0.0,0.044740807
0.0,0.0820329
0.0,0.23220849
1.0,0.58725977
1.0,0.7929768
0.0,0.09231367
0.0,0.07291347
0.0,0.47373486
0.0,0.28574088
1.0,0.7890293
0.0,0.22009344
1.0,0.899133
0.0,0.15455903
1.0,0.8338588
0.0,0.045909658
1.0,0.7471296
1.0,0.70979977
1.0,0.24609539
0.0,0.08908718
0.0,0.055096008
1.0,0.8841944
0.0,0.32396254
0.0,0.15254341
0.0,0.30074543
1.0,0.91071767
1.0,0.47915524
1.0,0.19107516
1.0,0.25327724
1.0,0.19419959
1.0,0.44294024
1.0,0.5379535
1.0,0.6112829
0.0,0.1133037
1.0,0.25533885
1.0,0.6998898
1.0,0.65787464
0.0,0.089937195
0.0,0.14261582
0.0,0.15236363
0.0,0.13689587
1.0,0.6829493
1.0,0.9210699
1.0,0.6250043
1.0,0.88863486
0.0,0.5435847
0.0,0.0776096
1.0,0.782721
0.0,0.13819997
0.0,0.12658086
1.0,0.9032942
0.0,0.04501708
0.0,0.39921188
0.0,0.6674875
0.0,0.12625559
1.0,0.40360293
1.0,0.7499484
0.0,0.070340715
1.0,0.874393
0.0,0.7387017
1.0,0.55637324
0.0,0.3064651
0.0,0.23664674
1.0,0.59631014
1.0,0.88323355
0.0,0.074618734
0.0,0.5415715
1.0,0.54296446
0.0,0.5940816
1.0,0.8671387
0.0,0.48812026
1.0,0.6719996
0.0,0.10424592
0.0,0.16929658
0.0,0.16252187
1.0,0.2973384
1.0,0.5987507
0.0,0.15727748
0.0,0.14144458
1.0,0.21375334
1.0,0.82643163
0.0,0.10091164
0.0,0.11523666
0.0,0.28005427
0.0,0.69320005
1.0,0.7202407
0.0,0.6605321
0.0,0.108541444
0.0,0.47662988
0.0,0.11902603
1.0,0.54296446
0.0,0.26702872
1.0,0.681743
1.0,0.67352366
0.0,0.19209418
1.0,0.9354583
0.0,0.14055696
1.0,0.81032646
0.0,0.067432426
1.0,0.4120361
1.0,0.8068759
0.0,0.05743525
1.0,0.4273166
0.0,0.59716713
0.0,0.14413221
0.0,0.10966404
1.0,0.8753546
1.0,0.89095944
0.0,0.114416935
1.0,0.85628927
0.0,0.1867938
0.0,0.07048161
1.0,0.2142636
0.0,0.14859232
1.0,0.82428694
0.0,0.09649062
0.0,0.11729257
0.0,0.3932403
0.0,0.34895283
1.0,0.85514706
1.0,0.67503357
1.0,0.7287474
0.0,0.15621069
1.0,0.8246581
1.0,0.66860676
0.0,0.054254584
1.0,0.6050591
1.0,0.35315126
0.0,0.28525123
0.0,0.23704672
0.0,0.11970172
0.0,0.18337853
0.0,0.89161026
0.0,0.13381055
0.0,0.09314613
0.0,0.5289062
0.0,0.18775903
0.0,0.5535773
0.0,0.0984805
0.0,0.80131686
0.0,0.098103486
1.0,0.65844536
0.0,0.45225224
1.0,0.76877105
0.0,0.26568404
1.0,0.8455163
0.0,0.077788725
1.0,0.93400156
0.0,0.19398311
1.0,0.6000323
1.0,0.90430915
0.0,0.07944147
0.0,0.2983501
1.0,0.91990983
0.0,0.21388829
0.0,0.057589162
0.0,0.18679416
1.0,0.4232512
1.0,0.79136693
1.0,0.65362656
0.0,0.07691904
1.0,0.67687815
1.0,0.4947955
1.0,0.9495716
0.0,0.110207796
0.0,0.38474342
1.0,0.5062535
1.0,0.80230445
0.0,0.35582897
1.0,0.2638275
1.0,0.4206749
1.0,0.79355705
0.0,0.6784118
0.0,0.16391465
0.0,0.099334784
0.0,0.116337225
0.0,0.23794043
0.0,0.15294644
0.0,0.23417976
0.0,0.055096008
0.0,0.14978275
0.0,0.051702835
1.0,0.8145215
0.0,0.12532508
0.0,0.062115468
0.0,0.36701602
0.0,0.0554475
0.0,0.081406906
0.0,0.12512025
0.0,0.15629818
1.0,0.7392089
0.0,0.20372958
0.0,0.061199654
1.0,0.61984235
0.0,0.27464488
0.0,0.07128323
0.0,0.45086688
0.0,0.5080469
0.0,0.09531076
0.0,0.08123787
1.0,0.62352073
1.0,0.6182679
0.0,0.32901186
1.0,0.4919123
0.0,0.24952528
0.0,0.37692553
1.0,0.68908584
0.0,0.79820544
0.0,0.22514336
1.0,0.7454716
1.0,0.5402141
1.0,0.6534747
1.0,0.51551694
0.0,0.15847862
0.0,0.0860701
1.0,0.5306469
0.0,0.069563754
0.0,0.059185367
1.0,0.85734195
1.0,0.5566914
1.0,0.811998
0.0,0.07454418
1.0,0.653131
0.0,0.09827063
1.0,0.74976707
1.0,0.71369857
0.0,0.07501654
1.0,0.62236905
1.0,0.64580876
0.0,0.12479981
1.0,0.25531664
1.0,0.717871
0.0,0.43862543
0.0,0.67332476
0.0,0.10877377
1.0,0.8387965
0.0,0.49880385
1.0,0.7516794
0.0,0.12746152
0.0,0.10654201
0.0,0.33825052
0.0,0.47491446
0.0,0.24446552
0.0,0.15162359
0.0,0.060689617
0.0,0.71591675
1.0,0.8518122
0.0,0.10654201
0.0,0.24009681
1.0,0.6566619
0.0,0.4273166
0.0,0.09064629
0.0,0.28112382
1.0,0.8378852
0.0,0.6586372
1.0,0.14346485
0.0,0.66658336
0.0,0.2286671
0.0,0.06180147
0.0,0.23133254
1.0,0.8379531
0.0,0.10091569
1.0,0.8412801
0.0,0.34300977
0.0,0.543547
1.0,0.8557943
0.0,0.16806255
0.0,0.19498882
1.0,0.82982635
0.0,0.2754851
0.0,0.13822344
0.0,0.6179816
0.0,0.17067681
0.0,0.38411778
0.0,0.54334384
0.0,0.2114898
0.0,0.14472689
1.0,0.6405577
0.0,0.18508787
1.0,0.5490986
1.0,0.5664054
0.0,0.18506196
0.0,0.08185636
1.0,0.8101379
0.0,0.141691
1.0,0.5410682
1.0,0.63427943
0.0,0.1392204
1.0,0.32711437
0.0,0.121289074
1.0,0.7607686
0.0,0.2582737
0.0,0.15250465
1.0,0.40703717
1.0,0.78807
0.0,0.43287784
0.0,0.100558266
0.0,0.6508997
1.0,0.6438405
1.0,0.82385695
1.0,0.12008145
0.0,0.044071145
0.0,0.39736384
1.0,0.47307968
0.0,0.4803771
1.0,0.4662303
0.0,0.3206738
1.0,0.3998512
0.0,0.6075677
0.0,0.34799525
1.0,0.5312066
0.0,0.21793702
0.0,0.67332727
0.0,0.3338756
0.0,0.73355734
0.0,0.34505862
1.0,0.14814165
1.0,0.8178236
0.0,0.36625367
1.0,0.78657734
1.0,0.59063315
0.0,0.35041845
0.0,0.19081846
1.0,0.42793956
0.0,0.14790428
0.0,0.043583788
1.0,0.5306469
0.0,0.08201055
0.0,0.1495126
0.0,0.4120361
0.0,0.090527155
0.0,0.50556105
1.0,0.6340842
0.0,0.2503969
0.0,0.38153258
0.0,0.18360367
1.0,0.6268442
1.0,0.89161026
0.0,0.10059291
0.0,0.2090122
1.0,0.718832
1.0,0.5301951
0.0,0.12538628
0.0,0.16139525
0.0,0.8105904
1.0,0.65141493
0.0,0.28768402
1.0,0.54296446
1.0,0.13830385
1.0,0.854554
1.0,0.77410376
1.0,0.59375924
1.0,0.6725425
0.0,0.14552696
0.0,0.041855875
1.0,0.6283711
0.0,0.2104537
0.0,0.91990983
0.0,0.0921413
1.0,0.8356985
1.0,0.7999644
0.0,0.23417976
1.0,0.8538769
0.0,0.22960368
0.0,0.096473664
0.0,0.16542661
0.0,0.185025
1.0,0.62077105
1.0,0.61664623
0.0,0.26922843
0.0,0.109523915
0.0,0.4180773
0.0,0.12771618
1.0,0.19758974
1.0,0.6723057
1.0,0.6555315
1.0,0.90381384
0.0,0.7546279
1.0,0.4349606
0.0,0.23363216
1.0,0.75986075
1.0,0.6950349
1.0,0.7369218
1.0,0.81071013
1.0,0.8387965
0.0,0.41733512
0.0,0.44490385
0.0,0.36062565
0.0,0.25792986
0.0,0.347251
1.0,0.6669539
1.0,0.78099984
1.0,0.84379387
1.0,0.4884654
1.0,0.6160625
0.0,0.53126824
0.0,0.08086603
0.0,0.15474293
0.0,0.44874114
0.0,0.11127069
1.0,0.719437
0.0,0.17657538
0.0,0.14560528
0.0,0.21218364
0.0,0.054323774
1.0,0.5896057
0.0,0.05375446
1.0,0.6717208
1.0,0.8841944
1.0,0.67246866
1.0,0.813189
0.0,0.28395405
0.0,0.4008027
1.0,0.6634143
1.0,0.9119148
0.0,0.11676202
1.0,0.8155297
0.0,0.47828445
1.0,0.87308425
1.0,0.8276504
1.0,0.37392223
0.0,0.073698126
1.0,0.58952403
0.0,0.16827838
1.0,0.65244746
0.0,0.23789425
0.0,0.41659388
1.0,0.8771998
0.0,0.094953224
0.0,0.19279702
0.0,0.20600379
1.0,0.24637803
0.0,0.13590327
0.0,0.4070056
0.0,0.6704284
0.0,0.43113428
1.0,0.66953886
1.0,0.76541704
0.0,0.38108093
1.0,0.7863108
0.0,0.120891765
0.0,0.14557745
0.0,0.22740369
1.0,0.6751077
0.0,0.55920714
0.0,0.06327297
0.0,0.17648132
0.0,0.063446745
1.0,0.6252538
0.0,0.32889608
1.0,0.8674027
0.0,0.09678878
0.0,0.48812026
0.0,0.26173323
1.0,0.8412801
1.0,0.533357
0.0,0.3823422
0.0,0.15194401
0.0,0.07663238
1.0,0.81893855
1.0,0.5591057
0.0,0.054972958
1.0,0.3997318
1.0,0.59522486
1.0,0.43771714
0.0,0.5119307
1.0,0.6640912
0.0,0.19456851
1.0,0.3668513
1.0,0.67441124
0.0,0.13894686
1.0,0.23388119
1.0,0.44322377
1.0,0.20492306
1.0,0.6347723
0.0,0.0726019
0.0,0.34921017
1.0,0.32025236
0.0,0.12350855
1.0,0.61741406
1.0,0.33378845
1.0,0.5267693
0.0,0.06993465
0.0,0.2722683
1.0,0.80647886
0.0,0.47345963
0.0,0.25802097
1.0,0.6790354
0.0,0.15058795
1.0,0.6614065
1.0,0.6737169
1.0,0.66493595
1.0,0.6291112
0.0,0.21894059
1.0,0.24603891
1.0,0.8176389
0.0,0.4885642
0.0,0.13204645
1.0,0.3178542
0.0,0.5423638
0.0,0.37714309
0.0,0.1759779
1.0,0.77982426
1.0,0.79136693
0.0,0.08926644
0.0,0.53125066
0.0,0.4328293
0.0,0.18824944
1.0,0.7800621
1.0,0.85097
0.0,0.84353
0.0,0.4327814
0.0,0.14055888
0.0,0.113752805
0.0,0.50576293
1.0,0.6682794
0.0,0.19675912
1.0,0.8609706
1.0,0.9007894
0.0,0.15390709
0.0,0.81775904
0.0,0.12651448
0.0,0.09365122
1.0,0.74925834
0.0,0.11256361
0.0,0.14472178
1.0,0.4776318
1.0,0.34411177
1.0,0.6826828
1.0,0.84215367
0.0,0.6554159
0.0,0.5322669
0.0,0.064262286
0.0,0.5319922
0.0,0.089111015
0.0,0.100494206
0.0,0.4846577
1.0,0.6223513
0.0,0.19495763
1.0,0.86419076
0.0,0.39171317
1.0,0.7148878
1.0,0.79131866
0.0,0.2174255
1.0,0.6806118
1.0,0.7877275
0.0,0.5396761
0.0,0.069145866
0.0,0.5745056
0.0,0.2480861
1.0,0.59240484
1.0,0.89095944
1.0,0.6088563
0.0,0.059712112
1.0,0.8070504
1.0,0.78895396
1.0,0.7031208
1.0,0.8161055
1.0,0.74574983
1.0,0.59064573
0.0,0.48410472
0.0,0.23133254
0.0,0.08492354
1.0,0.84391516
0.0,0.05336799
0.0,0.5151912
1.0,0.90184796
0.0,0.17405675
0.0,0.55242157
0.0,0.21339889
0.0,0.049053006
0.0,0.06693761
1.0,0.76326084
1.0,0.6739865
0.0,0.056891423
0.0,0.5870484
1.0,0.4569592
0.0,0.1538898
0.0,0.3564783
1.0,0.48812026
1.0,0.35315126
1.0,0.794009
0.0,0.20997529
0.0,0.066121124
0.0,0.13976312
0.0,0.09866856
0.0,0.13498604
0.0,0.13793232
0.0,0.50897646
1.0,0.669346
0.0,0.181217
0.0,0.5037035
1.0,0.78257
1.0,0.7834676
0.0,0.092859246
0.0,0.057490893
0.0,0.081966616
0.0,0.48812026
1.0,0.67590827
0.0,0.07210442
0.0,0.21956185
1.0,0.6609122
1.0,0.83739775
1.0,0.5987192
1.0,0.4207078
1.0,0.6264632
1.0,0.45541468
1.0,0.67273927
0.0,0.7974668
1.0,0.2731239
1.0,0.6547688
1.0,0.9009838
0.0,0.38668188
0.0,0.1409753
0.0,0.09393539
0.0,0.26151672
1.0,0.84142125
1.0,0.6656621
0.0,0.11473501
0.0,0.15330362
1.0,0.78436464
0.0,0.28092963
1.0,0.8817689
0.0,0.16798916
1.0,0.7326589
0.0,0.22046423
0.0,0.3551614
0.0,0.10524304
0.0,0.150762
1.0,0.7851538
0.0,0.29451975
1.0,0.4797024
1.0,0.8952834
0.0,0.15084127
0.0,0.30668718
1.0,0.4005034
0.0,0.047927026
1.0,0.855443
0.0,0.30179352
0.0,0.104901776
0.0,0.07438214
1.0,0.8594492
0.0,0.11161317
1.0,0.71627784
0.0,0.19118275
0.0,0.46484533
1.0,0.59208894
1.0,0.91365147
1.0,0.32625613
0.0,0.26802033
1.0,0.63481987
1.0,0.67590827
1.0,0.3190855
0.0,0.1915104
1.0,0.59055996
0.0,0.298827
0.0,0.09653841
0.0,0.09877773
1.0,0.7098111
1.0,0.6910189
0.0,0.44092637
1.0,0.8631631
0.0,0.07457975
1.0,0.45086688
1.0,0.7421107
1.0,0.71932054
0.0,0.20998399
0.0,0.25039127
0.0,0.11306324
0.0,0.10796517
0.0,0.18122236
0.0,0.043954983
0.0,0.57480156
0.0,0.39899105
1.0,0.8372737
1.0,0.6082734
1.0,0.7305439
1.0,0.42545682
0.0,0.28626245
0.0,0.1856961
0.0,0.20603347
1.0,0.5305893
1.0,0.85491955
1.0,0.7369218
0.0,0.24952528
0.0,0.135868
0.0,0.4668603
1.0,0.75107944
0.0,0.73191637
0.0,0.15994492
0.0,0.68350905
0.0,0.72500575
1.0,0.25916785
0.0,0.056163274
0.0,0.6233164
1.0,0.7982349
0.0,0.20614263
0.0,0.75538474
0.0,0.3637633
0.0,0.1251549
0.0,0.10466923
1.0,0.7286732
1.0,0.7601369
1.0,0.76579785
0.0,0.13376878
0.0,0.7657341
0.0,0.052294753
0.0,0.53126824
0.0,0.7337349
0.0,0.6608013
0.0,0.17189673
1.0,0.7305439
0.0,0.20833385
0.0,0.19820155
1.0,0.23477519
0.0,0.32132158
1.0,0.67590827
1.0,0.2914115
1.0,0.4273166
0.0,0.67354596
0.0,0.4349606
0.0,0.04341185
1.0,0.44099754
0.0,0.049057566
0.0,0.46825933
0.0,0.29541308
0.0,0.49426937
0.0,0.43890515
0.0,0.24647358
1.0,0.8958353
0.0,0.09452076
0.0,0.32796344
0.0,0.15522175
0.0,0.27364892
0.0,0.12334411
1.0,0.7159293
1.0,0.61901724
1.0,0.7316944
1.0,0.8075293
0.0,0.15037069
0.0,0.49317318
0.0,0.051942803
1.0,0.6364192
1.0,0.6746391
1.0,0.849175
0.0,0.42822012
0.0,0.23926587
1.0,0.87800187
0.0,0.0885967
0.0,0.10032175
0.0,0.067432426
0.0,0.27077848
1.0,0.27135608
0.0,0.03654054
0.0,0.12266266
1.0,0.8979789
1.0,0.19745117
0.0,0.11269754
1.0,0.7069372
0.0,0.098060474
0.0,0.8257383
1.0,0.7817136
0.0,0.13048667
1.0,0.72717905
1.0,0.6656621
0.0,0.67171335
0.0,0.28311697
1.0,0.4859735
1.0,0.7607686
0.0,0.062164746
0.0,0.09427028
0.0,0.20216778
0.0,0.12815717
0.0,0.067033954
0.0,0.2361608
0.0,0.09193571
1.0,0.6264687
1.0,0.6494629
0.0,0.4036758
0.0,0.06297704
0.0,0.19820155
0.0,0.115816616
0.0,0.36915034
1.0,0.8711381
0.0,0.74438626
0.0,0.1432288
0.0,0.07803206
0.0,0.32963753
0.0,0.56624556
0.0,0.49164468
0.0,0.45683923
0.0,0.07528822
1.0,0.8963049
1.0,0.82731855
0.0,0.4180773
0.0,0.07298191
0.0,0.16588733
1.0,0.6223513
0.0,0.13890103
0.0,0.13539495
1.0,0.3178542
1.0,0.47087497
0.0,0.6633378
0.0,0.2655602
1.0,0.45683923
1.0,0.19209418
0.0,0.07354716
1.0,0.35926804
0.0,0.06225711
0.0,0.23862322
1.0,0.8563762
0.0,0.08642884
0.0,0.3332548
1.0,0.93057567
1.0,0.6717434
1.0,0.6526377
1.0,0.69310594
0.0,0.05306927
0.0,0.06203859
1.0,0.7910573
0.0,0.118808135
0.0,0.29569176
0.0,0.22153194
0.0,0.20486268
0.0,0.12277989
1.0,0.6806118
1.0,0.746585
0.0,0.2563204
1.0,0.28114265
1.0,0.56770724
0.0,0.09892868
0.0,0.057395358
0.0,0.20752957
1.0,0.8592949
0.0,0.5002969
1.0,0.9330195
0.0,0.28676686
0.0,0.12277989
0.0,0.21578486
1.0,0.64725584
1.0,0.83976066
0.0,0.33783847
0.0,0.09909517
0.0,0.093344465
1.0,0.35925177
0.0,0.08068367
0.0,0.08980423
1.0,0.19838431
1.0,0.7693202
1.0,0.86831015
0.0,0.070678055
1.0,0.8667672
1.0,0.8085494
1.0,0.7477035
1.0,0.7847119
0.0,0.14705119
1.0,0.9021794
1.0,0.78347623
1.0,0.4713355
1.0,0.6747363
0.0,0.7457867
1.0,0.22010593
1.0,0.74438626
1.0,0.52489775
0.0,0.08201622
1.0,0.38887265
0.0,0.24480319
1.0,0.41491145
1.0,0.3997318
1.0,0.9361639
1.0,0.65451723
0.0,0.076415494
0.0,0.6721977
1.0,0.78807
0.0,0.47754103
0.0,0.21254142
0.0,0.049057566
0.0,0.07655312
0.0,0.31879783
1.0,0.8462868
1.0,0.83298284
1.0,0.6096769
0.0,0.12536162
0.0,0.070047975
0.0,0.083672486
0.0,0.22213387
0.0,0.27798143
1.0,0.13331017
0.0,0.22340977
0.0,0.08677077
0.0,0.140576
0.0,0.41632885
1.0,0.6459757
0.0,0.5165897
0.0,0.74070233
0.0,0.4917828
1.0,0.34292126
1.0,0.6230556
0.0,0.3564783
0.0,0.14360395
0.0,0.45347232
1.0,0.67714584
1.0,0.2103817
1.0,0.8841944
0.0,0.61973333
1.0,0.6421885
0.0,0.1602604
0.0,0.3996079
0.0,0.098503694
0.0,0.2200027
0.0,0.07374925
1.0,0.42802054
1.0,0.69722056
0.0,0.13179323
0.0,0.12615821
1.0,0.8267247
1.0,0.7875246
0.0,0.24487004
1.0,0.20140345
0.0,0.35047027
0.0,0.060685158
1.0,0.8468628
0.0,0.10421815
1.0,0.9453821
0.0,0.18604383
1.0,0.66992307
0.0,0.18219502
0.0,0.11637876
1.0,0.78746045
1.0,0.7198439
0.0,0.17648132
0.0,0.665432
0.0,0.6163503
1.0,0.6690649
0.0,0.097401336
1.0,0.8987652
0.0,0.08081962
0.0,0.11637473
0.0,0.42687148
1.0,0.81126773
0.0,0.069297075
0.0,0.07274804
0.0,0.20997529
0.0,0.18604383
1.0,0.6754354
0.0,0.14674515
0.0,0.067432426
1.0,0.80703735
1.0,0.51835716
1.0,0.8041493
1.0,0.62403667
0.0,0.09625287
0.0,0.31990013
0.0,0.604516
1.0,0.8667021
1.0,0.6653851
1.0,0.69046414
0.0,0.21043281
1.0,0.7477035
0.0,0.07292521
0.0,0.07856646
1.0,0.78065544
1.0,0.26505753
0.0,0.32378778
0.0,0.12532508
1.0,0.63777804
1.0,0.55851966
1.0,0.57428414
1.0,0.32588965
0.0,0.34807396
0.0,0.13592505
1.0,0.5961884
1.0,0.66812783
0.0,0.25538722
0.0,0.117741704
0.0,0.0550596
0.0,0.068996295
0.0,0.10770764
1.0,0.73092806
1.0,0.8246581
0.0,0.44689026
0.0,0.14147726
0.0,0.165852
1.0,0.71933776
1.0,0.8416273
1.0,0.36457658
0.0,0.298827
1.0,0.9237941
1.0,0.6681454
0.0,0.6656621
0.0,0.47020847
1.0,0.9049431
0.0,0.09917776
0.0,0.6951116
1.0,0.59587765
0.0,0.26728672
1.0,0.8300234
0.0,0.10792452
1.0,0.85947114
0.0,0.09583768
0.0,0.08295276
0.0,0.49687043
1.0,0.19187257
1.0,0.7541687
1.0,0.6723057
0.0,0.3213331
0.0,0.13917041
1.0,0.34268945
1.0,0.8271081
0.0,0.33460465
0.0,0.49831814
1.0,0.73921096
1.0,0.56770724
1.0,0.6870013
0.0,0.09714999
0.0,0.25550643
0.0,0.676417
1.0,0.34411177
0.0,0.85922766
0.0,0.5734819
0.0,0.06961952
0.0,0.40341935
0.0,0.116352245
0.0,0.10330484
1.0,0.7218829
1.0,0.8440588
1.0,0.26802033
1.0,0.69222146
1.0,0.6151914
1.0,0.7863108
1.0,0.35315126
0.0,0.06448929
1.0,0.7630631
0.0,0.3431484
0.0,0.077559195
1.0,0.7297355
0.0,0.75406307
0.0,0.047087535
0.0,0.11131455
0.0,0.3126089
1.0,0.67273927
1.0,0.34549728
1.0,0.40558824
0.0,0.049311846
0.0,0.16225089
1.0,0.7177202
0.0,0.45225224
1.0,0.869716
0.0,0.077438585
0.0,0.096106365
1.0,0.8528266
0.0,0.11524223
0.0,0.56711465
0.0,0.042565834
0.0,0.16402832
0.0,0.27798143
1.0,0.10748233
0.0,0.117444895
0.0,0.17628351
0.0,0.4362119
1.0,0.3730588
1.0,0.7701572
0.0,0.059712112
0.0,0.11471267
0.0,0.111804366
1.0,0.2142636
0.0,0.34411177
0.0,0.14814165
1.0,0.8012034
0.0,0.299898
0.0,0.07513535
0.0,0.40647537
0.0,0.7565137
1.0,0.8574438
1.0,0.4145669
1.0,0.41224748
1.0,0.78347623
0.0,0.2275298
0.0,0.28059253
0.0,0.07566909
1.0,0.25603884
0.0,0.29605064
0.0,0.10177527
0.0,0.0513871
0.0,0.43446454
0.0,0.27236116
1.0,0.47351474
0.0,0.184555
0.0,0.5577662
1.0,0.8276504
1.0,0.5122677
1.0,0.67348015
0.0,0.09531076
0.0,0.15444759
0.0,0.15064974
0.0,0.45735532
0.0,0.057971466
0.0,0.6296652
0.0,0.28439206
1.0,0.5784203
1.0,0.88996136
0.0,0.76083565
1.0,0.67238814
0.0,0.22762974
0.0,0.103208646
0.0,0.07925209
1.0,0.62006295
0.0,0.12165864
1.0,0.8271081
0.0,0.38668188
1.0,0.78436464
1.0,0.868127
0.0,0.093344465
0.0,0.13831507
1.0,0.71882355
0.0,0.4608346
0.0,0.10560782
0.0,0.30930156
1.0,0.57859886
1.0,0.7816736
0.0,0.51795477
0.0,0.07663238
1.0,0.8536808
1.0,0.5590121
1.0,0.79364264
0.0,0.09970458
0.0,0.55467075
0.0,0.5309285
0.0,0.44960326
1.0,0.5619287
0.0,0.2001554
1.0,0.5927288
1.0,0.48541594
0.0,0.20760007
0.0,0.5150895
0.0,0.067870736
0.0,0.10003362
0.0,0.15341441
0.0,0.1907193
0.0,0.14765695
0.0,0.5095377
0.0,0.32309052
0.0,0.5246836
0.0,0.47078815
1.0,0.7150962
1.0,0.67852217
0.0,0.1496971
1.0,0.6698375
0.0,0.05918436
1.0,0.8848488
0.0,0.35671723
0.0,0.082643606
1.0,0.8431119
0.0,0.21025288
0.0,0.097142234
0.0,0.07151349
0.0,0.07551762
0.0,0.17575982
0.0,0.122948386
0.0,0.54809874
1.0,0.7173408
0.0,0.33402783
1.0,0.42687148
0.0,0.3032052
1.0,0.6469273
0.0,0.11229701
0.0,0.058063477
1.0,0.6290954
0.0,0.17190245
0.0,0.049605396
0.0,0.089356914
1.0,0.82521325
1.0,0.9037286
0.0,0.37865376
1.0,0.6724461
0.0,0.043583788
0.0,0.13423327
0.0,0.34268945
1.0,0.75422513
0.0,0.10792049
0.0,0.5773195
0.0,0.076510884
0.0,0.12901226
1.0,0.75538474
1.0,0.22965327
0.0,0.07151012
0.0,0.6208292
0.0,0.09189497
1.0,0.67420065
0.0,0.21549201
1.0,0.24624228
1.0,0.8387965
0.0,0.40647727
0.0,0.1389215
1.0,0.78857213
0.0,0.12119301
0.0,0.31676298
0.0,0.67985994
0.0,0.0628373
0.0,0.062397897
1.0,0.6681454
1.0,0.7520042
0.0,0.092487395
0.0,0.21713881
0.0,0.15199554
1.0,0.50970036
0.0,0.7573385
0.0,0.150762
0.0,0.10677991
1.0,0.4799265
0.0,0.06489236
0.0,0.0695889
0.0,0.09386792
0.0,0.15581231
0.0,0.09155719
1.0,0.6614269
1.0,0.6614708
0.0,0.058063477
0.0,0.08144331
0.0,0.12448394
0.0,0.086097196
0.0,0.10259573
0.0,0.6459924
1.0,0.5589226
1.0,0.67241347
0.0,0.123738006
1.0,0.695151
0.0,0.115910575
1.0,0.6819879
0.0,0.17099468
0.0,0.17999497
0.0,0.14516647
1.0,0.8119709
0.0,0.18299422
0.0,0.07625389
0.0,0.5400463
0.0,0.38204193
0.0,0.09630048
0.0,0.21044616
0.0,0.7477035
0.0,0.30647382
0.0,0.10849603
0.0,0.041341558
0.0,0.13588467
0.0,0.09569747
0.0,0.6044487
1.0,0.56770724
1.0,0.6978424
0.0,0.19907613
0.0,0.07655312
1.0,0.78729016
0.0,0.14352995
0.0,0.11071899
0.0,0.10240041
1.0,0.6690427
1.0,0.8879715
0.0,0.28717986
0.0,0.07650121
1.0,0.78172654
0.0,0.07999854
0.0,0.78436464
0.0,0.1762713
0.0,0.067432426
0.0,0.84215367
0.0,0.105871595
1.0,0.45683923
0.0,0.25046027
0.0,0.3650725
0.0,0.29027554
1.0,0.7180456
1.0,0.86950094
1.0,0.3966315
1.0,0.5756514
0.0,0.26881966
0.0,0.09905603
1.0,0.71071255
0.0,0.09425577
1.0,0.4273166
0.0,0.3745194
1.0,0.83306533
1.0,0.8699514
1.0,0.88280857
0.0,0.14133745
0.0,0.27389485
0.0,0.71816474
1.0,0.70946276
0.0,0.17981732
0.0,0.08012526
0.0,0.08318469
0.0,0.16025202
0.0,0.37692553
0.0,0.14335427
1.0,0.34701237
0.0,0.47345963
0.0,0.0997154
1.0,0.6158982
0.0,0.10071416
0.0,0.098938935
1.0,0.4964212
0.0,0.064361036
0.0,0.14869136
0.0,0.05481106
0.0,0.27058706
1.0,0.7693202
1.0,0.4743561
0.0,0.17338434
0.0,0.15308467
1.0,0.8144692
1.0,0.6446141
0.0,0.08500963
0.0,0.2938574
0.0,0.055096008
0.0,0.5982588
0.0,0.28502095
1.0,0.89161026
1.0,0.76078844
0.0,0.15727748
0.0,0.089111015
0.0,0.07261306
0.0,0.5234026
1.0,0.6161636
0.0,0.16385975
0.0,0.27399042
1.0,0.78707236
0.0,0.66942084
0.0,0.061250083
1.0,0.82720214
1.0,0.49402937
1.0,0.7817136
0.0,0.08064939
1.0,0.78270847
0.0,0.5937699
1.0,0.67335427
1.0,0.93700725
0.0,0.20629187
1.0,0.35041845
1.0,0.75309676
0.0,0.13781926
0.0,0.1629055
0.0,0.41218576
0.0,0.5372129
0.0,0.09687903
0.0,0.12911828
0.0,0.08585832
0.0,0.12383436
0.0,0.17657538
0.0,0.39038664
1.0,0.8376544
0.0,0.2898114
0.0,0.16984478
1.0,0.8075293
0.0,0.21102631
0.0,0.25507253
1.0,0.8044251
0.0,0.094434164
1.0,0.5410682
0.0,0.36331344
0.0,0.06803293
0.0,0.20459943
0.0,0.2837959
0.0,0.84648764
1.0,0.25262597
0.0,0.5459148
1.0,0.67136794
0.0,0.078505926
1.0,0.5327794
0.0,0.26475763
0.0,0.15225527
0.0,0.1303676
0.0,0.12736847
0.0,0.62753093
0.0,0.066121124
0.0,0.63537437
0.0,0.20460816
0.0,0.43741536
1.0,0.82521325
0.0,0.055903733
0.0,0.32309052
0.0,0.39110392
0.0,0.74318826
0.0,0.7655393
1.0,0.34292126
1.0,0.7673452
1.0,0.94027054
0.0,0.59604686
1.0,0.82385695
0.0,0.110163175
1.0,0.9426303
0.0,0.19685051
0.0,0.046985544
0.0,0.14631076
1.0,0.4603733
1.0,0.5346529
0.0,0.6742986
1.0,0.29082724
1.0,0.73427564
0.0,0.20164403
1.0,0.47491446
1.0,0.6796371
0.0,0.3066947
1.0,0.38068065
0.0,0.1757499
0.0,0.054895736
0.0,0.70090914
0.0,0.169361
0.0,0.30987188
0.0,0.26424408
1.0,0.64965403
1.0,0.5947441
0.0,0.9362046
1.0,0.65001017
0.0,0.068696335
1.0,0.91843957
0.0,0.2732174
1.0,0.83486474
0.0,0.11221194
0.0,0.5727811
1.0,0.56770724
0.0,0.3220394
0.0,0.6058052
0.0,0.05105562
1.0,0.7075397
1.0,0.9361927
0.0,0.05157742
1.0,0.769029
1.0,0.7823237
1.0,0.72448814
0.0,0.15118362
0.0,0.9186958
0.0,0.12668532
0.0,0.33187914
0.0,0.28672186
1.0,0.6012087
0.0,0.3566702
0.0,0.20469098
0.0,0.09877773
1.0,0.8119709
0.0,0.09083474
0.0,0.07450439
0.0,0.06957805
0.0,0.08728854
0.0,0.57557607
0.0,0.08813828
0.0,0.16891937
1.0,0.8416065
0.0,0.20777568
0.0,0.8593683
1.0,0.7657341
0.0,0.23136649
0.0,0.048579656
0.0,0.21390447
0.0,0.09427028
1.0,0.7297355
1.0,0.7856588
0.0,0.3459031
1.0,0.6702913
1.0,0.94657487
0.0,0.64669514
1.0,0.86950094
1.0,0.851329
1.0,0.4545049
0.0,0.11591343
1.0,0.54543436
0.0,0.32818833
0.0,0.22342496
1.0,0.7180478
0.0,0.78177
0.0,0.49975958
0.0,0.09258129
0.0,0.33834356
1.0,0.8780533
0.0,0.11217847
1.0,0.50183684
1.0,0.6723057
0.0,0.12407414
0.0,0.10361169
1.0,0.7529815
0.0,0.15535152
1.0,0.19209418
1.0,0.7030471
0.0,0.10651479
1.0,0.9411723
0.0,0.06425801
0.0,0.23298213
0.0,0.53780556
0.0,0.21502347
0.0,0.4363657
0.0,0.25875235
0.0,0.15285847
1.0,0.74326026
0.0,0.08948749
1.0,0.7843218
0.0,0.46707058
0.0,0.19919339
0.0,0.19780321
1.0,0.6527149
0.0,0.25989157
1.0,0.5893092
1.0,0.32588965
0.0,0.2974472
1.0,0.78533715
1.0,0.819067
1.0,0.61664623
1.0,0.890526
0.0,0.32903188
0.0,0.09764071
0.0,0.1390065
1.0,0.7363513
0.0,0.057395358
1.0,0.83306533
0.0,0.20738415
0.0,0.4083498
1.0,0.8431241
1.0,0.6609889
1.0,0.5535773
0.0,0.36255702
0.0,0.12607095
0.0,0.24611774
1.0,0.829939
0.0,0.09938334
1.0,0.88280857
1.0,0.8639885
1.0,0.9362046
0.0,0.07536136
0.0,0.0948001
1.0,0.40967646
0.0,0.117928125
0.0,0.24429813
1.0,0.753579
1.0,0.6717619
0.0,0.50081265
0.0,0.11631063
0.0,0.17930552
1.0,0.7504426
1.0,0.5571086
1.0,0.5527746
0.0,0.052999176
0.0,0.17189567
0.0,0.10541513
0.0,0.29724145
0.0,0.043164585
1.0,0.7841963
0.0,0.043583788
0.0,0.08249901
0.0,0.42610374
0.0,0.1674992
0.0,0.37644303
0.0,0.34457755
0.0,0.11771695
0.0,0.25892982
0.0,0.28597945
0.0,0.09332353
0.0,0.10259573
1.0,0.4132062
1.0,0.78295887
0.0,0.47741216
0.0,0.5535716
0.0,0.79820544
0.0,0.2080218
1.0,0.15949205
0.0,0.1562914
1.0,0.7044555
0.0,0.09897229
0.0,0.15052542
1.0,0.79053444
1.0,0.74058694
0.0,0.6866406
0.0,0.27769274
1.0,0.42293897
0.0,0.18065758
0.0,0.33928832
0.0,0.89340603
0.0,0.17459159
0.0,0.06489236
1.0,0.7806154
1.0,0.76691204
1.0,0.29294142
0.0,0.41985804
0.0,0.056722045
0.0,0.6784118
0.0,0.15732424
1.0,0.89643544
0.0,0.16532172
1.0,0.2699539
0.0,0.20480366
1.0,0.63344103
1.0,0.8533794
0.0,0.2351546
1.0,0.2448513
0.0,0.5748359
0.0,0.19936135
1.0,0.69120824
1.0,0.6449329
0.0,0.1077708
0.0,0.26528835
0.0,0.6741022
0.0,0.34321392
1.0,0.8350283
0.0,0.19275387
0.0,0.28738934
0.0,0.10868676
1.0,0.70019627
0.0,0.09997362
0.0,0.33967027
1.0,0.6581599
0.0,0.06748618
1.0,0.86419076
0.0,0.5746683
0.0,0.5398758
1.0,0.72301334
1.0,0.67332727
0.0,0.4414927
1.0,0.8522693
0.0,0.08656752
1.0,0.34472314
1.0,0.38782114
1.0,0.7284757
1.0,0.7827226
0.0,0.2099148
1.0,0.6764449
0.0,0.060432605
1.0,0.6975255
0.0,0.10110041
0.0,0.07772805
0.0,0.84353
1.0,0.8654529
1.0,0.60397595
0.0,0.6208292
0.0,0.43328983
0.0,0.056425028
1.0,0.66752166
0.0,0.057833105
1.0,0.58512926
1.0,0.7832839
1.0,0.34408426
0.0,0.19298509
0.0,0.79469025
1.0,0.7284757
1.0,0.9409176
1.0,0.6639418
1.0,0.59375924
0.0,0.07663238
1.0,0.62236905
0.0,0.27994463
0.0,0.3756642
0.0,0.040310584
0.0,0.052189328
0.0,0.42815772
1.0,0.81740177
1.0,0.7734352
1.0,0.28910974
1.0,0.6697499
1.0,0.77987957
1.0,0.86204493
0.0,0.2550771
0.0,0.18019705
1.0,0.8368268
0.0,0.12206851
0.0,0.15783074
0.0,0.27074963
1.0,0.33187652
1.0,0.5324347
0.0,0.17097148
1.0,0.7787498
0.0,0.13411193
1.0,0.53131026
0.0,0.7821151
1.0,0.6813377
1.0,0.52294195
1.0,0.7864785
0.0,0.11611805
0.0,0.8082179
0.0,0.09222939
0.0,0.5549596
1.0,0.13958411
0.0,0.30278057
1.0,0.9122365
1.0,0.7982349
0.0,0.14842558
0.0,0.09511109
1.0,0.89621496
0.0,0.25974098
1.0,0.2564313
0.0,0.12350855
1.0,0.6768728
0.0,0.091820896
0.0,0.24008656
1.0,0.5346529
0.0,0.65579355
0.0,0.7909177
0.0,0.42612243
0.0,0.33651215
0.0,0.5308444
1.0,0.9174471
1.0,0.5919543
0.0,0.45659837
0.0,0.13423327
1.0,0.6851913
0.0,0.10104336
0.0,0.6549283
0.0,0.22086687
0.0,0.73882157
1.0,0.7680117
0.0,0.08948749
1.0,0.574077
1.0,0.5234059
1.0,0.6773515
0.0,0.06372251
0.0,0.79408437
1.0,0.3539737
0.0,0.1777651
0.0,0.36912513
1.0,0.689622
1.0,0.9495716
0.0,0.378414
0.0,0.13600717
1.0,0.81740177
0.0,0.40580368
0.0,0.34549728
1.0,0.8272629
1.0,0.8396489
1.0,0.34810248
1.0,0.3775028
0.0,0.060598634
1.0,0.1673215
0.0,0.08501138
0.0,0.19456851
0.0,0.3285621
0.0,0.107199445
1.0,0.81893855
0.0,0.08379972
0.0,0.67156446
0.0,0.1747854
0.0,0.2945165
1.0,0.87808955
0.0,0.19278757
0.0,0.079064466
0.0,0.592693
0.0,0.19434145
1.0,0.54272926
0.0,0.2367005
1.0,0.6784118
0.0,0.09653841
1.0,0.9266168
0.0,0.06777017
0.0,0.25819412
0.0,0.35671723
0.0,0.08201055
0.0,0.095280744
1.0,0.8599661
0.0,0.06835268
0.0,0.32933813
0.0,0.23424289
0.0,0.10080055
0.0,0.08379972
1.0,0.59716713
1.0,0.6969228
1.0,0.74425685
1.0,0.9122365
0.0,0.35713702
1.0,0.5955706
1.0,0.64546835
0.0,0.116939366
0.0,0.2631651
1.0,0.73085964
1.0,0.67273927
1.0,0.95791733
0.0,0.1904656
0.0,0.39254397
0.0,0.16141315
0.0,0.42282724
0.0,0.0399682
0.0,0.2258118
0.0,0.06595992
1.0,0.7591664
0.0,0.7415721
1.0,0.8667021
0.0,0.14842558
0.0,0.36673915
1.0,0.49207217
0.0,0.05375446
1.0,0.35944661
0.0,0.72748506
1.0,0.5234026
0.0,0.09076961
0.0,0.11276771
0.0,0.073457256
0.0,0.35807624
0.0,0.09772897
0.0,0.13570514
0.0,0.21296582
0.0,0.57010585
1.0,0.6731795
1.0,0.669281
0.0,0.12347801
0.0,0.14717004
0.0,0.09376607
0.0,0.46986
1.0,0.82408035
0.0,0.07067425
0.0,0.08887114
0.0,0.6324003
0.0,0.07096766
1.0,0.43441266
0.0,0.11174897
0.0,0.1496971
0.0,0.06993465
1.0,0.84114915
0.0,0.28618532
1.0,0.87700856
0.0,0.24546787
0.0,0.14967607
1.0,0.8600399
0.0,0.20738415
0.0,0.08342554
1.0,0.7310805
1.0,0.30897966
0.0,0.1695041
0.0,0.4885642
1.0,0.64965403
0.0,0.38260132
0.0,0.17379293
0.0,0.63195574
1.0,0.4976758
0.0,0.32431394
1.0,0.66956675
0.0,0.10651209
1.0,0.7210148
1.0,0.8757375
0.0,0.2899019
0.0,0.18180934
1.0,0.60397595
0.0,0.1313657
1.0,0.92302144
0.0,0.85947114
0.0,0.46361595
1.0,0.76326084
1.0,0.8462868
1.0,0.715806
1.0,0.5968127
0.0,0.17972401
1.0,0.2236475
1.0,0.86419076
0.0,0.093563795
1.0,0.3421434
0.0,0.08197591
1.0,0.7044791
1.0,0.5987507
1.0,0.68316966
0.0,0.5257367
0.0,0.051440872
1.0,0.6111814
1.0,0.83636475
1.0,0.873229
0.0,0.09795281
1.0,0.718832
1.0,0.71882355
1.0,0.7022741
1.0,0.350616
0.0,0.34006506
0.0,0.41406542
1.0,0.3938619
1.0,0.8123725
1.0,0.5955706
0.0,0.19685051
1.0,0.33788157
1.0,0.57480156
1.0,0.26006088
1.0,0.89095944
0.0,0.12532508
0.0,0.3165688
0.0,0.06327297
0.0,0.3436095
0.0,0.30184168
0.0,0.6605711
0.0,0.21705064
