0.0,0.58414996
0.0,0.64018023
1.0,0.39600044
0.0,0.15237598
1.0,0.5655666
0.0,0.110342816
1.0,0.8305756
1.0,0.66291857
1.0,0.46158916
0.0,0.32418686
0.0,0.43687382
1.0,0.5509244
0.0,0.077253535
0.0,0.36302885
0.0,0.10083654
0.0,0.11009999
1.0,0.64331377
0.0,0.39495462
0.0,0.09100561
1.0,0.6832821
1.0,0.35731295
0.0,0.24365473
1.0,0.4970414
0.0,0.39065796
0.0,0.052385293
1.0,0.7554375
0.0,0.4076143
1.0,0.49225894
0.0,0.31310248
1.0,0.8528026
0.0,0.07753418
0.0,0.21306972
1.0,0.8127893
1.0,0.9283291
1.0,0.77870405
1.0,0.9133334
1.0,0.65167224
0.0,0.34796247
1.0,0.55150104
1.0,0.45021573
1.0,0.6239207
1.0,0.7443374
0.0,0.092938736
1.0,0.63038725
1.0,0.63843316
0.0,0.067862675
0.0,0.26280618
0.0,0.13632855
0.0,0.06795989
1.0,0.8631832
0.0,0.37975192
1.0,0.7471757
1.0,0.88985014
1.0,0.6474793
0.0,0.2463233
0.0,0.26197714
0.0,0.5044729
1.0,0.19178681
1.0,0.8298953
1.0,0.30428296
1.0,0.79596734
0.0,0.554262
1.0,0.7737092
1.0,0.7754522
1.0,0.59501004
0.0,0.3335886
0.0,0.48152637
1.0,0.6557237
0.0,0.10766971
1.0,0.67376494
0.0,0.32296962
1.0,0.84915656
0.0,0.073232405
0.0,0.16891494
1.0,0.5391458
0.0,0.48166066
0.0,0.0734547
0.0,0.35464072
0.0,0.39524013
1.0,0.6482031
0.0,0.12833062
1.0,0.7362621
1.0,0.8783802
1.0,0.8552949
1.0,0.8170435
1.0,0.76716065
1.0,0.85836947
0.0,0.44986597
0.0,0.061924297
1.0,0.6577605
0.0,0.09809251
1.0,0.27454937
0.0,0.28262037
0.0,0.56983244
0.0,0.16845956
1.0,0.83538866
0.0,0.33894467
0.0,0.14861698
0.0,0.19178681
1.0,0.48078093
1.0,0.6915352
0.0,0.079098396
0.0,0.33283323
1.0,0.35068712
0.0,0.27855974
0.0,0.41707283
1.0,0.65274954
1.0,0.42543077
1.0,0.9133334
0.0,0.21257825
1.0,0.29286462
1.0,0.82556754
1.0,0.7569566
0.0,0.3241005
1.0,0.32361245
0.0,0.34626245
0.0,0.10696473
1.0,0.41971922
0.0,0.107178375
1.0,0.7544102
1.0,0.5848323
1.0,0.79554075
0.0,0.34143007
1.0,0.8646393
0.0,0.41596788
0.0,0.18583676
0.0,0.20185916
1.0,0.49928266
0.0,0.08279715
0.0,0.416714
1.0,0.85279447
1.0,0.66424745
1.0,0.79602814
0.0,0.18308166
0.0,0.24618873
1.0,0.3822165
1.0,0.8472354
0.0,0.66066784
0.0,0.22233908
0.0,0.29838338
0.0,0.22110021
0.0,0.28725153
1.0,0.61089325
1.0,0.35068712
0.0,0.36277464
1.0,0.5767106
0.0,0.34310788
0.0,0.079223916
0.0,0.06129235
1.0,0.5099135
0.0,0.13396469
0.0,0.3508529
0.0,0.11356908
0.0,0.17403206
0.0,0.08116599
0.0,0.07207976
0.0,0.7791895
0.0,0.34911102
1.0,0.6124073
0.0,0.1030194
0.0,0.11632379
1.0,0.8784504
0.0,0.22088262
0.0,0.7139507
0.0,0.57566273
0.0,0.08017288
0.0,0.35624763
1.0,0.8443758
0.0,0.16076322
1.0,0.5059958
0.0,0.37431452
0.0,0.10518608
1.0,0.6348112
0.0,0.5693226
0.0,0.7917217
0.0,0.5224862
0.0,0.072089195
1.0,0.6543684
1.0,0.7793887
0.0,0.1602637
1.0,0.47487456
0.0,0.39630914
1.0,0.7818843
1.0,0.53189796
1.0,0.6927977
1.0,0.54412717
1.0,0.7863011
0.0,0.7595203
0.0,0.09830987
0.0,0.20669314
0.0,0.80625093
0.0,0.14044358
0.0,0.12306583
1.0,0.4310318
0.0,0.07377409
0.0,0.7159378
1.0,0.67707574
1.0,0.6580893
1.0,0.79443675
0.0,0.1899117
0.0,0.51167846
0.0,0.1063905
1.0,0.16343977
0.0,0.4468388
0.0,0.6328596
0.0,0.44601184
0.0,0.29625198
0.0,0.20963244
1.0,0.3634156
0.0,0.107843265
1.0,0.36353105
0.0,0.08595531
0.0,0.5217212
0.0,0.05375787
1.0,0.85670674
0.0,0.5172125
0.0,0.56086373
0.0,0.101539806
0.0,0.10483585
0.0,0.7749977
0.0,0.23961146
1.0,0.81342775
0.0,0.14859886
0.0,0.32265085
1.0,0.7728653
1.0,0.80713445
0.0,0.32231373
0.0,0.19347529
0.0,0.19884203
0.0,0.11232754
0.0,0.40632644
0.0,0.1683214
1.0,0.6784555
0.0,0.16914272
1.0,0.5341705
0.0,0.2356272
1.0,0.56918025
1.0,0.3358385
0.0,0.11375656
0.0,0.18291168
0.0,0.19970591
1.0,0.8091404
1.0,0.6586758
1.0,0.7399429
1.0,0.6255073
0.0,0.07118811
0.0,0.47041956
1.0,0.93380004
0.0,0.6260561
0.0,0.24335603
0.0,0.08928446
0.0,0.40630484
0.0,0.26074326
0.0,0.11091592
0.0,0.24573103
1.0,0.4147994
0.0,0.10209866
0.0,0.5248725
0.0,0.37825802
1.0,0.7775963
1.0,0.60891336
0.0,0.30898443
0.0,0.11032698
0.0,0.087245844
1.0,0.7937867
0.0,0.24009565
0.0,0.08205828
0.0,0.07300369
0.0,0.08626154
1.0,0.7990963
1.0,0.25025696
1.0,0.8151847
0.0,0.09536831
0.0,0.092938736
1.0,0.77130514
0.0,0.34928748
0.0,0.53004867
0.0,0.39591306
1.0,0.5439195
1.0,0.7022375
0.0,0.13104536
0.0,0.109345555
1.0,0.866079
1.0,0.5298253
0.0,0.47111163
1.0,0.5559794
1.0,0.5547769
0.0,0.58629894
0.0,0.2819373
0.0,0.26659393
0.0,0.09716803
0.0,0.2792984
0.0,0.10929912
1.0,0.89894885
0.0,0.09857101
0.0,0.087935865
1.0,0.6762166
0.0,0.4225648
1.0,0.788309
1.0,0.25784302
1.0,0.7746972
1.0,0.64393646
1.0,0.6714448
0.0,0.13024084
1.0,0.7653662
0.0,0.44029975
1.0,0.8407232
0.0,0.64624035
0.0,0.3976794
0.0,0.10902186
0.0,0.57498014
0.0,0.32410225
1.0,0.77088434
0.0,0.6777524
1.0,0.6593548
0.0,0.6988183
1.0,0.6653701
1.0,0.80757964
0.0,0.15946198
0.0,0.08596932
1.0,0.5099135
0.0,0.1133409
1.0,0.64100075
1.0,0.70344245
0.0,0.08680235
0.0,0.058045894
0.0,0.072944194
0.0,0.058950342
1.0,0.7505734
1.0,0.5832945
0.0,0.14621979
0.0,0.61061203
1.0,0.56725454
1.0,0.83968484
1.0,0.5034369
0.0,0.11932826
0.0,0.43651238
0.0,0.10759644
0.0,0.7170094
1.0,0.7857461
1.0,0.5408562
0.0,0.13318393
0.0,0.45179302
0.0,0.08469236
0.0,0.4131042
0.0,0.0710762
0.0,0.41862306
1.0,0.4769457
0.0,0.20718272
1.0,0.8528026
0.0,0.111134484
0.0,0.36489642
0.0,0.7771956
0.0,0.7795646
0.0,0.11345531
0.0,0.06324702
1.0,0.5002816
0.0,0.2338694
1.0,0.7314251
0.0,0.20637515
0.0,0.13043866
0.0,0.21756665
0.0,0.06961992
0.0,0.55777276
1.0,0.5111228
1.0,0.7465068
0.0,0.5153519
1.0,0.490297
0.0,0.048970293
0.0,0.55544615
0.0,0.32698637
0.0,0.751478
0.0,0.14167455
0.0,0.10359945
1.0,0.5950169
0.0,0.24588707
1.0,0.73038024
0.0,0.14744727
1.0,0.42790848
0.0,0.44337797
1.0,0.3990358
0.0,0.09809251
1.0,0.77762645
1.0,0.77903473
0.0,0.08008789
0.0,0.34845856
1.0,0.63369113
0.0,0.1009208
0.0,0.269118
1.0,0.3683626
1.0,0.6988249
0.0,0.44574785
1.0,0.68946654
1.0,0.75171834
0.0,0.4543882
0.0,0.10976668
0.0,0.44898272
0.0,0.109442994
0.0,0.12298302
0.0,0.48260164
1.0,0.6943461
0.0,0.5888084
1.0,0.4313875
1.0,0.41732216
0.0,0.30737847
0.0,0.20109197
0.0,0.29027167
1.0,0.7652015
1.0,0.6025728
1.0,0.59805167
0.0,0.1299934
1.0,0.8673484
1.0,0.77717555
0.0,0.22646555
0.0,0.11719026
0.0,0.7764597
0.0,0.34235764
1.0,0.5848353
0.0,0.08875351
1.0,0.4123404
0.0,0.6419648
0.0,0.109834634
0.0,0.108187534
0.0,0.29443067
0.0,0.17256477
0.0,0.31213808
0.0,0.10719979
0.0,0.1246721
0.0,0.11746712
0.0,0.4017307
0.0,0.38078737
0.0,0.31213808
0.0,0.089976415
0.0,0.3014725
0.0,0.22122908
1.0,0.56340224
0.0,0.46791926
1.0,0.8281604
0.0,0.27056068
1.0,0.7471757
0.0,0.34897175
0.0,0.3380397
0.0,0.5363651
0.0,0.6368286
0.0,0.22137365
0.0,0.39595157
0.0,0.075840816
0.0,0.20635155
0.0,0.22163749
0.0,0.5372581
1.0,0.5496012
0.0,0.14936659
0.0,0.09842527
0.0,0.4642257
0.0,0.099489726
1.0,0.5520234
0.0,0.64983284
1.0,0.5472518
0.0,0.09833527
0.0,0.3799947
1.0,0.48965397
0.0,0.78199303
1.0,0.5551299
1.0,0.5825349
1.0,0.3748865
1.0,0.6104551
0.0,0.10086788
1.0,0.85836947
1.0,0.5915616
0.0,0.2505645
0.0,0.22973375
0.0,0.38559467
1.0,0.82056963
0.0,0.17716865
0.0,0.16074531
1.0,0.63430893
1.0,0.7946348
0.0,0.24115953
0.0,0.16592363
1.0,0.26386425
0.0,0.23948058
1.0,0.5838593
0.0,0.54757273
0.0,0.5716151
1.0,0.42432722
0.0,0.74391544
0.0,0.07163928
1.0,0.39336914
0.0,0.31457984
1.0,0.8760621
1.0,0.866079
0.0,0.09675886
1.0,0.54361755
1.0,0.33196133
1.0,0.6633383
1.0,0.73167175
0.0,0.39613998
0.0,0.11121088
1.0,0.49769703
0.0,0.14464748
0.0,0.23611526
1.0,0.6530193
1.0,0.605465
1.0,0.78371096
0.0,0.26156425
1.0,0.8318942
1.0,0.777496
0.0,0.11004593
1.0,0.83309925
0.0,0.4934578
1.0,0.41595793
1.0,0.6586758
1.0,0.67735237
0.0,0.66266626
0.0,0.4088327
1.0,0.69651896
0.0,0.38635123
1.0,0.7108947
0.0,0.442031
0.0,0.10874333
0.0,0.6109849
1.0,0.94259584
0.0,0.30142635
0.0,0.11503508
0.0,0.66187847
1.0,0.48966867
0.0,0.3237992
0.0,0.09692663
0.0,0.5182058
0.0,0.66440946
1.0,0.7020791
1.0,0.8054088
0.0,0.11005535
0.0,0.1247545
0.0,0.2865782
0.0,0.5668512
0.0,0.35844943
1.0,0.7561089
0.0,0.2651532
1.0,0.81529367
0.0,0.6577545
0.0,0.3536167
1.0,0.6689886
0.0,0.16660099
0.0,0.37006217
0.0,0.12733704
0.0,0.098828055
0.0,0.28265783
0.0,0.09432658
0.0,0.31617883
0.0,0.11589323
1.0,0.7769049
1.0,0.58120024
0.0,0.08215306
0.0,0.108865514
1.0,0.52249837
1.0,0.866079
0.0,0.26494917
1.0,0.69823503
0.0,0.44386864
0.0,0.110889554
1.0,0.77978003
0.0,0.5849829
1.0,0.5338183
0.0,0.2966854
1.0,0.32018608
0.0,0.26419193
0.0,0.10859428
0.0,0.3417791
1.0,0.8029332
0.0,0.35985535
0.0,0.10911294
0.0,0.21772432
0.0,0.48922032
1.0,0.3983938
0.0,0.24359436
0.0,0.05585643
1.0,0.8226458
1.0,0.37168986
0.0,0.3773756
1.0,0.6026304
0.0,0.55771756
0.0,0.6688868
1.0,0.5563102
1.0,0.78666794
0.0,0.16692157
1.0,0.81678545
1.0,0.6539712
0.0,0.1957869
0.0,0.26108217
0.0,0.19852336
1.0,0.2273489
0.0,0.11503341
0.0,0.10838145
0.0,0.1358475
1.0,0.86846495
1.0,0.7622329
0.0,0.28639242
1.0,0.5869039
1.0,0.4750088
0.0,0.50152886
1.0,0.6289686
0.0,0.46610928
1.0,0.866079
1.0,0.5362881
0.0,0.1777653
1.0,0.4053143
1.0,0.7561089
0.0,0.14439932
0.0,0.06553732
1.0,0.65738475
0.0,0.099739745
1.0,0.7771096
0.0,0.07455836
0.0,0.39201194
0.0,0.32031545
1.0,0.65458053
0.0,0.36622638
1.0,0.42687878
0.0,0.057727575
1.0,0.75712955
1.0,0.76205385
0.0,0.19538069
1.0,0.7970459
1.0,0.62043846
1.0,0.7225796
1.0,0.65043014
0.0,0.2356272
0.0,0.4148901
0.0,0.25584415
0.0,0.5838593
0.0,0.46496755
1.0,0.7518436
1.0,0.42081055
0.0,0.2874233
0.0,0.09489077
0.0,0.23631778
1.0,0.61029863
0.0,0.52718055
1.0,0.11506834
1.0,0.59753597
0.0,0.34339017
0.0,0.41826016
1.0,0.7122591
0.0,0.4394567
1.0,0.8581104
0.0,0.63821363
0.0,0.07681378
0.0,0.25303572
1.0,0.3836519
0.0,0.45915398
1.0,0.7425068
0.0,0.06995031
1.0,0.54212284
0.0,0.41564044
0.0,0.2275497
1.0,0.59110534
1.0,0.55542284
1.0,0.38138863
1.0,0.7248264
0.0,0.13407777
0.0,0.09991144
0.0,0.7583698
0.0,0.06432341
1.0,0.53840464
1.0,0.29327855
0.0,0.09756845
0.0,0.09898351
0.0,0.17917481
1.0,0.6571632
0.0,0.10987246
0.0,0.37239075
0.0,0.10278797
0.0,0.7179383
0.0,0.30098286
0.0,0.2313985
1.0,0.4905663
1.0,0.4970414
0.0,0.449498
1.0,0.3595685
0.0,0.3846684
0.0,0.50916445
1.0,0.63657266
1.0,0.7781886
1.0,0.84035075
0.0,0.25162116
0.0,0.11462979
1.0,0.52392536
0.0,0.092653766
0.0,0.11008091
0.0,0.5939968
1.0,0.77955765
0.0,0.3604116
0.0,0.36844194
1.0,0.54677576
0.0,0.22796631
1.0,0.8702375
1.0,0.7352034
1.0,0.8017874
0.0,0.66266626
0.0,0.07414349
1.0,0.6483058
1.0,0.6213534
0.0,0.49332666
1.0,0.35101226
0.0,0.19537753
0.0,0.29272452
0.0,0.26627296
0.0,0.14417472
1.0,0.43901747
1.0,0.76626045
1.0,0.5751919
1.0,0.68888426
1.0,0.80401784
0.0,0.49983567
0.0,0.78889847
1.0,0.63791466
0.0,0.07470254
1.0,0.59110534
1.0,0.4584357
1.0,0.8088148
0.0,0.3154773
1.0,0.624731
1.0,0.40427715
0.0,0.35212898
0.0,0.10801846
0.0,0.37586245
0.0,0.12850967
1.0,0.7301315
1.0,0.81001425
0.0,0.117618345
0.0,0.2819429
1.0,0.20000415
1.0,0.6471702
1.0,0.3500133
0.0,0.11022048
1.0,0.6592449
1.0,0.6378058
0.0,0.080797896
0.0,0.23906565
1.0,0.7730873
1.0,0.7737781
0.0,0.31138864
1.0,0.5787584
0.0,0.07300369
0.0,0.24307594
0.0,0.22073898
1.0,0.8370339
0.0,0.3404007
1.0,0.64393646
1.0,0.666958
0.0,0.17723933
0.0,0.13822195
0.0,0.36332643
1.0,0.8377417
1.0,0.63392377
0.0,0.09995154
0.0,0.33143955
1.0,0.6937668
0.0,0.16892247
1.0,0.8552949
1.0,0.6882149
1.0,0.47666806
1.0,0.6642272
0.0,0.3061536
0.0,0.5112211
0.0,0.34882417
0.0,0.08861128
0.0,0.092362784
1.0,0.5219945
0.0,0.5696744
0.0,0.19441724
1.0,0.56203926
0.0,0.18626508
1.0,0.14894396
1.0,0.5735255
0.0,0.2721886
0.0,0.20046175
0.0,0.6573735
0.0,0.075201705
0.0,0.08684244
0.0,0.17513673
0.0,0.07910001
0.0,0.8183595
1.0,0.11506834
1.0,0.52031213
1.0,0.85490084
0.0,0.6333424
0.0,0.48610172
0.0,0.14086112
0.0,0.36336428
0.0,0.21261184
1.0,0.39253196
0.0,0.070132606
0.0,0.23293638
1.0,0.56588084
1.0,0.28079504
0.0,0.2291141
0.0,0.7267563
0.0,0.089863345
0.0,0.52385867
0.0,0.09756408
0.0,0.2780239
1.0,0.7973179
1.0,0.68888426
1.0,0.6613189
1.0,0.8542174
0.0,0.10670428
1.0,0.65616494
1.0,0.7787677
1.0,0.788309
0.0,0.39155084
1.0,0.7248264
0.0,0.053100727
1.0,0.33595604
1.0,0.3795274
1.0,0.77897215
1.0,0.6613051
1.0,0.81392956
0.0,0.49258298
0.0,0.34698248
1.0,0.5738791
0.0,0.21563308
1.0,0.57610625
0.0,0.24582748
1.0,0.55926305
0.0,0.08621211
0.0,0.6709094
0.0,0.1676282
0.0,0.19539726
0.0,0.32929635
0.0,0.097845495
0.0,0.23270068
0.0,0.47143728
0.0,0.5475992
0.0,0.07131336
0.0,0.21982959
1.0,0.46895123
1.0,0.48398238
1.0,0.7586568
0.0,0.67326784
0.0,0.5431191
0.0,0.601956
0.0,0.09980168
1.0,0.7867466
1.0,0.25853103
1.0,0.67108446
1.0,0.80475247
1.0,0.8581104
0.0,0.71869266
0.0,0.3516666
0.0,0.10484878
0.0,0.7728653
1.0,0.51416105
0.0,0.3317458
1.0,0.19793525
0.0,0.4584357
1.0,0.8013247
0.0,0.36100116
0.0,0.27033252
0.0,0.13043866
0.0,0.044920437
0.0,0.64732283
1.0,0.4741822
1.0,0.6807209
0.0,0.20781286
1.0,0.7301315
1.0,0.82398003
1.0,0.41838527
0.0,0.40241614
0.0,0.10863288
1.0,0.7704421
0.0,0.16705586
1.0,0.93380004
0.0,0.35287434
0.0,0.073565565
0.0,0.23798212
0.0,0.1473677
1.0,0.56743574
0.0,0.28759125
0.0,0.63028955
1.0,0.61910486
1.0,0.3389418
0.0,0.62270665
0.0,0.4997242
1.0,0.5099135
1.0,0.6544665
0.0,0.15176432
0.0,0.07229469
1.0,0.47790122
0.0,0.21618545
1.0,0.56918025
0.0,0.25681692
0.0,0.19183208
1.0,0.7226221
0.0,0.33445197
1.0,0.81724024
0.0,0.26156425
1.0,0.64542764
1.0,0.7814611
0.0,0.17014907
1.0,0.69063663
0.0,0.3099005
1.0,0.8549301
0.0,0.18963438
1.0,0.7964708
0.0,0.1659733
0.0,0.0823458
1.0,0.65985334
0.0,0.0857171
0.0,0.06517124
0.0,0.1247545
1.0,0.6501825
1.0,0.75712746
1.0,0.38507855
1.0,0.6544875
1.0,0.38029832
1.0,0.702229
1.0,0.51954055
0.0,0.079391755
1.0,0.64795554
1.0,0.6364411
0.0,0.37573993
0.0,0.09947638
0.0,0.06563393
1.0,0.5181096
0.0,0.16480011
1.0,0.83968484
0.0,0.36001462
0.0,0.4776577
1.0,0.6114168
0.0,0.23515001
0.0,0.45749268
1.0,0.4779037
1.0,0.72594434
1.0,0.7779931
1.0,0.18101485
0.0,0.7127517
0.0,0.2990119
0.0,0.109807774
0.0,0.39093858
0.0,0.09520663
0.0,0.20781286
0.0,0.5104147
0.0,0.07600765
1.0,0.38530642
1.0,0.8544604
0.0,0.10991178
1.0,0.68142647
0.0,0.08497386
0.0,0.21796064
1.0,0.734733
0.0,0.31600374
0.0,0.7776294
0.0,0.31457984
0.0,0.18035936
0.0,0.08595531
0.0,0.64135396
0.0,0.17404959
1.0,0.6213534
0.0,0.099511825
0.0,0.783454
1.0,0.65398693
0.0,0.27686793
0.0,0.6466671
1.0,0.78085506
0.0,0.39361396
0.0,0.10902186
1.0,0.59055126
0.0,0.1305686
0.0,0.18768692
0.0,0.23636556
0.0,0.26751792
1.0,0.6580893
0.0,0.047351316
0.0,0.14893547
0.0,0.122293815
0.0,0.4822103
0.0,0.6925531
1.0,0.47116584
0.0,0.5173255
1.0,0.84868354
0.0,0.5538602
0.0,0.5520234
1.0,0.59356934
0.0,0.25613746
0.0,0.24573162
0.0,0.4570636
1.0,0.7927882
1.0,0.48475608
1.0,0.3687345
0.0,0.08470993
0.0,0.40747866
1.0,0.66080415
0.0,0.4096445
0.0,0.24513976
1.0,0.64230907
0.0,0.26670823
1.0,0.7662188
1.0,0.31032544
0.0,0.15228428
1.0,0.5401767
0.0,0.36535203
1.0,0.50874346
0.0,0.45528936
1.0,0.8340368
0.0,0.09839481
0.0,0.6756507
0.0,0.118019715
0.0,0.5199803
1.0,0.23798212
0.0,0.14990108
1.0,0.7127517
0.0,0.14911696
0.0,0.34782922
1.0,0.7789671
0.0,0.11037783
0.0,0.067535594
0.0,0.11604941
1.0,0.6689886
1.0,0.8013247
0.0,0.24767959
0.0,0.21805975
1.0,0.6467398
1.0,0.38078737
0.0,0.40702862
0.0,0.18440177
1.0,0.56158125
0.0,0.44687134
1.0,0.6509815
0.0,0.653419
1.0,0.41413087
1.0,0.796153
0.0,0.19210517
1.0,0.8779257
0.0,0.62963164
0.0,0.24972168
0.0,0.22745684
0.0,0.38185942
1.0,0.66958463
1.0,0.65585226
0.0,0.52823335
0.0,0.28240246
1.0,0.8297321
0.0,0.5997554
1.0,0.50007427
1.0,0.29579365
1.0,0.574232
0.0,0.38669515
1.0,0.46042046
0.0,0.22485873
1.0,0.7798587
1.0,0.21316448
0.0,0.43256116
0.0,0.6562574
0.0,0.3795274
0.0,0.112319544
0.0,0.4678598
1.0,0.66451573
1.0,0.81712544
1.0,0.7475534
0.0,0.2875654
0.0,0.19498086
1.0,0.8271844
0.0,0.5427393
0.0,0.0978335
0.0,0.28152597
1.0,0.7606684
0.0,0.520571
0.0,0.20248055
0.0,0.420929
0.0,0.29272452
0.0,0.2902354
1.0,0.6629925
1.0,0.5277198
0.0,0.24748786
0.0,0.10772203
0.0,0.05759404
1.0,0.8391358
0.0,0.44574633
0.0,0.6529368
1.0,0.7804918
0.0,0.10724299
0.0,0.57178545
1.0,0.6065322
0.0,0.3901051
1.0,0.42485815
1.0,0.4835655
0.0,0.26302403
0.0,0.09323008
0.0,0.07697465
0.0,0.6925531
0.0,0.14161506
1.0,0.7853998
1.0,0.9151522
1.0,0.69875336
1.0,0.64917773
0.0,0.78283226
0.0,0.11361079
1.0,0.66217
1.0,0.61525023
0.0,0.6466671
0.0,0.32978112
0.0,0.11402786
1.0,0.5403663
0.0,0.09320222
0.0,0.4741822
1.0,0.65055597
0.0,0.09809251
0.0,0.11589323
0.0,0.07981588
0.0,0.20085219
1.0,0.7931205
0.0,0.30251724
0.0,0.089347824
0.0,0.22896275
0.0,0.2076598
0.0,0.49139434
1.0,0.49334225
0.0,0.1090004
1.0,0.7013625
0.0,0.23601623
1.0,0.57825315
0.0,0.113623776
1.0,0.6563877
1.0,0.866079
1.0,0.82556754
1.0,0.7734572
1.0,0.8258988
0.0,0.31811452
0.0,0.06485281
1.0,0.33723125
0.0,0.41283423
0.0,0.105958596
1.0,0.7757199
1.0,0.25458905
0.0,0.113202
0.0,0.10484878
1.0,0.5776369
1.0,0.7399429
1.0,0.87666476
0.0,0.09489077
0.0,0.77470416
0.0,0.27271026
0.0,0.64309293
0.0,0.06701901
0.0,0.08561535
0.0,0.6875054
1.0,0.69592404
1.0,0.73534435
1.0,0.6199139
0.0,0.11514177
0.0,0.26512876
0.0,0.24859257
0.0,0.18810292
0.0,0.10815094
0.0,0.26627296
0.0,0.575233
1.0,0.788834
1.0,0.8143614
1.0,0.6025728
1.0,0.55417174
0.0,0.21961054
0.0,0.33479273
1.0,0.7081541
0.0,0.39720324
0.0,0.63694274
1.0,0.77931684
0.0,0.6574311
0.0,0.4901952
1.0,0.55423594
0.0,0.11937709
1.0,0.42411295
1.0,0.66891086
0.0,0.45071372
0.0,0.15928008
1.0,0.7891189
0.0,0.06386574
1.0,0.58629894
0.0,0.3700014
1.0,0.6482371
1.0,0.55120814
1.0,0.65953
1.0,0.75910157
0.0,0.49566436
0.0,0.3517681
0.0,0.098697804
1.0,0.45020843
0.0,0.92082834
1.0,0.61526644
0.0,0.08680235
0.0,0.47241616
1.0,0.50049245
1.0,0.48533446
0.0,0.61552954
0.0,0.10436581
0.0,0.15541494
0.0,0.3730982
0.0,0.92082834
1.0,0.8143614
0.0,0.3552569
0.0,0.22924957
1.0,0.40506095
1.0,0.6433786
0.0,0.36518732
1.0,0.5389441
1.0,0.17777911
0.0,0.073214605
0.0,0.06129235
0.0,0.26967984
1.0,0.6008612
1.0,0.3887659
0.0,0.070497096
0.0,0.3023974
1.0,0.4148901
0.0,0.34887582
0.0,0.49928266
0.0,0.115959466
1.0,0.54160774
1.0,0.65151906
0.0,0.16710101
0.0,0.088112555
0.0,0.2357656
0.0,0.32064754
0.0,0.21378002
0.0,0.26749396
0.0,0.6449995
0.0,0.47734064
0.0,0.114155576
0.0,0.1687167
0.0,0.3550433
1.0,0.8319427
1.0,0.7960181
0.0,0.11491488
0.0,0.11900161
0.0,0.25984716
0.0,0.09077382
0.0,0.5672352
0.0,0.24344127
0.0,0.07567449
0.0,0.74470365
1.0,0.6010906
1.0,0.8082264
1.0,0.4741822
1.0,0.73110133
1.0,0.77593994
1.0,0.7556249
0.0,0.48935956
1.0,0.66080415
1.0,0.7248264
0.0,0.12500437
0.0,0.10957124
0.0,0.32559854
1.0,0.65679216
0.0,0.2764768
1.0,0.6277831
0.0,0.24692884
0.0,0.7747872
0.0,0.72158164
0.0,0.30631304
0.0,0.17739613
0.0,0.62240154
1.0,0.2313985
0.0,0.23193511
0.0,0.056050517
1.0,0.6935362
1.0,0.73465383
0.0,0.23428902
1.0,0.85279447
0.0,0.21192467
0.0,0.17138694
0.0,0.24816076
1.0,0.6919997
0.0,0.12861411
1.0,0.28488424
1.0,0.6988183
0.0,0.13971627
1.0,0.49822006
0.0,0.13095044
0.0,0.174992
1.0,0.86764604
0.0,0.09494618
0.0,0.7022375
1.0,0.58154565
0.0,0.07562963
0.0,0.3167724
1.0,0.77717555
0.0,0.40215334
0.0,0.28563607
0.0,0.092935786
1.0,0.62945044
1.0,0.8700491
0.0,0.46669888
0.0,0.14573601
1.0,0.5838593
0.0,0.100329556
0.0,0.33867544
1.0,0.34097862
0.0,0.75378335
1.0,0.33166808
1.0,0.7584133
1.0,0.6943461
0.0,0.6581446
0.0,0.25538915
0.0,0.13886459
0.0,0.32043076
0.0,0.3693331
0.0,0.2653152
0.0,0.13363826
0.0,0.62424123
0.0,0.26149794
0.0,0.047351316
1.0,0.5690912
0.0,0.6256605
0.0,0.07084914
1.0,0.5918958
0.0,0.10483585
0.0,0.11860788
0.0,0.3593318
0.0,0.07292698
0.0,0.096850775
1.0,0.2053217
1.0,0.80757964
1.0,0.63694274
0.0,0.11937709
1.0,0.83096
1.0,0.6498713
0.0,0.08231058
0.0,0.05715693
0.0,0.12915713
0.0,0.5525009
0.0,0.27320907
0.0,0.65940654
1.0,0.86675054
1.0,0.74665636
1.0,0.7675047
0.0,0.072849594
1.0,0.8014792
1.0,0.51348644
0.0,0.1890856
1.0,0.5481463
0.0,0.10459372
0.0,0.15993719
0.0,0.50446075
1.0,0.8694395
1.0,0.67007315
1.0,0.65982616
0.0,0.7774432
0.0,0.25669914
0.0,0.22636648
0.0,0.24816076
1.0,0.5573233
1.0,0.79349387
1.0,0.6962742
1.0,0.5711631
0.0,0.3627389
0.0,0.117984876
1.0,0.74391544
0.0,0.20080693
0.0,0.42482114
1.0,0.66776055
0.0,0.07947083
0.0,0.13344876
0.0,0.24721465
1.0,0.58898556
0.0,0.36233047
0.0,0.7225796
0.0,0.38639188
0.0,0.3228613
0.0,0.7627947
0.0,0.2495598
0.0,0.12179811
0.0,0.11202749
0.0,0.24039093
0.0,0.13206878
1.0,0.8262164
1.0,0.34063715
0.0,0.56726515
0.0,0.6737639
0.0,0.60312736
1.0,0.7964165
0.0,0.08785729
0.0,0.11258326
0.0,0.49966207
0.0,0.096233234
1.0,0.82344186
0.0,0.18614843
1.0,0.81392956
0.0,0.2204496
0.0,0.34796247
1.0,0.4500362
1.0,0.6373155
1.0,0.799358
1.0,0.8549301
0.0,0.31499666
1.0,0.7518436
0.0,0.42038965
1.0,0.549353
1.0,0.58160913
0.0,0.19178681
1.0,0.81358147
0.0,0.64549965
0.0,0.5541233
0.0,0.10526278
1.0,0.26964444
1.0,0.7174126
0.0,0.11856772
0.0,0.43727702
1.0,0.6607221
1.0,0.6781084
0.0,0.10024462
1.0,0.45606607
1.0,0.5141035
0.0,0.31085077
1.0,0.42225266
0.0,0.7314251
0.0,0.3457213
0.0,0.38004026
0.0,0.52280015
0.0,0.10125039
1.0,0.65796757
0.0,0.17693186
1.0,0.6456503
1.0,0.6597311
1.0,0.3520391
0.0,0.32417879
0.0,0.5987264
1.0,0.64204454
0.0,0.09563072
1.0,0.6049095
1.0,0.8240897
0.0,0.6072098
0.0,0.2676856
1.0,0.4473032
1.0,0.7605046
0.0,0.11375747
1.0,0.6588553
1.0,0.4902591
1.0,0.72269344
1.0,0.8227848
1.0,0.7620824
1.0,0.67162246
0.0,0.10952051
0.0,0.49124566
0.0,0.07596174
1.0,0.752763
0.0,0.11932826
1.0,0.5012616
0.0,0.4907279
0.0,0.20467198
1.0,0.7656245
0.0,0.3007104
1.0,0.79282904
0.0,0.4925723
1.0,0.48369783
1.0,0.5485153
0.0,0.41230875
1.0,0.5808595
0.0,0.47143728
0.0,0.32882166
1.0,0.8548771
0.0,0.09947638
1.0,0.6360383
1.0,0.2676853
0.0,0.21374576
0.0,0.09991144
0.0,0.11057486
1.0,0.6608497
0.0,0.3925689
1.0,0.7588898
0.0,0.14327464
0.0,0.21257825
0.0,0.44547725
0.0,0.32181773
0.0,0.12723398
0.0,0.26659393
0.0,0.1777653
0.0,0.4088327
0.0,0.32874507
0.0,0.38843268
0.0,0.42787376
1.0,0.6306842
1.0,0.31093726
0.0,0.10135963
1.0,0.7819268
1.0,0.5445665
0.0,0.44939032
1.0,0.47116584
1.0,0.7653662
0.0,0.6602553
0.0,0.47096586
1.0,0.3822165
0.0,0.1287258
0.0,0.081143275
0.0,0.24115953
0.0,0.39816937
1.0,0.29789418
1.0,0.7556544
0.0,0.0990788
0.0,0.20861237
0.0,0.661309
0.0,0.5603727
0.0,0.36074018
1.0,0.73517877
0.0,0.54276663
0.0,0.3225368
1.0,0.85279447
1.0,0.3535338
1.0,0.61666
0.0,0.45932811
0.0,0.3902825
0.0,0.3028863
1.0,0.21839723
0.0,0.62043846
1.0,0.56336653
0.0,0.26408237
0.0,0.17455362
0.0,0.09323008
0.0,0.106770195
0.0,0.13886459
0.0,0.117230155
0.0,0.074723944
1.0,0.7427
1.0,0.6687189
1.0,0.34504816
0.0,0.0997869
1.0,0.33011657
0.0,0.5813098
1.0,0.8400319
1.0,0.3633479
0.0,0.10155861
0.0,0.09080925
0.0,0.25801244
0.0,0.408078
0.0,0.76164544
1.0,0.8679026
0.0,0.6637399
0.0,0.53371155
0.0,0.21463795
0.0,0.09077792
0.0,0.15502174
0.0,0.22583885
0.0,0.5612273
1.0,0.47606343
0.0,0.061924297
1.0,0.5602469
0.0,0.3593318
0.0,0.36405045
0.0,0.29924446
0.0,0.63072616
0.0,0.38924947
1.0,0.79757786
0.0,0.11871751
0.0,0.36309823
1.0,0.74263054
1.0,0.63694274
0.0,0.50436735
0.0,0.08596932
0.0,0.14861698
0.0,0.10954161
0.0,0.44924212
0.0,0.10677161
1.0,0.68738997
0.0,0.3517681
1.0,0.7163284
0.0,0.12451863
1.0,0.3919595
1.0,0.5939404
1.0,0.67437905
0.0,0.525128
0.0,0.6654407
1.0,0.61905104
0.0,0.1602637
1.0,0.77907956
0.0,0.20481381
1.0,0.8354343
1.0,0.79443675
0.0,0.31054395
1.0,0.8001539
1.0,0.7820983
1.0,0.47253814
0.0,0.25622952
1.0,0.550326
1.0,0.8548771
1.0,0.7662188
1.0,0.5861268
0.0,0.22848597
0.0,0.30236953
0.0,0.7923067
1.0,0.7399429
0.0,0.35957503
0.0,0.09652448
0.0,0.05767206
1.0,0.7984625
0.0,0.6585404
0.0,0.29885116
0.0,0.7364942
0.0,0.29887602
0.0,0.11038544
0.0,0.10964243
0.0,0.07118811
1.0,0.5877327
0.0,0.23633862
0.0,0.2682521
1.0,0.7127517
1.0,0.4310318
0.0,0.5423324
0.0,0.07229469
1.0,0.62769693
1.0,0.66515255
0.0,0.10125039
1.0,0.50600684
1.0,0.69384944
0.0,0.0882041
0.0,0.34482256
0.0,0.30042148
0.0,0.3137131
1.0,0.81529367
0.0,0.6590405
0.0,0.14605363
1.0,0.6716977
0.0,0.113202
0.0,0.5832105
1.0,0.4905714
1.0,0.40974197
1.0,0.82056963
0.0,0.24359436
1.0,0.6634161
0.0,0.7757199
0.0,0.2567865
0.0,0.2779922
0.0,0.105140686
0.0,0.24976751
1.0,0.7669716
1.0,0.4442677
1.0,0.64736396
1.0,0.70054895
1.0,0.57658064
0.0,0.32814202
0.0,0.4532354
0.0,0.7791721
1.0,0.7471757
0.0,0.28106862
1.0,0.8264271
0.0,0.091280185
0.0,0.50865376
1.0,0.6623198
1.0,0.41408294
0.0,0.24770181
0.0,0.7927882
1.0,0.85670674
1.0,0.6689886
0.0,0.2447907
0.0,0.12761131
0.0,0.4300681
1.0,0.69224316
0.0,0.50775737
0.0,0.5443411
1.0,0.88659513
0.0,0.5688053
0.0,0.24582748
1.0,0.8190605
1.0,0.8991688
0.0,0.09066892
1.0,0.81529367
0.0,0.5517456
0.0,0.15427142
0.0,0.5939968
0.0,0.43415627
1.0,0.6586897
0.0,0.3734789
0.0,0.39490604
0.0,0.75509244
0.0,0.3976424
1.0,0.67051303
1.0,0.4596278
1.0,0.6040286
1.0,0.7175903
0.0,0.50705385
0.0,0.33916372
1.0,0.57430756
1.0,0.6239207
0.0,0.3700255
1.0,0.40154043
0.0,0.17322478
0.0,0.7544102
1.0,0.2146149
1.0,0.7891258
0.0,0.42385548
0.0,0.2555853
0.0,0.5599123
0.0,0.3421559
1.0,0.78666794
1.0,0.8377417
0.0,0.5104147
0.0,0.14960024
0.0,0.16631836
1.0,0.41386682
0.0,0.29574823
0.0,0.3556642
0.0,0.38678762
0.0,0.2512675
0.0,0.4046308
0.0,0.25801244
0.0,0.10165109
1.0,0.6467398
1.0,0.6109849
0.0,0.18504381
0.0,0.08928446
0.0,0.10338583
0.0,0.24501078
1.0,0.7863011
0.0,0.13226989
0.0,0.32423705
0.0,0.09192016
1.0,0.7112736
0.0,0.47638148
1.0,0.72210747
1.0,0.49225894
1.0,0.6623198
0.0,0.0969851
0.0,0.09601785
1.0,0.66395015
0.0,0.24115953
1.0,0.68888426
0.0,0.520571
0.0,0.04795104
1.0,0.83154505
0.0,0.74799395
1.0,0.6090511
1.0,0.7775963
1.0,0.81724024
0.0,0.50159585
0.0,0.073214605
0.0,0.32216918
0.0,0.66266626
1.0,0.6597661
0.0,0.09077792
1.0,0.44197124
0.0,0.10021491
0.0,0.16799453
1.0,0.61525023
0.0,0.08686041
0.0,0.07615409
0.0,0.25697023
0.0,0.097845495
0.0,0.6624816
1.0,0.7554375
1.0,0.76539254
1.0,0.65545
0.0,0.20159619
1.0,0.89894885
0.0,0.1458519
1.0,0.6589019
1.0,0.75205255
0.0,0.19970591
1.0,0.463947
0.0,0.090487406
1.0,0.32761866
0.0,0.2985224
1.0,0.48605204
0.0,0.13248496
1.0,0.6523443
0.0,0.2340082
0.0,0.43367964
0.0,0.48749512
0.0,0.5239008
1.0,0.64990354
0.0,0.1947914
0.0,0.29161042
1.0,0.3836519
1.0,0.6277831
1.0,0.6148115
0.0,0.16850346
0.0,0.37942004
0.0,0.48965293
1.0,0.76891875
0.0,0.27720565
0.0,0.10946224
0.0,0.804273
1.0,0.54773986
0.0,0.102742575
1.0,0.7314251
0.0,0.44219738
0.0,0.24792106
1.0,0.50322765
0.0,0.4328178
1.0,0.6454327
0.0,0.6585404
0.0,0.091280185
0.0,0.45822248
1.0,0.6625774
1.0,0.89645225
0.0,0.50239307
1.0,0.5849829
1.0,0.76626045
1.0,0.6718594
1.0,0.7256179
0.0,0.09523462
0.0,0.4065817
0.0,0.43742982
1.0,0.8054088
1.0,0.8753146
0.0,0.131771
1.0,0.7650821
1.0,0.5768259
1.0,0.7730873
0.0,0.45963877
1.0,0.70155954
0.0,0.624731
0.0,0.39357305
1.0,0.5737694
0.0,0.5957406
1.0,0.65827876
0.0,0.3251753
1.0,0.43820447
0.0,0.6709548
0.0,0.17650282
0.0,0.053350784
0.0,0.27407426
1.0,0.67707574
0.0,0.23926541
0.0,0.09330549
0.0,0.075714394
0.0,0.59317696
0.0,0.24265972
0.0,0.5610049
0.0,0.34897175
1.0,0.7771096
0.0,0.5485935
0.0,0.11751591
1.0,0.40576285
1.0,0.64795554
1.0,0.34607175
0.0,0.109807774
0.0,0.26257128
1.0,0.44027868
0.0,0.39573628
1.0,0.85670674
0.0,0.3288479
0.0,0.43954486
0.0,0.09330549
0.0,0.42047685
0.0,0.13062184
0.0,0.28484282
1.0,0.87434113
0.0,0.2480304
0.0,0.22102542
1.0,0.3351348
0.0,0.104373276
1.0,0.6523443
1.0,0.57119644
1.0,0.66217
0.0,0.11967959
0.0,0.20808509
1.0,0.34706485
0.0,0.05680524
1.0,0.3533639
0.0,0.0738184
1.0,0.66891086
1.0,0.75712955
0.0,0.10606873
0.0,0.074723944
0.0,0.08758265
1.0,0.70769656
0.0,0.26311705
1.0,0.6531293
1.0,0.53061515
0.0,0.6071173
1.0,0.86764604
0.0,0.09794675
1.0,0.09430767
0.0,0.56918025
1.0,0.68946654
1.0,0.64100075
0.0,0.23914239
0.0,0.1599133
0.0,0.73012996
0.0,0.05534079
0.0,0.37392154
0.0,0.59916675
1.0,0.15111038
0.0,0.12818813
1.0,0.6368063
0.0,0.1239629
0.0,0.09858843
0.0,0.09245529
1.0,0.47765785
1.0,0.6647794
0.0,0.20094223
0.0,0.42460498
0.0,0.11599566
0.0,0.19198027
0.0,0.32636884
0.0,0.07751273
0.0,0.10865941
1.0,0.2359406
1.0,0.60632074
1.0,0.88659513
0.0,0.09217926
0.0,0.6042504
1.0,0.6495424
0.0,0.10598688
1.0,0.7891792
0.0,0.29926813
0.0,0.11262318
1.0,0.67615587
0.0,0.48599815
1.0,0.7555722
1.0,0.4808281
1.0,0.7930294
0.0,0.25958294
0.0,0.25958592
0.0,0.6451497
1.0,0.85614455
0.0,0.2832542
1.0,0.79445785
0.0,0.29281735
0.0,0.24589305
0.0,0.7313797
1.0,0.86818886
0.0,0.20112737
0.0,0.12872672
0.0,0.5531825
1.0,0.60673535
1.0,0.8401887
0.0,0.2968974
0.0,0.24324925
1.0,0.70769656
1.0,0.66864645
1.0,0.7387582
1.0,0.8258988
1.0,0.39922604
1.0,0.65827876
1.0,0.53254014
0.0,0.23298712
1.0,0.60566473
0.0,0.11105361
0.0,0.35082108
0.0,0.116442226
1.0,0.62126124
0.0,0.33589917
0.0,0.19003193
0.0,0.11035614
1.0,0.29744938
0.0,0.48748785
1.0,0.4888072
1.0,0.8139704
1.0,0.5391458
0.0,0.4416256
1.0,0.6597524
0.0,0.33195025
0.0,0.14960024
0.0,0.93380004
1.0,0.6174807
0.0,0.30573875
0.0,0.10991363
0.0,0.0932737
0.0,0.30578968
1.0,0.8714932
0.0,0.5391458
0.0,0.24770772
0.0,0.27891862
0.0,0.5825304
1.0,0.825564
1.0,0.83948267
0.0,0.108416334
1.0,0.62270665
1.0,0.62361753
0.0,0.0932737
0.0,0.048970293
0.0,0.48965293
1.0,0.8601387
1.0,0.749294
1.0,0.40668926
0.0,0.3979787
0.0,0.13396469
1.0,0.66212267
0.0,0.158235
0.0,0.43821493
1.0,0.5684833
0.0,0.24637894
0.0,0.18072048
0.0,0.58977854
1.0,0.5465145
0.0,0.2596405
1.0,0.6689886
0.0,0.43988127
1.0,0.744229
0.0,0.059849393
1.0,0.68088156
0.0,0.2744566
1.0,0.866079
0.0,0.4455653
1.0,0.7545908
1.0,0.8536426
0.0,0.08471973
1.0,0.90126693
1.0,0.8025956
0.0,0.64200485
0.0,0.6509815
0.0,0.50441843
1.0,0.74665636
1.0,0.5888084
1.0,0.64517164
0.0,0.50884545
1.0,0.83110964
0.0,0.10398029
0.0,0.10767426
1.0,0.54205453
1.0,0.566502
0.0,0.40211648
1.0,0.61676335
0.0,0.12395463
0.0,0.37096745
1.0,0.78185076
0.0,0.39627117
0.0,0.36050603
0.0,0.27801904
1.0,0.67067367
0.0,0.2958938
0.0,0.19705775
1.0,0.51717055
1.0,0.6668842
1.0,0.8377417
0.0,0.09016557
0.0,0.7225796
0.0,0.43945733
0.0,0.3660148
1.0,0.3896267
0.0,0.7444993
0.0,0.26286054
0.0,0.5618583
0.0,0.19970591
0.0,0.49769703
0.0,0.103658006
0.0,0.09493945
1.0,0.3274903
0.0,0.39452785
0.0,0.19708185
0.0,0.16728716
0.0,0.072849594
0.0,0.09066892
1.0,0.60205257
1.0,0.6454004
1.0,0.84013844
0.0,0.44051176
0.0,0.5688053
0.0,0.23493066
0.0,0.83100986
1.0,0.82465565
0.0,0.10724299
0.0,0.17659411
1.0,0.5820761
0.0,0.13857357
1.0,0.77600396
0.0,0.17877391
1.0,0.77684575
0.0,0.57671416
1.0,0.30139488
0.0,0.6775489
0.0,0.49636927
1.0,0.5445665
0.0,0.0978335
1.0,0.38473496
1.0,0.61613876
1.0,0.7294131
0.0,0.10911294
0.0,0.40182766
1.0,0.75463665
0.0,0.1287258
0.0,0.3734789
1.0,0.605477
1.0,0.5597364
0.0,0.09896432
1.0,0.6613953
0.0,0.45659447
0.0,0.72864705
1.0,0.619094
0.0,0.34854046
0.0,0.37949747
0.0,0.2540087
0.0,0.10101714
0.0,0.46266755
1.0,0.7370359
0.0,0.56158125
1.0,0.8700491
1.0,0.6478131
0.0,0.31640422
1.0,0.29744938
0.0,0.62267506
0.0,0.1006736
1.0,0.8380445
0.0,0.65737647
0.0,0.20554209
0.0,0.09783183
1.0,0.79443675
1.0,0.7399429
0.0,0.21461956
0.0,0.28504366
0.0,0.4567392
1.0,0.810729
1.0,0.32761866
1.0,0.85447663
1.0,0.25795525
0.0,0.391694
0.0,0.06595909
0.0,0.09571208
0.0,0.119748935
0.0,0.386358
0.0,0.10859428
1.0,0.454228
0.0,0.18199192
0.0,0.3451478
0.0,0.08471973
1.0,0.82788116
1.0,0.6483058
1.0,0.7775963
0.0,0.28118578
1.0,0.3901309
0.0,0.0710762
1.0,0.93380004
1.0,0.5330155
0.0,0.6299437
0.0,0.089580856
0.0,0.44135675
1.0,0.75188196
0.0,0.41870874
0.0,0.22674172
1.0,0.8372736
1.0,0.59051263
0.0,0.17032197
0.0,0.4161737
0.0,0.6475374
0.0,0.058414586
0.0,0.0882041
0.0,0.34657198
1.0,0.57995796
1.0,0.7188129
0.0,0.079322025
0.0,0.08988647
0.0,0.43429476
0.0,0.32709774
1.0,0.6767509
0.0,0.3648789
1.0,0.78207743
0.0,0.18651459
1.0,0.78732526
0.0,0.052031387
1.0,0.6494864
1.0,0.7239393
1.0,0.3687345
0.0,0.10727193
0.0,0.075201705
1.0,0.82556754
0.0,0.3628687
0.0,0.2860156
0.0,0.43882257
1.0,0.89894885
1.0,0.5047814
1.0,0.36159712
1.0,0.29849708
1.0,0.21961054
1.0,0.43750978
1.0,0.5129562
1.0,0.64204454
0.0,0.10251397
1.0,0.29885116
1.0,0.7614867
1.0,0.6350308
0.0,0.097845495
0.0,0.26428822
0.0,0.13089117
0.0,0.14786807
1.0,0.6000347
1.0,0.9041046
1.0,0.6456503
1.0,0.90126693
0.0,0.3868946
0.0,0.1665627
1.0,0.7808176
0.0,0.26049334
0.0,0.17796871
1.0,0.88299525
0.0,0.04795104
0.0,0.5033683
0.0,0.6590405
0.0,0.26115543
1.0,0.53351885
1.0,0.6963511
0.0,0.13779108
1.0,0.75171834
0.0,0.6360383
1.0,0.51717055
0.0,0.461569
0.0,0.3527422
1.0,0.6844076
1.0,0.8678781
0.0,0.17917481
0.0,0.51117045
1.0,0.56158125
0.0,0.57731885
1.0,0.8622385
0.0,0.50159585
1.0,0.65527487
0.0,0.09120683
0.0,0.24497545
0.0,0.11033648
1.0,0.33763942
1.0,0.70532924
0.0,0.11398846
0.0,0.2887426
1.0,0.32361245
1.0,0.7886292
0.0,0.0941506
0.0,0.22974041
0.0,0.44036657
0.0,0.60108477
1.0,0.66438645
0.0,0.64498377
0.0,0.20969877
0.0,0.38883123
0.0,0.11309741
1.0,0.56158125
0.0,0.42667365
1.0,0.6642815
1.0,0.6588751
0.0,0.19750237
1.0,0.9116162
0.0,0.15746534
1.0,0.7776322
0.0,0.073214605
1.0,0.58109695
1.0,0.66146636
0.0,0.070432484
1.0,0.59110534
0.0,0.70582277
0.0,0.23926541
0.0,0.19076262
1.0,0.7648238
1.0,0.83154505
0.0,0.10067068
1.0,0.85988206
0.0,0.29518005
0.0,0.18751808
1.0,0.28781545
0.0,0.10976668
1.0,0.7167276
0.0,0.09783183
0.0,0.29801267
0.0,0.47734064
0.0,0.45749268
1.0,0.6762166
1.0,0.66237754
1.0,0.67376494
0.0,0.113318846
1.0,0.81724024
1.0,0.55283284
0.0,0.07116183
1.0,0.6289099
1.0,0.47586975
0.0,0.38559467
0.0,0.37813607
0.0,0.18902713
0.0,0.33251995
0.0,0.80475247
0.0,0.26085693
0.0,0.15841186
0.0,0.5014485
0.0,0.26756257
0.0,0.550326
0.0,0.13211957
0.0,0.66265523
0.0,0.18411404
1.0,0.6064899
0.0,0.59710735
1.0,0.68946654
0.0,0.35556954
1.0,0.6776427
0.0,0.09136285
1.0,0.8888919
0.0,0.35159534
1.0,0.64795554
1.0,0.83074534
0.0,0.19836949
0.0,0.41050234
1.0,0.8851341
0.0,0.30172235
0.0,0.10464517
0.0,0.36045918
1.0,0.46158916
1.0,0.6248654
1.0,0.63145673
0.0,0.07868151
1.0,0.6223358
1.0,0.52992034
1.0,0.93069947
0.0,0.26280618
0.0,0.44933122
1.0,0.48341972
1.0,0.7737273
0.0,0.38666221
1.0,0.29174912
1.0,0.44724354
1.0,0.72864705
0.0,0.66424745
0.0,0.13202037
0.0,0.25948182
0.0,0.19501665
0.0,0.37472242
0.0,0.3445843
0.0,0.39254612
0.0,0.075201705
0.0,0.10830001
0.0,0.07212178
1.0,0.7729848
0.0,0.10083654
0.0,0.0734547
0.0,0.46156844
0.0,0.07118811
0.0,0.09320973
0.0,0.22109628
0.0,0.16171604
1.0,0.75918645
0.0,0.27891862
0.0,0.09902482
1.0,0.63770723
0.0,0.43415627
0.0,0.08231058
0.0,0.49636927
0.0,0.51509583
0.0,0.24333687
0.0,0.10135963
1.0,0.5792465
1.0,0.63449275
0.0,0.3358385
1.0,0.47116584
0.0,0.36868092
0.0,0.39018053
1.0,0.58873785
0.0,0.7773219
0.0,0.39129075
1.0,0.64990246
1.0,0.47297138
1.0,0.6422065
1.0,0.55088824
0.0,0.17776783
0.0,0.20586142
1.0,0.51886034
0.0,0.09301776
0.0,0.07574352
1.0,0.72920674
1.0,0.49720135
1.0,0.70946276
0.0,0.13619642
1.0,0.7392149
0.0,0.12179811
1.0,0.7073376
1.0,0.53385305
0.0,0.10581074
1.0,0.6348112
1.0,0.6482031
0.0,0.11465707
1.0,0.33871323
1.0,0.6239207
0.0,0.5577632
0.0,0.6622053
0.0,0.091784716
1.0,0.75463665
0.0,0.47765785
1.0,0.6077968
0.0,0.24837187
0.0,0.25651842
0.0,0.46445498
0.0,0.65116364
0.0,0.40632644
0.0,0.20175114
0.0,0.08203256
0.0,0.7011005
1.0,0.6605446
0.0,0.25651842
0.0,0.36458784
1.0,0.61241174
0.0,0.59110534
0.0,0.09800558
0.0,0.36587945
1.0,0.7931205
0.0,0.6568898
1.0,0.105206095
0.0,0.65509427
0.0,0.3644993
0.0,0.080934085
0.0,0.3283658
1.0,0.7927882
0.0,0.08565682
1.0,0.79748845
0.0,0.5199803
0.0,0.55172545
1.0,0.7705388
0.0,0.32241875
0.0,0.37949747
1.0,0.744229
0.0,0.45989245
0.0,0.105199255
0.0,0.657362
0.0,0.13171037
0.0,0.41408262
0.0,0.5112211
0.0,0.32516223
0.0,0.2861619
1.0,0.601223
0.0,0.11417476
1.0,0.5100273
1.0,0.53993213
0.0,0.12611632
0.0,0.087398395
1.0,0.8498082
0.0,0.24238658
1.0,0.5222378
1.0,0.52246505
0.0,0.28232628
1.0,0.31447417
0.0,0.12082344
1.0,0.7381263
0.0,0.27797395
0.0,0.15981151
1.0,0.4297093
1.0,0.702229
0.0,0.47125435
0.0,0.21687889
0.0,0.63420904
1.0,0.60944283
1.0,0.7148878
1.0,0.15111038
0.0,0.07493873
0.0,0.44896016
1.0,0.48297006
0.0,0.4696258
1.0,0.56244427
0.0,0.50006264
1.0,0.48562393
0.0,0.72166634
0.0,0.32698637
1.0,0.5153519
0.0,0.33320367
0.0,0.6607439
0.0,0.49413833
0.0,0.6988183
0.0,0.39490265
1.0,0.110248104
1.0,0.76539254
0.0,0.37389678
1.0,0.77901036
1.0,0.6495424
0.0,0.33595604
0.0,0.3031911
1.0,0.40737772
0.0,0.107178375
0.0,0.04548538
1.0,0.51886034
0.0,0.118823424
0.0,0.10965929
0.0,0.58109695
0.0,0.09455123
0.0,0.5147638
1.0,0.65827876
0.0,0.35861728
0.0,0.45766085
0.0,0.25376353
1.0,0.61090314
1.0,0.80475247
0.0,0.09359121
0.0,0.3756106
1.0,0.5424851
1.0,0.54123163
0.0,0.24073923
0.0,0.11813469
0.0,0.7917217
1.0,0.6111632
0.0,0.39536658
1.0,0.56158125
1.0,0.2340879
1.0,0.81529367
1.0,0.70697325
1.0,0.6020502
1.0,0.66437423
0.0,0.10863467
0.0,0.07396557
1.0,0.72852075
0.0,0.20283552
0.0,0.8851341
0.0,0.09809251
1.0,0.72452545
1.0,0.80209076
0.0,0.39254612
1.0,0.80097866
0.0,0.35804957
0.0,0.2485189
0.0,0.23973127
0.0,0.27380872
1.0,0.72151625
1.0,0.7220195
0.0,0.40478987
0.0,0.13194944
0.0,0.5777324
0.0,0.22861722
1.0,0.27876824
1.0,0.66106015
1.0,0.57918346
1.0,0.83968484
0.0,0.6316435
1.0,0.40829834
0.0,0.29744938
1.0,0.67641205
1.0,0.7533571
1.0,0.6289686
1.0,0.7755975
1.0,0.75463665
0.0,0.5131458
0.0,0.46046957
0.0,0.345195
0.0,0.41524434
0.0,0.36302885
1.0,0.6530193
1.0,0.7767708
1.0,0.6530819
1.0,0.39150822
1.0,0.49624568
0.0,0.5643476
0.0,0.21674967
0.0,0.24189615
0.0,0.56391597
0.0,0.10838145
1.0,0.68576646
0.0,0.13075127
0.0,0.1185889
0.0,0.24774805
0.0,0.056948017
1.0,0.55417174
0.0,0.07131336
1.0,0.66095155
1.0,0.82556754
1.0,0.65550524
1.0,0.64504373
0.0,0.14619358
0.0,0.5461964
1.0,0.65589666
1.0,0.8131131
0.0,0.23522799
1.0,0.7381197
0.0,0.439418
1.0,0.83204925
1.0,0.63275135
1.0,0.39835048
0.0,0.1531976
1.0,0.5362881
0.0,0.229022
1.0,0.55190504
0.0,0.3324605
0.0,0.48496422
1.0,0.8126482
0.0,0.11201986
0.0,0.29767126
0.0,0.24198803
1.0,0.3424737
0.0,0.1676282
0.0,0.43286005
0.0,0.65737647
0.0,0.40785152
1.0,0.5872022
1.0,0.72210747
0.0,0.42056924
1.0,0.7248264
0.0,0.10990824
0.0,0.18027355
0.0,0.37408036
1.0,0.660223
0.0,0.5220709
0.0,0.08758265
0.0,0.14341292
0.0,0.1411527
1.0,0.6519931
0.0,0.44917846
1.0,0.8528026
0.0,0.10194514
0.0,0.50159585
0.0,0.26386425
1.0,0.79748845
1.0,0.49199086
0.0,0.44356227
0.0,0.3273287
0.0,0.072849594
1.0,0.73949283
1.0,0.49259418
0.0,0.0717382
1.0,0.40122634
1.0,0.5821722
1.0,0.5618583
0.0,0.48249167
1.0,0.7314251
0.0,0.20174511
1.0,0.4111312
1.0,0.6580858
0.0,0.25158566
1.0,0.35200006
1.0,0.39941615
1.0,0.27454937
1.0,0.7421583
0.0,0.09980168
0.0,0.3553101
1.0,0.39917606
0.0,0.10351916
1.0,0.5437104
1.0,0.36353105
1.0,0.50322765
0.0,0.096102774
0.0,0.3683626
1.0,0.79230326
0.0,0.51939386
0.0,0.28202838
1.0,0.6616266
0.0,0.10874001
1.0,0.66909415
1.0,0.6657799
1.0,0.6500017
1.0,0.56384814
0.0,0.3544676
1.0,0.41038236
1.0,0.84013844
0.0,0.57678425
0.0,0.23945086
1.0,0.3633479
0.0,0.5987264
0.0,0.5477681
0.0,0.3037042
1.0,0.6333143
1.0,0.6248654
0.0,0.1419935
0.0,0.54864055
0.0,0.46371293
0.0,0.18785945
1.0,0.6402597
1.0,0.81712544
0.0,0.80625093
0.0,0.40954548
0.0,0.25648728
0.0,0.11218637
0.0,0.4142398
1.0,0.6616499
0.0,0.35355943
1.0,0.79677844
1.0,0.8829714
0.0,0.10815094
0.0,0.8128772
0.0,0.3069939
0.0,0.19963402
1.0,0.597752
0.0,0.2204496
0.0,0.10882185
1.0,0.43954486
1.0,0.46419817
1.0,0.690316
1.0,0.7946161
0.0,0.6585262
0.0,0.491057
0.0,0.064089656
0.0,0.6118642
0.0,0.08402367
0.0,0.119288966
0.0,0.47883075
1.0,0.60300386
0.0,0.11252348
1.0,0.84756804
0.0,0.4425823
1.0,0.7902264
1.0,0.7807089
0.0,0.21756665
1.0,0.68791896
1.0,0.7752243
0.0,0.4911077
0.0,0.08215306
0.0,0.3857434
0.0,0.40145487
1.0,0.6053354
1.0,0.83154505
1.0,0.5479631
0.0,0.05995513
1.0,0.7127517
1.0,0.7896776
1.0,0.6086675
1.0,0.81709087
1.0,0.77187014
1.0,0.5551299
0.0,0.58862627
0.0,0.3283658
0.0,0.14829114
1.0,0.8481312
0.0,0.07164429
0.0,0.5158465
1.0,0.8869713
0.0,0.31668407
0.0,0.5695614
0.0,0.24905391
0.0,0.07453595
0.0,0.094874725
1.0,0.6117889
1.0,0.653419
0.0,0.110347345
0.0,0.5076533
1.0,0.62485653
0.0,0.23686126
0.0,0.5688053
1.0,0.50159585
1.0,0.47586975
1.0,0.77432954
0.0,0.31897527
0.0,0.11047892
0.0,0.28262037
0.0,0.10052834
0.0,0.14861698
0.0,0.11746712
0.0,0.5060431
1.0,0.65935063
0.0,0.16148667
0.0,0.5862419
1.0,0.773116
1.0,0.77454615
0.0,0.111528024
0.0,0.06712736
0.0,0.14689219
0.0,0.50159585
1.0,0.70261323
0.0,0.11900161
0.0,0.3118778
1.0,0.5846395
1.0,0.7370359
1.0,0.5889536
1.0,0.40377098
1.0,0.6121422
1.0,0.43159062
1.0,0.66266626
0.0,0.64937913
1.0,0.27720565
1.0,0.66101253
1.0,0.8349168
0.0,0.48610172
0.0,0.23262289
0.0,0.17075612
0.0,0.4351306
1.0,0.79757786
1.0,0.59193945
0.0,0.112741314
0.0,0.32815006
1.0,0.7595203
0.0,0.4043561
1.0,0.84285796
0.0,0.21181086
1.0,0.5600987
0.0,0.2834803
0.0,0.33171457
0.0,0.15081741
0.0,0.109519556
1.0,0.65585226
0.0,0.45659512
1.0,0.48045054
1.0,0.87378913
0.0,0.3093051
0.0,0.43020946
1.0,0.4510644
0.0,0.07182212
1.0,0.8034199
0.0,0.48512927
0.0,0.23728316
0.0,0.11678908
1.0,0.7442884
0.0,0.14044358
1.0,0.7868252
0.0,0.3286245
0.0,0.49238843
1.0,0.5684833
1.0,0.85836947
1.0,0.3945487
0.0,0.36436433
1.0,0.49225894
1.0,0.70261323
1.0,0.48475608
0.0,0.3768553
1.0,0.66954905
0.0,0.44135675
0.0,0.13971627
0.0,0.24359436
1.0,0.57839435
1.0,0.5944231
0.0,0.5957406
1.0,0.80757964
0.0,0.1088356
1.0,0.49636927
1.0,0.6765931
1.0,0.60108316
0.0,0.20345029
0.0,0.44197208
0.0,0.223816
0.0,0.10029849
0.0,0.22110021
0.0,0.058963288
0.0,0.57178545
0.0,0.50493634
1.0,0.85670674
1.0,0.57147676
1.0,0.82344186
1.0,0.5899069
0.0,0.3487956
0.0,0.17960311
0.0,0.3232025
1.0,0.52031213
1.0,0.7013625
1.0,0.6289686
0.0,0.36868092
0.0,0.10459372
0.0,0.6478838
1.0,0.6477656
0.0,0.613484
0.0,0.11279676
0.0,0.687463
0.0,0.6692685
1.0,0.35251042
0.0,0.12426249
0.0,0.6377
1.0,0.7309783
0.0,0.34877777
0.0,0.7159378
0.0,0.46232837
0.0,0.119506516
0.0,0.108620204
1.0,0.57323116
1.0,0.7063289
1.0,0.74665636
0.0,0.17040592
0.0,0.6579685
0.0,0.06448628
0.0,0.5643476
0.0,0.5823626
0.0,0.69788635
0.0,0.271382
1.0,0.82344186
0.0,0.4004968
0.0,0.21494141
1.0,0.39663115
0.0,0.47126213
1.0,0.70261323
1.0,0.34572205
1.0,0.59110534
0.0,0.65841395
0.0,0.40829834
0.0,0.044920437
1.0,0.5950169
0.0,0.06633404
0.0,0.46663538
0.0,0.3703112
0.0,0.48748785
0.0,0.47612184
0.0,0.35411385
1.0,0.82348853
0.0,0.1094861
0.0,0.3486027
0.0,0.113354705
0.0,0.33445197
0.0,0.29579365
1.0,0.5602469
1.0,0.6333879
1.0,0.6014506
1.0,0.788834
0.0,0.109761976
0.0,0.49429917
0.0,0.103739664
1.0,0.5377586
1.0,0.65926504
1.0,0.7322053
0.0,0.42297387
0.0,0.36489642
1.0,0.8083202
0.0,0.079805784
0.0,0.24723038
0.0,0.073214605
0.0,0.4396158
1.0,0.3994462
0.0,0.039707802
0.0,0.30019218
1.0,0.7801347
1.0,0.11444221
0.0,0.19304466
1.0,0.75549567
0.0,0.20762667
0.0,0.7853998
1.0,0.8087347
0.0,0.10620682
1.0,0.68130517
1.0,0.59193945
0.0,0.6033529
0.0,0.30588847
1.0,0.5096436
1.0,0.7381263
0.0,0.11440726
0.0,0.2340082
0.0,0.24965434
0.0,0.24012332
0.0,0.13324554
0.0,0.3206841
0.0,0.22184587
1.0,0.5736462
1.0,0.64633495
0.0,0.17349365
0.0,0.0997571
0.0,0.21494141
0.0,0.22286849
0.0,0.4427709
1.0,0.80528575
0.0,0.58160913
0.0,0.32265085
0.0,0.10672537
0.0,0.44769126
0.0,0.50580317
0.0,0.6590506
0.0,0.4741822
0.0,0.10135169
1.0,0.8431467
1.0,0.8119567
0.0,0.5777324
0.0,0.091149345
0.0,0.29816777
1.0,0.60300386
0.0,0.25263113
0.0,0.31104016
1.0,0.3633479
1.0,0.54418814
0.0,0.6604905
0.0,0.35225648
1.0,0.4741822
1.0,0.19750237
0.0,0.09369404
1.0,0.30878848
0.0,0.06877299
0.0,0.26669222
1.0,0.8307978
0.0,0.1434286
0.0,0.3623211
1.0,0.93380004
1.0,0.6560458
1.0,0.62346864
1.0,0.5873176
0.0,0.07676171
0.0,0.072944194
1.0,0.6927977
0.0,0.10416398
0.0,0.2146149
0.0,0.3014725
0.0,0.30017397
0.0,0.11225779
1.0,0.68791896
1.0,0.7716397
0.0,0.29381865
1.0,0.40538415
1.0,0.63694274
0.0,0.09965414
0.0,0.087120034
0.0,0.24625523
1.0,0.73668945
0.0,0.4997475
1.0,0.8700491
0.0,0.21080646
0.0,0.11225779
0.0,0.18739672
1.0,0.6255073
1.0,0.82024413
0.0,0.5294033
0.0,0.17976911
0.0,0.10211857
1.0,0.47278053
0.0,0.18791866
0.0,0.16872998
1.0,0.2551263
1.0,0.6114168
1.0,0.7669119
0.0,0.18505068
1.0,0.8283852
1.0,0.67669785
1.0,0.72507894
1.0,0.77743834
0.0,0.109054886
1.0,0.8391358
1.0,0.77978003
1.0,0.5813098
1.0,0.49763304
0.0,0.55897695
1.0,0.29431337
1.0,0.58160913
1.0,0.5776369
0.0,0.19371326
1.0,0.35268062
0.0,0.26875052
1.0,0.42682344
1.0,0.40122634
1.0,0.8803504
1.0,0.6315068
0.0,0.19970457
0.0,0.6572281
1.0,0.702229
0.0,0.45893472
0.0,0.3964942
0.0,0.06633404
0.0,0.08271038
0.0,0.40111095
1.0,0.69742364
1.0,0.7883793
1.0,0.64456546
0.0,0.25963062
0.0,0.14483972
0.0,0.09692663
0.0,0.19079873
0.0,0.27565494
1.0,0.27726614
0.0,0.33790404
0.0,0.13376848
0.0,0.10809723
0.0,0.4505845
1.0,0.5944685
0.0,0.60008967
0.0,0.6404338
0.0,0.6792815
1.0,0.3822165
1.0,0.58787864
0.0,0.5688053
0.0,0.17490697
0.0,0.49364176
1.0,0.5573233
1.0,0.29696006
1.0,0.82556754
0.0,0.6491171
1.0,0.74284863
0.0,0.26538238
0.0,0.4052202
0.0,0.11811731
0.0,0.41043377
0.0,0.08723916
1.0,0.4905714
1.0,0.5934464
0.0,0.18579736
0.0,0.2871347
1.0,0.79284835
1.0,0.6955198
0.0,0.33477327
1.0,0.34529954
0.0,0.40647635
0.0,0.10074954
1.0,0.73967636
0.0,0.22362296
1.0,0.89645225
0.0,0.17077324
1.0,0.65545
0.0,0.28113002
0.0,0.2499402
1.0,0.71998435
1.0,0.71596014
0.0,0.14341292
0.0,0.5693226
0.0,0.5224862
1.0,0.66048384
0.0,0.19705775
1.0,0.87916404
0.0,0.15645207
0.0,0.09941513
0.0,0.5477837
1.0,0.7073173
0.0,0.12963232
0.0,0.10278797
0.0,0.31897527
0.0,0.17077324
1.0,0.66217
0.0,0.3052246
0.0,0.073214605
1.0,0.67733663
1.0,0.44354397
1.0,0.78371096
1.0,0.5630933
0.0,0.11891532
0.0,0.32149625
0.0,0.53017247
1.0,0.7346183
1.0,0.5981734
1.0,0.74343103
0.0,0.20135164
1.0,0.72507894
0.0,0.08896156
0.0,0.10728836
1.0,0.7154778
1.0,0.33957684
0.0,0.37484914
0.0,0.10083654
1.0,0.612285
1.0,0.6285091
1.0,0.52328074
1.0,0.36987114
0.0,0.4197146
0.0,0.17100742
1.0,0.61138344
1.0,0.6570821
0.0,0.35908338
0.0,0.21148813
0.0,0.05757936
0.0,0.16176243
0.0,0.09501608
1.0,0.7588898
1.0,0.81724024
0.0,0.44357544
0.0,0.29103622
0.0,0.12054534
1.0,0.66891086
1.0,0.7820983
1.0,0.3203185
0.0,0.44135675
1.0,0.8552949
1.0,0.66183084
0.0,0.59193945
0.0,0.43583536
1.0,0.7927948
0.0,0.0969719
0.0,0.6709548
1.0,0.5478187
0.0,0.36197153
1.0,0.717751
0.0,0.27012315
1.0,0.80401784
0.0,0.10231255
0.0,0.09551428
0.0,0.49690858
1.0,0.22657576
1.0,0.61004007
1.0,0.66106015
0.0,0.4313491
0.0,0.12794313
1.0,0.43864328
1.0,0.7653662
0.0,0.5352098
0.0,0.48398238
1.0,0.62995255
1.0,0.63694274
1.0,0.6379737
0.0,0.27943677
0.0,0.35869026
0.0,0.5769078
1.0,0.46419817
0.0,0.6625255
0.0,0.62122786
0.0,0.08143757
0.0,0.44519535
0.0,0.101539806
0.0,0.24625592
1.0,0.6670154
1.0,0.82126963
1.0,0.36436433
1.0,0.6435956
1.0,0.47131816
1.0,0.7248264
1.0,0.47586975
0.0,0.07571975
1.0,0.75205255
0.0,0.44346553
0.0,0.089976415
1.0,0.59010494
0.0,0.77538157
0.0,0.06129235
0.0,0.2599028
0.0,0.41780967
1.0,0.66266626
1.0,0.42035547
1.0,0.44683647
0.0,0.07229469
0.0,0.3618276
1.0,0.74882334
0.0,0.59710735
1.0,0.8121009
0.0,0.08839294
0.0,0.1835293
1.0,0.8088089
0.0,0.2627129
0.0,0.51144576
0.0,0.056052208
0.0,0.27669182
0.0,0.27565494
1.0,0.12556115
0.0,0.24581775
0.0,0.28631526
0.0,0.44959226
1.0,0.49268347
1.0,0.666958
0.0,0.05995513
0.0,0.2839462
0.0,0.12702334
1.0,0.28781545
0.0,0.46419817
0.0,0.110248104
1.0,0.8185112
0.0,0.520571
0.0,0.11075683
0.0,0.39561158
0.0,0.60013556
1.0,0.7220417
1.0,0.42352334
1.0,0.5641191
1.0,0.77978003
0.0,0.29727808
0.0,0.35503763
0.0,0.0857171
1.0,0.33824593
0.0,0.44366807
0.0,0.2637115
0.0,0.067535594
0.0,0.5778996
0.0,0.44264245
1.0,0.43620163
0.0,0.1131462
0.0,0.5266287
1.0,0.63275135
1.0,0.619094
1.0,0.6593164
0.0,0.24333687
0.0,0.12932535
0.0,0.11074227
0.0,0.44687134
0.0,0.08596932
0.0,0.5382685
0.0,0.38287583
1.0,0.6270377
1.0,0.87191314
0.0,0.7739581
1.0,0.6548566
0.0,0.3662103
0.0,0.09919745
0.0,0.1912911
1.0,0.58383507
0.0,0.28406864
1.0,0.7653662
0.0,0.48610172
1.0,0.7595203
1.0,0.81358147
0.0,0.10211857
0.0,0.15427606
1.0,0.57484597
0.0,0.49966207
0.0,0.099511825
0.0,0.41862306
1.0,0.520624
1.0,0.7784043
0.0,0.5073229
0.0,0.072849594
1.0,0.78185076
1.0,0.5189864
1.0,0.8205639
0.0,0.08772278
0.0,0.575233
0.0,0.45232528
0.0,0.4847219
1.0,0.6378058
0.0,0.2596405
1.0,0.52249837
1.0,0.49005523
0.0,0.36403942
0.0,0.49946633
0.0,0.090487406
0.0,0.22706433
0.0,0.12747857
0.0,0.35260257
0.0,0.18049636
0.0,0.51416105
0.0,0.33530423
0.0,0.49951062
0.0,0.5143258
1.0,0.62000763
1.0,0.6571687
0.0,0.11589323
1.0,0.6593989
0.0,0.124006055
1.0,0.7429008
0.0,0.39640135
0.0,0.10614739
1.0,0.820553
0.0,0.20105891
0.0,0.1957869
0.0,0.18766527
0.0,0.087245844
0.0,0.25851053
0.0,0.095997
0.0,0.70031995
1.0,0.7545908
0.0,0.44714117
1.0,0.5477837
0.0,0.41274938
1.0,0.523603
0.0,0.10335101
0.0,0.083862126
1.0,0.5787584
0.0,0.20781286
0.0,0.06485281
0.0,0.22683795
1.0,0.80527085
1.0,0.88272893
0.0,0.45161167
1.0,0.66097176
0.0,0.04548538
0.0,0.23755637
0.0,0.43864328
1.0,0.7665473
0.0,0.2597926
0.0,0.53371155
0.0,0.07207976
0.0,0.2709076
1.0,0.7159378
1.0,0.3347701
0.0,0.091679245
0.0,0.6451497
0.0,0.09537331
1.0,0.59849834
0.0,0.3576882
1.0,0.3719678
1.0,0.75463665
0.0,0.56785536
0.0,0.23707494
1.0,0.71776354
0.0,0.27087137
0.0,0.35763687
0.0,0.62490904
0.0,0.06723597
0.0,0.089042455
1.0,0.66183084
1.0,0.6592957
0.0,0.16972312
0.0,0.25409746
0.0,0.1103064
1.0,0.51148105
0.0,0.6741121
0.0,0.109519556
0.0,0.2202111
1.0,0.43788776
0.0,0.05759404
0.0,0.11510954
0.0,0.096595265
0.0,0.22194317
0.0,0.124995366
1.0,0.7301315
1.0,0.75218666
0.0,0.083862126
0.0,0.100161076
0.0,0.28556627
0.0,0.09187442
0.0,0.11050196
0.0,0.709257
1.0,0.45889765
1.0,0.66013396
0.0,0.2598496
1.0,0.7448495
0.0,0.2841652
1.0,0.6687189
0.0,0.33265045
0.0,0.270458
0.0,0.23090982
1.0,0.6575147
0.0,0.3518924
0.0,0.16051501
0.0,0.6328596
0.0,0.49232453
0.0,0.092938736
0.0,0.34223852
0.0,0.72507894
0.0,0.35927513
0.0,0.09699871
0.0,0.049050562
0.0,0.12620056
0.0,0.24756837
0.0,0.53493786
1.0,0.63694274
1.0,0.82737464
0.0,0.19198027
0.0,0.08271038
1.0,0.7746972
0.0,0.24177937
0.0,0.19447935
0.0,0.1433542
1.0,0.6589019
1.0,0.8685983
0.0,0.34734797
0.0,0.089580856
1.0,0.7762166
0.0,0.11932826
0.0,0.7595203
0.0,0.121214785
0.0,0.073214605
0.0,0.7946161
0.0,0.20921814
1.0,0.4741822
0.0,0.29272452
0.0,0.45822248
0.0,0.13592567
1.0,0.67129314
1.0,0.6857623
1.0,0.34032068
1.0,0.71557605
0.0,0.35210097
0.0,0.097278975
1.0,0.61525023
0.0,0.2076598
1.0,0.59110534
0.0,0.34854046
1.0,0.8549301
1.0,0.81153595
1.0,0.8345233
0.0,0.14989755
0.0,0.36642352
0.0,0.616768
1.0,0.6139039
0.0,0.3215722
0.0,0.10491009
0.0,0.17513673
0.0,0.18974109
0.0,0.39018053
0.0,0.10826286
1.0,0.41806588
0.0,0.51939386
0.0,0.11232754
1.0,0.5860062
0.0,0.26048595
0.0,0.15176432
1.0,0.4657105
0.0,0.10136314
0.0,0.11017738
0.0,0.09268043
0.0,0.12723398
1.0,0.6114168
1.0,0.48078093
0.0,0.3278533
0.0,0.24599893
1.0,0.8001539
1.0,0.65421706
0.0,0.091686174
0.0,0.42267314
0.0,0.075201705
0.0,0.6451752
0.0,0.3454504
1.0,0.80475247
1.0,0.69063663
0.0,0.11398846
0.0,0.08402367
0.0,0.09520663
0.0,0.60713136
1.0,0.51705384
0.0,0.30798098
0.0,0.41373682
1.0,0.7146023
0.0,0.7546369
0.0,0.12799902
1.0,0.7478482
1.0,0.47282916
1.0,0.8087347
0.0,0.15985474
1.0,0.7800814
0.0,0.7100765
1.0,0.6599615
1.0,0.8487976
0.0,0.36294994
1.0,0.33595604
1.0,0.5995903
0.0,0.10815497
0.0,0.25759262
0.0,0.38175502
0.0,0.53937405
0.0,0.09947638
0.0,0.106849894
0.0,0.096850775
0.0,0.10941489
0.0,0.13075127
0.0,0.3516134
1.0,0.8567297
0.0,0.35043183
0.0,0.28205642
1.0,0.788834
0.0,0.30208418
0.0,0.34094134
1.0,0.7810804
0.0,0.19015706
1.0,0.5222378
0.0,0.42940196
0.0,0.08167033
0.0,0.35872573
0.0,0.43843603
0.0,0.8003705
1.0,0.37068662
0.0,0.45371065
1.0,0.66205263
0.0,0.16192734
1.0,0.69810164
0.0,0.28452057
0.0,0.2588498
0.0,0.15237598
0.0,0.10109095
0.0,0.6331224
0.0,0.11047892
0.0,0.63065636
0.0,0.32750505
0.0,0.45715532
1.0,0.80527085
0.0,0.10179148
0.0,0.33530423
0.0,0.42460498
0.0,0.7733542
0.0,0.7498993
1.0,0.3822165
1.0,0.70286524
1.0,0.88659513
0.0,0.56011087
1.0,0.7148878
0.0,0.10033417
1.0,0.8952511
0.0,0.39684963
0.0,0.055244945
0.0,0.28579026
1.0,0.46253806
1.0,0.66137224
0.0,0.61613876
1.0,0.3134733
1.0,0.6122602
0.0,0.23607647
1.0,0.65116364
1.0,0.5836029
0.0,0.42552233
1.0,0.4079953
0.0,0.11111976
0.0,0.1006736
0.0,0.6294671
0.0,0.11486252
0.0,0.46009666
0.0,0.41368732
1.0,0.7356728
1.0,0.58202827
0.0,0.90811616
1.0,0.60877204
0.0,0.10076109
1.0,0.8715277
0.0,0.45229825
1.0,0.8262164
0.0,0.088786826
0.0,0.4921391
1.0,0.63694274
0.0,0.43588305
0.0,0.7198864
0.0,0.1005497
1.0,0.64100075
1.0,0.88321114
0.0,0.07197498
1.0,0.59067
1.0,0.7805414
1.0,0.673491
0.0,0.36149216
0.0,0.79371166
0.0,0.27302924
0.0,0.44967422
0.0,0.34518352
1.0,0.71457547
0.0,0.39007363
0.0,0.23731692
0.0,0.24359436
1.0,0.6575147
0.0,0.16016054
0.0,0.17867015
0.0,0.14016017
0.0,0.111517645
0.0,0.57910025
0.0,0.231958
0.0,0.29754096
1.0,0.7088152
0.0,0.25847957
0.0,0.7399429
1.0,0.6579685
0.0,0.3250788
0.0,0.05850782
0.0,0.38294464
0.0,0.2340082
1.0,0.59010494
1.0,0.77834094
0.0,0.33844155
1.0,0.6637399
1.0,0.93221587
0.0,0.643199
1.0,0.6857623
1.0,0.6946941
1.0,0.4829928
0.0,0.24016412
1.0,0.55542284
0.0,0.4386065
0.0,0.3568191
1.0,0.61526644
0.0,0.7764597
0.0,0.51363504
0.0,0.16865395
0.0,0.38214004
1.0,0.8277672
0.0,0.20701273
1.0,0.4861539
1.0,0.66106015
0.0,0.18402123
0.0,0.24013376
1.0,0.67707574
0.0,0.25252253
1.0,0.19750237
1.0,0.62680024
0.0,0.097828925
1.0,0.8698038
0.0,0.1288335
0.0,0.38277197
0.0,0.5219356
0.0,0.2313985
0.0,0.46103126
0.0,0.36608714
0.0,0.220332
1.0,0.7226618
0.0,0.098697804
1.0,0.77663755
0.0,0.49035186
0.0,0.3133245
0.0,0.114312924
1.0,0.6171568
0.0,0.41563472
1.0,0.5768362
1.0,0.36987114
0.0,0.3504346
1.0,0.78338534
1.0,0.7973179
1.0,0.7220195
1.0,0.8420949
0.0,0.47449365
0.0,0.16906005
0.0,0.22049662
1.0,0.6904381
0.0,0.087120034
1.0,0.8549301
0.0,0.29359013
0.0,0.43179384
1.0,0.8206297
1.0,0.7480422
1.0,0.550326
0.0,0.3652939
0.0,0.28553623
0.0,0.3023974
1.0,0.7633341
0.0,0.18551336
1.0,0.8345233
1.0,0.8340368
1.0,0.90811616
0.0,0.09631695
0.0,0.102578655
1.0,0.45208564
0.0,0.15824994
0.0,0.37398988
1.0,0.7120949
1.0,0.6586385
0.0,0.5031395
0.0,0.28130597
0.0,0.36389217
1.0,0.594947
1.0,0.5065881
1.0,0.5755023
0.0,0.10865941
0.0,0.17254317
0.0,0.2822466
0.0,0.44767928
0.0,0.05648316
1.0,0.71435785
0.0,0.04548538
0.0,0.21756935
0.0,0.50113237
0.0,0.11290379
0.0,0.44399166
0.0,0.3899774
0.0,0.29713482
0.0,0.28622144
0.0,0.42190367
0.0,0.22033206
0.0,0.11050196
1.0,0.4374699
1.0,0.7761385
0.0,0.47875252
0.0,0.7093026
0.0,0.7773219
0.0,0.20554209
1.0,0.3008719
0.0,0.31328094
1.0,0.6691243
0.0,0.15469132
0.0,0.29063508
1.0,0.7212847
1.0,0.56463546
0.0,0.75373983
0.0,0.42498294
1.0,0.4094131
0.0,0.22918126
0.0,0.39686328
0.0,0.8200328
0.0,0.33016592
0.0,0.05759404
1.0,0.7796068
1.0,0.65985334
1.0,0.32280043
0.0,0.51171386
0.0,0.07005743
0.0,0.66424745
0.0,0.108254716
1.0,0.8478292
0.0,0.2800693
1.0,0.37331098
0.0,0.33507824
1.0,0.5396743
1.0,0.80742186
0.0,0.25822988
1.0,0.33401388
0.0,0.5558404
0.0,0.34088704
1.0,0.6444958
1.0,0.7329549
0.0,0.12553653
0.0,0.32642442
0.0,0.6569909
0.0,0.31163257
1.0,0.8545586
0.0,0.24972355
0.0,0.40726677
0.0,0.10292192
1.0,0.6333076
0.0,0.09352324
0.0,0.36327207
1.0,0.6278749
0.0,0.18578763
1.0,0.84756804
0.0,0.66442454
0.0,0.562648
1.0,0.744549
1.0,0.6607439
0.0,0.43280062
1.0,0.7379111
0.0,0.10699823
1.0,0.4916045
1.0,0.39846197
1.0,0.6618786
1.0,0.7771918
0.0,0.28488424
1.0,0.6586758
0.0,0.12799479
1.0,0.75715566
0.0,0.1779107
0.0,0.115959466
0.0,0.80625093
1.0,0.73294824
1.0,0.6025252
0.0,0.6451497
0.0,0.45079637
0.0,0.06961992
1.0,0.5873548
0.0,0.1225521
1.0,0.51461786
1.0,0.7771096
1.0,0.38430613
0.0,0.38880482
0.0,0.78944284
1.0,0.6618786
1.0,0.8668208
1.0,0.593887
1.0,0.6020502
0.0,0.072849594
1.0,0.6348112
0.0,0.3661897
0.0,0.42929825
0.0,0.05267664
0.0,0.08558853
0.0,0.46006066
1.0,0.82356584
1.0,0.6584729
1.0,0.34002274
1.0,0.65603554
1.0,0.58545744
1.0,0.7391446
0.0,0.35192338
0.0,0.22896275
1.0,0.824783
0.0,0.108876154
0.0,0.29705885
0.0,0.35318726
1.0,0.46854752
1.0,0.49512878
0.0,0.3084546
1.0,0.7730873
0.0,0.10742779
1.0,0.49566436
0.0,0.77841485
1.0,0.7806386
1.0,0.6336301
1.0,0.7792736
0.0,0.19289063
0.0,0.68424356
0.0,0.18327641
0.0,0.5517456
1.0,0.2053217
0.0,0.47519383
1.0,0.82056963
1.0,0.7309783
0.0,0.10970054
0.0,0.23043275
1.0,0.799197
0.0,0.22073898
1.0,0.33723125
0.0,0.10351916
1.0,0.66164386
0.0,0.18977758
0.0,0.36867237
1.0,0.66137224
0.0,0.64123
0.0,0.7453612
0.0,0.45980692
0.0,0.3289253
0.0,0.53290045
1.0,0.79349387
1.0,0.6062758
0.0,0.49331456
0.0,0.23755637
1.0,0.77630603
0.0,0.23570542
0.0,0.5864309
0.0,0.29371375
0.0,0.7169616
1.0,0.83418685
0.0,0.098697804
1.0,0.57824177
1.0,0.47353083
1.0,0.6579646
0.0,0.09127078
0.0,0.7359289
1.0,0.33556062
0.0,0.20159619
0.0,0.42482114
1.0,0.5418324
1.0,0.93069947
0.0,0.42516357
0.0,0.104814865
1.0,0.82356584
0.0,0.48273054
0.0,0.42035547
1.0,0.6483058
1.0,0.79596734
1.0,0.5099135
1.0,0.25698835
0.0,0.07373091
1.0,0.20847082
0.0,0.1278899
0.0,0.20174511
0.0,0.35866985
0.0,0.10404897
1.0,0.73949283
0.0,0.16429996
0.0,0.7423729
0.0,0.25425497
0.0,0.2209386
1.0,0.7888062
0.0,0.2357656
0.0,0.08908409
0.0,0.54859674
0.0,0.3390838
1.0,0.5570887
0.0,0.36276084
1.0,0.66424745
0.0,0.13971627
1.0,0.8870367
0.0,0.072385356
0.0,0.40498465
0.0,0.39640135
0.0,0.118823424
0.0,0.2356272
1.0,0.7586568
0.0,0.079619154
0.0,0.45995212
0.0,0.4085645
0.0,0.20169035
0.0,0.16429996
1.0,0.70582277
1.0,0.7656245
1.0,0.66348374
1.0,0.82056963
0.0,0.41960445
1.0,0.65770525
1.0,0.5220096
0.0,0.09906173
0.0,0.32219023
1.0,0.55330646
1.0,0.66266626
1.0,0.9431966
0.0,0.17056514
0.0,0.39583427
0.0,0.11926611
0.0,0.56983244
0.0,0.047351316
0.0,0.36709064
0.0,0.076104335
1.0,0.77311945
0.0,0.6071173
1.0,0.7346183
0.0,0.10970054
0.0,0.46139222
1.0,0.38911688
0.0,0.07131336
1.0,0.3230731
0.0,0.66632974
1.0,0.60713136
0.0,0.16075887
0.0,0.21740332
0.0,0.08182193
0.0,0.37855163
0.0,0.19570197
0.0,0.29832682
0.0,0.3137131
0.0,0.63084656
1.0,0.66235983
1.0,0.6637453
0.0,0.17403206
0.0,0.23181286
0.0,0.094109744
0.0,0.61157763
1.0,0.7807366
0.0,0.100329556
0.0,0.1622298
0.0,0.66187847
0.0,0.14334151
1.0,0.45593747
0.0,0.13344876
0.0,0.11589323
0.0,0.096102774
1.0,0.83703107
0.0,0.390903
1.0,0.83538866
0.0,0.39819318
0.0,0.10759795
1.0,0.7027365
0.0,0.29359013
0.0,0.16465774
1.0,0.6008061
1.0,0.3303571
0.0,0.3495751
0.0,0.57678425
1.0,0.7356728
0.0,0.4680338
0.0,0.2876783
0.0,0.62126124
1.0,0.5241004
0.0,0.5279932
1.0,0.65422475
0.0,0.10442364
1.0,0.60177386
1.0,0.7737092
0.0,0.3456865
0.0,0.13779101
1.0,0.6025252
0.0,0.16167258
1.0,0.86871517
0.0,0.80401784
0.0,0.45168114
1.0,0.6117889
1.0,0.69742364
1.0,0.5954195
1.0,0.50805515
0.0,0.25250244
1.0,0.28356913
1.0,0.84756804
0.0,0.13090558
1.0,0.37549165
0.0,0.14197704
1.0,0.5997383
1.0,0.70532924
1.0,0.6498713
0.0,0.55423594
0.0,0.10963987
1.0,0.60982656
1.0,0.7128564
1.0,0.80070037
0.0,0.11051984
1.0,0.5424851
1.0,0.57484597
1.0,0.53886336
1.0,0.45903072
0.0,0.4420187
0.0,0.43988127
1.0,0.34097862
1.0,0.78018403
1.0,0.65770525
0.0,0.39684963
1.0,0.4088551
1.0,0.57178545
1.0,0.422863
1.0,0.83154505
0.0,0.10083654
0.0,0.4822103
0.0,0.08758265
0.0,0.5075995
0.0,0.43738717
0.0,0.59284234
0.0,0.27832264
