0.0,0.13578668
0.0,0.70662946
1.0,0.068486676
0.0,0.06758412
1.0,0.6968757
0.0,0.030679137
1.0,0.95384043
1.0,0.7413957
1.0,0.34012914
0.0,0.0058199884
0.0,0.3190079
1.0,0.9195868
0.0,0.007068199
0.0,0.14880434
0.0,0.03231711
0.0,0.050478864
1.0,0.15264422
0.0,0.031212587
0.0,0.0068475367
1.0,0.30348566
1.0,0.38297296
0.0,0.006231344
1.0,0.8558629
0.0,0.026164994
0.0,0.006157002
1.0,0.42301384
0.0,0.02297444
1.0,0.910062
0.0,0.022733737
1.0,0.8531644
0.0,0.013364759
0.0,0.18308498
1.0,0.8660266
1.0,0.9854485
1.0,0.86684144
1.0,0.9813576
1.0,0.78877586
0.0,0.02785477
1.0,0.7990325
1.0,0.03286162
1.0,0.9416898
1.0,0.9713127
0.0,0.012718877
1.0,0.9596599
1.0,0.7648236
0.0,0.017933581
0.0,0.0039324374
0.0,0.05718959
0.0,0.015197632
1.0,0.98133004
0.0,0.11718377
1.0,0.8178096
1.0,0.9708039
1.0,0.7484813
0.0,0.014404193
0.0,0.0057821693
0.0,0.045987397
1.0,0.06371304
1.0,0.5491649
1.0,0.13445698
1.0,0.98150396
0.0,0.4922267
1.0,0.9737331
1.0,0.8219062
1.0,0.96236765
0.0,0.17300849
0.0,0.065719105
1.0,0.95295125
0.0,0.010472372
1.0,0.9079941
0.0,0.23049577
1.0,0.9166066
0.0,0.0052366615
0.0,0.061819144
1.0,0.48472446
0.0,0.06807824
0.0,0.009407466
0.0,0.20061144
0.0,0.006936309
1.0,0.64319503
0.0,0.021819213
1.0,0.97146815
1.0,0.9599147
1.0,0.98675996
1.0,0.9571555
1.0,0.7339712
1.0,0.9722091
0.0,0.2613091
0.0,0.039243214
1.0,0.70746046
0.0,0.0061776964
1.0,0.10524082
0.0,0.011960152
0.0,0.164354
0.0,0.35934666
1.0,0.92307377
0.0,0.02766868
0.0,0.022147145
0.0,0.06371304
1.0,0.5853314
1.0,0.9656286
0.0,0.013298506
0.0,0.03356769
1.0,0.076244056
0.0,0.051046915
0.0,0.44318405
1.0,0.6828719
1.0,0.030687634
1.0,0.9813576
0.0,0.037357055
1.0,0.013378513
1.0,0.984038
1.0,0.95030373
0.0,0.030345742
1.0,0.02197282
0.0,0.018188605
0.0,0.031623125
1.0,0.22925706
0.0,0.032352794
1.0,0.279655
1.0,0.21836367
1.0,0.95000887
0.0,0.07034195
1.0,0.9821231
0.0,0.49341172
0.0,0.021960247
0.0,0.14618583
1.0,0.48907024
0.0,0.011453914
0.0,0.4244311
1.0,0.91119707
1.0,0.7169726
1.0,0.9722573
0.0,0.024423156
0.0,0.014451978
1.0,0.33590618
1.0,0.9799684
0.0,0.7140363
0.0,0.0163753
0.0,0.009390864
0.0,0.08201202
0.0,0.033786915
1.0,0.6462194
1.0,0.076244056
0.0,0.13781597
1.0,0.33270597
0.0,0.006470832
0.0,0.007709661
0.0,0.002621138
1.0,0.18998316
0.0,0.009083545
0.0,0.02110013
0.0,0.037426442
0.0,0.048423428
0.0,0.004665211
0.0,0.014831197
0.0,0.8655783
0.0,0.34115154
1.0,0.9618238
0.0,0.0048125684
0.0,0.005578312
1.0,0.992309
0.0,0.011708522
0.0,0.15626504
0.0,0.05369713
0.0,0.015390953
0.0,0.12954119
1.0,0.9936922
0.0,0.058440734
1.0,0.9178012
0.0,0.05284829
0.0,0.0070572942
1.0,0.66520107
0.0,0.94333684
0.0,0.9480189
0.0,0.9457615
0.0,0.0048113703
1.0,0.71670353
1.0,0.8611069
0.0,0.05816697
1.0,0.58922386
0.0,0.22939113
1.0,0.9518282
1.0,0.659259
1.0,0.963713
1.0,0.3798129
1.0,0.97379625
0.0,0.81631947
0.0,0.0030276477
0.0,0.0065868525
0.0,0.89286107
0.0,0.10338066
0.0,0.03583666
1.0,0.17590901
0.0,0.005346471
0.0,0.83633614
1.0,0.9591707
1.0,0.71529335
1.0,0.97003335
0.0,0.0058325054
0.0,0.02723009
0.0,0.0062193363
1.0,0.04967669
0.0,0.15318298
0.0,0.12660493
0.0,0.75108826
0.0,0.23179598
0.0,0.049194366
1.0,0.044887625
0.0,0.030669972
1.0,0.1717692
0.0,0.0032755584
0.0,0.041079704
0.0,0.0053180666
1.0,0.9123076
0.0,0.028281037
0.0,0.04613461
0.0,0.027495574
0.0,0.018478647
0.0,0.8535675
0.0,0.081505224
1.0,0.9838375
0.0,0.020719301
0.0,0.013179195
1.0,0.3190996
1.0,0.98531085
0.0,0.24549131
0.0,0.011959532
0.0,0.004612425
0.0,0.035079643
0.0,0.017900974
0.0,0.067648746
1.0,0.84193695
0.0,0.064428225
1.0,0.3573385
0.0,0.006345761
1.0,0.29250976
1.0,0.48659125
0.0,0.034700535
0.0,0.0380854
0.0,0.016700178
1.0,0.8940512
1.0,0.70546716
1.0,0.97515047
1.0,0.681348
0.0,0.006868115
0.0,0.6011924
1.0,0.9614682
0.0,0.52073616
0.0,0.007077125
0.0,0.013217893
0.0,0.054584824
0.0,0.07644187
0.0,0.024745429
0.0,0.07941745
1.0,0.22908142
0.0,0.01887213
0.0,0.058710955
0.0,0.016701069
1.0,0.8695327
1.0,0.9357699
0.0,0.017410869
0.0,0.2087638
0.0,0.019338334
1.0,0.97977895
0.0,0.037408084
0.0,0.0034594953
0.0,0.020285904
0.0,0.018085014
1.0,0.98315036
1.0,0.8790574
1.0,0.98820573
0.0,0.022968328
0.0,0.012718877
1.0,0.9345454
0.0,0.028615903
0.0,0.08172306
0.0,0.13479722
1.0,0.9653516
1.0,0.6823803
0.0,0.0049193474
0.0,0.033225287
1.0,0.94523746
1.0,0.5380737
0.0,0.04367928
1.0,0.117018975
1.0,0.96109056
0.0,0.51550806
0.0,0.10545734
0.0,0.07873383
0.0,0.012726826
0.0,0.1929727
0.0,0.029056614
1.0,0.9545053
0.0,0.0243581
0.0,0.020222312
1.0,0.9941357
0.0,0.009075773
1.0,0.90204734
1.0,0.029499998
1.0,0.8123025
1.0,0.6671983
1.0,0.9546722
0.0,0.04635445
1.0,0.94211876
0.0,0.86305857
1.0,0.99239624
0.0,0.4929194
0.0,0.17576063
0.0,0.028718252
0.0,0.047574453
0.0,0.22630315
1.0,0.9016886
0.0,0.9649084
1.0,0.73245245
0.0,0.84963465
1.0,0.6995226
1.0,0.972993
0.0,0.017344195
0.0,0.00655497
1.0,0.18998316
0.0,0.024179265
1.0,0.87073576
1.0,0.6900376
0.0,0.0035655797
0.0,0.0028283983
0.0,0.008629647
0.0,0.036700234
1.0,0.94673413
1.0,0.45120126
0.0,0.016860481
0.0,0.056711894
1.0,0.60122883
1.0,0.9795658
1.0,0.13936904
0.0,0.015448948
0.0,0.6272041
0.0,0.0049043535
0.0,0.82579315
1.0,0.9501441
1.0,0.36533552
0.0,0.037399255
0.0,0.035220835
0.0,0.004274824
0.0,0.2468988
0.0,0.015702907
0.0,0.18751034
1.0,0.41921073
0.0,0.17535281
1.0,0.8531644
0.0,0.030612726
0.0,0.04956915
0.0,0.36924177
0.0,0.6002737
0.0,0.020656507
0.0,0.0071676015
1.0,0.13769548
0.0,0.04655909
1.0,0.6938841
0.0,0.006095615
0.0,0.027278656
0.0,0.18409497
0.0,0.0066991774
0.0,0.9654425
1.0,0.31733936
1.0,0.9205111
0.0,0.5626045
1.0,0.68910974
0.0,0.0119623095
0.0,0.38831526
0.0,0.31234607
0.0,0.28410593
0.0,0.010702675
0.0,0.032469094
1.0,0.16940503
0.0,0.021971548
1.0,0.97299224
0.0,0.075468555
1.0,0.34865317
0.0,0.23481956
1.0,0.024841195
0.0,0.0061776964
1.0,0.8880264
1.0,0.95699537
0.0,0.0046447786
0.0,0.027617175
1.0,0.94794494
0.0,0.023200631
0.0,0.013604516
1.0,0.31688178
1.0,0.9634967
0.0,0.4019484
1.0,0.9638545
1.0,0.97535306
0.0,0.32445744
0.0,0.03336651
0.0,0.4092617
0.0,0.031692628
0.0,0.022361124
0.0,0.02505007
1.0,0.8494582
0.0,0.12596953
1.0,0.84157085
1.0,0.19644278
0.0,0.010839987
0.0,0.036021877
0.0,0.6049391
1.0,0.9789895
1.0,0.93742436
1.0,0.36177555
0.0,0.22604933
1.0,0.95668375
1.0,0.8693859
0.0,0.0035026819
0.0,0.092730425
0.0,0.874488
0.0,0.91687334
1.0,0.9485916
0.0,0.023024142
1.0,0.30594885
0.0,0.73644304
0.0,0.059334826
0.0,0.03334009
0.0,0.015586371
0.0,0.016479278
0.0,0.024714429
0.0,0.033118878
0.0,0.01156587
0.0,0.016521787
0.0,0.34172028
0.0,0.17237954
0.0,0.024714429
0.0,0.012210643
0.0,0.061828636
0.0,0.02306284
1.0,0.35381094
0.0,0.10631895
1.0,0.9537283
0.0,0.02361812
1.0,0.8178096
0.0,0.013542411
0.0,0.006929529
0.0,0.88672477
0.0,0.33141318
0.0,0.06897651
0.0,0.026580032
0.0,0.0026331008
0.0,0.009261894
0.0,0.01767469
0.0,0.4991107
1.0,0.92403185
0.0,0.017539402
0.0,0.0124144405
0.0,0.46051103
0.0,0.026261281
1.0,0.59626895
0.0,0.75064075
1.0,0.3981475
0.0,0.005054152
0.0,0.06678683
1.0,0.9396759
0.0,0.861798
1.0,0.8322419
1.0,0.96157026
1.0,0.30906087
1.0,0.95713633
0.0,0.005788791
1.0,0.9722091
1.0,0.83211344
0.0,0.0106794685
0.0,0.011093852
0.0,0.070677295
1.0,0.994424
0.0,0.0053104935
0.0,0.030138368
1.0,0.5425752
1.0,0.99528694
0.0,0.07486751
0.0,0.0039745867
1.0,0.3989803
0.0,0.07204054
1.0,0.5839778
0.0,0.5125012
0.0,0.78006804
1.0,0.64711016
0.0,0.7747911
0.0,0.016976718
1.0,0.06334101
0.0,0.020464623
1.0,0.97580117
1.0,0.94523746
0.0,0.0049874126
1.0,0.4838857
1.0,0.34336266
1.0,0.69807655
1.0,0.9698146
0.0,0.105919
0.0,0.043807354
1.0,0.5669658
0.0,0.014526004
0.0,0.17731078
1.0,0.71099275
1.0,0.853423
1.0,0.93905544
0.0,0.005795059
1.0,0.96947384
1.0,0.86059225
0.0,0.102239534
1.0,0.96977425
0.0,0.46554217
1.0,0.8623039
1.0,0.70546716
1.0,0.70331
0.0,0.7016249
0.0,0.23500875
1.0,0.37572688
0.0,0.25637668
1.0,0.9635552
0.0,0.9227296
0.0,0.033215627
0.0,0.49970412
1.0,0.99266636
0.0,0.0037658573
0.0,0.0057686567
0.0,0.6751455
1.0,0.18441685
0.0,0.030290568
0.0,0.0046776296
0.0,0.051520217
0.0,0.7171498
1.0,0.7299546
1.0,0.8854554
0.0,0.026076034
0.0,0.6449596
0.0,0.04540043
0.0,0.06692084
0.0,0.01745387
1.0,0.94715863
0.0,0.15161331
1.0,0.94130164
0.0,0.729072
0.0,0.32644683
1.0,0.66532105
0.0,0.012173226
0.0,0.028613616
0.0,0.02922358
0.0,0.005577254
0.0,0.06342648
0.0,0.0028247416
0.0,0.018940061
0.0,0.020256534
1.0,0.8594408
1.0,0.9385498
0.0,0.0035493374
0.0,0.045613173
1.0,0.83116406
1.0,0.94523746
0.0,0.012017024
1.0,0.86550844
0.0,0.22548592
0.0,0.0027891279
1.0,0.86956775
0.0,0.09816856
1.0,0.6596298
0.0,0.34213084
1.0,0.32290378
0.0,0.0164067
0.0,0.049611665
0.0,0.15512395
1.0,0.96499795
0.0,0.0037521273
0.0,0.0283622
0.0,0.0135152815
0.0,0.9259558
1.0,0.27288228
0.0,0.008082321
0.0,0.005428779
1.0,0.9495491
1.0,0.057808865
0.0,0.20830627
1.0,0.55719846
0.0,0.089599505
0.0,0.115369774
1.0,0.95564973
1.0,0.98480284
0.0,0.37106594
1.0,0.92404854
1.0,0.9699419
0.0,0.017914271
0.0,0.07206228
0.0,0.046387475
1.0,0.071187235
0.0,0.0030144483
0.0,0.030937638
0.0,0.0056870105
1.0,0.98855686
1.0,0.35613224
0.0,0.008125794
1.0,0.57580435
1.0,0.12701404
0.0,0.22873887
1.0,0.8005084
0.0,0.19875152
1.0,0.94523746
1.0,0.92726487
0.0,0.06816189
1.0,0.8872002
1.0,0.94715863
0.0,0.0106461225
0.0,0.011666441
1.0,0.7395581
0.0,0.0064511
1.0,0.86348534
0.0,0.031198576
0.0,0.020055648
0.0,0.013629109
1.0,0.7144401
0.0,0.1261325
1.0,0.39984962
0.0,0.003712675
1.0,0.31286
1.0,0.33693615
0.0,0.004896632
1.0,0.98420984
1.0,0.9476511
1.0,0.16017255
1.0,0.66614157
0.0,0.006345761
0.0,0.014732453
0.0,0.007426983
0.0,0.5839778
0.0,0.31841487
1.0,0.8708846
1.0,0.25026914
0.0,0.014500966
0.0,0.031112915
0.0,0.07900766
1.0,0.7851864
0.0,0.58732593
1.0,0.007981968
1.0,0.944561
0.0,0.01702765
0.0,0.035956297
1.0,0.72514236
0.0,0.3388009
1.0,0.97351587
0.0,0.64667165
0.0,0.02914894
0.0,0.025673687
1.0,0.05094009
0.0,0.03467544
1.0,0.96818554
0.0,0.020423774
1.0,0.4324158
0.0,0.22390065
0.0,0.04626616
1.0,0.043664195
1.0,0.56423116
1.0,0.64875
1.0,0.9366393
0.0,0.04506644
0.0,0.02640396
0.0,0.2817138
0.0,0.002961281
1.0,0.9536478
1.0,0.2814556
0.0,0.0028235049
0.0,0.027862584
0.0,0.0036415965
1.0,0.67701346
0.0,0.03191153
0.0,0.02213495
0.0,0.030099854
0.0,0.16295435
0.0,0.029823378
0.0,0.15821943
1.0,0.5273398
1.0,0.8558629
0.0,0.9206629
1.0,0.3896163
0.0,0.037143864
0.0,0.4170688
1.0,0.6142083
1.0,0.8683181
1.0,0.8710513
0.0,0.01583545
0.0,0.28701207
1.0,0.33290517
0.0,0.004640159
0.0,0.03352172
0.0,0.6223959
1.0,0.8589007
0.0,0.025846696
0.0,0.045202445
1.0,0.95682335
0.0,0.050420582
1.0,0.99328214
1.0,0.7823445
1.0,0.9721184
0.0,0.7016249
0.0,0.01099816
1.0,0.9726286
1.0,0.62365985
0.0,0.056757092
1.0,0.057832014
0.0,0.02332089
0.0,0.084557995
0.0,0.041747577
0.0,0.004379496
1.0,0.29401928
1.0,0.28251785
1.0,0.993958
1.0,0.96809137
1.0,0.9837948
0.0,0.46237507
0.0,0.9767052
1.0,0.94385415
0.0,0.016734133
1.0,0.043664195
1.0,0.42640847
1.0,0.9720359
0.0,0.047054294
1.0,0.076450095
1.0,0.32836056
0.0,0.022486264
0.0,0.029388186
0.0,0.050971437
0.0,0.01797979
1.0,0.49071318
1.0,0.9678587
0.0,0.005719164
0.0,0.009176055
1.0,0.044555627
1.0,0.6612958
1.0,0.051085066
0.0,0.033399336
1.0,0.7291881
1.0,0.10567342
0.0,0.013785958
0.0,0.050436497
1.0,0.86607486
1.0,0.97979796
0.0,0.22325942
1.0,0.65449774
0.0,0.020285904
0.0,0.027625998
0.0,0.7689523
1.0,0.93163836
0.0,0.24760275
1.0,0.6671983
1.0,0.93190825
0.0,0.6217089
0.0,0.38606328
0.0,0.04376911
1.0,0.863729
1.0,0.517954
0.0,0.01436092
0.0,0.0100854635
1.0,0.71883535
0.0,0.023350757
1.0,0.98675996
1.0,0.97452277
1.0,0.5589159
1.0,0.74458563
0.0,0.039469283
0.0,0.727872
0.0,0.87180024
0.0,0.012145588
0.0,0.0024026483
1.0,0.9937736
0.0,0.47545296
0.0,0.016584635
1.0,0.97684944
0.0,0.10411129
1.0,0.027197774
1.0,0.6408091
0.0,0.02038545
0.0,0.13717216
0.0,0.7207286
0.0,0.009726873
0.0,0.0020503968
0.0,0.011547884
0.0,0.016390571
0.0,0.9379748
1.0,0.007981968
1.0,0.64088947
1.0,0.91600466
0.0,0.67172724
0.0,0.23655744
0.0,0.012251729
0.0,0.03609667
0.0,0.0132173505
1.0,0.091143146
0.0,0.016139532
0.0,0.0073809624
1.0,0.9916215
1.0,0.659892
0.0,0.0068394216
0.0,0.921693
0.0,0.005641517
0.0,0.0352443
0.0,0.0037301332
0.0,0.030126909
1.0,0.9399268
1.0,0.96809137
1.0,0.69440717
1.0,0.89008725
0.0,0.0036414892
1.0,0.7037702
1.0,0.89273244
1.0,0.90204734
0.0,0.027707672
1.0,0.9366393
0.0,0.002830258
1.0,0.38635963
1.0,0.1959924
1.0,0.87205493
1.0,0.9578646
1.0,0.7591866
0.0,0.06222905
0.0,0.24965155
1.0,0.44582534
0.0,0.007937839
1.0,0.8037154
0.0,0.012446577
1.0,0.36960724
0.0,0.019672144
0.0,0.17851423
0.0,0.012351647
0.0,0.011876022
0.0,0.18310209
0.0,0.0027943223
0.0,0.0040094196
0.0,0.028876608
0.0,0.78578967
0.0,0.00454514
0.0,0.011501744
1.0,0.6961617
1.0,0.60141575
1.0,0.9692725
0.0,0.9580512
0.0,0.4825427
0.0,0.6665438
0.0,0.024155185
1.0,0.9789379
1.0,0.15836105
1.0,0.8692373
1.0,0.97534037
1.0,0.97351587
0.0,0.7037676
0.0,0.015446028
0.0,0.005519426
0.0,0.3190996
1.0,0.5925959
0.0,0.010163179
1.0,0.005338198
0.0,0.42640847
1.0,0.97924155
0.0,0.14814301
0.0,0.020619536
0.0,0.027278656
0.0,0.0069698156
0.0,0.5485623
1.0,0.3797132
1.0,0.9567362
0.0,0.023729283
1.0,0.49071318
1.0,0.86172783
1.0,0.31636676
0.0,0.36906832
0.0,0.014882034
1.0,0.3732505
0.0,0.0025029897
1.0,0.9614682
0.0,0.27578342
0.0,0.0044008223
0.0,0.30246413
0.0,0.03390157
1.0,0.46836567
0.0,0.048374213
0.0,0.5431089
1.0,0.9660417
1.0,0.9119183
0.0,0.6739095
0.0,0.47612995
1.0,0.18998316
1.0,0.73326
0.0,0.04734143
0.0,0.0020823001
1.0,0.57051915
0.0,0.053336866
1.0,0.29250976
0.0,0.025455734
0.0,0.019359296
1.0,0.96504784
0.0,0.2453965
1.0,0.90162694
0.0,0.005795059
1.0,0.23533472
1.0,0.9743845
0.0,0.011435211
1.0,0.8312305
0.0,0.020448938
1.0,0.9104506
0.0,0.08211212
1.0,0.9757376
0.0,0.020244185
0.0,0.013157731
1.0,0.8482334
0.0,0.007945767
0.0,0.008103925
0.0,0.6449596
1.0,0.65523493
1.0,0.8553753
1.0,0.05904764
1.0,0.7234667
1.0,0.4637429
1.0,0.947752
1.0,0.46640262
0.0,0.015314147
1.0,0.084795654
1.0,0.98938197
0.0,0.08915911
0.0,0.0047757537
0.0,0.0030123293
1.0,0.67680854
0.0,0.016625877
1.0,0.9795658
0.0,0.3438841
0.0,0.35554254
1.0,0.9726242
0.0,0.006790781
0.0,0.07355287
1.0,0.28019482
1.0,0.84617555
1.0,0.8605593
1.0,0.13978751
0.0,0.9626833
0.0,0.07269337
0.0,0.050431848
0.0,0.03243827
0.0,0.0042063743
0.0,0.023729283
0.0,0.027461803
0.0,0.007959205
1.0,0.037536718
1.0,0.915253
0.0,0.03182005
1.0,0.6523949
0.0,0.01012978
0.0,0.00323959
1.0,0.98129463
0.0,0.014915725
0.0,0.871657
0.0,0.020464623
0.0,0.01805214
0.0,0.0032755584
0.0,0.13187686
0.0,0.016709838
1.0,0.62365985
0.0,0.016763622
0.0,0.95037556
1.0,0.6999421
0.0,0.058234148
0.0,0.15164028
1.0,0.82154876
0.0,0.0057210745
0.0,0.028718252
1.0,0.8813923
0.0,0.024093077
0.0,0.004546061
0.0,0.02497767
0.0,0.17851064
1.0,0.71529335
0.0,0.003025204
0.0,0.00888229
0.0,0.01151858
0.0,0.036338724
0.0,0.6848834
1.0,0.42513266
0.0,0.04779925
1.0,0.5144701
0.0,0.6440783
0.0,0.59626895
1.0,0.049226437
0.0,0.042846538
0.0,0.0045384853
0.0,0.068410076
1.0,0.9565126
1.0,0.04766789
1.0,0.11374247
0.0,0.026516784
0.0,0.46934056
1.0,0.7166467
0.0,0.010714164
0.0,0.042719364
1.0,0.25946602
0.0,0.008299649
1.0,0.8897594
1.0,0.18547018
0.0,0.006723949
1.0,0.4925592
0.0,0.12362771
1.0,0.104331926
0.0,0.4116754
1.0,0.96678936
0.0,0.001943013
0.0,0.9772004
0.0,0.037181057
0.0,0.04714145
1.0,0.30246413
0.0,0.0052297832
1.0,0.9626833
0.0,0.024478946
0.0,0.010503063
1.0,0.9382428
0.0,0.0072934865
0.0,0.0028392165
0.0,0.002194366
1.0,0.66532105
1.0,0.97924155
0.0,0.1193292
0.0,0.12075366
1.0,0.11883463
1.0,0.17237954
0.0,0.20319298
0.0,0.038755067
1.0,0.38793606
0.0,0.5974165
1.0,0.95518625
0.0,0.719847
1.0,0.89828146
1.0,0.89929914
0.0,0.009351319
1.0,0.9819617
0.0,0.5208155
0.0,0.021084536
0.0,0.03098093
0.0,0.15139738
1.0,0.11567688
1.0,0.9699899
0.0,0.038488135
0.0,0.014479768
1.0,0.99072456
0.0,0.05463012
1.0,0.29116687
1.0,0.016535345
1.0,0.6415942
0.0,0.023803243
1.0,0.3486703
0.0,0.018402662
1.0,0.8707714
1.0,0.052589543
0.0,0.32971227
0.0,0.73028964
0.0,0.1959924
0.0,0.03311308
0.0,0.21953383
1.0,0.73265874
1.0,0.8967816
1.0,0.98851174
0.0,0.023293793
0.0,0.0027062832
1.0,0.95648164
0.0,0.5449608
0.0,0.002334249
0.0,0.027602583
1.0,0.83076465
0.0,0.057569552
0.0,0.01781171
0.0,0.46967798
0.0,0.084557995
0.0,0.048491344
1.0,0.68225443
1.0,0.9647497
0.0,0.05133907
0.0,0.03168153
0.0,0.018200383
1.0,0.9704752
0.0,0.03308783
0.0,0.80983984
1.0,0.87231934
0.0,0.016267067
0.0,0.62542975
1.0,0.96459925
0.0,0.045918643
1.0,0.4528501
1.0,0.09917774
0.0,0.019788643
0.0,0.027794654
0.0,0.030988064
0.0,0.6848834
0.0,0.020055264
1.0,0.9298771
1.0,0.9794706
1.0,0.9623672
1.0,0.19046319
0.0,0.85804814
0.0,0.03000938
1.0,0.71451604
1.0,0.9780898
0.0,0.15164028
0.0,0.117161654
0.0,0.03160623
1.0,0.46759838
0.0,0.010902965
0.0,0.3797132
1.0,0.7075264
0.0,0.0061776964
0.0,0.020256534
0.0,0.007143119
0.0,0.14868724
1.0,0.9762061
0.0,0.04003354
0.0,0.0032475977
0.0,0.035255484
0.0,0.016099151
0.0,0.4264741
1.0,0.0810941
0.0,0.031293586
1.0,0.97332174
0.0,0.08443929
1.0,0.9564946
0.0,0.24295048
1.0,0.7020145
1.0,0.94523746
1.0,0.984038
1.0,0.7405613
1.0,0.9911834
0.0,0.69418967
0.0,0.003684458
1.0,0.07071597
0.0,0.05278827
0.0,0.03272305
1.0,0.87349635
1.0,0.15894243
0.0,0.1979256
0.0,0.005519426
1.0,0.42509675
1.0,0.97515047
1.0,0.94461936
0.0,0.031112915
0.0,0.86651504
0.0,0.01286822
0.0,0.7238583
0.0,0.011841511
0.0,0.0053043216
0.0,0.7522904
1.0,0.9699643
1.0,0.97117347
1.0,0.9075314
0.0,0.002587682
0.0,0.013792667
0.0,0.015491396
0.0,0.03956508
0.0,0.030099204
0.0,0.041747577
0.0,0.5827755
1.0,0.9013425
1.0,0.9209897
1.0,0.93742436
1.0,0.65867114
0.0,0.10354155
0.0,0.034111973
1.0,0.8374305
0.0,0.10266308
0.0,0.38988665
1.0,0.86330354
0.0,0.6866664
0.0,0.8071564
1.0,0.3562672
0.0,0.023480196
1.0,0.48788843
1.0,0.81419486
0.0,0.8952637
0.0,0.020878237
1.0,0.99440306
0.0,0.009964916
1.0,0.51550806
0.0,0.5069442
1.0,0.9218956
1.0,0.95180666
1.0,0.70381653
1.0,0.8547885
0.0,0.6290041
0.0,0.02868478
0.0,0.0051783114
1.0,0.43751508
0.0,0.98310435
1.0,0.587041
0.0,0.0035655797
0.0,0.58845294
1.0,0.77202207
1.0,0.7907457
0.0,0.14886521
0.0,0.019123118
0.0,0.004415202
0.0,0.33944467
0.0,0.98310435
1.0,0.9209897
0.0,0.044243686
0.0,0.017929036
1.0,0.3115887
1.0,0.39138412
0.0,0.7146597
1.0,0.9298278
1.0,0.5112246
0.0,0.010201439
0.0,0.002621138
0.0,0.13541976
1.0,0.9392978
1.0,0.38982734
0.0,0.014236689
0.0,0.09210445
1.0,0.014732453
0.0,0.0096817585
0.0,0.48907024
0.0,0.022865083
1.0,0.5575577
1.0,0.95678157
0.0,0.027339116
0.0,0.0029384643
0.0,0.068842664
0.0,0.15324302
0.0,0.017447358
0.0,0.0249818
0.0,0.9255063
0.0,0.077548936
0.0,0.007297623
0.0,0.025627047
0.0,0.13475087
1.0,0.98386365
1.0,0.93260163
0.0,0.01807276
0.0,0.016175801
0.0,0.0034979165
0.0,0.004923618
0.0,0.080218434
0.0,0.10297541
0.0,0.0077883364
0.0,0.3264674
1.0,0.92617166
1.0,0.992174
1.0,0.3797132
1.0,0.8002304
1.0,0.8603846
1.0,0.8105488
0.0,0.5459197
1.0,0.7166467
1.0,0.9366393
0.0,0.033170708
0.0,0.033380665
0.0,0.025591755
1.0,0.72747535
0.0,0.024476122
1.0,0.92086506
0.0,0.008370084
0.0,0.38186532
0.0,0.8804537
0.0,0.0244039
0.0,0.04348383
0.0,0.108749256
1.0,0.15821943
0.0,0.106201515
0.0,0.015749857
1.0,0.6977361
1.0,0.21455376
0.0,0.085477054
1.0,0.91119707
0.0,0.08508192
0.0,0.010963842
0.0,0.008262917
1.0,0.9869777
0.0,0.013943806
1.0,0.046821833
1.0,0.84963465
0.0,0.038109954
1.0,0.40755615
0.0,0.012009379
0.0,0.057917465
1.0,0.8584448
0.0,0.0025449693
0.0,0.6823803
1.0,0.5950843
0.0,0.017747935
0.0,0.31081903
1.0,0.8693859
0.0,0.3100587
0.0,0.0034822554
0.0,0.004623249
1.0,0.85944164
1.0,0.9891578
0.0,0.5889949
0.0,0.024399057
1.0,0.5839778
0.0,0.01719822
0.0,0.14880133
1.0,0.5954111
0.0,0.82073677
1.0,0.22820082
1.0,0.31703433
1.0,0.8494582
0.0,0.7100707
0.0,0.032853406
0.0,0.060637873
0.0,0.029060483
0.0,0.048649613
0.0,0.075672686
0.0,0.03009433
0.0,0.67311364
0.0,0.12166963
0.0,0.003025204
1.0,0.5866897
0.0,0.9624337
0.0,0.013885269
1.0,0.33841467
0.0,0.018478647
0.0,0.01788412
0.0,0.021092081
0.0,0.0038915128
0.0,0.014729435
1.0,0.05105219
1.0,0.972993
1.0,0.38988665
0.0,0.023480196
1.0,0.9250188
1.0,0.91792506
0.0,0.02021055
0.0,0.004645857
0.0,0.022138115
0.0,0.3631181
0.0,0.14053044
0.0,0.716575
1.0,0.96354663
1.0,0.8513957
1.0,0.84641284
0.0,0.02053003
1.0,0.97766435
1.0,0.57873476
0.0,0.0256814
1.0,0.9501802
0.0,0.030743375
0.0,0.009799001
0.0,0.6169003
1.0,0.97600186
1.0,0.95766366
1.0,0.7224449
0.0,0.85710907
0.0,0.103542104
0.0,0.007860487
0.0,0.008262917
1.0,0.94727325
1.0,0.98721707
1.0,0.9692873
1.0,0.9193365
0.0,0.03423318
0.0,0.026490103
1.0,0.7747911
0.0,0.008357391
0.0,0.22444089
1.0,0.94598836
0.0,0.018582795
0.0,0.034343243
0.0,0.055139087
1.0,0.17346735
0.0,0.028592223
0.0,0.16017255
0.0,0.2868718
0.0,0.058167625
0.0,0.31734878
0.0,0.027301958
0.0,0.06915209
0.0,0.0141843315
0.0,0.14207295
0.0,0.0033290565
1.0,0.9584199
1.0,0.11012117
0.0,0.19350865
0.0,0.92781174
0.0,0.10681212
1.0,0.8454174
0.0,0.012884483
0.0,0.03453511
0.0,0.43105745
0.0,0.013419827
1.0,0.869542
0.0,0.025972137
1.0,0.7591866
0.0,0.038721092
0.0,0.02785477
1.0,0.15227248
1.0,0.9738654
1.0,0.879121
1.0,0.9104506
0.0,0.032586694
1.0,0.8708846
0.0,0.4199911
1.0,0.6970041
1.0,0.9711067
0.0,0.06371304
1.0,0.98395073
0.0,0.49564195
0.0,0.607427
0.0,0.0027418374
1.0,0.047461916
1.0,0.9809617
0.0,0.012388808
0.0,0.6077003
1.0,0.70545805
1.0,0.96693534
0.0,0.010250306
1.0,0.258446
1.0,0.2872929
0.0,0.020234767
1.0,0.32663366
0.0,0.6938841
0.0,0.029469091
0.0,0.006072891
0.0,0.8884098
0.0,0.0231583
1.0,0.70980084
0.0,0.083926335
1.0,0.6499044
1.0,0.725433
1.0,0.7190088
0.0,0.0055594803
0.0,0.43677267
1.0,0.58222646
0.0,0.0027466863
1.0,0.55429345
1.0,0.7637661
0.0,0.9705555
0.0,0.017310128
1.0,0.07768047
1.0,0.98527545
0.0,0.004941684
1.0,0.699644
1.0,0.15849566
1.0,0.8556716
1.0,0.99049175
1.0,0.308461
1.0,0.95184356
0.0,0.030823294
0.0,0.25659317
0.0,0.016932592
1.0,0.91405565
0.0,0.015448948
1.0,0.4152506
0.0,0.06335143
0.0,0.012818304
1.0,0.10232208
0.0,0.008001563
1.0,0.98355114
0.0,0.08758615
1.0,0.42798376
1.0,0.8760123
0.0,0.14578423
1.0,0.4412461
0.0,0.028876608
0.0,0.018239891
1.0,0.9921726
0.0,0.0047757537
1.0,0.91375077
1.0,0.30515027
0.0,0.024422476
0.0,0.02640396
0.0,0.030460527
1.0,0.70134175
0.0,0.07774533
1.0,0.787519
0.0,0.02124177
0.0,0.037357055
0.0,0.8818573
0.0,0.05260242
0.0,0.350743
0.0,0.07873383
0.0,0.06816189
0.0,0.23500875
0.0,0.004076758
0.0,0.2607348
0.0,0.11888915
1.0,0.9621895
1.0,0.07458879
0.0,0.021673094
1.0,0.97866327
1.0,0.46404418
0.0,0.8514333
1.0,0.42513266
1.0,0.94211876
0.0,0.70045525
0.0,0.06087017
1.0,0.33590618
0.0,0.11074674
0.0,0.015754411
0.0,0.07486751
0.0,0.024656918
1.0,0.09615026
1.0,0.96600103
0.0,0.005870697
0.0,0.0031596601
0.0,0.7126218
0.0,0.93065035
0.0,0.061666004
1.0,0.8667833
0.0,0.10755905
0.0,0.086511254
1.0,0.91119707
1.0,0.9241331
1.0,0.92057025
0.0,0.030849865
0.0,0.15019414
0.0,0.0071810484
1.0,0.8537833
0.0,0.9476511
1.0,0.75921184
0.0,0.017403949
0.0,0.030264607
0.0,0.027794654
0.0,0.0063648373
0.0,0.060637873
0.0,0.13923378
0.0,0.009340411
1.0,0.95234025
1.0,0.7298818
1.0,0.085548915
0.0,0.018156275
1.0,0.3703553
0.0,0.36346495
1.0,0.9919937
1.0,0.21528617
0.0,0.006054482
0.0,0.0032535524
0.0,0.0051849396
0.0,0.48313862
0.0,0.31399912
1.0,0.983039
0.0,0.71548086
0.0,0.71642965
0.0,0.022895362
0.0,0.0024096607
0.0,0.24235988
0.0,0.033044476
0.0,0.06717431
1.0,0.772395
0.0,0.039243214
1.0,0.95803756
0.0,0.021092081
0.0,0.0028351634
0.0,0.26390392
0.0,0.6198535
0.0,0.008249926
1.0,0.981262
0.0,0.03916526
0.0,0.07859448
1.0,0.24883428
1.0,0.38988665
0.0,0.7664272
0.0,0.00655497
0.0,0.022147145
0.0,0.032544065
0.0,0.0115370955
0.0,0.0068918467
1.0,0.99222326
0.0,0.02868478
1.0,0.8818781
0.0,0.007132879
1.0,0.26274028
1.0,0.9482889
1.0,0.9547571
0.0,0.54800546
0.0,0.13429482
1.0,0.946643
0.0,0.05816697
1.0,0.941898
0.0,0.014417494
1.0,0.94299114
1.0,0.97003335
0.0,0.10167836
1.0,0.9140409
1.0,0.8887929
1.0,0.9116809
0.0,0.026163664
1.0,0.57695067
1.0,0.9921726
1.0,0.8897594
1.0,0.62315714
0.0,0.2026917
0.0,0.031077359
0.0,0.98069227
1.0,0.97515047
0.0,0.046854846
0.0,0.014247092
0.0,0.0044536055
1.0,0.9879667
0.0,0.8351191
0.0,0.21909936
0.0,0.18545708
0.0,0.0052372394
0.0,0.053275753
0.0,0.031580742
0.0,0.006868115
1.0,0.8206129
0.0,0.023825169
0.0,0.023772161
1.0,0.9626833
1.0,0.17590901
0.0,0.47873107
0.0,0.0020823001
1.0,0.6414209
1.0,0.78675425
0.0,0.0231583
1.0,0.58166486
1.0,0.9728843
0.0,0.016385626
0.0,0.042286444
0.0,0.009954664
0.0,0.15509722
1.0,0.94130164
0.0,0.7057406
0.0,0.0066076457
1.0,0.95578223
0.0,0.1979256
0.0,0.56334686
1.0,0.08353176
1.0,0.13419573
1.0,0.994424
0.0,0.008082321
1.0,0.72601694
0.0,0.87349635
0.0,0.03425863
0.0,0.017027328
0.0,0.0028173209
0.0,0.00508669
1.0,0.33125156
1.0,0.4789744
1.0,0.78636414
1.0,0.77073675
1.0,0.9535483
0.0,0.014059502
0.0,0.03221089
0.0,0.8674348
1.0,0.8178096
0.0,0.0077649774
1.0,0.8852971
0.0,0.0045256615
0.0,0.8676192
1.0,0.9597324
1.0,0.40646046
0.0,0.009351301
0.0,0.9565126
1.0,0.9123076
1.0,0.66532105
0.0,0.12770608
0.0,0.35135844
0.0,0.3909046
1.0,0.7321404
0.0,0.98310316
0.0,0.4860689
1.0,0.99258196
0.0,0.051717497
0.0,0.012446577
1.0,0.9715573
1.0,0.96618366
0.0,0.0032607615
1.0,0.94130164
0.0,0.5614944
0.0,0.0056276945
0.0,0.6223959
0.0,0.021812472
1.0,0.7163526
0.0,0.020105427
0.0,0.06651986
0.0,0.29191697
0.0,0.004981199
1.0,0.8354519
1.0,0.14973724
1.0,0.9542511
1.0,0.90392816
0.0,0.7798609
0.0,0.039079484
1.0,0.5923104
1.0,0.9416898
0.0,0.06409192
1.0,0.3846604
0.0,0.026739985
0.0,0.279655
1.0,0.88802975
1.0,0.84301984
0.0,0.45593792
0.0,0.11210688
0.0,0.27986002
0.0,0.043104865
1.0,0.98480284
1.0,0.863729
0.0,0.027461803
0.0,0.007981012
0.0,0.01557433
1.0,0.26273897
0.0,0.010745183
0.0,0.16495152
0.0,0.41079623
0.0,0.061244927
0.0,0.011660126
0.0,0.0051849396
0.0,0.009690791
1.0,0.11883463
1.0,0.49970412
0.0,0.33871943
0.0,0.013217893
0.0,0.0033642887
0.0,0.0029547333
1.0,0.97379625
0.0,0.037505213
0.0,0.10586248
0.0,0.014928249
1.0,0.16348079
0.0,0.070283785
1.0,0.9677595
1.0,0.910062
1.0,0.9597324
0.0,0.005255571
0.0,0.0034885616
1.0,0.73178774
0.0,0.07486751
1.0,0.96809137
0.0,0.057569552
0.0,0.009504038
1.0,0.9355217
0.0,0.082712926
1.0,0.93488634
1.0,0.8695327
1.0,0.90162694
0.0,0.38057613
0.0,0.010201439
0.0,0.023475517
0.0,0.7016249
1.0,0.70068944
0.0,0.0024096607
1.0,0.32478255
0.0,0.0053367345
0.0,0.045694523
1.0,0.9780898
0.0,0.003237325
0.0,0.0030572205
0.0,0.004432005
0.0,0.0027943223
0.0,0.7340873
1.0,0.42301384
1.0,0.9514043
1.0,0.69628054
0.0,0.16715032
1.0,0.9545053
0.0,0.009064508
1.0,0.7150156
1.0,0.80517036
0.0,0.016700178
1.0,0.5540215
0.0,0.0027010948
1.0,0.06584494
0.0,0.055622865
1.0,0.4928605
0.0,0.002550757
1.0,0.7166237
0.0,0.0047232597
0.0,0.10681399
0.0,0.054562133
0.0,0.58492523
1.0,0.7809392
0.0,0.11291047
0.0,0.092792034
1.0,0.05094009
1.0,0.92086506
1.0,0.9678171
0.0,0.01952945
0.0,0.67556995
0.0,0.70321167
1.0,0.97097826
0.0,0.6471685
0.0,0.03309965
0.0,0.98335564
1.0,0.95142925
0.0,0.003089574
1.0,0.6938841
0.0,0.600433
0.0,0.08932312
1.0,0.5293249
0.0,0.13323715
1.0,0.96467036
0.0,0.8351191
0.0,0.0045256615
0.0,0.23137338
1.0,0.71607417
1.0,0.9878812
0.0,0.94995844
1.0,0.09816856
1.0,0.28251785
1.0,0.9433054
1.0,0.98851204
0.0,0.012894523
0.0,0.39044648
0.0,0.011026114
1.0,0.8854554
1.0,0.9808766
0.0,0.07739635
1.0,0.3016678
1.0,0.49913326
1.0,0.86607486
0.0,0.020604659
1.0,0.9660705
0.0,0.076450095
0.0,0.2492152
1.0,0.70737636
0.0,0.4020873
1.0,0.13445857
0.0,0.37790385
1.0,0.030390915
0.0,0.73485917
0.0,0.017551387
0.0,0.011230186
0.0,0.021563169
1.0,0.9591707
0.0,0.015843809
0.0,0.0026123137
0.0,0.010940552
0.0,0.5385794
0.0,0.13166127
0.0,0.53268045
0.0,0.013542411
1.0,0.86348534
0.0,0.37206018
0.0,0.018895488
1.0,0.9162504
1.0,0.084795654
1.0,0.26821578
0.0,0.050431848
0.0,0.5910973
1.0,0.023805324
0.0,0.030966848
1.0,0.9123076
0.0,0.2361288
0.0,0.6430918
0.0,0.0026123137
0.0,0.047012713
0.0,0.04529517
0.0,0.35787097
1.0,0.9499892
0.0,0.0036553412
0.0,0.015626932
1.0,0.07128824
0.0,0.00690397
1.0,0.7166237
1.0,0.9293954
1.0,0.71451604
0.0,0.061637424
0.0,0.036713026
1.0,0.725536
0.0,0.008600542
1.0,0.87652284
0.0,0.011578536
1.0,0.81419486
1.0,0.31286
0.0,0.0032180876
0.0,0.009340411
0.0,0.010559323
1.0,0.8992079
0.0,0.0193904
1.0,0.14452846
1.0,0.5716654
0.0,0.97779673
1.0,0.8584448
0.0,0.002950102
1.0,0.02572548
0.0,0.29250976
1.0,0.9638545
1.0,0.87073576
0.0,0.007242498
0.0,0.043576803
0.0,0.84277403
0.0,0.0033199997
0.0,0.49201602
0.0,0.9629103
1.0,0.025550935
0.0,0.026409894
1.0,0.778574
0.0,0.0041914256
0.0,0.0032404722
0.0,0.0051480858
1.0,0.50165033
1.0,0.9608606
0.0,0.15176599
0.0,0.2495753
0.0,0.0032566995
0.0,0.07390117
0.0,0.041220028
0.0,0.017684186
0.0,0.0021376132
1.0,0.089879885
1.0,0.8740268
1.0,0.99258196
0.0,0.032372124
0.0,0.9665457
1.0,0.14206867
0.0,0.011281798
1.0,0.869085
0.0,0.005466604
0.0,0.03260622
1.0,0.97126544
0.0,0.5054059
1.0,0.31379494
1.0,0.96493626
1.0,0.9801361
0.0,0.12224915
0.0,0.036933657
0.0,0.12013402
1.0,0.91298425
0.0,0.050752245
1.0,0.9846312
0.0,0.020492345
0.0,0.021303039
0.0,0.13058887
1.0,0.91774714
0.0,0.01315957
0.0,0.018447906
0.0,0.58162385
1.0,0.045125682
1.0,0.9926988
0.0,0.06410245
0.0,0.04433494
1.0,0.8992079
1.0,0.9740856
1.0,0.98614806
1.0,0.9911834
1.0,0.8212886
1.0,0.13445857
1.0,0.18797426
0.0,0.0064173667
1.0,0.9431796
0.0,0.19178757
0.0,0.0235498
0.0,0.0051183044
1.0,0.6526312
0.0,0.21952884
0.0,0.06513516
0.0,0.0038210868
1.0,0.1297097
0.0,0.7108949
1.0,0.9440509
1.0,0.9485981
1.0,0.48472446
0.0,0.033398055
1.0,0.71206725
0.0,0.023039598
0.0,0.007981012
0.0,0.9614682
1.0,0.5190562
0.0,0.37922794
0.0,0.016268173
0.0,0.017963916
0.0,0.06703379
1.0,0.9899004
0.0,0.48472446
0.0,0.026147608
0.0,0.10496192
0.0,0.44837466
1.0,0.9941308
1.0,0.8715478
0.0,0.029303923
1.0,0.6739095
1.0,0.95206654
0.0,0.017963916
0.0,0.0119623095
0.0,0.70321167
1.0,0.96789515
1.0,0.90782136
1.0,0.3165961
0.0,0.19029741
0.0,0.009083545
1.0,0.7168015
0.0,0.04308081
0.0,0.74780977
1.0,0.52858555
0.0,0.022704387
0.0,0.013672223
0.0,0.07121472
1.0,0.504821
0.0,0.14661574
1.0,0.66532105
0.0,0.32709217
1.0,0.93086004
0.0,0.019475508
1.0,0.7036199
0.0,0.01580352
1.0,0.94523746
0.0,0.91095936
1.0,0.59331304
1.0,0.91180265
0.0,0.0058081807
1.0,0.92634743
1.0,0.98252356
0.0,0.71336836
0.0,0.95518625
0.0,0.49362794
1.0,0.8513957
1.0,0.12596953
1.0,0.6990386
0.0,0.038621206
1.0,0.97871685
0.0,0.023564866
0.0,0.04415649
1.0,0.48035917
1.0,0.9352845
0.0,0.024662733
1.0,0.67048514
0.0,0.27588746
0.0,0.054787107
1.0,0.9629593
0.0,0.027562484
0.0,0.032273166
0.0,0.031853035
1.0,0.58348364
0.0,0.019621503
0.0,0.012965399
1.0,0.84431475
1.0,0.9668826
1.0,0.863729
0.0,0.019444594
0.0,0.16017255
0.0,0.37364227
0.0,0.006445527
1.0,0.11878596
0.0,0.899329
0.0,0.005987644
0.0,0.02780823
0.0,0.016700178
0.0,0.5669658
0.0,0.006720039
0.0,0.0051998436
1.0,0.2679852
0.0,0.20538895
0.0,0.002520722
0.0,0.3828683
0.0,0.02053003
0.0,0.0032607615
1.0,0.9228166
1.0,0.99443567
1.0,0.8402809
0.0,0.49152002
0.0,0.051717497
0.0,0.019748036
0.0,0.8883816
1.0,0.9814576
0.0,0.016267067
0.0,0.014896905
1.0,0.52470386
0.0,0.01792792
1.0,0.98867
0.0,0.06232047
1.0,0.907617
0.0,0.9471404
1.0,0.49990615
0.0,0.32723162
0.0,0.07261555
1.0,0.46404418
0.0,0.002334249
1.0,0.29428267
1.0,0.6947075
1.0,0.9689919
0.0,0.0283622
0.0,0.0968826
1.0,0.9521264
0.0,0.11074674
0.0,0.020105427
1.0,0.6253427
1.0,0.5867602
0.0,0.008030889
1.0,0.7056852
0.0,0.027357325
0.0,0.90387356
1.0,0.44359952
0.0,0.26769647
0.0,0.022027036
0.0,0.03294419
0.0,0.029684627
0.0,0.19583109
1.0,0.9651321
0.0,0.38793606
1.0,0.9891578
1.0,0.485128
0.0,0.08885415
1.0,0.1297097
0.0,0.54127204
0.0,0.009843704
1.0,0.9919546
0.0,0.7202554
0.0,0.15026793
0.0,0.0056331037
1.0,0.97003335
1.0,0.97515047
0.0,0.028029779
0.0,0.021069184
0.0,0.25767654
1.0,0.98367757
1.0,0.06584494
1.0,0.98431027
1.0,0.10509571
0.0,0.05917461
0.0,0.008322796
0.0,0.009160215
0.0,0.032202743
0.0,0.02675499
0.0,0.049611665
1.0,0.95758283
0.0,0.02897304
0.0,0.3269686
0.0,0.0058081807
1.0,0.9903653
1.0,0.9726286
1.0,0.8695327
0.0,0.10271509
1.0,0.09527628
0.0,0.015702907
1.0,0.9614682
1.0,0.54210126
0.0,0.515335
0.0,0.0055906386
0.0,0.030839777
1.0,0.7951702
0.0,0.07139018
0.0,0.021048376
1.0,0.94154656
1.0,0.5460223
0.0,0.005019307
0.0,0.052249245
0.0,0.61808896
0.0,0.007904908
0.0,0.016385626
0.0,0.13572659
1.0,0.49632597
1.0,0.8848112
0.0,0.020064592
0.0,0.002710259
0.0,0.6258678
0.0,0.42678833
1.0,0.9433886
0.0,0.023724377
1.0,0.9837829
0.0,0.021352073
1.0,0.9562664
0.0,0.0051532597
1.0,0.9546261
1.0,0.8836614
1.0,0.11374247
0.0,0.018360933
0.0,0.009726873
1.0,0.984038
0.0,0.093450114
0.0,0.008624527
0.0,0.05059707
1.0,0.9545053
1.0,0.3066226
1.0,0.0040742843
1.0,0.28724188
1.0,0.10354155
1.0,0.4781239
1.0,0.66862404
1.0,0.58222646
0.0,0.0022362382
1.0,0.21909936
1.0,0.32582232
1.0,0.7161332
0.0,0.0027943223
0.0,0.025534581
0.0,0.034102313
0.0,0.043117467
1.0,0.65102136
1.0,0.96839774
1.0,0.6499044
1.0,0.92634743
0.0,0.9499275
0.0,0.0084462045
1.0,0.8507258
0.0,0.007918405
0.0,0.05233357
1.0,0.92676276
0.0,0.009504038
0.0,0.37192565
0.0,0.7057406
0.0,0.018728111
1.0,0.15912443
1.0,0.85017854
0.0,0.011834723
1.0,0.97535306
0.0,0.91375077
1.0,0.84431475
0.0,0.030789623
0.0,0.02225343
1.0,0.63062406
1.0,0.95219386
0.0,0.0036415965
0.0,0.48323697
1.0,0.38793606
0.0,0.4954548
1.0,0.981217
0.0,0.38057613
1.0,0.6976859
0.0,0.015592456
0.0,0.0519258
0.0,0.08627065
1.0,0.15198423
1.0,0.2156533
0.0,0.03324742
0.0,0.04005184
1.0,0.02197282
1.0,0.97960013
0.0,0.01550659
0.0,0.011963045
0.0,0.042148404
0.0,0.89096624
1.0,0.9526831
0.0,0.7497119
0.0,0.010877827
0.0,0.48878178
0.0,0.10935757
1.0,0.38793606
0.0,0.043750677
1.0,0.70585936
1.0,0.7099558
0.0,0.09689784
1.0,0.9797071
0.0,0.053170957
1.0,0.8912886
0.0,0.010201439
1.0,0.048975058
1.0,0.9470879
0.0,0.0074869962
1.0,0.043664195
0.0,0.27547175
0.0,0.015843809
0.0,0.01460194
1.0,0.9930809
1.0,0.9355217
0.0,0.013828093
1.0,0.98173124
0.0,0.04286599
0.0,0.004030332
1.0,0.11996986
0.0,0.03336651
1.0,0.960996
0.0,0.0056331037
0.0,0.0050240783
0.0,0.077548936
0.0,0.07355287
1.0,0.9941357
1.0,0.73798704
1.0,0.9079941
0.0,0.034919247
1.0,0.90162694
1.0,0.95626384
0.0,0.0031494051
1.0,0.49372068
1.0,0.056665026
0.0,0.070677295
0.0,0.029748991
0.0,0.0062728673
0.0,0.014394986
0.0,0.97534037
0.0,0.02384152
0.0,0.01848962
0.0,0.5445379
0.0,0.041855454
0.0,0.57695067
0.0,0.024710959
0.0,0.94677687
0.0,0.0042013614
1.0,0.6994975
0.0,0.42164713
1.0,0.9638545
0.0,0.24040738
1.0,0.99246854
0.0,0.028794061
1.0,0.98644245
0.0,0.022516217
1.0,0.084795654
1.0,0.98797214
0.0,0.008438403
0.0,0.048829786
1.0,0.9751581
0.0,0.039468847
0.0,0.009752313
0.0,0.012941363
1.0,0.34012914
1.0,0.9786332
1.0,0.5904397
0.0,0.019974172
1.0,0.93144864
1.0,0.3671158
1.0,0.9838575
0.0,0.0039324374
0.0,0.269393
1.0,0.3357103
1.0,0.92191374
0.0,0.26503605
1.0,0.29110742
1.0,0.6602944
1.0,0.90387356
0.0,0.7169726
0.0,0.04268694
0.0,0.0050023557
0.0,0.021002233
0.0,0.030424397
0.0,0.005671787
0.0,0.046052165
0.0,0.009726873
0.0,0.03165657
0.0,0.0026320994
1.0,0.86438334
0.0,0.03231711
0.0,0.009407466
0.0,0.06379251
0.0,0.006868115
0.0,0.0053853095
0.0,0.026182245
0.0,0.03134106
1.0,0.91987836
0.0,0.10496192
0.0,0.0042875437
1.0,0.78686845
0.0,0.021812472
0.0,0.02021055
0.0,0.07261555
0.0,0.45159197
0.0,0.0055152923
0.0,0.021673094
1.0,0.64814085
1.0,0.6915639
0.0,0.48659125
1.0,0.42513266
0.0,0.12388788
0.0,0.1563291
1.0,0.8629244
0.0,0.9213921
0.0,0.023943905
1.0,0.79843915
1.0,0.806832
1.0,0.6902412
1.0,0.45737165
0.0,0.010031665
0.0,0.004473233
1.0,0.558943
0.0,0.018888846
0.0,0.0028331815
1.0,0.97551507
1.0,0.8789355
1.0,0.9670812
0.0,0.012551022
1.0,0.24042363
0.0,0.06915209
1.0,0.7697293
1.0,0.9402091
0.0,0.005375439
1.0,0.66520107
1.0,0.64319503
0.0,0.0055463044
1.0,0.07258942
1.0,0.9416898
0.0,0.03974273
0.0,0.71027076
0.0,0.01814425
1.0,0.9521264
0.0,0.50165033
1.0,0.98075724
0.0,0.023342118
0.0,0.008159334
0.0,0.059125304
0.0,0.19559808
0.0,0.017900974
0.0,0.029366637
0.0,0.0045149983
0.0,0.79372156
1.0,0.9934267
0.0,0.008159334
0.0,0.050053935
1.0,0.68591344
0.0,0.043664195
0.0,0.0059483675
0.0,0.7320105
1.0,0.9762061
0.0,0.7378004
1.0,0.023113493
0.0,0.7025688
0.0,0.020234942
0.0,0.0027905554
0.0,0.16364571
1.0,0.9565126
0.0,0.04186416
1.0,0.97884923
0.0,0.04714145
0.0,0.45624962
1.0,0.9356903
0.0,0.01705141
0.0,0.022027036
1.0,0.93086004
0.0,0.033685368
0.0,0.032409098
0.0,0.68095404
0.0,0.06158779
0.0,0.27634743
0.0,0.727872
0.0,0.08066289
0.0,0.010464391
1.0,0.59486043
0.0,0.045258246
1.0,0.7309895
1.0,0.8484317
0.0,0.041736607
0.0,0.020859797
1.0,0.68652403
0.0,0.016655257
1.0,0.62873703
1.0,0.7120824
0.0,0.007125071
1.0,0.48959118
0.0,0.0054498552
1.0,0.5628761
0.0,0.18872146
0.0,0.12293434
1.0,0.23692194
1.0,0.947752
0.0,0.76160705
0.0,0.008960667
0.0,0.67027104
1.0,0.82094496
1.0,0.9655468
1.0,0.025550935
0.0,0.0037039607
0.0,0.17649941
1.0,0.42083412
0.0,0.44499063
1.0,0.08563335
0.0,0.08457536
1.0,0.076361954
0.0,0.40498155
0.0,0.31234607
1.0,0.5626045
0.0,0.01958012
0.0,0.71156335
0.0,0.021994188
0.0,0.84963465
0.0,0.26655728
1.0,0.033616945
1.0,0.9514043
0.0,0.30345085
1.0,0.862261
1.0,0.14206867
0.0,0.38635963
0.0,0.026760465
1.0,0.3067148
0.0,0.032352794
0.0,0.008454931
1.0,0.558943
0.0,0.00502325
0.0,0.033226203
0.0,0.048975058
0.0,0.019458797
0.0,0.40496904
1.0,0.13445857
0.0,0.12185556
0.0,0.036786057
0.0,0.076875225
1.0,0.9224621
1.0,0.97534037
0.0,0.020279348
0.0,0.046327855
1.0,0.9374879
1.0,0.47365603
0.0,0.019769946
0.0,0.13849601
0.0,0.9480189
1.0,0.5165586
0.0,0.17198764
1.0,0.38793606
1.0,0.06889707
1.0,0.94130164
1.0,0.846274
1.0,0.5490373
1.0,0.72159696
0.0,0.03323841
0.0,0.0033101737
1.0,0.18548964
0.0,0.144694
0.0,0.9751581
0.0,0.0061776964
1.0,0.968301
1.0,0.7887723
0.0,0.046052165
1.0,0.98205644
0.0,0.100898504
0.0,0.0046995906
0.0,0.061330747
0.0,0.029660473
1.0,0.25472456
1.0,0.73487866
0.0,0.108397976
0.0,0.11211785
0.0,0.079609096
0.0,0.15674236
1.0,0.0623739
1.0,0.71445066
1.0,0.9577036
1.0,0.9795658
0.0,0.9223278
1.0,0.6347392
0.0,0.1297097
1.0,0.8585874
1.0,0.25045624
1.0,0.8005084
1.0,0.881209
1.0,0.9521264
0.0,0.3085392
0.0,0.9253427
0.0,0.2282348
0.0,0.0071314066
0.0,0.14880434
1.0,0.71099275
1.0,0.858436
1.0,0.98642004
1.0,0.60444087
1.0,0.9091693
0.0,0.11734037
0.0,0.0047295988
0.0,0.029075012
0.0,0.06820177
0.0,0.030937638
1.0,0.73212284
0.0,0.24733575
0.0,0.028443133
0.0,0.13609715
0.0,0.013217151
1.0,0.65867114
0.0,0.00454514
1.0,0.71316826
1.0,0.984038
1.0,0.69648445
1.0,0.96068895
0.0,0.17946815
0.0,0.10325996
1.0,0.7132464
1.0,0.9794615
0.0,0.038588714
1.0,0.81881094
0.0,0.64795226
1.0,0.9906515
1.0,0.99369496
1.0,0.63871896
0.0,0.027242344
1.0,0.92726487
0.0,0.054370712
1.0,0.9531296
0.0,0.062654786
0.0,0.2962469
1.0,0.9855415
0.0,0.036113046
0.0,0.03178211
0.0,0.07700027
1.0,0.083375916
0.0,0.012351647
0.0,0.44136676
0.0,0.7202554
0.0,0.33523193
1.0,0.6897331
1.0,0.9677595
0.0,0.27581403
1.0,0.9366393
0.0,0.02407689
0.0,0.026015315
0.0,0.37713993
1.0,0.7189648
0.0,0.72608024
0.0,0.010559323
0.0,0.0412514
0.0,0.002600491
1.0,0.13405594
0.0,0.040400825
1.0,0.8531644
0.0,0.0033648312
0.0,0.38057613
0.0,0.3989803
1.0,0.97884923
1.0,0.8222435
0.0,0.41796502
0.0,0.009323249
0.0,0.02053003
1.0,0.9564387
1.0,0.9126202
0.0,0.006252992
1.0,0.4102518
1.0,0.4860378
1.0,0.02780823
0.0,0.62410283
1.0,0.6938841
0.0,0.25718278
1.0,0.46641922
1.0,0.7059547
0.0,0.018648941
1.0,0.18779144
1.0,0.5490324
1.0,0.10524082
1.0,0.14401811
0.0,0.024155185
0.0,0.36992705
1.0,0.26448673
0.0,0.020622402
1.0,0.8232397
1.0,0.1717692
1.0,0.5293249
0.0,0.003579852
0.0,0.31688178
1.0,0.87062806
0.0,0.38489705
0.0,0.17230281
1.0,0.72604716
0.0,0.032154884
1.0,0.748382
1.0,0.72534096
1.0,0.58207965
1.0,0.31822234
0.0,0.028639171
1.0,0.02012686
1.0,0.8402809
0.0,0.3829544
0.0,0.006324756
1.0,0.21528617
0.0,0.43677267
0.0,0.047364745
0.0,0.021530379
1.0,0.9596919
1.0,0.9786332
0.0,0.009315282
0.0,0.53470576
0.0,0.378622
0.0,0.15407231
1.0,0.87482274
1.0,0.8967816
0.0,0.89286107
0.0,0.3336999
0.0,0.01621834
0.0,0.026255857
0.0,0.9060292
1.0,0.70722973
0.0,0.0071460516
1.0,0.89780664
1.0,0.9652421
0.0,0.030099204
0.0,0.8148907
0.0,0.005133039
0.0,0.0056221904
1.0,0.9480165
0.0,0.038721092
0.0,0.02995702
1.0,0.6430918
1.0,0.033735454
1.0,0.7085025
1.0,0.9662441
0.0,0.8054063
0.0,0.44437417
0.0,0.015704464
0.0,0.47529382
0.0,0.02435578
0.0,0.0058613094
0.0,0.2658134
1.0,0.5763098
0.0,0.3088029
1.0,0.92647105
0.0,0.25207347
1.0,0.8653383
1.0,0.912635
0.0,0.18409497
1.0,0.6904811
1.0,0.8638604
0.0,0.5160704
0.0,0.0035493374
0.0,0.9654616
0.0,0.04412098
1.0,0.5348824
1.0,0.9355217
1.0,0.89059937
0.0,0.013112065
1.0,0.9626833
1.0,0.60479945
1.0,0.9389514
1.0,0.7420294
1.0,0.22798958
1.0,0.8322419
0.0,0.31975216
0.0,0.16364571
0.0,0.024068486
1.0,0.9310743
0.0,0.009345418
0.0,0.21043345
1.0,0.9756481
0.0,0.0162719
0.0,0.34337047
0.0,0.12805815
0.0,0.006284577
0.0,0.028994184
1.0,0.963208
1.0,0.719847
0.0,0.008345464
0.0,0.73500204
1.0,0.14189371
0.0,0.047025323
0.0,0.051717497
1.0,0.38057613
1.0,0.056665026
1.0,0.9097036
0.0,0.095128246
0.0,0.008013847
0.0,0.011960152
0.0,0.005830941
0.0,0.022147145
0.0,0.016521787
0.0,0.3029837
1.0,0.71511424
0.0,0.12363396
0.0,0.072750375
1.0,0.8534149
1.0,0.86356276
0.0,0.045187447
0.0,0.010979781
0.0,0.022445794
0.0,0.38057613
1.0,0.5006283
0.0,0.016175801
0.0,0.101399496
1.0,0.86784536
1.0,0.9651321
1.0,0.69151175
1.0,0.31823725
1.0,0.92011136
1.0,0.73928595
1.0,0.7016249
0.0,0.8656429
1.0,0.6471685
1.0,0.74510133
1.0,0.9866101
0.0,0.23655744
0.0,0.006438759
0.0,0.0054261624
0.0,0.03106592
1.0,0.981262
1.0,0.8077838
0.0,0.02665723
0.0,0.012848938
1.0,0.81631947
0.0,0.0488554
1.0,0.97986573
0.0,0.038769584
1.0,0.95418227
0.0,0.11195655
0.0,0.3193997
0.0,0.042453863
0.0,0.03495732
1.0,0.9699899
0.0,0.026374647
1.0,0.50036013
1.0,0.92833364
0.0,0.025958385
0.0,0.046611078
1.0,0.2270334
0.0,0.0028677762
1.0,0.983891
0.0,0.034327373
0.0,0.008596703
0.0,0.015102023
1.0,0.93263644
0.0,0.10338066
1.0,0.82085705
0.0,0.029377293
0.0,0.31509203
1.0,0.52858555
1.0,0.9722091
1.0,0.27156892
0.0,0.027521547
1.0,0.910062
1.0,0.5006283
1.0,0.04766789
0.0,0.006146601
1.0,0.6326775
0.0,0.030839777
0.0,0.038109954
0.0,0.008082321
1.0,0.9635636
1.0,0.8634361
0.0,0.4020873
1.0,0.972993
0.0,0.01503286
1.0,0.07261555
1.0,0.9539835
1.0,0.92163974
0.0,0.13957812
0.0,0.021738056
0.0,0.0066046654
0.0,0.03148828
0.0,0.08201202
0.0,0.003900981
0.0,0.62542975
0.0,0.045571126
1.0,0.9123076
1.0,0.54566777
1.0,0.869542
1.0,0.30025235
0.0,0.2610392
0.0,0.03751245
0.0,0.03230334
1.0,0.64088947
1.0,0.97332174
1.0,0.8005084
0.0,0.12388788
0.0,0.030743375
0.0,0.043643106
1.0,0.9571394
0.0,0.9560417
0.0,0.03460597
0.0,0.6912937
0.0,0.95737827
1.0,0.050010405
0.0,0.0031014294
0.0,0.6423985
1.0,0.94061553
0.0,0.018781641
0.0,0.83633614
0.0,0.0532917
0.0,0.024470147
0.0,0.012371659
1.0,0.9107232
1.0,0.86827815
1.0,0.8513957
0.0,0.02245256
0.0,0.9273113
0.0,0.0034331768
0.0,0.11734037
0.0,0.96642065
0.0,0.77960646
0.0,0.121580265
1.0,0.869542
0.0,0.005489203
0.0,0.065421835
1.0,0.009535709
0.0,0.049119495
1.0,0.5006283
1.0,0.25155708
1.0,0.043664195
0.0,0.71555287
0.0,0.6347392
0.0,0.0069698156
1.0,0.16940503
0.0,0.0024064898
0.0,0.42467293
0.0,0.18558747
0.0,0.7108949
0.0,0.33230785
0.0,0.022521606
1.0,0.96586716
0.0,0.004727468
0.0,0.2526347
0.0,0.03139477
0.0,0.2453965
0.0,0.016535345
1.0,0.95803756
1.0,0.6641892
1.0,0.9604212
1.0,0.9013425
0.0,0.029358119
0.0,0.5096335
0.0,0.0035346537
1.0,0.9549427
1.0,0.72607267
1.0,0.96811664
0.0,0.44511145
0.0,0.04956915
1.0,0.9373953
0.0,0.018080074
0.0,0.002628812
0.0,0.010201439
0.0,0.027884742
1.0,0.01520102
0.0,0.0029931217
0.0,0.0062929452
1.0,0.99415934
1.0,0.34178776
0.0,0.011458203
1.0,0.88448894
0.0,0.021471959
0.0,0.9298771
1.0,0.77995586
0.0,0.019687701
1.0,0.71681273
1.0,0.8077838
0.0,0.86928445
0.0,0.27614135
1.0,0.42196798
1.0,0.5628761
0.0,0.011712089
0.0,0.0047232597
0.0,0.056819238
0.0,0.015512791
0.0,0.012168425
0.0,0.07963133
0.0,0.013152296
1.0,0.6826621
1.0,0.69812876
0.0,0.6015593
0.0,0.020597523
0.0,0.065421835
0.0,0.016018208
0.0,0.045629956
1.0,0.9605278
0.0,0.9711067
0.0,0.013179195
0.0,0.013490039
0.0,0.060266674
0.0,0.8571919
0.0,0.12081748
0.0,0.3797132
0.0,0.002467528
1.0,0.9449013
1.0,0.89975756
0.0,0.079609096
0.0,0.0035790503
0.0,0.008259201
1.0,0.5763098
0.0,0.022335995
0.0,0.005890891
1.0,0.21528617
1.0,0.6817484
0.0,0.7179979
0.0,0.033222027
1.0,0.3797132
1.0,0.09689784
0.0,0.015561578
1.0,0.8262087
0.0,0.014335036
0.0,0.31847233
1.0,0.96563226
0.0,0.009095085
0.0,0.16388343
1.0,0.9614682
1.0,0.7113907
1.0,0.66719186
1.0,0.93949354
0.0,0.003739801
0.0,0.008629647
1.0,0.963713
0.0,0.005647266
0.0,0.88802975
0.0,0.061828636
0.0,0.119272456
0.0,0.022162879
1.0,0.6904811
1.0,0.31412262
0.0,0.35957474
1.0,0.09718164
1.0,0.38988665
0.0,0.0033947348
0.0,0.00681653
0.0,0.065818645
1.0,0.97775525
0.0,0.59403765
1.0,0.9891578
0.0,0.040559996
0.0,0.022162879
0.0,0.24942693
1.0,0.681348
1.0,0.8498639
0.0,0.029168975
0.0,0.057028256
0.0,0.003245324
1.0,0.06259729
0.0,0.010494572
0.0,0.0037385137
1.0,0.15612598
1.0,0.9726242
1.0,0.98245585
0.0,0.004213163
1.0,0.9910105
1.0,0.9850384
1.0,0.81665677
1.0,0.8670713
0.0,0.03175756
1.0,0.9704752
1.0,0.86956775
1.0,0.36346495
1.0,0.8288846
0.0,0.9926006
1.0,0.09857259
1.0,0.9711067
1.0,0.42509675
0.0,0.009226611
1.0,0.5468383
0.0,0.61633456
1.0,0.46488625
1.0,0.4102518
1.0,0.98373204
1.0,0.6637396
0.0,0.0047231764
0.0,0.7155892
1.0,0.947752
0.0,0.60931385
0.0,0.010865894
0.0,0.0024064898
0.0,0.026764816
0.0,0.2702127
1.0,0.9749915
1.0,0.9807846
1.0,0.1365491
0.0,0.005957654
0.0,0.0095457705
0.0,0.0046776296
0.0,0.04798383
0.0,0.7154373
1.0,0.032435343
0.0,0.032092772
0.0,0.027580876
0.0,0.040789384
0.0,0.32970726
1.0,0.84156275
0.0,0.3585786
0.0,0.83736295
0.0,0.2127184
1.0,0.33590618
1.0,0.46478468
0.0,0.051717497
0.0,0.016803334
0.0,0.6001242
1.0,0.94727325
1.0,0.2134364
1.0,0.984038
0.0,0.14137438
1.0,0.15506977
0.0,0.015304545
0.0,0.4875083
0.0,0.0052888454
0.0,0.022274906
0.0,0.002448064
1.0,0.08353176
1.0,0.8792659
0.0,0.058184516
0.0,0.025894057
1.0,0.9808923
1.0,0.9639635
0.0,0.10273447
1.0,0.025641179
0.0,0.08093228
0.0,0.023460686
1.0,0.9741041
0.0,0.0027202934
1.0,0.9878812
0.0,0.08625895
1.0,0.69628054
0.0,0.040301643
0.0,0.007502082
1.0,0.97873497
1.0,0.6172242
0.0,0.0412514
0.0,0.94333684
0.0,0.9457615
1.0,0.72057575
0.0,0.012965399
1.0,0.9605299
0.0,0.010651085
0.0,0.035644658
0.0,0.06844975
1.0,0.9738784
0.0,0.008613137
0.0,0.030099854
0.0,0.095128246
0.0,0.08625895
1.0,0.71451604
0.0,0.022008788
0.0,0.010201439
1.0,0.96400833
1.0,0.66131043
1.0,0.93905544
1.0,0.81578493
0.0,0.0056700557
0.0,0.066395625
0.0,0.7931221
1.0,0.97408235
1.0,0.8534025
1.0,0.80236876
0.0,0.13758953
1.0,0.81665677
0.0,0.0025142343
0.0,0.003581956
1.0,0.90121967
1.0,0.19241676
0.0,0.24250372
0.0,0.03231711
1.0,0.92091054
1.0,0.43029064
1.0,0.81025934
1.0,0.24532537
0.0,0.15626462
0.0,0.020977277
1.0,0.57797307
1.0,0.7352954
0.0,0.042701244
0.0,0.025403729
0.0,0.012703339
0.0,0.008625403
0.0,0.03257812
1.0,0.787519
1.0,0.90162694
0.0,0.5520668
0.0,0.0079814885
0.0,0.049030438
1.0,0.81419486
1.0,0.8887929
1.0,0.45587176
0.0,0.030839777
1.0,0.98675996
1.0,0.7281271
0.0,0.8077838
0.0,0.59281445
1.0,0.9742238
0.0,0.01718543
0.0,0.73485917
1.0,0.759283
0.0,0.12764248
1.0,0.9674737
0.0,0.004090816
1.0,0.9837948
0.0,0.0054404438
0.0,0.0067195445
0.0,0.41554856
1.0,0.13815455
1.0,0.9844058
1.0,0.71445066
0.0,0.038106553
0.0,0.019963775
1.0,0.13383135
1.0,0.94211876
0.0,0.047952734
0.0,0.60141575
1.0,0.9642452
1.0,0.38988665
1.0,0.6448277
0.0,0.0077610286
0.0,0.041739568
0.0,0.79877853
1.0,0.033735454
0.0,0.9939791
0.0,0.67547524
0.0,0.009210214
0.0,0.3114058
0.0,0.027495574
0.0,0.030382166
1.0,0.95848256
1.0,0.9529191
1.0,0.027521547
1.0,0.71219814
1.0,0.85409725
1.0,0.9366393
1.0,0.056665026
0.0,0.006657481
1.0,0.80517036
0.0,0.4316357
0.0,0.012210643
1.0,0.9553916
0.0,0.4123799
0.0,0.002621138
0.0,0.012861788
0.0,0.037171252
1.0,0.7016249
1.0,0.28193802
1.0,0.29538625
0.0,0.0020823001
0.0,0.005486688
1.0,0.8129193
0.0,0.42164713
1.0,0.98488474
0.0,0.0027826787
0.0,0.017870978
1.0,0.9572276
0.0,0.032051567
0.0,0.91228807
0.0,0.0033981502
0.0,0.027844438
0.0,0.7154373
1.0,0.027301956
0.0,0.011380863
0.0,0.007520169
0.0,0.3750205
1.0,0.06457899
1.0,0.93190825
0.0,0.013112065
0.0,0.008428288
0.0,0.03600035
1.0,0.11996986
0.0,0.033735454
0.0,0.033616945
1.0,0.74171317
0.0,0.057569552
0.0,0.024383819
0.0,0.38529852
0.0,0.95139056
1.0,0.97134703
1.0,0.614591
1.0,0.14437777
1.0,0.86956775
0.0,0.05981779
0.0,0.101956084
0.0,0.007945767
1.0,0.07208466
0.0,0.005972651
0.0,0.003230232
0.0,0.0028392165
0.0,0.07261815
0.0,0.041059036
1.0,0.48984623
0.0,0.25716522
0.0,0.5514265
1.0,0.99369496
1.0,0.44359952
1.0,0.71720374
0.0,0.0055152923
0.0,0.031885706
0.0,0.030912897
0.0,0.5974165
0.0,0.00655497
0.0,0.8208586
0.0,0.0856485
1.0,0.7087399
1.0,0.9228571
0.0,0.7238344
1.0,0.723184
0.0,0.02130627
0.0,0.014473284
0.0,0.004475507
1.0,0.6452943
0.0,0.0047976286
1.0,0.94211876
0.0,0.23655744
1.0,0.81631947
1.0,0.98395073
0.0,0.003245324
0.0,0.03726179
1.0,0.9699377
0.0,0.43105745
0.0,0.016763622
0.0,0.18751034
1.0,0.7232698
1.0,0.85941505
0.0,0.5382759
0.0,0.02053003
1.0,0.9629593
1.0,0.90540254
1.0,0.77834666
0.0,0.016369056
0.0,0.5827755
0.0,0.807906
0.0,0.58801425
1.0,0.10567342
0.0,0.14661574
1.0,0.83116406
1.0,0.5685828
0.0,0.020923298
0.0,0.45106325
0.0,0.0027010948
0.0,0.014946207
0.0,0.033191107
0.0,0.013890329
0.0,0.02442061
0.0,0.5925959
0.0,0.25774926
0.0,0.88063467
0.0,0.32531354
1.0,0.6490742
1.0,0.68630445
0.0,0.020256534
1.0,0.7063574
0.0,0.009013727
1.0,0.994055
0.0,0.25908557
0.0,0.036833
1.0,0.95095074
0.0,0.14319745
0.0,0.017914271
0.0,0.008468693
0.0,0.019338334
0.0,0.054767717
0.0,0.028863385
0.0,0.16674614
1.0,0.59331304
0.0,0.22676869
1.0,0.06844975
0.0,0.2773427
1.0,0.9311221
0.0,0.0024345606
0.0,0.009928951
1.0,0.65449774
0.0,0.023729283
0.0,0.003684458
0.0,0.004913971
1.0,0.8992845
1.0,0.95096207
0.0,0.50794804
1.0,0.6923368
0.0,0.008454931
0.0,0.019066866
0.0,0.13383135
1.0,0.7522194
0.0,0.0066013397
0.0,0.71642965
0.0,0.014831197
0.0,0.011971911
1.0,0.83633614
1.0,0.031786453
0.0,0.002597013
0.0,0.12013402
0.0,0.013776684
1.0,0.72495335
0.0,0.022420753
1.0,0.02438783
1.0,0.9521264
0.0,0.24730118
0.0,0.015586096
1.0,0.8838917
0.0,0.013643697
0.0,0.31553945
0.0,0.73525655
0.0,0.011144191
0.0,0.0024024516
1.0,0.7281271
1.0,0.70068294
0.0,0.0044121593
0.0,0.059682228
0.0,0.030099858
1.0,0.3686891
0.0,0.84346354
0.0,0.03495732
0.0,0.015793433
1.0,0.64659
0.0,0.018200383
0.0,0.0071691154
0.0,0.0039200066
0.0,0.01853246
0.0,0.032934092
1.0,0.49071318
1.0,0.27868706
0.0,0.009928951
0.0,0.019100666
0.0,0.0033845664
0.0,0.008545062
0.0,0.004742625
0.0,0.6820097
1.0,0.9235231
1.0,0.69401824
0.0,0.014751017
1.0,0.89311284
0.0,0.015279683
1.0,0.7298818
0.0,0.010171041
0.0,0.029574966
0.0,0.05416199
1.0,0.9688047
0.0,0.027076434
0.0,0.011820743
0.0,0.12660493
0.0,0.073216304
0.0,0.012718877
0.0,0.05046072
0.0,0.81665677
0.0,0.3136639
0.0,0.01706048
0.0,0.0035497756
0.0,0.0064552366
0.0,0.00388045
0.0,0.8451587
1.0,0.38988665
1.0,0.22546408
0.0,0.07390117
0.0,0.026764816
1.0,0.8123025
0.0,0.07437102
0.0,0.01123477
0.0,0.009793493
1.0,0.7150156
1.0,0.98826283
0.0,0.24357367
0.0,0.0055906386
1.0,0.8588975
0.0,0.015448948
0.0,0.81631947
0.0,0.21092077
0.0,0.010201439
0.0,0.9662441
0.0,0.031476755
1.0,0.3797132
0.0,0.084557995
0.0,0.23137338
0.0,0.21477012
1.0,0.53268856
1.0,0.99300873
1.0,0.87816346
1.0,0.40703988
0.0,0.18084225
0.0,0.005493966
1.0,0.9780898
0.0,0.016099151
1.0,0.043664195
0.0,0.26769647
1.0,0.9104506
1.0,0.98451596
1.0,0.9338396
0.0,0.021741968
0.0,0.029025936
0.0,0.8385402
1.0,0.95485985
0.0,0.027593711
0.0,0.005644438
0.0,0.011547884
0.0,0.024870623
0.0,0.1563291
0.0,0.04110821
1.0,0.22045633
0.0,0.38489705
0.0,0.035079643
1.0,0.5945103
0.0,0.0028889566
0.0,0.04734143
1.0,0.49098673
0.0,0.022733962
0.0,0.032009363
0.0,0.006250727
0.0,0.350743
1.0,0.9726242
1.0,0.5853314
0.0,0.011989874
0.0,0.016937241
1.0,0.9140409
1.0,0.8274229
0.0,0.0026107132
0.0,0.044975318
0.0,0.009726873
0.0,0.77258205
0.0,0.23615833
1.0,0.97534037
1.0,0.8312305
0.0,0.03324742
0.0,0.02435578
0.0,0.0042063743
0.0,0.67717993
1.0,0.9849843
0.0,0.013709813
0.0,0.03321109
1.0,0.8804186
0.0,0.4323589
0.0,0.006612116
1.0,0.91855323
1.0,0.6141223
1.0,0.77995586
0.0,0.045410357
1.0,0.87437
0.0,0.21138494
1.0,0.7019342
1.0,0.9884609
0.0,0.053415157
1.0,0.38635963
1.0,0.9473612
0.0,0.018856123
0.0,0.039617687
0.0,0.19737637
0.0,0.46283436
0.0,0.0047757537
0.0,0.031168785
0.0,0.014729435
0.0,0.0063938797
0.0,0.24733575
0.0,0.6170586
1.0,0.9081317
0.0,0.23413393
0.0,0.042645317
1.0,0.9013425
0.0,0.16607924
0.0,0.069280185
1.0,0.8607971
0.0,0.0136423735
1.0,0.62873703
0.0,0.5218756
0.0,0.013994718
0.0,0.007915097
0.0,0.007811946
0.0,0.95846653
1.0,0.056897253
0.0,0.7190043
1.0,0.6321138
0.0,0.0044960408
1.0,0.14517213
0.0,0.16629347
0.0,0.031058813
0.0,0.06758412
0.0,0.040176
0.0,0.66991085
0.0,0.008013847
0.0,0.55617434
0.0,0.03497701
0.0,0.5353993
1.0,0.8992845
0.0,0.0138297705
0.0,0.25774926
0.0,0.2495753
0.0,0.3734954
0.0,0.889254
1.0,0.33590618
1.0,0.9562906
1.0,0.99258196
0.0,0.21033224
1.0,0.9655468
0.0,0.03910183
1.0,0.98993695
0.0,0.007997835
0.0,0.011151105
0.0,0.0029611439
1.0,0.377538
1.0,0.49957848
0.0,0.6947075
1.0,0.19590378
1.0,0.9706931
0.0,0.09094057
1.0,0.19559808
1.0,0.9205779
0.0,0.07977595
1.0,0.25928825
0.0,0.19976458
0.0,0.009843704
0.0,0.95080125
0.0,0.23165016
0.0,0.0034537911
0.0,0.02103581
1.0,0.65013516
1.0,0.47272047
0.0,0.9840183
1.0,0.74965197
0.0,0.010306266
1.0,0.96669245
0.0,0.025716728
1.0,0.9584199
0.0,0.040441167
0.0,0.86143017
1.0,0.38988665
0.0,0.20104945
0.0,0.19880164
0.0,0.0032301426
1.0,0.87073576
1.0,0.9949417
0.0,0.0023569255
1.0,0.9916935
1.0,0.8663114
1.0,0.96367913
0.0,0.0064219683
0.0,0.9874724
0.0,0.014922875
0.0,0.20609093
0.0,0.28256986
1.0,0.26109713
0.0,0.27404237
0.0,0.082601056
0.0,0.008082321
1.0,0.9688047
0.0,0.03763206
0.0,0.007754871
0.0,0.004132256
0.0,0.027385786
0.0,0.6714297
0.0,0.010197634
0.0,0.2333068
1.0,0.97298956
0.0,0.27594525
0.0,0.97515047
1.0,0.9273113
0.0,0.038407657
0.0,0.0049715517
0.0,0.0070306184
0.0,0.0047232597
1.0,0.9553916
1.0,0.87230855
0.0,0.33357516
1.0,0.71548086
1.0,0.97867143
0.0,0.57626545
1.0,0.99300873
1.0,0.99598503
1.0,0.31849304
0.0,0.0073485197
1.0,0.56423116
0.0,0.062052526
0.0,0.041710846
1.0,0.587041
0.0,0.874488
0.0,0.44592515
0.0,0.025699198
0.0,0.4332854
1.0,0.9496833
0.0,0.0246849
1.0,0.55109835
1.0,0.71445066
0.0,0.062476553
0.0,0.0075885532
1.0,0.9591707
0.0,0.025677284
1.0,0.09689784
1.0,0.9466778
0.0,0.016837498
1.0,0.9940809
0.0,0.005480042
0.0,0.026550282
0.0,0.5413524
0.0,0.15821943
0.0,0.3883914
0.0,0.14947814
0.0,0.014870381
1.0,0.6883086
0.0,0.0051783114
1.0,0.86675775
0.0,0.5871212
0.0,0.033296116
0.0,0.058804236
1.0,0.92255574
0.0,0.03730964
1.0,0.47871447
1.0,0.24532537
0.0,0.05338154
1.0,0.85831606
1.0,0.9399268
1.0,0.73487866
1.0,0.95243376
0.0,0.031963024
0.0,0.023565441
0.0,0.007411939
1.0,0.876246
0.0,0.00681653
1.0,0.9104506
0.0,0.07845249
0.0,0.76625097
1.0,0.9524767
1.0,0.2896093
1.0,0.57695067
0.0,0.7360209
0.0,0.014673457
0.0,0.09210445
1.0,0.9802038
0.0,0.013186065
1.0,0.9338396
1.0,0.96678936
1.0,0.9840183
0.0,0.013950095
0.0,0.005864522
1.0,0.27750212
0.0,0.044996876
0.0,0.041874833
1.0,0.8117615
1.0,0.69784296
0.0,0.45158538
0.0,0.013294077
0.0,0.012111339
1.0,0.9481891
1.0,0.8675445
1.0,0.4377266
0.0,0.0021376132
0.0,0.060058825
0.0,0.0044865636
0.0,0.012916496
0.0,0.0026204556
1.0,0.8781066
0.0,0.008454931
0.0,0.0028541326
0.0,0.33738452
0.0,0.20373213
0.0,0.42282787
0.0,0.42183536
0.0,0.0051707565
0.0,0.24959473
0.0,0.030998517
0.0,0.0113927545
0.0,0.004742625
1.0,0.31804463
1.0,0.8623843
0.0,0.51299983
0.0,0.14718911
0.0,0.9213921
0.0,0.15026793
1.0,0.03356264
0.0,0.0039736154
1.0,0.82914364
0.0,0.0128826555
0.0,0.017467644
1.0,0.89099014
1.0,0.9766418
0.0,0.28950095
0.0,0.055948388
1.0,0.31634182
0.0,0.12781857
0.0,0.452279
0.0,0.97628176
0.0,0.038946334
0.0,0.018200383
1.0,0.8606739
1.0,0.8482334
1.0,0.2570033
0.0,0.56130165
0.0,0.0036097646
0.0,0.7169726
0.0,0.06845017
1.0,0.9275484
0.0,0.006624222
1.0,0.23433809
0.0,0.025175363
1.0,0.7194584
1.0,0.92798185
0.0,0.25030544
1.0,0.10745969
0.0,0.72538495
0.0,0.014249235
1.0,0.71650475
1.0,0.6122099
0.0,0.018661568
0.0,0.2940958
0.0,0.69840896
0.0,0.7761838
1.0,0.91471213
0.0,0.085520364
0.0,0.18438527
0.0,0.0065556974
1.0,0.94591635
0.0,0.030197497
0.0,0.58172995
1.0,0.6483711
0.0,0.00333786
1.0,0.92647105
0.0,0.8259718
0.0,0.06464063
1.0,0.77911997
1.0,0.71156335
0.0,0.5085685
1.0,0.96913576
0.0,0.015630478
1.0,0.061804164
1.0,0.5634245
1.0,0.9501029
1.0,0.8664955
0.0,0.046821833
1.0,0.70546716
0.0,0.0055065006
1.0,0.31265312
0.0,0.013883558
0.0,0.022865083
0.0,0.89286107
1.0,0.98886234
1.0,0.65294755
0.0,0.12013402
0.0,0.4184935
0.0,0.0066991774
1.0,0.7968236
0.0,0.0040574046
1.0,0.7272461
1.0,0.86348534
1.0,0.2427237
0.0,0.029754883
0.0,0.9005539
1.0,0.9501029
1.0,0.9939374
1.0,0.75843966
1.0,0.5490373
0.0,0.02053003
1.0,0.66520107
0.0,0.2638589
0.0,0.41190067
0.0,0.002179897
0.0,0.010609642
0.0,0.36263496
1.0,0.9154521
1.0,0.9453977
1.0,0.4269166
1.0,0.71669304
1.0,0.9942403
1.0,0.9742867
0.0,0.10195265
0.0,0.035255484
1.0,0.9440111
0.0,0.0072884946
0.0,0.016416539
0.0,0.2983779
1.0,0.14261273
1.0,0.81802905
0.0,0.018371895
1.0,0.86607486
0.0,0.025343198
1.0,0.6290041
0.0,0.8676759
1.0,0.48350614
1.0,0.074553154
1.0,0.86148226
0.0,0.0041028084
0.0,0.95846385
0.0,0.033558134
0.0,0.5614944
1.0,0.05105219
0.0,0.088865414
1.0,0.994424
1.0,0.94061553
0.0,0.031666003
0.0,0.01307863
1.0,0.9864124
0.0,0.7689523
1.0,0.07071597
0.0,0.020622402
1.0,0.8775407
0.0,0.026443522
0.0,0.02256679
1.0,0.49957848
0.0,0.7145346
0.0,0.871762
0.0,0.3019839
0.0,0.27592888
0.0,0.5354785
1.0,0.98721707
1.0,0.56157196
0.0,0.37773764
0.0,0.019066866
1.0,0.863434
0.0,0.007037112
0.0,0.67031825
0.0,0.06602981
0.0,0.74002665
1.0,0.9251784
0.0,0.0051783114
1.0,0.6288981
1.0,0.6374572
1.0,0.7178331
0.0,0.0040699453
0.0,0.85072374
1.0,0.34487885
0.0,0.16715032
0.0,0.22444089
1.0,0.89991635
1.0,0.9838575
0.0,0.29500756
0.0,0.015215382
1.0,0.9154521
0.0,0.05442468
0.0,0.28193802
1.0,0.9726286
1.0,0.98150396
1.0,0.18998316
1.0,0.47460142
0.0,0.010759577
1.0,0.040674992
0.0,0.013611612
0.0,0.25718278
0.0,0.15137395
0.0,0.026976207
1.0,0.9564387
0.0,0.01416935
0.0,0.13258062
0.0,0.031471733
0.0,0.20412059
1.0,0.9669589
0.0,0.068842664
0.0,0.0055650324
0.0,0.66492546
0.0,0.019095918
1.0,0.46340433
0.0,0.03091613
1.0,0.7169726
0.0,0.038109954
1.0,0.9889218
0.0,0.008601686
0.0,0.010089141
0.0,0.25908557
0.0,0.00502325
0.0,0.006345761
1.0,0.9692725
0.0,0.01073989
0.0,0.07010765
0.0,0.023613801
0.0,0.01615676
0.0,0.01416935
1.0,0.27547175
1.0,0.10232208
1.0,0.9262185
1.0,0.994424
0.0,0.08252372
1.0,0.7128254
1.0,0.96639645
0.0,0.023902243
0.0,0.039277874
1.0,0.9537667
1.0,0.7016249
1.0,0.99365836
0.0,0.23870759
0.0,0.35100836
0.0,0.1581777
0.0,0.164354
0.0,0.003025204
0.0,0.07309119
0.0,0.013499593
1.0,0.31864905
0.0,0.97779673
1.0,0.97408235
0.0,0.031666003
0.0,0.04763005
1.0,0.60270244
0.0,0.00454514
1.0,0.46165666
0.0,0.957619
1.0,0.67717993
0.0,0.028938744
0.0,0.018675055
0.0,0.012632549
0.0,0.34638518
0.0,0.009641158
0.0,0.009465086
0.0,0.15509722
0.0,0.604898
1.0,0.7386305
1.0,0.7098149
0.0,0.048423428
0.0,0.043164443
0.0,0.020747012
0.0,0.10299559
1.0,0.9035239
0.0,0.01719822
0.0,0.0045434264
0.0,0.6751455
0.0,0.011426833
1.0,0.38983837
0.0,0.034343243
0.0,0.020256534
0.0,0.003579852
1.0,0.9705102
0.0,0.16382074
1.0,0.92307377
0.0,0.02235212
0.0,0.026075715
1.0,0.97987604
0.0,0.07845249
0.0,0.01769201
1.0,0.9624175
1.0,0.19200262
0.0,0.0067646625
0.0,0.3829544
1.0,0.65013516
0.0,0.03548759
0.0,0.02691787
0.0,0.6526312
1.0,0.642512
0.0,0.053960014
1.0,0.740826
0.0,0.0072579803
1.0,0.73929805
1.0,0.9737331
0.0,0.057704248
0.0,0.036476985
1.0,0.65294755
0.0,0.018289542
1.0,0.9782756
0.0,0.9837948
0.0,0.8029598
1.0,0.963208
1.0,0.9749915
1.0,0.9575861
1.0,0.9345347
0.0,0.031369247
1.0,0.09165321
1.0,0.92647105
0.0,0.020835754
1.0,0.17741236
0.0,0.004752338
1.0,0.91661775
1.0,0.2156533
1.0,0.91792506
0.0,0.3562672
0.0,0.0031900913
1.0,0.81196356
1.0,0.975121
1.0,0.96467525
0.0,0.0140430955
1.0,0.9374879
1.0,0.9699377
1.0,0.9463581
1.0,0.12262712
0.0,0.027560899
0.0,0.32709217
1.0,0.5954111
1.0,0.8842818
1.0,0.7128254
0.0,0.007997835
1.0,0.15525976
1.0,0.62542975
1.0,0.085552916
1.0,0.9355217
0.0,0.03231711
0.0,0.036338724
0.0,0.010559323
0.0,0.10390399
0.0,0.011005071
0.0,0.95854414
0.0,0.13804989
