0.0,0.43874937
0.0,0.6582018
1.0,0.20028433
0.0,0.16854899
1.0,0.55247074
0.0,0.15426204
1.0,0.9050644
1.0,0.7088781
1.0,0.42703786
0.0,0.055547237
0.0,0.4303661
1.0,0.8182823
0.0,0.057439804
0.0,0.3367912
0.0,0.12826315
0.0,0.15551181
1.0,0.60422295
0.0,0.17123151
0.0,0.05251115
1.0,0.42659625
1.0,0.2670745
0.0,0.1631738
1.0,0.5854
0.0,0.12066402
0.0,0.04783271
1.0,0.4827694
0.0,0.17129692
1.0,0.75080156
0.0,0.13327271
1.0,0.8693029
0.0,0.113783404
0.0,0.24815579
1.0,0.8246924
1.0,0.9439233
1.0,0.7757568
1.0,0.93086797
1.0,0.74608064
0.0,0.14969017
1.0,0.5758127
1.0,0.42136502
1.0,0.830932
1.0,0.8730259
0.0,0.086241916
1.0,0.80085546
1.0,0.7412765
0.0,0.056504212
0.0,0.05132544
0.0,0.15245435
0.0,0.07003756
1.0,0.86768067
0.0,0.23155685
1.0,0.76488197
1.0,0.90809774
1.0,0.61419594
0.0,0.07558793
0.0,0.06535299
0.0,0.22509274
1.0,0.15924989
1.0,0.62841403
1.0,0.28967354
1.0,0.802172
0.0,0.54454654
1.0,0.91319865
1.0,0.77264214
1.0,0.7590561
0.0,0.27663627
0.0,0.3944891
1.0,0.8038284
0.0,0.051011108
1.0,0.6849439
0.0,0.29538578
1.0,0.8219147
0.0,0.043993372
0.0,0.17621863
1.0,0.4810013
0.0,0.42435068
0.0,0.055070855
0.0,0.3141345
0.0,0.12296449
1.0,0.6436065
0.0,0.07768853
1.0,0.9150554
1.0,0.9021799
1.0,0.9298798
1.0,0.89465237
1.0,0.7514247
1.0,0.91973144
0.0,0.3883174
0.0,0.100074634
1.0,0.679463
0.0,0.07196163
1.0,0.18280251
0.0,0.10321245
0.0,0.5939525
0.0,0.3951731
1.0,0.87382364
0.0,0.18072489
0.0,0.15383044
0.0,0.15924989
1.0,0.44924864
1.0,0.8807219
0.0,0.06783583
0.0,0.10848834
1.0,0.2197698
0.0,0.1754895
0.0,0.41519147
1.0,0.75327957
1.0,0.14584786
1.0,0.93086797
0.0,0.18787202
1.0,0.0955279
1.0,0.93743074
1.0,0.8283657
0.0,0.12524891
1.0,0.112088464
0.0,0.10870229
0.0,0.14397426
1.0,0.36020786
0.0,0.1630566
1.0,0.74186003
1.0,0.40616623
1.0,0.91534615
0.0,0.22462216
1.0,0.939472
0.0,0.48465934
0.0,0.07141162
0.0,0.21640047
1.0,0.48130307
0.0,0.11425543
0.0,0.38570616
1.0,0.8381602
1.0,0.6813548
1.0,0.8629034
0.0,0.08589297
0.0,0.08100189
1.0,0.3587239
1.0,0.85762614
0.0,0.6854079
0.0,0.090418756
0.0,0.083856806
0.0,0.19436829
0.0,0.113721594
1.0,0.70514834
1.0,0.2197698
0.0,0.20789175
1.0,0.3666615
0.0,0.13138671
0.0,0.050563015
0.0,0.038870044
1.0,0.3444806
0.0,0.07540246
0.0,0.11186721
0.0,0.16462287
0.0,0.102963306
0.0,0.050602354
0.0,0.09638381
0.0,0.7914543
0.0,0.28841448
1.0,0.81953657
0.0,0.05956406
0.0,0.064572014
1.0,0.9549378
0.0,0.087478556
0.0,0.58363223
0.0,0.31890938
0.0,0.0772954
0.0,0.2567461
1.0,0.85131943
0.0,0.14711304
1.0,0.5308083
0.0,0.19444472
0.0,0.14317426
1.0,0.62672454
0.0,0.7767827
0.0,0.7807382
0.0,0.7002586
0.0,0.04517803
1.0,0.6811743
1.0,0.7758487
0.0,0.123639986
1.0,0.5789655
0.0,0.27835426
1.0,0.7942347
1.0,0.6074728
1.0,0.7018374
1.0,0.5304028
1.0,0.8797604
0.0,0.7856309
0.0,0.09519531
0.0,0.06213244
0.0,0.85979176
0.0,0.117181264
0.0,0.064598896
1.0,0.33624297
0.0,0.048582878
0.0,0.76349413
1.0,0.70795757
1.0,0.681723
1.0,0.78441215
0.0,0.059847366
0.0,0.19372618
0.0,0.14100109
1.0,0.108600534
0.0,0.21327427
0.0,0.6807072
0.0,0.44907656
0.0,0.3676019
0.0,0.16174617
1.0,0.18738309
0.0,0.15051737
1.0,0.3178376
0.0,0.10439596
0.0,0.24356174
0.0,0.04351685
1.0,0.8478157
0.0,0.20617501
0.0,0.23102462
0.0,0.15008077
0.0,0.12390045
0.0,0.7962989
0.0,0.15273714
1.0,0.9312916
0.0,0.117469415
0.0,0.13067742
1.0,0.7507797
1.0,0.85856164
0.0,0.29051644
0.0,0.058845498
0.0,0.050035335
0.0,0.10121761
0.0,0.11973269
0.0,0.17114863
1.0,0.737503
0.0,0.18064444
1.0,0.6517116
0.0,0.06688042
1.0,0.67890626
1.0,0.32592976
0.0,0.15621471
0.0,0.19007404
0.0,0.071184315
1.0,0.8001873
1.0,0.70046246
1.0,0.9004653
1.0,0.6391541
0.0,0.049881782
0.0,0.49765605
1.0,0.93043596
0.0,0.58327925
0.0,0.15801719
0.0,0.13357417
0.0,0.14406464
0.0,0.19225998
0.0,0.14308885
0.0,0.20865175
1.0,0.3497778
0.0,0.116236374
0.0,0.30391645
0.0,0.14466058
1.0,0.77645624
1.0,0.64857227
0.0,0.088134415
0.0,0.1491454
0.0,0.11540816
1.0,0.7907249
0.0,0.13770576
0.0,0.04800723
0.0,0.09236307
0.0,0.069101036
1.0,0.795297
1.0,0.518531
1.0,0.945799
0.0,0.14844161
0.0,0.086241916
1.0,0.8445163
0.0,0.14246203
0.0,0.29547095
0.0,0.26554328
1.0,0.76908493
1.0,0.67648584
0.0,0.14677651
0.0,0.14851597
1.0,0.8956013
1.0,0.5315811
0.0,0.4813238
1.0,0.54528534
1.0,0.79622555
0.0,0.5403136
0.0,0.1961225
0.0,0.18267441
0.0,0.058851816
0.0,0.25277182
0.0,0.15149382
1.0,0.8893482
0.0,0.1064695
0.0,0.07513118
1.0,0.8362935
0.0,0.17388785
1.0,0.82201564
1.0,0.09650214
1.0,0.79735726
1.0,0.66570103
1.0,0.76941574
0.0,0.079184175
1.0,0.8476016
0.0,0.53672093
1.0,0.9311973
0.0,0.6526028
0.0,0.37068766
0.0,0.16445787
0.0,0.28990158
0.0,0.28098893
1.0,0.8714937
0.0,0.9021486
1.0,0.6742332
0.0,0.7288667
1.0,0.6804496
1.0,0.85945624
0.0,0.074348286
0.0,0.04948129
1.0,0.3444806
0.0,0.14720567
1.0,0.6136115
1.0,0.5889161
0.0,0.10092267
0.0,0.040823378
0.0,0.056290112
0.0,0.09088807
1.0,0.80171573
1.0,0.5363912
0.0,0.14248097
0.0,0.49852213
1.0,0.57257235
1.0,0.9400347
1.0,0.58038586
0.0,0.06460923
0.0,0.47929892
0.0,0.046066083
0.0,0.7214033
1.0,0.87513244
1.0,0.5611403
0.0,0.20635815
0.0,0.19784363
0.0,0.04547697
0.0,0.37729853
0.0,0.07611261
0.0,0.33209252
1.0,0.22529256
0.0,0.18068253
1.0,0.8693029
0.0,0.15760332
0.0,0.14617947
0.0,0.7825252
0.0,0.48960835
0.0,0.1468928
0.0,0.047086217
1.0,0.32768232
0.0,0.15027127
1.0,0.7210684
0.0,0.049759094
0.0,0.09976917
0.0,0.22893831
0.0,0.049036395
0.0,0.6198537
1.0,0.3311557
1.0,0.7960687
0.0,0.5265626
1.0,0.49960536
0.0,0.05879966
0.0,0.4783554
0.0,0.34190217
0.0,0.53358966
0.0,0.0641556
0.0,0.14605217
1.0,0.36711863
0.0,0.12053857
1.0,0.9150335
0.0,0.13003018
1.0,0.38690493
0.0,0.25822455
1.0,0.15512976
0.0,0.07196163
1.0,0.7827841
1.0,0.90187824
0.0,0.07045154
0.0,0.15159817
1.0,0.81173337
0.0,0.15016197
0.0,0.081317134
1.0,0.25323984
1.0,0.89158756
0.0,0.36202207
1.0,0.70697224
1.0,0.92177105
0.0,0.4138642
0.0,0.14724578
0.0,0.4146368
0.0,0.15347716
0.0,0.105255164
0.0,0.21441963
1.0,0.8334378
0.0,0.33575964
1.0,0.6158811
1.0,0.40236226
0.0,0.075094104
0.0,0.12627463
0.0,0.47111687
1.0,0.9280244
1.0,0.7356243
1.0,0.4636336
0.0,0.35096624
1.0,0.877796
1.0,0.77865875
0.0,0.10391362
0.0,0.09935875
0.0,0.78280133
0.0,0.717076
1.0,0.81986207
0.0,0.09961443
1.0,0.4253862
0.0,0.5919759
0.0,0.14662585
0.0,0.1611276
0.0,0.13947414
0.0,0.06987806
0.0,0.15655991
0.0,0.14781155
0.0,0.058659304
0.0,0.13945201
0.0,0.4768931
0.0,0.24332249
0.0,0.15655991
0.0,0.13004872
0.0,0.20352344
0.0,0.08569566
1.0,0.52809834
0.0,0.33947557
1.0,0.84995955
0.0,0.14431062
1.0,0.76488197
0.0,0.11819868
0.0,0.093123786
0.0,0.6142468
0.0,0.37716144
0.0,0.18328749
0.0,0.17806032
0.0,0.040722992
0.0,0.0708153
0.0,0.08186603
0.0,0.533484
1.0,0.6602279
0.0,0.066945925
0.0,0.0647542
0.0,0.42560092
0.0,0.14407769
1.0,0.6579222
0.0,0.60472965
1.0,0.49579915
0.0,0.10743668
0.0,0.15424466
1.0,0.72129816
0.0,0.7793929
1.0,0.6444498
1.0,0.72059405
1.0,0.3171816
1.0,0.8687161
0.0,0.066229366
1.0,0.91973144
1.0,0.60519016
0.0,0.06559442
0.0,0.06998726
0.0,0.3852752
1.0,0.9491272
0.0,0.05511714
0.0,0.14928325
1.0,0.619622
1.0,0.912313
0.0,0.23592755
0.0,0.061505545
1.0,0.2553642
0.0,0.13845257
1.0,0.5715014
0.0,0.5133902
0.0,0.64914817
1.0,0.4606107
0.0,0.7423855
0.0,0.06658754
1.0,0.20842668
0.0,0.12178761
1.0,0.90442246
1.0,0.8956013
0.0,0.08569734
1.0,0.54853356
1.0,0.31283897
1.0,0.669883
1.0,0.82564926
0.0,0.32457188
0.0,0.15637794
1.0,0.59238744
0.0,0.0634609
0.0,0.22050086
1.0,0.68072534
1.0,0.70792913
1.0,0.79391545
0.0,0.12854247
1.0,0.86891305
1.0,0.78754467
0.0,0.15804274
1.0,0.839958
0.0,0.42841497
1.0,0.3553695
1.0,0.70046246
1.0,0.7226823
0.0,0.6673529
0.0,0.35490665
1.0,0.7047776
0.0,0.27304894
1.0,0.71746165
0.0,0.6099833
0.0,0.14840809
0.0,0.57420665
1.0,0.9600636
0.0,0.06289759
0.0,0.14197852
0.0,0.6222484
1.0,0.34478325
0.0,0.103318885
0.0,0.10872873
0.0,0.24441466
0.0,0.70557463
1.0,0.7119541
1.0,0.80198133
0.0,0.09027376
0.0,0.48065606
0.0,0.12547
0.0,0.5947475
0.0,0.10523391
1.0,0.75221586
0.0,0.21621363
1.0,0.8534506
0.0,0.6929103
0.0,0.35255358
1.0,0.71423423
0.0,0.15808725
0.0,0.15953748
0.0,0.15723488
0.0,0.12800339
0.0,0.17070071
0.0,0.06606413
0.0,0.09398637
0.0,0.15198115
1.0,0.7870148
1.0,0.7886351
0.0,0.11691679
0.0,0.16790229
1.0,0.60326517
1.0,0.8956013
0.0,0.069928706
1.0,0.7196542
0.0,0.33453387
0.0,0.0891528
1.0,0.7824264
0.0,0.3187689
1.0,0.5368959
0.0,0.29374415
1.0,0.31077203
0.0,0.07882927
0.0,0.15794452
0.0,0.19170184
1.0,0.817718
0.0,0.11178162
0.0,0.14342038
0.0,0.07271218
0.0,0.68187255
1.0,0.40018493
0.0,0.05494345
0.0,0.046187855
1.0,0.83920544
1.0,0.3490047
0.0,0.36599845
1.0,0.5968121
0.0,0.34066516
0.0,0.47273213
1.0,0.757672
1.0,0.8046959
0.0,0.1575592
1.0,0.87010336
1.0,0.7352968
0.0,0.07303826
0.0,0.17556517
0.0,0.111171804
1.0,0.14041087
0.0,0.09572425
0.0,0.10890541
0.0,0.07581637
1.0,0.87071764
1.0,0.64730287
0.0,0.14274454
1.0,0.54736364
1.0,0.4282302
0.0,0.27946448
1.0,0.6966028
0.0,0.39154038
1.0,0.8956013
1.0,0.73513234
0.0,0.28482202
1.0,0.7005844
1.0,0.75221586
0.0,0.05782523
0.0,0.05428978
1.0,0.6618867
0.0,0.07544297
1.0,0.79135007
0.0,0.07250781
0.0,0.13462888
0.0,0.12749806
1.0,0.69212735
0.0,0.24663714
1.0,0.48941484
0.0,0.042036682
1.0,0.78935903
1.0,0.786971
0.0,0.063861765
1.0,0.79136676
1.0,0.8481827
1.0,0.652285
1.0,0.6380676
0.0,0.06688042
0.0,0.22435567
0.0,0.07304187
0.0,0.5715014
0.0,0.46515474
1.0,0.74583954
1.0,0.34409252
0.0,0.079783164
0.0,0.11993706
0.0,0.19054358
1.0,0.7177988
0.0,0.59526896
1.0,0.051005818
1.0,0.7835437
0.0,0.14640982
0.0,0.1619015
1.0,0.76615024
0.0,0.44011545
1.0,0.9142254
0.0,0.6523066
0.0,0.07188183
0.0,0.10918139
1.0,0.3218835
0.0,0.17124173
1.0,0.9035367
0.0,0.09479673
1.0,0.49337682
0.0,0.34657055
0.0,0.1335202
1.0,0.5563
1.0,0.5370376
1.0,0.5661568
1.0,0.7799904
0.0,0.08105607
0.0,0.15614006
0.0,0.72348773
0.0,0.04199398
1.0,0.51860505
1.0,0.39596066
0.0,0.1353983
0.0,0.12055101
0.0,0.043947056
1.0,0.71768934
0.0,0.13582556
0.0,0.12443473
0.0,0.07049824
0.0,0.73589844
0.0,0.19795893
0.0,0.22524886
1.0,0.6445689
1.0,0.5854
0.0,0.5531255
1.0,0.33381358
0.0,0.20856528
0.0,0.43629345
1.0,0.6864483
1.0,0.77634835
1.0,0.8221437
0.0,0.0766957
0.0,0.15600786
1.0,0.42342386
0.0,0.081791125
0.0,0.14695913
0.0,0.6067487
1.0,0.77226555
0.0,0.18733206
0.0,0.14664036
1.0,0.8121747
0.0,0.085165314
1.0,0.95366895
1.0,0.6848276
1.0,0.9145633
0.0,0.6673529
0.0,0.051405847
1.0,0.90576327
1.0,0.76843375
0.0,0.20701201
1.0,0.17967056
0.0,0.089579195
0.0,0.25316584
0.0,0.14852838
0.0,0.044378936
1.0,0.37578467
1.0,0.7886798
1.0,0.8377389
1.0,0.87327594
1.0,0.79199135
0.0,0.49474198
0.0,0.79250926
1.0,0.7942807
0.0,0.08146177
1.0,0.5563
1.0,0.44621968
1.0,0.9109435
0.0,0.15985544
1.0,0.64680666
1.0,0.39716804
0.0,0.1592463
0.0,0.15703927
0.0,0.17819305
0.0,0.11801027
1.0,0.6595515
1.0,0.9071082
0.0,0.13534221
0.0,0.05739634
1.0,0.09724866
1.0,0.60449517
1.0,0.19917206
0.0,0.1495874
1.0,0.73004234
1.0,0.68672186
0.0,0.05054269
0.0,0.13725731
1.0,0.7766285
1.0,0.9250841
0.0,0.34430632
1.0,0.64036286
0.0,0.09236307
0.0,0.09006451
0.0,0.21560983
1.0,0.8200491
0.0,0.3001849
1.0,0.66570103
1.0,0.81992847
0.0,0.34669057
0.0,0.21727745
0.0,0.24577014
1.0,0.8321865
1.0,0.61845803
0.0,0.094569825
0.0,0.10237636
1.0,0.6836478
0.0,0.10789094
1.0,0.9298798
1.0,0.8908514
1.0,0.48491812
1.0,0.68491703
0.0,0.18697838
0.0,0.49685055
0.0,0.3313509
0.0,0.13723424
0.0,0.0629467
1.0,0.712597
0.0,0.6415513
0.0,0.0772944
1.0,0.78083897
0.0,0.1610759
1.0,0.12044974
1.0,0.56340134
0.0,0.1678898
0.0,0.21443737
0.0,0.7148432
0.0,0.05217231
0.0,0.043157175
0.0,0.058452703
0.0,0.08976865
0.0,0.89192915
1.0,0.051005818
1.0,0.5432545
1.0,0.8342897
0.0,0.6193672
0.0,0.3854617
0.0,0.054376315
0.0,0.1724741
0.0,0.054309554
1.0,0.41977787
0.0,0.07724212
0.0,0.060874127
1.0,0.75725377
1.0,0.27761665
0.0,0.05630384
0.0,0.7456626
0.0,0.048456796
0.0,0.19316398
0.0,0.04378907
0.0,0.103651084
1.0,0.83593816
1.0,0.87327594
1.0,0.7292429
1.0,0.82652175
0.0,0.09365544
1.0,0.68392664
1.0,0.79802865
1.0,0.82201564
0.0,0.1495904
1.0,0.7799904
0.0,0.040991355
1.0,0.36380297
1.0,0.24852702
1.0,0.78006506
1.0,0.8472018
1.0,0.7961072
0.0,0.23198259
0.0,0.30341932
1.0,0.58047366
0.0,0.061853647
1.0,0.68911165
0.0,0.11296842
1.0,0.474343
0.0,0.09585892
0.0,0.5202137
0.0,0.15834889
0.0,0.08318875
0.0,0.32997054
0.0,0.09750724
0.0,0.05095443
0.0,0.21223807
0.0,0.716536
0.0,0.058859892
0.0,0.119931415
1.0,0.5754522
1.0,0.49266195
1.0,0.90578806
0.0,0.700308
0.0,0.50023794
0.0,0.5025104
0.0,0.07290976
1.0,0.7909383
1.0,0.27899623
1.0,0.69456744
1.0,0.9187983
1.0,0.9142254
0.0,0.7079102
0.0,0.15173282
0.0,0.05533705
0.0,0.7507797
1.0,0.5048668
0.0,0.08924738
1.0,0.047104213
0.0,0.44621968
1.0,0.8899218
0.0,0.24573283
0.0,0.11241738
0.0,0.09976917
0.0,0.047185965
0.0,0.52187467
1.0,0.45181733
1.0,0.6900197
0.0,0.107937954
1.0,0.6595515
1.0,0.73848397
1.0,0.4226702
0.0,0.24870296
0.0,0.07161731
1.0,0.78342974
0.0,0.04609658
1.0,0.93043596
0.0,0.33645916
0.0,0.051634133
0.0,0.25568712
0.0,0.13563693
1.0,0.56911016
0.0,0.17750764
0.0,0.5338395
1.0,0.8432292
1.0,0.6871183
0.0,0.6486262
0.0,0.48570076
1.0,0.3444806
1.0,0.68192494
0.0,0.09536245
0.0,0.042750217
1.0,0.56345636
0.0,0.17360279
1.0,0.67890626
0.0,0.086815536
0.0,0.08133797
1.0,0.869013
0.0,0.2629568
1.0,0.8186272
0.0,0.12854247
1.0,0.6443775
1.0,0.9153096
0.0,0.057965167
1.0,0.7660389
0.0,0.15840977
1.0,0.8297138
0.0,0.18259236
1.0,0.80502284
0.0,0.07527925
0.0,0.07991098
1.0,0.7878448
0.0,0.0579698
0.0,0.055429257
0.0,0.48065606
1.0,0.52206314
1.0,0.8321897
1.0,0.41188627
1.0,0.6999062
1.0,0.36563316
1.0,0.8435627
1.0,0.50746006
0.0,0.06932032
1.0,0.6694733
1.0,0.9382143
0.0,0.19459924
0.0,0.1490806
0.0,0.04293479
1.0,0.60340333
0.0,0.0666929
1.0,0.9400347
0.0,0.44961342
0.0,0.45601338
1.0,0.8100608
0.0,0.12970471
0.0,0.36584622
1.0,0.39310202
1.0,0.72208595
1.0,0.8148798
1.0,0.22125578
0.0,0.8865272
0.0,0.26346222
0.0,0.16067317
0.0,0.14183562
0.0,0.099259615
0.0,0.107937954
0.0,0.21606457
0.0,0.051763214
1.0,0.38906577
1.0,0.8206202
0.0,0.15319088
1.0,0.63685954
0.0,0.09655821
0.0,0.04123571
1.0,0.93127185
0.0,0.078813076
0.0,0.7693949
0.0,0.12178761
0.0,0.09052179
0.0,0.10439596
0.0,0.6180184
0.0,0.082474746
1.0,0.76843375
0.0,0.116201505
0.0,0.790908
1.0,0.6936706
0.0,0.21623369
0.0,0.6674285
1.0,0.78965324
0.0,0.11738952
0.0,0.16445787
1.0,0.7116335
0.0,0.09516646
0.0,0.049386714
0.0,0.096808635
0.0,0.25942343
1.0,0.681723
0.0,0.041638575
0.0,0.049124103
0.0,0.05770719
0.0,0.20914352
0.0,0.67279565
1.0,0.47731203
0.0,0.28415665
1.0,0.78326714
0.0,0.55216753
0.0,0.6579222
1.0,0.37057486
0.0,0.13601513
0.0,0.056516893
0.0,0.19915244
1.0,0.7899221
1.0,0.21060689
1.0,0.19643465
0.0,0.1418899
0.0,0.5096712
1.0,0.7814395
0.0,0.16340399
0.0,0.124558076
1.0,0.51049536
0.0,0.07054832
1.0,0.78907216
1.0,0.41933912
0.0,0.09915407
1.0,0.5131626
0.0,0.23850784
1.0,0.38070324
0.0,0.43633693
1.0,0.8495054
0.0,0.042849414
0.0,0.733868
0.0,0.12119305
0.0,0.22503188
1.0,0.25568712
0.0,0.04395058
1.0,0.8865272
0.0,0.07841849
0.0,0.088366255
1.0,0.7890531
0.0,0.15560475
0.0,0.04229969
0.0,0.06185758
1.0,0.71423423
1.0,0.8899218
0.0,0.22176318
0.0,0.24896929
1.0,0.5554225
1.0,0.24332249
0.0,0.42217422
0.0,0.061785806
1.0,0.5275737
0.0,0.45488673
1.0,0.8663993
0.0,0.7017795
1.0,0.41858333
1.0,0.83057535
0.0,0.05607035
1.0,0.92955285
0.0,0.60499334
0.0,0.09736818
0.0,0.14655264
0.0,0.36589867
1.0,0.6819166
1.0,0.8421194
0.0,0.18247686
0.0,0.15380928
1.0,0.8590728
0.0,0.24258432
1.0,0.41662264
1.0,0.07826494
1.0,0.582801
0.0,0.22014645
1.0,0.51858294
0.0,0.073794626
1.0,0.7892784
1.0,0.11066961
0.0,0.2816494
0.0,0.68825984
0.0,0.24852702
0.0,0.1557204
0.0,0.4129352
1.0,0.6857621
1.0,0.8543965
1.0,0.80224925
0.0,0.08524388
0.0,0.041289728
1.0,0.8407794
0.0,0.5431371
0.0,0.07195375
0.0,0.10936016
1.0,0.7713546
0.0,0.21984625
0.0,0.07272916
0.0,0.42258206
0.0,0.25316584
0.0,0.17088649
1.0,0.6912859
1.0,0.50077176
0.0,0.13229017
0.0,0.15333387
0.0,0.07468589
1.0,0.9028618
0.0,0.16249107
0.0,0.6951172
1.0,0.7789821
0.0,0.13466708
0.0,0.5376909
1.0,0.7859608
0.0,0.12952062
1.0,0.48449832
1.0,0.29731825
0.0,0.10349975
0.0,0.14043435
0.0,0.11130931
0.0,0.67279565
0.0,0.116817415
1.0,0.8007805
1.0,0.9489266
1.0,0.8890406
1.0,0.39700803
0.0,0.80869424
0.0,0.15265892
1.0,0.68561316
1.0,0.71096724
0.0,0.6674285
0.0,0.22362074
0.0,0.16575065
1.0,0.5215761
0.0,0.111016646
0.0,0.45181733
1.0,0.68021286
0.0,0.07196163
0.0,0.15198115
0.0,0.050363302
0.0,0.21361747
1.0,0.79150105
0.0,0.13049881
0.0,0.041416448
0.0,0.16183946
0.0,0.07493398
0.0,0.46882725
1.0,0.37929243
0.0,0.15944453
1.0,0.9060489
0.0,0.17606083
1.0,0.7209484
0.0,0.24834189
1.0,0.6742859
1.0,0.8956013
1.0,0.93743074
1.0,0.6060657
1.0,0.94169295
0.0,0.32580826
0.0,0.04362204
1.0,0.23372932
0.0,0.18508622
0.0,0.06533467
1.0,0.7788577
1.0,0.3304267
0.0,0.1891143
0.0,0.05533705
1.0,0.5937708
1.0,0.9004653
1.0,0.8995385
0.0,0.11993706
0.0,0.7835163
0.0,0.060452998
0.0,0.6296972
0.0,0.051612258
0.0,0.045357756
0.0,0.64285266
1.0,0.8594357
1.0,0.885402
1.0,0.695593
0.0,0.07133794
0.0,0.099296175
0.0,0.16830409
0.0,0.19149509
0.0,0.16076113
0.0,0.14852838
0.0,0.5655116
1.0,0.807456
1.0,0.82328975
1.0,0.7356243
1.0,0.6147555
0.0,0.19779801
0.0,0.15814698
1.0,0.8078033
0.0,0.23332112
0.0,0.63778293
1.0,0.798916
0.0,0.6708178
0.0,0.5423745
1.0,0.49564552
0.0,0.15368824
1.0,0.38887426
1.0,0.75395423
0.0,0.6376684
0.0,0.07794871
1.0,0.8547928
0.0,0.051585592
1.0,0.5403136
0.0,0.33379924
1.0,0.7166677
1.0,0.5436781
1.0,0.6853862
1.0,0.761953
0.0,0.56112856
0.0,0.14473023
0.0,0.1335915
1.0,0.6065458
0.0,0.944699
1.0,0.79647076
0.0,0.10092267
0.0,0.5321981
1.0,0.69166553
1.0,0.4810494
0.0,0.34374872
0.0,0.13208176
0.0,0.076409936
0.0,0.2999558
0.0,0.944699
1.0,0.82328975
0.0,0.18350293
0.0,0.07269486
1.0,0.41518068
1.0,0.46073008
0.0,0.42475724
1.0,0.8135522
1.0,0.16794115
0.0,0.059919227
0.0,0.038870044
0.0,0.31768817
1.0,0.75586677
1.0,0.3742494
0.0,0.064064
0.0,0.26601285
1.0,0.22435567
0.0,0.10795951
0.0,0.48130307
0.0,0.074505225
1.0,0.54629093
1.0,0.87933254
0.0,0.0716026
0.0,0.118710876
0.0,0.20097919
0.0,0.2560216
0.0,0.072506264
0.0,0.10449896
0.0,0.72543377
0.0,0.28372297
0.0,0.052294385
0.0,0.07696211
0.0,0.3777155
1.0,0.93723315
1.0,0.8362204
0.0,0.06573038
0.0,0.07607688
0.0,0.05170816
0.0,0.08017354
0.0,0.29014567
0.0,0.19897321
0.0,0.050008494
0.0,0.5177248
1.0,0.7708739
1.0,0.8317442
1.0,0.45181733
1.0,0.79938805
1.0,0.7798569
1.0,0.7002224
0.0,0.44622105
1.0,0.7814395
1.0,0.7799904
0.0,0.13672909
0.0,0.15680002
0.0,0.14579682
1.0,0.6894924
0.0,0.08875309
1.0,0.80921125
0.0,0.051247
0.0,0.7022232
0.0,0.7715688
0.0,0.101294145
0.0,0.11472901
0.0,0.5676962
1.0,0.22524886
0.0,0.13889734
0.0,0.06317865
1.0,0.7316706
1.0,0.51776123
0.0,0.17081386
1.0,0.8381602
0.0,0.14855172
0.0,0.10933231
0.0,0.061006427
1.0,0.9404866
0.0,0.059831105
1.0,0.22723038
1.0,0.7288667
0.0,0.13368829
1.0,0.4933741
0.0,0.12509257
0.0,0.12248508
1.0,0.84303415
0.0,0.088175125
0.0,0.67648584
1.0,0.5632081
0.0,0.055577267
0.0,0.21137245
1.0,0.77865875
0.0,0.40857273
0.0,0.12865773
0.0,0.047140565
1.0,0.7463003
1.0,0.94817764
0.0,0.5678066
0.0,0.14732483
1.0,0.5715014
0.0,0.07069309
0.0,0.27770475
1.0,0.46108118
0.0,0.66749525
1.0,0.34506005
1.0,0.7803378
1.0,0.8334378
0.0,0.6604241
0.0,0.15016578
0.0,0.22021404
0.0,0.13029425
0.0,0.14546509
0.0,0.14444344
0.0,0.07319997
0.0,0.6200597
0.0,0.2606441
0.0,0.041638575
1.0,0.6023719
0.0,0.8911716
0.0,0.06471554
1.0,0.5859624
0.0,0.12390045
0.0,0.0785568
0.0,0.14991333
0.0,0.058397017
0.0,0.07995607
1.0,0.11950123
1.0,0.85945624
1.0,0.63778293
0.0,0.15368824
1.0,0.8700827
1.0,0.67642146
0.0,0.057989776
0.0,0.05333654
0.0,0.08154329
0.0,0.56072843
0.0,0.31899172
0.0,0.6920904
1.0,0.9180933
1.0,0.7622506
1.0,0.79694206
0.0,0.07857535
1.0,0.92365825
1.0,0.54223895
0.0,0.12556756
1.0,0.8025072
0.0,0.14872941
0.0,0.15497318
0.0,0.51391757
1.0,0.8334643
1.0,0.6903354
1.0,0.6890117
0.0,0.8157991
0.0,0.15052775
0.0,0.06230567
0.0,0.061006427
1.0,0.7784362
1.0,0.9432513
1.0,0.84638196
1.0,0.7567932
0.0,0.15431502
0.0,0.15462649
1.0,0.7423855
0.0,0.051362433
0.0,0.42227593
1.0,0.81302893
0.0,0.055001594
0.0,0.11633749
0.0,0.1602185
1.0,0.4647851
0.0,0.2300035
0.0,0.652285
0.0,0.3021253
0.0,0.17787139
0.0,0.7738904
0.0,0.11745125
0.0,0.10047729
0.0,0.15113474
0.0,0.13650878
0.0,0.042525824
1.0,0.8206895
1.0,0.20950337
0.0,0.42693624
0.0,0.73277915
0.0,0.47719306
1.0,0.9014429
0.0,0.07174724
0.0,0.15403762
0.0,0.43457556
0.0,0.11140355
1.0,0.70269704
0.0,0.14747852
1.0,0.7961072
0.0,0.09931701
0.0,0.14969017
1.0,0.41769543
1.0,0.87412757
1.0,0.8513368
1.0,0.8297138
0.0,0.16058497
1.0,0.74583954
0.0,0.45556673
1.0,0.7153872
1.0,0.82988584
0.0,0.15924989
1.0,0.92622197
0.0,0.567652
0.0,0.55059177
0.0,0.05930066
1.0,0.17256114
1.0,0.93262637
0.0,0.052863766
0.0,0.47952637
1.0,0.67492557
1.0,0.8575796
0.0,0.099406876
1.0,0.36698753
1.0,0.5098668
0.0,0.107996605
1.0,0.38843623
0.0,0.7210684
0.0,0.17712188
0.0,0.070090875
0.0,0.7222943
0.0,0.06347451
1.0,0.6831204
0.0,0.15889512
1.0,0.6245391
1.0,0.69790256
1.0,0.22017126
0.0,0.06747033
0.0,0.5194148
1.0,0.62287545
0.0,0.08593024
1.0,0.5923622
1.0,0.7414534
0.0,0.73256934
0.0,0.09021567
1.0,0.34154207
1.0,0.926219
0.0,0.04670458
1.0,0.67731297
1.0,0.39026624
1.0,0.6025552
1.0,0.8140818
1.0,0.6849426
1.0,0.8557304
0.0,0.15969963
0.0,0.4831625
0.0,0.08613299
1.0,0.85066366
0.0,0.06460923
1.0,0.54507685
0.0,0.21691227
0.0,0.063909784
1.0,0.7739839
0.0,0.063943446
1.0,0.82083255
0.0,0.4858418
1.0,0.4722697
1.0,0.59852207
0.0,0.3505997
1.0,0.5705403
0.0,0.21223807
0.0,0.08550727
1.0,0.9540261
0.0,0.1490806
1.0,0.69246864
1.0,0.2895556
0.0,0.088237226
0.0,0.15614006
0.0,0.14936815
1.0,0.63641566
0.0,0.18462035
1.0,0.7741677
0.0,0.08793495
0.0,0.18787202
0.0,0.45817518
0.0,0.1945816
0.0,0.27519983
0.0,0.18267441
0.0,0.28482202
0.0,0.35490665
0.0,0.0956388
0.0,0.3658015
0.0,0.46663076
1.0,0.83862245
1.0,0.17337573
0.0,0.06979654
1.0,0.9264511
1.0,0.52354944
0.0,0.5992836
1.0,0.47731203
1.0,0.8476016
0.0,0.70189553
0.0,0.23384175
1.0,0.3587239
0.0,0.31056452
0.0,0.06433307
0.0,0.23592755
0.0,0.112821296
1.0,0.17657138
1.0,0.9004561
0.0,0.06343758
0.0,0.048681345
0.0,0.6818984
0.0,0.69992363
0.0,0.17006096
1.0,0.86828995
0.0,0.27944955
0.0,0.20716038
1.0,0.8381602
1.0,0.75906444
1.0,0.65431106
0.0,0.14518937
0.0,0.24042813
0.0,0.10278425
1.0,0.51262206
0.0,0.8481827
1.0,0.6965358
0.0,0.078846775
0.0,0.16416542
0.0,0.14043435
0.0,0.09963147
0.0,0.22021404
0.0,0.15870148
0.0,0.093464345
1.0,0.8738904
1.0,0.6941704
1.0,0.2160596
0.0,0.11293183
1.0,0.31553715
0.0,0.56833756
1.0,0.9545008
1.0,0.33247405
0.0,0.08992131
0.0,0.097589225
0.0,0.06639917
0.0,0.3833437
0.0,0.566044
1.0,0.8998809
0.0,0.6758592
0.0,0.55272824
0.0,0.09371287
0.0,0.06475331
0.0,0.28518462
0.0,0.14701457
0.0,0.22891212
1.0,0.4919394
0.0,0.100074634
1.0,0.82887536
0.0,0.14991333
0.0,0.058030985
0.0,0.32820123
0.0,0.6368903
0.0,0.14155236
1.0,0.7889344
0.0,0.07566917
0.0,0.22224745
1.0,0.6003528
1.0,0.63778293
0.0,0.49814352
0.0,0.04948129
0.0,0.15383044
0.0,0.15272787
0.0,0.23490755
0.0,0.09639658
1.0,0.8332936
0.0,0.14473023
1.0,0.8155297
0.0,0.1488769
1.0,0.28504604
1.0,0.81230986
1.0,0.72495
0.0,0.51778114
0.0,0.3383928
1.0,0.60665834
0.0,0.123639986
1.0,0.8532982
0.0,0.07069017
1.0,0.894256
1.0,0.78441215
0.0,0.16472834
1.0,0.8007188
1.0,0.8380674
1.0,0.67167664
0.0,0.108857214
1.0,0.5480763
1.0,0.9540261
1.0,0.78907216
1.0,0.6237196
0.0,0.1738008
0.0,0.17261994
0.0,0.8170258
1.0,0.9004653
0.0,0.19641611
0.0,0.085296914
0.0,0.043100115
1.0,0.8381664
0.0,0.68913406
0.0,0.25767902
0.0,0.6741005
0.0,0.08572992
0.0,0.15250817
0.0,0.16305487
0.0,0.049881782
1.0,0.7007914
0.0,0.081751406
0.0,0.128124
1.0,0.8865272
1.0,0.33624297
0.0,0.47526556
0.0,0.042750217
1.0,0.6176264
1.0,0.7343211
0.0,0.06347451
1.0,0.48470703
1.0,0.71147645
0.0,0.13137352
0.0,0.15136239
0.0,0.09851723
0.0,0.30926737
1.0,0.8534506
0.0,0.67549884
0.0,0.048892733
1.0,0.7050821
0.0,0.1891143
0.0,0.56456304
1.0,0.3937026
1.0,0.1939792
1.0,0.9491272
0.0,0.05494345
1.0,0.68493795
0.0,0.7788577
0.0,0.16888368
0.0,0.11748537
0.0,0.12786545
0.0,0.058817428
1.0,0.7835301
1.0,0.51135564
1.0,0.64251375
1.0,0.7264202
1.0,0.6180972
0.0,0.13660233
0.0,0.20991881
0.0,0.7808263
1.0,0.76488197
0.0,0.06464034
1.0,0.83449155
0.0,0.053020276
0.0,0.5817834
1.0,0.8549651
1.0,0.41240844
0.0,0.06740782
0.0,0.7899221
1.0,0.8478157
1.0,0.71423423
0.0,0.19070025
0.0,0.36973703
0.0,0.18961027
1.0,0.7152482
0.0,0.78467596
0.0,0.49740157
1.0,0.9518348
0.0,0.28873166
0.0,0.11296842
1.0,0.937002
1.0,0.9202596
0.0,0.13272801
1.0,0.8534506
0.0,0.5286201
0.0,0.1451873
0.0,0.6067487
0.0,0.22769085
1.0,0.7301411
0.0,0.13143088
0.0,0.17698835
0.0,0.7132303
0.0,0.14049482
1.0,0.7803918
1.0,0.30073863
1.0,0.8023695
1.0,0.73152053
0.0,0.39709753
0.0,0.17113467
1.0,0.5573994
1.0,0.830932
0.0,0.17122395
1.0,0.3985284
0.0,0.15819629
0.0,0.74186003
1.0,0.52432877
1.0,0.80995446
0.0,0.39142856
0.0,0.21206097
0.0,0.42796502
0.0,0.22662327
1.0,0.8046959
1.0,0.8321865
0.0,0.21606457
0.0,0.05561477
0.0,0.06470188
1.0,0.3595694
0.0,0.07289912
0.0,0.31725916
0.0,0.31002304
0.0,0.17321761
0.0,0.10391977
0.0,0.06639917
0.0,0.15608357
1.0,0.5554225
1.0,0.57420665
0.0,0.18176782
0.0,0.13357417
0.0,0.05300392
0.0,0.1555329
1.0,0.8797604
0.0,0.15869026
0.0,0.19984877
0.0,0.13704863
1.0,0.3859882
0.0,0.42312822
1.0,0.73509085
1.0,0.75080156
1.0,0.8549651
0.0,0.0708435
0.0,0.040993076
1.0,0.68246305
0.0,0.23592755
1.0,0.87327594
0.0,0.21984625
0.0,0.048688702
1.0,0.9037954
0.0,0.6766642
1.0,0.7259569
1.0,0.77645624
1.0,0.8186272
0.0,0.46068478
0.0,0.059919227
0.0,0.14149706
0.0,0.6673529
1.0,0.70377266
0.0,0.06475331
1.0,0.4496929
0.0,0.1523915
0.0,0.09876911
1.0,0.71096724
0.0,0.046445176
0.0,0.043863833
0.0,0.051937222
0.0,0.09750724
0.0,0.6962581
1.0,0.4827694
1.0,0.80904657
1.0,0.6920936
0.0,0.18496168
1.0,0.8893482
0.0,0.05483855
1.0,0.6746959
1.0,0.7408029
0.0,0.071184315
1.0,0.45584726
0.0,0.064191625
1.0,0.19655648
0.0,0.18215692
1.0,0.4929782
0.0,0.05983063
1.0,0.67702836
0.0,0.0644876
0.0,0.28275782
0.0,0.46872598
0.0,0.5625157
1.0,0.6659109
0.0,0.15625417
0.0,0.123514414
1.0,0.3218835
1.0,0.80921125
1.0,0.8789635
0.0,0.07367647
0.0,0.42029667
0.0,0.60203207
1.0,0.90454215
0.0,0.24702486
0.0,0.15514258
0.0,0.9055991
1.0,0.5609536
0.0,0.04273357
1.0,0.7210684
0.0,0.4836863
0.0,0.14749385
1.0,0.5288603
0.0,0.2733299
1.0,0.8884929
0.0,0.68913406
0.0,0.053020276
0.0,0.34944686
1.0,0.68010426
1.0,0.949014
0.0,0.7074801
1.0,0.3187689
1.0,0.7886798
1.0,0.88415587
1.0,0.82841426
0.0,0.06620071
0.0,0.43483862
0.0,0.16058102
1.0,0.80198133
1.0,0.92769873
0.0,0.2515134
1.0,0.78217965
1.0,0.5667757
1.0,0.7766285
0.0,0.20030908
1.0,0.9049015
0.0,0.64680666
0.0,0.31819898
1.0,0.6771981
0.0,0.62250966
1.0,0.69473386
0.0,0.2963923
1.0,0.36303657
0.0,0.70131457
0.0,0.07096268
0.0,0.056549363
0.0,0.10577674
1.0,0.70795757
0.0,0.079397604
0.0,0.06095768
0.0,0.06307163
0.0,0.6127492
0.0,0.17677657
0.0,0.5754873
0.0,0.11819868
1.0,0.79135007
0.0,0.51162815
0.0,0.06160022
1.0,0.40217653
1.0,0.6694733
1.0,0.30028105
0.0,0.16067317
0.0,0.36332726
1.0,0.13908276
0.0,0.17572615
1.0,0.8478157
0.0,0.30419105
0.0,0.4988603
0.0,0.06095768
0.0,0.181609
0.0,0.090377316
0.0,0.22502282
1.0,0.91052055
0.0,0.06646701
0.0,0.07881639
1.0,0.162816
0.0,0.062086962
1.0,0.67702836
1.0,0.81141824
1.0,0.68561316
0.0,0.1546369
0.0,0.15016714
1.0,0.4627335
0.0,0.049806926
1.0,0.58547044
0.0,0.06954564
1.0,0.75395423
1.0,0.78935903
0.0,0.098069906
0.0,0.093464345
0.0,0.055812977
1.0,0.816106
0.0,0.10971387
1.0,0.67639345
1.0,0.57762605
0.0,0.7339434
1.0,0.84303415
0.0,0.089751825
1.0,0.13468595
0.0,0.67890626
1.0,0.70697224
1.0,0.6136115
0.0,0.06159551
0.0,0.12748522
0.0,0.77254164
0.0,0.041513793
0.0,0.36229557
0.0,0.8802494
1.0,0.10261502
0.0,0.15811154
1.0,0.6679653
0.0,0.08496585
0.0,0.14315082
0.0,0.04734151
1.0,0.5674248
1.0,0.8280963
0.0,0.18995453
0.0,0.49060512
0.0,0.14906678
0.0,0.20777765
0.0,0.17084213
0.0,0.09400158
0.0,0.04215897
1.0,0.24137004
1.0,0.699294
1.0,0.9518348
0.0,0.084690526
0.0,0.7011726
1.0,0.6757976
0.0,0.1600282
1.0,0.81294596
0.0,0.056646787
0.0,0.15911342
1.0,0.9055212
0.0,0.43822408
1.0,0.5241096
1.0,0.57024515
1.0,0.8032857
0.0,0.19125721
0.0,0.12018263
0.0,0.68776405
1.0,0.8212584
0.0,0.18868062
1.0,0.8165847
0.0,0.08453663
0.0,0.09618555
0.0,0.6035727
1.0,0.89282006
0.0,0.1025424
0.0,0.1407161
0.0,0.55271477
1.0,0.5671155
1.0,0.88029605
0.0,0.18223932
0.0,0.1058375
1.0,0.816106
1.0,0.85850954
1.0,0.81115246
1.0,0.94169295
1.0,0.51037633
1.0,0.69473386
1.0,0.4924826
0.0,0.13703234
1.0,0.8058001
0.0,0.15067832
0.0,0.16152
0.0,0.11232819
1.0,0.6201172
0.0,0.37435758
0.0,0.11079776
0.0,0.04475108
1.0,0.2655317
0.0,0.5115845
1.0,0.6901277
1.0,0.7660334
1.0,0.4810013
0.0,0.17899807
1.0,0.69307965
0.0,0.11183964
0.0,0.05561477
0.0,0.93043596
1.0,0.5589659
0.0,0.24758574
0.0,0.07001825
0.0,0.12233464
0.0,0.19545358
1.0,0.8295603
0.0,0.4810013
0.0,0.09593454
0.0,0.19596896
0.0,0.5871148
1.0,0.84834987
1.0,0.7986246
0.0,0.124468446
1.0,0.6486262
1.0,0.8640994
0.0,0.12233464
0.0,0.05879966
0.0,0.60203207
1.0,0.9073084
1.0,0.7470485
1.0,0.41832256
0.0,0.32062927
0.0,0.07540246
1.0,0.7240846
0.0,0.20856762
0.0,0.5181739
1.0,0.60044694
0.0,0.11040717
0.0,0.06457261
0.0,0.53216726
1.0,0.52576816
0.0,0.18644874
1.0,0.71423423
0.0,0.41823334
1.0,0.8320054
0.0,0.07981093
1.0,0.6763417
0.0,0.069768526
1.0,0.8956013
0.0,0.6848919
1.0,0.70278037
1.0,0.8213911
0.0,0.051059328
1.0,0.88516605
1.0,0.7829055
0.0,0.6532952
0.0,0.8663993
0.0,0.46869665
1.0,0.7622506
1.0,0.33575964
1.0,0.6518461
0.0,0.16115895
1.0,0.8498551
0.0,0.13153964
0.0,0.0752001
1.0,0.5020195
1.0,0.80417836
0.0,0.13676578
1.0,0.658844
0.0,0.20323555
0.0,0.18890318
1.0,0.84433997
0.0,0.35751662
0.0,0.11706178
0.0,0.15511122
1.0,0.61864597
0.0,0.10362695
0.0,0.056957304
1.0,0.6193209
1.0,0.69375706
1.0,0.8321865
0.0,0.07082313
0.0,0.652285
0.0,0.40897027
0.0,0.12721252
1.0,0.36657563
0.0,0.78722084
0.0,0.068941824
0.0,0.2381523
0.0,0.071184315
0.0,0.59238744
0.0,0.12632242
0.0,0.120716766
1.0,0.2964258
0.0,0.3196996
0.0,0.042559154
0.0,0.17003001
0.0,0.07857535
0.0,0.13272801
1.0,0.77567494
1.0,0.86118734
1.0,0.8265749
0.0,0.5352608
0.0,0.28873166
0.0,0.1058887
0.0,0.83683074
1.0,0.84357816
0.0,0.13466708
0.0,0.06256759
1.0,0.72128546
0.0,0.103504755
1.0,0.87751645
0.0,0.24728374
1.0,0.7621662
0.0,0.81669617
1.0,0.4826068
0.0,0.6338648
0.0,0.29273432
1.0,0.52354944
0.0,0.07195375
1.0,0.3805667
1.0,0.6740614
1.0,0.71785533
0.0,0.14342038
0.0,0.25313824
1.0,0.7084052
0.0,0.31056452
0.0,0.13143088
1.0,0.6435486
1.0,0.5730989
0.0,0.08239998
1.0,0.6832129
0.0,0.15330572
0.0,0.7165558
1.0,0.64110726
0.0,0.38693172
0.0,0.14266849
0.0,0.13817152
0.0,0.095953
0.0,0.33424014
1.0,0.8626329
0.0,0.5275737
1.0,0.94817764
1.0,0.5914615
0.0,0.24054766
1.0,0.2655317
0.0,0.59659874
0.0,0.05218067
1.0,0.86670685
0.0,0.6905261
0.0,0.19015709
0.0,0.08605848
1.0,0.78441215
1.0,0.9004653
0.0,0.1242674
0.0,0.10776653
0.0,0.41118655
1.0,0.8282731
1.0,0.19655648
1.0,0.92788327
1.0,0.20990667
0.0,0.20553172
0.0,0.047995202
0.0,0.11267177
0.0,0.17115733
0.0,0.1988899
0.0,0.15794452
1.0,0.7643634
0.0,0.09523102
0.0,0.43816048
0.0,0.051059328
1.0,0.84702635
1.0,0.90576327
1.0,0.77645624
0.0,0.2241127
1.0,0.27231237
0.0,0.07611261
1.0,0.93043596
1.0,0.45420676
0.0,0.62631565
0.0,0.055045284
0.0,0.19950926
1.0,0.72102696
0.0,0.23771301
0.0,0.069816604
1.0,0.81826526
1.0,0.5456419
0.0,0.053053606
0.0,0.16342854
0.0,0.6722905
0.0,0.049592007
0.0,0.13137352
0.0,0.21595354
1.0,0.5752858
1.0,0.8150113
0.0,0.10514413
0.0,0.058510076
0.0,0.42506272
0.0,0.26007918
1.0,0.81182355
0.0,0.1225986
1.0,0.93157923
0.0,0.09848766
1.0,0.84284276
0.0,0.049991686
1.0,0.8701935
1.0,0.72255373
1.0,0.19643465
0.0,0.12396815
0.0,0.05217231
1.0,0.93743074
0.0,0.2996888
0.0,0.1358748
0.0,0.19166388
1.0,0.8893482
1.0,0.530048
1.0,0.062366046
1.0,0.24384904
1.0,0.19779801
1.0,0.43305096
1.0,0.5415257
1.0,0.62287545
0.0,0.09372965
1.0,0.25767902
1.0,0.74658394
1.0,0.6396638
0.0,0.09750724
0.0,0.087335035
0.0,0.15589604
0.0,0.1328002
1.0,0.7315546
1.0,0.91676915
1.0,0.6245391
1.0,0.88516605
0.0,0.74172324
0.0,0.05497986
1.0,0.7778353
0.0,0.08123903
0.0,0.11454499
1.0,0.9052941
0.0,0.048688702
0.0,0.39197358
0.0,0.67549884
0.0,0.08277711
1.0,0.3809609
1.0,0.7660468
0.0,0.06556009
1.0,0.92177105
0.0,0.69246864
1.0,0.6193209
0.0,0.17750823
0.0,0.14059663
1.0,0.55947846
1.0,0.8731715
0.0,0.043947056
0.0,0.54641855
1.0,0.5275737
0.0,0.59151936
1.0,0.90412986
0.0,0.46068478
1.0,0.669388
0.0,0.111676216
0.0,0.17482069
0.0,0.19842708
1.0,0.26401395
1.0,0.49630728
0.0,0.16489674
0.0,0.15682717
1.0,0.112088464
1.0,0.7620603
0.0,0.10926608
0.0,0.06755896
0.0,0.16679488
0.0,0.7511462
1.0,0.6640719
0.0,0.67686903
0.0,0.06435716
0.0,0.5282278
0.0,0.11476097
1.0,0.5275737
0.0,0.14555961
1.0,0.71448094
1.0,0.6898123
0.0,0.20014925
1.0,0.93841094
0.0,0.1492827
1.0,0.7957581
0.0,0.059919227
1.0,0.22931795
1.0,0.8327216
0.0,0.06077652
1.0,0.5563
0.0,0.54131526
0.0,0.079397604
0.0,0.06402439
1.0,0.9362644
1.0,0.9037954
0.0,0.10092791
1.0,0.8254962
0.0,0.15912661
0.0,0.04767096
1.0,0.20834157
0.0,0.14724578
1.0,0.8419754
0.0,0.08605848
0.0,0.064515665
0.0,0.28372297
0.0,0.36584622
1.0,0.8362935
1.0,0.66917515
1.0,0.6849439
0.0,0.1618899
1.0,0.8186272
1.0,0.7496692
0.0,0.044656325
1.0,0.6221902
1.0,0.21509965
0.0,0.3852752
0.0,0.1804065
0.0,0.06504065
0.0,0.116432354
0.0,0.9187983
0.0,0.10706719
0.0,0.14021903
0.0,0.52111757
0.0,0.1573206
0.0,0.5480763
0.0,0.110548235
0.0,0.87990284
0.0,0.054602038
1.0,0.669006
0.0,0.6390552
1.0,0.70697224
0.0,0.21538714
1.0,0.93332803
0.0,0.12906316
1.0,0.9366943
0.0,0.14654489
1.0,0.6694733
1.0,0.92502326
0.0,0.050407372
0.0,0.17415294
1.0,0.9099099
0.0,0.1716085
0.0,0.051745813
0.0,0.13548608
1.0,0.42703786
1.0,0.83266765
1.0,0.65082914
0.0,0.07760097
1.0,0.7455676
1.0,0.45406514
1.0,0.9497778
0.0,0.05132544
0.0,0.4833911
1.0,0.5262532
1.0,0.80968827
0.0,0.35436803
1.0,0.26134312
1.0,0.40066963
1.0,0.7165558
0.0,0.6813548
0.0,0.17553222
0.0,0.06822926
0.0,0.10083487
0.0,0.16891555
0.0,0.09174123
0.0,0.15076345
0.0,0.05217231
0.0,0.150677
0.0,0.043585025
1.0,0.7818268
0.0,0.12826315
0.0,0.055070855
0.0,0.2853766
0.0,0.049881782
0.0,0.15090077
0.0,0.10165863
0.0,0.166384
1.0,0.7193703
0.0,0.19596896
0.0,0.05218644
1.0,0.634029
0.0,0.22769085
0.0,0.057989776
0.0,0.29273432
0.0,0.53318727
0.0,0.054688144
0.0,0.06979654
1.0,0.5679861
1.0,0.60324526
0.0,0.32592976
1.0,0.47731203
0.0,0.21283932
0.0,0.34314367
1.0,0.7294798
0.0,0.7837073
0.0,0.13468154
1.0,0.7416104
1.0,0.5915588
1.0,0.6774014
1.0,0.5546258
0.0,0.17627764
0.0,0.048208605
1.0,0.52281696
0.0,0.057037897
0.0,0.04678935
1.0,0.91350424
1.0,0.7756554
1.0,0.8985241
0.0,0.06040234
1.0,0.46144074
0.0,0.10047729
1.0,0.7507455
1.0,0.8223771
0.0,0.052129067
1.0,0.62672454
1.0,0.6436065
0.0,0.15536553
1.0,0.2422864
1.0,0.830932
0.0,0.29835138
0.0,0.7031077
0.0,0.11152434
1.0,0.7084052
0.0,0.5674248
1.0,0.7713777
0.0,0.086244404
0.0,0.12482566
0.0,0.23266676
0.0,0.41476488
0.0,0.11973269
0.0,0.15292072
0.0,0.049408138
0.0,0.7117807
1.0,0.94883776
0.0,0.12482566
0.0,0.14775288
1.0,0.6361095
0.0,0.5563
0.0,0.062853575
0.0,0.24125925
1.0,0.79150105
0.0,0.659717
1.0,0.14923257
0.0,0.688636
0.0,0.1337453
0.0,0.06466448
0.0,0.2015557
1.0,0.7899221
0.0,0.11678555
1.0,0.79246414
0.0,0.22503188
0.0,0.5075331
1.0,0.86395204
0.0,0.11086581
0.0,0.14266849
1.0,0.8320054
0.0,0.19574073
0.0,0.14865787
0.0,0.5978947
0.0,0.15692018
0.0,0.36952096
0.0,0.49685055
0.0,0.1783307
0.0,0.09236302
1.0,0.606182
0.0,0.17732354
1.0,0.5920673
1.0,0.5935322
0.0,0.1870765
0.0,0.086541
1.0,0.6989021
0.0,0.092890546
1.0,0.47685704
1.0,0.62130475
0.0,0.10973124
1.0,0.5088433
0.0,0.14056809
1.0,0.7533285
0.0,0.24829702
0.0,0.14732227
1.0,0.3760659
1.0,0.8435627
0.0,0.4808814
0.0,0.05289789
0.0,0.64095795
1.0,0.66989654
1.0,0.8378277
1.0,0.10261502
0.0,0.043815285
0.0,0.38939038
1.0,0.48975617
0.0,0.48031598
1.0,0.453921
0.0,0.26596165
1.0,0.38173634
0.0,0.55659765
0.0,0.34190217
1.0,0.5265626
0.0,0.24679343
0.0,0.6856987
0.0,0.19024727
0.0,0.7288667
0.0,0.31727058
1.0,0.15216318
1.0,0.80904657
0.0,0.33882397
1.0,0.7986475
1.0,0.6757976
0.0,0.36380297
0.0,0.13841881
1.0,0.42097124
0.0,0.1630566
0.0,0.04883132
1.0,0.52281696
0.0,0.047188282
0.0,0.15065873
0.0,0.22931795
0.0,0.12587798
0.0,0.48574796
1.0,0.69473386
0.0,0.29064077
0.0,0.22142673
0.0,0.18207613
1.0,0.6125158
1.0,0.9187983
0.0,0.12682663
0.0,0.16551408
1.0,0.78237236
1.0,0.47745872
0.0,0.088470206
0.0,0.19583155
0.0,0.7807382
1.0,0.6556614
0.0,0.22308013
1.0,0.5275737
1.0,0.11504004
1.0,0.8534506
1.0,0.78807986
1.0,0.61727285
1.0,0.6916452
0.0,0.14759405
0.0,0.04080295
1.0,0.6846067
0.0,0.20774987
0.0,0.9099099
0.0,0.07196163
1.0,0.8553794
1.0,0.77956975
0.0,0.15076345
1.0,0.8033188
0.0,0.30957705
0.0,0.054493498
0.0,0.16886769
0.0,0.14753258
1.0,0.6160265
1.0,0.56402194
0.0,0.4065365
0.0,0.12675472
0.0,0.29657516
0.0,0.11334588
1.0,0.18407317
1.0,0.68530154
1.0,0.5858528
1.0,0.9400347
0.0,0.8009146
1.0,0.41390046
0.0,0.2655317
1.0,0.8118204
1.0,0.64794666
1.0,0.6966028
1.0,0.8136222
1.0,0.7084052
0.0,0.447187
0.0,0.5696215
0.0,0.3220909
0.0,0.095772624
0.0,0.3367912
1.0,0.68072534
1.0,0.7847842
1.0,0.8529906
1.0,0.5693875
1.0,0.7100384
0.0,0.51586556
0.0,0.04624497
0.0,0.12492494
0.0,0.26282582
0.0,0.10890541
1.0,0.70281196
0.0,0.15233065
0.0,0.1467408
0.0,0.20150355
0.0,0.06013009
1.0,0.6147555
0.0,0.058859892
1.0,0.6789381
1.0,0.93743074
1.0,0.72863287
1.0,0.84154385
0.0,0.39274433
0.0,0.3560446
1.0,0.6834114
1.0,0.90097696
0.0,0.14779027
1.0,0.8213301
0.0,0.4589294
1.0,0.9274829
1.0,0.8348006
1.0,0.4182702
0.0,0.057092648
1.0,0.73513234
0.0,0.1634132
1.0,0.7728433
0.0,0.16595641
0.0,0.3798787
1.0,0.8026203
0.0,0.107725084
0.0,0.1396415
0.0,0.1925871
1.0,0.23961754
0.0,0.15834889
0.0,0.4164113
0.0,0.6905261
0.0,0.42646986
1.0,0.6990278
1.0,0.73509085
0.0,0.35069105
1.0,0.7799904
0.0,0.14305657
0.0,0.08377376
0.0,0.16778421
1.0,0.69973713
0.0,0.5300201
0.0,0.055812977
0.0,0.19200799
0.0,0.044721507
1.0,0.69802934
0.0,0.16972175
1.0,0.8693029
0.0,0.07549381
0.0,0.46068478
0.0,0.2553642
1.0,0.79246414
1.0,0.4271288
0.0,0.2171146
0.0,0.07110356
0.0,0.07857535
1.0,0.82133657
1.0,0.7189215
0.0,0.047376864
1.0,0.4041554
1.0,0.56950533
1.0,0.2381523
0.0,0.49916545
1.0,0.7210684
0.0,0.19938052
1.0,0.3627468
1.0,0.6980839
0.0,0.09537816
1.0,0.30698353
1.0,0.47610378
1.0,0.18280251
1.0,0.7735612
0.0,0.07290976
0.0,0.33784765
1.0,0.3008458
0.0,0.1480993
1.0,0.574112
1.0,0.3178376
1.0,0.5288603
0.0,0.121222734
0.0,0.25323984
1.0,0.79995954
0.0,0.47304168
0.0,0.27039474
1.0,0.70021737
0.0,0.15570498
1.0,0.6768447
1.0,0.6688242
1.0,0.6477005
1.0,0.5629147
0.0,0.16430017
1.0,0.12703077
1.0,0.8265749
0.0,0.44459167
0.0,0.14722195
1.0,0.33247405
0.0,0.5194148
0.0,0.22217973
0.0,0.2971331
1.0,0.8822853
1.0,0.83266765
0.0,0.050753675
0.0,0.51521146
0.0,0.36336607
0.0,0.1985283
1.0,0.79708874
1.0,0.8543965
0.0,0.85979176
0.0,0.407265
0.0,0.11131954
0.0,0.13410565
0.0,0.6749609
1.0,0.67380583
0.0,0.15734927
1.0,0.87541807
1.0,0.91801596
0.0,0.16076113
0.0,0.8084852
0.0,0.053262748
0.0,0.1267194
1.0,0.8512368
0.0,0.09931701
0.0,0.14478037
1.0,0.4988603
1.0,0.42684
1.0,0.65722185
1.0,0.848738
0.0,0.6664568
0.0,0.47155634
0.0,0.07436792
0.0,0.49817404
0.0,0.1459924
0.0,0.15428025
0.0,0.19042933
1.0,0.63824785
0.0,0.15664613
1.0,0.86158144
0.0,0.38651222
1.0,0.8056997
1.0,0.79632664
0.0,0.22893831
1.0,0.6681911
1.0,0.79835886
0.0,0.61544484
0.0,0.11691679
0.0,0.76550543
0.0,0.14645769
1.0,0.58550465
1.0,0.9037954
1.0,0.6689619
0.0,0.06633918
1.0,0.8865272
1.0,0.744957
1.0,0.72416574
1.0,0.8417414
1.0,0.78232896
1.0,0.6444498
0.0,0.4522457
0.0,0.2015557
0.0,0.07593207
1.0,0.84818953
0.0,0.054060888
0.0,0.63527864
1.0,0.9171437
0.0,0.103166796
0.0,0.5088719
0.0,0.19325772
0.0,0.04758123
0.0,0.060861923
1.0,0.82296675
1.0,0.7017795
0.0,0.052442975
0.0,0.61555475
1.0,0.38230532
0.0,0.14441691
0.0,0.28873166
1.0,0.46068478
1.0,0.21509965
1.0,0.7965635
0.0,0.26173788
0.0,0.053993493
0.0,0.10321245
0.0,0.14804803
0.0,0.15383044
0.0,0.13945201
0.0,0.22683688
1.0,0.6916942
0.0,0.19350621
0.0,0.34002525
1.0,0.7767273
1.0,0.775863
0.0,0.09093898
0.0,0.05624485
0.0,0.07669565
0.0,0.46068478
1.0,0.66532576
0.0,0.07607688
0.0,0.2335109
1.0,0.7068912
1.0,0.8626329
1.0,0.62683463
1.0,0.42219615
1.0,0.5975287
1.0,0.5218492
1.0,0.6673529
0.0,0.8274894
1.0,0.24702486
1.0,0.66915035
1.0,0.940781
0.0,0.3854617
0.0,0.14675291
0.0,0.05196639
0.0,0.1603722
1.0,0.7889344
1.0,0.70014346
0.0,0.121639445
0.0,0.13010418
1.0,0.7856309
0.0,0.22269788
1.0,0.8970338
0.0,0.16048947
1.0,0.7977469
0.0,0.18441334
0.0,0.34206122
0.0,0.098510705
0.0,0.16093329
1.0,0.8421194
0.0,0.16178018
1.0,0.45272845
1.0,0.88672245
0.0,0.13018885
0.0,0.1798543
1.0,0.41835865
0.0,0.038752414
1.0,0.8006482
0.0,0.18655232
0.0,0.0734282
0.0,0.05594495
1.0,0.885989
0.0,0.117181264
1.0,0.7318132
0.0,0.1545855
0.0,0.40839797
1.0,0.60044694
1.0,0.91973144
1.0,0.33023673
0.0,0.29453164
1.0,0.75080156
1.0,0.66532576
1.0,0.21060689
0.0,0.07451184
1.0,0.55764186
0.0,0.19950926
0.0,0.13368829
0.0,0.05494345
1.0,0.8044919
1.0,0.7526206
0.0,0.62250966
1.0,0.85945624
0.0,0.05594458
1.0,0.29273432
1.0,0.7459583
1.0,0.77344954
0.0,0.16715975
0.0,0.21666303
0.0,0.09633632
0.0,0.12874804
0.0,0.19436829
0.0,0.042689614
0.0,0.5376909
0.0,0.2356842
1.0,0.8478157
1.0,0.5651058
1.0,0.70269704
1.0,0.37883753
0.0,0.25543576
0.0,0.1916695
0.0,0.34992945
1.0,0.5432545
1.0,0.9060489
1.0,0.6966028
0.0,0.21283932
0.0,0.14872941
0.0,0.2636754
1.0,0.77869064
0.0,0.83176184
0.0,0.16739726
0.0,0.6743113
0.0,0.68061924
1.0,0.3921909
0.0,0.0418558
0.0,0.59364307
1.0,0.8223392
0.0,0.101844594
0.0,0.76349413
0.0,0.23043557
0.0,0.14240205
0.0,0.13133481
1.0,0.7772801
1.0,0.7766819
1.0,0.7622506
0.0,0.07802379
0.0,0.8082589
0.0,0.041708738
0.0,0.51586556
0.0,0.84389627
0.0,0.64972574
0.0,0.15612724
1.0,0.70269704
0.0,0.17112757
0.0,0.19071886
1.0,0.14861773
0.0,0.24950473
1.0,0.66532576
1.0,0.27071598
1.0,0.5563
0.0,0.6759051
0.0,0.41390046
0.0,0.047185965
1.0,0.36711863
0.0,0.04192681
0.0,0.4595487
0.0,0.28954846
0.0,0.5115845
0.0,0.40893108
0.0,0.23720905
1.0,0.9058892
0.0,0.08405079
0.0,0.29739314
0.0,0.1623963
0.0,0.2629568
0.0,0.07826494
1.0,0.82887536
1.0,0.60304147
1.0,0.858566
1.0,0.807456
0.0,0.15641256
0.0,0.47553706
0.0,0.045034032
1.0,0.6517829
1.0,0.6937567
1.0,0.9061106
0.0,0.4085154
0.0,0.14617947
1.0,0.8946862
0.0,0.09778277
0.0,0.060160078
0.0,0.059919227
0.0,0.18333894
1.0,0.26585275
0.0,0.039817907
0.0,0.07446047
1.0,0.9011835
1.0,0.15357988
0.0,0.062784135
1.0,0.6580474
0.0,0.1289376
0.0,0.8007805
1.0,0.74640715
0.0,0.13619511
1.0,0.6731701
1.0,0.70014346
0.0,0.6582363
0.0,0.29684886
1.0,0.48610982
1.0,0.7533285
0.0,0.050626896
0.0,0.0644876
0.0,0.18550888
0.0,0.0753391
0.0,0.053960126
0.0,0.22632301
0.0,0.07401548
1.0,0.61772686
1.0,0.6543021
0.0,0.47792846
0.0,0.055635452
0.0,0.19071886
0.0,0.07490997
0.0,0.21719651
1.0,0.8802775
0.0,0.82988584
0.0,0.13067742
0.0,0.13133408
0.0,0.46740332
0.0,0.5949602
0.0,0.29220504
0.0,0.45181733
0.0,0.059129566
1.0,0.90383166
1.0,0.82601434
0.0,0.29657516
0.0,0.05456674
0.0,0.100446746
1.0,0.63824785
0.0,0.10794835
0.0,0.13808374
1.0,0.33247405
1.0,0.46903172
0.0,0.6811566
0.0,0.18696204
1.0,0.45181733
1.0,0.20014925
0.0,0.074069396
1.0,0.21361879
0.0,0.06594161
0.0,0.15301849
1.0,0.8525983
0.0,0.053433795
0.0,0.3221096
1.0,0.93043596
1.0,0.65086836
1.0,0.6253885
1.0,0.81118375
0.0,0.04683461
0.0,0.056290112
1.0,0.7018374
0.0,0.119423606
0.0,0.52432877
0.0,0.20352344
0.0,0.14691725
0.0,0.12984213
1.0,0.6681911
1.0,0.7779929
0.0,0.2568856
1.0,0.20650485
1.0,0.63778293
0.0,0.07221903
0.0,0.056281634
0.0,0.18750721
1.0,0.9187414
0.0,0.50149524
1.0,0.94817764
0.0,0.28190547
0.0,0.12984213
0.0,0.18729213
1.0,0.6391541
1.0,0.83308494
0.0,0.18651268
0.0,0.08736921
0.0,0.10075605
1.0,0.24549432
0.0,0.053972203
0.0,0.0525244
1.0,0.18966445
1.0,0.8100608
1.0,0.8488743
0.0,0.048074123
1.0,0.8496665
1.0,0.883757
1.0,0.76949155
1.0,0.7881364
0.0,0.14539242
1.0,0.9028618
1.0,0.7824264
1.0,0.56833756
1.0,0.73971504
0.0,0.9113083
1.0,0.18341453
1.0,0.82988584
1.0,0.5937708
0.0,0.060001444
1.0,0.50372446
0.0,0.21951142
1.0,0.41136485
1.0,0.4041554
1.0,0.9495541
1.0,0.63084245
0.0,0.056860298
0.0,0.67646974
1.0,0.8435627
0.0,0.47040778
0.0,0.139963
0.0,0.04192681
0.0,0.084006645
0.0,0.37789217
1.0,0.85483944
1.0,0.82244384
1.0,0.66611606
0.0,0.059757184
0.0,0.1022027
0.0,0.10872873
0.0,0.23650679
0.0,0.2451212
1.0,0.09569166
0.0,0.10750637
0.0,0.085953005
0.0,0.14515665
0.0,0.45743617
1.0,0.6574855
0.0,0.520699
0.0,0.80884904
0.0,0.39511064
1.0,0.3587239
1.0,0.60914356
0.0,0.28873166
0.0,0.14459246
0.0,0.4930668
1.0,0.7784362
1.0,0.30520433
1.0,0.93743074
0.0,0.6658346
1.0,0.75055856
0.0,0.0729471
0.0,0.40511116
0.0,0.15090212
0.0,0.18912609
0.0,0.058937322
1.0,0.3937026
1.0,0.7223415
0.0,0.116054654
0.0,0.13679264
1.0,0.78604746
1.0,0.8964677
0.0,0.22521082
1.0,0.105361976
0.0,0.34450558
0.0,0.062128663
1.0,0.8767765
0.0,0.04746712
1.0,0.949014
0.0,0.21889655
1.0,0.6920936
0.0,0.15716007
0.0,0.05398619
1.0,0.71875125
1.0,0.71786606
0.0,0.19200799
0.0,0.7767827
0.0,0.7002586
1.0,0.66017485
0.0,0.056957304
1.0,0.8891101
0.0,0.052818716
0.0,0.16097185
0.0,0.24348035
1.0,0.9048546
0.0,0.05023566
0.0,0.07049824
0.0,0.26173788
0.0,0.21889655
1.0,0.68561316
0.0,0.09307569
0.0,0.059919227
1.0,0.8956704
1.0,0.5945753
1.0,0.79391545
1.0,0.5357522
0.0,0.14595792
0.0,0.30581158
0.0,0.4951771
1.0,0.9032162
1.0,0.58952814
1.0,0.6923622
0.0,0.17169127
1.0,0.76949155
0.0,0.060010232
0.0,0.04688922
1.0,0.78922784
1.0,0.35781664
0.0,0.29994315
0.0,0.12826315
1.0,0.6358454
1.0,0.5182751
1.0,0.61460817
1.0,0.36914295
0.0,0.3331407
0.0,0.090405
1.0,0.5885504
1.0,0.67578185
0.0,0.11433468
0.0,0.091616675
0.0,0.057008393
0.0,0.05099125
0.0,0.15163216
1.0,0.7741677
1.0,0.8186272
0.0,0.44176203
0.0,0.07083384
0.0,0.17791036
1.0,0.75395423
1.0,0.8380674
1.0,0.41519842
0.0,0.19950926
1.0,0.9298798
1.0,0.69683677
0.0,0.70014346
0.0,0.4202314
1.0,0.9255117
0.0,0.107609056
0.0,0.70131457
1.0,0.6153717
0.0,0.19020817
1.0,0.85961497
0.0,0.048113722
1.0,0.79199135
0.0,0.11343624
0.0,0.14423767
0.0,0.45878157
1.0,0.19684692
1.0,0.7716504
1.0,0.68530154
0.0,0.19531986
0.0,0.14460675
1.0,0.30819383
1.0,0.8476016
0.0,0.16293101
0.0,0.49266195
1.0,0.60783374
1.0,0.63778293
1.0,0.65568936
0.0,0.055455387
0.0,0.14164524
0.0,0.6899022
1.0,0.42684
0.0,0.8629104
0.0,0.56791943
0.0,0.102282956
0.0,0.3948109
0.0,0.15008077
0.0,0.069787
1.0,0.68960696
1.0,0.8439535
1.0,0.29453164
1.0,0.67348
1.0,0.68618166
1.0,0.7799904
1.0,0.21509965
0.0,0.06409319
1.0,0.7408029
0.0,0.35719085
0.0,0.13004872
1.0,0.80875033
0.0,0.7890606
0.0,0.038870044
0.0,0.06646888
0.0,0.2637937
1.0,0.6673529
1.0,0.34102616
1.0,0.42183456
0.0,0.042750217
0.0,0.16099094
1.0,0.78861296
0.0,0.6390552
1.0,0.88639486
0.0,0.04736868
0.0,0.0747691
1.0,0.8885895
0.0,0.12825847
0.0,0.48201913
0.0,0.0433257
0.0,0.093949296
0.0,0.2451212
1.0,0.11051438
0.0,0.060519964
0.0,0.1447533
0.0,0.4274107
1.0,0.299841
1.0,0.81992847
0.0,0.06633918
0.0,0.060477354
0.0,0.12021671
1.0,0.20834157
0.0,0.42684
0.0,0.15216318
1.0,0.814096
0.0,0.21984625
0.0,0.07177937
0.0,0.41944736
0.0,0.83366024
1.0,0.84743625
1.0,0.4376142
1.0,0.3710455
1.0,0.7824264
0.0,0.1522085
0.0,0.26450542
0.0,0.0579698
1.0,0.24645731
0.0,0.15597036
0.0,0.047848888
0.0,0.04229969
0.0,0.523695
0.0,0.178126
1.0,0.4723156
0.0,0.19589022
0.0,0.56618196
1.0,0.8348006
1.0,0.64110726
1.0,0.68347913
0.0,0.054688144
0.0,0.16670986
0.0,0.15060735
0.0,0.45488673
0.0,0.04948129
0.0,0.7268605
0.0,0.2328482
1.0,0.6794198
1.0,0.8817221
0.0,0.7498974
1.0,0.6885612
0.0,0.11997638
0.0,0.12521887
0.0,0.04992906
1.0,0.5729868
0.0,0.14172319
1.0,0.8476016
0.0,0.3854617
1.0,0.7856309
1.0,0.92622197
0.0,0.10075605
0.0,0.1420273
1.0,0.828889
0.0,0.43457556
0.0,0.116201505
0.0,0.33209252
1.0,0.60245025
1.0,0.79164904
0.0,0.46917915
0.0,0.07857535
1.0,0.84433997
1.0,0.49298435
1.0,0.83023614
0.0,0.09870857
0.0,0.5655116
0.0,0.5920378
0.0,0.7398071
1.0,0.68672186
0.0,0.18644874
1.0,0.60326517
1.0,0.47604638
0.0,0.104860745
0.0,0.5127102
0.0,0.064191625
0.0,0.123961605
0.0,0.1335375
0.0,0.10635857
0.0,0.13840541
0.0,0.5048668
0.0,0.3160544
0.0,0.7336885
0.0,0.5116849
1.0,0.7352246
1.0,0.6770315
0.0,0.15198115
1.0,0.68533516
0.0,0.048893
1.0,0.849898
0.0,0.3625196
0.0,0.08208021
1.0,0.834675
0.0,0.18585888
0.0,0.07303826
0.0,0.050257992
0.0,0.11540816
0.0,0.1620976
0.0,0.13151127
0.0,0.4322521
1.0,0.70278037
0.0,0.4365921
1.0,0.24348035
0.0,0.29875377
1.0,0.7666229
0.0,0.09158846
0.0,0.05536277
1.0,0.64036286
0.0,0.107937954
0.0,0.04362204
0.0,0.057448603
1.0,0.81621
1.0,0.9113139
0.0,0.44371802
1.0,0.65762705
0.0,0.04883132
0.0,0.10100044
0.0,0.30819383
1.0,0.75094104
0.0,0.07058695
0.0,0.55272824
0.0,0.09638381
0.0,0.06934501
1.0,0.76349413
1.0,0.13469343
0.0,0.053455435
0.0,0.68776405
0.0,0.12967193
1.0,0.7109049
0.0,0.103369676
1.0,0.17524055
1.0,0.7084052
0.0,0.31948158
0.0,0.07137616
1.0,0.8037074
0.0,0.12729625
0.0,0.30804995
0.0,0.66885024
0.0,0.06244112
0.0,0.06441007
1.0,0.69683677
1.0,0.72203916
0.0,0.050327152
0.0,0.2035633
0.0,0.16774055
1.0,0.508976
0.0,0.7771497
0.0,0.16093329
0.0,0.102615
1.0,0.46476236
0.0,0.07468589
0.0,0.05729109
0.0,0.09034293
0.0,0.15330258
0.0,0.0934536
1.0,0.6595515
1.0,0.5497443
0.0,0.05536277
0.0,0.07569878
0.0,0.052896895
0.0,0.106607005
0.0,0.121673584
0.0,0.73384744
1.0,0.6858915
1.0,0.70262635
0.0,0.116569
1.0,0.7118285
0.0,0.063549064
1.0,0.6941704
0.0,0.13794129
0.0,0.13575259
0.0,0.124660596
1.0,0.83173066
0.0,0.16842079
0.0,0.07310904
0.0,0.6807072
0.0,0.47786808
0.0,0.086241916
0.0,0.15598023
0.0,0.76949155
0.0,0.26334673
0.0,0.12758663
0.0,0.042507328
0.0,0.15028445
0.0,0.05034967
0.0,0.6719285
1.0,0.63778293
1.0,0.7095168
0.0,0.20777765
0.0,0.084006645
1.0,0.79735726
0.0,0.12753141
0.0,0.061309434
0.0,0.12558234
1.0,0.6746959
1.0,0.8350884
0.0,0.23557714
0.0,0.055045284
1.0,0.79084724
0.0,0.06460923
0.0,0.7856309
0.0,0.15713772
0.0,0.059919227
0.0,0.848738
0.0,0.08719997
1.0,0.45181733
0.0,0.25316584
0.0,0.34944686
0.0,0.39629287
1.0,0.704025
1.0,0.93294203
1.0,0.53975
1.0,0.5581511
0.0,0.19659215
0.0,0.1488001
1.0,0.71096724
0.0,0.07493398
1.0,0.5563
0.0,0.38693172
1.0,0.8297138
1.0,0.79746157
1.0,0.88391286
0.0,0.14099547
0.0,0.14671111
0.0,0.7669054
1.0,0.8127214
0.0,0.10134387
0.0,0.04663033
0.0,0.058452703
0.0,0.08531515
0.0,0.34314367
0.0,0.15748765
1.0,0.3606284
0.0,0.47304168
0.0,0.10121761
1.0,0.6393379
0.0,0.12269928
0.0,0.09536245
1.0,0.43854985
0.0,0.062004842
0.0,0.15068008
0.0,0.053293623
0.0,0.27519983
1.0,0.8100608
1.0,0.44924864
0.0,0.102814175
0.0,0.07485994
1.0,0.8007188
1.0,0.6513968
0.0,0.049917694
0.0,0.3339849
0.0,0.05217231
0.0,0.66773146
0.0,0.26394007
1.0,0.9187983
1.0,0.7660389
0.0,0.16489674
0.0,0.1459924
0.0,0.099259615
0.0,0.528777
1.0,0.7643088
0.0,0.08653511
0.0,0.18013762
1.0,0.80146104
0.0,0.7812876
0.0,0.050266374
1.0,0.84681046
1.0,0.4889953
1.0,0.74640715
0.0,0.07930644
1.0,0.7762126
0.0,0.5482594
1.0,0.6963598
1.0,0.9507431
0.0,0.11910169
1.0,0.36380297
1.0,0.8291728
0.0,0.13884833
0.0,0.15514138
0.0,0.37539178
0.0,0.5334457
0.0,0.1490806
0.0,0.15113188
0.0,0.07995607
0.0,0.15737024
0.0,0.15233065
0.0,0.4107468
1.0,0.85116607
0.0,0.26395294
0.0,0.20361805
1.0,0.807456
0.0,0.14833704
0.0,0.20123434
1.0,0.8039378
0.0,0.06024474
1.0,0.47685704
0.0,0.36647624
0.0,0.08131466
0.0,0.14904055
0.0,0.12211273
0.0,0.80028784
1.0,0.19138992
0.0,0.5688873
1.0,0.67166567
0.0,0.051085882
1.0,0.5847672
0.0,0.23858996
0.0,0.1454252
0.0,0.16854899
0.0,0.15452835
0.0,0.6112832
0.0,0.053993493
0.0,0.63293463
0.0,0.11269567
0.0,0.37920496
1.0,0.81621
0.0,0.052453864
0.0,0.3160544
0.0,0.49060512
0.0,0.78276825
0.0,0.7690038
1.0,0.3587239
1.0,0.6352285
1.0,0.9518348
0.0,0.5137681
1.0,0.8378277
0.0,0.11806961
1.0,0.94608927
0.0,0.13802901
0.0,0.052167296
0.0,0.14427833
1.0,0.46908388
1.0,0.4906884
0.0,0.6740614
1.0,0.27506086
1.0,0.83836967
0.0,0.19161987
1.0,0.41476488
1.0,0.74485004
0.0,0.30075535
1.0,0.32125258
0.0,0.1835765
0.0,0.05218067
0.0,0.83441514
0.0,0.1609377
0.0,0.15862888
0.0,0.16773815
1.0,0.68795776
1.0,0.5835594
0.0,0.9357815
1.0,0.66109836
0.0,0.05496515
1.0,0.91314995
0.0,0.1440423
1.0,0.8206895
0.0,0.11833064
0.0,0.6365943
1.0,0.63778293
0.0,0.3078099
0.0,0.37184435
0.0,0.044458814
1.0,0.6136115
1.0,0.95911807
0.0,0.038991563
1.0,0.8347128
1.0,0.77776563
1.0,0.6999308
0.0,0.11129079
0.0,0.9473559
0.0,0.08281721
0.0,0.43149972
0.0,0.29536086
1.0,0.5153124
0.0,0.33150637
0.0,0.19975118
0.0,0.05494345
1.0,0.83173066
0.0,0.086660996
0.0,0.04892693
0.0,0.04796708
0.0,0.0875491
0.0,0.616597
0.0,0.05818212
0.0,0.2093797
1.0,0.91310704
0.0,0.19964437
0.0,0.9004653
1.0,0.8082589
0.0,0.1828965
0.0,0.05573386
0.0,0.16445675
0.0,0.0644876
1.0,0.80875033
1.0,0.78912294
0.0,0.32724753
1.0,0.6758592
1.0,0.9478855
0.0,0.6535919
1.0,0.93294203
1.0,0.8930753
1.0,0.47602874
0.0,0.06639664
1.0,0.5370376
0.0,0.52903605
0.0,0.18886733
1.0,0.79647076
0.0,0.78280133
0.0,0.4569378
0.0,0.07908836
0.0,0.30730623
1.0,0.841568
0.0,0.09572103
1.0,0.7048451
1.0,0.68530154
0.0,0.12079392
0.0,0.06976165
1.0,0.70795757
0.0,0.12042205
1.0,0.20014925
1.0,0.82791823
0.0,0.1349658
1.0,0.9559407
0.0,0.04521341
0.0,0.16564259
0.0,0.5287794
0.0,0.22524886
0.0,0.40970626
0.0,0.26542622
0.0,0.1668975
1.0,0.7317599
0.0,0.1335915
1.0,0.7862794
0.0,0.4114657
0.0,0.15039279
0.0,0.15510623
1.0,0.660941
0.0,0.18417355
1.0,0.5546506
1.0,0.36914295
0.0,0.31008068
1.0,0.7823602
1.0,0.83593816
1.0,0.56402194
1.0,0.895514
0.0,0.18787171
0.0,0.082104206
0.0,0.08033471
1.0,0.72157717
0.0,0.056281634
1.0,0.8297138
0.0,0.18196951
0.0,0.41028482
1.0,0.8372828
1.0,0.5141326
1.0,0.5480763
0.0,0.31533885
0.0,0.081366815
0.0,0.26601285
1.0,0.75162345
0.0,0.06595418
1.0,0.88391286
1.0,0.8495054
1.0,0.9357815
0.0,0.08931564
0.0,0.06580831
1.0,0.3771078
0.0,0.15724961
0.0,0.19260396
1.0,0.7377783
1.0,0.66764057
0.0,0.4975624
0.0,0.119220756
0.0,0.18840875
1.0,0.8308282
1.0,0.60911727
1.0,0.5518912
0.0,0.04215897
0.0,0.16639283
0.0,0.05060906
0.0,0.1796251
0.0,0.03893011
1.0,0.8157414
0.0,0.04883132
0.0,0.064364135
0.0,0.4616948
0.0,0.15844113
0.0,0.31206998
0.0,0.291681
0.0,0.07783391
0.0,0.2510397
0.0,0.16356221
0.0,0.05773095
0.0,0.121673584
1.0,0.4890414
1.0,0.7836287
0.0,0.46787715
0.0,0.44535714
0.0,0.7837073
0.0,0.19015709
1.0,0.13063784
0.0,0.11838398
1.0,0.71333176
0.0,0.058785915
0.0,0.075341605
1.0,0.82537013
1.0,0.85233986
0.0,0.70409834
0.0,0.25502825
1.0,0.3950921
0.0,0.18832046
0.0,0.3451001
0.0,0.8501204
0.0,0.1220063
0.0,0.07468589
1.0,0.7807212
1.0,0.7878448
1.0,0.32693252
0.0,0.39553457
0.0,0.055913426
0.0,0.6813548
0.0,0.18280235
1.0,0.89819336
0.0,0.14345424
1.0,0.24437758
0.0,0.11116858
1.0,0.6615289
1.0,0.851892
0.0,0.25043377
1.0,0.23567614
0.0,0.6142701
0.0,0.09969192
1.0,0.7037822
1.0,0.74021685
0.0,0.10925696
0.0,0.26343873
0.0,0.7050844
0.0,0.4905755
1.0,0.8304421
0.0,0.19158527
0.0,0.3022816
0.0,0.12498293
1.0,0.7995424
0.0,0.1365709
0.0,0.4515783
1.0,0.62622833
0.0,0.043854322
1.0,0.86158144
0.0,0.5481944
0.0,0.33847788
1.0,0.6894866
1.0,0.6856987
0.0,0.49705473
1.0,0.9086193
0.0,0.09097608
1.0,0.23132233
1.0,0.39573064
1.0,0.8211428
1.0,0.78104454
0.0,0.22723038
1.0,0.70046246
0.0,0.04668817
1.0,0.5938068
0.0,0.07397036
0.0,0.074505225
0.0,0.85979176
1.0,0.8539095
1.0,0.60827833
0.0,0.68776405
0.0,0.40664133
0.0,0.049036395
1.0,0.6823293
0.0,0.047005177
1.0,0.6223419
1.0,0.79135007
1.0,0.29063126
0.0,0.13440463
0.0,0.7934669
1.0,0.8211428
1.0,0.9560524
1.0,0.71277523
1.0,0.61727285
0.0,0.07857535
1.0,0.62672454
0.0,0.27852255
0.0,0.46827587
0.0,0.037638433
0.0,0.052370895
0.0,0.39974728
1.0,0.81304187
1.0,0.8598443
1.0,0.3956201
1.0,0.6775259
1.0,0.83625996
1.0,0.9147481
0.0,0.18657582
0.0,0.16183946
1.0,0.84897995
0.0,0.081075385
0.0,0.10851866
0.0,0.3338127
1.0,0.29336756
1.0,0.45233256
0.0,0.095431075
1.0,0.7766285
0.0,0.15152025
1.0,0.56112856
0.0,0.7810573
1.0,0.66117674
1.0,0.65914476
1.0,0.78617847
0.0,0.06700431
0.0,0.8839146
0.0,0.120668136
0.0,0.5286201
1.0,0.11950123
0.0,0.2535916
1.0,0.9491272
1.0,0.8223392
0.0,0.15155569
0.0,0.072328866
1.0,0.9187066
0.0,0.21560983
1.0,0.23372932
0.0,0.1480993
1.0,0.70988905
0.0,0.11165974
0.0,0.12932743
1.0,0.4906884
0.0,0.6490302
0.0,0.76731604
0.0,0.42425758
0.0,0.27108666
0.0,0.5049923
1.0,0.9432513
1.0,0.59806716
0.0,0.40225482
0.0,0.10100044
1.0,0.6487733
0.0,0.058710862
0.0,0.65471447
0.0,0.18900181
0.0,0.74789155
1.0,0.69954765
0.0,0.1335915
1.0,0.57254136
1.0,0.55173296
1.0,0.687898
0.0,0.057274748
0.0,0.7746714
1.0,0.3357311
0.0,0.18496168
0.0,0.42227593
1.0,0.74856937
1.0,0.9497778
0.0,0.3460824
0.0,0.14606442
1.0,0.81304187
0.0,0.26472086
0.0,0.34102616
1.0,0.90576327
1.0,0.802172
1.0,0.3444806
1.0,0.4184842
0.0,0.055457473
1.0,0.12943348
0.0,0.062023677
0.0,0.19938052
0.0,0.31674892
0.0,0.15023406
1.0,0.82133657
0.0,0.07549261
0.0,0.6051855
0.0,0.15010914
0.0,0.32219428
1.0,0.89894277
0.0,0.20097919
0.0,0.04543689
0.0,0.6031907
0.0,0.0953158
1.0,0.56162494
0.0,0.15453477
1.0,0.6813548
0.0,0.13368829
1.0,0.9307995
0.0,0.062259413
0.0,0.16530387
0.0,0.3625196
0.0,0.047188282
0.0,0.06688042
1.0,0.90578806
0.0,0.108954035
0.0,0.22661369
0.0,0.14620677
0.0,0.07624383
0.0,0.07549261
1.0,0.54131526
1.0,0.7739839
1.0,0.773085
1.0,0.9491272
0.0,0.21523695
1.0,0.52894163
1.0,0.8109547
0.0,0.1342259
0.0,0.15157838
1.0,0.83702004
1.0,0.6673529
1.0,0.9592954
0.0,0.17230041
0.0,0.41456217
0.0,0.15058571
0.0,0.5939525
0.0,0.041638575
0.0,0.20701222
0.0,0.062171735
1.0,0.7958344
0.0,0.7339434
1.0,0.9032162
0.0,0.15155569
0.0,0.22689041
1.0,0.5880249
0.0,0.058859892
1.0,0.39649254
0.0,0.7954462
1.0,0.528777
0.0,0.07704171
0.0,0.08197043
0.0,0.0880362
0.0,0.3605004
0.0,0.058336973
0.0,0.050592363
0.0,0.30926737
0.0,0.5608775
1.0,0.68330467
1.0,0.696787
0.0,0.102963306
0.0,0.10876367
0.0,0.076634124
0.0,0.3619592
1.0,0.8077687
0.0,0.07069309
0.0,0.051436104
0.0,0.6222484
0.0,0.057235062
1.0,0.41534844
0.0,0.11633749
0.0,0.15198115
0.0,0.121222734
1.0,0.82176095
0.0,0.2471411
1.0,0.87382364
0.0,0.1219493
0.0,0.15190054
1.0,0.9084819
0.0,0.18196951
0.0,0.07266879
1.0,0.8710531
1.0,0.32757002
0.0,0.06366229
0.0,0.44459167
1.0,0.68795776
0.0,0.35525557
0.0,0.09903543
0.0,0.6201172
1.0,0.48036918
0.0,0.3361583
1.0,0.5904876
0.0,0.074174926
1.0,0.782483
1.0,0.91319865
0.0,0.25218898
0.0,0.18770829
1.0,0.60827833
0.0,0.16709234
1.0,0.9074663
0.0,0.79199135
0.0,0.5216209
1.0,0.82296675
1.0,0.85483944
1.0,0.8137414
1.0,0.38721702
0.0,0.15739657
1.0,0.21774106
1.0,0.86158144
0.0,0.09475897
1.0,0.31909287
0.0,0.06319459
1.0,0.7432739
1.0,0.49630728
1.0,0.67642146
0.0,0.49564552
0.0,0.04057321
1.0,0.6819325
1.0,0.9197672
1.0,0.8740002
0.0,0.08750216
1.0,0.78237236
1.0,0.828889
1.0,0.81671506
1.0,0.3044437
0.0,0.19590428
0.0,0.41823334
1.0,0.46108118
1.0,0.78794086
1.0,0.52894163
0.0,0.13802901
1.0,0.2781509
1.0,0.5376909
1.0,0.28233963
1.0,0.9037954
0.0,0.12826315
0.0,0.20914352
0.0,0.055812977
0.0,0.2898592
0.0,0.17926082
0.0,0.5971281
0.0,0.21349092
