0.0,0.62193716
0.0,0.63150036
1.0,0.09345883
0.0,0.008014768
1.0,0.25745606
0.0,0.004923463
1.0,0.9513767
1.0,0.8185731
1.0,0.6421475
0.0,0.00035977364
0.0,0.27322102
1.0,0.87281436
0.0,0.00037062168
0.0,0.016200125
0.0,0.005115062
0.0,0.0006108284
1.0,0.67857385
0.0,0.0009869039
0.0,0.0027059913
1.0,0.39243287
1.0,0.23013678
0.0,0.0013982356
1.0,0.9478738
0.0,0.012121081
0.0,0.013228893
1.0,0.62013626
0.0,0.01796034
1.0,0.6260674
0.0,0.005814284
1.0,0.7324292
0.0,0.001113534
0.0,0.10028049
1.0,0.89865977
1.0,0.9854844
1.0,0.31749773
1.0,0.86872274
1.0,0.51429665
0.0,0.0020847619
1.0,0.8982533
1.0,0.00079381466
1.0,0.5720424
1.0,0.97939306
0.0,0.00018212199
1.0,0.9492525
1.0,0.6449186
0.0,0.0036378503
0.0,0.0008416772
0.0,0.03410521
0.0,0.0055915117
1.0,0.95602256
0.0,0.09054983
1.0,0.8115164
1.0,0.9661617
1.0,0.70196843
0.0,0.0037063658
0.0,0.0023013055
0.0,0.010901481
1.0,0.007339418
1.0,0.8639343
1.0,0.32376307
1.0,0.9721317
0.0,0.21829346
1.0,0.98577225
1.0,0.83024323
1.0,0.93111175
0.0,0.08370075
0.0,0.061439544
1.0,0.8694079
0.0,0.00023627281
1.0,0.7753676
0.0,0.23622337
1.0,0.77105016
0.0,2.5510788e-05
0.0,0.0033591688
1.0,0.17430303
0.0,0.1195223
0.0,0.0010318458
0.0,0.24153754
0.0,2.69413e-05
1.0,0.86943126
0.0,0.0069339275
1.0,0.9704023
1.0,0.76972693
1.0,0.99185365
1.0,0.98003584
1.0,0.6135299
1.0,0.95983523
0.0,0.10980949
0.0,0.011092454
1.0,0.7603826
0.0,0.002403915
1.0,0.212457
0.0,0.00067204237
0.0,0.5163167
0.0,0.02831453
1.0,0.9663695
0.0,0.0012180805
0.0,0.0016586483
1.0,0.593533
1.0,0.99359363
0.0,0.00020423532
0.0,0.0086170435
1.0,0.0014128685
0.0,0.02251178
0.0,0.02856654
1.0,0.34460396
1.0,0.002679497
0.0,0.0014001727
1.0,0.00051134825
1.0,0.92216384
1.0,0.822556
0.0,0.008477986
1.0,0.0074229836
0.0,0.0069101453
0.0,0.0052520335
1.0,0.20634487
0.0,0.00729537
1.0,0.7691932
1.0,0.09046376
1.0,0.97219145
0.0,0.12654772
1.0,0.9538944
0.0,0.8248613
0.0,0.003230393
0.0,0.1845515
1.0,0.1701431
0.0,0.0008728504
0.0,0.019215465
1.0,0.84985757
1.0,0.74022794
1.0,0.9449105
0.0,0.037566096
0.0,0.0025919378
1.0,0.17756999
1.0,0.93414354
0.0,0.7103082
0.0,0.0011211336
0.0,0.0014745593
0.0,0.020609915
0.0,0.004279822
1.0,0.8227285
0.0,0.17537817
1.0,0.02651161
0.0,0.00028336048
0.0,0.00019425154
0.0,6.2823296e-05
1.0,0.10383287
0.0,0.0037526786
0.0,0.004857123
0.0,0.0072670877
0.0,0.03004083
0.0,6.330013e-05
0.0,0.00127545
0.0,0.6854588
0.0,0.1675281
1.0,0.9597231
0.0,4.8935413e-05
0.0,0.0016121864
1.0,0.98920673
0.0,0.06475741
0.0,0.13886264
0.0,0.012182951
0.0,0.012885243
0.0,0.08265409
1.0,0.9838636
0.0,0.10478687
1.0,0.7818656
0.0,0.013885617
0.0,0.0016337931
1.0,0.66613454
0.0,0.5411372
0.0,0.92363536
0.0,0.79551935
0.0,1.463294e-05
1.0,0.8103747
1.0,0.85504216
0.0,0.0586679
1.0,0.8500041
0.0,0.20631683
1.0,0.92282254
1.0,0.7911582
1.0,0.8406434
1.0,0.84587044
1.0,0.94421804
0.0,0.43146792
0.0,0.00031483173
0.0,0.015391767
0.0,0.93985754
0.0,0.02244547
0.0,0.00512439
1.0,0.18749604
0.0,5.2064657e-05
0.0,0.68608046
1.0,0.8445629
1.0,0.6737291
1.0,0.9547713
0.0,0.0019388497
0.0,0.0071442723
0.0,0.0023982525
1.0,0.0048913658
0.0,0.04093197
0.0,0.40289992
0.0,0.39654177
0.0,0.2707292
0.0,0.043990612
1.0,0.07733607
0.0,0.0051751137
1.0,0.03014502
0.0,9.2208385e-05
0.0,0.024784565
0.0,0.00032266974
1.0,0.83782685
0.0,0.012894243
0.0,0.021414459
0.0,0.0028853416
0.0,0.00039806962
0.0,0.8438614
0.0,0.39270782
1.0,0.97999966
0.0,0.00060656667
0.0,0.0006777346
1.0,0.47185802
1.0,0.9755615
0.0,0.43652937
0.0,0.0009493232
0.0,0.000572294
0.0,0.049297065
0.0,0.0018220544
0.0,0.011518896
1.0,0.98413205
0.0,0.0045433044
1.0,0.020035654
0.0,0.006709218
1.0,0.61297625
1.0,0.36834902
0.0,0.014423579
0.0,0.018452168
0.0,0.009744942
1.0,0.9580983
1.0,0.63660496
1.0,0.9013035
1.0,0.44365183
0.0,0.0010008812
0.0,0.29772565
1.0,0.9622811
0.0,0.2763722
0.0,0.000266999
0.0,0.0012910962
0.0,0.08845252
0.0,0.0048995614
0.0,0.0007351041
0.0,0.019268155
1.0,0.7782878
0.0,0.0015603602
0.0,0.08253816
0.0,0.003142476
1.0,0.8341713
1.0,0.72027993
0.0,0.00060495734
0.0,0.0039239526
0.0,0.0049140453
1.0,0.96683335
0.0,0.0023171604
0.0,0.00024324656
0.0,0.014803469
0.0,0.0010819137
1.0,0.9425202
1.0,0.89319324
1.0,0.96259123
0.0,0.007571757
1.0,0.90768206
0.0,0.004698187
0.0,0.002641797
0.0,0.4206441
1.0,0.93080854
1.0,0.57327646
0.0,0.00062179565
0.0,0.0051065087
1.0,0.8946848
1.0,0.31037986
0.0,0.058645874
1.0,0.06918663
1.0,0.98288584
0.0,0.5587085
0.0,0.04836616
0.0,0.0029736757
0.0,0.0073331296
0.0,0.74889094
0.0,0.0022147894
1.0,0.9721056
0.0,0.0074367225
0.0,0.0017577708
1.0,0.9904219
0.0,0.0017281175
1.0,0.94744563
1.0,0.00543651
1.0,0.8174535
1.0,0.83513415
1.0,0.83262116
0.0,0.0015749037
1.0,0.8253044
0.0,0.55889106
1.0,0.9729037
0.0,0.5651592
0.0,0.10426426
0.0,0.0012654364
0.0,0.021149427
0.0,0.57077414
1.0,0.97865593
0.0,0.93861747
1.0,0.77018183
0.0,0.9116166
1.0,0.52400154
1.0,0.97611725
0.0,0.0004428327
0.0,0.00025570393
0.0,0.00081577897
1.0,0.9331729
1.0,0.018620968
0.0,0.00013378263
0.0,0.000500381
0.0,0.0006662905
0.0,0.0068943202
1.0,0.8717165
1.0,0.5222312
0.0,0.003501296
0.0,0.2858029
1.0,0.8342104
1.0,0.93689275
1.0,0.47180817
0.0,0.0021167994
0.0,0.5850285
0.0,8.419156e-05
0.0,0.6736591
1.0,0.93733716
1.0,0.36932966
0.0,0.058890402
0.0,0.0003939271
0.0,0.00018706918
0.0,0.282171
0.0,0.00026991963
0.0,0.2804547
1.0,0.044355184
0.0,0.036702454
0.0,0.00842008
0.0,0.0038934648
0.0,0.6932984
0.0,0.4031131
0.0,0.011226833
0.0,0.00065997243
1.0,0.12985319
0.0,0.00045892596
1.0,0.73604345
0.0,0.00014728308
0.0,0.04280466
0.0,0.040240675
0.0,0.0004042983
0.0,0.95337296
1.0,0.18700701
1.0,0.8294287
0.0,0.31745428
1.0,0.14591107
0.0,0.0016028881
0.0,0.19181117
0.0,0.069080204
0.0,0.8016384
0.0,0.002254188
0.0,1.5944242e-05
1.0,0.19391295
0.0,0.0011259019
1.0,0.96038115
0.0,0.0041392148
1.0,0.12144032
0.0,0.45072618
1.0,0.03554198
1.0,0.94345284
1.0,0.9395426
0.0,0.0007648766
0.0,0.00043952465
1.0,0.75117576
0.0,0.0036530495
0.0,0.0028831065
1.0,0.0028737187
1.0,0.9685862
0.0,0.17041656
1.0,0.92829764
1.0,0.945751
0.0,0.6877257
0.0,0.002863437
0.0,0.17778
0.0,0.010767937
0.0,0.000618726
0.0,0.03543231
1.0,0.98138565
0.0,0.02710116
1.0,0.48949468
1.0,0.006246209
0.0,0.0018801689
0.0,0.010955006
0.0,0.87680703
1.0,0.97399116
1.0,0.97337246
1.0,0.14760879
0.0,0.0059552193
1.0,0.9415091
1.0,0.9275599
0.0,7.95424e-05
0.0,0.035136014
0.0,0.71989655
0.0,0.6213092
1.0,0.88957614
0.0,0.0044122636
1.0,0.20755637
0.0,0.5263329
0.0,0.009252429
0.0,0.0054745674
0.0,0.0037162602
0.0,0.0012749732
0.0,0.0044181645
0.0,0.005873114
0.0,0.0019532442
0.0,0.0041685104
0.0,0.21170542
0.0,0.023063034
0.0,0.001157552
0.0,0.19836625
0.0,0.0041632354
1.0,0.49820033
0.0,0.04055783
1.0,0.91451275
0.0,0.00072202086
0.0,0.0009109676
0.0,0.001313895
0.0,0.7964095
0.0,0.11780384
0.0,0.0069695115
0.0,0.08260313
0.0,2.3245811e-05
0.0,0.0005270541
0.0,0.0025207698
0.0,0.53612083
1.0,0.35868537
0.0,0.0028532147
0.0,0.0010433793
0.0,0.72023964
0.0,0.0064923465
1.0,0.60851973
0.0,0.44024965
1.0,0.19490236
0.0,0.0011079311
0.0,0.024978459
1.0,0.9523561
0.0,0.6104579
1.0,0.8267263
1.0,0.987242
1.0,0.9721397
1.0,0.7756778
0.0,0.00055000186
1.0,0.68074906
0.0,0.0006516278
0.0,0.00235492
0.0,0.015941828
1.0,0.9760928
0.0,0.00049868226
0.0,0.0008735657
1.0,0.58911294
1.0,0.99418056
0.0,0.05275613
0.0,0.00021365285
1.0,0.56499726
0.0,0.016834497
1.0,0.5990286
0.0,0.2198267
0.0,0.28281218
1.0,0.6846774
0.0,0.69652355
0.0,4.4614077e-05
1.0,0.10377166
0.0,0.00036805868
1.0,0.99095213
0.0,0.00058212876
1.0,0.31915972
1.0,0.5597113
1.0,0.8750097
1.0,0.9912257
0.0,0.09619701
0.0,0.036606163
1.0,0.19158518
0.0,0.0018731058
0.0,0.17778724
1.0,0.523518
1.0,0.7042087
1.0,0.94140905
0.0,0.005309105
1.0,0.9314576
1.0,0.83323395
0.0,0.01597941
1.0,0.9313812
0.0,0.16075498
1.0,0.48943347
1.0,0.8079635
0.0,0.6879007
0.0,0.2511485
1.0,0.029652864
0.0,0.10761255
1.0,0.93508005
0.0,0.61036587
0.0,0.0070226192
0.0,0.88448226
1.0,0.9858339
0.0,8.866191e-05
0.0,0.00033318996
0.0,0.7240877
1.0,0.257573
0.0,0.0042764544
0.0,0.00054877996
0.0,0.14166242
0.0,0.8659178
1.0,0.6986238
1.0,0.89478695
0.0,0.044975072
0.0,0.22903651
0.0,0.029828608
0.0,0.07088637
0.0,0.018536687
1.0,0.8962958
0.0,0.045111567
1.0,0.93764
0.0,0.6515424
0.0,0.1872667
1.0,0.7992976
0.0,0.0044327974
0.0,0.03292516
0.0,0.0004326105
0.0,0.0039597154
0.0,0.08212006
0.0,0.0010969639
0.0,0.0011629164
0.0,0.02783376
1.0,0.91735864
1.0,0.8710538
0.0,0.00045630336
0.0,0.004499495
1.0,0.977219
0.0,0.0022229552
1.0,0.83109885
0.0,0.04692921
0.0,4.3183565e-05
1.0,0.5471598
0.0,0.06105241
1.0,0.66694164
0.0,0.08100581
1.0,0.17587164
0.0,0.0011206865
0.0,0.005305499
0.0,0.86979073
1.0,0.96487284
0.0,3.0070543e-05
0.0,0.030866146
0.0,0.0007196963
0.0,0.93669415
1.0,0.28656217
0.0,0.00085040927
0.0,0.00027057528
1.0,0.9700192
1.0,0.002125591
0.0,0.13270304
1.0,0.26274028
0.0,0.051565856
0.0,0.12415287
1.0,0.8837912
1.0,0.99331707
0.0,0.017632544
1.0,0.94385564
1.0,0.9566117
0.0,0.0011436939
0.0,0.0207538
0.0,0.02117911
1.0,0.0056292117
0.0,5.7280064e-05
0.0,0.0009953082
0.0,0.001085341
1.0,0.96904325
1.0,0.67338187
0.0,0.005467087
1.0,0.46568817
1.0,0.0020282865
0.0,0.07308954
1.0,0.7627718
0.0,0.0032152832
1.0,0.90744555
0.0,0.011568397
1.0,0.36869675
0.0,0.004680097
0.0,0.0015995204
1.0,0.38192454
0.0,0.0014152229
1.0,0.8728895
0.0,0.004577577
0.0,0.0049536824
0.0,0.0016827285
1.0,0.9033656
0.0,0.5063879
1.0,0.09844053
0.0,0.0001911521
1.0,0.8075292
1.0,0.7803998
0.0,3.3915043e-05
1.0,0.95487016
1.0,0.96395576
1.0,0.1617895
1.0,0.9195276
0.0,0.005505353
0.0,0.0012030005
0.0,0.6389575
1.0,0.9233458
1.0,0.14713964
0.0,0.0004426539
0.0,0.0032266974
0.0,0.23955867
1.0,0.94948816
0.0,0.19212222
1.0,0.0016474426
1.0,0.94458604
0.0,0.010895997
0.0,0.002770245
1.0,0.9345683
0.0,0.6100709
1.0,0.9481207
0.0,0.7861723
0.0,0.0063505173
0.0,0.12906319
1.0,0.10716447
0.0,0.0064226985
1.0,0.9894242
0.0,0.0050913393
1.0,0.048330873
0.0,0.51766205
0.0,0.059080243
1.0,0.0015963316
1.0,0.09568775
1.0,0.09607658
1.0,0.9364649
0.0,0.0020715594
0.0,0.0026011765
0.0,0.5200603
0.0,7.95424e-05
1.0,0.9356581
1.0,0.06222534
0.0,0.00016188622
0.0,0.0036665797
0.0,0.00032174587
1.0,0.8086218
0.0,0.0017010868
0.0,0.006436974
0.0,0.012717843
0.0,0.3678714
0.0,0.0016317964
0.0,0.046852767
1.0,0.56267613
0.0,0.30977148
1.0,0.08920094
0.0,0.01500681
0.0,0.059761614
1.0,0.916378
1.0,0.8091842
1.0,0.9381131
0.0,0.0006028712
0.0,0.014067233
1.0,0.49823058
0.0,0.00034606457
0.0,0.0024355054
0.0,0.11775491
1.0,0.9036064
0.0,0.0017934442
0.0,0.022810757
1.0,0.9543432
0.0,0.21767786
1.0,0.97917664
1.0,0.9694466
1.0,0.9603232
0.0,0.0027386546
1.0,0.9623989
1.0,0.56224847
0.0,0.015240908
1.0,0.2428506
0.0,0.0032852292
0.0,0.066297084
0.0,0.03282088
0.0,0.00020039082
1.0,0.8506914
1.0,0.80161685
1.0,0.9785037
1.0,0.85790336
1.0,0.9347594
0.0,0.39780077
0.0,0.8987885
1.0,0.9868182
0.0,0.0071377456
1.0,0.8584473
1.0,0.9847771
0.0,0.022539675
1.0,0.13989955
1.0,0.33785957
0.0,0.0011556149
0.0,0.00788188
0.0,0.00026991963
0.0,0.0018586516
1.0,0.37744933
1.0,0.9590831
0.0,0.0025949478
0.0,0.000598073
1.0,0.00564149
1.0,0.56400263
1.0,0.077988476
0.0,0.005107194
1.0,0.8700254
1.0,0.5496612
0.0,0.010661572
0.0,0.06461862
1.0,0.8708648
1.0,0.99471575
0.0,0.28681552
1.0,0.7180011
0.0,0.011541873
0.0,0.101023704
1.0,0.9361979
0.0,0.17164299
1.0,0.9530164
0.0,0.3296112
0.0,0.05599615
0.0,0.027220398
1.0,0.9861624
1.0,0.18976396
0.0,0.0016493797
0.0,0.0026952922
1.0,0.8173152
0.0,0.004622996
1.0,0.9727757
1.0,0.8103994
1.0,0.7059584
0.0,0.008749276
0.0,0.77471757
0.0,0.17033732
0.0,0.0012098551
0.0,0.00013330579
1.0,0.99567497
0.0,0.02936539
0.0,0.00046682358
1.0,0.9231955
0.0,0.045628518
1.0,0.023727179
1.0,0.76141274
0.0,0.0013687611
0.0,0.057565153
0.0,0.71657366
0.0,0.0001758635
0.0,4.5359135e-05
0.0,0.0005328655
0.0,0.0010581613
0.0,0.91828454
1.0,0.50592506
1.0,0.9539047
0.0,0.47145018
0.0,0.3420394
0.0,0.00012758374
0.0,0.007010907
0.0,0.0009636283
1.0,0.0029031932
0.0,0.011464387
0.0,2.4080276e-05
1.0,0.9865478
1.0,0.033601224
0.0,0.0026646256
0.0,0.9656856
0.0,4.056096e-05
0.0,0.003065765
0.0,4.9591064e-05
0.0,0.036605835
1.0,0.91689414
1.0,0.78986967
1.0,0.8654667
0.0,0.00020191073
1.0,0.5998824
1.0,0.9735883
0.0,0.14836591
0.0,0.00011280179
1.0,0.7900921
1.0,0.042923838
1.0,0.83040744
1.0,0.86139214
1.0,0.656729
0.0,0.05945301
0.0,0.022374094
1.0,0.43985724
0.0,0.00024086237
1.0,0.8773834
0.0,0.004306555
1.0,0.63770485
0.0,0.0014613569
0.0,0.27602798
0.0,0.0067011714
0.0,0.002038449
0.0,0.092522144
0.0,0.00017666817
0.0,0.000111311674
0.0,0.009359449
0.0,0.50268435
0.0,9.196997e-05
0.0,0.000356853
1.0,0.779747
1.0,0.21195537
1.0,0.96510273
0.0,0.91303456
0.0,0.2873149
0.0,0.8911126
0.0,0.0074719787
1.0,0.9756464
1.0,0.15425345
1.0,0.74246204
1.0,0.98066187
0.0,0.80104923
0.0,0.0008864105
0.0,0.00023567677
1.0,0.4752384
0.0,0.0036513805
1.0,0.00015819073
1.0,0.9444104
0.0,0.24011168
0.0,0.00012820959
0.0,0.053476363
0.0,0.15567034
1.0,0.94562936
1.0,0.8150173
0.0,0.02354294
1.0,0.7617812
1.0,0.370201
0.0,0.22481656
0.0,0.007869333
1.0,0.69577384
0.0,0.00016283989
0.0,0.04959625
0.0,0.00069615245
0.0,0.1523034
0.0,0.0022945106
1.0,0.14838725
0.0,0.016543955
0.0,0.6166559
1.0,0.9623362
1.0,0.91656595
0.0,0.16101125
0.0,0.07685351
1.0,0.68701
0.0,0.012151837
0.0,1.4334917e-05
1.0,0.7067106
0.0,0.029997498
0.0,0.002021134
0.0,0.00067159534
1.0,0.857865
0.0,0.1408323
1.0,0.6491897
1.0,0.8790335
1.0,0.9931278
0.0,0.0009887516
1.0,0.43586582
0.0,0.0011282563
1.0,0.9540622
0.0,0.0037237406
1.0,0.91967887
0.0,0.013180643
0.0,0.0023120046
1.0,0.9537438
0.0,0.0002335012
0.0,0.0011537671
1.0,0.80148476
1.0,0.94623756
1.0,0.3172601
1.0,0.43665665
1.0,0.5537321
1.0,0.79682714
1.0,0.53031147
0.0,0.0014574528
1.0,0.05421245
1.0,0.95214176
0.0,0.052378565
0.0,0.00064232945
0.0,6.6548586e-05
1.0,0.8113378
0.0,0.009115696
0.0,0.28991732
0.0,0.102570415
1.0,0.9131087
0.0,0.004144937
0.0,0.035977423
1.0,0.4228469
1.0,0.91829395
1.0,0.79606754
1.0,0.009900808
0.0,0.96044695
0.0,0.014151722
0.0,0.0031922162
0.0,0.0047108233
0.0,0.00013035536
0.0,0.0029807389
0.0,0.004992485
1.0,0.0969871
1.0,0.9276892
0.0,0.007871956
1.0,0.938311
0.0,0.00078862906
0.0,0.0024745762
1.0,0.97962415
0.0,0.0011655092
0.0,0.7549867
0.0,0.008631915
0.0,0.4846607
0.0,0.0030096471
0.0,0.0020058453
0.0,0.91735494
1.0,0.44807985
0.0,0.0024393797
0.0,0.33942828
1.0,0.8250879
0.0,0.00052526593
1.0,0.40256444
0.0,0.011711448
0.0,8.08835e-05
0.0,0.0012113154
0.0,0.09548864
0.0,0.0003157258
0.0,0.0010239184
0.0,0.004588783
0.0,0.018120944
0.0,0.21600312
1.0,0.56845886
0.0,0.0035872161
1.0,0.82452613
0.0,0.6100921
1.0,0.008485317
0.0,0.06770724
0.0,0.0019313097
0.0,0.078884035
1.0,0.9605169
1.0,0.0077872872
1.0,0.13692033
0.0,0.0067906976
0.0,0.3999633
1.0,0.81482524
0.0,0.011601418
0.0,0.027467608
1.0,0.6912732
0.0,0.01466313
1.0,0.95833796
1.0,0.19703811
0.0,0.0012650788
1.0,0.19455919
0.0,0.07333261
1.0,0.0056744814
0.0,0.14259797
1.0,0.98877114
0.0,9.068847e-05
0.0,0.96140647
0.0,0.0049532056
0.0,0.006293386
0.0,3.59118e-05
0.0,0.0028831363
0.0,0.0008150935
1.0,0.92961574
0.0,0.0035219789
0.0,3.1083822e-05
0.0,2.3245811e-06
0.0,0.03280258
0.0,0.07816702
1.0,0.51640224
0.0,0.43794668
0.0,0.01981914
1.0,0.25681138
0.0,0.13428366
1.0,0.96939194
0.0,0.72954774
1.0,0.38146168
1.0,0.95950574
0.0,0.00016021729
1.0,0.9925631
0.0,0.69924796
0.0,0.012399048
0.0,0.0036569834
0.0,0.011972576
1.0,0.068991214
1.0,0.98865294
0.0,0.019764721
0.0,0.01033473
1.0,0.9662821
0.0,0.0007454455
1.0,0.34681317
1.0,0.012190998
1.0,0.8488055
0.0,0.0055933297
1.0,0.17784038
0.0,0.06777534
1.0,0.8069761
1.0,0.041723847
0.0,0.111403435
0.0,0.75168765
0.0,0.0062505305
0.0,0.29819214
1.0,0.502633
1.0,0.9504527
1.0,0.9850737
0.0,0.0053532124
0.0,0.00012674928
1.0,0.95946896
0.0,0.7620088
0.0,3.0070543e-05
0.0,0.00052422285
1.0,0.44319576
0.0,0.20159924
0.0,0.0028620958
0.0,0.038826257
0.0,0.0053769946
1.0,0.61498827
1.0,0.9859342
0.0,0.060448706
0.0,0.0050220788
0.0,0.00086790323
1.0,0.98383063
0.0,0.00882411
0.0,0.59791666
1.0,0.78864896
0.0,0.0005464554
0.0,0.35542384
1.0,0.9328587
0.0,0.031814426
1.0,0.21611106
1.0,0.058298737
0.0,0.0026856065
0.0,0.0025410652
0.0,0.0002899468
0.0,0.00086277723
1.0,0.9646342
1.0,0.99623954
1.0,0.9756942
1.0,0.21487617
0.0,0.8138033
0.0,0.044913203
1.0,0.746337
1.0,0.98896855
0.0,0.28251016
0.0,0.007321149
1.0,0.620333
0.0,0.0010309219
1.0,0.659493
0.0,0.00020685792
0.0,0.08018041
1.0,0.89363974
0.0,0.009862661
0.0,7.325411e-05
0.0,0.014226913
0.0,0.004219055
0.0,0.66600144
1.0,0.28591502
0.0,0.0013771057
1.0,0.9910054
0.0,0.1556341
1.0,0.8388598
0.0,0.01587379
1.0,0.7244515
1.0,0.9549102
1.0,0.99675703
0.0,0.6779056
0.0,0.00010871887
1.0,0.045635402
0.0,0.0015453994
0.0,0.010400027
1.0,0.8203834
1.0,0.1075587
0.0,0.015577495
1.0,0.9154728
1.0,0.9002933
0.0,0.83489347
0.0,0.0010749102
0.0,0.6959654
0.0,0.0011102557
0.0,2.849102e-05
0.0,0.89986145
1.0,0.93299973
1.0,0.98744345
1.0,0.82846737
0.0,5.7041645e-05
0.0,0.00047788024
0.0,0.0002811253
0.0,0.0007805824
0.0,0.00999403
0.0,0.004453361
1.0,0.86384827
1.0,0.9435022
1.0,0.44884712
0.0,0.052397013
0.0,0.004150629
1.0,0.82482874
0.0,0.048651308
0.0,0.49903837
1.0,0.83948165
0.0,0.5527608
0.0,0.8417665
1.0,0.23590243
0.0,0.0013355017
1.0,0.59032965
1.0,0.9233003
0.0,0.45803857
0.0,0.00052830577
1.0,0.9984375
0.0,0.00025635958
0.0,0.13286915
1.0,0.6844179
1.0,0.86712635
1.0,0.39393723
1.0,0.9579941
0.0,0.9317428
0.0,0.0024664104
0.0,0.0013325512
1.0,0.37270847
0.0,0.9716786
1.0,0.7120045
0.0,0.55756795
1.0,0.5905987
1.0,0.15549806
0.0,0.018668175
0.0,0.0068298876
0.0,0.00010919571
0.0,0.1548886
0.0,0.0041645765
0.0,0.011931807
1.0,0.052152157
1.0,0.14790943
0.0,0.33967423
1.0,0.9659736
1.0,0.15329486
0.0,0.00017154217
0.0,0.029841036
1.0,0.9061389
1.0,0.015681148
0.0,0.0016680956
0.0,0.010805011
0.0,0.00050109625
0.0,0.006824106
1.0,0.08180085
1.0,0.85188854
0.0,0.002270043
0.0,1.6570091e-05
0.0,0.011746913
0.0,0.082267106
0.0,0.0010608435
0.0,0.010410279
0.0,0.78359693
0.0,0.085404515
0.0,0.08382216
0.0,0.0012972057
0.0,0.05261302
1.0,0.9458204
1.0,0.74766856
0.0,0.00040912628
0.0,0.048741996
0.0,8.612871e-06
0.0,0.0030366182
0.0,0.058730334
0.0,0.057614505
0.0,0.00096157193
0.0,0.7481666
1.0,0.9826251
1.0,0.9970095
1.0,0.98364127
1.0,0.8805034
1.0,0.978592
0.0,0.7118399
0.0,0.019295216
0.0,0.00352934
0.0,0.03772062
1.0,0.6923123
0.0,0.0011669695
1.0,0.9254046
0.0,0.0022443533
0.0,0.80956304
0.0,0.5695366
0.0,0.031754106
0.0,0.0027779639
0.0,0.23232308
0.0,0.022360325
0.0,0.00070115924
1.0,0.94660866
1.0,0.59942204
0.0,0.16240898
0.0,0.027075976
0.0,0.00040259957
0.0,0.0014117956
1.0,0.9728736
0.0,0.0013503432
1.0,0.08773866
0.0,0.055675447
1.0,0.3040731
0.0,0.00024178624
0.0,0.051134974
1.0,0.8209766
0.0,2.2172928e-05
1.0,0.94712347
0.0,0.010870069
0.0,0.18022254
0.0,0.09337199
0.0,0.00042381883
0.0,0.00018513203
1.0,0.8884746
1.0,0.9741929
0.0,0.07443121
0.0,0.0025535822
0.0,0.001401484
0.0,0.22207034
1.0,0.4788704
0.0,0.21309176
1.0,0.032483965
1.0,0.67177415
0.0,0.75603056
0.0,0.00043329597
0.0,0.030027717
0.0,0.0048901737
0.0,0.010243386
0.0,0.117219
0.0,0.037322044
0.0,0.81032455
0.0,0.07975498
1.0,0.9494461
0.0,0.9706632
0.0,0.00046819448
1.0,0.8446834
0.0,0.007761389
0.0,0.007459402
0.0,0.00034239888
0.0,0.004473239
1.0,0.0049770772
1.0,0.9341811
1.0,0.62875944
0.0,0.0052352548
0.0,0.0031431913
0.0,0.0035402179
0.0,0.70164007
0.0,0.05723062
0.0,0.6648492
1.0,0.991259
1.0,0.9862162
1.0,0.864303
0.0,0.011347771
1.0,0.98988557
1.0,0.48045924
0.0,0.005019337
1.0,0.82952166
0.0,0.0068588853
0.0,0.010615528
0.0,0.8267452
1.0,0.95758426
1.0,0.9144466
1.0,0.7922744
0.0,0.5337598
0.0,0.088093966
0.0,0.0008275807
1.0,0.9614292
1.0,0.96015835
1.0,0.97170156
1.0,0.881197
0.0,0.008603513
0.0,0.0005391836
0.0,0.002532214
0.0,0.38740307
1.0,0.86797607
0.0,0.0039545596
0.0,0.039489508
0.0,0.03932801
1.0,0.3740356
0.0,0.0082368255
0.0,0.05451432
0.0,0.20484412
0.0,0.81947017
0.0,0.009978861
0.0,0.10163331
0.0,0.00038573146
0.0,0.12416664
0.0,9.047985e-05
1.0,0.9829458
1.0,0.09667909
0.0,0.15883586
0.0,0.96440375
0.0,0.06978363
1.0,0.87895477
0.0,0.0017811358
0.0,0.008963436
0.0,0.19597411
0.0,0.00020030141
1.0,0.8812294
0.0,0.0016951859
0.0,0.012757301
1.0,0.88025403
1.0,0.91710174
1.0,0.7803037
0.0,0.0024172366
0.0,0.009649605
1.0,0.7717563
1.0,0.9042332
1.0,0.9601574
0.0,0.9350543
0.0,0.0765357
0.0,0.00018328428
1.0,0.018191397
1.0,0.9853927
0.0,0.0017721951
0.0,0.5796099
1.0,0.5333382
1.0,0.9321126
0.0,0.0015147924
1.0,0.904976
1.0,0.20327988
0.0,0.012917578
1.0,0.017610997
0.0,0.0038878024
0.0,0.0004413724
0.0,0.88771933
0.0,0.0015299022
1.0,0.27249423
0.0,0.0051732063
1.0,0.7587428
1.0,0.5990883
1.0,0.20016792
0.0,4.7773123e-05
0.0,0.51576614
1.0,0.11995575
0.0,3.8594007e-05
1.0,0.39693692
1.0,0.40422043
0.0,0.8964759
0.0,0.02303806
1.0,0.52019507
1.0,0.99143434
0.0,0.00022700429
1.0,0.6184058
1.0,0.062473387
1.0,0.78281844
1.0,0.98737967
1.0,0.48889413
1.0,0.9686698
0.0,0.0037502646
0.0,0.1795252
0.0,0.010281116
1.0,0.9739594
1.0,0.24869871
0.0,0.058833092
0.0,0.014180094
1.0,0.05736667
0.0,0.003462255
1.0,0.9182048
0.0,0.21417707
1.0,0.81460774
1.0,0.92917633
0.0,0.14704153
1.0,0.19422245
0.0,0.027647138
1.0,0.9892527
1.0,0.9135593
1.0,0.033272713
0.0,0.035001785
0.0,0.008868784
1.0,0.642355
0.0,0.0013389885
1.0,0.9170513
0.0,0.000595063
0.0,0.3507977
0.0,0.05143094
0.0,0.011505455
0.0,0.00018003583
0.0,0.2049878
0.0,0.29627532
1.0,0.9448739
1.0,0.08371329
0.0,0.00083240867
1.0,0.97942746
1.0,0.899385
0.0,0.6012455
0.0,0.4618119
0.0,0.008115172
0.0,0.0034192502
0.0,0.014898419
0.0,0.006922841
1.0,0.07130149
1.0,0.9836563
0.0,0.00414443
0.0,0.00019800663
0.0,0.6723629
0.0,0.8359904
0.0,0.032499284
1.0,0.9406394
0.0,0.31139952
0.0,0.0011343062
1.0,0.6848854
1.0,0.8302084
0.0,0.0059024096
0.0,0.05479616
0.0,0.0021090508
1.0,0.6883427
1.0,0.92381513
0.0,0.0936929
0.0,0.0048086643
0.0,0.0014734268
0.0,0.03317049
0.0,0.0012336671
1.0,0.915978
1.0,0.44014087
1.0,0.11886492
0.0,1.2993813e-05
1.0,0.071695924
0.0,0.49937275
1.0,0.98574126
1.0,0.16921028
0.0,0.0018284619
0.0,0.0001642406
0.0,0.0007352829
0.0,0.07603511
0.0,0.63589275
1.0,0.99202824
0.0,0.94133055
0.0,0.18322405
0.0,0.0071799457
0.0,4.184246e-05
0.0,0.0021328032
0.0,0.003373146
0.0,0.026969671
1.0,0.8165574
1.0,0.9741401
0.0,2.0176172e-05
0.0,0.34412384
0.0,0.7388477
0.0,0.00081819296
1.0,0.97399086
0.0,0.007818431
0.0,0.12456763
1.0,0.7343029
0.0,0.28185117
0.0,0.021765351
0.0,0.005685568
0.0,0.0013713539
1.0,0.93478817
1.0,0.9589008
0.0,0.0020213127
1.0,0.116040945
1.0,0.981013
1.0,0.9086036
0.0,0.30966014
0.0,0.0056768656
1.0,0.82211214
1.0,0.9579332
0.0,0.0006850064
1.0,0.9490477
0.0,0.002080083
1.0,0.90849465
1.0,0.7313926
1.0,0.666303
0.0,0.0016548038
1.0,0.52624315
1.0,0.6434756
0.0,0.050794154
0.0,0.0028661788
0.0,0.9429077
0.0,0.019472003
0.0,0.0035189688
0.0,4.36306e-05
1.0,0.9917889
0.0,0.089971095
0.0,0.026928455
0.0,0.33210593
0.0,0.002085805
0.0,0.011649787
0.0,0.003402859
1.0,0.4261943
0.0,0.00095543265
0.0,0.010093987
0.0,0.19090226
1.0,0.8350934
1.0,0.94372505
1.0,0.93469346
1.0,0.94322854
0.0,0.0032428503
0.0,0.009300262
0.0,0.068799704
0.0,0.0058769584
0.0,0.552998
0.0,0.025747359
1.0,0.7004999
0.0,0.5019708
1.0,0.2118136
1.0,0.013303816
1.0,0.7380865
0.0,0.002687037
0.0,0.0006968081
0.0,7.8231096e-05
0.0,0.0024507344
1.0,0.7014565
1.0,0.94704986
1.0,0.2606862
1.0,0.8908287
1.0,0.99297214
0.0,0.0020664632
0.0,0.013240397
0.0,0.8063922
0.0,0.0010417402
1.0,0.9607022
0.0,0.00061535835
0.0,0.8703414
1.0,0.9917626
1.0,0.54906386
0.0,0.0013509691
0.0,0.008502722
0.0,0.027436852
0.0,0.025238782
1.0,0.52388513
0.0,0.996912
0.0,0.26239622
1.0,0.9763733
0.0,0.024655163
1.0,0.9858673
1.0,0.9868054
0.0,0.00013881922
0.0,0.3546802
0.0,0.000580281
0.0,0.0009151399
1.0,0.44510573
0.0,0.002353996
0.0,0.16118401
0.0,0.565784
0.0,0.0022851825
1.0,0.97479546
1.0,0.1590099
1.0,0.677753
1.0,0.9108367
0.0,0.10733995
0.0,0.0016985238
1.0,0.45634764
0.0,0.00029817224
1.0,0.13210791
0.0,0.0212681
1.0,0.9446975
1.0,0.93950427
0.0,0.110562086
0.0,0.028752625
0.0,0.64276373
0.0,0.0061858594
0.0,0.03751725
0.0,0.0055970848
1.0,0.9298024
0.0,0.0023653507
0.0,0.028514653
0.0,0.22168335
0.0,0.035211116
0.0,0.004793048
0.0,2.0503998e-05
0.0,0.046117216
0.0,0.00067701936
0.0,3.6358833e-06
0.0,0.0063989162
0.0,0.22501695
0.0,0.011410564
1.0,0.06324136
0.0,0.07280749
1.0,0.98200524
0.0,0.00062954426
0.0,6.443262e-05
1.0,0.78890425
0.0,9.1940165e-05
1.0,0.98326445
0.0,0.10955405
1.0,0.8567877
0.0,0.4810912
0.0,0.005152315
1.0,0.900308
1.0,0.16731828
0.0,0.00069215894
0.0,0.008584112
0.0,3.1292439e-06
0.0,7.751584e-05
0.0,1.5109777e-05
0.0,0.63605374
1.0,0.9421427
1.0,0.42875522
0.0,0.18114969
0.0,0.05758527
1.0,0.5997573
1.0,0.9497098
1.0,0.78077936
0.0,4.3153763e-05
1.0,0.0174793
0.0,0.028155655
1.0,0.39802155
0.0,3.772974e-05
1.0,0.7219307
0.0,0.005314857
0.0,0.0041534305
0.0,0.015928239
0.0,0.6507948
1.0,0.76841426
0.0,0.0011913776
0.0,0.10351455
1.0,0.9915491
0.0,8.845329e-05
0.0,0.67267334
0.0,0.4357592
1.0,0.97896636
0.0,0.049631357
0.0,0.0076517165
0.0,0.9727559
1.0,0.70215267
0.0,0.0002515614
0.0,0.43466836
0.0,0.009218454
1.0,0.43384567
0.0,0.0011416674
1.0,0.9819072
0.0,0.26104194
1.0,0.619177
1.0,0.9840801
0.0,0.7495179
1.0,0.94606745
1.0,0.99563336
0.0,0.00066152215
0.0,0.68394727
0.0,0.010586292
1.0,0.9884356
0.0,0.038012594
1.0,0.70847887
1.0,0.5435696
0.0,0.001350075
1.0,0.8480611
0.0,0.17675054
1.0,0.27011326
0.0,0.93303895
1.0,0.49378788
0.0,0.45754024
1.0,0.002420485
0.0,0.145648
0.0,0.0011008978
0.0,5.1796436e-05
0.0,0.0020473003
0.0,0.000877887
0.0,0.00023248792
0.0,0.0002477467
0.0,0.09554756
0.0,0.016864538
0.0,0.62574303
0.0,0.081938475
0.0,0.004757464
1.0,0.90516174
1.0,0.16342452
0.0,0.601105
1.0,0.0051338673
0.0,0.013869435
0.0,0.1399368
0.0,0.77443016
0.0,0.007686645
0.0,0.005138457
0.0,0.0150158405
1.0,0.90095365
0.0,0.00011241436
0.0,0.0046099126
1.0,0.0005180836
0.0,0.0001205802
1.0,0.81699216
0.0,0.057013124
0.0,0.010438949
1.0,0.18137965
0.0,0.0046280324
1.0,0.8043621
0.0,0.0010075271
0.0,3.07858e-05
0.0,0.00025108457
1.0,0.9492204
0.0,0.0063765645
1.0,0.49268636
1.0,0.5820339
0.0,0.9639733
0.0,5.5760145e-05
1.0,0.0032633543
0.0,0.0009810627
0.0,0.019413143
0.0,0.52196205
0.0,0.0006146729
0.0,0.07576206
0.0,0.75829005
1.0,0.03686431
0.0,0.0022731721
1.0,0.9019561
0.0,7.620454e-05
0.0,0.0011388063
0.0,0.0008468926
1.0,0.8293916
1.0,0.9882767
0.0,0.16941151
0.0,0.40385196
0.0,0.0016120076
0.0,0.046598166
0.0,0.01136893
0.0,0.002800852
0.0,3.0636787e-05
1.0,0.076135874
1.0,0.8808238
0.0,0.003071487
0.0,0.97681546
1.0,0.6216172
0.0,4.0709972e-05
1.0,0.6583446
0.0,0.00023064017
0.0,0.010288984
1.0,0.97031176
0.0,0.6636168
1.0,0.7288091
1.0,0.96653914
1.0,0.97022367
0.0,0.05138406
0.0,0.00422436
0.0,0.18718612
1.0,0.9328734
0.0,0.08333728
1.0,0.9646286
0.0,0.0028904676
0.0,0.00063452125
0.0,0.15327394
1.0,0.91002536
0.0,0.0110010505
0.0,0.0051086247
0.0,0.021591991
1.0,0.042966306
1.0,0.93742055
0.0,0.0034379065
0.0,0.0049669147
1.0,0.97909546
1.0,0.95418394
1.0,0.75928885
1.0,0.16924316
0.0,0.00017383695
1.0,0.85784066
0.0,0.010558546
0.0,0.022065163
0.0,0.0015618801
1.0,0.7381244
0.0,0.0054386854
0.0,0.014792085
0.0,0.00016975403
1.0,0.63105357
0.0,0.35899982
1.0,0.9777607
1.0,0.89146274
0.0,0.018399388
1.0,0.6653126
0.0,0.00208202
1.0,0.59437716
0.0,0.46064252
0.0,0.0024214983
0.0,0.0047294796
0.0,0.009634167
1.0,0.9804126
0.0,0.025815547
0.0,0.014356226
0.0,0.68798655
1.0,0.9980938
1.0,0.79423755
0.0,0.0011615455
1.0,0.861306
1.0,0.9700518
1.0,0.9892782
1.0,0.23192364
0.0,0.071168005
1.0,0.8669107
0.0,0.0930351
0.0,0.2061064
1.0,0.10833463
0.0,0.003976226
0.0,0.0006043613
0.0,0.03555882
1.0,0.33807117
0.0,0.15575317
0.0,0.52299273
1.0,0.9623741
0.0,0.0016186237
1.0,0.8297959
0.0,0.014096588
0.0,0.5627161
1.0,0.8891623
1.0,0.9350362
0.0,0.0004723966
1.0,0.7308502
1.0,0.9746516
0.0,0.5340931
0.0,0.08558789
1.0,0.66310596
0.0,0.029072553
1.0,0.9634727
0.0,0.007993102
0.0,0.010337502
1.0,0.13767031
1.0,0.646857
0.0,0.007806599
1.0,0.2617669
0.0,0.037899554
0.0,0.004885316
1.0,0.9812026
0.0,0.0085300505
0.0,0.014958531
0.0,0.05546984
1.0,0.68853915
0.0,0.0002452731
0.0,0.0027329624
1.0,0.33022267
1.0,0.9244238
0.0,0.004011333
0.0,0.08806941
0.0,0.001475364
1.0,0.11932865
0.0,0.16753498
0.0,0.0001822412
0.0,0.021133244
0.0,0.0007773042
0.0,0.0027638376
1.0,0.089966744
0.0,0.009992301
0.0,0.00026524067
0.0,0.012990624
1.0,0.91799587
1.0,0.9846443
1.0,0.6572244
0.0,0.12559831
0.0,0.0022161305
0.0,0.93981946
1.0,0.9757563
0.0,0.0031057298
1.0,0.85698235
0.0,0.0006029606
1.0,0.97222424
0.0,0.060940504
1.0,0.8272058
0.0,0.824371
1.0,0.52742076
0.0,0.035059392
0.0,0.025661439
1.0,0.2738889
1.0,0.95758015
1.0,0.9659661
0.0,0.012984425
1.0,0.944724
1.0,0.47881573
1.0,0.013973564
0.0,0.00023066998
1.0,0.7925221
0.0,0.02894044
0.0,0.9076005
1.0,0.5975783
0.0,0.23017815
0.0,0.0024190545
0.0,0.012781382
0.0,0.009987891
0.0,0.5592757
1.0,0.9676374
1.0,0.9367603
0.0,0.3792453
0.0,0.73696846
0.0,0.0021598935
1.0,0.9844321
0.0,0.6519549
0.0,0.12145716
0.0,0.0012530386
0.0,0.0045624375
0.0,0.015412301
0.0,0.77282715
1.0,0.962086
1.0,0.98512447
1.0,0.069025904
0.0,0.09856638
0.0,0.0028101802
0.0,0.00055781007
0.0,0.0012676716
0.0,0.0025573075
1.0,0.9436317
0.0,0.020173699
0.0,0.23249137
1.0,0.96480906
0.0,0.024139613
1.0,0.017188251
1.0,0.39716494
0.0,0.36928153
0.0,0.0012950003
0.0,0.005917251
1.0,0.80899185
0.0,0.14160416
0.0,0.0047057867
1.0,0.94472194
1.0,0.35438138
0.0,7.9512596e-05
0.0,0.0045837164
0.0,0.65097225
0.0,0.00021007657
0.0,0.5254525
1.0,0.49411196
1.0,0.93762994
0.0,0.0005225837
0.0,0.00016379356
0.0,0.70439714
0.0,0.28534397
1.0,0.951489
0.0,0.0018845499
1.0,0.9754808
0.0,0.0068053007
1.0,0.9738902
0.0,0.00050637126
1.0,0.92316794
1.0,0.5932671
0.0,0.0072631836
0.0,0.06330037
0.0,0.00062319636
0.0,0.06709945
1.0,0.3354981
1.0,0.00013944507
1.0,0.29624155
1.0,0.5228919
1.0,0.4294703
0.0,2.6762486e-05
1.0,0.76184285
1.0,0.5605966
0.0,0.0005746186
0.0,0.008776844
0.0,0.009959787
1.0,0.5837155
1.0,0.9755769
0.0,0.96149915
0.0,0.00018435717
1.0,0.74118316
0.0,0.0005977154
0.0,0.003580451
1.0,0.87550974
0.0,0.578252
0.0,0.00501585
1.0,0.18966499
1.0,0.808499
0.0,0.0006890297
0.0,0.0028926134
0.0,0.0094643235
1.0,0.90881896
1.0,0.91939783
0.0,0.30559605
0.0,0.27523252
1.0,0.96088165
1.0,0.47793487
0.0,0.0008276701
0.0,0.09196907
0.0,0.011363655
1.0,0.14329588
1.0,0.60384125
0.0,0.0077421367
0.0,0.0009725094
1.0,0.89212275
0.0,0.003470093
0.0,0.004291743
0.0,0.029957026
0.0,0.60073537
1.0,0.76187235
0.0,0.9227355
0.0,0.0018539727
0.0,0.4956733
0.0,0.19833428
0.0,0.0069058537
1.0,0.78574735
1.0,0.6252527
0.0,0.11110121
1.0,0.9528423
0.0,0.048433334
1.0,0.950945
1.0,0.0033115447
1.0,0.8963969
0.0,0.0002670288
0.0,0.6514965
0.0,0.0004350543
1.0,0.98344487
0.0,0.0006581247
1.0,0.9267986
0.0,0.046034425
0.0,0.00023126602
1.0,0.018665403
1.0,0.9286468
0.0,4.4971704e-05
1.0,0.5345392
0.0,0.0018585324
1.0,0.782914
0.0,0.00016623735
1.0,0.85841954
1.0,0.011775315
0.0,0.005992025
0.0,0.0009866059
0.0,0.0051657557
0.0,0.00062665343
0.0,0.001896888
0.0,0.5722933
0.0,0.010091931
0.0,0.007383764
0.0,0.96226203
0.0,0.00075790286
1.0,0.9639982
0.0,0.06761828
0.0,0.12941903
1.0,0.98322797
0.0,0.004716754
1.0,0.988693
0.0,0.00062945485
1.0,0.9612727
0.0,0.0013338625
0.0,0.010929108
1.0,0.9805622
0.0,0.0055251718
0.0,0.0014681816
0.0,0.005934626
1.0,0.9294472
1.0,0.36594322
0.0,0.00094103813
1.0,0.799034
1.0,0.17370647
1.0,0.9668025
0.0,0.13933212
1.0,0.3416713
1.0,0.9427446
0.0,0.17553458
1.0,0.34509194
1.0,0.7147455
0.0,0.004255682
0.0,0.0006199181
0.0,0.01737988
0.0,0.00876984
0.0,0.0036852658
0.0,0.0024399757
0.0,0.008095384
0.0,1.3530254e-05
1.0,0.94432676
0.0,0.15209189
0.0,0.0051086247
0.0,0.011996806
0.0,0.0038450956
1.0,0.8654285
0.0,0.00017470121
1.0,0.8821131
0.0,0.3127468
0.0,0.003299743
1.0,0.3513213
1.0,0.777777
0.0,0.10501006
0.0,0.00082302094
1.0,0.9421808
0.0,0.88171816
0.0,0.006261468
1.0,0.67744505
1.0,0.47532627
1.0,0.6301104
1.0,0.8805238
0.0,0.01804778
0.0,0.00024873018
1.0,0.20735228
0.0,0.0039593577
0.0,0.0008651316
1.0,0.9797824
1.0,0.81049967
1.0,0.9700154
0.0,0.00047159195
1.0,0.21565157
1.0,0.9372915
1.0,0.8382673
0.0,0.002146691
0.0,0.00045210123
1.0,0.18894428
0.0,0.0036116838
0.0,0.59614766
0.0,0.009618908
1.0,0.97821695
0.0,0.0010281801
0.0,0.0012331307
0.0,0.006743908
0.0,0.09850758
0.0,0.053742737
0.0,1.0430813e-05
0.0,0.82064176
1.0,0.97952116
0.0,0.014460772
1.0,0.939523
0.0,0.00034451485
0.0,0.17347896
0.0,0.8988012
1.0,0.0003335476
0.0,0.7499666
0.0,0.00022998452
0.0,0.0008714795
0.0,0.3114734
0.0,0.053779393
1.0,0.93899095
0.0,0.10347009
1.0,0.94498515
0.0,0.015006751
0.0,0.013181567
0.0,0.0033879578
0.0,0.51576513
0.0,0.023364007
0.0,0.21167853
0.0,0.018263727
0.0,0.001663208
1.0,0.91716194
0.0,0.010627538
1.0,0.62003905
1.0,0.65564346
0.0,0.041487545
0.0,0.018548936
1.0,0.92542136
0.0,0.007034838
1.0,0.4027474
1.0,0.8197957
0.0,0.0028309524
1.0,0.5847003
0.0,0.00033903122
1.0,0.9201648
0.0,0.03532538
0.0,0.07998061
1.0,0.5418449
0.0,0.9322121
0.0,0.0010816753
0.0,0.81734514
1.0,0.7317468
1.0,0.947703
0.0,7.003546e-05
0.0,0.043697447
1.0,0.80250627
0.0,0.66847885
1.0,0.031249434
0.0,0.16970274
1.0,0.05685544
0.0,0.5302911
0.0,0.0010139346
0.0,0.78162336
0.0,0.0010355711
0.0,0.035633236
1.0,0.0014241934
0.0,0.2662812
1.0,0.8964884
0.0,0.0011911392
1.0,0.3173318
0.0,9.5784664e-05
0.0,0.00045710802
0.0,0.007195592
0.0,0.0100559
0.0,0.080866694
0.0,0.15111732
0.0,0.10267711
0.0,0.06653571
1.0,0.81902635
0.0,0.0015796721
0.0,0.01070109
1.0,0.57072693
1.0,0.2527269
0.0,0.016602665
0.0,0.0010836422
1.0,0.3618884
0.0,0.12999949
1.0,0.004466146
1.0,0.82631683
1.0,0.47205567
1.0,0.7176911
0.0,0.0021739304
0.0,0.00016394258
1.0,0.24149412
0.0,0.0871706
1.0,0.82412845
1.0,0.46185845
1.0,0.97310936
0.0,0.03011614
0.0,5.1498413e-05
0.0,0.010462284
0.0,0.0034541488
1.0,0.4956943
1.0,0.6498418
0.0,0.02560395
0.0,0.011994451
0.0,0.0075440407
0.0,0.07812333
1.0,0.0065786242
1.0,0.615243
1.0,0.7997745
0.0,0.72880805
1.0,0.37368518
1.0,0.49733847
1.0,0.47483653
1.0,0.95266306
0.0,0.41745698
0.0,0.15588689
0.0,0.51540285
0.0,0.0014019012
1.0,0.81240416
1.0,0.9874679
1.0,0.7602404
1.0,0.8377427
0.0,0.006288737
0.0,0.000341475
0.0,0.01536116
0.0,0.17802525
1.0,0.9495016
0.0,0.007977426
0.0,0.0011401176
0.0,0.017305315
0.0,0.0031236708
1.0,0.63431585
1.0,0.4292756
1.0,0.93818104
0.0,0.019464493
0.0,0.21549234
1.0,0.8498225
1.0,0.97404224
0.0,0.01650107
1.0,0.6673603
0.0,0.5089474
1.0,0.9748682
1.0,0.9668139
1.0,0.19237223
0.0,0.002802819
0.0,0.050139546
1.0,0.97780204
0.0,0.025661439
0.0,0.25612715
1.0,0.96705186
0.0,0.015518367
0.0,0.0016443431
0.0,0.004067987
1.0,0.2967869
0.0,0.13969114
0.0,0.20101193
1.0,0.6787916
0.0,0.21473756
0.0,0.0043286085
0.0,0.028407067
0.0,0.021397978
1.0,0.307579
0.0,0.8964335
0.0,0.00096437335
0.0,5.722046e-05
1.0,0.3438574
0.0,0.0026395917
0.0,0.00023639202
1.0,0.26852036
0.0,0.025841624
0.0,0.00020459294
1.0,0.97446007
1.0,0.6452603
0.0,0.00039759278
1.0,0.39831102
1.0,0.26136932
0.0,0.35306862
0.0,0.5278788
1.0,0.50736123
1.0,0.7243705
0.0,0.0003451407
1.0,0.31118494
1.0,0.14262855
1.0,0.67117894
0.0,0.12986827
1.0,0.21702465
0.0,0.0012990832
1.0,0.42225924
0.0,0.00050252676
1.0,0.9189229
0.0,0.82070684
0.0,0.009631574
1.0,0.87220705
0.0,0.0031499863
1.0,0.8726592
1.0,0.76527584
1.0,0.940109
1.0,0.8526255
0.0,0.0028562248
1.0,0.003020972
0.0,0.19710836
0.0,0.00036251545
0.0,0.0017446578
0.0,0.01392743
1.0,0.85548556
0.0,0.0047121644
0.0,0.40204975
0.0,0.31358555
0.0,0.11630383
1.0,0.6873428
0.0,0.15517294
0.0,0.0002785325
0.0,0.01019147
0.0,0.47746772
1.0,0.44124055
0.0,0.0011726916
1.0,0.9441072
1.0,0.9712808
0.0,0.8779386
0.0,0.0005504489
0.0,0.0017338097
1.0,0.9518684
0.0,0.0015948415
1.0,0.014454842
1.0,0.46243137
1.0,0.98265046
0.0,0.47968322
0.0,0.44698387
0.0,0.00023722649
0.0,0.74200976
0.0,0.0037032068
0.0,0.0015143454
0.0,0.04717061
1.0,0.45481488
0.0,0.028768271
1.0,0.92699087
0.0,0.06597522
1.0,0.9976859
1.0,0.9085737
1.0,0.7021815
1.0,0.7974417
0.0,0.6151043
0.0,0.8682405
0.0,0.028633833
1.0,0.43289453
1.0,0.7875087
0.0,0.0009061396
1.0,0.1537058
1.0,0.9342333
1.0,0.94335437
1.0,0.17656797
0.0,0.5346054
0.0,0.003285855
1.0,0.8433575
0.0,0.0019946098
0.0,0.31292725
1.0,0.93857884
0.0,0.00053203106
0.0,0.56738394
0.0,0.014029264
0.0,0.0016054809
0.0,0.018163025
1.0,0.9956089
0.0,0.0007445216
0.0,0.2849747
1.0,0.04485044
0.0,0.0036540926
1.0,0.9624119
0.0,0.24110252
0.0,0.00014016032
0.0,0.00073209405
0.0,0.0069922805
1.0,0.81777906
0.0,0.016316414
0.0,0.1138908
1.0,0.86594987
1.0,0.86425185
0.0,0.007873565
0.0,0.0042884946
0.0,0.0006097257
1.0,0.5593991
0.0,0.0008805394
1.0,0.90811384
1.0,0.7097037
1.0,0.1949512
1.0,0.68460166
1.0,0.89389956
0.0,0.8571476
1.0,0.73618793
1.0,0.9800882
0.0,0.0020915568
0.0,0.00050735474
0.0,0.003637284
1.0,0.89442897
0.0,0.002399981
0.0,0.00022178888
0.0,0.0860866
1.0,0.98336124
0.0,0.0037417412
1.0,0.8930497
0.0,0.05174923
0.0,0.496333
0.0,0.0069881976
0.0,0.006671518
0.0,0.004387468
1.0,0.4174687
1.0,0.9791063
0.0,0.0030173063
0.0,0.021802664
1.0,0.24076995
0.0,0.00012233853
1.0,0.97136444
0.0,0.007585913
0.0,0.0020400584
0.0,0.0067086816
1.0,0.98420465
1.0,0.656163
0.0,0.006433189
0.0,0.017237872
1.0,0.41451943
0.0,0.014920682
0.0,0.001288265
1.0,0.9349301
1.0,0.9921691
1.0,0.9352454
0.0,0.007074982
1.0,0.87541723
1.0,0.96674776
0.0,0.15375116
0.0,0.008077055
0.0,0.00021877885
0.0,0.0036579072
0.0,4.6789646e-05
0.0,0.0061211884
1.0,0.665033
1.0,0.8783852
0.0,0.010533959
0.0,0.0007483959
0.0,0.063887924
0.0,0.0071445405
1.0,0.88917553
0.0,0.8644789
0.0,0.0033892393
0.0,0.44255844
0.0,0.916671
1.0,0.12013382
0.0,5.6624413e-05
0.0,0.61142457
1.0,0.9193833
0.0,0.005258739
0.0,0.7152399
0.0,0.0026189685
0.0,0.00111413
1.0,0.43304014
1.0,0.85210896
0.0,0.022310317
0.0,0.96666056
0.0,0.000106185675
0.0,0.98008937
0.0,0.9470786
0.0,0.036637723
0.0,0.00010687113
0.0,0.08790594
1.0,0.000518173
0.0,0.0059905946
1.0,0.05383739
0.0,0.5115918
0.0,6.8068504e-05
0.0,0.003350526
0.0,0.091477245
0.0,0.3553399
0.0,0.005477339
1.0,0.9504231
0.0,0.00068858266
0.0,0.48348537
0.0,0.0059862435
1.0,0.5233417
1.0,0.9176055
0.0,0.0040095747
0.0,0.1170291
0.0,0.00013688207
1.0,0.9877549
1.0,0.7041594
1.0,0.97427
0.0,0.007587731
1.0,0.9849231
0.0,0.018779308
0.0,0.0005570352
0.0,0.0017247498
1.0,0.009539962
0.0,2.849102e-05
0.0,0.0019754171
1.0,0.98539126
1.0,0.022583425
0.0,0.027608305
1.0,0.97535294
0.0,0.006661117
1.0,0.41882578
0.0,0.015326351
1.0,0.86607826
0.0,0.99334323
0.0,0.08177528
1.0,0.8232064
0.0,0.0016664863
0.0,0.024708152
0.0,0.0035185218
0.0,9.7990036e-05
0.0,0.010385305
0.0,0.000731796
1.0,0.7022429
1.0,0.53224987
0.0,0.1486738
0.0,0.0050568283
0.0,0.0008254349
0.0,0.29113993
1.0,0.98189247
0.0,0.0022222698
0.0,0.10275462
0.0,0.6137653
0.0,0.13662589
0.0,1.7762184e-05
1.0,0.87478995
1.0,0.6326034
0.0,0.00078752637
0.0,0.002722323
0.0,0.00493443
0.0,0.0016768277
1.0,0.65355986
0.0,0.69162625
0.0,0.07146907
0.0,0.0026589334
1.0,0.15610942
0.0,0.0002808571
0.0,0.054136515
1.0,0.9361807
0.0,0.005201429
0.0,0.027882397
1.0,0.77519166
1.0,0.713529
1.0,0.98902583
0.0,0.00013515353
0.0,0.00039172173
0.0,0.2168397
0.0,0.00036519766
1.0,0.7227745
0.0,0.14940259
1.0,0.031436026
0.0,1.8566847e-05
0.0,0.0002554357
0.0,0.025449961
1.0,0.9909024
0.0,0.47462714
0.0,0.0070295334
0.0,0.106576174
1.0,0.5551045
0.0,0.019375235
0.0,0.04118976
0.0,0.00044849515
1.0,0.21518853
0.0,0.007859528
0.0,0.00019878149
1.0,0.05855429
1.0,0.9537873
0.0,9.2983246e-05
1.0,0.97046566
1.0,0.9243638
1.0,0.8585173
1.0,0.8558853
0.0,0.0018255115
1.0,0.8606434
0.0,0.9811257
1.0,0.042089373
0.0,0.0055156946
1.0,0.14425841
0.0,0.015060425
1.0,0.051284492
1.0,0.9908798
1.0,0.67809093
0.0,0.0023818612
0.0,0.55423015
0.0,0.14343378
0.0,0.0027934015
0.0,0.004505545
0.0,0.028661102
1.0,0.9750755
1.0,0.96321154
1.0,0.81639296
0.0,0.0011816621
0.0,0.0019381642
0.0,0.017158985
0.0,0.044241577
1.0,0.017069459
0.0,0.0838958
0.0,0.0039319396
0.0,0.0016853213
0.0,0.06292617
1.0,0.79178643
0.0,0.5182739
0.0,0.906728
0.0,0.16807976
1.0,0.4187963
0.0,0.0054031014
0.0,0.17588517
1.0,0.32985172
0.0,0.43217042
1.0,0.16236484
0.0,0.0034902096
0.0,0.14634326
0.0,0.0012396574
0.0,0.0031397343
0.0,1.5854836e-05
1.0,0.9078789
0.0,0.024939239
0.0,0.0019991398
1.0,0.9612644
1.0,0.8994018
0.0,0.039506108
1.0,0.0017187893
0.0,0.035772085
0.0,0.0019766092
1.0,0.9538362
0.0,0.0005786717
0.0,0.08752179
0.0,0.0064150393
0.0,0.004735261
1.0,0.93598545
1.0,0.9354018
1.0,0.64744765
1.0,0.9685537
0.0,0.0002783537
0.0,0.0038204193
0.0,0.054370105
1.0,0.59325963
0.0,0.030937701
0.0,0.001214534
1.0,0.8722414
1.0,0.31880194
1.0,0.7628808
0.0,0.004175842
0.0,0.08595756
0.0,0.33139598
1.0,0.98130196
1.0,0.88456655
1.0,0.87417585
0.0,0.11823627
0.0,9.414554e-05
0.0,8.884072e-05
1.0,0.96017027
1.0,0.11517137
0.0,0.13035843
1.0,0.70884
1.0,0.20787796
1.0,0.89988613
1.0,0.52740127
0.0,0.01048246
0.0,0.0054748356
1.0,0.57228833
1.0,0.59243083
0.0,0.0046539903
0.0,0.002954781
0.0,0.00058332086
0.0,0.0009756088
0.0,0.0018422604
0.0,0.39036667
0.0,0.0019135475
0.0,0.04467526
1.0,0.1669662
1.0,0.49067727
0.0,0.4829693
1.0,0.98478127
0.0,0.00081413984
1.0,0.93052423
0.0,0.082562774
1.0,0.9906746
0.0,0.00013527274
0.0,0.0017439723
0.0,0.0010760427
0.0,0.19669574
1.0,0.035804033
1.0,0.9829221
0.0,0.021836102
0.0,0.034515172
1.0,0.09381464
0.0,0.0134522915
1.0,0.9572128
1.0,0.7597725
0.0,0.0015988648
0.0,0.0403606
0.0,0.56946003
0.0,0.9855087
0.0,0.7942864
0.0,0.00086924434
0.0,0.12862635
0.0,0.002041459
1.0,0.88958323
1.0,0.9310314
1.0,0.36255103
1.0,0.83308995
0.0,0.00061663985
0.0,0.3506706
1.0,0.7948066
0.0,0.8098427
0.0,0.0012944043
0.0,0.022593915
1.0,0.7360267
1.0,0.06464699
0.0,0.006958246
1.0,0.98017573
1.0,0.96194506
0.0,3.6388636e-05
0.0,0.0058853626
1.0,0.9486139
0.0,0.0018574893
0.0,0.6195969
0.0,5.224347e-05
0.0,0.007422447
1.0,0.019380987
0.0,0.0046040714
0.0,0.0007793009
0.0,0.06831333
1.0,0.079523295
0.0,0.00082296133
0.0,0.0041727424
1.0,0.83730644
0.0,0.00024986267
0.0,0.08383581
0.0,0.8208063
1.0,0.9829025
1.0,0.40579692
1.0,0.080278516
0.0,0.043611944
0.0,0.10140464
1.0,0.06930503
0.0,0.0005954206
0.0,0.0001476109
0.0,0.047270328
0.0,0.014964789
1.0,0.11812574
0.0,0.04386559
0.0,0.41072777
1.0,0.7224399
0.0,0.0025803745
0.0,0.003990561
0.0,0.20649165
0.0,0.017177135
1.0,0.86775434
1.0,0.98193645
0.0,0.675545
1.0,0.52665114
0.0,0.00022497773
0.0,0.0017660558
0.0,0.0005041063
1.0,0.500343
0.0,0.0004989207
0.0,0.0054138005
1.0,0.9666904
1.0,0.57495105
1.0,0.8986515
0.0,0.3224303
1.0,0.92891276
1.0,0.90686
0.0,6.28829e-06
0.0,0.64600474
0.0,0.7218092
1.0,0.11079663
0.0,0.008871973
0.0,0.47108623
0.0,0.0027956367
0.0,0.002585739
0.0,0.0007430017
0.0,0.02067867
0.0,0.06826612
0.0,0.78393865
0.0,0.3942592
1.0,0.7845854
1.0,0.53857946
1.0,0.8159973
0.0,0.0021024346
1.0,0.9637189
0.0,0.20546263
0.0,0.007499814
1.0,0.91040677
0.0,0.07918832
0.0,0.00063338876
0.0,0.03150955
0.0,0.0027807355
0.0,0.12329337
0.0,0.59750146
0.0,0.0012377799
1.0,0.9130986
0.0,3.7163496e-05
0.0,0.00080016255
0.0,0.00261572
1.0,0.9431697
1.0,0.7297492
0.0,0.5937043
1.0,0.48656666
0.0,0.003555417
1.0,0.022005975
0.0,0.04514721
0.0,0.00040578842
1.0,0.005227387
0.0,2.5719404e-05
0.0,0.00045594573
1.0,0.36144984
0.0,0.008258462
1.0,0.00046178699
0.0,0.13565972
0.0,0.0012229681
1.0,0.9461541
0.0,0.004212916
0.0,0.037272483
0.0,0.8886471
0.0,0.0032773018
0.0,0.00017940998
1.0,0.78125155
0.0,0.00016722083
0.0,0.034075975
0.0,0.0058446825
1.0,0.59368825
0.0,0.8809049
0.0,0.009001493
1.0,0.33345085
0.0,0.00017485023
0.0,0.000551939
0.0,0.014965832
0.0,0.024100125
1.0,0.60226196
0.0,0.0013845861
0.0,3.9070845e-05
0.0,0.00038340688
0.0,0.0002632141
0.0,0.9378516
1.0,0.84447867
1.0,0.6364011
0.0,0.0045437515
1.0,0.8727796
0.0,0.0037809312
0.0,0.0008481741
0.0,0.0026776195
0.0,0.058116168
1.0,0.9772445
0.0,0.0024978817
0.0,0.00011819601
0.0,0.2610678
0.0,0.019910932
0.0,0.05833116
0.0,0.00031545758
0.0,0.0007957518
0.0,0.0015339553
0.0,0.0004888773
0.0,0.96928895
1.0,0.043069392
0.0,0.0034401417
0.0,0.11895469
0.0,0.0029395223
1.0,0.96294165
0.0,0.009537578
1.0,0.768504
0.0,0.0058301985
0.0,0.020142227
0.0,0.03438449
1.0,0.9092268
1.0,0.9654299
1.0,0.5181402
1.0,0.256354
0.0,0.29918906
0.0,0.0012898445
1.0,0.97322327
1.0,0.9556182
0.0,0.00092315674
0.0,0.019598663
0.0,0.5612876
1.0,0.94073063
0.0,0.0011070967
0.0,0.0035614967
0.0,0.010084629
0.0,0.0020790994
1.0,0.1362468
1.0,0.9820937
0.0,1.4007092e-06
1.0,0.8125154
0.0,0.0014791191
0.0,0.01042518
0.0,0.00017118454
0.0,0.0051782727
0.0,0.0023786426
1.0,0.71774864
0.0,2.4139881e-05
0.0,0.0071848035
0.0,0.6985867
0.0,0.011620343
0.0,0.7695017
1.0,0.973163
0.0,0.001616627
0.0,0.00068059564
1.0,0.94402325
0.0,0.68834203
0.0,0.00040060282
1.0,0.97323877
1.0,0.7064325
0.0,0.013167828
1.0,0.8105675
0.0,0.27017957
1.0,0.65925854
1.0,0.9964937
0.0,0.0017659664
1.0,0.89224577
0.0,0.013985872
0.0,0.011260062
0.0,0.5215745
0.0,0.13938612
0.0,0.0051802397
0.0,0.0068508983
0.0,0.11078411
1.0,0.93191874
0.0,0.02392292
0.0,0.03484407
0.0,0.14433482
0.0,0.12753126
1.0,0.9359622
0.0,0.0063587427
0.0,0.22750998
0.0,0.002041936
0.0,0.0020641983
0.0,0.0010046661
0.0,0.9523485
1.0,0.005348325
0.0,0.23310316
1.0,0.29296684
0.0,0.00022381544
1.0,0.2608316
0.0,0.008580506
0.0,0.267422
0.0,0.003146559
0.0,0.60409164
0.0,0.2939355
0.0,0.045556247
0.0,0.07302514
0.0,0.0010026693
0.0,0.7756816
0.0,0.89578307
1.0,0.8981369
0.0,0.38594338
0.0,0.007917523
1.0,0.9875087
0.0,0.0011377037
0.0,0.0019158721
0.0,2.1487474e-05
1.0,0.87209976
1.0,0.2226555
1.0,0.61922413
1.0,0.9928789
0.0,0.19862783
1.0,0.5538474
0.0,0.013815612
1.0,0.3987928
0.0,0.0035077631
0.0,0.9416348
0.0,0.011960387
0.0,3.284216e-05
0.0,0.003622055
1.0,0.91599214
1.0,0.4435066
0.0,0.9827175
1.0,0.8484466
0.0,0.0009122789
1.0,0.9632757
0.0,0.0040197372
0.0,0.008166373
0.0,0.9469594
0.0,0.23125291
0.0,0.008782297
0.0,0.00039836764
1.0,0.9845662
0.0,4.0203333e-05
1.0,0.97791684
1.0,0.6604258
1.0,0.88056874
0.0,0.00021758676
0.0,0.9949554
0.0,0.0031238794
0.0,0.02033487
0.0,0.037325144
1.0,0.6004595
0.0,0.30896676
0.0,0.016551465
0.0,0.039122045
0.0,0.0019027591
0.0,0.00014182925
0.0,0.035485476
0.0,0.82101655
0.0,0.0007288456
0.0,0.09951112
1.0,0.94248277
0.0,0.023005366
0.0,0.0031252503
0.0,0.0043686926
0.0,0.00052314997
1.0,0.88496506
0.0,0.4518444
1.0,0.91118747
0.0,0.88842374
1.0,0.9923118
1.0,0.8949394
0.0,0.0003130734
0.0,0.34474918
0.0,0.00541088
0.0,0.09109798
0.0,0.0030469
0.0,0.28245085
1.0,0.98287034
0.0,0.00034165382
1.0,0.18603113
0.0,0.030764371
0.0,0.00021544099
0.0,0.03327599
1.0,0.89966136
0.0,0.0010007322
1.0,0.9933074
0.0,0.0021739602
0.0,0.002284199
0.0,0.34621036
0.0,0.26181638
0.0,0.08618531
0.0,0.0024841428
1.0,0.7128426
1.0,0.7353996
0.0,0.007407397
0.0,0.01609677
0.0,0.0065933466
1.0,0.6255379
0.0,0.00972724
1.0,0.23557687
0.0,0.06701484
1.0,0.95313835
1.0,0.9750416
0.0,0.0020742714
0.0,0.022013247
0.0,0.0033214092
1.0,0.88545364
0.0,0.08783835
0.0,0.51953626
1.0,0.9703716
1.0,0.7278882
0.0,0.044415653
0.0,0.0032722354
1.0,0.9547356
0.0,0.0002747774
0.0,0.0054817796
0.0,0.0020870268
1.0,0.6980615
0.0,0.011436671
0.0,0.051867306
1.0,0.84981936
1.0,0.6454873
0.0,0.08901042
0.0,0.00252679
0.0,0.0032893121
1.0,0.9552009
1.0,0.973995
1.0,0.8658451
0.0,0.01060307
0.0,0.0022340417
0.0,0.019308358
0.0,0.00034627318
1.0,0.85432243
0.0,0.002037108
0.0,0.47350165
0.0,0.0064956844
0.0,0.052176863
0.0,0.08313924
0.0,0.00166893
0.0,0.17432958
0.0,0.003957659
0.0,0.0004427731
1.0,0.12769908
1.0,0.90100646
0.0,0.5213564
0.0,0.26152834
1.0,0.0065030456
0.0,0.0013429224
1.0,0.83798337
0.0,0.0067757666
0.0,0.0016826391
1.0,0.9728565
1.0,0.9767375
0.0,0.668849
0.0,0.14374909
1.0,0.1772846
0.0,0.16651434
0.0,0.15433577
0.0,0.9899851
0.0,0.0007838309
1.0,0.5876035
1.0,0.42606154
0.0,0.09182289
0.0,0.0001975894
0.0,0.07250291
1.0,0.8655957
0.0,0.0048458576
1.0,0.2593765
0.0,0.0060169697
1.0,0.77979577
1.0,0.87228936
0.0,0.11760765
1.0,0.12600386
0.0,0.55398464
0.0,0.00055265427
1.0,0.93830776
1.0,0.1325269
0.0,0.0006733835
0.0,0.15801746
0.0,0.75166523
0.0,0.109452784
1.0,0.9086129
0.0,0.035511762
0.0,0.19097671
0.0,0.0035791397
1.0,0.68540466
0.0,0.002819389
0.0,0.5205347
1.0,0.77526784
0.0,0.00013023615
0.0,0.7136801
0.0,0.07128477
1.0,0.18388021
0.0,0.030035704
1.0,0.90844166
0.0,0.001306504
1.0,0.022798419
1.0,0.25510168
1.0,0.92619437
1.0,0.78830576
0.0,4.1246414e-05
1.0,0.60181326
0.0,0.00022917986
1.0,0.99188924
1.0,0.2577685
0.0,0.2661841
1.0,0.35038224
0.0,5.942583e-05
1.0,0.82760084
1.0,0.16070998
0.0,0.00068977475
0.0,0.95095146
1.0,0.9962256
1.0,0.034001797
0.0,0.028885454
0.0,0.79301167
0.0,4.541874e-05
0.0,0.00013265014
0.0,0.10814956
1.0,0.8991382
1.0,0.9448474
1.0,0.37965822
1.0,0.41541404
1.0,0.9855975
1.0,0.9851319
0.0,0.58899564
1.0,0.86832756
0.0,0.0049987435
0.0,0.0015183091
0.0,0.004275948
1.0,0.004990995
1.0,0.14794189
0.0,0.011395454
0.0,0.0022112727
0.0,0.908872
1.0,0.7608192
1.0,0.16503805
1.0,0.58691275
0.0,0.00023850799
0.0,0.971828
0.0,0.00775373
0.0,0.021496505
0.0,0.013519168
0.0,0.0035778284
1.0,0.925246
1.0,0.77664506
0.0,0.04098183
0.0,0.0046318173
0.0,0.65562576
0.0,0.4727688
0.0,0.85291535
0.0,0.09785882
0.0,0.24260381
1.0,0.20727614
0.0,0.007263005
1.0,0.77372956
0.0,0.00070649385
0.0,0.40947753
0.0,0.021188825
0.0,0.21508235
1.0,0.9257369
1.0,0.43350968
1.0,0.69507927
1.0,0.65204513
0.0,0.00016582012
0.0,0.06313163
1.0,0.30587924
1.0,0.8334129
0.0,0.08528027
0.0,0.00014278293
0.0,0.09411487
1.0,0.1412541
0.0,0.0013876259
1.0,0.002432853
0.0,0.0048918426
0.0,0.01020512
0.0,0.0051959157
0.0,0.02060458
0.0,0.07325864
0.0,0.00032237172
0.0,0.027016968
1.0,0.96433437
0.0,0.0025709867
0.0,0.19755358
0.0,0.0054516494
1.0,0.121816665
0.0,0.011556923
1.0,0.98473305
0.0,0.00086662173
0.0,0.002630502
0.0,0.0005763769
0.0,0.09682602
0.0,0.0005965233
0.0,0.00041922927
1.0,0.9610927
0.0,0.17748275
1.0,0.60622925
1.0,0.9605746
0.0,0.0016267896
0.0,0.015527904
1.0,0.91069853
1.0,0.985744
0.0,0.011113763
0.0,0.3861963
0.0,0.0039284527
0.0,0.004552543
0.0,0.0040678084
1.0,0.7809694
0.0,0.011252463
1.0,0.41736245
1.0,0.09058136
0.0,0.8879411
0.0,0.008743942
0.0,0.00035831332
0.0,0.0027302802
0.0,0.47664732
0.0,0.0006149113
0.0,0.00064724684
0.0,0.6760232
1.0,0.89710534
1.0,0.763566
0.0,0.01160863
0.0,0.0069333315
0.0,0.24915475
1.0,0.8663126
0.0,0.00019177794
0.0,0.005717367
1.0,0.3717606
1.0,0.97312135
0.0,0.07107669
0.0,0.006635964
0.0,0.0011078715
1.0,0.9117714
0.0,0.0009858906
1.0,0.939721
1.0,0.6092798
0.0,0.0026608407
0.0,0.046023726
0.0,0.00097453594
1.0,0.52578527
0.0,0.14650285
1.0,0.6806769
0.0,0.0028475225
1.0,0.9690261
0.0,0.076495945
0.0,0.014104158
0.0,5.0127506e-05
1.0,0.98181474
0.0,0.41938686
1.0,0.97352374
1.0,0.33630684
0.0,0.00017499924
1.0,0.101528764
0.0,0.030597985
1.0,0.26149267
0.0,0.00034302473
1.0,0.9824246
0.0,6.8336725e-05
1.0,0.6442626
1.0,0.9310269
1.0,0.99272394
0.0,0.00034856796
1.0,0.96390176
1.0,0.5797266
0.0,0.0036168396
1.0,0.95711786
1.0,0.50358987
1.0,0.024979174
0.0,0.035357594
0.0,0.0025125626
0.0,0.9437288
0.0,0.013667541
