0.0,0.6793932
0.0,0.37165532
1.0,0.8868637
0.0,0.023536205
1.0,0.3856461
0.0,0.04074827
1.0,0.9497148
1.0,0.67471427
1.0,0.80905247
0.0,0.015640616
0.0,0.4119529
1.0,0.9832523
0.0,0.008402407
0.0,0.07797745
0.0,0.038433045
0.0,0.0045711696
1.0,0.88756776
0.0,0.010286152
0.0,0.019741237
1.0,0.83637214
1.0,0.5484929
0.0,0.010171503
1.0,0.97963345
0.0,0.021709502
0.0,0.06384683
1.0,0.96455026
0.0,0.07787225
1.0,0.9185796
0.0,0.06332564
1.0,0.92974645
0.0,0.010714829
0.0,0.7534564
1.0,0.92585313
1.0,0.99897945
1.0,0.9911535
1.0,0.9911572
1.0,0.81330884
0.0,0.011054456
1.0,0.9740751
1.0,0.04646644
1.0,0.9640104
1.0,0.9913104
0.0,0.011720866
1.0,0.99058247
1.0,0.96945226
0.0,0.019193798
0.0,0.0023991466
0.0,0.1353114
0.0,0.019149184
1.0,0.9955426
0.0,0.6572268
1.0,0.95390785
1.0,0.991366
1.0,0.6270864
0.0,0.013690054
0.0,0.0062075555
0.0,0.31399205
1.0,0.032567143
1.0,0.9904689
1.0,0.5851112
1.0,0.9923985
0.0,0.7415797
1.0,0.9983397
1.0,0.9832715
1.0,0.98052275
0.0,0.4551618
0.0,0.17179152
1.0,0.96400905
0.0,0.018006593
1.0,0.94471836
0.0,0.3713031
1.0,0.9908013
0.0,0.010087937
0.0,0.055063665
1.0,0.6218797
0.0,0.40758678
0.0,0.0077112913
0.0,0.08851209
0.0,0.006461829
1.0,0.98997134
0.0,0.013327271
1.0,0.9958856
1.0,0.9905531
1.0,0.999787
1.0,0.99343884
1.0,0.94820744
1.0,0.9911381
0.0,0.11203602
0.0,0.024529606
1.0,0.86733234
0.0,0.011554778
1.0,0.26620418
0.0,0.0054365396
0.0,0.83318627
0.0,0.281012
1.0,0.9806187
0.0,0.0038517416
0.0,0.045278013
1.0,0.47701302
1.0,0.9990894
0.0,0.004173517
0.0,0.02671358
1.0,0.00422135
0.0,0.19421053
0.0,0.13824424
1.0,0.9251902
1.0,0.012505025
0.0,0.07405779
1.0,0.0074227154
1.0,0.9972206
1.0,0.9899912
0.0,0.040317833
1.0,0.018182784
0.0,0.08562881
0.0,0.006523907
1.0,0.6594198
0.0,0.03203526
1.0,0.90652233
1.0,0.72854084
1.0,0.99786717
0.0,0.2162348
1.0,0.99166566
0.0,0.9167918
0.0,0.029384017
0.0,0.1873475
1.0,0.41982225
0.0,0.0057606995
0.0,0.17486647
1.0,0.9952977
1.0,0.9715196
1.0,0.9930736
0.0,0.058473915
0.0,0.018732786
1.0,0.67462885
1.0,0.99954414
0.0,0.7561425
0.0,0.014919192
0.0,0.04920435
0.0,0.043448985
0.0,0.041832626
1.0,0.99354863
0.0,0.30519122
1.0,0.54950875
0.0,0.013795853
0.0,0.064943254
0.0,0.0019764006
1.0,0.4501236
0.0,0.023042709
0.0,0.013732433
0.0,0.041710287
0.0,0.09769365
0.0,0.0019046664
0.0,0.003592521
0.0,0.9619808
0.0,0.19710839
1.0,0.98858404
0.0,0.00051161647
0.0,0.0100348
1.0,0.9997716
0.0,0.123224825
0.0,0.9291414
0.0,0.27104217
0.0,0.020797044
0.0,0.23249805
1.0,0.9995079
0.0,0.47238222
1.0,0.8674949
0.0,0.01657182
0.0,0.009520054
1.0,0.7789271
0.0,0.90686876
0.0,0.99183524
0.0,0.9930836
0.0,0.007027328
1.0,0.86470693
1.0,0.94705707
0.0,0.01183182
1.0,0.9644346
0.0,0.6145288
1.0,0.9936726
1.0,0.98607814
1.0,0.91971684
1.0,0.98883736
1.0,0.99104893
0.0,0.8473074
0.0,0.0024974942
0.0,0.019852728
0.0,0.9903251
0.0,0.17127371
0.0,0.022494435
1.0,0.15755376
0.0,0.0018853843
0.0,0.44132233
1.0,0.9859665
1.0,0.763906
1.0,0.9976272
0.0,0.026366383
0.0,0.113394886
0.0,0.00891614
1.0,0.026922822
0.0,0.11009693
0.0,0.48918512
0.0,0.59399086
0.0,0.10641518
0.0,0.030603737
1.0,0.083464235
0.0,0.020476282
1.0,0.20844886
0.0,0.003952384
0.0,0.27079928
0.0,0.0059450865
1.0,0.9958439
0.0,0.11611262
0.0,0.09465048
0.0,0.016343385
0.0,0.0025600493
0.0,0.96909946
0.0,0.7472497
1.0,0.9998257
0.0,0.07050499
0.0,0.0057683885
1.0,0.97079134
1.0,0.98730445
0.0,0.087788135
0.0,0.011660069
0.0,0.006620258
0.0,0.22673053
0.0,0.018064082
0.0,0.14713112
1.0,0.984964
0.0,0.040290475
1.0,0.6546973
0.0,0.019966215
1.0,0.97600216
1.0,0.8155492
0.0,0.0625439
0.0,0.041024238
0.0,0.019831866
1.0,0.84328616
1.0,0.8787092
1.0,0.99383074
1.0,0.82105505
0.0,0.0075422525
0.0,0.9580003
1.0,0.99879825
0.0,0.8365056
0.0,0.017575175
0.0,0.007121742
0.0,0.7455154
0.0,0.35147798
0.0,0.0073663592
0.0,0.26485002
1.0,0.7093453
0.0,0.011790931
0.0,0.17153063
0.0,0.046647936
1.0,0.97342694
1.0,0.9847356
0.0,0.018330634
0.0,0.007415712
0.0,0.018548608
1.0,0.9957292
0.0,0.024547279
0.0,0.007644266
0.0,0.020837784
0.0,0.009621859
1.0,0.99837476
1.0,0.98668444
1.0,0.99947995
0.0,0.039629847
1.0,0.84172666
0.0,0.04690948
0.0,0.013954818
0.0,0.4609432
1.0,0.9979905
1.0,0.8639713
0.0,0.0076827705
0.0,0.019302368
1.0,0.9631979
1.0,0.55168104
0.0,0.03157887
1.0,0.58375514
1.0,0.9997323
0.0,0.91767657
0.0,0.13961393
0.0,0.013168544
0.0,0.018605918
0.0,0.6442137
0.0,0.012157291
1.0,0.9973724
0.0,0.017460167
0.0,0.01535669
1.0,0.99976826
0.0,0.02276209
1.0,0.9849996
1.0,0.018514216
1.0,0.9793799
1.0,0.82791305
1.0,0.98910564
0.0,0.100476176
1.0,0.9725075
0.0,0.9775617
1.0,0.99824584
0.0,0.8837565
0.0,0.58117
0.0,0.013031483
0.0,0.48658088
0.0,0.24718553
1.0,0.98918575
0.0,0.9961894
1.0,0.82480323
0.0,0.7449352
1.0,0.95406115
1.0,0.9988481
0.0,0.020393938
0.0,0.003153503
0.0,0.004076749
1.0,0.93311393
1.0,0.51633847
0.0,0.0048879683
0.0,0.0053277016
0.0,0.005994171
0.0,0.027114272
1.0,0.97451675
1.0,0.7030533
0.0,0.03384587
0.0,0.14423653
1.0,0.88056195
1.0,0.99463904
1.0,0.8258329
0.0,0.047027975
0.0,0.8394179
0.0,0.008841664
0.0,0.8591139
1.0,0.9970213
1.0,0.844645
0.0,0.19688818
0.0,0.048546344
0.0,0.0062103868
0.0,0.5947698
0.0,0.0044068396
0.0,0.44097456
1.0,0.30370897
0.0,0.09585947
0.0,0.040158123
0.0,0.03745389
0.0,0.9612012
0.0,0.9551827
0.0,0.12375796
0.0,0.007091224
1.0,0.8010527
0.0,0.024461985
1.0,0.9198568
0.0,0.0038053691
0.0,0.32734954
0.0,0.13241023
0.0,0.006426543
0.0,0.99486864
1.0,0.24939886
1.0,0.95876384
0.0,0.63484925
1.0,0.96212864
0.0,0.008322358
0.0,0.7088821
0.0,0.47848704
0.0,0.9764973
0.0,0.012227654
0.0,0.00082820654
1.0,0.8505857
0.0,0.013712496
1.0,0.9961432
0.0,0.07526511
1.0,0.36532363
0.0,0.67424774
1.0,0.25958982
1.0,0.9871988
1.0,0.9901277
0.0,0.008165151
0.0,0.025652766
1.0,0.9446445
0.0,0.023732722
0.0,0.023397833
1.0,0.04779151
1.0,0.99350476
0.0,0.52586013
1.0,0.9847506
1.0,0.9999619
0.0,0.7674949
0.0,0.020159274
0.0,0.13917682
0.0,0.02905491
0.0,0.007545322
0.0,0.10254243
1.0,0.99044526
0.0,0.8427068
1.0,0.98218066
1.0,0.22229597
0.0,0.034998506
0.0,0.18986943
0.0,0.9515346
1.0,0.9939945
1.0,0.9973825
1.0,0.7367105
0.0,0.02773738
1.0,0.9945688
1.0,0.9690252
0.0,0.002078712
0.0,0.37817878
0.0,0.98529077
0.0,0.94882643
1.0,0.98047984
0.0,0.016592443
1.0,0.6291701
0.0,0.81954753
0.0,0.031925917
0.0,0.028943092
0.0,0.018611878
0.0,0.012875259
0.0,0.0051404834
0.0,0.017173707
0.0,0.02696833
0.0,0.027898341
0.0,0.22622216
0.0,0.14124131
0.0,0.008653015
0.0,0.6677567
0.0,0.010741949
1.0,0.9219393
0.0,0.0998663
1.0,0.99818414
0.0,0.0010422468
0.0,0.016376674
0.0,0.018396169
0.0,0.9536724
0.0,0.93776715
0.0,0.14974025
0.0,0.10119143
0.0,0.0021745265
0.0,0.0038603544
0.0,0.022780001
0.0,0.6866045
1.0,0.92185044
0.0,0.014198929
0.0,0.0641675
0.0,0.78874415
0.0,0.055488855
1.0,0.9338033
0.0,0.9218445
1.0,0.3622923
0.0,0.008416206
0.0,0.06965378
1.0,0.99872935
0.0,0.9765339
1.0,0.9283024
1.0,0.99308085
1.0,0.9074338
1.0,0.9843304
0.0,0.007936329
1.0,0.75886697
0.0,0.00888288
0.0,0.0076920986
0.0,0.6357705
1.0,0.99957967
0.0,0.012033254
0.0,0.014532
1.0,0.29982072
1.0,0.99993014
0.0,0.19589415
0.0,0.0026215315
1.0,0.86936486
0.0,0.18992776
1.0,0.8402581
0.0,0.25588334
0.0,0.4753387
1.0,0.9863756
0.0,0.9563579
0.0,0.0035386086
1.0,0.35615554
0.0,0.02519995
1.0,0.9993808
0.0,0.008849889
1.0,0.49315718
1.0,0.7926793
1.0,0.93719673
1.0,0.99825823
0.0,0.5338161
0.0,0.031094283
1.0,0.9689803
0.0,0.0045654476
0.0,0.7440207
1.0,0.8113631
1.0,0.9260566
1.0,0.99419975
0.0,0.018155932
1.0,0.99579144
1.0,0.95916307
0.0,0.032635003
1.0,0.99859035
0.0,0.6317751
1.0,0.59621257
1.0,0.94789124
0.0,0.86306286
0.0,0.5430402
1.0,0.29150897
0.0,0.25424773
1.0,0.9887368
0.0,0.86832976
0.0,0.009807527
0.0,0.9318708
1.0,0.9994254
0.0,0.010340899
0.0,0.0051240623
0.0,0.87713194
1.0,0.8573886
0.0,0.011471897
0.0,0.010294944
0.0,0.1779258
0.0,0.9023733
1.0,0.9328921
1.0,0.9774811
0.0,0.15889874
0.0,0.41722292
0.0,0.051386774
0.0,0.20156169
0.0,0.01391083
1.0,0.9909942
0.0,0.066147715
1.0,0.96552145
0.0,0.7336843
0.0,0.12522271
1.0,0.8485447
0.0,0.019119322
0.0,0.11863664
0.0,0.0072407424
0.0,0.009339392
0.0,0.4946006
0.0,0.009129643
0.0,0.010279655
0.0,0.053488404
1.0,0.988534
1.0,0.9951494
0.0,0.0043550134
0.0,0.025399268
1.0,0.9958679
0.0,0.010089755
1.0,0.96791905
0.0,0.39133555
0.0,0.0032056868
1.0,0.9726993
0.0,0.6807341
1.0,0.8432759
0.0,0.59306324
1.0,0.4122913
0.0,0.011370838
0.0,0.025092065
0.0,0.5538491
1.0,0.9907776
0.0,0.0012276769
0.0,0.069116
0.0,0.0043608546
0.0,0.8399025
1.0,0.28529873
0.0,0.01668349
0.0,0.003709793
1.0,0.9971609
1.0,0.10449934
0.0,0.20412612
1.0,0.9142581
0.0,0.108391255
0.0,0.84236145
1.0,0.99102724
1.0,0.9961325
0.0,0.06285027
1.0,0.9700401
1.0,0.9886495
0.0,0.061193883
0.0,0.2988359
0.0,0.048492134
1.0,0.045945972
0.0,0.0015194714
0.0,0.008998305
0.0,0.030176848
1.0,0.99735445
1.0,0.91641855
0.0,0.01731363
1.0,0.59275687
1.0,0.026539207
0.0,0.18912306
1.0,0.9574902
0.0,0.012453884
1.0,0.95957553
0.0,0.05411777
1.0,0.9567791
0.0,0.028415233
0.0,0.0084991455
1.0,0.8494905
0.0,0.008868843
1.0,0.97525346
0.0,0.04112345
0.0,0.011336058
0.0,0.0066663325
1.0,0.89631355
0.0,0.56726193
1.0,0.76315975
0.0,0.025828302
1.0,0.9725919
1.0,0.8797331
0.0,0.0035487711
1.0,0.9979762
1.0,0.99249023
1.0,0.7831807
1.0,0.676595
0.0,0.11232674
0.0,0.016376615
0.0,0.9083741
1.0,0.98263633
1.0,0.6865215
0.0,0.033239692
0.0,0.016775608
0.0,0.34925574
1.0,0.9888021
0.0,0.6182946
1.0,0.035016716
1.0,0.99926203
0.0,0.03443888
0.0,0.1087544
1.0,0.9901625
0.0,0.5187717
1.0,0.99522436
0.0,0.6984847
0.0,0.041207165
0.0,0.020341158
1.0,0.3373413
0.0,0.15817419
1.0,0.98421896
0.0,0.014391303
1.0,0.6660428
0.0,0.5620667
0.0,0.055855423
1.0,0.078142405
1.0,0.8084144
1.0,0.96981966
1.0,0.98852384
0.0,0.033595324
0.0,0.021452934
0.0,0.96117514
0.0,0.0034888983
1.0,0.952967
1.0,0.46701792
0.0,0.0020807683
0.0,0.01422295
0.0,0.005274534
1.0,0.92351395
0.0,0.008411586
0.0,0.018344492
0.0,0.032998145
0.0,0.5098171
0.0,0.11336881
0.0,0.4299416
1.0,0.9815719
0.0,0.8185644
1.0,0.16673529
0.0,0.05768487
0.0,0.75968146
1.0,0.31769
1.0,0.977259
1.0,0.98268545
0.0,0.026212215
0.0,0.096550316
1.0,0.8871875
0.0,0.007538706
0.0,0.0067045987
0.0,0.51001155
1.0,0.9880822
0.0,0.019904137
0.0,0.1114822
1.0,0.9972364
0.0,0.15942052
1.0,0.9993943
1.0,0.88927495
1.0,0.99734986
0.0,0.033063352
1.0,0.9929925
1.0,0.95582604
0.0,0.11607674
1.0,0.7021546
0.0,0.03831461
0.0,0.17583591
0.0,0.4489566
0.0,0.011409849
1.0,0.9817835
1.0,0.957162
1.0,0.9967462
1.0,0.9721079
1.0,0.9958297
0.0,0.7612715
0.0,0.98849785
1.0,0.99575067
0.0,0.020848393
1.0,0.70772815
1.0,0.99912846
0.0,0.04925394
1.0,0.6994424
1.0,0.4075888
0.0,0.005750805
0.0,0.030670673
0.0,0.0070768297
0.0,0.016907692
1.0,0.81913036
1.0,0.99547803
0.0,0.013107955
0.0,0.0142323375
1.0,0.034087002
1.0,0.8206496
1.0,0.26926005
0.0,0.057471126
1.0,0.96033704
1.0,0.6580375
0.0,0.018163979
0.0,0.2628718
1.0,0.8969408
1.0,0.9992159
0.0,0.7513401
1.0,0.99628377
0.0,0.18939847
0.0,0.27609646
1.0,0.9837202
0.0,0.3335845
1.0,0.99727273
0.0,0.8719332
0.0,0.10948998
0.0,0.3742265
1.0,0.9660977
1.0,0.9617454
0.0,0.008980721
0.0,0.015951455
1.0,0.87564576
0.0,0.014891773
1.0,0.9982558
1.0,0.97687495
1.0,0.8239847
0.0,0.047265053
0.0,0.9824035
0.0,0.6404095
0.0,0.008626878
0.0,0.0069580674
1.0,0.97353274
0.0,0.47399706
0.0,0.0074892044
1.0,0.9821936
0.0,0.028815597
1.0,0.033496946
1.0,0.96117973
0.0,0.015598208
0.0,0.10877329
0.0,0.9704162
0.0,0.013507426
0.0,0.0053029954
0.0,0.004316151
0.0,0.010159254
0.0,0.9561862
1.0,0.8294723
1.0,0.9903192
0.0,0.7019807
0.0,0.71933985
0.0,0.04055676
0.0,0.08966681
0.0,0.015327305
1.0,0.022308797
0.0,0.023954272
0.0,0.0006250143
1.0,0.99990237
1.0,0.16055775
0.0,0.010933995
0.0,0.98254913
0.0,0.00188452
0.0,0.032821894
0.0,0.008738846
0.0,0.0138168335
1.0,0.9381639
1.0,0.9162726
1.0,0.975917
0.0,0.010724694
1.0,0.74293244
1.0,0.9904547
0.0,0.21459839
0.0,0.0025133193
1.0,0.86879337
1.0,0.140975
1.0,0.93692017
1.0,0.9853511
1.0,0.9056239
0.0,0.09948173
0.0,0.47422105
1.0,0.74935853
0.0,0.003761083
1.0,0.9774407
0.0,0.011162519
1.0,0.8873231
0.0,0.022169828
0.0,0.76651335
0.0,0.01641494
0.0,0.060109764
0.0,0.7548777
0.0,0.0024410188
0.0,0.0069379807
0.0,0.007986933
0.0,0.9819446
0.0,0.0046438277
0.0,0.0032210648
1.0,0.98536813
1.0,0.85226214
1.0,0.9958354
0.0,0.983359
0.0,0.39060143
0.0,0.7108574
0.0,0.031153053
1.0,0.9908091
1.0,0.67330855
1.0,0.9613829
1.0,0.99736154
0.0,0.86057997
0.0,0.005069554
0.0,0.0061044395
1.0,0.8403181
0.0,0.016977817
1.0,0.002750039
1.0,0.9814467
0.0,0.6245488
0.0,0.0059002936
0.0,0.13357389
0.0,0.6575954
1.0,0.99951684
1.0,0.91723543
0.0,0.04986435
1.0,0.9855667
1.0,0.9254513
0.0,0.8649131
0.0,0.049821496
1.0,0.9691858
0.0,0.0061973035
0.0,0.09034285
0.0,0.008654654
0.0,0.32139468
0.0,0.01909998
1.0,0.75794494
0.0,0.30527434
0.0,0.9674486
1.0,0.9986249
1.0,0.97562766
0.0,0.46797282
0.0,0.86894464
1.0,0.880388
0.0,0.07403353
0.0,0.00022616982
1.0,0.55599886
0.0,0.225016
0.0,0.023752898
0.0,0.04229936
1.0,0.9984708
0.0,0.24241552
1.0,0.8987709
1.0,0.9794563
1.0,0.9993628
0.0,0.0070994794
1.0,0.70621353
0.0,0.0115439
1.0,0.9959862
0.0,0.08941054
1.0,0.9970509
0.0,0.0204176
0.0,0.019034982
1.0,0.9898379
0.0,0.0046432912
0.0,0.008954108
1.0,0.9104116
1.0,0.88681966
1.0,0.28627858
1.0,0.9058638
1.0,0.83663756
1.0,0.9511696
1.0,0.6241908
0.0,0.01138711
1.0,0.45406955
1.0,0.99809027
0.0,0.04801312
0.0,0.010286063
0.0,0.0058861375
1.0,0.8924798
0.0,0.023478806
0.0,0.47723117
0.0,0.4202942
1.0,0.9846785
0.0,0.008893967
0.0,0.30816913
1.0,0.80759996
1.0,0.9854918
1.0,0.960062
1.0,0.10818294
0.0,0.9989674
0.0,0.03961292
0.0,0.07462624
0.0,0.07445505
0.0,0.0016949177
0.0,0.27668837
0.0,0.020280123
1.0,0.37288016
1.0,0.9916961
0.0,0.034294575
1.0,0.86355495
0.0,0.0105088055
0.0,0.013091415
1.0,0.9971551
0.0,0.016009659
0.0,0.9898944
0.0,0.0014163554
0.0,0.9138011
0.0,0.010365039
0.0,0.014454901
0.0,0.986246
1.0,0.940716
0.0,0.019884974
0.0,0.71862423
1.0,0.9440753
0.0,0.000772804
1.0,0.8089696
0.0,0.022746354
0.0,0.006644428
0.0,0.01415357
0.0,0.15521419
0.0,0.006100148
0.0,0.01874125
0.0,0.066321015
0.0,0.041648418
0.0,0.88559306
1.0,0.9149814
0.0,0.06600329
1.0,0.9866838
0.0,0.93068635
1.0,0.025120229
0.0,0.026796073
0.0,0.0152490735
0.0,0.068359435
1.0,0.99315625
1.0,0.21338868
1.0,0.51185894
0.0,0.008508325
0.0,0.26214743
1.0,0.5988063
0.0,0.26192737
0.0,0.16025302
1.0,0.9174864
0.0,0.04287529
1.0,0.99752057
1.0,0.84458864
0.0,0.0006598532
1.0,0.7196551
0.0,0.32345027
1.0,0.30789322
0.0,0.24293786
1.0,0.9998263
0.0,0.0012649596
0.0,0.99872017
0.0,0.025964528
0.0,0.03403932
0.0,0.0041487515
0.0,0.1107305
0.0,0.0878509
1.0,0.9900421
0.0,0.02542612
0.0,0.009385616
0.0,0.00024393201
0.0,0.40292713
0.0,0.068601936
1.0,0.76329887
0.0,0.5345412
0.0,0.12117082
1.0,0.7891228
0.0,0.21098453
1.0,0.96599156
0.0,0.7947922
1.0,0.90880585
1.0,0.9704534
0.0,0.006995827
1.0,0.99978346
0.0,0.49313378
0.0,0.021905452
0.0,0.009464204
0.0,0.12980351
1.0,0.1953623
1.0,0.99959403
0.0,0.049940944
0.0,0.21289062
1.0,0.99850094
0.0,0.14979708
1.0,0.9186995
1.0,0.022730052
1.0,0.9006392
0.0,0.037264377
1.0,0.7099227
0.0,0.09493911
1.0,0.9808322
1.0,0.07313049
0.0,0.32463706
0.0,0.8619776
0.0,0.04191196
0.0,0.20574147
1.0,0.94725794
1.0,0.9727309
1.0,0.99768686
0.0,0.054359496
0.0,0.0041531622
1.0,0.9964491
0.0,0.97479934
0.0,0.00058835745
0.0,0.03102979
1.0,0.86382973
0.0,0.3221121
0.0,0.0077647865
0.0,0.4303866
0.0,0.19008636
1.0,0.8987651
1.0,0.9930016
0.0,0.07277939
0.0,0.024986625
0.0,0.020776153
1.0,0.99896324
0.0,0.049036622
0.0,0.844079
1.0,0.98618793
0.0,0.0028098226
0.0,0.1138809
1.0,0.9818729
0.0,0.020023376
1.0,0.7616812
1.0,0.5519482
0.0,0.010168284
0.0,0.020060629
0.0,0.008627236
0.0,0.014912665
1.0,0.9916012
1.0,0.99994874
1.0,0.99815863
1.0,0.8682681
0.0,0.9751066
0.0,0.088920444
1.0,0.7902844
1.0,0.9999782
0.0,0.30423856
0.0,0.03927806
1.0,0.7034094
0.0,0.004110396
1.0,0.641785
0.0,0.0055321455
0.0,0.23596045
1.0,0.9844632
0.0,0.07679641
0.0,0.0064024627
0.0,0.043030113
0.0,0.07861212
0.0,0.1589832
1.0,0.20972621
0.0,0.009768695
1.0,0.99954444
0.0,0.3653403
1.0,0.8815735
0.0,0.0934965
1.0,0.90274733
1.0,0.996088
1.0,0.9995471
0.0,0.90906745
0.0,0.007907063
1.0,0.29126656
0.0,0.006036252
0.0,0.07040545
1.0,0.9645695
1.0,0.7134517
0.0,0.030092418
1.0,0.9828017
1.0,0.9875096
0.0,0.95256716
0.0,0.0166035
0.0,0.8842313
0.0,0.008135855
0.0,0.008087963
0.0,0.9726442
1.0,0.99711156
1.0,0.9982563
1.0,0.9315423
0.0,0.00061526895
0.0,0.003262639
0.0,0.006280303
0.0,0.024314016
0.0,0.03958592
0.0,0.01846549
1.0,0.9081103
1.0,0.9968411
1.0,0.7735077
0.0,0.10150775
0.0,0.026616096
1.0,0.99613285
0.0,0.2583424
0.0,0.91278064
1.0,0.98142254
0.0,0.6549119
0.0,0.9426261
1.0,0.9395543
0.0,0.029871404
1.0,0.8808477
1.0,0.8685248
0.0,0.99328315
0.0,0.017697394
1.0,0.9991305
0.0,0.0035559237
0.0,0.8457358
1.0,0.8363813
1.0,0.9656731
1.0,0.9354097
1.0,0.9921069
0.0,0.99785113
0.0,0.083560556
0.0,0.011458635
1.0,0.9399265
0.0,0.9975773
1.0,0.93027544
0.0,0.9467778
1.0,0.9860489
1.0,0.34972978
0.0,0.08812019
0.0,0.07854226
0.0,0.00087967515
0.0,0.35924524
0.0,0.04470873
0.0,0.020292908
1.0,0.5572676
1.0,0.85083663
0.0,0.76168483
1.0,0.98864436
1.0,0.32778823
0.0,0.0029545724
0.0,0.11938751
1.0,0.9785123
1.0,0.13370678
0.0,0.013828933
0.0,0.23267975
0.0,0.011764526
0.0,0.0319975
1.0,0.91827214
1.0,0.9675321
0.0,0.097399265
0.0,0.0019755363
0.0,0.03790468
0.0,0.051849484
0.0,0.0122769475
0.0,0.011580437
0.0,0.9665663
0.0,0.17184788
0.0,0.12266421
0.0,0.072761625
0.0,0.1343821
1.0,0.9969219
1.0,0.9366114
0.0,0.0032053292
0.0,0.048668206
0.0,0.00050893426
0.0,0.015779048
0.0,0.17965376
0.0,0.08687499
0.0,0.011118293
0.0,0.9625212
1.0,0.9810573
1.0,0.99989295
1.0,0.9756936
1.0,0.9861857
1.0,0.99933285
0.0,0.19598639
0.0,0.021455258
0.0,0.01809284
0.0,0.03542599
1.0,0.56428504
0.0,0.023382902
1.0,0.9857868
0.0,0.039050817
0.0,0.94371927
0.0,0.9685374
0.0,0.050332695
0.0,0.10098326
0.0,0.5364078
0.0,0.042419106
0.0,0.009733647
1.0,0.9507388
1.0,0.9123956
0.0,0.23586684
0.0,0.23029262
0.0,0.005810857
0.0,0.006652564
1.0,0.9988451
0.0,0.009922117
1.0,0.39183545
0.0,0.04312551
1.0,0.64688474
0.0,0.011309236
0.0,0.085868
1.0,0.9709644
0.0,0.0026532114
1.0,0.98901606
0.0,0.041915387
0.0,0.31372815
0.0,0.23394728
0.0,0.002086997
0.0,0.0069259703
1.0,0.981482
1.0,0.998749
0.0,0.75558174
0.0,0.05002907
0.0,0.011343092
0.0,0.19068319
1.0,0.9360961
0.0,0.98726094
1.0,0.18369496
1.0,0.9521067
0.0,0.7426368
0.0,0.019198418
0.0,0.04505229
0.0,0.018730104
0.0,0.059553027
0.0,0.19466001
0.0,0.01639542
0.0,0.7360507
0.0,0.61972004
1.0,0.8138007
0.0,0.9980949
0.0,0.01037845
1.0,0.9583462
0.0,0.07864717
0.0,0.04902479
0.0,0.003403604
0.0,0.022969544
1.0,0.050205976
1.0,0.97615606
1.0,0.9994509
0.0,0.019732863
0.0,0.021358818
0.0,0.013774067
0.0,0.97075516
0.0,0.2828568
0.0,0.81260747
1.0,0.9994002
1.0,0.9858353
1.0,0.8971134
0.0,0.029319316
1.0,0.99930024
1.0,0.8115172
0.0,0.024712384
1.0,0.9352515
0.0,0.022758752
0.0,0.024474591
0.0,0.63693994
1.0,0.9977621
1.0,0.9809334
1.0,0.82074654
0.0,0.987918
0.0,0.13588244
0.0,0.012381285
1.0,0.97139835
1.0,0.9986857
1.0,0.9987898
1.0,0.98107296
0.0,0.021119535
0.0,0.0060795844
0.0,0.023214132
0.0,0.73944646
1.0,0.93757063
0.0,0.010849595
0.0,0.17288357
0.0,0.5884827
1.0,0.54591894
0.0,0.08738172
0.0,0.44488642
0.0,0.15979919
0.0,0.9696777
0.0,0.016608953
0.0,0.053780705
0.0,0.006062925
0.0,0.122287005
0.0,0.00465852
1.0,0.9952346
1.0,0.6518107
0.0,0.88666344
0.0,0.7707337
0.0,0.09153694
1.0,0.94788146
0.0,0.012408406
0.0,0.008730471
0.0,0.30378956
0.0,0.0024689138
1.0,0.98863435
0.0,0.0067124963
0.0,0.026360959
1.0,0.8369782
1.0,0.9700016
1.0,0.9967861
0.0,0.042782426
0.0,0.13533568
1.0,0.9960364
1.0,0.9881452
1.0,0.9984
0.0,0.965047
0.0,0.75034636
0.0,0.00033652782
1.0,0.039410233
1.0,0.99575424
0.0,0.011095762
0.0,0.8885516
1.0,0.86911297
1.0,0.9742282
0.0,0.013468295
1.0,0.9890759
1.0,0.92086244
0.0,0.00927785
1.0,0.5343889
0.0,0.021066546
0.0,0.028402954
0.0,0.9975015
0.0,0.023726523
1.0,0.8381337
0.0,0.18257096
1.0,0.7520311
1.0,0.9068662
1.0,0.45350346
0.0,0.002750367
0.0,0.9719992
1.0,0.9030585
0.0,0.003685683
1.0,0.81198686
1.0,0.9879327
0.0,0.9989369
0.0,0.10992125
1.0,0.09544572
1.0,0.9992746
0.0,0.006274909
1.0,0.77014756
1.0,0.6937118
1.0,0.9785634
1.0,0.99945986
1.0,0.9503614
1.0,0.9888582
0.0,0.02130273
0.0,0.25645596
0.0,0.04534179
1.0,0.99503714
1.0,0.85823274
0.0,0.33169967
0.0,0.09879053
1.0,0.4643023
0.0,0.012374669
1.0,0.99839354
0.0,0.6129638
1.0,0.8783438
1.0,0.9948996
0.0,0.70372
1.0,0.52652097
0.0,0.067255616
1.0,0.99943066
1.0,0.9993988
1.0,0.071189225
0.0,0.03960985
0.0,0.018024296
1.0,0.7669697
0.0,0.021026433
1.0,0.930871
0.0,0.015522212
0.0,0.8349854
0.0,0.15893683
0.0,0.096349955
0.0,0.0005630851
0.0,0.6384492
0.0,0.88266826
1.0,0.998677
1.0,0.25155258
0.0,0.006956786
1.0,0.99980235
1.0,0.9166904
0.0,0.980518
0.0,0.905696
0.0,0.16857484
0.0,0.052196592
0.0,0.017056227
0.0,0.09459591
1.0,0.501274
1.0,0.99820614
0.0,0.017092913
0.0,0.01102078
0.0,0.97185695
0.0,0.99106133
0.0,0.096134484
1.0,0.9916254
0.0,0.59712076
0.0,0.073393136
1.0,0.9937284
1.0,0.951824
0.0,0.072611004
0.0,0.25280243
0.0,0.0042162538
1.0,0.96823573
1.0,0.99325746
0.0,0.0060566366
0.0,0.09944257
0.0,0.011836648
0.0,0.11970341
0.0,0.0039796233
1.0,0.99264556
1.0,0.92436385
1.0,0.75874496
0.0,0.0009484589
1.0,0.3476915
0.0,0.44461355
1.0,0.9995949
1.0,0.87132305
0.0,0.014439791
0.0,0.0022721887
0.0,0.0071240664
0.0,0.33970225
0.0,0.94278026
1.0,0.999592
0.0,0.86194897
0.0,0.90430284
0.0,0.07090497
0.0,0.0049547255
0.0,0.04628554
0.0,0.058481634
0.0,0.18397889
1.0,0.97298336
1.0,0.9921209
0.0,0.0020657778
0.0,0.20234227
0.0,0.5643211
0.0,0.021062076
1.0,0.99479717
0.0,0.057464123
0.0,0.23310995
1.0,0.8883412
0.0,0.78329223
0.0,0.023126215
0.0,0.028334647
0.0,0.013104111
1.0,0.99827236
1.0,0.9793594
0.0,0.014571637
1.0,0.23545632
1.0,0.98889995
1.0,0.9457188
0.0,0.48475233
0.0,0.2861945
1.0,0.9754444
1.0,0.99704826
0.0,0.011708647
1.0,0.99521744
0.0,0.04438013
1.0,0.99421597
1.0,0.8851497
1.0,0.98705643
0.0,0.02956754
1.0,0.77716446
1.0,0.68269813
0.0,0.02705115
0.0,0.029738873
0.0,0.9980823
0.0,0.059964567
0.0,0.018144935
0.0,0.0034783483
1.0,0.9981538
0.0,0.4277227
0.0,0.26942533
0.0,0.8400545
0.0,0.0092764795
0.0,0.037715852
0.0,0.024781018
1.0,0.98267466
0.0,0.0073539317
0.0,0.010553956
0.0,0.6634676
1.0,0.93601906
1.0,0.9197515
1.0,0.98483443
1.0,0.98838264
0.0,0.018051922
0.0,0.02755487
0.0,0.10470939
0.0,0.063842416
0.0,0.83395725
0.0,0.15114579
1.0,0.96569026
0.0,0.7090212
1.0,0.33320636
1.0,0.019849986
1.0,0.80646056
0.0,0.043120503
0.0,0.0055184364
0.0,0.0062013566
0.0,0.03831935
1.0,0.9475703
1.0,0.9901998
1.0,0.5913361
1.0,0.9788946
1.0,0.99906343
0.0,0.013076365
0.0,0.1286872
0.0,0.9946839
0.0,0.008861095
1.0,0.9916959
0.0,0.010861158
0.0,0.4868994
1.0,0.998327
1.0,0.88708305
0.0,0.0070920587
0.0,0.3991142
0.0,0.10485357
0.0,0.6752224
1.0,0.94834745
0.0,0.99980205
0.0,0.7536788
1.0,0.99954176
0.0,0.04115644
1.0,0.98461807
1.0,0.98187697
0.0,0.002394259
0.0,0.855973
0.0,0.0234721
0.0,0.010318458
1.0,0.8503662
0.0,0.01960069
0.0,0.1755071
0.0,0.932196
0.0,0.011071384
1.0,0.9968525
1.0,0.7735115
1.0,0.49638247
1.0,0.9746319
0.0,0.6015274
0.0,0.058630675
1.0,0.9368483
0.0,0.103064924
1.0,0.6533868
0.0,0.070286125
1.0,0.9920076
1.0,0.99559915
0.0,0.46337083
0.0,0.17321026
0.0,0.9203672
0.0,0.015645176
0.0,0.11463046
0.0,0.018514633
1.0,0.9165695
0.0,0.016337246
0.0,0.069868475
0.0,0.048884034
0.0,0.38065
0.0,0.032236665
0.0,0.0032272935
0.0,0.29059607
0.0,0.0041906834
0.0,0.0009497106
0.0,0.020273477
0.0,0.42723003
0.0,0.007148415
1.0,0.8718685
0.0,0.27206373
1.0,0.995995
0.0,0.0092069805
0.0,0.0071252286
1.0,0.94099396
0.0,0.01903838
1.0,0.9980904
0.0,0.29454625
1.0,0.87896305
0.0,0.8327008
0.0,0.0498724
1.0,0.8255614
1.0,0.4348806
0.0,0.008860886
0.0,0.09196335
0.0,0.00046607852
0.0,0.004399091
0.0,0.0023964643
0.0,0.9531262
1.0,0.99687374
1.0,0.8053614
0.0,0.082727045
0.0,0.16326803
1.0,0.95466554
1.0,0.99351525
1.0,0.9545663
0.0,0.004209101
1.0,0.041359603
0.0,0.18030873
1.0,0.62032896
0.0,0.00028774142
1.0,0.72997844
0.0,0.012258351
0.0,0.13688725
0.0,0.5451399
0.0,0.87389624
1.0,0.9380257
0.0,0.07969141
0.0,0.07058361
1.0,0.9983436
0.0,0.0061572194
0.0,0.7179189
0.0,0.7731784
1.0,0.99935853
0.0,0.388371
0.0,0.019797146
0.0,0.9994247
1.0,0.9695401
0.0,0.0039200485
0.0,0.40525675
0.0,0.022805363
1.0,0.60006154
0.0,0.034618735
1.0,0.997369
0.0,0.6814596
1.0,0.9208016
1.0,0.9983585
0.0,0.9660131
1.0,0.9951734
1.0,0.999115
0.0,0.04226327
0.0,0.9074529
0.0,0.018740714
1.0,0.9991252
0.0,0.10893503
1.0,0.9529417
1.0,0.5657332
0.0,0.024529219
1.0,0.9951736
0.0,0.33223376
1.0,0.96665704
0.0,0.069105655
1.0,0.78057957
0.0,0.86926144
1.0,0.005303949
0.0,0.6165768
0.0,0.0070111156
0.0,0.0066127777
0.0,0.0058767498
0.0,0.0027846396
0.0,0.007258773
0.0,0.0032561123
0.0,0.59592235
0.0,0.08965877
0.0,0.19871274
0.0,0.7342098
0.0,0.014415413
1.0,0.95540977
1.0,0.65495753
0.0,0.8432836
1.0,0.032490432
0.0,0.0937722
0.0,0.2546547
0.0,0.55297744
0.0,0.06186357
0.0,0.03214079
0.0,0.37003368
1.0,0.97433436
0.0,0.0059188902
0.0,0.02135238
1.0,0.013850242
0.0,0.0038135648
1.0,0.9713968
0.0,0.120476484
0.0,0.06711972
1.0,0.90327084
0.0,0.01290226
1.0,0.98809206
0.0,0.009765297
0.0,0.0011219978
0.0,0.0045132637
1.0,0.99735737
0.0,0.048582226
1.0,0.7678817
1.0,0.61855775
0.0,0.9977255
0.0,0.002818346
1.0,0.04825586
0.0,0.05266905
0.0,0.034707874
0.0,0.8849285
0.0,0.0069380403
0.0,0.99500775
0.0,0.9966139
1.0,0.27211398
0.0,0.037391484
1.0,0.9300976
0.0,0.004499823
0.0,0.0011304617
0.0,0.012605935
1.0,0.9790846
1.0,0.98575413
0.0,0.21721569
0.0,0.8037094
0.0,0.0015939772
0.0,0.10094944
0.0,0.10525164
0.0,0.0042571127
0.0,0.001490891
1.0,0.3476879
1.0,0.99808806
0.0,0.03180617
0.0,0.99189174
1.0,0.9025527
0.0,0.003783524
1.0,0.94992816
0.0,0.009006262
0.0,0.036982387
1.0,0.99572456
0.0,0.8483592
1.0,0.95447934
1.0,0.9962164
1.0,0.99525476
0.0,0.30636278
0.0,0.008740127
0.0,0.4068434
1.0,0.99223065
0.0,0.23447502
1.0,0.99691
0.0,0.039055258
0.0,0.0077337623
0.0,0.7297919
1.0,0.9844068
0.0,0.020286143
0.0,0.03967592
0.0,0.48958507
1.0,0.08969593
1.0,0.9994084
0.0,0.11919597
0.0,0.02694419
1.0,0.9965652
1.0,0.9952526
1.0,0.99513316
1.0,0.66470367
0.0,0.018015176
1.0,0.91824716
0.0,0.034871936
0.0,0.0064799786
0.0,0.00980103
1.0,0.96182877
0.0,0.050343335
0.0,0.06303686
0.0,0.009023517
1.0,0.87690336
0.0,0.18018004
1.0,0.9920773
1.0,0.9966012
0.0,0.03338635
1.0,0.92890716
0.0,0.0066474676
1.0,0.62358284
0.0,0.64959717
0.0,0.025530845
0.0,0.031058818
0.0,0.11627665
1.0,0.99733025
0.0,0.13034117
0.0,0.19226757
0.0,0.21920207
1.0,0.99992037
1.0,0.99073565
0.0,0.010238469
1.0,0.9782646
1.0,0.9976108
1.0,0.9999094
1.0,0.3598984
0.0,0.072355926
1.0,0.9490959
0.0,0.0619255
0.0,0.70036894
1.0,0.08140957
0.0,0.042869836
0.0,0.03741461
0.0,0.29423276
1.0,0.4610605
0.0,0.440825
0.0,0.61642295
1.0,0.892911
0.0,0.012476623
1.0,0.76044035
0.0,0.031190217
0.0,0.93537605
1.0,0.96478283
1.0,0.992844
0.0,0.006638199
1.0,0.98870313
1.0,0.9932674
0.0,0.7547158
0.0,0.7179786
1.0,0.8621198
0.0,0.13279563
1.0,0.997828
0.0,0.03832829
0.0,0.08669016
1.0,0.81406295
1.0,0.9980866
0.0,0.06517571
1.0,0.6827863
0.0,0.09347308
0.0,0.025105983
1.0,0.9949825
0.0,0.07788277
0.0,0.4022885
0.0,0.04393527
1.0,0.89764285
0.0,0.02948606
0.0,0.00834164
1.0,0.93711734
1.0,0.96723366
0.0,0.01387617
0.0,0.27488446
0.0,0.052710116
1.0,0.4474531
0.0,0.5622855
0.0,0.0042799413
0.0,0.06215775
0.0,0.014246464
0.0,0.008067936
1.0,0.3257697
0.0,0.1049754
0.0,0.0031600893
0.0,0.041970044
1.0,0.9730264
1.0,0.9992388
1.0,0.90610945
0.0,0.9406134
0.0,0.006786257
0.0,0.98541784
1.0,0.9988301
0.0,0.08845931
1.0,0.99134344
0.0,0.057384223
1.0,0.99145734
0.0,0.086301774
1.0,0.9644714
0.0,0.96043146
1.0,0.94303393
0.0,0.04113719
0.0,0.21515375
1.0,0.57448655
1.0,0.9714495
1.0,0.9950924
0.0,0.38267398
1.0,0.9837878
1.0,0.9205155
1.0,0.2646876
0.0,0.0021202266
1.0,0.98296857
0.0,0.024624914
0.0,0.94699717
1.0,0.55645883
0.0,0.36757115
0.0,0.021550149
0.0,0.07476491
0.0,0.08810401
0.0,0.85426265
1.0,0.96342367
1.0,0.9379567
0.0,0.41786242
0.0,0.8853419
0.0,0.03467208
1.0,0.99775887
0.0,0.8456502
0.0,0.38739818
0.0,0.012130797
0.0,0.0122721195
0.0,0.009737462
0.0,0.94183975
1.0,0.99762607
1.0,0.9989835
1.0,0.14429149
0.0,0.81297624
0.0,0.017221153
0.0,0.0056351125
0.0,0.01557222
0.0,0.024214327
1.0,0.99555135
0.0,0.059063375
0.0,0.4762287
1.0,0.9970021
0.0,0.16394153
1.0,0.21216571
1.0,0.68466127
0.0,0.8362521
0.0,0.015959322
0.0,0.06323728
1.0,0.92811346
0.0,0.07032803
0.0,0.017145425
1.0,0.9467896
1.0,0.7268865
0.0,0.0058248043
0.0,0.31772295
0.0,0.6931703
0.0,0.0070813
0.0,0.84247434
1.0,0.34051567
1.0,0.92881554
0.0,0.026534855
0.0,0.00040766597
0.0,0.8721991
0.0,0.6120272
1.0,0.9854142
0.0,0.014392376
1.0,0.9993539
0.0,0.02769813
1.0,0.99717814
0.0,0.025781035
1.0,0.99146307
1.0,0.931939
0.0,0.020649284
0.0,0.18911517
0.0,0.0019271374
0.0,0.20679751
1.0,0.8980839
1.0,0.01324141
1.0,0.23360854
1.0,0.36324543
1.0,0.53234744
0.0,0.0004670322
1.0,0.9777951
1.0,0.81971204
0.0,0.030432343
0.0,0.04563898
0.0,0.031917214
1.0,0.99605143
1.0,0.9986991
0.0,0.99227756
0.0,0.0147295
1.0,0.9583319
0.0,0.02009973
0.0,0.017107964
1.0,0.9991219
0.0,0.82876503
0.0,0.10054743
1.0,0.86225235
1.0,0.9918946
0.0,0.008337975
0.0,0.015743792
0.0,0.10595623
1.0,0.99652493
1.0,0.9918732
0.0,0.95604175
0.0,0.21124473
1.0,0.995468
1.0,0.8572285
0.0,0.007457435
0.0,0.20319527
0.0,0.265916
1.0,0.41164815
1.0,0.93798643
0.0,0.017433017
0.0,0.038859695
1.0,0.9854721
0.0,0.030736208
0.0,0.013070941
0.0,0.1048252
0.0,0.9007453
1.0,0.93157935
0.0,0.48956782
0.0,0.017456919
0.0,0.9618481
0.0,0.6001807
0.0,0.04907918
1.0,0.9436857
1.0,0.8159438
0.0,0.37941557
1.0,0.99807197
0.0,0.19622579
1.0,0.9564302
1.0,0.019167602
1.0,0.9901368
0.0,0.0048056543
0.0,0.9470593
0.0,0.09397349
1.0,0.9996536
0.0,0.0017448366
1.0,0.9967146
0.0,0.090008944
0.0,0.0077953637
1.0,0.2718598
1.0,0.99606574
0.0,0.011873722
1.0,0.77828497
0.0,0.025326967
1.0,0.99325573
0.0,0.002300173
1.0,0.87098545
1.0,0.10404101
0.0,0.017793983
0.0,0.014118582
0.0,0.021043032
0.0,0.004317999
0.0,0.012967467
0.0,0.9740732
0.0,0.3151161
0.0,0.01061216
0.0,0.99802524
0.0,0.013210565
1.0,0.9996052
0.0,0.40388438
0.0,0.20307037
1.0,0.99963784
0.0,0.049499393
1.0,0.9995703
0.0,0.01674658
1.0,0.9990357
0.0,0.021601707
0.0,0.022289872
1.0,0.99914086
0.0,0.06218785
0.0,0.017911911
0.0,0.022506773
1.0,0.9980221
1.0,0.67884374
0.0,0.0071570873
1.0,0.919333
1.0,0.26069403
1.0,0.9959181
0.0,0.80459225
1.0,0.22748926
1.0,0.9833268
0.0,0.3229164
1.0,0.26376057
1.0,0.9508492
0.0,0.04002863
0.0,0.014830321
0.0,0.013818741
0.0,0.014289677
0.0,0.017464787
0.0,0.010957301
0.0,0.021727294
0.0,0.0017720461
1.0,0.9785968
0.0,0.30206162
0.0,0.032803416
0.0,0.0131852925
0.0,0.18527362
1.0,0.9078634
0.0,0.0053370893
1.0,0.96670425
0.0,0.8709916
0.0,0.02581361
1.0,0.9158321
1.0,0.969621
0.0,0.5405476
0.0,0.10056648
1.0,0.9928459
0.0,0.9812162
0.0,0.13220784
1.0,0.96855915
1.0,0.49251825
1.0,0.7742553
1.0,0.7155694
0.0,0.14304397
0.0,0.009045869
1.0,0.85521555
0.0,0.014358401
0.0,0.0050165355
1.0,0.9972153
1.0,0.9860267
1.0,0.9968102
0.0,0.0080447495
1.0,0.6207195
1.0,0.9837313
1.0,0.9848572
0.0,0.007321626
0.0,0.003878355
1.0,0.1592707
0.0,0.030544966
0.0,0.82461965
0.0,0.053964198
1.0,0.976832
0.0,0.012285292
0.0,0.023835868
0.0,0.0539459
0.0,0.8987074
0.0,0.5003334
0.0,0.0010060668
0.0,0.935359
1.0,0.9981008
0.0,0.15455264
1.0,0.9375513
0.0,0.0015591383
0.0,0.5568898
0.0,0.9640951
1.0,0.008304864
0.0,0.9193349
0.0,0.00632295
0.0,0.008015364
0.0,0.49202996
0.0,0.037216872
1.0,0.99841624
0.0,0.7300777
1.0,0.86085373
0.0,0.24414676
0.0,0.15653357
0.0,0.021042258
0.0,0.88178784
0.0,0.05088681
0.0,0.5311837
0.0,0.03749937
0.0,0.016530901
1.0,0.8792539
0.0,0.06082502
1.0,0.54435694
1.0,0.33328623
0.0,0.047712833
0.0,0.03992334
1.0,0.99262154
0.0,0.015756726
1.0,0.9380212
1.0,0.97111654
0.0,0.0132495165
1.0,0.99169827
0.0,0.015859544
1.0,0.99243355
0.0,0.14600179
0.0,0.30557263
1.0,0.6864513
0.0,0.9577015
0.0,0.005089253
0.0,0.92098904
1.0,0.8775435
1.0,0.99493015
0.0,0.0060688555
0.0,0.3306027
1.0,0.7100791
0.0,0.533171
1.0,0.082944274
0.0,0.46626562
1.0,0.5565151
0.0,0.9843803
0.0,0.008281112
0.0,0.7391211
0.0,0.008257657
0.0,0.024513602
1.0,0.043718994
0.0,0.55023813
1.0,0.9775311
0.0,0.017577857
1.0,0.50980777
0.0,0.015498042
0.0,0.0067555904
0.0,0.010507762
0.0,0.019900233
0.0,0.28111428
0.0,0.24236205
0.0,0.11770412
0.0,0.74523675
1.0,0.9467684
0.0,0.007407427
0.0,0.049203366
1.0,0.955266
1.0,0.47734874
0.0,0.044261724
0.0,0.0211083
1.0,0.96042454
0.0,0.32016718
1.0,0.028074354
1.0,0.93285775
1.0,0.8953778
1.0,0.91662145
0.0,0.011238277
0.0,0.0062178075
1.0,0.9371965
0.0,0.16527662
1.0,0.99824154
1.0,0.7836838
1.0,0.9978926
0.0,0.082196236
0.0,0.0019620657
0.0,0.1321263
0.0,0.015819967
1.0,0.96507055
1.0,0.9632481
0.0,0.38786858
0.0,0.15713742
0.0,0.1582833
0.0,0.107536614
1.0,0.06825939
1.0,0.8805943
1.0,0.929868
0.0,0.8976933
1.0,0.830745
1.0,0.8381586
1.0,0.9032595
1.0,0.9717157
0.0,0.7029662
0.0,0.8410154
0.0,0.97354066
0.0,0.022514224
1.0,0.98811245
1.0,0.9991224
1.0,0.9710786
1.0,0.9902352
0.0,0.027840406
0.0,0.0059998035
0.0,0.023134738
0.0,0.56463647
1.0,0.7583772
0.0,0.049441457
0.0,0.027155668
0.0,0.3297331
0.0,0.00958091
1.0,0.8819978
1.0,0.87086785
1.0,0.9877642
0.0,0.023740947
0.0,0.5973257
1.0,0.9050076
1.0,0.9997071
0.0,0.15404996
1.0,0.9944824
0.0,0.82250905
1.0,0.9974158
1.0,0.9988142
1.0,0.6066334
0.0,0.029427856
0.0,0.093385726
1.0,0.99642515
0.0,0.029794812
0.0,0.100702286
1.0,0.9980032
0.0,0.014194548
0.0,0.0103239715
0.0,0.25557286
1.0,0.4736505
0.0,0.61947405
0.0,0.48491982
1.0,0.9928244
0.0,0.75125694
0.0,0.026662022
0.0,0.042183876
0.0,0.18694404
1.0,0.9354881
0.0,0.7354644
0.0,0.008502066
0.0,0.005009204
1.0,0.85803914
0.0,0.06942481
0.0,0.0016236305
1.0,0.08862221
0.0,0.7495332
0.0,0.02003324
1.0,0.99721086
1.0,0.9012214
0.0,0.008564353
1.0,0.57435
1.0,0.45189697
0.0,0.21852592
0.0,0.6008313
1.0,0.20706713
1.0,0.7372249
0.0,0.004318744
1.0,0.27809763
1.0,0.14761645
1.0,0.8308107
0.0,0.34438026
1.0,0.15890455
0.0,0.012776166
1.0,0.92915493
0.0,0.0032242239
1.0,0.98694545
0.0,0.93617404
0.0,0.23674771
1.0,0.94112754
0.0,0.020232052
1.0,0.9730396
1.0,0.8517491
1.0,0.9949415
1.0,0.42850727
0.0,0.09723657
1.0,0.08357075
0.0,0.7070331
0.0,0.016984642
0.0,0.029969007
0.0,0.070350766
1.0,0.9940021
0.0,0.01599747
0.0,0.8041223
0.0,0.95092285
0.0,0.4409566
1.0,0.9699895
0.0,0.2403776
0.0,0.0030189753
0.0,0.08668953
0.0,0.7843294
1.0,0.91794086
0.0,0.019528896
1.0,0.96967745
1.0,0.99867725
0.0,0.7414164
0.0,0.014423013
0.0,0.017724186
1.0,0.9959828
0.0,0.031042129
1.0,0.17798018
1.0,0.8299514
1.0,0.9934368
0.0,0.9703834
0.0,0.3405909
0.0,0.006661892
0.0,0.80816996
0.0,0.0066491067
0.0,0.012905419
0.0,0.2687001
1.0,0.6165599
0.0,0.17721713
1.0,0.98147243
0.0,0.08421749
1.0,0.91341305
1.0,0.99662983
1.0,0.9009444
1.0,0.9732026
0.0,0.9275561
0.0,0.99324656
0.0,0.25837356
1.0,0.7344593
1.0,0.9941163
0.0,0.017866105
1.0,0.44435412
1.0,0.95592046
1.0,0.9949809
1.0,0.900776
0.0,0.9255671
0.0,0.055422276
1.0,0.97680044
0.0,0.013367087
0.0,0.3930872
1.0,0.99828863
0.0,0.0045290887
0.0,0.88066167
0.0,0.3103826
0.0,0.019443542
0.0,0.05809304
1.0,0.99984026
0.0,0.081928134
0.0,0.8125156
1.0,0.7087893
0.0,0.08551821
1.0,0.96605885
0.0,0.039782077
0.0,0.003259778
0.0,0.0097666085
0.0,0.32267898
1.0,0.82005656
0.0,0.110566676
0.0,0.21830684
1.0,0.90437365
1.0,0.9805629
0.0,0.041000694
0.0,0.009248823
0.0,0.00818029
1.0,0.51463777
0.0,0.0066239834
1.0,0.9845752
1.0,0.947497
1.0,0.29941338
1.0,0.8835578
1.0,0.9489186
0.0,0.8079771
1.0,0.9516555
1.0,0.9979063
0.0,0.011232674
0.0,0.01281324
0.0,0.05280751
1.0,0.9965578
0.0,0.0108067095
0.0,0.011183977
0.0,0.532051
1.0,0.9950638
0.0,0.048931092
1.0,0.9632406
0.0,0.1551739
0.0,0.72747505
0.0,0.13184315
0.0,0.025475621
0.0,0.009786755
1.0,0.83737314
1.0,0.9884219
0.0,0.021108001
0.0,0.027746797
1.0,0.9765663
0.0,0.0022669733
1.0,0.99807656
0.0,0.24532446
0.0,0.06982732
0.0,0.037433296
1.0,0.99982417
1.0,0.95342684
0.0,0.043478638
0.0,0.09770244
1.0,0.886278
0.0,0.028773904
0.0,0.030456305
1.0,0.95290077
1.0,0.999701
1.0,0.98907477
0.0,0.035016596
1.0,0.94076395
1.0,0.97689927
0.0,0.32866943
0.0,0.022679448
0.0,0.015880853
0.0,0.026001394
0.0,0.0037730038
0.0,0.04531786
1.0,0.87996006
1.0,0.95336485
0.0,0.17343748
0.0,0.037196487
0.0,0.10219282
0.0,0.056925565
1.0,0.9818448
0.0,0.97281563
0.0,0.04745233
0.0,0.801539
0.0,0.97734284
1.0,0.24080339
0.0,0.008391589
0.0,0.94472355
1.0,0.990962
0.0,0.15288994
0.0,0.6752379
0.0,0.026662886
0.0,0.0034707189
1.0,0.9318576
1.0,0.9135505
0.0,0.06335908
0.0,0.9931334
0.0,0.008457422
0.0,0.9301167
0.0,0.99809545
0.0,0.36326748
0.0,0.0026428103
0.0,0.135881
1.0,0.06044039
0.0,0.024155706
1.0,0.1520279
0.0,0.8004298
0.0,0.0005053282
0.0,0.1652377
0.0,0.24628931
0.0,0.38192773
0.0,0.048905015
1.0,0.9966686
0.0,0.009509087
0.0,0.65847737
0.0,0.06422567
1.0,0.7151446
1.0,0.9936005
0.0,0.029878646
0.0,0.44609657
0.0,0.00859642
1.0,0.9995986
1.0,0.80515987
1.0,0.9963023
0.0,0.168827
1.0,0.9983711
0.0,0.040035874
0.0,0.009417981
0.0,0.013374418
1.0,0.015719414
0.0,0.0033239424
0.0,0.009801239
1.0,0.9991287
1.0,0.121783495
0.0,0.09888187
1.0,0.99966896
0.0,0.027606308
1.0,0.6939994
0.0,0.06610143
1.0,0.9337057
0.0,0.9829153
0.0,0.18374154
1.0,0.9142777
0.0,0.011991471
0.0,0.05208233
0.0,0.01557678
0.0,0.07286242
0.0,0.0876731
0.0,0.008519679
1.0,0.5883865
1.0,0.80298376
0.0,0.5411547
0.0,0.021622539
0.0,0.013017654
0.0,0.8659872
1.0,0.9998464
0.0,0.009845585
0.0,0.36415976
0.0,0.71195793
0.0,0.49555486
0.0,0.00042188168
1.0,0.9946892
1.0,0.9899407
0.0,0.0057816803
0.0,0.089731306
0.0,0.09320432
0.0,0.011298746
1.0,0.8298738
0.0,0.8752047
0.0,0.026896805
0.0,0.010797352
1.0,0.8257949
0.0,0.006034702
0.0,0.03571996
1.0,0.9970596
0.0,0.021502197
0.0,0.41497204
1.0,0.8989608
1.0,0.8635431
1.0,0.98487496
0.0,0.0032285154
0.0,0.011585206
0.0,0.6194096
0.0,0.0045143664
1.0,0.97013444
0.0,0.14177832
1.0,0.5314596
0.0,0.0018804073
0.0,0.008231431
0.0,0.09739792
1.0,0.9855371
0.0,0.9198479
0.0,0.23487568
0.0,0.6215241
1.0,0.8919749
0.0,0.0273031
0.0,0.08250368
0.0,0.003867209
1.0,0.21123627
0.0,0.04889828
0.0,0.0102805495
1.0,0.2999075
1.0,0.9995227
0.0,0.0033414662
1.0,0.9968649
1.0,0.9270746
1.0,0.86573577
1.0,0.97966415
0.0,0.023868531
1.0,0.9348078
0.0,0.9998636
1.0,0.07616645
0.0,0.027030855
1.0,0.22943684
0.0,0.5825862
1.0,0.07689449
1.0,0.99902594
1.0,0.7601776
0.0,0.013176262
0.0,0.7889806
0.0,0.62161475
0.0,0.046049803
0.0,0.017956197
0.0,0.11542851
1.0,0.9989995
1.0,0.9964632
1.0,0.8271656
0.0,0.01396969
0.0,0.009596229
0.0,0.31414038
0.0,0.36274272
1.0,0.08766812
0.0,0.03499475
0.0,0.010368586
0.0,0.020422846
0.0,0.6647452
1.0,0.98990643
0.0,0.9622825
0.0,0.96822006
0.0,0.80849636
1.0,0.41967237
0.0,0.06691891
0.0,0.73498017
1.0,0.365227
0.0,0.76868105
1.0,0.43763974
0.0,0.021639526
0.0,0.82529604
0.0,0.011323571
0.0,0.01110357
0.0,0.000513345
1.0,0.9953642
0.0,0.10762501
0.0,0.030675828
1.0,0.9973335
1.0,0.98625314
0.0,0.37298125
1.0,0.029221565
0.0,0.3243602
0.0,0.09835377
1.0,0.9923576
0.0,0.005819738
0.0,0.16321594
0.0,0.03380528
0.0,0.014056116
1.0,0.9943138
1.0,0.98787475
1.0,0.7274389
1.0,0.9970937
0.0,0.017080277
0.0,0.02205506
0.0,0.20374101
1.0,0.994478
0.0,0.2082822
0.0,0.015681714
1.0,0.99553823
1.0,0.8611701
1.0,0.9746498
0.0,0.0172171
0.0,0.19254291
0.0,0.5854676
1.0,0.9999224
1.0,0.94759476
1.0,0.9972061
0.0,0.16203928
0.0,0.00029164553
0.0,0.0012937486
1.0,0.97032785
1.0,0.3739645
0.0,0.5128088
1.0,0.9427768
1.0,0.29939628
1.0,0.9842075
1.0,0.30656326
0.0,0.037646532
0.0,0.022260904
1.0,0.71840847
1.0,0.8455869
0.0,0.02738592
0.0,0.026349157
0.0,0.005159974
0.0,0.025039583
0.0,0.014708132
0.0,0.6759121
0.0,0.010519415
0.0,0.051270694
1.0,0.9250376
1.0,0.89907444
0.0,0.49511954
1.0,0.99894214
0.0,0.008982986
1.0,0.90675616
0.0,0.09044084
1.0,0.9984838
0.0,0.0018422008
0.0,0.012374103
0.0,0.009871423
0.0,0.9181911
1.0,0.08204216
1.0,0.9929748
0.0,0.04834017
0.0,0.0916287
1.0,0.68615097
0.0,0.013045669
1.0,0.9610983
1.0,0.75097454
0.0,0.009129345
0.0,0.2248128
0.0,0.3637455
0.0,0.9994892
0.0,0.82532907
0.0,0.005947113
0.0,0.2987497
0.0,0.016975343
1.0,0.98122776
1.0,0.99840176
1.0,0.54726833
1.0,0.9757596
0.0,0.016029745
0.0,0.7380702
1.0,0.91956985
0.0,0.96558607
0.0,0.014184386
0.0,0.018661648
1.0,0.89640605
1.0,0.7256767
0.0,0.015892297
1.0,0.9827853
1.0,0.992597
0.0,0.001513958
0.0,0.019688964
1.0,0.9962591
0.0,0.0065954328
0.0,0.9066515
0.0,0.002755165
0.0,0.03518018
1.0,0.36090085
0.0,0.022295952
0.0,0.01798892
0.0,0.101940334
1.0,0.87350637
0.0,0.00833562
0.0,0.095080644
1.0,0.99521565
0.0,0.02666217
0.0,0.35885707
0.0,0.9936099
1.0,0.999153
1.0,0.5030834
1.0,0.8222426
0.0,0.0576773
0.0,0.38122648
1.0,0.109424114
0.0,0.002338618
0.0,0.0153001845
0.0,0.49720636
0.0,0.02437368
1.0,0.77025723
0.0,0.11600655
0.0,0.8001978
1.0,0.9434659
0.0,0.015941143
0.0,0.032479525
0.0,0.84124017
0.0,0.47325376
1.0,0.90764666
1.0,0.9879494
0.0,0.2770643
1.0,0.87767404
0.0,0.031216353
0.0,0.021645486
0.0,0.005399674
1.0,0.7825387
0.0,0.004949838
0.0,0.012881219
1.0,0.9818834
1.0,0.92234385
1.0,0.9806491
0.0,0.7002586
1.0,0.9587935
1.0,0.9875963
0.0,0.00035107136
0.0,0.9461582
0.0,0.963503
1.0,0.8806609
0.0,0.030772686
0.0,0.19771391
0.0,0.020481765
0.0,0.0062016547
0.0,0.03555265
0.0,0.12765291
0.0,0.33263475
0.0,0.9946245
0.0,0.4462542
1.0,0.4423794
1.0,0.94449985
1.0,0.92355907
0.0,0.01816225
1.0,0.99870247
0.0,0.4849965
0.0,0.045404613
1.0,0.9960682
0.0,0.35347334
0.0,0.010188401
0.0,0.59857017
0.0,0.022105396
0.0,0.8911761
0.0,0.7984653
0.0,0.028323263
1.0,0.98588747
0.0,0.00072422624
0.0,0.0072803795
0.0,0.0134111345
1.0,0.9873669
1.0,0.96726143
0.0,0.75063884
1.0,0.92121613
0.0,0.005780667
1.0,0.48693782
0.0,0.10625398
0.0,0.003954798
1.0,0.016571462
0.0,0.0075936913
0.0,0.0040735006
1.0,0.96673006
0.0,0.06691614
1.0,0.035259426
0.0,0.27759042
0.0,0.013549447
1.0,0.914625
0.0,0.017172843
0.0,0.492177
0.0,0.971686
0.0,0.008630335
0.0,0.003739208
1.0,0.9941959
0.0,0.006848246
0.0,0.019845217
0.0,0.018711388
1.0,0.77953553
0.0,0.9919225
0.0,0.13157111
1.0,0.84100616
0.0,0.00817582
0.0,0.0012678206
0.0,0.019697905
0.0,0.22962216
1.0,0.9654894
0.0,0.016212255
0.0,0.0015586913
0.0,0.005398333
0.0,0.0057076514
0.0,0.9014058
1.0,0.9959568
1.0,0.77635086
0.0,0.012110442
1.0,0.9839773
0.0,0.025171936
0.0,0.020675331
0.0,0.010088682
0.0,0.10092884
1.0,0.9990144
0.0,0.0066590607
0.0,0.06521642
0.0,0.7590473
0.0,0.09134397
0.0,0.10668889
0.0,0.0089478195
0.0,0.0087759495
0.0,0.011459202
0.0,0.0066955686
0.0,0.9917407
1.0,0.634066
0.0,0.06218621
0.0,0.25517827
0.0,0.031454235
1.0,0.99910605
0.0,0.2387965
1.0,0.97496545
0.0,0.059362084
0.0,0.057406187
0.0,0.06023708
1.0,0.9955013
1.0,0.9990022
1.0,0.8397062
1.0,0.9002162
0.0,0.23469132
0.0,0.0280464
1.0,0.9986729
1.0,0.9848064
0.0,0.020830542
0.0,0.24974689
0.0,0.9519626
1.0,0.99674463
0.0,0.022823274
0.0,0.011990786
0.0,0.025037766
0.0,0.023890078
1.0,0.6288899
1.0,0.9969959
0.0,0.0010481477
1.0,0.86354643
0.0,0.053559303
0.0,0.012827814
0.0,0.0073097646
0.0,0.1660859
0.0,0.017605662
1.0,0.88443244
0.0,0.00044575334
0.0,0.15129551
0.0,0.91246176
0.0,0.2940165
0.0,0.8060955
1.0,0.9974159
0.0,0.025140136
0.0,0.007828295
1.0,0.9676088
0.0,0.938715
0.0,0.035386235
1.0,0.98899955
1.0,0.69137526
0.0,0.1459547
1.0,0.9253949
0.0,0.53685546
1.0,0.8777035
1.0,0.9999728
0.0,0.0102850795
1.0,0.99474776
0.0,0.05893016
0.0,0.26459146
0.0,0.24766201
0.0,0.69678456
0.0,0.018493354
0.0,0.019367903
0.0,0.22107601
1.0,0.9918874
0.0,0.13049278
0.0,0.27405667
0.0,0.049792826
0.0,0.15333265
1.0,0.9535812
0.0,0.023569703
0.0,0.24231029
0.0,0.014537871
0.0,0.029095024
0.0,0.0017256737
0.0,0.99379706
1.0,0.041049212
0.0,0.24973875
1.0,0.9636892
0.0,0.012522578
1.0,0.6073699
0.0,0.01772505
0.0,0.23614985
0.0,0.021478951
0.0,0.79770243
0.0,0.53777456
0.0,0.010694951
0.0,0.18068135
0.0,0.05125329
0.0,0.979964
0.0,0.9764492
1.0,0.9665668
0.0,0.5365442
0.0,0.022388786
1.0,0.99965554
0.0,0.008436292
0.0,0.0066594183
0.0,0.00045207143
1.0,0.37925416
1.0,0.81931293
1.0,0.3733333
1.0,0.9786581
0.0,0.33516032
1.0,0.9640169
0.0,0.5502306
1.0,0.77812594
0.0,0.09727788
0.0,0.9937226
0.0,0.070373476
0.0,0.006196499
0.0,0.031639397
1.0,0.9849962
1.0,0.2305449
0.0,0.9982804
1.0,0.80195963
0.0,0.013545036
1.0,0.9907149
0.0,0.0073132813
0.0,0.02071178
0.0,0.9861721
0.0,0.70786905
0.0,0.03443411
0.0,0.0060510337
1.0,0.9998014
0.0,0.0038940907
1.0,0.9976343
1.0,0.9412266
1.0,0.987792
0.0,0.009156495
0.0,0.99838066
0.0,0.018248081
0.0,0.26684093
0.0,0.30074704
1.0,0.9554356
0.0,0.60295236
0.0,0.24534208
0.0,0.0474616
0.0,0.004481226
0.0,0.005006492
0.0,0.35447353
0.0,0.9021119
0.0,0.03294608
0.0,0.17858529
1.0,0.9998412
0.0,0.42228416
0.0,0.040356934
0.0,0.02450654
0.0,0.005794525
1.0,0.97977734
0.0,0.5489123
1.0,0.9989388
0.0,0.4107461
1.0,0.9999347
1.0,0.83440804
0.0,0.0048552454
0.0,0.72708374
0.0,0.018324316
0.0,0.58126575
0.0,0.035427332
0.0,0.5758208
1.0,0.99877214
0.0,0.005578667
1.0,0.45093864
0.0,0.9919467
0.0,0.0027831197
0.0,0.046043664
1.0,0.9807085
0.0,0.009191215
1.0,0.99912333
0.0,0.009314597
0.0,0.069841325
0.0,0.80720973
0.0,0.90200794
0.0,0.22462618
0.0,0.10747936
1.0,0.868222
1.0,0.97122777
0.0,0.6383918
0.0,0.006297171
0.0,0.09630677
1.0,0.93362534
0.0,0.041428298
1.0,0.14796054
0.0,0.3420292
1.0,0.9338025
1.0,0.9928833
0.0,0.09902814
0.0,0.026667058
0.0,0.017207265
1.0,0.7317872
0.0,0.07925069
0.0,0.90711796
1.0,0.9983584
1.0,0.957373
0.0,0.215388
0.0,0.024187744
1.0,0.99698997
0.0,0.025369406
0.0,0.013576597
0.0,0.013768166
1.0,0.8659953
0.0,0.038303822
0.0,0.045461982
1.0,0.94395554
1.0,0.87550163
0.0,0.76471835
0.0,0.010278523
0.0,0.031760454
1.0,0.9901874
1.0,0.9956397
1.0,0.28793216
0.0,0.035373926
0.0,0.023430347
0.0,0.076343715
0.0,0.0053116977
1.0,0.9736943
0.0,0.014115304
0.0,0.7799479
0.0,0.037418514
0.0,0.34516954
0.0,0.6456914
0.0,0.02719438
0.0,0.19897959
0.0,0.09891996
0.0,0.01863283
1.0,0.65167177
1.0,0.97491777
0.0,0.6955898
0.0,0.74434316
1.0,0.034204304
0.0,0.0048913956
1.0,0.90477085
0.0,0.038113743
0.0,0.0112558305
1.0,0.9893954
1.0,0.9969892
0.0,0.9407504
0.0,0.102616906
1.0,0.1988604
0.0,0.06357652
0.0,0.20237717
0.0,0.9993048
0.0,0.014571935
1.0,0.95196795
1.0,0.087111086
0.0,0.6839043
0.0,0.0018399656
0.0,0.04903981
1.0,0.97672784
0.0,0.019839168
1.0,0.88800824
0.0,0.12917492
1.0,0.8947602
1.0,0.9557569
0.0,0.6881875
1.0,0.18073249
0.0,0.48298138
0.0,0.008244038
1.0,0.9997189
1.0,0.7354738
0.0,0.013911754
0.0,0.33235523
0.0,0.92368436
0.0,0.746243
1.0,0.99641955
0.0,0.062960744
0.0,0.18120661
0.0,0.015062362
1.0,0.96944475
0.0,0.018808514
0.0,0.8249713
1.0,0.97054446
0.0,0.0058823526
0.0,0.98740506
0.0,0.45227826
1.0,0.60112786
0.0,0.9174168
1.0,0.98078847
0.0,0.03202194
1.0,0.29072016
1.0,0.59295833
1.0,0.9975202
1.0,0.9722743
0.0,0.010791659
1.0,0.9648551
0.0,0.009362936
1.0,0.99861914
1.0,0.80914867
0.0,0.37228084
1.0,0.9655614
0.0,0.004519373
1.0,0.79313886
1.0,0.23970866
0.0,0.0979875
0.0,0.9925102
1.0,0.9996753
1.0,0.3071025
0.0,0.17206883
0.0,0.65518415
0.0,0.00063726306
0.0,0.020993829
0.0,0.9030076
1.0,0.9336245
1.0,0.9810174
1.0,0.36628646
1.0,0.86813605
1.0,0.9996809
1.0,0.99785244
0.0,0.8440287
1.0,0.99237585
0.0,0.011908412
0.0,0.0117789805
0.0,0.1620571
1.0,0.17333293
1.0,0.06268567
0.0,0.05482015
0.0,0.04186663
0.0,0.9856734
1.0,0.9789117
1.0,0.5035932
1.0,0.9649736
0.0,0.009602636
0.0,0.99465215
0.0,0.054481447
0.0,0.048010737
0.0,0.040051877
0.0,0.01979509
1.0,0.9988973
1.0,0.93765795
0.0,0.09406245
0.0,0.14986107
0.0,0.7819427
0.0,0.84316504
0.0,0.5444887
0.0,0.1669899
0.0,0.1713964
1.0,0.68951476
0.0,0.053866953
1.0,0.9390627
0.0,0.013888538
0.0,0.9790646
0.0,0.054893136
0.0,0.77099586
1.0,0.99520135
1.0,0.82476246
1.0,0.9789123
1.0,0.9393898
0.0,0.0024281144
0.0,0.680032
1.0,0.81401306
1.0,0.98154765
0.0,0.22981986
0.0,0.018310606
0.0,0.07980281
1.0,0.39252484
0.0,0.008494943
1.0,0.13933805
0.0,0.014934689
0.0,0.0872986
0.0,0.022589266
0.0,0.006566316
0.0,0.25868493
0.0,0.018414646
0.0,0.11389688
1.0,0.99577963
0.0,0.009771019
0.0,0.8817648
0.0,0.018344462
1.0,0.39317563
0.0,0.016721457
1.0,0.9985205
0.0,0.005153477
0.0,0.028280854
0.0,0.0048003495
0.0,0.6257917
0.0,0.03718701
0.0,0.013985723
1.0,0.9973458
0.0,0.36712366
1.0,0.9157338
1.0,0.94084376
0.0,0.022127777
0.0,0.039892048
1.0,0.9861151
1.0,0.9997145
0.0,0.5294247
0.0,0.29162702
0.0,0.02274105
0.0,0.15554443
0.0,0.0068047047
1.0,0.979143
0.0,0.048769295
1.0,0.9386139
1.0,0.4061613
0.0,0.97955894
0.0,0.22911134
0.0,0.008695483
0.0,0.011576682
0.0,0.9993651
0.0,0.009652823
0.0,0.01687929
0.0,0.9008311
1.0,0.8787614
1.0,0.93401194
0.0,0.035354078
0.0,0.017000198
0.0,0.65217793
1.0,0.94496214
0.0,0.015111715
0.0,0.013901979
1.0,0.47387338
1.0,0.9898399
0.0,0.2911678
0.0,0.04876247
0.0,0.042024106
1.0,0.9990337
0.0,0.065301925
1.0,0.9962368
1.0,0.83044624
0.0,0.030944675
0.0,0.02602151
0.0,0.03896159
1.0,0.91183424
0.0,0.3502146
1.0,0.78231096
0.0,0.012584001
1.0,0.9908713
0.0,0.04985559
0.0,0.016475081
0.0,0.0059443116
1.0,0.9998622
0.0,0.7053767
1.0,0.9944716
1.0,0.83978677
0.0,0.012227386
1.0,0.57399565
0.0,0.09293324
1.0,0.66879964
0.0,0.00052177906
1.0,0.99821573
0.0,0.005747497
1.0,0.63894427
1.0,0.9911238
1.0,0.9987345
0.0,0.015828848
1.0,0.9953438
1.0,0.83491516
0.0,0.07843882
1.0,0.9833944
1.0,0.8863428
1.0,0.12314296
0.0,0.4672799
0.0,0.025759649
0.0,0.98063666
0.0,0.23917654
