0.0,0.84873044
0.0,0.96926284
1.0,0.51025426
0.0,0.046582878
1.0,0.35929614
0.0,0.078208864
1.0,0.98378265
1.0,0.80356693
1.0,0.5986052
0.0,0.013469458
0.0,0.46307188
1.0,0.9912081
0.0,0.025509447
0.0,0.21443531
0.0,0.044151396
0.0,0.01508832
1.0,0.6753714
0.0,0.026345432
0.0,0.024921864
1.0,0.7442863
1.0,0.71813047
0.0,0.0022044182
1.0,0.992805
0.0,0.10584265
0.0,0.01909697
1.0,0.98132956
0.0,0.23443025
1.0,0.8148921
0.0,0.0140095055
1.0,0.82077855
0.0,0.03149593
0.0,0.42283458
1.0,0.9231353
1.0,0.9998673
1.0,0.96344465
1.0,0.98689616
1.0,0.80756384
0.0,0.067080736
1.0,0.82184696
1.0,0.024723858
1.0,0.9563589
1.0,0.99054253
0.0,0.025467783
1.0,0.996019
1.0,0.9823463
0.0,0.07807252
0.0,0.0021781325
0.0,0.056942046
0.0,0.03349203
1.0,0.984751
0.0,0.4753844
1.0,0.93491715
1.0,0.998343
1.0,0.8049575
0.0,0.033258647
0.0,0.03795162
0.0,0.121519476
1.0,0.107001424
1.0,0.9859408
1.0,0.6521168
1.0,0.99913377
0.0,0.26212537
1.0,0.9997016
1.0,0.81046885
1.0,0.99648714
0.0,0.29962784
0.0,0.3491868
1.0,0.991254
0.0,0.014336914
1.0,0.9422258
0.0,0.29937991
1.0,0.9770093
0.0,0.009254545
0.0,0.094486356
1.0,0.5527623
0.0,0.19809115
0.0,0.026591182
0.0,0.70970184
0.0,0.06209469
1.0,0.94661796
0.0,0.14237824
1.0,0.99922025
1.0,0.99346256
1.0,0.99998605
1.0,0.999851
1.0,0.742366
1.0,0.99538505
0.0,0.6755161
0.0,0.06012532
1.0,0.79560274
0.0,0.03365317
1.0,0.07854959
0.0,0.18291304
0.0,0.9104898
0.0,0.6186932
1.0,0.9813074
0.0,0.027236551
0.0,0.05340323
1.0,0.9300239
1.0,0.9995905
0.0,0.01589787
0.0,0.079915345
1.0,0.07672736
0.0,0.034462154
0.0,0.04871282
1.0,0.9380053
1.0,0.09724066
0.0,0.0385592
1.0,0.01176396
1.0,0.9743405
1.0,0.9958427
0.0,0.029378027
1.0,0.15201977
0.0,0.09096226
0.0,0.04018706
1.0,0.6183351
0.0,0.03429714
1.0,0.9303416
1.0,0.9367457
1.0,0.9998514
0.0,0.47346756
1.0,0.9951861
0.0,0.8012084
0.0,0.021916628
0.0,0.5757533
1.0,0.42594537
0.0,0.012532502
0.0,0.14211407
1.0,0.98132634
1.0,0.71493965
1.0,0.99649215
0.0,0.14116597
0.0,0.12320748
1.0,0.19032484
1.0,0.9998357
0.0,0.9167453
0.0,0.045658797
0.0,0.069292456
0.0,0.109027505
0.0,0.09827334
1.0,0.981002
0.0,0.48224348
1.0,0.40581867
0.0,0.028722405
0.0,0.022419304
0.0,0.012129813
1.0,0.34860632
0.0,0.08510387
0.0,0.14527422
0.0,0.07492897
0.0,0.07279867
0.0,0.020674795
0.0,0.015571475
0.0,0.8861389
0.0,0.5327585
1.0,0.97170985
0.0,0.019667149
0.0,0.03679362
1.0,0.99983346
0.0,0.026101172
0.0,0.789156
0.0,0.3836347
0.0,0.02775544
0.0,0.33837664
1.0,0.9998758
0.0,0.16705424
1.0,0.97662556
0.0,0.15648717
0.0,0.024840355
1.0,0.8266108
0.0,0.9716655
0.0,0.9920212
0.0,0.9345728
0.0,0.009060442
1.0,0.7206999
1.0,0.947695
0.0,0.08721709
1.0,0.97470546
0.0,0.40105364
1.0,0.99063504
1.0,0.9724573
1.0,0.9546919
1.0,0.9930297
1.0,0.9968974
0.0,0.92658967
0.0,0.0062939227
0.0,0.050427556
0.0,0.9933977
0.0,0.053518176
0.0,0.072107434
1.0,0.31807405
0.0,0.017486453
0.0,0.8805647
1.0,0.91180813
1.0,0.86617386
1.0,0.99994004
0.0,0.01909852
0.0,0.18615308
0.0,0.025924623
1.0,0.11181334
0.0,0.588161
0.0,0.5196445
0.0,0.9495255
0.0,0.383311
0.0,0.12897795
1.0,0.14536268
0.0,0.05877459
1.0,0.15289468
0.0,0.0041746497
0.0,0.20068923
0.0,0.019628882
1.0,0.99339116
0.0,0.11379135
0.0,0.19991288
0.0,0.059963793
0.0,0.011936247
0.0,0.9386847
0.0,0.6363532
1.0,0.99929607
0.0,0.025440305
0.0,0.011824548
1.0,0.93205893
1.0,0.99927247
0.0,0.5214823
0.0,0.037732333
0.0,0.013929397
0.0,0.25058454
0.0,0.017755091
0.0,0.20067883
1.0,0.9986747
0.0,0.08826032
1.0,0.2860688
0.0,0.027293772
1.0,0.8230543
1.0,0.65457094
0.0,0.041025966
0.0,0.070373595
0.0,0.059179157
1.0,0.9956157
1.0,0.7994181
1.0,0.98510385
1.0,0.8454232
0.0,0.028067887
0.0,0.69735515
1.0,0.99479336
0.0,0.41576073
0.0,0.026683629
0.0,0.031526208
0.0,0.5499376
0.0,0.10546011
0.0,0.021682382
0.0,0.016135335
1.0,0.84124255
0.0,0.02642399
0.0,0.39303997
0.0,0.05054429
1.0,0.97831476
1.0,0.98961914
0.0,0.02234286
0.0,0.07199055
0.0,0.041481227
1.0,0.9943222
0.0,0.0135296285
0.0,0.009567916
0.0,0.11873287
0.0,0.041142195
1.0,0.999663
1.0,0.9990648
1.0,0.9991385
0.0,0.031318814
1.0,0.96113986
0.0,0.013941437
0.0,0.032238632
0.0,0.83948684
1.0,0.91815764
1.0,0.59515846
0.0,0.026646733
0.0,0.13518512
1.0,0.88743764
1.0,0.36885315
0.0,0.011225879
1.0,0.74037135
1.0,0.99961114
0.0,0.9602543
0.0,0.40543288
0.0,0.075199395
0.0,0.041647315
0.0,0.8573365
0.0,0.040863365
1.0,0.99852556
0.0,0.036065757
0.0,0.04417026
1.0,0.9999888
0.0,0.030476004
1.0,0.9834709
1.0,0.04759702
1.0,0.9586526
1.0,0.9006182
1.0,0.95099616
0.0,0.025325775
1.0,0.9657612
0.0,0.9472178
1.0,0.9999355
0.0,0.63287157
0.0,0.863166
0.0,0.058641016
0.0,0.1386815
0.0,0.1343534
1.0,0.9667303
0.0,0.91604483
1.0,0.8872894
0.0,0.9676682
1.0,0.82532704
1.0,0.9981644
0.0,0.036536723
0.0,0.015630096
0.0,0.021029353
1.0,0.9671526
1.0,0.33392462
0.0,0.0040593743
0.0,0.0026222467
0.0,0.02496767
0.0,0.048257083
1.0,0.99083555
1.0,0.73564094
0.0,0.088056654
0.0,0.049283683
1.0,0.8229032
1.0,0.99283075
1.0,0.8092549
0.0,0.101930946
0.0,0.92077154
0.0,0.005693108
0.0,0.7615006
1.0,0.9973242
1.0,0.8498941
0.0,0.1066556
0.0,0.16341951
0.0,0.019137084
0.0,0.49646288
0.0,0.009482801
0.0,0.12488976
1.0,0.28482586
0.0,0.14880243
0.0,0.039300352
0.0,0.15088505
0.0,0.9288181
0.0,0.93173414
0.0,0.16071829
0.0,0.018518507
1.0,0.8354247
0.0,0.043887287
1.0,0.96817887
0.0,0.011781961
0.0,0.1632337
0.0,0.3938986
0.0,0.017423093
0.0,0.99312127
1.0,0.7638718
1.0,0.9760457
0.0,0.6744975
1.0,0.67671764
0.0,0.03061384
0.0,0.6086983
0.0,0.24474695
0.0,0.9267833
0.0,0.038402677
0.0,0.0011051595
1.0,0.9244262
0.0,0.026309311
1.0,0.99915695
0.0,0.36511955
1.0,0.23152089
0.0,0.31156665
1.0,0.136469
1.0,0.99519587
1.0,0.9882621
0.0,0.02579841
0.0,0.061952204
1.0,0.9694122
0.0,0.051112294
0.0,0.10615608
1.0,0.09976271
1.0,0.9862479
0.0,0.75042796
1.0,0.99434614
1.0,0.9966788
0.0,0.84528965
0.0,0.09891078
0.0,0.70089966
0.0,0.03375286
0.0,0.01711455
0.0,0.22015178
1.0,0.9986468
0.0,0.4392109
1.0,0.76357186
1.0,0.7884407
0.0,0.024656206
0.0,0.05926037
0.0,0.77350926
1.0,0.99857676
1.0,0.99249923
1.0,0.3123063
0.0,0.11890766
1.0,0.99300295
1.0,0.9843166
0.0,0.0049784184
0.0,0.42522228
0.0,0.95435774
0.0,0.8146335
1.0,0.9470474
0.0,0.04704532
1.0,0.1631523
0.0,0.879342
0.0,0.113378346
0.0,0.03919208
0.0,0.085240334
0.0,0.056082517
0.0,0.025371253
0.0,0.026799679
0.0,0.037811726
0.0,0.10288745
0.0,0.53268397
0.0,0.08262882
0.0,0.035347164
0.0,0.76402247
0.0,0.058969706
1.0,0.7673762
0.0,0.18722206
1.0,0.99155354
0.0,0.018720597
0.0,0.019779861
0.0,0.033956558
0.0,0.8522563
0.0,0.89887834
0.0,0.025707781
0.0,0.30482823
0.0,0.010599881
0.0,0.013417989
0.0,0.03233096
0.0,0.49295548
1.0,0.9786508
0.0,0.056635827
0.0,0.03557208
0.0,0.8740219
0.0,0.061793834
1.0,0.87908214
0.0,0.93368185
1.0,0.3803144
0.0,0.02878493
0.0,0.10970366
1.0,0.9986685
0.0,0.9756682
1.0,0.99556947
1.0,0.99694777
1.0,0.9357244
1.0,0.9963901
0.0,0.04285854
1.0,0.9477004
0.0,0.008186966
0.0,0.022316933
0.0,0.3310842
1.0,0.99993795
0.0,0.0065920353
0.0,0.011660337
1.0,0.8420619
1.0,0.9999917
0.0,0.33951664
0.0,0.02182734
1.0,0.74931335
0.0,0.21337673
1.0,0.7702554
0.0,0.34059203
0.0,0.29066324
1.0,0.9552277
0.0,0.9762942
0.0,0.004474789
1.0,0.17615402
0.0,0.02789861
1.0,0.99990976
0.0,0.023865104
1.0,0.58619565
1.0,0.803007
1.0,0.9348127
1.0,0.9999245
0.0,0.84233576
0.0,0.12105602
1.0,0.9304963
0.0,0.05968836
0.0,0.4052711
1.0,0.7726041
1.0,0.8829191
1.0,0.9820356
0.0,0.032967597
1.0,0.99753964
1.0,0.94623613
0.0,0.18865395
1.0,0.99591744
0.0,0.30456662
1.0,0.9759426
1.0,0.9648367
0.0,0.9133738
0.0,0.66128933
1.0,0.17488143
0.0,0.3270638
1.0,0.99531376
0.0,0.90308315
0.0,0.015579313
0.0,0.8667127
1.0,0.9999273
0.0,0.007125348
0.0,0.020776361
0.0,0.6540372
1.0,0.6646137
0.0,0.11329538
0.0,0.02938193
0.0,0.07379496
0.0,0.87043154
1.0,0.8526253
1.0,0.9292649
0.0,0.1387319
0.0,0.9772295
0.0,0.051094383
0.0,0.63109523
0.0,0.34848705
1.0,0.9624114
0.0,0.06039542
1.0,0.98764557
0.0,0.9239105
0.0,0.77141434
1.0,0.9168248
0.0,0.023005515
0.0,0.34809148
0.0,0.030529767
0.0,0.043564677
0.0,0.038280576
0.0,0.027363718
0.0,0.05366707
0.0,0.21356216
1.0,0.9811001
1.0,0.99875927
0.0,0.018431962
0.0,0.055434436
1.0,0.9984739
0.0,0.043854684
1.0,0.97481596
0.0,0.18895549
0.0,0.020192295
1.0,0.95257807
0.0,0.23873362
1.0,0.98003465
0.0,0.8631106
1.0,0.30062234
0.0,0.03878987
0.0,0.0652996
0.0,0.9809035
1.0,0.9996726
0.0,0.0038889647
0.0,0.12822846
0.0,0.021672696
0.0,0.99036586
1.0,0.35819948
0.0,0.04751742
0.0,0.03219697
1.0,0.991525
1.0,0.106808186
0.0,0.21941254
1.0,0.721377
0.0,0.103194535
0.0,0.57516336
1.0,0.9953002
1.0,0.9999666
0.0,0.1711052
1.0,0.987887
1.0,0.99814004
0.0,0.03441295
0.0,0.12593189
0.0,0.064266056
1.0,0.07942122
0.0,0.0038469136
0.0,0.043303877
0.0,0.03733915
1.0,0.99982035
1.0,0.93726647
0.0,0.03164929
1.0,0.4992905
1.0,0.02057308
0.0,0.4886452
1.0,0.9728116
0.0,0.13062203
1.0,0.7691302
0.0,0.12378898
1.0,0.9201238
0.0,0.025856793
0.0,0.023197591
1.0,0.79064035
0.0,0.017764091
1.0,0.97353655
0.0,0.08483261
0.0,0.031050295
0.0,0.03992352
1.0,0.9469417
0.0,0.51707315
1.0,0.45743027
0.0,0.03257066
1.0,0.9358118
1.0,0.8326594
0.0,0.018646479
1.0,0.99924576
1.0,0.9989251
1.0,0.70045686
1.0,0.9481568
0.0,0.056443274
0.0,0.015336394
0.0,0.7433909
1.0,0.98116887
1.0,0.69436127
0.0,0.03530225
0.0,0.03925717
0.0,0.13900158
1.0,0.9970373
0.0,0.89701825
1.0,0.021852136
1.0,0.99092007
0.0,0.08565092
0.0,0.038176
1.0,0.9841268
0.0,0.75879574
1.0,0.99930847
0.0,0.6498631
0.0,0.055963874
0.0,0.025175959
1.0,0.22845918
0.0,0.32085735
1.0,0.99818337
0.0,0.03554651
1.0,0.7486168
0.0,0.63868654
0.0,0.16076788
1.0,0.037545055
1.0,0.81907815
1.0,0.90346193
1.0,0.9880817
0.0,0.06038183
0.0,0.07294834
0.0,0.93017256
0.0,0.01914391
1.0,0.97294086
1.0,0.8176747
0.0,0.0062327385
0.0,0.02561158
0.0,0.014800876
1.0,0.93569285
0.0,0.01633346
0.0,0.018361002
0.0,0.063339055
0.0,0.89756286
0.0,0.09339985
0.0,0.32075876
1.0,0.9074299
0.0,0.92981136
1.0,0.6100499
0.0,0.20962328
0.0,0.9278709
1.0,0.96573603
1.0,0.9030013
1.0,0.9753072
0.0,0.04046309
0.0,0.11173296
1.0,0.76738423
0.0,0.018407226
0.0,0.032378167
0.0,0.4492655
1.0,0.91951716
0.0,0.109443754
0.0,0.031276345
1.0,0.9997716
0.0,0.19017929
1.0,0.9998515
1.0,0.9765705
1.0,0.9986414
0.0,0.03161919
1.0,0.9960956
1.0,0.46278685
0.0,0.08844566
1.0,0.5154368
0.0,0.03378138
0.0,0.23007366
0.0,0.17599812
0.0,0.030850828
1.0,0.86201626
1.0,0.9407567
1.0,0.9997995
1.0,0.9980894
1.0,0.99843746
0.0,0.7440345
0.0,0.9901203
1.0,0.99428034
0.0,0.03991139
1.0,0.84748447
1.0,0.9998752
0.0,0.16943362
1.0,0.72484666
1.0,0.19020328
0.0,0.024870425
0.0,0.034368098
0.0,0.024117112
0.0,0.029847205
1.0,0.6821937
1.0,0.9944695
0.0,0.030052185
0.0,0.031155497
1.0,0.08630356
1.0,0.7801139
1.0,0.13425246
0.0,0.081469536
1.0,0.9677899
1.0,0.52945995
0.0,0.049658924
0.0,0.047762692
1.0,0.9784615
1.0,0.99973154
0.0,0.4752229
1.0,0.993119
0.0,0.092044115
0.0,0.7523844
1.0,0.99544954
0.0,0.86693835
1.0,0.9989743
0.0,0.3291857
0.0,0.46908468
0.0,0.120585084
1.0,0.91026604
1.0,0.6840962
0.0,0.017586023
0.0,0.025860965
1.0,0.7145939
0.0,0.38507733
1.0,0.99903375
1.0,0.851943
1.0,0.7761705
0.0,0.020887136
0.0,0.974782
0.0,0.71273404
0.0,0.029914618
0.0,0.011460245
1.0,0.99984634
0.0,0.21343553
0.0,0.007059276
1.0,0.9949244
0.0,0.12127173
1.0,0.07978344
1.0,0.88229096
0.0,0.057812423
0.0,0.37781525
0.0,0.77717847
0.0,0.010317951
0.0,0.014219552
0.0,0.016153663
0.0,0.019555658
0.0,0.96021366
1.0,0.94062424
1.0,0.9911818
0.0,0.34196317
0.0,0.8514135
0.0,0.016597122
0.0,0.1015217
0.0,0.025266767
1.0,0.00939253
0.0,0.04115233
0.0,0.0014249384
1.0,0.9999523
1.0,0.46358386
0.0,0.034056783
0.0,0.9987566
0.0,0.010394543
0.0,0.038993716
0.0,0.018630713
0.0,0.07332507
1.0,0.9595548
1.0,0.8907529
1.0,0.9901979
0.0,0.018170923
1.0,0.7381837
1.0,0.9967967
0.0,0.36060154
0.0,0.017140985
1.0,0.84989476
1.0,0.51731384
1.0,0.93272424
1.0,0.95675814
1.0,0.8685316
0.0,0.19258267
0.0,0.49073854
1.0,0.7898798
0.0,0.008625418
1.0,0.9959412
0.0,0.031193525
1.0,0.6738666
0.0,0.052253872
0.0,0.84002995
0.0,0.023795545
0.0,0.036922902
0.0,0.65228415
0.0,0.0062423944
0.0,0.009911776
0.0,0.012113243
0.0,0.9866041
0.0,0.017826676
0.0,0.010889202
1.0,0.9975713
1.0,0.65942454
1.0,0.9981705
0.0,0.97304726
0.0,0.5166393
0.0,0.92747605
0.0,0.10568738
1.0,0.9988841
1.0,0.50022906
1.0,0.968433
1.0,0.9996776
0.0,0.96332467
0.0,0.012917519
0.0,0.008707523
1.0,0.7456143
0.0,0.05614519
1.0,0.01222536
1.0,0.99182487
0.0,0.5024452
0.0,0.0113046765
0.0,0.029060185
0.0,0.8456131
1.0,0.99911785
1.0,0.9389733
0.0,0.05224794
1.0,0.9691074
1.0,0.8477942
0.0,0.8802825
0.0,0.0871903
1.0,0.95068634
0.0,0.0212951
0.0,0.0968709
0.0,0.02379793
0.0,0.21293926
0.0,0.017373174
1.0,0.4987525
0.0,0.26193717
0.0,0.9284916
1.0,0.99902225
1.0,0.9530194
0.0,0.5066339
0.0,0.41289788
1.0,0.7435162
0.0,0.12337953
0.0,0.005266309
1.0,0.6582264
0.0,0.16560659
0.0,0.032993138
0.0,0.03919968
1.0,0.99152625
0.0,0.2642053
1.0,0.96423805
1.0,0.9876081
1.0,0.9997772
0.0,0.036133885
1.0,0.7649202
0.0,0.021724194
1.0,0.991945
0.0,0.046402603
1.0,0.99472976
0.0,0.11048058
0.0,0.047166556
1.0,0.9928157
0.0,0.015600294
0.0,0.032070845
1.0,0.75060225
1.0,0.8856468
1.0,0.10177526
1.0,0.7358192
1.0,0.9849603
1.0,0.99087894
1.0,0.5517168
0.0,0.03147641
1.0,0.44982186
1.0,0.99899745
0.0,0.16657287
0.0,0.031735092
0.0,0.0075522363
1.0,0.96557486
0.0,0.029922634
0.0,0.19394276
0.0,0.4483593
1.0,0.9897594
0.0,0.031547695
0.0,0.05376008
1.0,0.817985
1.0,0.9788079
1.0,0.94382447
1.0,0.031450808
0.0,0.99939454
0.0,0.09568706
0.0,0.0957008
0.0,0.036222875
0.0,0.012902617
0.0,0.20600936
0.0,0.044819236
1.0,0.061885297
1.0,0.9928621
0.0,0.033959717
1.0,0.78062993
0.0,0.021583617
0.0,0.02471298
1.0,0.9997844
0.0,0.020246148
0.0,0.9683788
0.0,0.03516543
0.0,0.8424174
0.0,0.14259791
0.0,0.03723845
0.0,0.9961761
1.0,0.8654755
0.0,0.12316951
0.0,0.61407065
1.0,0.9745494
0.0,0.0092304945
1.0,0.7104346
0.0,0.023465365
0.0,0.026743084
0.0,0.046349972
0.0,0.54247755
0.0,0.023187667
0.0,0.025811255
0.0,0.04605499
0.0,0.07716468
0.0,0.88493156
1.0,0.68329686
0.0,0.16335818
1.0,0.98634344
0.0,0.7101259
1.0,0.018444449
0.0,0.05542746
0.0,0.019867986
0.0,0.2730024
1.0,0.9966552
1.0,0.07358831
1.0,0.37582892
0.0,0.039920926
0.0,0.5672217
1.0,0.8779231
0.0,0.11637041
0.0,0.11061394
1.0,0.91076374
0.0,0.030189753
1.0,0.9862834
1.0,0.87317276
0.0,0.0046057403
1.0,0.7266363
0.0,0.4743616
1.0,0.2563864
0.0,0.83325064
1.0,0.9999256
0.0,0.0053741336
0.0,0.9994093
0.0,0.09743264
0.0,0.050625145
0.0,0.015091211
0.0,0.030452132
0.0,0.048346877
1.0,0.9970231
0.0,0.046781838
0.0,0.008755714
0.0,0.0013637245
0.0,0.12962061
0.0,0.41555735
1.0,0.87671745
0.0,0.98517513
0.0,0.6613904
1.0,0.5855117
0.0,0.44457147
1.0,0.9526833
0.0,0.81232464
1.0,0.54852325
1.0,0.9933902
0.0,0.015819013
1.0,0.9999622
0.0,0.7363657
0.0,0.032314003
0.0,0.04938239
0.0,0.14900193
1.0,0.22022718
1.0,0.9998196
0.0,0.019641668
0.0,0.26798433
1.0,0.9994879
0.0,0.21413675
1.0,0.89377797
1.0,0.03640917
1.0,0.95360553
0.0,0.0834156
1.0,0.46682838
0.0,0.09993026
1.0,0.93372893
1.0,0.82956463
0.0,0.25966364
0.0,0.84707546
0.0,0.06468779
0.0,0.47701877
1.0,0.77082455
1.0,0.9920108
1.0,0.9964244
0.0,0.02260384
0.0,0.0016790628
1.0,0.99936163
0.0,0.9831061
0.0,0.0009266138
0.0,0.07741067
1.0,0.8276585
0.0,0.29829857
0.0,0.031852633
0.0,0.16814327
0.0,0.256345
1.0,0.8495972
1.0,0.97984666
0.0,0.22979787
0.0,0.017992526
0.0,0.033728927
1.0,0.9998001
0.0,0.03965664
0.0,0.7989484
1.0,0.94844466
0.0,0.018569946
0.0,0.5337146
1.0,0.98516953
0.0,0.41678652
1.0,0.1309905
1.0,0.39199466
0.0,0.049411446
0.0,0.042398453
0.0,0.011433661
0.0,0.02210164
1.0,0.99721086
1.0,0.99994093
1.0,0.99760365
1.0,0.8626213
0.0,0.8420775
0.0,0.17440385
1.0,0.9415989
1.0,0.9999838
0.0,0.4635375
0.0,0.08615142
1.0,0.7329751
0.0,0.011585504
1.0,0.87127864
0.0,0.020249069
0.0,0.17081282
1.0,0.9820336
0.0,0.16839501
0.0,0.020083457
0.0,0.060124725
0.0,0.1045661
0.0,0.6435144
1.0,0.26431137
0.0,0.069901854
1.0,0.9997772
0.0,0.32990623
1.0,0.9674674
0.0,0.2222681
1.0,0.93037033
1.0,0.9971597
1.0,0.9998741
0.0,0.9805715
0.0,0.023635805
1.0,0.43458572
0.0,0.04600942
0.0,0.028906733
1.0,0.9718511
1.0,0.67613405
0.0,0.19584802
1.0,0.99532497
1.0,0.99699074
0.0,0.9796945
0.0,0.023273408
0.0,0.8408681
0.0,0.02153948
0.0,0.010396212
0.0,0.98655415
1.0,0.9901626
1.0,0.9989826
1.0,0.9626498
0.0,0.0011093616
0.0,0.007717848
0.0,0.03901422
0.0,0.036899805
0.0,0.11284307
0.0,0.04328668
1.0,0.9867023
1.0,0.9913497
1.0,0.6324496
0.0,0.14940098
0.0,0.20332399
1.0,0.9940163
0.0,0.44101506
0.0,0.94513875
1.0,0.98251605
0.0,0.79015267
0.0,0.90541196
1.0,0.9404855
0.0,0.03199649
1.0,0.33089048
1.0,0.8976896
0.0,0.98341465
0.0,0.03420478
1.0,0.99998033
0.0,0.017855257
0.0,0.4931532
1.0,0.8435911
1.0,0.9907226
1.0,0.8910589
1.0,0.9964073
0.0,0.9904814
0.0,0.010254204
0.0,0.026983649
1.0,0.92659795
0.0,0.99970186
1.0,0.50880015
0.0,0.9188643
1.0,0.98002535
1.0,0.6716564
0.0,0.09751731
0.0,0.11066881
0.0,0.0005580187
0.0,0.17491946
0.0,0.099051625
0.0,0.06598097
1.0,0.38087094
1.0,0.6186964
0.0,0.9357679
1.0,0.98280966
1.0,0.16879994
0.0,0.00631392
0.0,0.2702688
1.0,0.98007727
1.0,0.42428547
0.0,0.014118969
0.0,0.15651292
0.0,0.010122001
0.0,0.08051041
1.0,0.80035126
1.0,0.95842874
0.0,0.018028468
0.0,0.0041124225
0.0,0.10563058
0.0,0.1523524
0.0,0.032340497
0.0,0.05020407
0.0,0.99151236
0.0,0.8542521
0.0,0.024193436
0.0,0.020523489
0.0,0.09643677
1.0,0.9974022
1.0,0.9565581
0.0,0.0070453286
0.0,0.039990157
0.0,0.0026939213
0.0,0.018656075
0.0,0.4426347
0.0,0.3015102
0.0,0.030834556
0.0,0.91973996
1.0,0.98339933
1.0,0.9999692
1.0,0.9966719
1.0,0.9440211
1.0,0.9999035
0.0,0.87697
0.0,0.20263538
0.0,0.063287854
0.0,0.20778552
1.0,0.68043154
0.0,0.026337624
1.0,0.9936992
0.0,0.036473244
0.0,0.9300165
0.0,0.9387603
0.0,0.15343538
0.0,0.019690692
0.0,0.6735365
0.0,0.090967834
0.0,0.024509132
1.0,0.98858094
1.0,0.90076303
0.0,0.36041477
0.0,0.1425522
0.0,0.027485132
0.0,0.02100423
1.0,0.99910045
0.0,0.029150128
1.0,0.13519552
0.0,0.108970255
1.0,0.38551787
0.0,0.010333478
0.0,0.4200065
1.0,0.8131327
0.0,0.018614322
1.0,0.98250175
0.0,0.09618792
0.0,0.6649733
0.0,0.24509433
0.0,0.009206891
0.0,0.02788657
1.0,0.9970654
1.0,0.9995843
0.0,0.8895238
0.0,0.038377076
0.0,0.03630328
0.0,0.6434758
1.0,0.9135908
0.0,0.74567086
1.0,0.5639037
1.0,0.95366454
0.0,0.91025937
0.0,0.07978383
0.0,0.23360822
0.0,0.05853489
0.0,0.074408054
0.0,0.08804563
0.0,0.05984965
0.0,0.6652814
0.0,0.20763722
1.0,0.97793627
0.0,0.99924576
0.0,0.015560538
1.0,0.96868074
0.0,0.04424581
0.0,0.030703396
0.0,0.026046723
0.0,0.063299805
1.0,0.06421745
1.0,0.9973879
1.0,0.9866393
0.0,0.037695765
0.0,0.019759774
0.0,0.06986812
0.0,0.933698
0.0,0.34616685
0.0,0.9247333
1.0,0.9999195
1.0,0.9993932
1.0,0.9556531
0.0,0.07276261
1.0,0.9995388
1.0,0.5024077
0.0,0.123419106
1.0,0.9805253
0.0,0.036992997
0.0,0.026127368
0.0,0.651778
1.0,0.99864274
1.0,0.98859227
1.0,0.8749261
0.0,0.95164746
0.0,0.5969089
0.0,0.036421
1.0,0.9942473
1.0,0.99834204
1.0,0.9986428
1.0,0.94166136
0.0,0.022790492
0.0,0.036228478
0.0,0.08305025
0.0,0.48270902
1.0,0.99406064
0.0,0.031833142
0.0,0.45911098
0.0,0.30608827
1.0,0.0913178
0.0,0.08320156
0.0,0.2960592
0.0,0.17783639
0.0,0.9460596
0.0,0.044703335
0.0,0.22829038
0.0,0.0237301
0.0,0.28063616
0.0,0.014203489
1.0,0.999697
1.0,0.6747236
0.0,0.8075079
0.0,0.9915512
0.0,0.07294366
1.0,0.8962337
0.0,0.05036211
0.0,0.08569801
0.0,0.81865424
0.0,0.032729566
1.0,0.9945312
0.0,0.030950755
0.0,0.05552447
1.0,0.62179583
1.0,0.9948426
1.0,0.98732084
0.0,0.060961664
0.0,0.028995603
1.0,0.993935
1.0,0.9977857
1.0,0.99626946
0.0,0.89216626
0.0,0.45090836
0.0,0.021801919
1.0,0.050515294
1.0,0.9995233
0.0,0.03273183
0.0,0.89554024
1.0,0.9048997
1.0,0.9982966
0.0,0.02374801
1.0,0.9743836
1.0,0.8702396
0.0,0.23675042
1.0,0.4790795
0.0,0.040496856
0.0,0.033465832
0.0,0.9872657
0.0,0.057794273
1.0,0.87117076
0.0,0.29707432
1.0,0.51321685
1.0,0.9285065
1.0,0.6570989
0.0,0.014969826
0.0,0.85793173
1.0,0.54244924
0.0,0.016777784
1.0,0.67454195
1.0,0.9958187
0.0,0.99734914
0.0,0.1957866
1.0,0.16538873
1.0,0.99989694
0.0,0.023770243
1.0,0.86533415
1.0,0.41716737
1.0,0.96703094
1.0,0.9993364
1.0,0.9159595
1.0,0.9813743
0.0,0.057201535
0.0,0.57319826
0.0,0.0756436
1.0,0.9904338
1.0,0.89025325
0.0,0.41304636
0.0,0.10320592
1.0,0.12649038
0.0,0.025553346
1.0,0.99798095
0.0,0.6031109
1.0,0.9558102
1.0,0.99239206
0.0,0.47395116
1.0,0.7285763
0.0,0.043076158
1.0,0.9999028
1.0,0.9992284
1.0,0.17826828
0.0,0.18168
0.0,0.11002207
1.0,0.88681805
0.0,0.20876011
1.0,0.92595774
0.0,0.023198307
0.0,0.9535174
0.0,0.11845142
0.0,0.40638056
0.0,0.009441018
0.0,0.48176888
0.0,0.42179513
1.0,0.9951546
1.0,0.22766334
0.0,0.019715548
1.0,0.9996393
1.0,0.8295269
0.0,0.9922384
0.0,0.9113587
0.0,0.1419121
0.0,0.06524494
0.0,0.048740447
0.0,0.06907165
1.0,0.18899873
1.0,0.9994132
0.0,0.046212673
0.0,0.009617776
0.0,0.88420343
0.0,0.9085535
0.0,0.3049138
1.0,0.782385
0.0,0.6748514
0.0,0.022864372
1.0,0.9901681
1.0,0.98364234
0.0,0.045167148
0.0,0.3982672
0.0,0.0056395233
1.0,0.981519
1.0,0.97132796
0.0,0.04109618
0.0,0.049832344
0.0,0.03910145
0.0,0.37384176
0.0,0.034606278
1.0,0.9977747
1.0,0.8993797
1.0,0.19734967
0.0,0.0035333633
1.0,0.17270416
0.0,0.8401924
1.0,0.9998113
1.0,0.5887457
0.0,0.029342026
0.0,0.0066768825
0.0,0.015596479
0.0,0.80540764
0.0,0.9664655
1.0,0.99988097
0.0,0.6502857
0.0,0.81912565
0.0,0.046895057
0.0,0.013584346
0.0,0.12598652
0.0,0.35220253
0.0,0.37901676
1.0,0.3685455
1.0,0.99888873
0.0,0.006398797
0.0,0.6933071
0.0,0.70529747
0.0,0.07766083
1.0,0.99803776
0.0,0.041823447
0.0,0.29226342
1.0,0.9406969
0.0,0.9777309
0.0,0.18465346
0.0,0.047249854
0.0,0.034541637
1.0,0.99770266
1.0,0.86724675
0.0,0.0275715
1.0,0.49850568
1.0,0.9894475
1.0,0.8474285
0.0,0.34379023
0.0,0.19704574
1.0,0.9905391
1.0,0.992424
0.0,0.05302587
1.0,0.9997323
0.0,0.03862858
1.0,0.97913647
1.0,0.9859159
1.0,0.3623352
0.0,0.12030217
1.0,0.8914443
1.0,0.67858946
0.0,0.15570045
0.0,0.030542433
0.0,0.9970582
0.0,0.14388904
0.0,0.05561626
0.0,0.016357929
1.0,0.99997646
0.0,0.7609991
0.0,0.042371035
0.0,0.43948916
0.0,0.009322852
0.0,0.12992382
0.0,0.111618966
1.0,0.9357027
0.0,0.08886245
0.0,0.027816772
0.0,0.8083055
1.0,0.7749995
1.0,0.903545
1.0,0.97299576
1.0,0.99858975
0.0,0.024955332
0.0,0.19106767
0.0,0.03177136
0.0,0.04621929
0.0,0.7634201
0.0,0.037573755
1.0,0.92612576
0.0,0.85161006
1.0,0.31387258
1.0,0.044102997
1.0,0.8422288
0.0,0.05809048
0.0,0.006294161
0.0,0.0021530092
0.0,0.022959054
1.0,0.7983514
1.0,0.9906082
1.0,0.7376144
1.0,0.9519751
1.0,0.99979305
0.0,0.07914162
0.0,0.07964894
0.0,0.9674099
0.0,0.026789367
1.0,0.9636486
0.0,0.026679099
0.0,0.8148184
1.0,0.9990406
1.0,0.61150354
0.0,0.021438628
0.0,0.13107783
0.0,0.40490234
0.0,0.8658364
1.0,0.9344008
0.0,0.9909455
0.0,0.57873714
1.0,0.9997083
0.0,0.07545021
1.0,0.96727014
1.0,0.9916875
0.0,0.007915437
0.0,0.5168717
0.0,0.023992747
0.0,0.021399409
1.0,0.93748105
0.0,0.02157697
0.0,0.1786061
0.0,0.9327313
0.0,0.036249638
1.0,0.99942565
1.0,0.23315632
1.0,0.9619364
1.0,0.9936465
0.0,0.7787704
0.0,0.05742848
1.0,0.9166969
0.0,0.00911507
1.0,0.47412825
0.0,0.048194706
1.0,0.99941456
1.0,0.9988842
0.0,0.32029188
0.0,0.40249556
0.0,0.4895469
0.0,0.021719903
0.0,0.016648084
0.0,0.04895261
1.0,0.96159005
0.0,0.020139307
0.0,0.29209775
0.0,0.82534546
0.0,0.15350932
0.0,0.02915302
0.0,0.0018835366
0.0,0.38496366
0.0,0.0124773085
0.0,0.0048146844
0.0,0.061896235
0.0,0.2728475
0.0,0.027414232
1.0,0.7176844
0.0,0.22293776
1.0,0.9882037
0.0,0.03173065
0.0,0.021665722
1.0,0.9651805
0.0,0.0106732845
1.0,0.9997473
0.0,0.052287787
1.0,0.9902836
0.0,0.9364039
0.0,0.011148572
1.0,0.7528857
1.0,0.30677885
0.0,0.029549807
0.0,0.034956574
0.0,0.0008158684
0.0,0.008777499
0.0,0.0136116445
0.0,0.62147665
1.0,0.99133843
1.0,0.86664665
0.0,0.09684676
0.0,0.03272876
1.0,0.86214805
1.0,0.9652033
1.0,0.8724854
0.0,0.019682646
1.0,0.06452659
0.0,0.44080684
1.0,0.33833745
0.0,0.013822347
1.0,0.864867
0.0,0.04727462
0.0,0.36627954
0.0,0.5239126
0.0,0.92003995
1.0,0.9540297
0.0,0.032877803
0.0,0.38670072
1.0,0.99904585
0.0,0.011822015
0.0,0.97552466
0.0,0.17753705
1.0,0.99949896
0.0,0.42531842
0.0,0.019717485
0.0,0.9953055
1.0,0.98643506
0.0,0.0035817325
0.0,0.9454676
0.0,0.038704395
1.0,0.51101923
0.0,0.021211147
1.0,0.9995588
0.0,0.6105932
1.0,0.9081968
1.0,0.9996648
0.0,0.93512464
1.0,0.9932696
1.0,0.9978371
0.0,0.024095625
0.0,0.9127102
0.0,0.13564351
1.0,0.99975026
0.0,0.44646063
1.0,0.9411947
1.0,0.86121166
0.0,0.029346168
1.0,0.98366946
0.0,0.5506441
1.0,0.6214507
0.0,0.9766413
1.0,0.6935645
0.0,0.59826374
1.0,0.010070533
0.0,0.3459136
0.0,0.04174456
0.0,0.017698497
0.0,0.02491051
0.0,0.021577865
0.0,0.011145979
0.0,0.007529497
0.0,0.4856107
0.0,0.110580504
0.0,0.6164554
0.0,0.71652657
0.0,0.016735196
1.0,0.99283457
1.0,0.22173095
0.0,0.94289607
1.0,0.04272905
0.0,0.26988006
0.0,0.30910742
0.0,0.92411935
0.0,0.0317491
0.0,0.036269963
0.0,0.42935082
1.0,0.9181634
0.0,0.011826277
0.0,0.05031714
1.0,0.01462689
0.0,0.0064085126
1.0,0.9874495
0.0,0.08867133
0.0,0.282979
1.0,0.74098915
0.0,0.039209753
1.0,0.98748064
0.0,0.043293744
0.0,0.00369519
0.0,0.013951957
1.0,0.9990753
0.0,0.052087665
1.0,0.7978126
1.0,0.8163507
0.0,0.9908974
0.0,0.021665186
1.0,0.07205519
0.0,0.021062344
0.0,0.1227873
0.0,0.85376513
0.0,0.026284546
0.0,0.88623005
0.0,0.9959197
1.0,0.6207563
0.0,0.259307
1.0,0.9796895
0.0,0.016847461
0.0,0.006734848
0.0,0.029168606
1.0,0.99616396
1.0,0.9968308
0.0,0.21969181
0.0,0.53451765
0.0,0.008279741
0.0,0.2327593
0.0,0.17221639
0.0,0.02617675
0.0,0.010358393
1.0,0.19379362
1.0,0.9778645
0.0,0.03731379
0.0,0.9996214
1.0,0.8165115
0.0,0.002476573
1.0,0.99413496
0.0,0.013320684
0.0,0.06970635
1.0,0.9949473
0.0,0.6786146
1.0,0.9476564
1.0,0.9995675
1.0,0.9987985
0.0,0.5998934
0.0,0.031520218
0.0,0.12799725
1.0,0.9737675
0.0,0.6588732
1.0,0.9876658
0.0,0.06224227
0.0,0.046982646
0.0,0.5173707
1.0,0.98570323
0.0,0.05209443
0.0,0.091355294
0.0,0.2771682
1.0,0.019053042
1.0,0.99885356
0.0,0.03446302
0.0,0.028949529
1.0,0.98525333
1.0,0.99973404
1.0,0.8759067
1.0,0.4754142
0.0,0.027285993
1.0,0.99312466
0.0,0.08550492
0.0,0.075179905
0.0,0.03316769
1.0,0.9079263
0.0,0.20464283
0.0,0.071725994
0.0,0.007414758
1.0,0.8602649
0.0,0.34544164
1.0,0.9964176
1.0,0.99818116
0.0,0.017154604
1.0,0.9521938
0.0,0.018785924
1.0,0.9093905
0.0,0.53917587
0.0,0.05071366
0.0,0.061473727
0.0,0.036404222
1.0,0.9997632
0.0,0.11417514
0.0,0.19246528
0.0,0.37921464
1.0,0.9999907
1.0,0.8853814
0.0,0.032772154
1.0,0.9713774
1.0,0.98833656
1.0,0.99996424
1.0,0.14790955
0.0,0.22853944
1.0,0.9315201
0.0,0.13173476
0.0,0.84517837
1.0,0.5914742
0.0,0.08051497
0.0,0.037838608
0.0,0.09865224
1.0,0.6582904
0.0,0.34568357
0.0,0.340218
1.0,0.99377084
0.0,0.04162571
1.0,0.96107846
0.0,0.042168885
0.0,0.89053124
1.0,0.9092511
1.0,0.9915502
0.0,0.015201211
1.0,0.96663415
1.0,0.99937916
0.0,0.907225
0.0,0.83035815
1.0,0.9232199
0.0,0.10355705
1.0,0.99941754
0.0,0.054104656
0.0,0.076407194
1.0,0.6625107
1.0,0.99670005
0.0,0.05723083
1.0,0.66826594
0.0,0.22160146
0.0,0.18133017
1.0,0.99904674
0.0,0.010778993
0.0,0.1788981
0.0,0.07467002
1.0,0.84559476
0.0,0.027246833
0.0,0.035583586
1.0,0.94094634
1.0,0.9874204
0.0,0.03237632
0.0,0.2747113
0.0,0.017942607
1.0,0.22952288
0.0,0.74725693
0.0,0.032851577
0.0,0.040787816
0.0,0.027911574
0.0,0.03411725
1.0,0.26899725
0.0,0.28959408
0.0,0.009595007
0.0,0.2341904
1.0,0.9810326
1.0,0.9999578
1.0,0.75308335
0.0,0.9758818
0.0,0.024595767
0.0,0.99822336
1.0,0.9997747
0.0,0.11588013
1.0,0.97423154
0.0,0.013848096
1.0,0.9993725
0.0,0.2907694
1.0,0.97238386
0.0,0.99217653
1.0,0.82892215
0.0,0.52490485
0.0,0.5062458
1.0,0.48862648
1.0,0.9729058
1.0,0.9987706
0.0,0.4143412
1.0,0.9927695
1.0,0.8520484
1.0,0.31630716
0.0,0.004817724
1.0,0.9085883
0.0,0.053235203
0.0,0.9730463
1.0,0.8070767
0.0,0.46931082
0.0,0.023288399
0.0,0.1744554
0.0,0.071131825
0.0,0.60328305
1.0,0.99707174
1.0,0.9937514
0.0,0.5689712
0.0,0.9063308
0.0,0.043901592
1.0,0.9998983
0.0,0.910429
0.0,0.1905945
0.0,0.024530381
0.0,0.008581042
0.0,0.10887325
0.0,0.79233944
1.0,0.9978863
1.0,0.9998938
1.0,0.36895758
0.0,0.4231129
0.0,0.028375626
0.0,0.0091558695
0.0,0.078959465
0.0,0.03101477
1.0,0.99514496
0.0,0.013365746
0.0,0.37054342
1.0,0.9996586
0.0,0.13279846
1.0,0.536487
1.0,0.9354147
0.0,0.43306667
0.0,0.015989125
0.0,0.25104177
1.0,0.68809456
0.0,0.33478242
0.0,0.044611752
1.0,0.9898927
1.0,0.79168594
0.0,0.024808586
0.0,0.33999777
0.0,0.8611479
0.0,0.025016248
0.0,0.87699425
1.0,0.53842163
1.0,0.8392848
0.0,0.03167081
0.0,0.019625187
0.0,0.91367245
0.0,0.33971632
1.0,0.9877561
0.0,0.36625916
1.0,0.9992322
0.0,0.046898544
1.0,0.99987423
0.0,0.017575264
1.0,0.98902094
1.0,0.59338987
0.0,0.043911397
0.0,0.4877742
0.0,0.0061874688
0.0,0.16495228
1.0,0.8759439
1.0,0.03570062
1.0,0.13459134
1.0,0.42588446
1.0,0.7615167
0.0,0.0016747117
1.0,0.94932604
1.0,0.8937079
0.0,0.030310124
0.0,0.09004244
0.0,0.072701484
1.0,0.92357624
1.0,0.99959433
0.0,0.9991118
0.0,0.012552112
1.0,0.93659663
0.0,0.030915022
0.0,0.044182897
1.0,0.9976504
0.0,0.73585415
0.0,0.15015528
1.0,0.7705294
1.0,0.9816021
0.0,0.032566547
0.0,0.04841703
0.0,0.058262974
1.0,0.99940217
1.0,0.9924292
0.0,0.68261707
0.0,0.58679026
1.0,0.9911808
1.0,0.75024617
0.0,0.033800095
0.0,0.09261283
0.0,0.117417604
1.0,0.63211226
1.0,0.5118132
0.0,0.035906196
0.0,0.3656286
1.0,0.94960964
0.0,0.07820469
0.0,0.041847557
0.0,0.05713868
0.0,0.9846357
1.0,0.97546697
0.0,0.9807822
0.0,0.019219428
0.0,0.94666064
0.0,0.34468743
0.0,0.103001505
1.0,0.85877633
1.0,0.85724187
0.0,0.26864713
1.0,0.999237
0.0,0.36637768
1.0,0.99646556
1.0,0.038166463
1.0,0.99533343
0.0,0.008238107
0.0,0.92386657
0.0,0.016582191
1.0,0.9997406
0.0,0.027417034
1.0,0.9932481
0.0,0.33160597
0.0,0.01998496
1.0,0.4347039
1.0,0.9971725
0.0,0.01386103
1.0,0.70104903
0.0,0.088742286
1.0,0.8945437
0.0,0.01863873
1.0,0.947098
1.0,0.4183341
0.0,0.2356967
0.0,0.053388476
0.0,0.05330658
0.0,0.023885489
0.0,0.03215605
0.0,0.9354392
0.0,0.17170185
0.0,0.055244446
0.0,0.992815
0.0,0.019134223
1.0,0.99859744
0.0,0.70911324
0.0,0.70871776
1.0,0.99990994
0.0,0.29792035
1.0,0.9999447
0.0,0.038264245
1.0,0.99970496
0.0,0.015828997
0.0,0.11262867
1.0,0.9999274
0.0,0.17286879
0.0,0.036925405
0.0,0.028655201
1.0,0.9996505
1.0,0.79953146
0.0,0.03413868
1.0,0.9693783
1.0,0.43689585
1.0,0.99916726
0.0,0.7350179
1.0,0.76380193
1.0,0.9141603
0.0,0.46911666
1.0,0.25941476
1.0,0.30528158
0.0,0.09647298
0.0,0.021598727
0.0,0.04722485
0.0,0.08006105
0.0,0.026803702
0.0,0.21350312
0.0,0.037421793
0.0,0.0056078434
1.0,0.9706841
0.0,0.5840027
0.0,0.02172935
0.0,0.06461555
0.0,0.0997515
1.0,0.875098
0.0,0.016493589
1.0,0.9612305
0.0,0.45034033
0.0,0.03136614
1.0,0.8020443
1.0,0.9377955
0.0,0.35192376
0.0,0.13443777
1.0,0.971369
0.0,0.96535486
0.0,0.05447197
1.0,0.8741638
1.0,0.57352567
1.0,0.9621295
1.0,0.60317034
0.0,0.058890194
0.0,0.00960061
1.0,0.63831586
0.0,0.035725057
0.0,0.004038781
1.0,0.9992739
1.0,0.8572173
1.0,0.99893177
0.0,0.020343035
1.0,0.6321084
1.0,0.99476564
1.0,0.99195004
0.0,0.024214685
0.0,0.021653116
1.0,0.3839196
0.0,0.17325962
0.0,0.32001233
0.0,0.15659755
1.0,0.9949442
0.0,0.026729614
0.0,0.11088061
0.0,0.10445994
0.0,0.9391043
0.0,0.081615806
0.0,0.013157606
0.0,0.96753275
1.0,0.99986637
0.0,0.16676226
1.0,0.9275454
0.0,0.04140544
0.0,0.24467799
0.0,0.9786013
1.0,0.017772198
0.0,0.66294265
0.0,0.0534108
0.0,0.0243603
0.0,0.609217
0.0,0.13287354
1.0,0.99197954
0.0,0.4412022
1.0,0.9155476
0.0,0.13717446
0.0,0.09461379
0.0,0.03450802
0.0,0.6641802
0.0,0.12983143
0.0,0.702376
0.0,0.022274256
0.0,0.13799608
1.0,0.93712753
0.0,0.09856573
1.0,0.87768716
1.0,0.92808723
0.0,0.0773108
0.0,0.06567553
1.0,0.98927355
0.0,0.045851767
1.0,0.5457097
1.0,0.9452449
0.0,0.04760906
1.0,0.94939244
0.0,0.018808275
1.0,0.9943943
0.0,0.27810305
0.0,0.2566608
1.0,0.55761373
0.0,0.7126215
0.0,0.018791586
0.0,0.5803849
1.0,0.85734963
1.0,0.99430966
0.0,0.012647271
0.0,0.054503858
1.0,0.6286658
0.0,0.86008584
1.0,0.21213776
0.0,0.21711028
1.0,0.5385538
0.0,0.89518476
0.0,0.08572072
0.0,0.7711469
0.0,0.02377975
0.0,0.22801793
1.0,0.07211685
0.0,0.654735
1.0,0.9513807
0.0,0.0039694905
1.0,0.2978848
0.0,0.012064278
0.0,0.01831153
0.0,0.03465551
0.0,0.046368927
0.0,0.14261246
0.0,0.28070694
0.0,0.3139271
0.0,0.38538438
1.0,0.8671692
0.0,0.021657526
0.0,0.1930078
1.0,0.6740879
1.0,0.5770058
0.0,0.039608
0.0,0.053789556
1.0,0.8587779
0.0,0.37558854
1.0,0.020558208
1.0,0.9853647
1.0,0.75456285
1.0,0.9050404
0.0,0.08044055
0.0,0.028494537
1.0,0.6136559
0.0,0.34736162
1.0,0.9930179
1.0,0.8428104
1.0,0.9992832
0.0,0.07683757
0.0,0.02642852
0.0,0.10841963
0.0,0.04288408
1.0,0.9357464
1.0,0.945758
0.0,0.091388464
0.0,0.4162424
0.0,0.35557
0.0,0.18037596
1.0,0.24149993
1.0,0.90293753
1.0,0.9644494
0.0,0.64716995
1.0,0.85868704
1.0,0.88394463
1.0,0.90782523
1.0,0.9990024
0.0,0.76662064
0.0,0.47583354
0.0,0.9109308
0.0,0.049022853
1.0,0.87547576
1.0,0.99829185
1.0,0.95912325
1.0,0.9550854
0.0,0.14721113
0.0,0.031380475
0.0,0.50648856
0.0,0.4580144
1.0,0.98681235
0.0,0.23685697
0.0,0.019868553
0.0,0.30261868
0.0,0.036486775
1.0,0.86293954
1.0,0.92720073
1.0,0.97919524
0.0,0.1633048
0.0,0.5317283
1.0,0.8406478
1.0,0.9995888
0.0,0.020586789
1.0,0.97823477
0.0,0.7996166
1.0,0.9998945
1.0,0.9998472
1.0,0.59367603
0.0,0.032547712
0.0,0.28213853
1.0,0.9991171
0.0,0.28930447
0.0,0.34995908
1.0,0.9998194
0.0,0.03101495
0.0,0.05670443
0.0,0.0641903
1.0,0.7560065
0.0,0.7216464
0.0,0.3634434
1.0,0.76002675
0.0,0.52690464
0.0,0.04594338
0.0,0.07426825
0.0,0.10524976
1.0,0.92477983
0.0,0.8843076
0.0,0.031992733
0.0,0.016771823
1.0,0.6969968
0.0,0.028222322
0.0,0.006243199
1.0,0.87692493
0.0,0.5273259
0.0,0.0339123
1.0,0.9950011
1.0,0.9411893
0.0,0.022245884
1.0,0.27171493
1.0,0.7258816
0.0,0.29576373
0.0,0.89359623
1.0,0.7123037
1.0,0.8088709
0.0,0.017250687
1.0,0.49986136
1.0,0.5269051
1.0,0.3205185
0.0,0.43119192
1.0,0.10612178
0.0,0.028766632
1.0,0.8454926
0.0,0.02139616
1.0,0.9585599
0.0,0.9714514
0.0,0.5172257
1.0,0.8670434
0.0,0.11995828
1.0,0.9714514
1.0,0.8952805
1.0,0.99417007
1.0,0.9935502
0.0,0.027491927
1.0,0.07525584
0.0,0.8108796
0.0,0.022546828
0.0,0.027960509
0.0,0.0336985
1.0,0.9971755
0.0,0.024119943
0.0,0.7285473
0.0,0.61506766
0.0,0.22669226
1.0,0.9697481
0.0,0.11286917
0.0,0.024299473
0.0,0.058247566
0.0,0.8916138
1.0,0.6195232
0.0,0.04483238
1.0,0.86523116
1.0,0.9988501
0.0,0.85975504
0.0,0.009656966
0.0,0.037810892
1.0,0.97392535
0.0,0.01811549
1.0,0.017211229
1.0,0.71575046
1.0,0.98702085
0.0,0.9081884
0.0,0.49196526
0.0,0.021135688
0.0,0.8710223
0.0,0.03874111
0.0,0.0313994
0.0,0.61604065
1.0,0.8382962
0.0,0.83677095
1.0,0.9942295
0.0,0.61343646
1.0,0.99715334
1.0,0.99088514
1.0,0.84040606
1.0,0.98906726
0.0,0.95543444
0.0,0.99627405
0.0,0.16250622
1.0,0.815362
1.0,0.99445856
0.0,0.02758184
1.0,0.5709768
1.0,0.9930769
1.0,0.99079466
1.0,0.6101756
0.0,0.8401084
0.0,0.008724123
1.0,0.88153195
0.0,0.032525837
0.0,0.051875055
1.0,0.99196386
0.0,0.014853388
0.0,0.7648992
0.0,0.206236
0.0,0.05928415
0.0,0.050543964
1.0,0.9999117
0.0,0.023961335
0.0,0.40838426
1.0,0.5694802
0.0,0.037472963
1.0,0.98183584
0.0,0.12621436
0.0,0.026427925
0.0,0.036731213
0.0,0.16794556
1.0,0.74799883
0.0,0.35514545
0.0,0.08223948
1.0,0.92708075
1.0,0.97962487
0.0,0.14938968
0.0,0.03583169
0.0,0.018671364
1.0,0.54884803
0.0,0.022112042
1.0,0.99384856
1.0,0.9073125
1.0,0.3646566
1.0,0.88932407
1.0,0.9495666
0.0,0.9875734
1.0,0.8731899
1.0,0.99956
0.0,0.02950725
0.0,0.032919794
0.0,0.037621796
1.0,0.9710809
0.0,0.020650238
0.0,0.012855679
0.0,0.33795238
1.0,0.99831283
0.0,0.109906435
1.0,0.96209764
0.0,0.1778095
0.0,0.6988898
0.0,0.049283117
0.0,0.111742675
0.0,0.03819132
1.0,0.39970565
1.0,0.9996426
0.0,0.070899844
0.0,0.5258559
1.0,0.8538432
0.0,0.013911724
1.0,0.9909852
0.0,0.22731143
0.0,0.020915985
0.0,0.051062614
1.0,0.99992335
1.0,0.8366977
0.0,0.033991218
0.0,0.4168922
1.0,0.75982153
0.0,0.03672415
0.0,0.024770766
1.0,0.93000126
1.0,0.9999759
1.0,0.9839654
0.0,0.04736492
1.0,0.87237334
1.0,0.99312246
0.0,0.22410998
0.0,0.074591994
0.0,0.02586484
0.0,0.053101003
0.0,0.011441588
0.0,0.020544142
1.0,0.5387217
1.0,0.7621931
0.0,0.040971935
0.0,0.0077590346
0.0,0.2727396
0.0,0.2598927
1.0,0.96013707
0.0,0.9963277
0.0,0.06824148
0.0,0.767033
0.0,0.9932859
1.0,0.10126588
0.0,0.012288392
0.0,0.7841244
1.0,0.99646854
0.0,0.123170406
0.0,0.7387409
0.0,0.058100104
0.0,0.014198244
1.0,0.7221495
1.0,0.97904843
0.0,0.25520137
0.0,0.9962735
0.0,0.02380693
0.0,0.9978133
0.0,0.9974791
0.0,0.10554546
0.0,0.007221043
0.0,0.31792507
1.0,0.45163226
0.0,0.03433144
1.0,0.28736264
0.0,0.84907
0.0,0.0071042776
0.0,0.05627802
0.0,0.25284672
0.0,0.3724656
0.0,0.07415396
1.0,0.9987714
0.0,0.021685928
0.0,0.9160597
0.0,0.115540564
1.0,0.7636311
1.0,0.98395145
0.0,0.060771793
0.0,0.17602229
0.0,0.03499493
1.0,0.99997747
1.0,0.79310215
1.0,0.99887687
0.0,0.13496184
1.0,0.9997076
0.0,0.087084144
0.0,0.015378058
0.0,0.030729026
1.0,0.002250731
0.0,0.01497364
0.0,0.08524117
1.0,0.9995893
1.0,0.48611122
0.0,0.029144228
1.0,0.99997056
0.0,0.037383437
1.0,0.91023755
0.0,0.19540739
1.0,0.98498774
0.0,0.9977977
0.0,0.69047505
1.0,0.8987673
0.0,0.018251538
0.0,0.29831558
0.0,0.027568907
0.0,0.016496181
0.0,0.06074807
0.0,0.03991255
1.0,0.91099876
1.0,0.9603262
0.0,0.45961168
0.0,0.057982504
0.0,0.010721415
0.0,0.75916195
1.0,0.9998628
0.0,0.040243685
0.0,0.11929834
0.0,0.82216835
0.0,0.45495415
0.0,0.0019131005
1.0,0.96518123
1.0,0.9820776
0.0,0.0134961605
0.0,0.014201134
0.0,0.08649865
0.0,0.017983556
1.0,0.9458089
0.0,0.85566807
0.0,0.09895921
0.0,0.034748763
1.0,0.904673
0.0,0.022407293
0.0,0.5427169
1.0,0.99934185
0.0,0.022033721
0.0,0.16174975
1.0,0.7653311
1.0,0.62410474
1.0,0.98678875
0.0,0.016548544
0.0,0.0227516
0.0,0.2884968
0.0,0.023092031
1.0,0.92352664
0.0,0.28411514
1.0,0.30910257
0.0,0.004715532
0.0,0.016066223
0.0,0.47306862
1.0,0.99525094
0.0,0.8446095
0.0,0.23511225
0.0,0.40691626
1.0,0.8558527
0.0,0.031130642
0.0,0.22918615
0.0,0.007496536
1.0,0.4138606
0.0,0.022221953
0.0,0.014115483
1.0,0.08897743
1.0,0.9982847
0.0,0.008294135
1.0,0.99817765
1.0,0.99372655
1.0,0.9766098
1.0,0.9588597
0.0,0.051863045
1.0,0.9897557
0.0,0.99996287
1.0,0.02478835
0.0,0.02596131
1.0,0.41700783
0.0,0.3445673
1.0,0.43560317
1.0,0.9998887
1.0,0.7249842
0.0,0.014835119
0.0,0.8260848
0.0,0.877649
0.0,0.035951048
0.0,0.042515755
0.0,0.6468204
1.0,0.9982798
1.0,0.9993591
1.0,0.7598092
0.0,0.034047514
0.0,0.03368178
0.0,0.320019
0.0,0.8513497
1.0,0.03019911
0.0,0.058071375
0.0,0.020545363
0.0,0.05390829
0.0,0.9335715
1.0,0.9752158
0.0,0.9757819
0.0,0.975878
0.0,0.39876795
1.0,0.33941567
0.0,0.17398936
0.0,0.5772078
1.0,0.51006
0.0,0.83492935
1.0,0.53761315
0.0,0.02112317
0.0,0.7168393
0.0,0.03225124
0.0,0.121712506
0.0,0.001727134
1.0,0.9754961
0.0,0.081410795
0.0,0.2798244
1.0,0.9934394
1.0,0.9963949
0.0,0.69163764
1.0,0.03352365
0.0,0.15343499
0.0,0.031522512
1.0,0.99746096
0.0,0.022632599
0.0,0.37600985
0.0,0.02400294
0.0,0.030370504
1.0,0.99929225
1.0,0.98977566
1.0,0.85118115
1.0,0.9982524
0.0,0.0126722455
0.0,0.058962554
0.0,0.43207967
1.0,0.9947909
0.0,0.03356141
0.0,0.038346082
1.0,0.9812696
1.0,0.98673385
1.0,0.9418214
0.0,0.03028363
0.0,0.3345285
0.0,0.7135178
1.0,0.99987173
1.0,0.9525471
1.0,0.98668396
0.0,0.1038602
0.0,0.019027352
0.0,0.015853226
1.0,0.96911633
1.0,0.14704964
0.0,0.52004063
1.0,0.9534608
1.0,0.7476821
1.0,0.9895178
1.0,0.9052477
0.0,0.20617425
0.0,0.1032888
1.0,0.80577207
1.0,0.6382578
0.0,0.08712751
0.0,0.041264176
0.0,0.02178365
0.0,0.042834193
0.0,0.04331714
0.0,0.7190836
0.0,0.028294533
0.0,0.24595198
1.0,0.8650729
1.0,0.8424734
0.0,0.8523499
1.0,0.99888235
0.0,0.023942173
1.0,0.9627181
0.0,0.04335317
1.0,0.9967901
0.0,0.013767034
0.0,0.036107898
0.0,0.02354464
0.0,0.526227
1.0,0.47315145
1.0,0.9965784
0.0,0.06080085
0.0,0.36057118
1.0,0.61087084
0.0,0.020437539
1.0,0.99850655
1.0,0.9654677
0.0,0.032893807
0.0,0.14178401
0.0,0.31658462
0.0,0.9996555
0.0,0.79512274
0.0,0.030509531
0.0,0.37963703
0.0,0.024409443
1.0,0.9752465
1.0,0.99471253
1.0,0.96078527
1.0,0.96292436
0.0,0.0233486
0.0,0.69904786
1.0,0.9017987
0.0,0.96774065
0.0,0.06581047
0.0,0.3654185
1.0,0.263644
1.0,0.6091473
0.0,0.014421672
1.0,0.99509865
1.0,0.9932597
0.0,0.0038821995
0.0,0.041787416
1.0,0.9966197
0.0,0.011294365
0.0,0.952221
0.0,0.012372881
0.0,0.2806339
1.0,0.053426266
0.0,0.09555584
0.0,0.04257554
0.0,0.7059636
1.0,0.61665046
0.0,0.01764214
0.0,0.13099569
1.0,0.99622035
0.0,0.008278698
0.0,0.3866316
0.0,0.9921984
1.0,0.99938345
1.0,0.51426345
1.0,0.3321095
0.0,0.12965006
0.0,0.74061227
1.0,0.482064
0.0,0.020947278
0.0,0.01492998
0.0,0.34240866
0.0,0.014077991
1.0,0.41364098
0.0,0.40336958
0.0,0.9029385
1.0,0.7443942
0.0,0.06663376
0.0,0.113551885
0.0,0.83172727
0.0,0.39426833
1.0,0.95408857
1.0,0.99561954
0.0,0.6227986
1.0,0.8614503
0.0,0.010267913
0.0,0.037374705
0.0,0.022991389
1.0,0.53755575
0.0,0.04661137
0.0,0.034505516
1.0,0.99773526
1.0,0.96190983
1.0,0.95675266
0.0,0.91031265
1.0,0.9533855
1.0,0.98948985
0.0,0.00093105435
0.0,0.98744506
0.0,0.97961515
1.0,0.40008962
0.0,0.076723546
0.0,0.29511863
0.0,0.040394098
0.0,0.053767473
0.0,0.050804377
0.0,0.083896786
0.0,0.37345117
0.0,0.9295058
0.0,0.8668339
1.0,0.30661136
1.0,0.941718
1.0,0.7626921
0.0,0.032667756
1.0,0.9997399
0.0,0.4292683
0.0,0.13221979
1.0,0.9946979
0.0,0.48660588
0.0,0.035529703
0.0,0.20317322
0.0,0.030619532
0.0,0.5398448
0.0,0.88863957
0.0,0.030739069
1.0,0.99229205
0.0,0.0016638637
0.0,0.024277687
0.0,0.019922167
1.0,0.9956335
1.0,0.98870575
0.0,0.7386448
1.0,0.65663016
0.0,0.06204191
1.0,0.42512137
0.0,0.044127047
0.0,0.014973789
1.0,0.08610135
0.0,0.0059765577
0.0,0.014463186
1.0,0.9221777
0.0,0.126946
1.0,0.028181314
0.0,0.8398137
0.0,0.023996472
1.0,0.89409846
0.0,0.014363706
0.0,0.07767314
0.0,0.9918181
0.0,0.011261225
0.0,0.01785168
1.0,0.98277605
0.0,0.032006472
0.0,0.11375123
0.0,0.15913376
1.0,0.76328194
0.0,0.998451
0.0,0.09835589
1.0,0.93176425
0.0,0.020209193
0.0,0.008429915
0.0,0.121958196
0.0,0.10931954
1.0,0.9442219
0.0,0.042095095
0.0,0.0040679574
0.0,0.0073419213
0.0,0.03130591
0.0,0.6884763
1.0,0.9925948
1.0,0.95774126
0.0,0.038523257
1.0,0.9851234
0.0,0.041362464
0.0,0.0076677203
0.0,0.06626615
0.0,0.48247194
1.0,0.9995351
0.0,0.055811137
0.0,0.017943114
0.0,0.4596413
0.0,0.023085088
0.0,0.42534348
0.0,0.020330966
0.0,0.028398454
0.0,0.018838227
0.0,0.00277251
0.0,0.99619687
1.0,0.24432671
0.0,0.008758813
0.0,0.07393396
0.0,0.065626204
1.0,0.9995488
0.0,0.079161316
1.0,0.9803934
0.0,0.26829436
0.0,0.058618814
0.0,0.28390533
1.0,0.99576974
1.0,0.99944544
1.0,0.9622834
1.0,0.6887631
0.0,0.2662128
0.0,0.020742834
1.0,0.9971872
1.0,0.99200225
0.0,0.03863159
0.0,0.17527544
0.0,0.9745368
1.0,0.9984102
0.0,0.051849723
0.0,0.025149643
0.0,0.05620846
0.0,0.045193642
1.0,0.99273396
1.0,0.9901147
0.0,0.003706187
1.0,0.3410966
0.0,0.022199482
0.0,0.09843746
0.0,0.014255613
0.0,0.03620687
0.0,0.035694003
1.0,0.9604214
0.0,0.015627831
0.0,0.24962729
0.0,0.8170259
0.0,0.065930516
0.0,0.8278903
1.0,0.9985882
0.0,0.040085196
0.0,0.022802621
1.0,0.8969044
0.0,0.91033006
0.0,0.0022461712
1.0,0.9988512
1.0,0.8446926
0.0,0.024941087
1.0,0.9545672
0.0,0.6707061
1.0,0.9191395
1.0,0.99998176
0.0,0.3895657
1.0,0.99057996
0.0,0.1598795
0.0,0.14233819
0.0,0.25756037
0.0,0.8962278
0.0,0.035901517
0.0,0.061525524
0.0,0.5576036
1.0,0.9866922
0.0,0.06282702
0.0,0.31035507
0.0,0.44862294
0.0,0.32794356
1.0,0.9198562
0.0,0.06387505
0.0,0.70744526
0.0,0.049034983
0.0,0.08957821
0.0,0.020487785
0.0,0.99772495
1.0,0.11545107
0.0,0.24057302
1.0,0.8945331
0.0,0.028695494
1.0,0.47932297
0.0,0.08295187
0.0,0.26264864
0.0,0.047312886
0.0,0.9158973
0.0,0.37027004
0.0,0.27587232
0.0,0.058391362
0.0,0.014582932
0.0,0.9613261
0.0,0.9697388
1.0,0.99462557
0.0,0.99143577
0.0,0.040665567
1.0,0.99990827
0.0,0.01577732
0.0,0.025167942
0.0,0.0025896132
1.0,0.9174485
1.0,0.93976796
1.0,0.6198938
1.0,0.9994982
0.0,0.26019004
1.0,0.94773567
0.0,0.26599172
1.0,0.51955146
0.0,0.11121881
0.0,0.982519
0.0,0.19399336
0.0,0.0100316405
0.0,0.28183907
1.0,0.99475604
1.0,0.7610398
0.0,0.9995432
1.0,0.9529117
0.0,0.015985727
1.0,0.99855596
0.0,0.017586976
0.0,0.058583766
0.0,0.99409616
0.0,0.70104456
0.0,0.05801195
0.0,0.020578623
1.0,0.9998859
0.0,0.010214448
1.0,0.99988675
1.0,0.8433468
1.0,0.9713954
0.0,0.0075009465
0.0,0.9998977
0.0,0.0705207
0.0,0.1949839
0.0,0.32641837
1.0,0.9313303
0.0,0.3096649
0.0,0.055240273
0.0,0.026294023
0.0,0.043004215
0.0,0.022070855
0.0,0.31796902
0.0,0.9555514
0.0,0.018238872
0.0,0.7069579
1.0,0.9997153
0.0,0.32374883
0.0,0.018075347
0.0,0.02548787
0.0,0.0155901015
1.0,0.9454974
0.0,0.95048916
1.0,0.99850595
0.0,0.78009975
1.0,0.9999627
1.0,0.9676235
0.0,0.006529838
0.0,0.12634441
0.0,0.04534945
0.0,0.5133933
0.0,0.019748777
0.0,0.9587897
1.0,0.9987457
0.0,0.03461522
1.0,0.6843527
0.0,0.25488767
0.0,0.0099805
0.0,0.04918441
1.0,0.8376206
0.0,0.0266473
1.0,0.99990654
0.0,0.013662308
0.0,0.0704543
0.0,0.7154534
0.0,0.50347936
0.0,0.525266
0.0,0.04204747
1.0,0.92748624
1.0,0.98151433
0.0,0.24025947
0.0,0.08129415
0.0,0.120975256
1.0,0.9464012
0.0,0.03410384
1.0,0.40587714
0.0,0.12757659
1.0,0.9735694
1.0,0.9645427
0.0,0.18409047
0.0,0.049048632
0.0,0.04580462
1.0,0.9243454
0.0,0.6780609
0.0,0.49770918
1.0,0.99758583
1.0,0.9592546
0.0,0.2315076
0.0,0.051891893
1.0,0.9971554
0.0,0.018485308
0.0,0.03505382
0.0,0.038811415
1.0,0.9047772
0.0,0.023949802
0.0,0.12554008
1.0,0.97779095
1.0,0.910985
0.0,0.41439417
0.0,0.039411932
0.0,0.03283921
1.0,0.98141956
1.0,0.9957619
1.0,0.9367317
0.0,0.01973635
0.0,0.029859006
0.0,0.107234895
0.0,0.0022515059
1.0,0.98916996
0.0,0.03331369
0.0,0.8728788
0.0,0.36773032
0.0,0.81391245
0.0,0.4474397
0.0,0.021462202
0.0,0.24977902
0.0,0.015147209
0.0,0.028869629
1.0,0.2683959
1.0,0.97033954
0.0,0.76740384
0.0,0.6075765
1.0,0.051937312
0.0,0.0015645623
1.0,0.98888445
0.0,0.035633564
0.0,0.032280505
1.0,0.99618363
1.0,0.9988496
0.0,0.9364583
0.0,0.14231172
1.0,0.24286899
0.0,0.23969713
0.0,0.25627482
0.0,0.9999337
0.0,0.02390793
1.0,0.9528351
1.0,0.2158547
0.0,0.42974073
0.0,0.021427393
0.0,0.12623385
1.0,0.94490093
0.0,0.03671509
1.0,0.35880402
0.0,0.19290683
1.0,0.9127512
1.0,0.95440596
0.0,0.19721654
1.0,0.49955612
0.0,0.93157554
0.0,0.006843716
1.0,0.9994191
1.0,0.5099011
0.0,0.040721864
0.0,0.49152428
0.0,0.9073169
0.0,0.62958705
1.0,0.9904609
0.0,0.27668816
0.0,0.47858518
0.0,0.035780907
1.0,0.98233473
0.0,0.043130904
0.0,0.986102
1.0,0.9805668
0.0,0.0021363795
0.0,0.90591955
0.0,0.36465824
1.0,0.22066316
0.0,0.5769831
1.0,0.99552083
0.0,0.038241178
1.0,0.52042997
1.0,0.21705577
1.0,0.98782897
1.0,0.87576956
0.0,0.0010505319
1.0,0.96362126
0.0,0.029865235
1.0,0.99868226
1.0,0.5227131
0.0,0.73796
1.0,0.9469509
0.0,0.027167827
1.0,0.84000146
1.0,0.37334162
0.0,0.06727302
0.0,0.9935132
1.0,0.9999543
1.0,0.39015377
0.0,0.29893702
0.0,0.6907857
0.0,0.0061023235
0.0,0.014718741
0.0,0.6447589
1.0,0.99015
1.0,0.9846237
1.0,0.3339883
1.0,0.7462007
1.0,0.9999793
1.0,0.99958897
0.0,0.65265405
1.0,0.9969758
0.0,0.043014973
0.0,0.031289846
0.0,0.08673376
1.0,0.23387486
1.0,0.61162674
0.0,0.42450947
0.0,0.090069145
0.0,0.9605423
1.0,0.85144955
1.0,0.63356996
1.0,0.86846757
0.0,0.020591617
0.0,0.996017
0.0,0.3782218
0.0,0.24713758
0.0,0.04952702
0.0,0.03916931
1.0,0.9936358
1.0,0.982669
0.0,0.04661265
0.0,0.10478029
0.0,0.9550787
0.0,0.7428334
0.0,0.7164941
0.0,0.21194115
0.0,0.8528373
1.0,0.7231059
0.0,0.1305325
1.0,0.98225784
0.0,0.023947626
0.0,0.92966855
0.0,0.044875085
0.0,0.86402977
1.0,0.9929099
1.0,0.92697704
1.0,0.92700535
1.0,0.9132566
0.0,0.01417923
0.0,0.4949987
1.0,0.75571847
1.0,0.95149565
0.0,0.482968
0.0,0.054203123
0.0,0.09700671
1.0,0.6810652
0.0,0.017977893
1.0,0.19813347
0.0,0.030346751
0.0,0.08188838
0.0,0.029110283
0.0,0.032515883
0.0,0.14549309
0.0,0.034087718
0.0,0.6406074
1.0,0.99869406
0.0,0.022860378
0.0,0.5368701
0.0,0.0435929
1.0,0.4063862
0.0,0.04711002
1.0,0.9992653
0.0,0.0054451823
0.0,0.04530877
0.0,0.010362536
0.0,0.46870878
0.0,0.030769706
0.0,0.022559106
1.0,0.99850494
0.0,0.85711193
1.0,0.82155645
1.0,0.9579809
0.0,0.04817766
0.0,0.14417028
1.0,0.9917977
1.0,0.9999826
0.0,0.70272714
0.0,0.6841492
0.0,0.13798046
0.0,0.15631935
0.0,0.03146124
1.0,0.9592015
0.0,0.074923724
1.0,0.9641615
1.0,0.058830976
0.0,0.9911541
0.0,0.2522931
0.0,0.044772506
0.0,0.028529227
0.0,0.9491372
0.0,0.021611512
0.0,0.06417951
0.0,0.9101848
1.0,0.76291263
1.0,0.83471394
0.0,0.06504339
0.0,0.03910339
0.0,0.73840153
1.0,0.99033654
0.0,0.019661963
0.0,0.04719436
1.0,0.49300477
1.0,0.99524975
0.0,0.29782137
0.0,0.10031164
0.0,0.24056023
1.0,0.99966884
0.0,0.097602546
1.0,0.99955285
1.0,0.86704254
0.0,0.04292485
0.0,0.008684278
0.0,0.054930806
1.0,0.90714693
0.0,0.5143615
1.0,0.49044704
0.0,0.04376182
1.0,0.9876596
0.0,0.16067442
0.0,0.044140816
0.0,0.0018088818
1.0,0.99985003
0.0,0.5479038
1.0,0.9988843
1.0,0.92975706
0.0,0.008262843
1.0,0.11637974
0.0,0.12211779
1.0,0.18600285
0.0,0.01783216
1.0,0.9929863
0.0,0.02252692
1.0,0.9382264
1.0,0.99781036
1.0,0.9993293
0.0,0.03591317
1.0,0.99893963
1.0,0.89752424
0.0,0.031711966
1.0,0.9931376
1.0,0.44855797
1.0,0.36953452
0.0,0.17140645
0.0,0.05338061
0.0,0.9911176
0.0,0.3832675
