0.0,0.3561921
0.0,0.7375343
1.0,0.2968145
0.0,0.05849263
1.0,0.37640592
0.0,0.038467675
1.0,0.8385923
1.0,0.8566069
1.0,0.79970264
0.0,0.04078737
0.0,0.2335892
1.0,0.96638083
0.0,0.018150419
0.0,0.04015392
0.0,0.1805555
0.0,0.020160288
1.0,0.57510805
0.0,0.040286183
0.0,0.016455293
1.0,0.7200279
1.0,0.6787064
0.0,0.0023158789
1.0,0.98413587
0.0,0.06891802
0.0,0.026455939
1.0,0.7899992
0.0,0.122856855
1.0,0.92266
0.0,0.11736938
1.0,0.9367703
0.0,0.022302657
0.0,0.31638706
1.0,0.95081246
1.0,0.9980899
1.0,0.8315823
1.0,0.92597055
1.0,0.53450227
0.0,0.03100726
1.0,0.921219
1.0,0.051583022
1.0,0.9776654
1.0,0.9888426
0.0,0.037248492
1.0,0.9891303
1.0,0.95227623
0.0,0.030821562
0.0,0.03164512
0.0,0.044111162
0.0,0.036468863
1.0,0.9848039
0.0,0.19117364
1.0,0.86206484
1.0,0.99151504
1.0,0.86788654
0.0,0.026144892
0.0,0.02466321
0.0,0.1529161
1.0,0.06639585
1.0,0.9644309
1.0,0.44641992
1.0,0.9869075
0.0,0.44344497
1.0,0.9925983
1.0,0.7428928
1.0,0.97809184
0.0,0.28040415
0.0,0.38457888
1.0,0.9739733
0.0,0.0254277
1.0,0.71795905
0.0,0.38922894
1.0,0.9733116
0.0,0.0063926578
0.0,0.03798446
1.0,0.7973939
0.0,0.21172538
0.0,0.01592642
0.0,0.7620233
0.0,0.013695151
1.0,0.9807273
0.0,0.033190906
1.0,0.9959899
1.0,0.98815334
1.0,0.99961436
1.0,0.9968436
1.0,0.924768
1.0,0.96677506
0.0,0.14767858
0.0,0.0937781
1.0,0.72891563
0.0,0.022977889
1.0,0.33305696
0.0,0.040570945
0.0,0.6170096
0.0,0.24294522
1.0,0.9733095
0.0,0.051096708
0.0,0.08038947
1.0,0.52344316
1.0,0.99797773
0.0,0.034034878
0.0,0.056657612
1.0,0.016662538
0.0,0.060188085
0.0,0.20710123
1.0,0.9416893
1.0,0.07387483
0.0,0.12253541
1.0,0.006239891
1.0,0.9920161
1.0,0.9853476
0.0,0.10023305
1.0,0.06116858
0.0,0.09620872
0.0,0.041125745
1.0,0.5071014
0.0,0.06500617
1.0,0.9073324
1.0,0.47685707
1.0,0.9958776
0.0,0.20714524
1.0,0.9892358
0.0,0.8825841
0.0,0.027385205
0.0,0.25497827
1.0,0.4408021
0.0,0.012500137
0.0,0.12099776
1.0,0.9708686
1.0,0.6396173
1.0,0.9913361
0.0,0.10422009
0.0,0.03501317
1.0,0.70245445
1.0,0.997924
0.0,0.6830689
0.0,0.072469026
0.0,0.033098996
0.0,0.2502848
0.0,0.028649718
1.0,0.9459789
0.0,0.21457961
1.0,0.1976214
0.0,0.037991583
0.0,0.06820506
0.0,0.0059723854
1.0,0.47731507
0.0,0.02194798
0.0,0.021441579
0.0,0.03655091
0.0,0.12660986
0.0,0.009104103
0.0,0.034489304
0.0,0.9276946
0.0,0.27165577
1.0,0.98726785
0.0,0.0058518946
0.0,0.02143544
1.0,0.9985647
0.0,0.032781452
0.0,0.8834672
0.0,0.21115571
0.0,0.035558224
0.0,0.33135092
1.0,0.9985968
0.0,0.34910265
1.0,0.60678214
0.0,0.09103456
0.0,0.034579456
1.0,0.8212734
0.0,0.91946733
0.0,0.9588584
0.0,0.86534613
0.0,0.0057892203
1.0,0.8866168
1.0,0.90950847
0.0,0.11495292
1.0,0.934551
0.0,0.55082554
1.0,0.9969048
1.0,0.94382083
1.0,0.8965039
1.0,0.977216
1.0,0.98230046
0.0,0.90261185
0.0,0.014185369
0.0,0.035514534
0.0,0.989668
0.0,0.13480711
0.0,0.028488219
1.0,0.1485061
0.0,0.008774698
0.0,0.96214455
1.0,0.9669219
1.0,0.81783885
1.0,0.99382603
0.0,0.021921605
0.0,0.10916233
0.0,0.028761476
1.0,0.04489258
0.0,0.14868361
0.0,0.27787685
0.0,0.8018262
0.0,0.48123574
0.0,0.14811942
1.0,0.11749628
0.0,0.036543846
1.0,0.14960349
0.0,0.0067144036
0.0,0.11448082
0.0,0.024520785
1.0,0.96285725
0.0,0.08760998
0.0,0.055719495
0.0,0.018603384
0.0,0.012144893
0.0,0.93682146
0.0,0.10075724
1.0,0.99511087
0.0,0.028781682
0.0,0.011555523
1.0,0.8480464
1.0,0.996133
0.0,0.5945437
0.0,0.038232
0.0,0.0068582
0.0,0.35953468
0.0,0.05682361
0.0,0.14812165
1.0,0.9589331
0.0,0.08314994
1.0,0.5732954
0.0,0.034587592
1.0,0.85363567
1.0,0.7092556
0.0,0.04973662
0.0,0.039228886
0.0,0.067899704
1.0,0.9641805
1.0,0.7386729
1.0,0.9833717
1.0,0.670241
0.0,0.0130081475
0.0,0.84392047
1.0,0.9942952
0.0,0.55708617
0.0,0.022819996
0.0,0.031182528
0.0,0.44490388
0.0,0.029594779
0.0,0.012461603
0.0,0.17667735
1.0,0.8543363
0.0,0.02086562
0.0,0.20449609
0.0,0.5201747
1.0,0.92028093
1.0,0.9884498
0.0,0.052273333
0.0,0.046049416
0.0,0.0306589
1.0,0.99518955
0.0,0.060231328
0.0,0.010248542
0.0,0.07571578
0.0,0.017149538
1.0,0.99733883
1.0,0.9539565
1.0,0.9978868
0.0,0.036032766
1.0,0.9928335
0.0,0.04525602
0.0,0.04743415
0.0,0.5637636
1.0,0.99618155
1.0,0.6857528
0.0,0.017003804
0.0,0.048994273
1.0,0.97489643
1.0,0.57708794
0.0,0.020103842
1.0,0.47489044
1.0,0.99646354
0.0,0.631059
0.0,0.3758982
0.0,0.04099372
0.0,0.031025827
0.0,0.5525926
0.0,0.038382024
1.0,0.9964678
0.0,0.04398358
0.0,0.025558472
1.0,0.9955815
0.0,0.017872572
1.0,0.9843031
1.0,0.0731169
1.0,0.88382846
1.0,0.9679946
1.0,0.85681546
0.0,0.07206577
1.0,0.8193598
0.0,0.9388338
1.0,0.9978018
0.0,0.58979505
0.0,0.49382022
0.0,0.022219568
0.0,0.117829144
0.0,0.5086932
1.0,0.9972818
0.0,0.9859843
1.0,0.75189805
0.0,0.82210076
1.0,0.5726924
1.0,0.99786097
0.0,0.030793756
0.0,0.011185139
0.0,0.021181732
1.0,0.9470731
1.0,0.3935187
0.0,0.007413447
0.0,0.012830675
0.0,0.015328497
0.0,0.078430146
1.0,0.9665636
1.0,0.7180197
0.0,0.052033484
0.0,0.115266055
1.0,0.8492358
1.0,0.9821316
1.0,0.8867059
0.0,0.1276632
0.0,0.8659914
0.0,0.01184544
0.0,0.549301
1.0,0.9830704
1.0,0.86596406
0.0,0.047787398
0.0,0.020794153
0.0,0.016576469
0.0,0.59056944
0.0,0.0066125393
0.0,0.10512242
1.0,0.6111669
0.0,0.2976596
0.0,0.06302798
0.0,0.14251617
0.0,0.94103825
0.0,0.69988185
0.0,0.09703627
0.0,0.010080099
1.0,0.47754073
0.0,0.027760774
1.0,0.873515
0.0,0.007139653
0.0,0.2623068
0.0,0.295016
0.0,0.018800586
0.0,0.9622767
1.0,0.3083206
1.0,0.8110538
0.0,0.89939487
1.0,0.69501275
0.0,0.018473059
0.0,0.8247068
0.0,0.33784884
0.0,0.90836895
0.0,0.022479087
0.0,0.0046346784
1.0,0.58663666
0.0,0.02372989
1.0,0.99307376
0.0,0.17492074
1.0,0.2807278
0.0,0.6536334
1.0,0.120274305
1.0,0.9873833
1.0,0.9885527
0.0,0.02562815
0.0,0.048783004
1.0,0.9831102
0.0,0.029158056
0.0,0.04864955
1.0,0.071857244
1.0,0.9865054
0.0,0.53792286
1.0,0.82672846
1.0,0.9977758
0.0,0.76045156
0.0,0.023930222
0.0,0.38887665
0.0,0.024788767
0.0,0.018738866
0.0,0.16859165
1.0,0.9943719
0.0,0.44533178
1.0,0.36048245
1.0,0.4592205
0.0,0.051041186
0.0,0.2126823
0.0,0.91172624
1.0,0.98489285
1.0,0.99590325
1.0,0.5849709
0.0,0.078293145
1.0,0.9938898
1.0,0.9233041
0.0,0.0044199526
0.0,0.2663198
0.0,0.90762687
0.0,0.8481396
1.0,0.9829263
0.0,0.029446185
1.0,0.34356105
0.0,0.7316367
0.0,0.077047616
0.0,0.05836439
0.0,0.076093465
0.0,0.017589182
0.0,0.05174446
0.0,0.029069185
0.0,0.015989035
0.0,0.047496885
0.0,0.5937042
0.0,0.1591095
0.0,0.019457161
0.0,0.45071244
0.0,0.038844347
1.0,0.888986
0.0,0.0765993
1.0,0.99610746
0.0,0.056630343
0.0,0.01858735
0.0,0.07741174
0.0,0.91589606
0.0,0.55195075
0.0,0.08078432
0.0,0.19614151
0.0,0.011211634
0.0,0.01686117
0.0,0.019652277
0.0,0.48710665
1.0,0.973775
0.0,0.084872246
0.0,0.037981123
0.0,0.68418276
0.0,0.042295694
1.0,0.81275475
0.0,0.74469733
1.0,0.5697496
0.0,0.013857782
0.0,0.17858267
1.0,0.996874
0.0,0.8935714
1.0,0.9286574
1.0,0.9806311
1.0,0.9593661
1.0,0.9848354
0.0,0.010777444
1.0,0.8005618
0.0,0.013308793
0.0,0.016945988
0.0,0.34043437
1.0,0.9954835
0.0,0.033646613
0.0,0.013355911
1.0,0.47120768
1.0,0.99986637
0.0,0.12386724
0.0,0.0065645576
1.0,0.8544992
0.0,0.22780767
1.0,0.8198364
0.0,0.6592287
0.0,0.097633004
1.0,0.9081498
0.0,0.9340409
0.0,0.003844738
1.0,0.42123365
0.0,0.1743789
1.0,0.9988376
0.0,0.035591453
1.0,0.6734385
1.0,0.72667813
1.0,0.93854654
1.0,0.99919766
0.0,0.10294491
0.0,0.103330195
1.0,0.5858457
0.0,0.019705921
0.0,0.5972312
1.0,0.80009097
1.0,0.8393717
1.0,0.97754234
0.0,0.030667573
1.0,0.9862292
1.0,0.90661263
0.0,0.06385785
1.0,0.9956589
0.0,0.48694578
1.0,0.97768056
1.0,0.87607384
0.0,0.81964666
0.0,0.56791794
1.0,0.1305514
0.0,0.34016502
1.0,0.9889239
0.0,0.90144813
0.0,0.027095199
0.0,0.83573705
1.0,0.9984876
0.0,0.00633654
0.0,0.018152893
0.0,0.87963367
1.0,0.72371745
0.0,0.02638796
0.0,0.021428049
0.0,0.060228676
0.0,0.66790867
1.0,0.81879663
1.0,0.9948597
0.0,0.16481501
0.0,0.8100254
0.0,0.09409663
0.0,0.36310107
0.0,0.1132229
1.0,0.9364482
0.0,0.1392659
1.0,0.9759526
0.0,0.6025937
0.0,0.24136138
1.0,0.9071934
0.0,0.05087632
0.0,0.2707649
0.0,0.014576286
0.0,0.038674116
0.0,0.056461543
0.0,0.024058104
0.0,0.03302875
0.0,0.1276347
1.0,0.9196145
1.0,0.9949564
0.0,0.018539399
0.0,0.04145837
1.0,0.9976969
0.0,0.026447594
1.0,0.9751479
0.0,0.37896615
0.0,0.022930145
1.0,0.9053204
0.0,0.23940048
1.0,0.9691101
0.0,0.50525504
1.0,0.52469045
0.0,0.03187895
0.0,0.041941255
0.0,0.7077397
1.0,0.9966781
0.0,0.0023205578
0.0,0.12960786
0.0,0.017563403
0.0,0.9648421
1.0,0.42098173
0.0,0.021885991
0.0,0.009933025
1.0,0.99425507
1.0,0.11013737
0.0,0.2778675
1.0,0.8217069
0.0,0.046189994
0.0,0.7541152
1.0,0.9903835
1.0,0.9977686
0.0,0.0687896
1.0,0.9733197
1.0,0.9944335
0.0,0.053359002
0.0,0.061200976
0.0,0.117283314
1.0,0.039384604
0.0,0.00890705
0.0,0.031094372
0.0,0.021914542
1.0,0.9979723
1.0,0.86860037
0.0,0.04440707
1.0,0.6501395
1.0,0.03203872
0.0,0.61151624
1.0,0.97119975
0.0,0.21263215
1.0,0.96700156
0.0,0.0995653
1.0,0.8502717
0.0,0.023862123
0.0,0.034404367
1.0,0.85187626
0.0,0.027755886
1.0,0.96623737
0.0,0.074626595
0.0,0.022458702
0.0,0.02519688
1.0,0.68100613
0.0,0.09929231
1.0,0.8515836
0.0,0.019135147
1.0,0.92322373
1.0,0.83869535
0.0,0.013124853
1.0,0.99417686
1.0,0.9802991
1.0,0.75174135
1.0,0.94054615
0.0,0.056809187
0.0,0.009949774
0.0,0.9631461
1.0,0.9520596
1.0,0.57694966
0.0,0.010762215
0.0,0.035209447
0.0,0.31126845
1.0,0.9906273
0.0,0.8816644
1.0,0.024492055
1.0,0.98729193
0.0,0.029858917
0.0,0.036545306
1.0,0.98192126
0.0,0.81278455
1.0,0.99223053
0.0,0.6898136
0.0,0.023973703
0.0,0.02371496
1.0,0.3755862
0.0,0.12090564
1.0,0.9888829
0.0,0.038808346
1.0,0.46141592
0.0,0.7478019
0.0,0.19381738
1.0,0.0238657
1.0,0.78903776
1.0,0.8840939
1.0,0.8896351
0.0,0.07075396
0.0,0.018120557
0.0,0.8939633
0.0,0.0050753355
1.0,0.9791211
1.0,0.68379426
0.0,0.021841496
0.0,0.028102726
0.0,0.005599916
1.0,0.6352781
0.0,0.026809514
0.0,0.037817597
0.0,0.07405755
0.0,0.81085527
0.0,0.083352685
0.0,0.32167816
1.0,0.8267596
0.0,0.78718257
1.0,0.44286302
0.0,0.048215896
0.0,0.72212005
1.0,0.9108937
1.0,0.8833509
1.0,0.95388955
0.0,0.08837041
0.0,0.19143543
1.0,0.54016554
0.0,0.03066805
0.0,0.014226764
0.0,0.5349385
1.0,0.9330971
0.0,0.048386604
0.0,0.11947551
1.0,0.9935633
0.0,0.043739974
1.0,0.997807
1.0,0.9633397
1.0,0.992504
0.0,0.020139396
1.0,0.99182236
1.0,0.7797358
0.0,0.057504535
1.0,0.23598146
0.0,0.025519222
0.0,0.59811884
0.0,0.20026737
0.0,0.021838963
1.0,0.9762397
1.0,0.88197803
1.0,0.99873364
1.0,0.9678321
1.0,0.98349464
0.0,0.61398035
0.0,0.98121893
1.0,0.99275845
0.0,0.032190114
1.0,0.9001988
1.0,0.9971942
0.0,0.05232945
1.0,0.32156944
1.0,0.55017436
0.0,0.026733935
0.0,0.05474341
0.0,0.013889283
0.0,0.01670748
1.0,0.7079073
1.0,0.99269736
0.0,0.01949358
0.0,0.03188619
1.0,0.068255275
1.0,0.7862688
1.0,0.33812118
0.0,0.033427775
1.0,0.9122025
1.0,0.46629947
0.0,0.040705293
0.0,0.05630219
1.0,0.96640646
1.0,0.99657166
0.0,0.5471598
1.0,0.92006195
0.0,0.10023424
0.0,0.63067806
1.0,0.9881023
0.0,0.4845131
1.0,0.99340254
0.0,0.6139522
0.0,0.17778048
0.0,0.022750974
1.0,0.9465155
1.0,0.6352094
0.0,0.035027474
0.0,0.0132392645
1.0,0.8458733
0.0,0.12340638
1.0,0.9926219
1.0,0.8976408
1.0,0.69630593
0.0,0.1130155
0.0,0.5421543
0.0,0.68235576
0.0,0.03259015
0.0,0.009071648
1.0,0.97815925
0.0,0.67976093
0.0,0.0086295605
1.0,0.99096787
0.0,0.089945406
1.0,0.09633893
1.0,0.76348746
0.0,0.035684466
0.0,0.25469762
0.0,0.7064812
0.0,0.013174981
0.0,0.020011216
0.0,0.018685639
0.0,0.022933513
0.0,0.9386425
1.0,0.64877343
1.0,0.9793923
0.0,0.87368137
0.0,0.65960956
0.0,0.020291299
0.0,0.090369135
0.0,0.015550882
1.0,0.2723763
0.0,0.04890561
0.0,0.0034649372
1.0,0.99390006
1.0,0.41645944
0.0,0.03352359
0.0,0.9633305
0.0,0.013016492
0.0,0.0808399
0.0,0.0107809305
0.0,0.07009381
1.0,0.9448464
1.0,0.5548539
1.0,0.93549466
0.0,0.017916411
1.0,0.59017366
1.0,0.99293905
0.0,0.39442647
0.0,0.0032715797
1.0,0.6567701
1.0,0.39150053
1.0,0.89252716
1.0,0.9889385
1.0,0.83887833
0.0,0.1523853
0.0,0.30460566
1.0,0.53004706
0.0,0.007984608
1.0,0.92119896
0.0,0.023893625
1.0,0.7824752
0.0,0.027718306
0.0,0.5986688
0.0,0.037415326
0.0,0.059607655
0.0,0.7395989
0.0,0.012850225
0.0,0.013313204
0.0,0.018731326
0.0,0.9646829
0.0,0.015723556
0.0,0.009768814
1.0,0.9856766
1.0,0.8642086
1.0,0.9936824
0.0,0.9647138
0.0,0.60133773
0.0,0.8320222
0.0,0.026035607
1.0,0.9951105
1.0,0.51631945
1.0,0.87549794
1.0,0.9920424
0.0,0.94465876
0.0,0.02539745
0.0,0.009258181
1.0,0.918159
0.0,0.03532219
1.0,0.007597983
1.0,0.98337084
0.0,0.38543212
0.0,0.008845001
0.0,0.03809139
0.0,0.5698155
1.0,0.9700645
1.0,0.8515992
0.0,0.08440265
1.0,0.94723487
1.0,0.88481504
0.0,0.2953251
0.0,0.125945
1.0,0.89617586
0.0,0.01558274
0.0,0.07937458
0.0,0.022402316
0.0,0.5115367
0.0,0.039142042
1.0,0.7753715
0.0,0.36684948
0.0,0.9159204
1.0,0.99249846
1.0,0.9714726
0.0,0.5221669
0.0,0.64752424
1.0,0.7930888
0.0,0.26617116
0.0,0.004339874
1.0,0.91638875
0.0,0.046874315
0.0,0.063036114
0.0,0.042739004
1.0,0.99085975
0.0,0.5008044
1.0,0.8095477
1.0,0.9697317
1.0,0.9995042
0.0,0.05429387
1.0,0.80263007
0.0,0.050390124
1.0,0.9820008
0.0,0.13295564
1.0,0.9927254
0.0,0.08009517
0.0,0.06850368
1.0,0.99045265
0.0,0.013219386
0.0,0.018057674
1.0,0.69831866
1.0,0.9223535
1.0,0.28064823
1.0,0.6745269
1.0,0.55748236
1.0,0.98474276
1.0,0.81549585
0.0,0.021576881
1.0,0.50045013
1.0,0.9822725
0.0,0.26700288
0.0,0.02245763
0.0,0.011357546
1.0,0.8010159
0.0,0.025630921
0.0,0.06721684
0.0,0.3882892
1.0,0.9651469
0.0,0.034779936
0.0,0.16383484
1.0,0.8546262
1.0,0.9167199
1.0,0.9622598
1.0,0.33772576
0.0,0.9921299
0.0,0.015697539
0.0,0.0419659
0.0,0.05825132
0.0,0.012017757
0.0,0.11278719
0.0,0.022756636
1.0,0.25956023
1.0,0.99179506
0.0,0.0496217
1.0,0.82842004
0.0,0.019699872
0.0,0.022770286
1.0,0.9952668
0.0,0.013609588
0.0,0.93567425
0.0,0.004944563
0.0,0.67233306
0.0,0.021645248
0.0,0.021955937
0.0,0.986699
1.0,0.88663924
0.0,0.013501644
0.0,0.6168727
1.0,0.9550034
0.0,0.02437073
1.0,0.9686725
0.0,0.017975986
0.0,0.0048258305
0.0,0.027597278
0.0,0.40371448
0.0,0.0056659877
0.0,0.022666126
0.0,0.027511239
0.0,0.07267907
0.0,0.75809854
1.0,0.82583404
0.0,0.19320172
1.0,0.97296816
0.0,0.8953755
1.0,0.023108184
0.0,0.04210159
0.0,0.017446488
0.0,0.14971444
1.0,0.9792975
1.0,0.07093364
1.0,0.07604259
0.0,0.029355258
0.0,0.45648384
1.0,0.79515016
0.0,0.07809991
0.0,0.2017326
1.0,0.87048405
0.0,0.03880015
1.0,0.970649
1.0,0.7763709
0.0,0.03008297
1.0,0.55622816
0.0,0.28266412
1.0,0.29084522
0.0,0.37214565
1.0,0.9987281
0.0,0.0024640858
0.0,0.9837922
0.0,0.09162566
0.0,0.20038348
0.0,0.018600076
0.0,0.06983423
0.0,0.04942864
1.0,0.95619494
0.0,0.038285524
0.0,0.009073377
0.0,0.0034883916
0.0,0.12888166
0.0,0.16966498
1.0,0.6238886
0.0,0.17555612
0.0,0.15722287
1.0,0.82191455
0.0,0.34676915
1.0,0.9683539
0.0,0.7292621
1.0,0.73217744
1.0,0.984132
0.0,0.0075131953
1.0,0.99953926
0.0,0.6092801
0.0,0.047709554
0.0,0.05465576
0.0,0.27619222
1.0,0.49330083
1.0,0.99127907
0.0,0.030940205
0.0,0.18666863
1.0,0.99772555
0.0,0.02416274
1.0,0.6258091
1.0,0.047589898
1.0,0.9430771
0.0,0.02875784
1.0,0.8741667
0.0,0.11872688
1.0,0.9375228
1.0,0.7106357
0.0,0.5372099
0.0,0.74719393
0.0,0.043762714
0.0,0.28696948
1.0,0.80068445
1.0,0.9037751
1.0,0.9897438
0.0,0.078163505
0.0,0.011877209
1.0,0.9921603
0.0,0.9748861
0.0,0.03362
0.0,0.027359605
1.0,0.59316796
0.0,0.20681077
0.0,0.027279705
0.0,0.14528552
0.0,0.3188442
1.0,0.9124735
1.0,0.99043417
0.0,0.26499522
0.0,0.010001928
0.0,0.019059747
1.0,0.9952708
0.0,0.08962774
0.0,0.8359517
1.0,0.9685475
0.0,0.008549124
0.0,0.7882068
1.0,0.9924929
0.0,0.11753404
1.0,0.6239378
1.0,0.2334328
0.0,0.045390576
0.0,0.026677102
0.0,0.019488364
0.0,0.010255903
1.0,0.9954472
1.0,0.99919724
1.0,0.9835293
1.0,0.83856463
0.0,0.87060046
0.0,0.18205148
1.0,0.807984
1.0,0.9876411
0.0,0.08107805
0.0,0.0837262
1.0,0.3323258
0.0,0.0101311505
1.0,0.60247463
0.0,0.013150722
0.0,0.27279758
1.0,0.95196915
0.0,0.23545441
0.0,0.02031973
0.0,0.065820605
0.0,0.08668971
0.0,0.8269957
1.0,0.2852965
0.0,0.020263582
1.0,0.9949057
0.0,0.4030164
1.0,0.971563
0.0,0.13373026
1.0,0.8447329
1.0,0.9926435
1.0,0.9989474
0.0,0.9195206
0.0,0.019417077
1.0,0.43083632
0.0,0.085281044
0.0,0.08996162
1.0,0.93220425
1.0,0.7080035
0.0,0.13615885
1.0,0.9969716
1.0,0.9903933
0.0,0.9299586
0.0,0.0120975375
0.0,0.8320503
0.0,0.014939576
0.0,0.0055261552
0.0,0.9274535
1.0,0.9559996
1.0,0.9867448
1.0,0.96554327
0.0,0.03212917
0.0,0.01579386
0.0,0.059881717
0.0,0.06328559
0.0,0.015173703
0.0,0.089998245
1.0,0.9716191
1.0,0.98695815
1.0,0.87616944
0.0,0.22089508
0.0,0.052337736
1.0,0.9797362
0.0,0.12133646
0.0,0.8365839
1.0,0.9327955
0.0,0.81170386
0.0,0.7827269
1.0,0.6897896
0.0,0.10121697
1.0,0.5301097
1.0,0.9400925
0.0,0.97035754
0.0,0.021537364
1.0,0.9984305
0.0,0.011416942
0.0,0.3342901
1.0,0.61084485
1.0,0.9574753
1.0,0.8709177
1.0,0.9644585
0.0,0.96165437
0.0,0.02259788
0.0,0.020305336
1.0,0.5738253
0.0,0.9945751
1.0,0.87937176
0.0,0.6728586
1.0,0.98207855
1.0,0.31523067
0.0,0.057196915
0.0,0.067875534
0.0,0.042177886
0.0,0.5510726
0.0,0.049613506
0.0,0.034386903
1.0,0.5076527
1.0,0.77846366
0.0,0.3844061
1.0,0.96550375
1.0,0.628448
0.0,0.004903108
0.0,0.1230253
1.0,0.8936709
1.0,0.25297767
0.0,0.037152737
0.0,0.25529826
0.0,0.03281364
0.0,0.022791028
1.0,0.81548655
1.0,0.9778852
0.0,0.055543363
0.0,0.0045724213
0.0,0.06312284
0.0,0.39335322
0.0,0.02326861
0.0,0.040032625
0.0,0.96804
0.0,0.65843683
0.0,0.043806702
0.0,0.06047386
0.0,0.0829702
1.0,0.9903755
1.0,0.9353528
0.0,0.0052443445
0.0,0.066997975
0.0,0.0018835068
0.0,0.025067896
0.0,0.39970568
0.0,0.3803313
0.0,0.015873522
0.0,0.8661871
1.0,0.99377507
1.0,0.99856985
1.0,0.9095181
1.0,0.9183196
1.0,0.9971851
0.0,0.87301147
0.0,0.02073288
0.0,0.064796776
0.0,0.15112308
1.0,0.7701738
0.0,0.030899793
1.0,0.98971736
0.0,0.03349951
0.0,0.90023077
0.0,0.9171393
0.0,0.07159063
0.0,0.08705175
0.0,0.42388687
0.0,0.2392452
0.0,0.019977838
1.0,0.7673465
1.0,0.87801087
0.0,0.24772361
0.0,0.32241008
0.0,0.016317844
0.0,0.02135384
1.0,0.99494416
0.0,0.021556348
1.0,0.47320515
0.0,0.07484296
1.0,0.57813925
0.0,0.011379361
0.0,0.16210353
1.0,0.9611355
0.0,0.024001777
1.0,0.975669
0.0,0.20300585
0.0,0.6397842
0.0,0.59228504
0.0,0.0038166046
0.0,0.020194381
1.0,0.98214376
1.0,0.995375
0.0,0.36178172
0.0,0.02720052
0.0,0.014207035
0.0,0.25690383
1.0,0.78118896
0.0,0.72205025
1.0,0.5887485
1.0,0.7933296
0.0,0.5075399
0.0,0.034844697
0.0,0.14230081
0.0,0.07093766
0.0,0.23141262
0.0,0.065387994
0.0,0.045612782
0.0,0.70413256
0.0,0.68201846
1.0,0.9771739
0.0,0.9932062
0.0,0.022676557
1.0,0.94794667
0.0,0.0673736
0.0,0.03534329
0.0,0.0093841255
0.0,0.07522696
1.0,0.04415381
1.0,0.98688126
1.0,0.7764982
0.0,0.028665215
0.0,0.025145262
0.0,0.027602851
0.0,0.91599333
0.0,0.35014492
0.0,0.6532646
1.0,0.9989252
1.0,0.9983789
1.0,0.88879216
0.0,0.047406763
1.0,0.99424917
1.0,0.76162845
0.0,0.033356637
1.0,0.9779459
0.0,0.036265314
0.0,0.03324482
0.0,0.8681078
1.0,0.9954412
1.0,0.973889
1.0,0.7919481
0.0,0.88944256
0.0,0.73379195
0.0,0.0097004175
1.0,0.9908978
1.0,0.9962555
1.0,0.99159247
1.0,0.87682766
0.0,0.044761628
0.0,0.03937614
0.0,0.016276836
0.0,0.48850912
1.0,0.98808193
0.0,0.02641511
0.0,0.39989793
0.0,0.51564527
1.0,0.7206997
0.0,0.25724408
0.0,0.16103223
0.0,0.2263579
0.0,0.93517697
0.0,0.04578966
0.0,0.12253475
0.0,0.009349048
0.0,0.02941534
0.0,0.017015934
1.0,0.9936267
1.0,0.31713787
0.0,0.8252351
0.0,0.99475
0.0,0.31465158
1.0,0.96683896
0.0,0.021650314
0.0,0.09677139
0.0,0.5392034
0.0,0.008616984
1.0,0.94980454
0.0,0.028212398
0.0,0.020081252
1.0,0.84858704
1.0,0.9560945
1.0,0.9864954
0.0,0.042699486
0.0,0.1441508
1.0,0.9696239
1.0,0.9970856
1.0,0.9951234
0.0,0.9131982
0.0,0.49919486
0.0,0.005771786
1.0,0.23311171
1.0,0.98709047
0.0,0.01677373
0.0,0.70918125
1.0,0.914224
1.0,0.99541914
0.0,0.018482655
1.0,0.96363175
1.0,0.7807058
0.0,0.12834105
1.0,0.6289575
0.0,0.027869046
0.0,0.019504845
0.0,0.8733962
0.0,0.039179474
1.0,0.8019891
0.0,0.113523394
1.0,0.8307308
1.0,0.82768583
1.0,0.7990687
0.0,0.013407886
0.0,0.8819657
1.0,0.7748708
0.0,0.026452899
1.0,0.87840676
1.0,0.9847195
0.0,0.9892913
0.0,0.10829455
1.0,0.5916345
1.0,0.99909973
0.0,0.015373319
1.0,0.7221706
1.0,0.7749144
1.0,0.95024383
1.0,0.9992605
1.0,0.87201804
1.0,0.99023
0.0,0.012375116
0.0,0.72714293
0.0,0.07566738
1.0,0.991084
1.0,0.7853497
0.0,0.2228263
0.0,0.16959977
1.0,0.4472155
0.0,0.018954366
1.0,0.9950733
0.0,0.8201785
1.0,0.87833047
1.0,0.99493
0.0,0.16865644
1.0,0.2961415
0.0,0.1714598
1.0,0.9979937
1.0,0.95667195
1.0,0.12403259
0.0,0.065703005
0.0,0.051952124
1.0,0.70760405
0.0,0.09213093
1.0,0.9872296
0.0,0.01305601
0.0,0.85544574
0.0,0.2645362
0.0,0.1682455
0.0,0.017756104
0.0,0.66739994
0.0,0.28663242
1.0,0.98907304
1.0,0.31988394
0.0,0.046010464
1.0,0.9976704
1.0,0.92950237
0.0,0.9767216
0.0,0.79036355
0.0,0.055692166
0.0,0.073084265
0.0,0.06349164
0.0,0.044633746
1.0,0.53397834
1.0,0.9955275
0.0,0.03746617
0.0,0.022378534
0.0,0.8339314
0.0,0.98122066
0.0,0.20969918
1.0,0.9757708
0.0,0.47421393
0.0,0.034641027
1.0,0.9201995
1.0,0.9780367
0.0,0.24277636
0.0,0.3472727
0.0,0.044357777
1.0,0.9778814
1.0,0.99200374
0.0,0.06709239
0.0,0.12149659
0.0,0.020422429
0.0,0.07199639
0.0,0.016517192
1.0,0.990962
1.0,0.7392105
1.0,0.14210173
0.0,0.0035808086
1.0,0.19762436
0.0,0.4358363
1.0,0.9986588
1.0,0.6717011
0.0,0.027492583
0.0,0.0041496754
0.0,0.0073601604
0.0,0.55954915
0.0,0.89253354
1.0,0.9986392
0.0,0.65236276
0.0,0.751812
0.0,0.039170086
0.0,0.008661121
0.0,0.06713119
0.0,0.0697785
0.0,0.18769038
1.0,0.8362515
1.0,0.99235797
0.0,0.0023450255
0.0,0.48642433
0.0,0.61895937
0.0,0.035514057
1.0,0.99433565
0.0,0.0358755
0.0,0.2162273
1.0,0.8800285
0.0,0.7659236
0.0,0.045590103
0.0,0.05830601
0.0,0.02120471
1.0,0.9961102
1.0,0.96148664
0.0,0.030123413
1.0,0.5678265
1.0,0.99088806
1.0,0.9674118
0.0,0.06841722
0.0,0.30427265
1.0,0.98078334
1.0,0.9844402
0.0,0.023978114
1.0,0.99860716
0.0,0.048539132
1.0,0.98537874
1.0,0.99140304
1.0,0.9041637
0.0,0.05133152
1.0,0.5146073
1.0,0.42923868
0.0,0.04825461
0.0,0.0128721
0.0,0.9936391
0.0,0.22811511
0.0,0.023207605
0.0,0.018090606
1.0,0.99909234
0.0,0.6014757
0.0,0.13375854
0.0,0.43612283
0.0,0.018484116
0.0,0.095390916
0.0,0.070346415
1.0,0.96651983
0.0,0.01824221
0.0,0.24771503
0.0,0.5612556
1.0,0.88696855
1.0,0.93144226
1.0,0.95710963
1.0,0.9814222
0.0,0.025027066
0.0,0.044567883
0.0,0.034512132
0.0,0.080497175
0.0,0.9032142
0.0,0.08823389
1.0,0.86979866
0.0,0.58847994
1.0,0.24235892
1.0,0.04348749
1.0,0.651408
0.0,0.09777424
0.0,0.01141721
0.0,0.004231274
0.0,0.01995194
1.0,0.79420054
1.0,0.9392048
1.0,0.6493184
1.0,0.94110763
1.0,0.9967326
0.0,0.039247632
0.0,0.030028999
0.0,0.9662768
0.0,0.029681861
1.0,0.96935964
0.0,0.02130586
0.0,0.7978164
1.0,0.99603367
1.0,0.3987731
0.0,0.023652017
0.0,0.19622374
0.0,0.2710116
0.0,0.4545475
1.0,0.7201364
0.0,0.9884105
0.0,0.5940136
1.0,0.99819183
0.0,0.07104549
1.0,0.9912605
1.0,0.9800991
0.0,0.0115965605
0.0,0.90339214
0.0,0.012782782
0.0,0.036557972
1.0,0.84872544
0.0,0.035451233
0.0,0.2038728
0.0,0.89018905
0.0,0.023605257
1.0,0.98799163
1.0,0.17768067
1.0,0.8706902
1.0,0.9243818
0.0,0.27330697
0.0,0.10159591
1.0,0.88522136
0.0,0.040641814
1.0,0.5150775
0.0,0.09255591
1.0,0.9724855
1.0,0.98911995
0.0,0.6412188
0.0,0.28382778
0.0,0.7453929
0.0,0.04378113
0.0,0.033666104
0.0,0.043969244
1.0,0.92747116
0.0,0.077694714
0.0,0.07873106
0.0,0.332176
0.0,0.027268052
0.0,0.031936258
0.0,0.0030964613
0.0,0.34714592
0.0,0.011937648
0.0,0.004803121
0.0,0.025556862
0.0,0.21243057
0.0,0.024987549
1.0,0.69318783
0.0,0.0839743
1.0,0.98677266
0.0,0.022550732
0.0,0.018220037
1.0,0.5749861
0.0,0.015453786
1.0,0.9970706
0.0,0.109876096
1.0,0.89771426
0.0,0.48634487
0.0,0.09453121
1.0,0.9260094
1.0,0.39671358
0.0,0.019753695
0.0,0.035899043
0.0,0.0020187795
0.0,0.009827405
0.0,0.006724328
0.0,0.6970929
1.0,0.98099947
1.0,0.9003704
0.0,0.1262159
0.0,0.05080408
1.0,0.7835777
1.0,0.9519036
1.0,0.8240726
0.0,0.014461756
1.0,0.18940002
0.0,0.2064983
1.0,0.71556586
0.0,0.0033371747
1.0,0.82202494
0.0,0.028481722
0.0,0.18180642
0.0,0.5258198
0.0,0.9553528
1.0,0.95251083
0.0,0.03876725
0.0,0.038538545
1.0,0.99307644
0.0,0.009493053
0.0,0.89633816
0.0,0.54089975
1.0,0.9972396
0.0,0.16525123
0.0,0.027849436
0.0,0.98585224
1.0,0.9492452
0.0,0.010386109
0.0,0.82603216
0.0,0.017893463
1.0,0.4847929
0.0,0.032521993
1.0,0.9955893
0.0,0.3641704
1.0,0.61253375
1.0,0.9927118
0.0,0.9136572
1.0,0.9856608
1.0,0.99703175
0.0,0.04134056
0.0,0.8634428
0.0,0.053185612
1.0,0.9968008
0.0,0.17525837
1.0,0.92018044
1.0,0.69743264
0.0,0.014618099
1.0,0.9858006
0.0,0.65316975
1.0,0.7200192
0.0,0.4362917
1.0,0.6931217
0.0,0.9006194
1.0,0.0066723824
0.0,0.12956673
0.0,0.024563491
0.0,0.008601248
0.0,0.004675269
0.0,0.020718277
0.0,0.010013223
0.0,0.005235851
0.0,0.18425915
0.0,0.07539436
0.0,0.6154758
0.0,0.53686476
0.0,0.018704802
1.0,0.97620106
1.0,0.29370123
0.0,0.8694172
1.0,0.025451839
0.0,0.057900876
0.0,0.6752025
0.0,0.8052547
0.0,0.100280255
0.0,0.025298327
0.0,0.44062898
1.0,0.92473423
0.0,0.020158887
0.0,0.03571406
1.0,0.0142689645
0.0,0.006693065
1.0,0.97793645
0.0,0.044419587
0.0,0.14356229
1.0,0.55851686
0.0,0.03988877
1.0,0.9722971
0.0,0.022663563
0.0,0.00259614
0.0,0.030136168
1.0,0.9800299
0.0,0.15388715
1.0,0.80617976
1.0,0.90084743
0.0,0.99864733
0.0,0.028206587
1.0,0.051772505
0.0,0.049600333
0.0,0.10815969
0.0,0.8707384
0.0,0.005408436
0.0,0.5950887
0.0,0.9665582
1.0,0.4655978
0.0,0.06262824
1.0,0.99390924
0.0,0.0208036
0.0,0.0021382868
0.0,0.020599365
1.0,0.7905556
1.0,0.9910718
0.0,0.21690142
0.0,0.55809814
0.0,0.0018557012
0.0,0.042529196
0.0,0.06880754
0.0,0.0206213
0.0,0.010071397
1.0,0.098855644
1.0,0.98590255
0.0,0.03027147
0.0,0.99413973
1.0,0.64839035
0.0,0.0036526024
1.0,0.96353495
0.0,0.01628369
0.0,0.044484973
1.0,0.9871888
0.0,0.7864701
1.0,0.92155814
1.0,0.9961184
1.0,0.9922589
0.0,0.5744455
0.0,0.078427225
0.0,0.47492388
1.0,0.9860523
0.0,0.3655937
1.0,0.9882348
0.0,0.06242922
0.0,0.031226963
0.0,0.79081064
1.0,0.9619845
0.0,0.04056546
0.0,0.060872704
0.0,0.25688732
1.0,0.046303034
1.0,0.999225
0.0,0.04985696
0.0,0.015752882
1.0,0.9852737
1.0,0.9660115
1.0,0.7532115
1.0,0.1610766
0.0,0.02119863
1.0,0.92669797
0.0,0.114665985
0.0,0.03994119
0.0,0.01243633
1.0,0.8978748
0.0,0.05607742
0.0,0.036939234
0.0,0.012075573
1.0,0.93026006
0.0,0.107733905
1.0,0.91028947
1.0,0.9954508
0.0,0.07940194
1.0,0.850325
0.0,0.067334086
1.0,0.63091195
0.0,0.82521987
0.0,0.03169796
0.0,0.048958033
0.0,0.14163473
1.0,0.9931005
0.0,0.16751462
0.0,0.13421416
0.0,0.70052284
1.0,0.9998342
1.0,0.9803041
0.0,0.018457502
1.0,0.9952359
1.0,0.9867927
1.0,0.9987147
1.0,0.44479445
0.0,0.6608955
1.0,0.793454
0.0,0.06318337
0.0,0.6205835
1.0,0.572145
0.0,0.18190628
0.0,0.05077079
0.0,0.13907373
1.0,0.4153511
0.0,0.38276008
0.0,0.40148392
1.0,0.9906986
0.0,0.021545112
1.0,0.8706474
0.0,0.019641072
0.0,0.88470036
1.0,0.92150927
1.0,0.9869784
0.0,0.009998888
1.0,0.96750826
1.0,0.9954941
0.0,0.80395365
0.0,0.48238057
1.0,0.69465595
0.0,0.16910046
1.0,0.9961251
0.0,0.025259018
0.0,0.11234921
1.0,0.66233945
1.0,0.96553254
0.0,0.13362274
1.0,0.67737126
0.0,0.21686694
0.0,0.089607745
1.0,0.9957262
0.0,0.20203891
0.0,0.2323851
0.0,0.03480521
1.0,0.7679261
0.0,0.08322576
0.0,0.024749875
1.0,0.8858006
1.0,0.9769615
0.0,0.040501684
0.0,0.33880836
0.0,0.0120405555
1.0,0.53211504
0.0,0.88153523
0.0,0.014638454
0.0,0.023932934
0.0,0.020896286
0.0,0.03511855
1.0,0.19825092
0.0,0.17879301
0.0,0.0029145181
0.0,0.04864964
1.0,0.98618025
1.0,0.99715835
1.0,0.9488921
0.0,0.92443335
0.0,0.03100413
0.0,0.98707956
1.0,0.99775785
0.0,0.06518337
1.0,0.9775999
0.0,0.034347117
1.0,0.97350514
0.0,0.17134157
1.0,0.9767573
0.0,0.9317684
1.0,0.90369904
0.0,0.31708813
0.0,0.076682866
1.0,0.9455962
1.0,0.9955343
1.0,0.9923917
0.0,0.34512097
1.0,0.98083353
1.0,0.7364478
1.0,0.46358544
0.0,0.0165568
1.0,0.74798596
0.0,0.023823947
0.0,0.91352934
1.0,0.48508886
0.0,0.7662554
0.0,0.02319485
0.0,0.07638833
0.0,0.12168294
0.0,0.49735448
1.0,0.97347045
1.0,0.94168174
0.0,0.42861396
0.0,0.8419012
0.0,0.018410295
1.0,0.9970073
0.0,0.63443744
0.0,0.19860819
0.0,0.025780201
0.0,0.024923533
0.0,0.09557325
0.0,0.9772983
1.0,0.99640036
1.0,0.9983295
1.0,0.2976352
0.0,0.41032416
0.0,0.016922683
0.0,0.006816864
0.0,0.041772604
0.0,0.03875673
1.0,0.9946424
0.0,0.039200366
0.0,0.5205758
1.0,0.9967965
0.0,0.11561829
1.0,0.36918354
1.0,0.81087226
0.0,0.77164793
0.0,0.014725387
0.0,0.0627169
1.0,0.5975609
0.0,0.105377585
0.0,0.029004127
1.0,0.92653334
1.0,0.71688265
0.0,0.02024433
0.0,0.20645225
0.0,0.84421647
0.0,0.017656535
0.0,0.3226009
1.0,0.32956874
1.0,0.98685735
0.0,0.06407255
0.0,0.006670952
0.0,0.76663935
0.0,0.36291888
1.0,0.9604703
0.0,0.13267234
1.0,0.99321175
0.0,0.052009493
1.0,0.99771523
0.0,0.011084259
1.0,0.9884418
1.0,0.7878457
0.0,0.03576508
0.0,0.19973424
0.0,0.008993119
0.0,0.24709964
1.0,0.70806056
1.0,0.05536747
1.0,0.3545629
1.0,0.49724308
1.0,0.9434631
0.0,0.003868401
1.0,0.87830853
1.0,0.8279427
0.0,0.032431662
0.0,0.03650418
0.0,0.020806283
1.0,0.9267153
1.0,0.996718
0.0,0.93067276
0.0,0.023844033
1.0,0.97700554
0.0,0.0055142343
0.0,0.090833336
1.0,0.99067056
0.0,0.6695851
0.0,0.13574055
1.0,0.40273046
1.0,0.8423967
0.0,0.018903434
0.0,0.02256155
0.0,0.23241287
1.0,0.9929197
1.0,0.9872807
0.0,0.9510596
0.0,0.28633577
1.0,0.98980117
1.0,0.7998547
0.0,0.015539676
0.0,0.27641112
0.0,0.1499033
1.0,0.4527984
1.0,0.70718884
0.0,0.028485686
0.0,0.05240962
1.0,0.9767103
0.0,0.038068563
0.0,0.08697143
0.0,0.10466671
0.0,0.9421661
1.0,0.84161186
0.0,0.9377511
0.0,0.12823111
0.0,0.88681155
0.0,0.34479806
0.0,0.10358095
1.0,0.8285027
1.0,0.864589
0.0,0.4016777
1.0,0.99777186
0.0,0.14293125
1.0,0.9824685
1.0,0.16273856
1.0,0.97919583
0.0,0.012450814
0.0,0.8845757
0.0,0.020848155
1.0,0.9988673
0.0,0.089028955
1.0,0.9838542
0.0,0.16536963
0.0,0.027255297
1.0,0.17226681
1.0,0.9977708
0.0,0.01805681
1.0,0.7336365
0.0,0.0330441
1.0,0.9895049
0.0,0.013304144
1.0,0.77817535
1.0,0.23756438
0.0,0.06719831
0.0,0.09590167
0.0,0.0148359835
0.0,0.017310947
0.0,0.029270977
0.0,0.9513308
0.0,0.22230563
0.0,0.040172964
0.0,0.9839316
0.0,0.050738037
1.0,0.9728279
0.0,0.1409289
0.0,0.5627985
1.0,0.9986932
0.0,0.03391224
1.0,0.9992502
0.0,0.021166384
1.0,0.99775994
0.0,0.017910302
0.0,0.0500274
1.0,0.9979191
0.0,0.05091676
0.0,0.019570619
0.0,0.031743556
1.0,0.9984934
1.0,0.7781457
0.0,0.020077527
1.0,0.9681406
1.0,0.67078614
1.0,0.9913999
0.0,0.63880485
1.0,0.73545986
1.0,0.9296921
0.0,0.50647575
1.0,0.66308874
1.0,0.88254386
0.0,0.022589356
0.0,0.027470708
0.0,0.054448366
0.0,0.0582377
0.0,0.029345453
0.0,0.05096087
0.0,0.05200401
0.0,0.0059557557
1.0,0.94409525
0.0,0.193741
0.0,0.027714401
0.0,0.027898937
0.0,0.06736866
1.0,0.79019916
0.0,0.015557617
1.0,0.9126873
0.0,0.708205
0.0,0.035733312
1.0,0.592489
1.0,0.94077224
0.0,0.124029994
0.0,0.12240112
1.0,0.99573886
0.0,0.9553948
0.0,0.10034263
1.0,0.9245084
1.0,0.7205295
1.0,0.8684652
1.0,0.95801604
0.0,0.14674029
0.0,0.019538581
1.0,0.8144362
0.0,0.023602635
0.0,0.008458406
1.0,0.99644494
1.0,0.4921076
1.0,0.99756014
0.0,0.03307134
1.0,0.6039336
1.0,0.98264486
1.0,0.9644079
0.0,0.01876098
0.0,0.013982892
1.0,0.23058572
0.0,0.04049304
0.0,0.75072896
0.0,0.18907163
1.0,0.99442595
0.0,0.024889141
0.0,0.042754382
0.0,0.053682417
0.0,0.85235775
0.0,0.052774906
0.0,0.006593436
0.0,0.94078916
1.0,0.99437743
0.0,0.065785706
1.0,0.9597089
0.0,0.012173146
0.0,0.63936085
0.0,0.9279867
1.0,0.010933608
0.0,0.6993364
0.0,0.023888588
0.0,0.027707726
0.0,0.46859932
0.0,0.10021269
1.0,0.9894481
0.0,0.37389868
1.0,0.96068895
0.0,0.24118915
0.0,0.038912833
0.0,0.029989392
0.0,0.6918101
0.0,0.109429
0.0,0.21314654
0.0,0.1036441
0.0,0.13153526
1.0,0.97727245
0.0,0.111028254
1.0,0.8562252
1.0,0.91246176
0.0,0.05122924
0.0,0.052827
1.0,0.9819218
0.0,0.023574203
1.0,0.9580327
1.0,0.9587732
0.0,0.029275477
1.0,0.7994094
0.0,0.019222468
1.0,0.9753591
0.0,0.12511557
0.0,0.28454885
1.0,0.63967484
0.0,0.96416134
0.0,0.006524563
0.0,0.7430835
1.0,0.88336396
1.0,0.9934459
0.0,0.01071167
0.0,0.20938817
1.0,0.35358268
0.0,0.8248631
1.0,0.59827536
0.0,0.20547819
1.0,0.32567787
0.0,0.95330703
0.0,0.029641151
0.0,0.7955589
0.0,0.034739494
0.0,0.15723121
1.0,0.03883934
0.0,0.8150973
1.0,0.9664406
0.0,0.021286756
1.0,0.56909174
0.0,0.012928307
0.0,0.013681591
0.0,0.029033989
0.0,0.057275355
0.0,0.062054783
0.0,0.14698192
0.0,0.61236113
0.0,0.27192622
1.0,0.9394098
0.0,0.03572139
0.0,0.24176884
1.0,0.7627255
1.0,0.4671769
0.0,0.058609605
0.0,0.039459378
1.0,0.868932
0.0,0.21500665
1.0,0.070545256
1.0,0.96244407
1.0,0.8939107
1.0,0.86369056
0.0,0.017938137
0.0,0.019370139
1.0,0.88747966
0.0,0.2167342
1.0,0.99076843
1.0,0.8176811
1.0,0.9890748
0.0,0.12228733
0.0,0.01152131
0.0,0.15620542
0.0,0.034388572
1.0,0.8867898
1.0,0.9710543
0.0,0.16831365
0.0,0.24050736
0.0,0.13939634
0.0,0.038119316
1.0,0.06661537
1.0,0.53004056
1.0,0.9503498
0.0,0.96920294
1.0,0.38440666
1.0,0.9158863
1.0,0.923846
1.0,0.982417
0.0,0.3946448
0.0,0.9057348
0.0,0.80233824
0.0,0.036148727
1.0,0.96929663
1.0,0.99783134
1.0,0.9762877
1.0,0.9544081
0.0,0.05630225
0.0,0.015107274
0.0,0.13570717
0.0,0.20499802
1.0,0.9623058
0.0,0.0526779
0.0,0.013087273
0.0,0.2898223
0.0,0.017643124
1.0,0.88967204
1.0,0.8336226
1.0,0.96476614
0.0,0.1732719
0.0,0.48303103
1.0,0.8423618
1.0,0.99772906
0.0,0.04445684
1.0,0.9692827
0.0,0.6771054
1.0,0.9973413
1.0,0.9914208
1.0,0.6843836
0.0,0.15135297
0.0,0.17708826
1.0,0.9860561
0.0,0.17640746
0.0,0.38487744
1.0,0.9967493
0.0,0.047748327
0.0,0.029290527
0.0,0.28373507
1.0,0.89188814
0.0,0.4203845
0.0,0.5473037
1.0,0.8171679
0.0,0.5216949
0.0,0.0383054
0.0,0.043124855
0.0,0.37271428
1.0,0.79490244
0.0,0.49695837
0.0,0.012784749
0.0,0.017540723
1.0,0.66166824
0.0,0.04454872
0.0,0.012165368
1.0,0.8660768
0.0,0.44310287
0.0,0.007866055
1.0,0.9961412
1.0,0.7978375
0.0,0.010697067
1.0,0.328668
1.0,0.3484006
0.0,0.29487684
0.0,0.830531
1.0,0.64472836
1.0,0.81935227
0.0,0.015528262
1.0,0.3817632
1.0,0.67356247
1.0,0.48939124
0.0,0.15128496
1.0,0.33226943
0.0,0.02284053
1.0,0.9282292
0.0,0.016057402
1.0,0.9802452
0.0,0.89640766
0.0,0.17360434
1.0,0.73917156
0.0,0.05107394
1.0,0.7921213
1.0,0.83059055
1.0,0.9722197
1.0,0.49804482
0.0,0.13366032
1.0,0.042641997
0.0,0.5704845
0.0,0.018796593
0.0,0.04144457
0.0,0.05312416
1.0,0.99283075
0.0,0.0407995
0.0,0.82825667
0.0,0.7969757
0.0,0.19858283
1.0,0.98902625
0.0,0.6740761
0.0,0.006808847
0.0,0.03148845
0.0,0.56589556
1.0,0.78786564
0.0,0.025342941
1.0,0.97385275
1.0,0.99719465
0.0,0.65947706
0.0,0.019429326
0.0,0.029667526
1.0,0.9857832
0.0,0.022013515
1.0,0.043172926
1.0,0.88906956
1.0,0.98638695
0.0,0.81276846
0.0,0.16887593
0.0,0.010298967
0.0,0.70601666
0.0,0.03134492
0.0,0.018902779
0.0,0.068918854
1.0,0.82050514
0.0,0.08460298
1.0,0.983177
0.0,0.10767934
1.0,0.89638984
1.0,0.98552245
1.0,0.78172624
1.0,0.965366
0.0,0.8126308
0.0,0.9649303
0.0,0.21919301
1.0,0.78094697
1.0,0.9478154
0.0,0.029211283
1.0,0.83758044
1.0,0.9796202
1.0,0.9753152
1.0,0.7750435
0.0,0.9352712
0.0,0.06758401
1.0,0.9463559
0.0,0.030759513
0.0,0.3024556
1.0,0.99748117
0.0,0.020907491
0.0,0.8545706
0.0,0.3497532
0.0,0.0068513155
0.0,0.04756707
1.0,0.9980872
0.0,0.025886774
0.0,0.33705178
1.0,0.55212647
0.0,0.09828898
1.0,0.98021317
0.0,0.1511963
0.0,0.011840314
0.0,0.021771044
0.0,0.13691667
1.0,0.74110055
0.0,0.17607841
0.0,0.052141696
1.0,0.9590346
1.0,0.96450853
0.0,0.041281402
0.0,0.014860034
0.0,0.024755567
1.0,0.32637307
0.0,0.02654022
1.0,0.96562535
1.0,0.80012465
1.0,0.47582692
1.0,0.9558605
1.0,0.78272736
0.0,0.98325145
1.0,0.913108
1.0,0.99686956
0.0,0.02469045
0.0,0.02551642
0.0,0.031632096
1.0,0.98347586
0.0,0.02323994
0.0,0.017895758
0.0,0.13543943
1.0,0.9946306
0.0,0.22830012
1.0,0.9478861
0.0,0.23736465
0.0,0.8351526
0.0,0.0979732
0.0,0.049375147
0.0,0.03298542
1.0,0.91452813
1.0,0.9946976
0.0,0.034521013
0.0,0.0692139
1.0,0.93789625
0.0,0.0057123303
1.0,0.9970166
0.0,0.036557883
0.0,0.016420364
0.0,0.035926133
1.0,0.98435223
1.0,0.76202965
0.0,0.012807131
0.0,0.16762054
1.0,0.7513678
0.0,0.11875114
0.0,0.04845214
1.0,0.9702917
1.0,0.99748015
1.0,0.9880871
0.0,0.05209014
1.0,0.9206621
1.0,0.99241596
0.0,0.21924981
0.0,0.02460906
0.0,0.022533387
0.0,0.03354591
0.0,0.013393998
0.0,0.026236504
1.0,0.73991925
1.0,0.85828525
0.0,0.07755056
0.0,0.046774566
0.0,0.37901857
0.0,0.37606344
1.0,0.9648818
0.0,0.9665475
0.0,0.057440758
0.0,0.84715986
0.0,0.8716938
1.0,0.31293738
0.0,0.016188532
0.0,0.7644994
1.0,0.9714953
0.0,0.17032084
0.0,0.77945757
0.0,0.029033303
0.0,0.01060465
1.0,0.8156755
1.0,0.9719519
0.0,0.13226333
0.0,0.93659306
0.0,0.0130826235
0.0,0.98482436
0.0,0.98103994
0.0,0.19352779
0.0,0.0053561926
0.0,0.3075645
1.0,0.0702945
0.0,0.03952828
1.0,0.34585005
0.0,0.86063766
0.0,0.0082889795
0.0,0.028233081
0.0,0.32627136
0.0,0.17709067
0.0,0.4046905
1.0,0.98835063
0.0,0.028791994
0.0,0.5481413
0.0,0.16304937
1.0,0.83237433
1.0,0.9495094
0.0,0.016217977
0.0,0.69582117
0.0,0.031282693
1.0,0.99781454
1.0,0.6187283
1.0,0.9922268
0.0,0.08631644
1.0,0.99772966
0.0,0.09831396
0.0,0.014243215
0.0,0.023544043
1.0,0.04882291
0.0,0.011953622
0.0,0.038112223
1.0,0.99741876
1.0,0.15320164
0.0,0.040991515
1.0,0.998546
0.0,0.028451025
1.0,0.8454591
0.0,0.09653312
1.0,0.9006977
0.0,0.99572635
0.0,0.413411
1.0,0.91361344
0.0,0.0142508745
0.0,0.12203252
0.0,0.029553533
0.0,0.077049375
0.0,0.14304212
0.0,0.026585639
1.0,0.89256597
1.0,0.7494528
0.0,0.41777444
0.0,0.016299129
0.0,0.012404889
0.0,0.61087984
1.0,0.98965514
0.0,0.018669575
0.0,0.29352343
0.0,0.8284024
0.0,0.38345805
0.0,0.003717959
1.0,0.87679875
1.0,0.9848493
0.0,0.014668733
0.0,0.032362252
0.0,0.27838337
0.0,0.022367
1.0,0.6586256
0.0,0.735588
0.0,0.21528113
0.0,0.019054323
1.0,0.75437915
0.0,0.02612409
0.0,0.32557857
1.0,0.99287355
0.0,0.033828497
0.0,0.14140105
1.0,0.8083329
1.0,0.6054915
1.0,0.96783674
0.0,0.010369092
0.0,0.014470279
0.0,0.11382654
0.0,0.009468406
1.0,0.9268496
0.0,0.19536099
1.0,0.14830104
0.0,0.0047523677
0.0,0.013916969
0.0,0.15909109
1.0,0.95633274
0.0,0.67834413
0.0,0.21743137
0.0,0.3355592
1.0,0.6168802
0.0,0.022821605
0.0,0.08087334
0.0,0.015116721
1.0,0.13350156
0.0,0.028237432
0.0,0.06607965
1.0,0.34023494
1.0,0.9958965
0.0,0.013672441
1.0,0.995971
1.0,0.99260837
1.0,0.91276795
1.0,0.9427886
0.0,0.039838523
1.0,0.9916001
0.0,0.9986145
1.0,0.09903985
0.0,0.05905631
1.0,0.35672408
0.0,0.14614883
1.0,0.14637697
1.0,0.99833393
1.0,0.58897215
0.0,0.024303496
0.0,0.8492261
0.0,0.7692488
0.0,0.036420554
0.0,0.046399236
0.0,0.34289655
1.0,0.99707615
1.0,0.9955638
1.0,0.51958495
0.0,0.046608925
0.0,0.021279693
0.0,0.06397623
0.0,0.28346938
1.0,0.08839339
0.0,0.09897643
0.0,0.05563155
0.0,0.020607889
0.0,0.55056536
1.0,0.9865967
0.0,0.7213677
0.0,0.9559043
0.0,0.32405663
1.0,0.12723875
0.0,0.15444458
0.0,0.74638754
1.0,0.6039322
0.0,0.4250179
1.0,0.7427876
0.0,0.040424943
0.0,0.4093676
0.0,0.021434486
0.0,0.027994365
0.0,0.004299611
1.0,0.9738066
0.0,0.050771266
0.0,0.046545506
1.0,0.9947556
1.0,0.9582565
0.0,0.52122056
1.0,0.02551043
0.0,0.29131308
0.0,0.10223514
1.0,0.95798206
0.0,0.005123496
0.0,0.23471376
0.0,0.07211885
0.0,0.025776595
1.0,0.98649776
1.0,0.9788311
1.0,0.7821535
1.0,0.9877538
0.0,0.02197072
0.0,0.034598857
0.0,0.395616
1.0,0.98152006
0.0,0.063518256
0.0,0.059722155
1.0,0.9783614
1.0,0.9246154
1.0,0.9538568
0.0,0.018478036
0.0,0.30702537
0.0,0.32841846
1.0,0.9893137
1.0,0.97784114
1.0,0.9803587
0.0,0.21439233
0.0,0.006047249
0.0,0.011841416
1.0,0.8344648
1.0,0.43241695
0.0,0.5579659
1.0,0.97025216
1.0,0.88194156
1.0,0.9428016
1.0,0.36594218
0.0,0.29953578
0.0,0.05194214
1.0,0.57470274
1.0,0.6525439
0.0,0.035616666
0.0,0.09411985
0.0,0.012823075
0.0,0.06259939
0.0,0.023665518
0.0,0.84511846
0.0,0.018096477
0.0,0.2011947
1.0,0.9045288
1.0,0.65902764
0.0,0.76509464
1.0,0.9959697
0.0,0.012882292
1.0,0.8506489
0.0,0.2217932
1.0,0.98698545
0.0,0.0077159703
0.0,0.01533547
0.0,0.016874284
0.0,0.5267102
1.0,0.19535282
1.0,0.9947089
0.0,0.2020942
0.0,0.14702728
1.0,0.42545754
0.0,0.07063815
1.0,0.9861516
1.0,0.9325305
0.0,0.02726397
0.0,0.15616968
0.0,0.06838235
0.0,0.99761236
0.0,0.9169868
0.0,0.016869098
0.0,0.6534249
0.0,0.05880633
1.0,0.97222567
1.0,0.9832164
1.0,0.87540454
1.0,0.94304097
0.0,0.0129799545
0.0,0.6477689
1.0,0.91361934
0.0,0.9342858
0.0,0.034887344
0.0,0.17324263
1.0,0.9433917
1.0,0.6270677
0.0,0.056448996
1.0,0.9627516
1.0,0.99140954
0.0,0.0019981563
0.0,0.024331927
1.0,0.9944913
0.0,0.035722613
0.0,0.90064615
0.0,0.01120165
0.0,0.10395765
1.0,0.34799165
0.0,0.03730786
0.0,0.02137041
0.0,0.5117211
1.0,0.5331197
0.0,0.027787924
0.0,0.08777574
1.0,0.98952425
0.0,0.007878125
0.0,0.3571394
0.0,0.9892466
1.0,0.99847794
1.0,0.5720725
1.0,0.6153028
0.0,0.22487465
0.0,0.4716966
1.0,0.28821847
0.0,0.007637799
0.0,0.02254644
0.0,0.4816646
0.0,0.07696235
1.0,0.5760316
0.0,0.30209303
0.0,0.8793528
1.0,0.7545762
0.0,0.022602737
0.0,0.025332391
0.0,0.4045607
0.0,0.20863879
1.0,0.7625148
1.0,0.97938955
0.0,0.7570584
1.0,0.8354798
0.0,0.016558796
0.0,0.06720325
0.0,0.008421481
1.0,0.30921376
0.0,0.03451273
0.0,0.04424241
1.0,0.9810325
1.0,0.8906237
1.0,0.884491
0.0,0.6307225
1.0,0.8981866
1.0,0.9700212
0.0,0.001319915
0.0,0.9295775
0.0,0.723891
1.0,0.92031664
0.0,0.13382518
0.0,0.8235035
0.0,0.014871001
0.0,0.028643996
0.0,0.04089853
0.0,0.16467735
0.0,0.47621748
0.0,0.9081583
0.0,0.5407072
1.0,0.9094707
1.0,0.93183506
1.0,0.7130223
0.0,0.020743221
1.0,0.99887466
0.0,0.80401456
0.0,0.028050244
1.0,0.9873102
0.0,0.16630325
0.0,0.01252532
0.0,0.34768575
0.0,0.028877199
0.0,0.61503005
0.0,0.9339391
0.0,0.04998097
1.0,0.94725215
0.0,0.0042708814
0.0,0.008041382
0.0,0.019032657
1.0,0.9923602
1.0,0.9755174
0.0,0.83706117
1.0,0.67173135
0.0,0.026093781
1.0,0.4042352
0.0,0.09186202
0.0,0.031797886
1.0,0.11028814
0.0,0.016566038
0.0,0.012567103
1.0,0.87627614
0.0,0.10304016
1.0,0.015571058
0.0,0.5870515
0.0,0.022130013
1.0,0.96412575
0.0,0.023208618
0.0,0.051356643
0.0,0.8436758
0.0,0.021686882
0.0,0.014633596
1.0,0.95841706
0.0,0.015736282
0.0,0.07572922
0.0,0.040501982
1.0,0.77554405
0.0,0.9927229
0.0,0.08177942
1.0,0.87185717
0.0,0.011767775
0.0,0.023853123
0.0,0.10923132
0.0,0.17605728
1.0,0.9103862
0.0,0.020238042
0.0,0.0022137165
0.0,0.0063236356
0.0,0.011433512
0.0,0.50262964
1.0,0.9745985
1.0,0.7808808
0.0,0.04081267
1.0,0.9424362
0.0,0.063314706
0.0,0.020973414
0.0,0.035565764
0.0,0.20376116
1.0,0.99473464
0.0,0.043144792
0.0,0.054362237
0.0,0.687485
0.0,0.11945358
0.0,0.38778695
0.0,0.017312288
0.0,0.0066804886
0.0,0.019133896
0.0,0.02623564
0.0,0.9556794
1.0,0.17586434
0.0,0.025037885
0.0,0.09169939
0.0,0.022415906
1.0,0.99442184
0.0,0.11093962
1.0,0.9373768
0.0,0.14735404
0.0,0.041551173
0.0,0.28850555
1.0,0.9751712
1.0,0.99412
1.0,0.88042295
1.0,0.76711416
0.0,0.41792548
0.0,0.016680539
1.0,0.9959575
1.0,0.93782747
0.0,0.033682227
0.0,0.14642492
0.0,0.9352004
1.0,0.9905971
0.0,0.030023128
0.0,0.018027723
0.0,0.051522434
0.0,0.03152466
1.0,0.6376488
1.0,0.9730909
0.0,0.0018966198
1.0,0.6659102
0.0,0.06306499
0.0,0.03450969
0.0,0.016445547
0.0,0.14208049
0.0,0.014434695
1.0,0.90732974
0.0,0.016550988
0.0,0.3363547
0.0,0.6326161
0.0,0.085088074
0.0,0.65716875
1.0,0.9946945
0.0,0.031861186
0.0,0.023644537
1.0,0.9897519
0.0,0.81527615
0.0,0.028808326
1.0,0.9974673
1.0,0.91136664
0.0,0.03724304
1.0,0.93698466
0.0,0.24992624
1.0,0.71665525
1.0,0.99952585
0.0,0.14748147
1.0,0.99571264
0.0,0.09041113
0.0,0.026003212
0.0,0.5327706
0.0,0.479569
0.0,0.026861966
0.0,0.03531617
0.0,0.40583587
1.0,0.9752977
0.0,0.09918502
0.0,0.18155903
0.0,0.384856
0.0,0.28051192
1.0,0.97160804
0.0,0.0370121
0.0,0.5920069
0.0,0.026723802
0.0,0.057091415
0.0,0.014784783
0.0,0.9751899
1.0,0.09877029
0.0,0.054991454
1.0,0.92616695
0.0,0.052935064
1.0,0.42351234
0.0,0.071278274
0.0,0.09581599
0.0,0.029214442
0.0,0.6621857
0.0,0.6273561
0.0,0.22727048
0.0,0.24715853
0.0,0.027407527
0.0,0.88110614
0.0,0.96614885
1.0,0.93940175
0.0,0.23889372
0.0,0.023879856
1.0,0.9973008
0.0,0.065252304
0.0,0.013731569
0.0,0.0041721165
1.0,0.93818104
1.0,0.86350244
1.0,0.8966073
1.0,0.98844624
0.0,0.111271024
1.0,0.8649522
0.0,0.19262654
1.0,0.58812404
0.0,0.12646624
0.0,0.9506345
0.0,0.112472326
0.0,0.026634097
0.0,0.1014334
1.0,0.97272635
1.0,0.2237801
0.0,0.99399436
1.0,0.81158376
0.0,0.008727074
1.0,0.9974742
0.0,0.020019352
0.0,0.034359217
0.0,0.98982394
0.0,0.75543654
0.0,0.21216887
0.0,0.018794626
1.0,0.9993603
0.0,0.010423332
1.0,0.9948087
1.0,0.9037068
1.0,0.9743725
0.0,0.018420786
0.0,0.9955415
0.0,0.04314816
0.0,0.084505886
0.0,0.3257093
1.0,0.8746395
0.0,0.68573284
0.0,0.040460974
0.0,0.09679937
0.0,0.03186527
0.0,0.025557518
0.0,0.1994923
0.0,0.90260494
0.0,0.023597717
0.0,0.06732112
1.0,0.9977458
0.0,0.113681614
0.0,0.020043433
0.0,0.03033176
0.0,0.023905605
1.0,0.95840406
0.0,0.3978838
1.0,0.99413097
0.0,0.6100125
1.0,0.9994957
1.0,0.9542796
0.0,0.004975587
0.0,0.5928526
0.0,0.030797213
0.0,0.29820353
0.0,0.0738143
0.0,0.38250524
1.0,0.9952784
0.0,0.02553022
1.0,0.8421749
0.0,0.22479871
0.0,0.0071110427
0.0,0.072823584
1.0,0.97379535
0.0,0.010773957
1.0,0.99766505
0.0,0.019093245
0.0,0.08635178
0.0,0.59713006
0.0,0.3221361
0.0,0.38984758
0.0,0.10688156
1.0,0.6616863
1.0,0.9382671
0.0,0.042704433
0.0,0.024894208
0.0,0.020929873
1.0,0.9450642
0.0,0.017340064
1.0,0.25044486
0.0,0.07632634
1.0,0.9402032
1.0,0.9909357
0.0,0.039953917
0.0,0.07647404
0.0,0.036827415
1.0,0.95463586
0.0,0.34092873
0.0,0.85764325
1.0,0.992018
1.0,0.9170852
0.0,0.14408413
0.0,0.06962705
1.0,0.97171867
0.0,0.025821805
0.0,0.010399878
0.0,0.027036756
1.0,0.91408396
0.0,0.03936863
0.0,0.038488746
1.0,0.94907653
1.0,0.58982015
0.0,0.5008452
0.0,0.021951914
0.0,0.021085024
1.0,0.9715794
1.0,0.9948715
1.0,0.7019886
0.0,0.10680774
0.0,0.046979994
0.0,0.04624507
0.0,0.013684005
1.0,0.9654622
0.0,0.038442254
0.0,0.5123055
0.0,0.13498095
0.0,0.42909342
0.0,0.44254085
0.0,0.010959297
0.0,0.32317668
0.0,0.024353385
0.0,0.016512334
1.0,0.32283354
1.0,0.8754195
0.0,0.7729134
0.0,0.7376175
1.0,0.11446884
0.0,0.0018433034
1.0,0.9613045
0.0,0.07721144
0.0,0.053964466
1.0,0.9916922
1.0,0.9914669
0.0,0.87677956
0.0,0.33002454
1.0,0.36289287
0.0,0.26341105
0.0,0.26918882
0.0,0.9990361
0.0,0.050541103
1.0,0.9452187
1.0,0.52761614
0.0,0.43686876
0.0,0.008787811
0.0,0.17119643
1.0,0.9659275
0.0,0.064552575
1.0,0.70338994
0.0,0.20600858
1.0,0.88933337
1.0,0.95833755
0.0,0.6474972
1.0,0.47491702
0.0,0.6455548
0.0,0.018343389
1.0,0.99833107
1.0,0.46254897
0.0,0.027153522
0.0,0.5082331
0.0,0.7996744
0.0,0.31287205
1.0,0.9784657
0.0,0.066336066
0.0,0.40246528
0.0,0.03038451
1.0,0.97997844
0.0,0.02820611
0.0,0.81146014
1.0,0.970268
0.0,0.010256201
0.0,0.7233493
0.0,0.2616374
1.0,0.49761403
0.0,0.23245785
1.0,0.9670712
0.0,0.1101796
1.0,0.43303922
1.0,0.5864224
1.0,0.9908365
1.0,0.8385409
0.0,0.010899007
1.0,0.90489936
0.0,0.011290252
1.0,0.9978757
1.0,0.8685211
0.0,0.27647036
1.0,0.9820858
0.0,0.022964478
1.0,0.23163107
1.0,0.44016376
0.0,0.030658722
0.0,0.9670038
1.0,0.99879575
1.0,0.8525212
0.0,0.28362507
0.0,0.5858681
0.0,0.002018392
0.0,0.021514654
0.0,0.530746
1.0,0.94458413
1.0,0.96863794
1.0,0.41976693
1.0,0.7375064
1.0,0.999028
1.0,0.9977956
0.0,0.48003468
1.0,0.9812684
0.0,0.040566176
0.0,0.027509034
0.0,0.059093863
1.0,0.16925606
1.0,0.80234206
0.0,0.13511097
0.0,0.028987646
0.0,0.8948726
1.0,0.93403614
1.0,0.42874625
1.0,0.95905507
0.0,0.03276816
0.0,0.9800954
0.0,0.07829884
0.0,0.14026394
0.0,0.023899853
0.0,0.02637738
1.0,0.9978639
1.0,0.9683302
0.0,0.051822633
0.0,0.18824288
0.0,0.7747662
0.0,0.14739522
0.0,0.85425407
0.0,0.18562019
0.0,0.82536924
1.0,0.7696097
0.0,0.1546014
1.0,0.7863775
0.0,0.024432927
0.0,0.984856
0.0,0.02801919
0.0,0.76117516
1.0,0.9837159
1.0,0.83360183
1.0,0.95272255
1.0,0.7681515
0.0,0.013778478
0.0,0.5971607
1.0,0.8634281
1.0,0.97246164
0.0,0.6256629
0.0,0.04317206
0.0,0.16539347
1.0,0.7096648
0.0,0.01450032
1.0,0.15879244
0.0,0.027571976
0.0,0.039034158
0.0,0.029157758
0.0,0.07494265
0.0,0.55166775
0.0,0.027193874
0.0,0.282395
1.0,0.98972225
0.0,0.020813286
0.0,0.68588597
0.0,0.035678
1.0,0.6602222
0.0,0.023602873
1.0,0.99191105
0.0,0.022031575
0.0,0.057144284
0.0,0.011203378
0.0,0.66955715
0.0,0.01381883
0.0,0.017249137
1.0,0.9788298
0.0,0.24541268
1.0,0.88056195
1.0,0.97493887
0.0,0.02840054
0.0,0.13340563
1.0,0.96563876
1.0,0.9991645
0.0,0.42840403
0.0,0.5586461
0.0,0.04038492
0.0,0.20159
0.0,0.038841754
1.0,0.93371844
0.0,0.35798678
1.0,0.8960004
1.0,0.48992637
0.0,0.97743976
0.0,0.26693517
0.0,0.013687789
0.0,0.010456175
0.0,0.68366754
0.0,0.018541008
0.0,0.02056399
0.0,0.7846017
1.0,0.8102944
1.0,0.8516855
0.0,0.09195015
0.0,0.057711303
0.0,0.5550034
1.0,0.915236
0.0,0.016721934
0.0,0.053646505
1.0,0.53707826
1.0,0.99244034
0.0,0.18119249
0.0,0.18894672
0.0,0.05670902
1.0,0.9846002
0.0,0.08885726
1.0,0.9944477
1.0,0.84102106
0.0,0.036038667
0.0,0.10675469
0.0,0.11397362
1.0,0.71649176
0.0,0.4350333
1.0,0.72547424
0.0,0.031630248
1.0,0.9867335
0.0,0.05844131
0.0,0.027323216
0.0,0.003709823
1.0,0.9980011
0.0,0.82138246
1.0,0.9989673
1.0,0.9310163
0.0,0.019479305
1.0,0.123432815
0.0,0.07696292
1.0,0.6209871
0.0,0.0069010556
1.0,0.9920418
0.0,0.011392146
1.0,0.8758539
1.0,0.96411467
1.0,0.99787915
0.0,0.047317773
1.0,0.9859794
1.0,0.31813142
0.0,0.1624648
1.0,0.9782092
1.0,0.78448
1.0,0.35104585
0.0,0.40126887
0.0,0.028515263
0.0,0.93457615
0.0,0.20737886
