0.0,0.8848746
0.0,0.9265325
1.0,0.37340137
0.0,0.17874047
1.0,0.77712154
0.0,0.2349987
1.0,0.97872794
1.0,0.9635186
1.0,0.9821095
0.0,0.17700279
0.0,0.34543258
1.0,0.9941177
0.0,0.13741037
0.0,0.3445118
0.0,0.30837297
0.0,0.024358243
1.0,0.87297314
0.0,0.12288755
0.0,0.052999407
1.0,0.9367846
1.0,0.9540067
0.0,0.022555739
1.0,0.98792255
0.0,0.24825904
0.0,0.15256512
1.0,0.94770265
0.0,0.31637648
1.0,0.9268893
0.0,0.13753712
1.0,0.8926578
0.0,0.12515366
0.0,0.4786869
1.0,0.9970971
1.0,0.9992564
1.0,0.9669826
1.0,0.9900637
1.0,0.9165783
0.0,0.08988765
1.0,0.9874363
1.0,0.09996238
1.0,0.9857837
1.0,0.99691063
0.0,0.106063604
1.0,0.9964749
1.0,0.9913722
0.0,0.1266529
0.0,0.02970016
0.0,0.36911532
0.0,0.10752115
1.0,0.99514323
0.0,0.35120985
1.0,0.9595612
1.0,0.999774
1.0,0.963325
0.0,0.13096827
0.0,0.09107882
0.0,0.19631827
1.0,0.22543547
1.0,0.9895232
1.0,0.538199
1.0,0.99555945
0.0,0.5939044
1.0,0.9994706
1.0,0.9705624
1.0,0.9949698
0.0,0.64929426
0.0,0.43809536
1.0,0.99082875
0.0,0.14437151
1.0,0.9345286
0.0,0.65177786
1.0,0.98544085
0.0,0.048232377
0.0,0.16743478
1.0,0.58063424
0.0,0.6008375
0.0,0.08375627
0.0,0.5797262
0.0,0.04042068
1.0,0.991916
0.0,0.121602684
1.0,0.9991156
1.0,0.9868728
1.0,0.99999696
1.0,0.9943694
1.0,0.8957306
1.0,0.99581283
0.0,0.915745
0.0,0.3145396
1.0,0.79564214
0.0,0.10448557
1.0,0.29092762
0.0,0.16596806
0.0,0.94219786
0.0,0.8504739
1.0,0.9521759
0.0,0.089172006
0.0,0.1320233
1.0,0.8524989
1.0,0.99986833
0.0,0.094900936
0.0,0.16608232
1.0,0.15937799
0.0,0.12671003
0.0,0.23326075
1.0,0.9716866
1.0,0.14735442
0.0,0.115881085
1.0,0.049711347
1.0,0.9979121
1.0,0.98758686
0.0,0.23203668
1.0,0.22956765
0.0,0.6842911
0.0,0.18505558
1.0,0.5004393
0.0,0.074292004
1.0,0.9762345
1.0,0.5663989
1.0,0.9954591
0.0,0.64065355
1.0,0.99443984
0.0,0.9866569
0.0,0.10884547
0.0,0.4239881
1.0,0.67404914
0.0,0.053589106
0.0,0.2523963
1.0,0.99391234
1.0,0.9763903
1.0,0.9968224
0.0,0.21356642
0.0,0.07509184
1.0,0.86016876
1.0,0.99886084
0.0,0.9031541
0.0,0.10029936
0.0,0.10510045
0.0,0.27007896
0.0,0.097720146
1.0,0.9587097
0.0,0.42411327
1.0,0.5442077
0.0,0.13126144
0.0,0.26154768
0.0,0.017620742
1.0,0.4821272
0.0,0.106241524
0.0,0.03447178
0.0,0.17453417
0.0,0.19643292
0.0,0.09245038
0.0,0.06929922
0.0,0.976352
0.0,0.2751576
1.0,0.99797213
0.0,0.076164246
0.0,0.094206005
1.0,0.9999393
0.0,0.23189378
0.0,0.6601652
0.0,0.5464928
0.0,0.109583765
0.0,0.4164037
1.0,0.99986625
0.0,0.37764096
1.0,0.9880209
0.0,0.3335683
0.0,0.118867934
1.0,0.93389994
0.0,0.9972042
0.0,0.9900366
0.0,0.9993051
0.0,0.044147044
1.0,0.9555831
1.0,0.9602896
0.0,0.32195818
1.0,0.9688809
0.0,0.6486801
1.0,0.9925374
1.0,0.89142686
1.0,0.95342064
1.0,0.99764395
1.0,0.9932352
0.0,0.8385196
0.0,0.06184739
0.0,0.092887044
0.0,0.99879754
0.0,0.48338923
0.0,0.14529723
1.0,0.5841767
0.0,0.08879861
0.0,0.9865685
1.0,0.9965025
1.0,0.89862037
1.0,0.99498856
0.0,0.04902339
0.0,0.23156345
0.0,0.07918158
1.0,0.26063043
0.0,0.9902586
0.0,0.7619501
0.0,0.8402561
0.0,0.88031435
0.0,0.28361148
1.0,0.42722797
0.0,0.17451292
1.0,0.41014853
0.0,0.028107762
0.0,0.24231529
0.0,0.1002751
1.0,0.92196137
0.0,0.40574667
0.0,0.24825493
0.0,0.13566014
0.0,0.07858032
0.0,0.9738859
0.0,0.30930507
1.0,0.99993104
0.0,0.060874283
0.0,0.057565928
1.0,0.93543375
1.0,0.9977727
0.0,0.7097691
0.0,0.114054084
0.0,0.076069474
0.0,0.28583333
0.0,0.11673063
0.0,0.18055037
1.0,0.9887645
0.0,0.14993337
1.0,0.3021638
0.0,0.07083571
1.0,0.9788414
1.0,0.7176762
0.0,0.18206227
0.0,0.2214562
0.0,0.24885511
1.0,0.8131095
1.0,0.8914552
1.0,0.9995788
1.0,0.94487107
0.0,0.07712284
0.0,0.91664505
1.0,0.99878216
0.0,0.6697271
0.0,0.09860501
0.0,0.0727174
0.0,0.9467186
0.0,0.18100187
0.0,0.08601323
0.0,0.43950284
1.0,0.91337216
0.0,0.14498052
0.0,0.80369914
0.0,0.11891228
1.0,0.9945409
1.0,0.9795152
0.0,0.09126982
0.0,0.4824898
0.0,0.17336348
1.0,0.99539936
0.0,0.1129615
0.0,0.07256347
0.0,0.16853312
0.0,0.07883483
1.0,0.9997427
1.0,0.9994087
1.0,0.9998143
0.0,0.12231827
1.0,0.983914
0.0,0.10495198
0.0,0.13700393
0.0,0.5046003
1.0,0.9828087
1.0,0.69978577
0.0,0.09635818
0.0,0.111626476
1.0,0.9825423
1.0,0.7545284
0.0,0.026634157
1.0,0.5370252
1.0,0.99997705
0.0,0.894068
0.0,0.70121676
0.0,0.18318942
0.0,0.13121048
0.0,0.69647765
0.0,0.15121838
1.0,0.9985968
0.0,0.3616121
0.0,0.11973685
1.0,0.99997306
0.0,0.0924997
1.0,0.9974603
1.0,0.35665178
1.0,0.94013
1.0,0.9590966
1.0,0.9756503
0.0,0.27664006
1.0,0.98809063
0.0,0.93115914
1.0,0.9998747
0.0,0.7414218
0.0,0.54065144
0.0,0.11927223
0.0,0.52657866
0.0,0.5616828
1.0,0.997632
0.0,0.9861104
1.0,0.96883214
0.0,0.9810909
1.0,0.92269677
1.0,0.9999749
0.0,0.11164883
0.0,0.07225299
0.0,0.123687774
1.0,0.96962136
1.0,0.24674013
0.0,0.030756623
0.0,0.029423356
0.0,0.07789883
0.0,0.3428258
1.0,0.9933997
1.0,0.8709607
0.0,0.20022973
0.0,0.2931345
1.0,0.8459156
1.0,0.9964437
1.0,0.954785
0.0,0.25352454
0.0,0.9769089
0.0,0.08705133
0.0,0.60584605
1.0,0.99868226
1.0,0.88918
0.0,0.21413043
0.0,0.44261923
0.0,0.045515448
0.0,0.79607075
0.0,0.04761058
0.0,0.59984785
1.0,0.78676593
0.0,0.39462507
0.0,0.13886663
0.0,0.17568779
0.0,0.92131263
0.0,0.85739434
0.0,0.2940884
0.0,0.06447965
1.0,0.9448019
0.0,0.10619852
1.0,0.95576596
0.0,0.08292675
0.0,0.31996626
0.0,0.49902245
0.0,0.044294
0.0,0.9944322
1.0,0.7794731
1.0,0.97376645
0.0,0.81566024
1.0,0.58693695
0.0,0.08769053
0.0,0.70908874
0.0,0.36997798
0.0,0.98087204
0.0,0.10857341
0.0,0.005719155
1.0,0.786559
0.0,0.097860694
1.0,0.99759424
0.0,0.2523101
1.0,0.40274
0.0,0.3950361
1.0,0.5609026
1.0,0.9840547
1.0,0.9969063
0.0,0.08797589
0.0,0.040962607
1.0,0.99918926
0.0,0.12518287
0.0,0.17024618
1.0,0.27060112
1.0,0.99934673
0.0,0.6324535
1.0,0.9930463
1.0,0.99983734
0.0,0.95598274
0.0,0.15466142
0.0,0.64308876
0.0,0.22687092
0.0,0.05796373
0.0,0.24643075
1.0,0.9996245
0.0,0.6318188
1.0,0.9905362
1.0,0.7051452
0.0,0.11213708
0.0,0.1970683
0.0,0.9409605
1.0,0.9996474
1.0,0.97472
1.0,0.5525773
0.0,0.4755175
1.0,0.99523973
1.0,0.9403678
0.0,0.041260898
0.0,0.57588696
0.0,0.9914957
0.0,0.880453
1.0,0.95522946
0.0,0.095792204
1.0,0.3641194
0.0,0.89223564
0.0,0.1307812
0.0,0.24492586
0.0,0.07242054
0.0,0.07462767
0.0,0.14577562
0.0,0.2320298
0.0,0.06941542
0.0,0.19156125
0.0,0.8302096
0.0,0.39728057
0.0,0.10465598
0.0,0.67987055
0.0,0.08267811
1.0,0.94015485
0.0,0.19371164
1.0,0.9900969
0.0,0.10653409
0.0,0.12812161
0.0,0.11853883
0.0,0.9630082
0.0,0.6021855
0.0,0.39986333
0.0,0.41751263
0.0,0.066726804
0.0,0.07103923
0.0,0.10226083
0.0,0.9745784
1.0,0.9711846
0.0,0.18789741
0.0,0.0992654
0.0,0.6450045
0.0,0.2603624
1.0,0.4836472
0.0,0.93012834
1.0,0.8141765
0.0,0.07482794
0.0,0.09587839
1.0,0.9818554
0.0,0.9786766
1.0,0.9242704
1.0,0.99669033
1.0,0.9942181
1.0,0.99249494
0.0,0.060457706
1.0,0.8140427
0.0,0.09044641
0.0,0.19167042
0.0,0.32620692
1.0,0.9998333
0.0,0.08579913
0.0,0.057004005
1.0,0.7017095
1.0,0.9999989
0.0,0.27207744
0.0,0.03435874
1.0,0.7883733
0.0,0.11601615
1.0,0.79563916
0.0,0.73049134
0.0,0.7848793
1.0,0.9739063
0.0,0.92912066
0.0,0.028302759
1.0,0.38669255
0.0,0.24059069
1.0,0.999823
0.0,0.08433449
1.0,0.6137912
1.0,0.6266129
1.0,0.96913934
1.0,0.99989843
0.0,0.87958
0.0,0.15970784
1.0,0.9643849
0.0,0.05963084
0.0,0.77034545
1.0,0.81804043
1.0,0.83563924
1.0,0.9839746
0.0,0.14407068
1.0,0.9971591
1.0,0.96297073
0.0,0.89804405
1.0,0.9972478
0.0,0.76772743
1.0,0.9827976
1.0,0.96889424
0.0,0.92191243
0.0,0.8658957
1.0,0.7980539
0.0,0.473873
1.0,0.9947192
0.0,0.95608187
0.0,0.18081751
0.0,0.949034
1.0,0.99989974
0.0,0.01878333
0.0,0.07117519
0.0,0.9415207
1.0,0.851435
0.0,0.16074845
0.0,0.08797681
0.0,0.5405521
0.0,0.9491488
1.0,0.88667333
1.0,0.9839167
0.0,0.16841263
0.0,0.95787156
0.0,0.46816897
0.0,0.40475816
0.0,0.24954158
1.0,0.8904732
0.0,0.07745108
1.0,0.9934687
0.0,0.8939905
0.0,0.33794838
1.0,0.9470531
0.0,0.1632086
0.0,0.48690408
0.0,0.07829383
0.0,0.1288135
0.0,0.14412144
0.0,0.08705908
0.0,0.13664758
0.0,0.25676686
1.0,0.96094334
1.0,0.99972194
0.0,0.029242992
0.0,0.160719
1.0,0.99981886
0.0,0.084934175
1.0,0.96669143
0.0,0.7127527
0.0,0.09519681
1.0,0.9170544
0.0,0.39369023
1.0,0.9780295
0.0,0.90628135
1.0,0.81898886
0.0,0.088753074
0.0,0.18129396
0.0,0.8315321
1.0,0.99576473
0.0,0.013200194
0.0,0.38835952
0.0,0.04493305
0.0,0.99720025
1.0,0.4543505
0.0,0.05839628
0.0,0.06206155
1.0,0.99633884
1.0,0.18801054
0.0,0.438938
1.0,0.9460993
0.0,0.17429835
0.0,0.8180553
1.0,0.9942818
1.0,0.99426305
0.0,0.22622883
1.0,0.9992338
1.0,0.9986819
0.0,0.15350759
0.0,0.2342192
0.0,0.3692732
1.0,0.14490753
0.0,0.054912835
0.0,0.09119275
0.0,0.07203442
1.0,0.999591
1.0,0.9466785
0.0,0.11514032
1.0,0.8728578
1.0,0.042491257
0.0,0.19215673
1.0,0.9881834
0.0,0.10881743
1.0,0.9516775
0.0,0.296566
1.0,0.97514987
0.0,0.13515219
0.0,0.09828761
1.0,0.9320532
0.0,0.11676815
1.0,0.992497
0.0,0.48404396
0.0,0.18254432
0.0,0.087833464
1.0,0.98728245
0.0,0.28585342
1.0,0.6086578
0.0,0.07251814
1.0,0.9722415
1.0,0.93708026
0.0,0.037281007
1.0,0.99921364
1.0,0.9908501
1.0,0.6302106
1.0,0.9849382
0.0,0.19133443
0.0,0.10863188
0.0,0.9832477
1.0,0.9963349
1.0,0.7977736
0.0,0.0965803
0.0,0.1612168
0.0,0.49031764
1.0,0.98748505
0.0,0.88253665
1.0,0.14001396
1.0,0.9991536
0.0,0.5383423
0.0,0.30392855
1.0,0.9933469
0.0,0.8209777
1.0,0.9993329
0.0,0.7918555
0.0,0.11104056
0.0,0.114350855
1.0,0.5121395
0.0,0.47246456
1.0,0.9999267
0.0,0.26456416
1.0,0.829002
0.0,0.6917634
0.0,0.5081174
1.0,0.20334443
1.0,0.9265685
1.0,0.9056444
1.0,0.97583485
0.0,0.14122817
0.0,0.2854783
0.0,0.9598652
0.0,0.050910443
1.0,0.9996033
1.0,0.52748394
0.0,0.04734081
0.0,0.1244944
0.0,0.067787856
1.0,0.92255986
0.0,0.08123115
0.0,0.0678443
0.0,0.170295
0.0,0.7320279
0.0,0.20405102
0.0,0.5875046
1.0,0.8356242
0.0,0.9151105
1.0,0.6273787
0.0,0.17148262
0.0,0.91532326
1.0,0.97842586
1.0,0.9746258
1.0,0.95694745
0.0,0.19116879
0.0,0.57139444
1.0,0.7998765
0.0,0.09115875
0.0,0.11739293
0.0,0.57599276
1.0,0.97872484
0.0,0.21883911
0.0,0.15078285
1.0,0.9996451
0.0,0.55870223
1.0,0.9998228
1.0,0.9330734
1.0,0.9990189
0.0,0.09518352
1.0,0.9937662
1.0,0.94562334
0.0,0.2862953
1.0,0.5557213
0.0,0.09947464
0.0,0.3319677
0.0,0.1316556
0.0,0.11077988
1.0,0.95236826
1.0,0.94125414
1.0,0.99998426
1.0,0.9968407
1.0,0.9921683
0.0,0.87890196
0.0,0.9964067
1.0,0.9974917
0.0,0.13994649
1.0,0.7397473
1.0,0.999854
0.0,0.39353096
1.0,0.73588836
1.0,0.49573496
0.0,0.13651738
0.0,0.20398542
0.0,0.045722574
0.0,0.12526456
1.0,0.7595918
1.0,0.99765605
0.0,0.105273485
0.0,0.078199685
1.0,0.060547918
1.0,0.94231164
1.0,0.3841899
0.0,0.2575931
1.0,0.95453954
1.0,0.79868525
0.0,0.15608189
0.0,0.15002057
1.0,0.8953326
1.0,0.99986553
0.0,0.5634758
1.0,0.91362005
0.0,0.2626633
0.0,0.84172237
1.0,0.9893188
0.0,0.81565005
1.0,0.99991834
0.0,0.9841
0.0,0.6247117
0.0,0.10742229
1.0,0.9791636
1.0,0.72681385
0.0,0.02843517
0.0,0.032637715
1.0,0.8603612
0.0,0.19712439
1.0,0.99980557
1.0,0.9888709
1.0,0.9766154
0.0,0.2987694
0.0,0.9488293
0.0,0.28821456
0.0,0.0667035
0.0,0.06770912
1.0,0.99996454
0.0,0.9226577
0.0,0.08154571
1.0,0.94674087
0.0,0.068274885
1.0,0.21729001
1.0,0.95026374
0.0,0.071003616
0.0,0.38872373
0.0,0.835338
0.0,0.060054004
0.0,0.0863584
0.0,0.08016226
0.0,0.13833779
0.0,0.98453116
1.0,0.80343664
1.0,0.9884733
0.0,0.97483003
0.0,0.7976202
0.0,0.11977756
0.0,0.17502528
0.0,0.07020688
1.0,0.09831634
0.0,0.099422485
0.0,0.013373017
1.0,0.9999932
1.0,0.55015314
0.0,0.10564938
0.0,0.9968102
0.0,0.034899503
0.0,0.124516696
0.0,0.07225484
0.0,0.15344864
1.0,0.9574586
1.0,0.9651545
1.0,0.9779966
0.0,0.07289556
1.0,0.77537185
1.0,0.98925465
0.0,0.77012676
0.0,0.050118685
1.0,0.9110725
1.0,0.8446505
1.0,0.9511831
1.0,0.9934933
1.0,0.9328519
0.0,0.3378068
0.0,0.38527048
1.0,0.44296995
0.0,0.06737384
1.0,0.9564153
0.0,0.052728474
1.0,0.8791352
0.0,0.106861174
0.0,0.7962928
0.0,0.13400766
0.0,0.22937122
0.0,0.57957697
0.0,0.049441963
0.0,0.047799706
0.0,0.098256886
0.0,0.75366795
0.0,0.0734562
0.0,0.028743863
1.0,0.9806906
1.0,0.8060391
1.0,0.99784297
0.0,0.93925047
0.0,0.63235754
0.0,0.9246408
0.0,0.09316027
1.0,0.99970454
1.0,0.9470558
1.0,0.96827817
1.0,0.99954844
0.0,0.98504996
0.0,0.117542684
0.0,0.017715245
1.0,0.8069415
0.0,0.07887557
1.0,0.042910606
1.0,0.98689616
0.0,0.549033
0.0,0.039901495
0.0,0.2262474
0.0,0.65300375
1.0,0.9911051
1.0,0.9724234
0.0,0.30772033
1.0,0.9715392
1.0,0.98876035
0.0,0.4995116
0.0,0.18804696
1.0,0.9535785
0.0,0.08890715
0.0,0.104044735
0.0,0.091546714
0.0,0.6129066
0.0,0.08047679
1.0,0.8417988
0.0,0.41249853
0.0,0.9389591
1.0,0.9999622
1.0,0.98995876
0.0,0.68154997
0.0,0.5345354
1.0,0.7915387
0.0,0.31670654
0.0,0.018861324
1.0,0.77656794
0.0,0.23913807
0.0,0.11269489
0.0,0.17066729
1.0,0.99884206
0.0,0.50773764
1.0,0.94166195
1.0,0.9949281
1.0,0.99997795
0.0,0.08114058
1.0,0.91223073
0.0,0.13204962
1.0,0.98469305
0.0,0.5396441
1.0,0.9993452
0.0,0.17103058
0.0,0.09992033
1.0,0.9963305
0.0,0.10765609
0.0,0.07612929
1.0,0.6388612
1.0,0.957512
1.0,0.30966413
1.0,0.9429122
1.0,0.92665493
1.0,0.9960915
1.0,0.89077115
0.0,0.08309457
1.0,0.45021716
1.0,0.9990306
0.0,0.3073703
0.0,0.08240521
0.0,0.048306316
1.0,0.8678342
0.0,0.11168748
0.0,0.7576152
0.0,0.40422797
1.0,0.99088955
0.0,0.11801049
0.0,0.38603482
1.0,0.7236462
1.0,0.9958585
1.0,0.97085446
1.0,0.17921445
0.0,0.9989979
0.0,0.2641743
0.0,0.119166106
0.0,0.11879271
0.0,0.07190129
0.0,0.1679399
0.0,0.12453145
1.0,0.30747285
1.0,0.9841824
0.0,0.17423889
1.0,0.8388977
0.0,0.10711074
0.0,0.14140424
1.0,0.99963593
0.0,0.11227384
0.0,0.95976305
0.0,0.082699776
0.0,0.8300743
0.0,0.5866344
0.0,0.14113468
0.0,0.98983234
1.0,0.9019402
0.0,0.27291787
0.0,0.7424038
1.0,0.9529593
0.0,0.043390483
1.0,0.90868604
0.0,0.13313916
0.0,0.074967265
0.0,0.15021566
0.0,0.5270309
0.0,0.06400055
0.0,0.111374855
0.0,0.11177072
0.0,0.22607929
0.0,0.79590106
1.0,0.7974042
0.0,0.2184805
1.0,0.9788413
0.0,0.88355577
1.0,0.175345
0.0,0.09642038
0.0,0.11939731
0.0,0.6504136
1.0,0.9971321
1.0,0.38221294
1.0,0.34493655
0.0,0.19038543
0.0,0.81862164
1.0,0.9567135
0.0,0.22410446
0.0,0.102473766
1.0,0.9614042
0.0,0.07704291
1.0,0.9969394
1.0,0.87416476
0.0,0.054961294
1.0,0.688294
0.0,0.5694714
1.0,0.41694894
0.0,0.53115374
1.0,0.99988955
0.0,0.04034406
0.0,0.999719
0.0,0.14318442
0.0,0.2651642
0.0,0.091205925
0.0,0.37935755
0.0,0.31676918
1.0,0.99828887
0.0,0.14470515
0.0,0.044532657
0.0,0.02077198
0.0,0.45035747
0.0,0.28876013
1.0,0.9074919
0.0,0.53568125
0.0,0.37304762
1.0,0.83908784
0.0,0.6159562
1.0,0.99840796
0.0,0.9815936
1.0,0.54024625
1.0,0.97856194
0.0,0.06638965
1.0,0.9999598
0.0,0.85095185
0.0,0.20839229
0.0,0.19156832
0.0,0.35863447
1.0,0.5914466
1.0,0.999925
0.0,0.15082827
0.0,0.43482625
1.0,0.9997512
0.0,0.48093748
1.0,0.9115126
1.0,0.17045707
1.0,0.8715347
0.0,0.23936525
1.0,0.8889226
0.0,0.35688072
1.0,0.97029877
1.0,0.7040052
0.0,0.80653775
0.0,0.95064807
0.0,0.0924176
0.0,0.7029913
1.0,0.90718675
1.0,0.9897355
1.0,0.9968353
0.0,0.18228656
0.0,0.025880843
1.0,0.9989513
0.0,0.9908514
0.0,0.010771662
0.0,0.09350592
1.0,0.81018496
0.0,0.7324194
0.0,0.15383562
0.0,0.22142565
0.0,0.31788397
1.0,0.8161232
1.0,0.99990547
0.0,0.60990524
0.0,0.047534525
0.0,0.08466971
1.0,0.9999638
0.0,0.1818544
0.0,0.9613784
1.0,0.9923945
0.0,0.08881235
0.0,0.838148
1.0,0.99880373
0.0,0.30150473
1.0,0.48185635
1.0,0.39186525
0.0,0.16021243
0.0,0.11491436
0.0,0.064933985
0.0,0.08729845
1.0,0.9877422
1.0,0.9999386
1.0,0.99906653
1.0,0.7842042
0.0,0.9849067
0.0,0.3835902
1.0,0.94439226
1.0,0.99982464
0.0,0.8604027
0.0,0.08451009
1.0,0.67781883
0.0,0.0593749
1.0,0.84817624
0.0,0.07572648
0.0,0.3808083
1.0,0.9939589
0.0,0.32384312
0.0,0.08613914
0.0,0.2025775
0.0,0.27089533
0.0,0.7004746
1.0,0.41078416
0.0,0.122065514
1.0,0.99880064
0.0,0.57548344
1.0,0.9679246
0.0,0.49778005
1.0,0.98315847
1.0,0.9971407
1.0,0.99992734
0.0,0.9816829
0.0,0.09574199
1.0,0.6836147
0.0,0.12688908
0.0,0.32943618
1.0,0.92626786
1.0,0.61434144
0.0,0.4586429
1.0,0.99637353
1.0,0.9897175
0.0,0.86450356
0.0,0.11590788
0.0,0.8961959
0.0,0.06661716
0.0,0.049288183
0.0,0.96911836
1.0,0.9998623
1.0,0.9996662
1.0,0.9816117
0.0,0.012090206
0.0,0.04708761
0.0,0.0686079
0.0,0.116027
0.0,0.104202
0.0,0.11488223
1.0,0.92724186
1.0,0.9980159
1.0,0.7581869
0.0,0.27329573
0.0,0.067270845
1.0,0.98159814
0.0,0.46963638
0.0,0.97558236
1.0,0.98609495
0.0,0.9385827
0.0,0.97231543
1.0,0.9768292
0.0,0.15333512
1.0,0.9463528
1.0,0.95965356
0.0,0.9653496
0.0,0.075366855
1.0,0.9998561
0.0,0.06601161
0.0,0.8869327
1.0,0.9766062
1.0,0.97753286
1.0,0.9291573
1.0,0.9762678
0.0,0.99669313
0.0,0.11931458
0.0,0.09587896
1.0,0.7096242
0.0,0.99732804
1.0,0.870644
0.0,0.9393656
1.0,0.91038495
1.0,0.5031817
0.0,0.45788932
0.0,0.2958273
0.0,0.023814172
0.0,0.48304644
0.0,0.20937341
0.0,0.10860291
1.0,0.33460116
1.0,0.6227845
0.0,0.6793165
1.0,0.98550344
1.0,0.41740626
0.0,0.052467763
0.0,0.29873872
1.0,0.9713757
1.0,0.6565394
0.0,0.13694328
0.0,0.63402647
0.0,0.11065894
0.0,0.12733829
1.0,0.86571425
1.0,0.9985802
0.0,0.35936332
0.0,0.07066411
0.0,0.20064509
0.0,0.60478646
0.0,0.076358825
0.0,0.11802617
0.0,0.97573656
0.0,0.9052911
0.0,0.19977498
0.0,0.3943805
0.0,0.428384
1.0,0.9993644
1.0,0.9691836
0.0,0.10779357
0.0,0.10429612
0.0,0.019373626
0.0,0.08812687
0.0,0.3529647
0.0,0.61243945
0.0,0.100849956
0.0,0.9714112
1.0,0.9896405
1.0,0.9999267
1.0,0.98291415
1.0,0.9910684
1.0,0.99949723
0.0,0.96141803
0.0,0.167117
0.0,0.20371604
0.0,0.34594256
1.0,0.84368503
0.0,0.11617836
1.0,0.9957348
0.0,0.09474677
0.0,0.90846515
0.0,0.95080847
0.0,0.20499057
0.0,0.4645568
0.0,0.721141
0.0,0.4460135
0.0,0.08540043
1.0,0.95412594
1.0,0.93611896
0.0,0.46749282
0.0,0.33654222
0.0,0.06313884
0.0,0.07147044
1.0,0.997069
0.0,0.10494059
1.0,0.3829393
0.0,0.11751962
1.0,0.6526681
0.0,0.056681782
0.0,0.25233662
1.0,0.92313516
0.0,0.085725546
1.0,0.999091
0.0,0.26313603
0.0,0.27891022
0.0,0.37404975
0.0,0.03374383
0.0,0.08269021
1.0,0.98427844
1.0,0.9993723
0.0,0.87286437
0.0,0.17680964
0.0,0.10701689
0.0,0.72471225
1.0,0.8957844
0.0,0.5043313
1.0,0.74605477
1.0,0.9482595
0.0,0.8759072
0.0,0.23284319
0.0,0.27200848
0.0,0.3240853
0.0,0.33678424
0.0,0.30158252
0.0,0.15047419
0.0,0.8247888
0.0,0.675606
1.0,0.9950926
0.0,0.99820703
0.0,0.10982412
1.0,0.9867554
0.0,0.13108537
0.0,0.26228064
0.0,0.042506605
0.0,0.12521294
1.0,0.27381647
1.0,0.9365182
1.0,0.7544357
0.0,0.11364341
0.0,0.06901196
0.0,0.12833518
0.0,0.9862819
0.0,0.52612185
0.0,0.970137
1.0,0.9998195
1.0,0.9924557
1.0,0.990265
0.0,0.13135391
1.0,0.9999502
1.0,0.7569467
0.0,0.1062597
1.0,0.9944071
0.0,0.18613857
0.0,0.12178537
0.0,0.9332689
1.0,0.9985584
1.0,0.97931516
1.0,0.95928156
0.0,0.93063366
0.0,0.786822
0.0,0.06415093
1.0,0.998597
1.0,0.9997598
1.0,0.99916184
1.0,0.93483824
0.0,0.23241448
0.0,0.09159726
0.0,0.09980306
0.0,0.48260993
1.0,0.99563944
0.0,0.12282035
0.0,0.31336272
0.0,0.27225894
1.0,0.39570296
0.0,0.651816
0.0,0.33486798
0.0,0.21278474
0.0,0.972329
0.0,0.26885912
0.0,0.2625178
0.0,0.049749374
0.0,0.30576342
0.0,0.086092025
1.0,0.99723285
1.0,0.69353104
0.0,0.89732563
0.0,0.98761094
0.0,0.39563432
1.0,0.9658258
0.0,0.07746208
0.0,0.14300177
0.0,0.7585478
0.0,0.07472724
1.0,0.982484
0.0,0.14672849
0.0,0.14615548
1.0,0.67368484
1.0,0.99679065
1.0,0.99654496
0.0,0.059725195
0.0,0.2641787
1.0,0.9515327
1.0,0.99877393
1.0,0.9995397
0.0,0.9860792
0.0,0.6457964
0.0,0.03821194
1.0,0.19901279
1.0,0.999791
0.0,0.10338175
0.0,0.9681692
1.0,0.9075744
1.0,0.99957025
0.0,0.10916641
1.0,0.9592651
1.0,0.839641
0.0,0.22917137
1.0,0.4750448
0.0,0.12540045
0.0,0.06854531
0.0,0.90848887
0.0,0.10210115
1.0,0.9529954
0.0,0.7085794
1.0,0.9365146
1.0,0.95069385
1.0,0.8643137
0.0,0.0391061
0.0,0.89202815
1.0,0.68349326
0.0,0.093413174
1.0,0.8840007
1.0,0.9882883
0.0,0.98964846
0.0,0.38588277
1.0,0.30673805
1.0,0.9998325
0.0,0.08314285
1.0,0.9370825
1.0,0.8010585
1.0,0.9863777
1.0,0.9998491
1.0,0.9510606
1.0,0.9881254
0.0,0.38082823
0.0,0.80252916
0.0,0.30510366
1.0,0.9979118
1.0,0.8608177
0.0,0.46836656
0.0,0.2602029
1.0,0.37826982
0.0,0.029753387
1.0,0.99969786
0.0,0.6367157
1.0,0.77693975
1.0,0.98788595
0.0,0.4364845
1.0,0.7047904
0.0,0.39915878
1.0,0.9999743
1.0,0.989829
1.0,0.24914265
0.0,0.14456216
0.0,0.23554438
1.0,0.9667179
0.0,0.26082104
1.0,0.9966115
0.0,0.07392961
0.0,0.96433985
0.0,0.23931924
0.0,0.55114496
0.0,0.03459868
0.0,0.7271693
0.0,0.62366444
1.0,0.99291396
1.0,0.47620383
0.0,0.09973973
1.0,0.9999299
1.0,0.9646682
0.0,0.97417504
0.0,0.97720265
0.0,0.47829968
0.0,0.2939387
0.0,0.28963453
0.0,0.20109126
1.0,0.44645572
1.0,0.99935275
0.0,0.11122495
0.0,0.06460601
0.0,0.862934
0.0,0.9959116
0.0,0.64779884
1.0,0.9970605
0.0,0.74822485
0.0,0.087050766
1.0,0.93217385
1.0,0.99425113
0.0,0.220281
0.0,0.54727274
0.0,0.022189379
1.0,0.9944889
1.0,0.9849994
0.0,0.109993964
0.0,0.44137126
0.0,0.07400736
0.0,0.42360237
0.0,0.04964146
1.0,0.9941897
1.0,0.97159886
1.0,0.59319025
0.0,0.012950569
1.0,0.55165416
0.0,0.8232931
1.0,0.99998426
1.0,0.55166996
0.0,0.096966684
0.0,0.023737371
0.0,0.11180717
0.0,0.76262283
0.0,0.9637172
1.0,0.9999089
0.0,0.96480405
0.0,0.69424146
0.0,0.09940827
0.0,0.048637927
0.0,0.24655071
0.0,0.48099473
0.0,0.5665598
1.0,0.96916026
1.0,0.9992415
0.0,0.0068953633
0.0,0.88587356
0.0,0.7412949
0.0,0.07507387
1.0,0.9992812
0.0,0.16822794
0.0,0.4175759
1.0,0.9109857
0.0,0.97416997
0.0,0.28421628
0.0,0.22630435
0.0,0.09191784
1.0,0.9968014
1.0,0.99285996
0.0,0.11943379
1.0,0.8030728
1.0,0.9844463
1.0,0.9730112
0.0,0.8547301
0.0,0.7389506
1.0,0.99467194
1.0,0.9986011
0.0,0.068021685
1.0,0.9985716
0.0,0.12762949
1.0,0.9523243
1.0,0.97853243
1.0,0.8562499
0.0,0.10201636
1.0,0.723816
1.0,0.569735
0.0,0.24909157
0.0,0.21645436
0.0,0.99811894
0.0,0.35432857
0.0,0.11051908
0.0,0.098026246
1.0,0.9994768
0.0,0.68863124
0.0,0.14860097
0.0,0.6754587
0.0,0.10482752
0.0,0.12058979
0.0,0.12489331
1.0,0.9909492
0.0,0.17637765
0.0,0.09914827
0.0,0.6983999
1.0,0.96553123
1.0,0.97589505
1.0,0.99122655
1.0,0.9988181
0.0,0.076078326
0.0,0.1836046
0.0,0.08098245
0.0,0.22042486
0.0,0.9224763
0.0,0.19030824
1.0,0.9921036
0.0,0.7914276
1.0,0.5412664
1.0,0.14806408
1.0,0.9700835
0.0,0.10836896
0.0,0.12084764
0.0,0.029902697
0.0,0.052284896
1.0,0.8450506
1.0,0.9876853
1.0,0.977388
1.0,0.97882384
1.0,0.99996495
0.0,0.10647637
0.0,0.19431129
0.0,0.96248233
0.0,0.10106814
1.0,0.9990464
0.0,0.0917435
0.0,0.98289204
1.0,0.98850536
1.0,0.75569403
0.0,0.09329206
0.0,0.48157966
0.0,0.6018917
0.0,0.87391686
1.0,0.9494175
0.0,0.9998069
0.0,0.5727542
1.0,0.9999598
0.0,0.49082142
1.0,0.9977106
1.0,0.99543583
0.0,0.016669959
0.0,0.9807235
0.0,0.08948526
0.0,0.11416489
1.0,0.9306497
0.0,0.21887729
0.0,0.6478695
0.0,0.94482636
0.0,0.024850607
1.0,0.9976144
1.0,0.37334687
1.0,0.82726586
1.0,0.9868611
0.0,0.7900702
0.0,0.09473851
1.0,0.96884143
0.0,0.17670608
1.0,0.6829715
0.0,0.11984384
1.0,0.9996164
1.0,0.9980106
0.0,0.54636484
0.0,0.5198604
0.0,0.88603324
0.0,0.20686346
0.0,0.16584304
0.0,0.16169882
1.0,0.98683405
0.0,0.050256073
0.0,0.47774106
0.0,0.48628655
0.0,0.10337651
0.0,0.16591704
0.0,0.015401572
0.0,0.3099013
0.0,0.06410444
0.0,0.18465006
0.0,0.13318393
0.0,0.4022116
0.0,0.12604937
1.0,0.762053
0.0,0.31267086
1.0,0.99796367
0.0,0.08837724
0.0,0.07886332
1.0,0.761581
0.0,0.1375995
1.0,0.99968255
0.0,0.1585314
1.0,0.97781223
0.0,0.94795144
0.0,0.036523134
1.0,0.9509697
1.0,0.6439403
0.0,0.051731765
0.0,0.07585439
0.0,0.11538762
0.0,0.049295753
0.0,0.091035694
0.0,0.9212185
1.0,0.9900948
1.0,0.9484947
0.0,0.2521741
0.0,0.2264046
1.0,0.93617666
1.0,0.95163435
1.0,0.9759847
0.0,0.06710541
1.0,0.27884164
0.0,0.6494075
1.0,0.46969467
0.0,0.025410593
1.0,0.9015045
0.0,0.13405803
0.0,0.15259287
0.0,0.7340808
0.0,0.95663655
1.0,0.987501
0.0,0.29354683
0.0,0.50853634
1.0,0.99764466
0.0,0.16226134
0.0,0.90145075
0.0,0.5069443
1.0,0.99892527
0.0,0.26385215
0.0,0.21525088
0.0,0.99993587
1.0,0.99270713
0.0,0.022068858
0.0,0.8655975
0.0,0.28215286
1.0,0.8251477
0.0,0.13106886
1.0,0.9998205
0.0,0.7741984
1.0,0.9034866
1.0,0.99962354
0.0,0.9401073
1.0,0.97598743
1.0,0.9997828
0.0,0.17967302
0.0,0.95866513
0.0,0.102021486
1.0,0.99935555
0.0,0.6240369
1.0,0.9515412
1.0,0.67315024
0.0,0.18584067
1.0,0.9937966
0.0,0.6526261
1.0,0.9130647
0.0,0.92910963
1.0,0.92329407
0.0,0.7953274
1.0,0.045863807
0.0,0.34520075
0.0,0.06563172
0.0,0.048491836
0.0,0.034973115
0.0,0.07632226
0.0,0.07355285
0.0,0.050025344
0.0,0.7139698
0.0,0.63121
0.0,0.6834142
0.0,0.9125612
0.0,0.123514175
1.0,0.9968217
1.0,0.46822098
0.0,0.9406756
1.0,0.21427849
0.0,0.09715173
0.0,0.76417947
0.0,0.9239236
0.0,0.10183364
0.0,0.17999288
0.0,0.24336624
1.0,0.9892749
0.0,0.08044341
0.0,0.09497073
1.0,0.058494747
0.0,0.062092483
1.0,0.9745289
0.0,0.44691807
0.0,0.2609707
1.0,0.67849696
0.0,0.12891862
1.0,0.98831975
0.0,0.06950784
0.0,0.020327926
0.0,0.063821524
1.0,0.9985784
0.0,0.16923821
1.0,0.9350422
1.0,0.9038756
0.0,0.99450743
0.0,0.08641201
1.0,0.18150744
0.0,0.112452
0.0,0.27556884
0.0,0.8161917
0.0,0.0711855
0.0,0.47404015
0.0,0.99333555
1.0,0.6559689
0.0,0.21926498
1.0,0.99244654
0.0,0.06357682
0.0,0.031867474
0.0,0.08804235
1.0,0.9920428
1.0,0.99976975
0.0,0.36230946
0.0,0.5116682
0.0,0.031499714
0.0,0.21400422
0.0,0.2162019
0.0,0.18800291
0.0,0.039144903
1.0,0.36219668
1.0,0.98349345
0.0,0.09149325
0.0,0.9998621
1.0,0.94058526
0.0,0.015363514
1.0,0.98192513
0.0,0.05366394
0.0,0.16788292
1.0,0.9993075
0.0,0.8332717
1.0,0.9595636
1.0,0.9955621
1.0,0.99699986
0.0,0.36869252
0.0,0.18325603
0.0,0.7172061
1.0,0.977791
0.0,0.48733595
1.0,0.99589604
0.0,0.08323753
0.0,0.101964176
0.0,0.47547996
1.0,0.97481
0.0,0.078496486
0.0,0.27119586
0.0,0.86405927
1.0,0.15881136
1.0,0.9998597
0.0,0.12118712
0.0,0.14926767
1.0,0.997645
1.0,0.99268115
1.0,0.97643113
1.0,0.3950339
0.0,0.10280341
1.0,0.9077599
0.0,0.19266841
0.0,0.21335995
0.0,0.076574594
1.0,0.91425776
0.0,0.34962982
0.0,0.19806537
0.0,0.084555775
1.0,0.9341468
0.0,0.7534029
1.0,0.99985373
1.0,0.9991579
0.0,0.3366145
1.0,0.95309424
0.0,0.04817161
1.0,0.9438988
0.0,0.8492496
0.0,0.13495126
0.0,0.15034443
0.0,0.106957585
1.0,0.99951327
0.0,0.15960145
0.0,0.42014027
0.0,0.8712485
1.0,0.999853
1.0,0.76944655
0.0,0.07360685
1.0,0.9874258
1.0,0.9992485
1.0,0.99998057
1.0,0.55150646
0.0,0.74006385
1.0,0.964977
0.0,0.33441913
0.0,0.7350238
1.0,0.5692469
0.0,0.10174078
0.0,0.19636393
0.0,0.36369818
1.0,0.71400523
0.0,0.9940345
0.0,0.46020192
1.0,0.9760308
0.0,0.07814154
1.0,0.9512015
0.0,0.16740221
0.0,0.97996855
1.0,0.9173076
1.0,0.9892259
0.0,0.03699851
1.0,0.9563095
1.0,0.9987919
0.0,0.7858369
0.0,0.8162083
1.0,0.92261046
0.0,0.77553576
1.0,0.9992982
0.0,0.100812346
0.0,0.12518921
1.0,0.76903737
1.0,0.96806794
0.0,0.5402534
1.0,0.8797151
0.0,0.69291073
0.0,0.445525
1.0,0.99918973
0.0,0.110278726
0.0,0.59578276
0.0,0.12174043
1.0,0.917934
0.0,0.2528235
0.0,0.06499231
1.0,0.9323592
1.0,0.9988158
0.0,0.2438165
0.0,0.45644903
0.0,0.035959065
1.0,0.5328947
0.0,0.9502133
0.0,0.046938926
0.0,0.14544073
0.0,0.11308861
0.0,0.13892674
1.0,0.40312374
0.0,0.31641006
0.0,0.049371243
0.0,0.2660604
1.0,0.9970286
1.0,0.99996805
1.0,0.7514038
0.0,0.75133073
0.0,0.20452121
0.0,0.9995712
1.0,0.99931324
0.0,0.3130388
1.0,0.9719205
0.0,0.24917185
1.0,0.9967909
0.0,0.32306874
1.0,0.98779595
0.0,0.993803
1.0,0.9130386
0.0,0.35223997
0.0,0.6092613
1.0,0.7195166
1.0,0.99866235
1.0,0.9982118
0.0,0.6093743
1.0,0.99752665
1.0,0.802413
1.0,0.59328717
0.0,0.07044706
1.0,0.78671086
0.0,0.28303796
0.0,0.9677621
1.0,0.87526584
0.0,0.7186474
0.0,0.1586748
0.0,0.34031683
0.0,0.1295602
0.0,0.7165472
1.0,0.99688685
1.0,0.9829346
0.0,0.5281116
0.0,0.8673346
0.0,0.0844298
1.0,0.9997523
0.0,0.8936264
0.0,0.31528407
0.0,0.10488862
0.0,0.052290976
0.0,0.16250649
0.0,0.9924666
1.0,0.99739826
1.0,0.9998919
1.0,0.5047827
0.0,0.78866774
0.0,0.093749255
0.0,0.15788153
0.0,0.14832047
0.0,0.29464418
1.0,0.8743032
0.0,0.113087684
0.0,0.3156495
1.0,0.99888104
0.0,0.2045266
1.0,0.47749484
1.0,0.73371524
0.0,0.67102456
0.0,0.021806985
0.0,0.29390055
1.0,0.5987515
0.0,0.654621
0.0,0.14471409
1.0,0.8443461
1.0,0.9104296
0.0,0.100122064
0.0,0.42852402
0.0,0.55186224
0.0,0.08037758
0.0,0.827109
1.0,0.6299072
1.0,0.9925784
0.0,0.09262636
0.0,0.03681299
0.0,0.9687693
0.0,0.47831637
1.0,0.9976731
0.0,0.25085354
1.0,0.99973166
0.0,0.20874596
1.0,0.9995323
0.0,0.03140703
1.0,0.99367654
1.0,0.7131299
0.0,0.11695361
0.0,0.42015612
0.0,0.1363005
0.0,0.6642271
1.0,0.9340796
1.0,0.21347284
1.0,0.16091123
1.0,0.47531945
1.0,0.8148054
0.0,0.01208815
1.0,0.96413565
1.0,0.93411034
0.0,0.08507031
0.0,0.2976189
0.0,0.13733336
1.0,0.7941523
1.0,0.9997983
0.0,0.9251261
0.0,0.14355585
1.0,0.85125655
0.0,0.017856866
0.0,0.1303936
1.0,0.9989742
0.0,0.9588242
0.0,0.20634776
1.0,0.7554343
1.0,0.9312047
0.0,0.11018446
0.0,0.3673948
0.0,0.15417668
1.0,0.99854755
1.0,0.99700195
0.0,0.92352587
0.0,0.51088303
1.0,0.9899917
1.0,0.98347723
0.0,0.13054696
0.0,0.30462116
0.0,0.93007195
1.0,0.34564796
1.0,0.73596066
0.0,0.12187296
0.0,0.46181858
1.0,0.99101126
0.0,0.21302053
0.0,0.17154688
0.0,0.17683402
0.0,0.9206449
1.0,0.9498892
0.0,0.98094714
0.0,0.066802084
0.0,0.94700176
0.0,0.6102792
0.0,0.18704957
1.0,0.8574451
1.0,0.96243286
0.0,0.30440596
1.0,0.99919295
0.0,0.6355683
1.0,0.97933084
1.0,0.23132029
1.0,0.999065
0.0,0.08796391
0.0,0.96387964
0.0,0.16868779
1.0,0.9999659
0.0,0.130027
1.0,0.9941592
0.0,0.37528744
0.0,0.07285601
1.0,0.6365336
1.0,0.9974866
0.0,0.05696392
1.0,0.84742296
0.0,0.11496273
1.0,0.99740386
0.0,0.06853625
1.0,0.72658664
1.0,0.43770075
0.0,0.16723764
0.0,0.14220533
0.0,0.108152896
0.0,0.06859779
0.0,0.09659797
0.0,0.998134
0.0,0.36819637
0.0,0.24370441
0.0,0.98279506
0.0,0.106815815
1.0,0.99861294
0.0,0.8357307
0.0,0.6552813
1.0,0.99989796
0.0,0.453635
1.0,0.9999167
0.0,0.11257604
1.0,0.99932766
0.0,0.0750339
0.0,0.40341178
1.0,0.9999251
0.0,0.20287731
0.0,0.08430806
0.0,0.043433815
1.0,0.99993813
1.0,0.72396874
0.0,0.033455312
1.0,0.9906995
1.0,0.8320385
1.0,0.9949833
0.0,0.9510112
1.0,0.7992605
1.0,0.97112036
0.0,0.8588766
1.0,0.876904
1.0,0.94277614
0.0,0.12425661
0.0,0.045494556
0.0,0.32155764
0.0,0.1453585
0.0,0.10436624
0.0,0.16042021
0.0,0.22517544
0.0,0.034466654
1.0,0.9380057
0.0,0.6537968
0.0,0.078609616
0.0,0.15937468
0.0,0.31837034
1.0,0.916899
0.0,0.07320535
1.0,0.98928225
0.0,0.7494811
0.0,0.12625411
1.0,0.63688785
1.0,0.9986753
0.0,0.43913665
0.0,0.5379961
1.0,0.9283724
0.0,0.99189734
0.0,0.25826126
1.0,0.8208177
1.0,0.7582964
1.0,0.8114327
1.0,0.98703915
0.0,0.14607906
0.0,0.061976075
1.0,0.71966815
0.0,0.12614101
0.0,0.02567491
1.0,0.9995203
1.0,0.9600949
1.0,0.99966824
0.0,0.063868076
1.0,0.7903254
1.0,0.9939027
1.0,0.9798626
0.0,0.09372187
0.0,0.069545776
1.0,0.6912677
0.0,0.075338274
0.0,0.84325635
0.0,0.33546513
1.0,0.9999324
0.0,0.098189205
0.0,0.12725595
0.0,0.21245545
0.0,0.8865351
0.0,0.14732224
0.0,0.075145036
0.0,0.94092065
1.0,0.99987775
0.0,0.51766044
1.0,0.94424576
0.0,0.10108042
0.0,0.58021486
0.0,0.9047438
1.0,0.078068435
0.0,0.89753693
0.0,0.059036106
0.0,0.08543521
0.0,0.5869045
0.0,0.43210703
1.0,0.95628095
0.0,0.53151023
1.0,0.98640287
0.0,0.04893902
0.0,0.15485525
0.0,0.100402445
0.0,0.8655044
0.0,0.13323429
0.0,0.65510345
0.0,0.88894963
0.0,0.15354773
1.0,0.9766147
0.0,0.6212055
1.0,0.84369695
1.0,0.86863875
0.0,0.2779115
0.0,0.13215166
1.0,0.9788321
0.0,0.11492717
1.0,0.9609927
1.0,0.977219
0.0,0.15328583
1.0,0.75041765
0.0,0.0711734
1.0,0.9960247
0.0,0.1809076
0.0,0.25876817
1.0,0.90951383
0.0,0.9291673
0.0,0.08427438
0.0,0.80370766
1.0,0.8366066
1.0,0.99949825
0.0,0.06027651
0.0,0.61002356
1.0,0.732164
0.0,0.8913937
1.0,0.410529
0.0,0.38386923
1.0,0.7446368
0.0,0.79343295
0.0,0.12790638
0.0,0.86211705
0.0,0.109348804
0.0,0.31635863
1.0,0.16003647
0.0,0.87861764
1.0,0.9894865
0.0,0.14561945
1.0,0.62260413
0.0,0.12178555
0.0,0.08930576
0.0,0.14860004
0.0,0.10619041
0.0,0.21669027
0.0,0.37539822
0.0,0.80794203
0.0,0.4202267
1.0,0.9826107
0.0,0.14590546
0.0,0.37294134
1.0,0.6545657
1.0,0.57873774
0.0,0.12853196
0.0,0.14317971
1.0,0.9508487
0.0,0.50791526
1.0,0.7110728
1.0,0.99885714
1.0,0.8798624
1.0,0.86376107
0.0,0.20639
0.0,0.08258566
1.0,0.8940988
0.0,0.40932053
1.0,0.9993987
1.0,0.93265414
1.0,0.9994594
0.0,0.16898662
0.0,0.076839775
0.0,0.388008
0.0,0.15820685
1.0,0.9276475
1.0,0.9868796
0.0,0.22086102
0.0,0.28344357
0.0,0.27855283
0.0,0.5254518
1.0,0.23247203
1.0,0.9192028
1.0,0.80057144
0.0,0.77294904
1.0,0.63454103
1.0,0.9547019
1.0,0.93068886
1.0,0.9612862
0.0,0.7791792
0.0,0.9561477
0.0,0.94669604
0.0,0.0946843
1.0,0.9805956
1.0,0.99960786
1.0,0.902143
1.0,0.9747471
0.0,0.15314114
0.0,0.067100585
0.0,0.27832347
0.0,0.5449144
1.0,0.99321496
0.0,0.41873857
0.0,0.1971528
0.0,0.37386513
0.0,0.09725866
1.0,0.88964045
1.0,0.75702965
1.0,0.991682
0.0,0.3793972
0.0,0.85278726
1.0,0.8139541
1.0,0.9999548
0.0,0.07440135
1.0,0.99444175
0.0,0.8938059
1.0,0.99987555
1.0,0.99967974
1.0,0.47397384
0.0,0.14814404
0.0,0.41901517
1.0,0.99958366
0.0,0.53134257
0.0,0.5122125
1.0,0.9995553
0.0,0.2519203
0.0,0.09969273
0.0,0.43762606
1.0,0.76460755
0.0,0.6729833
0.0,0.5307965
1.0,0.915624
0.0,0.6330974
0.0,0.09333813
0.0,0.17730257
0.0,0.12911502
1.0,0.8480823
0.0,0.99018896
0.0,0.0696525
0.0,0.07727149
1.0,0.7784835
0.0,0.3127517
0.0,0.013320297
1.0,0.8240454
0.0,0.9034333
0.0,0.07819909
1.0,0.9999207
1.0,0.9413034
0.0,0.08662152
1.0,0.80542374
1.0,0.5079454
0.0,0.84492505
0.0,0.879223
1.0,0.88150007
1.0,0.95804334
0.0,0.0396291
1.0,0.5884306
1.0,0.69593793
1.0,0.46624517
0.0,0.2552735
1.0,0.42090636
0.0,0.13405684
1.0,0.97844934
0.0,0.029934615
1.0,0.9913113
0.0,0.8456297
0.0,0.23759103
1.0,0.8888513
0.0,0.17938733
1.0,0.99579424
1.0,0.98566973
1.0,0.9966374
1.0,0.92795444
0.0,0.05676329
1.0,0.16238874
0.0,0.67016685
0.0,0.10408583
0.0,0.10924232
0.0,0.1536324
1.0,0.99564976
0.0,0.12236145
0.0,0.691656
0.0,0.7147044
0.0,0.97596663
1.0,0.98877156
0.0,0.5851308
0.0,0.0867652
0.0,0.12696129
0.0,0.9907141
1.0,0.8791454
0.0,0.10603291
1.0,0.97647107
1.0,0.9981402
0.0,0.9499355
0.0,0.119766295
0.0,0.103146225
1.0,0.99771225
0.0,0.2647562
1.0,0.07935944
1.0,0.90772974
1.0,0.9993034
0.0,0.8151536
0.0,0.6297596
0.0,0.061080575
0.0,0.9293102
0.0,0.15413421
0.0,0.057886124
0.0,0.5543192
1.0,0.9121082
0.0,0.41314453
1.0,0.99315834
0.0,0.9259003
1.0,0.99652624
1.0,0.9942156
1.0,0.8463266
1.0,0.989751
0.0,0.96103686
0.0,0.9028586
0.0,0.27543142
1.0,0.86630595
1.0,0.9955189
0.0,0.12145606
1.0,0.80073166
1.0,0.97404253
1.0,0.9919071
1.0,0.6817163
0.0,0.8683187
0.0,0.16214997
1.0,0.98517084
0.0,0.13522455
0.0,0.10621524
1.0,0.99706674
0.0,0.05114281
0.0,0.9022553
0.0,0.52952534
0.0,0.08168435
0.0,0.114987046
1.0,0.99960196
0.0,0.23875862
0.0,0.87273
1.0,0.46282795
0.0,0.4904779
1.0,0.9966662
0.0,0.39823937
0.0,0.16196263
0.0,0.056550592
0.0,0.8155894
1.0,0.977998
0.0,0.5004537
0.0,0.21035385
1.0,0.96366954
1.0,0.9685616
0.0,0.052841276
0.0,0.10583258
0.0,0.043508857
1.0,0.7234578
0.0,0.09787035
1.0,0.9978453
1.0,0.81408477
1.0,0.47072184
1.0,0.977986
1.0,0.9812474
0.0,0.9983421
1.0,0.94634736
1.0,0.9996265
0.0,0.10838914
0.0,0.09814289
0.0,0.20210007
1.0,0.9938316
0.0,0.14813021
0.0,0.05940044
0.0,0.39106297
1.0,0.99761677
0.0,0.30846357
1.0,0.9956548
0.0,0.5277847
0.0,0.7824022
0.0,0.47943485
0.0,0.18534184
0.0,0.18650159
1.0,0.7859048
1.0,0.9974977
0.0,0.12634861
0.0,0.41744998
1.0,0.9372767
0.0,0.019685626
1.0,0.99949074
0.0,0.33718583
0.0,0.102234066
0.0,0.1432958
1.0,0.9991476
1.0,0.73531866
0.0,0.1744577
0.0,0.37847722
1.0,0.9599874
0.0,0.18870944
0.0,0.29795688
1.0,0.9778377
1.0,0.9985696
1.0,0.97204584
0.0,0.14191261
1.0,0.9727471
1.0,0.98306584
0.0,0.29955778
0.0,0.35397592
0.0,0.112538606
0.0,0.09650487
0.0,0.07185513
0.0,0.19907734
1.0,0.86616623
1.0,0.96846205
0.0,0.15544581
0.0,0.012326926
0.0,0.78259903
0.0,0.23497748
1.0,0.9974719
0.0,0.9294988
0.0,0.22787133
0.0,0.8314959
0.0,0.996517
1.0,0.29309726
0.0,0.07206455
0.0,0.8722611
1.0,0.9915311
0.0,0.341289
0.0,0.9179462
0.0,0.14416727
0.0,0.16307095
1.0,0.88426924
1.0,0.96732724
0.0,0.40965933
0.0,0.99714744
0.0,0.08269262
0.0,0.9980724
0.0,0.9985111
0.0,0.12298864
0.0,0.01706478
0.0,0.54251814
1.0,0.24603125
0.0,0.2729061
1.0,0.31971318
0.0,0.8747313
0.0,0.032592177
0.0,0.34118626
0.0,0.47568274
0.0,0.52846915
0.0,0.246528
1.0,0.9982406
0.0,0.09311333
0.0,0.8959595
0.0,0.44707522
1.0,0.9640465
1.0,0.97857666
0.0,0.123651624
0.0,0.6888511
0.0,0.094897
1.0,0.99993986
1.0,0.9533119
1.0,0.99863744
0.0,0.38631687
1.0,0.99982977
0.0,0.292036
0.0,0.10907403
0.0,0.14617494
1.0,0.053043842
0.0,0.07287809
0.0,0.1317501
1.0,0.9998832
1.0,0.62779605
0.0,0.23495924
1.0,0.9999124
0.0,0.13584602
1.0,0.96561205
0.0,0.5830528
1.0,0.96177137
0.0,0.9999087
0.0,0.319318
1.0,0.99337685
0.0,0.13221854
0.0,0.5057491
0.0,0.084377736
0.0,0.25282332
0.0,0.3778821
0.0,0.07465142
1.0,0.9150106
1.0,0.8936864
0.0,0.70083416
0.0,0.10936117
0.0,0.083351046
0.0,0.9257952
1.0,0.999252
0.0,0.124026775
0.0,0.49698696
0.0,0.97199714
0.0,0.50036716
0.0,0.030102164
1.0,0.9784831
1.0,0.99842954
0.0,0.057886064
0.0,0.06622538
0.0,0.21632364
0.0,0.104756266
1.0,0.93877935
0.0,0.93561256
0.0,0.5690296
0.0,0.08912134
1.0,0.9767046
0.0,0.1333091
0.0,0.5096597
1.0,0.99871373
0.0,0.12913701
0.0,0.3162542
1.0,0.933934
1.0,0.92499506
1.0,0.99362445
0.0,0.0733856
0.0,0.08747029
0.0,0.6743394
0.0,0.114506334
1.0,0.94929457
0.0,0.22851199
1.0,0.19320253
0.0,0.014740139
0.0,0.0672178
0.0,0.35379443
1.0,0.999807
0.0,0.8765438
0.0,0.3995602
0.0,0.73035794
1.0,0.85373574
0.0,0.109066665
0.0,0.29377013
0.0,0.05768296
1.0,0.15867937
0.0,0.10771957
0.0,0.05380544
1.0,0.3363182
1.0,0.99992114
0.0,0.051546693
1.0,0.9998629
1.0,0.995223
1.0,0.97756654
1.0,0.99248385
0.0,0.0747236
1.0,0.9870049
0.0,0.9999807
1.0,0.18626559
0.0,0.104655534
1.0,0.5689911
0.0,0.5131923
1.0,0.41783845
1.0,0.999884
1.0,0.9419044
0.0,0.056498885
0.0,0.9289003
0.0,0.96362317
0.0,0.175639
0.0,0.10670787
0.0,0.27293715
1.0,0.9997232
1.0,0.99734133
1.0,0.8806771
0.0,0.16134852
0.0,0.093687
0.0,0.34021735
0.0,0.40210968
1.0,0.078157455
0.0,0.2830756
0.0,0.17736366
0.0,0.15956026
0.0,0.9879511
1.0,0.99696493
0.0,0.89245206
0.0,0.9760629
0.0,0.26908195
1.0,0.63500565
0.0,0.20388255
0.0,0.87128234
1.0,0.6061482
0.0,0.8793219
1.0,0.65891707
0.0,0.21033326
0.0,0.8194653
0.0,0.09912825
0.0,0.12738621
0.0,0.02948922
1.0,0.9991383
0.0,0.32133016
0.0,0.34117383
1.0,0.9817621
1.0,0.99792516
0.0,0.6635736
1.0,0.09426576
0.0,0.310779
0.0,0.40402615
1.0,0.98293424
0.0,0.0700711
0.0,0.6815243
0.0,0.059096545
0.0,0.14709735
1.0,0.9991485
1.0,0.9964387
1.0,0.9219158
1.0,0.9989574
0.0,0.16051659
0.0,0.11626038
0.0,0.67670226
1.0,0.9974613
0.0,0.2396931
0.0,0.06678319
1.0,0.99046123
1.0,0.85408795
1.0,0.9980819
0.0,0.0974139
0.0,0.5492342
0.0,0.35363832
1.0,0.999427
1.0,0.97829616
1.0,0.9796353
0.0,0.40361476
0.0,0.034232438
0.0,0.061026365
1.0,0.9753597
1.0,0.4422955
0.0,0.6042909
1.0,0.9823972
1.0,0.9080068
1.0,0.99338275
1.0,0.68349946
0.0,0.3686849
0.0,0.17100272
1.0,0.6628749
1.0,0.952579
0.0,0.29542217
0.0,0.09849849
0.0,0.07861531
0.0,0.10083756
0.0,0.12427187
0.0,0.6441084
0.0,0.103096426
0.0,0.3207667
1.0,0.7233867
1.0,0.814715
0.0,0.90036386
1.0,0.9993701
0.0,0.06766164
1.0,0.9829953
0.0,0.4896845
1.0,0.99846876
0.0,0.016272187
0.0,0.0692361
0.0,0.07233715
0.0,0.668241
1.0,0.53922355
1.0,0.9989774
0.0,0.08946052
0.0,0.7002431
1.0,0.45803446
0.0,0.22629678
1.0,0.99824333
1.0,0.837262
0.0,0.13296214
0.0,0.047763705
0.0,0.89138603
0.0,0.999609
0.0,0.99259853
0.0,0.07910314
0.0,0.7874971
0.0,0.23647699
1.0,0.99471915
1.0,0.9976794
1.0,0.9568598
1.0,0.9635983
0.0,0.08700299
0.0,0.9523442
1.0,0.9446136
0.0,0.9588076
0.0,0.11890647
0.0,0.3739615
1.0,0.6171316
1.0,0.32457423
0.0,0.25127202
1.0,0.96695226
1.0,0.9987446
0.0,0.007962048
0.0,0.15198499
1.0,0.9949397
0.0,0.077109694
0.0,0.9930411
0.0,0.063046366
0.0,0.20720801
1.0,0.20757368
0.0,0.092529535
0.0,0.11101878
0.0,0.6743703
1.0,0.65322965
0.0,0.08621201
0.0,0.1817488
1.0,0.99272335
0.0,0.032872587
0.0,0.790557
0.0,0.9979199
1.0,0.9998169
1.0,0.63529
1.0,0.836895
0.0,0.3925989
0.0,0.865696
1.0,0.582858
0.0,0.04560873
0.0,0.07737392
0.0,0.5159168
0.0,0.15187821
1.0,0.5426732
0.0,0.6258418
0.0,0.8875735
1.0,0.9481442
0.0,0.13763645
0.0,0.16595018
0.0,0.24324206
0.0,0.8077696
1.0,0.8975084
1.0,0.99571717
0.0,0.8677279
1.0,0.9494026
0.0,0.071532845
0.0,0.45355046
0.0,0.094955236
1.0,0.6522995
0.0,0.050183445
0.0,0.16155374
1.0,0.9934022
1.0,0.7828724
1.0,0.9414058
0.0,0.9326179
1.0,0.86983764
1.0,0.9887115
0.0,0.005795151
0.0,0.9825072
0.0,0.99137366
1.0,0.21976963
0.0,0.32855117
0.0,0.61500484
0.0,0.13894448
0.0,0.09929803
0.0,0.10810891
0.0,0.18093583
0.0,0.31928176
0.0,0.99088466
0.0,0.45771208
1.0,0.9662186
1.0,0.7811251
1.0,0.8828088
0.0,0.106984615
1.0,0.9998189
0.0,0.4587041
0.0,0.157159
1.0,0.9985733
0.0,0.4584827
0.0,0.07738644
0.0,0.17564356
0.0,0.20005873
0.0,0.7979272
0.0,0.9440314
0.0,0.2581736
1.0,0.8918818
0.0,0.013292253
0.0,0.07207531
0.0,0.06598249
1.0,0.99761844
1.0,0.98066
0.0,0.9476828
1.0,0.94262064
0.0,0.0952172
1.0,0.23468152
0.0,0.15369737
0.0,0.041180223
1.0,0.15660554
0.0,0.05779919
0.0,0.0891957
1.0,0.68510616
0.0,0.30772868
1.0,0.13662416
0.0,0.6698012
0.0,0.12791249
1.0,0.99558157
0.0,0.07213497
0.0,0.14288148
0.0,0.9946776
0.0,0.11152482
0.0,0.061602443
1.0,0.9866452
0.0,0.094031185
0.0,0.42946082
0.0,0.16634542
1.0,0.9263921
0.0,0.9932265
0.0,0.2708189
1.0,0.96333814
0.0,0.11700532
0.0,0.050134003
0.0,0.15692842
0.0,0.16640303
1.0,0.9700717
0.0,0.13167074
0.0,0.008587658
0.0,0.17907384
0.0,0.06491989
0.0,0.8854933
1.0,0.9939747
1.0,0.9431255
0.0,0.088526696
1.0,0.98870635
0.0,0.20365107
0.0,0.06192246
0.0,0.15188053
0.0,0.24692386
1.0,0.9970694
0.0,0.23609239
0.0,0.20855117
0.0,0.7308353
0.0,0.32595217
0.0,0.67843807
0.0,0.06186238
0.0,0.06432754
0.0,0.10124844
0.0,0.037395775
0.0,0.9911015
1.0,0.616693
0.0,0.09504914
0.0,0.23045617
0.0,0.13730633
1.0,0.9992529
0.0,0.1484685
1.0,0.96028006
0.0,0.20567274
0.0,0.0676215
0.0,0.6088451
1.0,0.9957211
1.0,0.9999739
1.0,0.9744332
1.0,0.56384146
0.0,0.81341624
0.0,0.070468515
1.0,0.99953926
1.0,0.98605895
0.0,0.1114434
0.0,0.3519373
0.0,0.9848367
1.0,0.9995094
0.0,0.16257003
0.0,0.12220314
0.0,0.3001082
0.0,0.12509537
1.0,0.73291093
1.0,0.98436034
0.0,0.042775244
1.0,0.90022767
0.0,0.2529746
0.0,0.16745582
0.0,0.056456625
0.0,0.15829074
0.0,0.06031218
1.0,0.98686826
0.0,0.013136923
0.0,0.19015789
0.0,0.949921
0.0,0.09725696
0.0,0.955312
1.0,0.9996004
0.0,0.14221504
0.0,0.040652663
1.0,0.9746072
0.0,0.79528177
0.0,0.08689797
1.0,0.99817
1.0,0.75672805
0.0,0.08333489
1.0,0.99658644
0.0,0.8281013
1.0,0.7916153
1.0,0.99999595
0.0,0.6291319
1.0,0.99902606
0.0,0.28780368
0.0,0.12380248
0.0,0.8550065
0.0,0.632023
0.0,0.1259776
0.0,0.15039364
0.0,0.5332502
1.0,0.99020886
0.0,0.13030398
0.0,0.13107845
0.0,0.55665773
0.0,0.7081145
1.0,0.995561
0.0,0.12051526
0.0,0.6098654
0.0,0.111902
0.0,0.12026954
0.0,0.070445985
0.0,0.9954749
1.0,0.350204
0.0,0.6649723
1.0,0.97298837
0.0,0.1034787
1.0,0.43632713
0.0,0.1342428
0.0,0.617589
0.0,0.1159966
0.0,0.9501434
0.0,0.72445434
0.0,0.2605222
0.0,0.6641713
0.0,0.22426984
0.0,0.97240996
0.0,0.9313299
1.0,0.9918027
0.0,0.88200665
0.0,0.19338945
1.0,0.9999251
0.0,0.32400358
0.0,0.09171957
0.0,0.20594826
1.0,0.99277997
1.0,0.96309245
1.0,0.89354515
1.0,0.9996507
0.0,0.595564
1.0,0.86274517
0.0,0.1525127
1.0,0.60071975
0.0,0.49102417
0.0,0.9972833
0.0,0.48878878
0.0,0.06704652
0.0,0.25131798
1.0,0.99783134
1.0,0.6874398
0.0,0.9989017
1.0,0.85461324
0.0,0.14478725
1.0,0.9980267
0.0,0.13646355
0.0,0.18068811
0.0,0.9995158
0.0,0.8305165
0.0,0.2830346
0.0,0.07702401
1.0,0.9998933
0.0,0.014585048
1.0,0.9992758
1.0,0.9930573
1.0,0.99679565
0.0,0.12591922
0.0,0.99988174
0.0,0.08303797
0.0,0.44431633
0.0,0.82188976
1.0,0.9679484
0.0,0.65852576
0.0,0.38656172
0.0,0.21421269
0.0,0.07733783
0.0,0.13990036
0.0,0.29235014
0.0,0.9600655
0.0,0.061505735
0.0,0.708282
1.0,0.99993503
0.0,0.48528713
0.0,0.08404827
0.0,0.06372768
0.0,0.04403889
1.0,0.9884192
0.0,0.9276811
1.0,0.99210715
0.0,0.9313099
1.0,0.99999344
1.0,0.9965993
0.0,0.05050981
0.0,0.47369802
0.0,0.23731828
0.0,0.428625
0.0,0.3198522
0.0,0.93373895
1.0,0.99933887
0.0,0.058012664
1.0,0.81540215
0.0,0.33712572
0.0,0.097426206
0.0,0.2578276
1.0,0.9938551
0.0,0.10033217
1.0,0.9999476
0.0,0.13250917
0.0,0.23164654
0.0,0.76780224
0.0,0.7825809
0.0,0.34537315
0.0,0.42920706
1.0,0.7141815
1.0,0.99407315
0.0,0.5014652
0.0,0.09522545
0.0,0.036022246
1.0,0.9827646
0.0,0.12062147
1.0,0.490429
0.0,0.43277615
1.0,0.97924465
1.0,0.994715
0.0,0.40829325
0.0,0.2821305
0.0,0.15627688
1.0,0.9601383
0.0,0.68767846
0.0,0.73834157
1.0,0.99491656
1.0,0.97906727
0.0,0.4093473
0.0,0.19497186
1.0,0.98361886
0.0,0.1769259
0.0,0.11013675
0.0,0.08520985
1.0,0.819841
0.0,0.1414893
0.0,0.08177319
1.0,0.9845139
1.0,0.90818906
0.0,0.7480475
0.0,0.08526403
0.0,0.18523201
1.0,0.99801105
1.0,0.999596
1.0,0.964642
0.0,0.20003155
0.0,0.020586997
0.0,0.20769441
0.0,0.032022864
1.0,0.9873847
0.0,0.12520555
0.0,0.94511724
0.0,0.2716465
0.0,0.8593432
0.0,0.1625332
0.0,0.1344159
0.0,0.6207104
0.0,0.1965164
0.0,0.09395537
1.0,0.51896936
1.0,0.9642049
0.0,0.7594832
0.0,0.71217096
1.0,0.23437983
0.0,0.02641964
1.0,0.9667972
0.0,0.34787697
0.0,0.103836596
1.0,0.99867153
1.0,0.9883648
0.0,0.9641546
0.0,0.43165153
1.0,0.63079894
0.0,0.24576253
0.0,0.40916726
0.0,0.99997056
0.0,0.08939102
1.0,0.9465369
1.0,0.6683845
0.0,0.2172482
0.0,0.04620698
0.0,0.4444738
1.0,0.99274504
0.0,0.1572715
1.0,0.72223806
0.0,0.35452884
1.0,0.8141967
1.0,0.8203726
0.0,0.27191108
1.0,0.37635246
0.0,0.6934725
0.0,0.04992622
1.0,0.99991727
1.0,0.45706883
0.0,0.12042466
0.0,0.7902002
0.0,0.8932133
0.0,0.9624816
1.0,0.9892051
0.0,0.33344662
0.0,0.6505455
0.0,0.097307384
1.0,0.9963897
0.0,0.13583225
0.0,0.99476814
1.0,0.9889982
0.0,0.022372663
0.0,0.72330385
0.0,0.3386675
1.0,0.48259082
0.0,0.8936895
1.0,0.99642205
0.0,0.10514584
1.0,0.8383392
1.0,0.5896338
1.0,0.9988627
1.0,0.992844
0.0,0.06899664
1.0,0.9732115
0.0,0.16994357
1.0,0.99979556
1.0,0.83969384
0.0,0.5857197
1.0,0.96163565
0.0,0.060712844
1.0,0.39446157
1.0,0.57039624
0.0,0.08386272
0.0,0.9982779
1.0,0.9999871
1.0,0.5527492
0.0,0.2581261
0.0,0.9438478
0.0,0.02123487
0.0,0.12538227
0.0,0.91699255
1.0,0.9576171
1.0,0.9929365
1.0,0.61340785
1.0,0.87372744
1.0,0.9998793
1.0,0.9998239
0.0,0.7808101
1.0,0.9855419
0.0,0.14668313
0.0,0.06595591
0.0,0.521219
1.0,0.41273135
1.0,0.6843388
0.0,0.61652416
0.0,0.11925003
0.0,0.9805224
1.0,0.7544509
1.0,0.88216513
1.0,0.9827694
0.0,0.18152866
0.0,0.9974497
0.0,0.62590474
0.0,0.63536817
0.0,0.1980868
0.0,0.106969565
1.0,0.9996323
1.0,0.9825969
0.0,0.06183055
0.0,0.21629778
0.0,0.8355791
0.0,0.94574213
0.0,0.9228828
0.0,0.5855283
0.0,0.775355
1.0,0.97120297
0.0,0.18807131
1.0,0.9119272
0.0,0.123981684
0.0,0.89851487
0.0,0.1786114
0.0,0.64936864
1.0,0.9957161
1.0,0.90412533
1.0,0.9760178
1.0,0.9861491
0.0,0.07389796
0.0,0.7475202
1.0,0.6922766
1.0,0.9782164
0.0,0.47458613
0.0,0.07129735
0.0,0.2386536
1.0,0.8890109
0.0,0.09796086
1.0,0.3265627
0.0,0.09888464
0.0,0.14328113
0.0,0.11489272
0.0,0.26190963
0.0,0.6254011
0.0,0.10437995
0.0,0.5628215
1.0,0.99756384
0.0,0.119906604
0.0,0.8218385
0.0,0.20389113
1.0,0.79798853
0.0,0.32739228
1.0,0.99908763
0.0,0.16470104
0.0,0.16612327
0.0,0.05819705
0.0,0.6890985
0.0,0.1004495
0.0,0.07606584
1.0,0.9964979
0.0,0.74968255
1.0,0.9478179
1.0,0.99708176
0.0,0.14155719
0.0,0.24811694
1.0,0.96859705
1.0,0.99997187
0.0,0.52861696
0.0,0.85921943
0.0,0.16717392
0.0,0.62005687
0.0,0.20749757
1.0,0.9464272
0.0,0.13612005
1.0,0.920045
1.0,0.5334114
0.0,0.9869107
0.0,0.44040626
0.0,0.060002327
0.0,0.098682255
0.0,0.75609195
0.0,0.154531
0.0,0.11300424
0.0,0.9152837
1.0,0.9406489
1.0,0.9616505
0.0,0.42186677
0.0,0.2243168
0.0,0.87107915
1.0,0.96383786
0.0,0.088906646
0.0,0.14885005
1.0,0.73031926
1.0,0.9966932
0.0,0.7371814
0.0,0.47631985
0.0,0.16828966
1.0,0.9947944
0.0,0.20260674
1.0,0.9905092
1.0,0.67774534
0.0,0.08260158
0.0,0.1208829
0.0,0.3380503
1.0,0.63124275
0.0,0.6269209
1.0,0.9569192
0.0,0.116609335
1.0,0.9911969
0.0,0.32959467
0.0,0.17872354
0.0,0.033818066
1.0,0.99994564
0.0,0.8493779
1.0,0.9999725
1.0,0.98421586
0.0,0.12276566
1.0,0.5294123
0.0,0.35944343
1.0,0.4095423
0.0,0.0728299
1.0,0.997249
0.0,0.06635985
1.0,0.96957207
1.0,0.9989687
1.0,0.9999807
0.0,0.15451223
1.0,0.9972317
1.0,0.7349384
0.0,0.18164828
1.0,0.98985
1.0,0.87540805
1.0,0.4946623
0.0,0.6489587
0.0,0.13916542
0.0,0.99862206
0.0,0.5573682
