0.0,0.3424098
0.0,0.45768416
1.0,0.10308784
0.0,0.013346463
1.0,0.10274491
0.0,0.004948944
1.0,0.8049636
1.0,0.6142535
1.0,0.6006882
0.0,0.00010743737
0.0,0.08348712
1.0,0.8050647
0.0,0.0006466508
0.0,0.044326603
0.0,0.003425926
0.0,0.00017935038
1.0,0.40840244
0.0,0.0010915399
0.0,0.004654765
1.0,0.07598376
1.0,0.5823555
0.0,0.00045117736
1.0,0.8744749
0.0,0.012872845
0.0,0.025667936
1.0,0.67299235
0.0,0.011711389
1.0,0.76386964
0.0,0.0060768127
1.0,0.88824046
0.0,0.00089359283
0.0,0.06928322
1.0,0.92103946
1.0,0.96109223
1.0,0.6415683
1.0,0.8053061
1.0,0.5229178
0.0,0.0024998188
1.0,0.41797587
1.0,0.0062572956
1.0,0.85091025
1.0,0.91227484
0.0,0.0023767054
1.0,0.7363976
1.0,0.6896916
0.0,0.0071367323
0.0,3.761053e-05
0.0,0.038917303
0.0,0.0010368526
1.0,0.9307728
0.0,0.043194473
1.0,0.80563337
1.0,0.9610873
1.0,0.3794637
0.0,0.0020939708
0.0,0.0013469756
0.0,0.09439027
1.0,0.011177659
1.0,0.7546527
1.0,0.34622014
1.0,0.96600896
0.0,0.2631182
1.0,0.9153261
1.0,0.7051639
1.0,0.9122038
0.0,0.08429465
0.0,0.02719751
1.0,0.89096963
0.0,0.00013646483
1.0,0.8400866
0.0,0.13680899
1.0,0.7287257
0.0,9.894371e-06
0.0,0.10726103
1.0,0.6008106
0.0,0.070581764
0.0,0.0001424849
0.0,0.2011579
0.0,0.0016831756
1.0,0.71887887
0.0,0.0011140406
1.0,0.9123962
1.0,0.8718872
1.0,0.96407294
1.0,0.96247816
1.0,0.7415494
1.0,0.9065441
0.0,0.07698196
0.0,0.008170396
1.0,0.34297204
0.0,0.0012162328
1.0,0.077340394
0.0,0.00038090348
0.0,0.2979115
0.0,0.027960986
1.0,0.7874075
0.0,0.00048196316
0.0,0.0027683675
1.0,0.67304474
1.0,0.8922797
0.0,0.00071915984
0.0,0.0073331892
1.0,0.0010695755
0.0,0.10022035
0.0,0.07110599
1.0,0.84454757
1.0,0.0010607541
0.0,0.002413839
1.0,0.00014075637
1.0,0.90439713
1.0,0.7219011
0.0,0.016224056
1.0,0.0060028136
0.0,0.015996754
0.0,0.0020686984
1.0,0.68516874
0.0,0.0030756593
1.0,0.448427
1.0,0.17763832
1.0,0.9544349
0.0,0.1506846
1.0,0.9022943
0.0,0.79700696
0.0,0.0011973679
0.0,0.16872758
1.0,0.23241103
0.0,0.0006734431
0.0,0.09067336
1.0,0.88347346
1.0,0.37684008
1.0,0.87420523
0.0,0.015028477
0.0,0.002426982
1.0,0.3427515
1.0,0.9544264
0.0,0.6761344
0.0,0.0038578808
0.0,0.006413251
0.0,0.04477614
0.0,0.023445368
1.0,0.4793798
0.0,0.060000062
1.0,0.0041914284
0.0,0.002935499
0.0,0.0004337132
0.0,4.6789646e-05
1.0,0.11042437
0.0,0.00025245547
0.0,0.05864784
0.0,0.001930654
0.0,0.045380294
0.0,0.00046658516
0.0,0.0018613935
0.0,0.7410632
0.0,0.44807813
1.0,0.5990124
0.0,0.00016218424
0.0,0.0065618753
1.0,0.95518315
0.0,0.032168716
0.0,0.042260885
0.0,0.065511465
0.0,0.0024991632
0.0,0.11562815
1.0,0.9425769
0.0,0.1027568
1.0,0.6648835
0.0,0.0228481
0.0,0.00049456954
1.0,0.6981392
0.0,0.63431007
0.0,0.90822834
0.0,0.72760695
0.0,1.3649464e-05
1.0,0.21816596
1.0,0.81994796
0.0,0.018475622
1.0,0.5524544
0.0,0.4143056
1.0,0.93560684
1.0,0.7994855
1.0,0.71505016
1.0,0.9028261
1.0,0.865558
0.0,0.8613723
0.0,1.5199184e-05
0.0,0.004691839
0.0,0.9362291
0.0,0.04110995
0.0,0.0029235184
1.0,0.07198569
0.0,0.00016179681
0.0,0.8291595
1.0,0.78446716
1.0,0.55015516
1.0,0.8635716
0.0,0.00044336915
0.0,0.0020349622
0.0,0.00091549754
1.0,0.07548872
0.0,0.08591151
0.0,0.19627047
0.0,0.12024644
0.0,0.18725199
0.0,0.054088414
1.0,0.06262401
0.0,0.0032509863
1.0,0.034284234
0.0,0.00021246076
0.0,0.011853963
0.0,0.00015246868
1.0,0.91877836
0.0,0.0013681054
0.0,0.108732104
0.0,0.0007752478
0.0,0.00060251355
0.0,0.6736743
0.0,0.09453496
1.0,0.94452024
0.0,0.00057017803
0.0,0.000341326
1.0,0.35898703
1.0,0.94145525
0.0,0.2398225
0.0,0.0010684729
0.0,2.643466e-05
0.0,0.11012524
0.0,0.004181564
0.0,0.056143463
1.0,0.834384
0.0,0.0065808296
1.0,0.023577899
0.0,0.0021941364
1.0,0.47709912
1.0,0.42069435
0.0,0.0033670664
0.0,0.0064176023
0.0,0.004054606
1.0,0.52712035
1.0,0.76202035
1.0,0.88270617
1.0,0.45318714
0.0,0.0013602376
0.0,0.6698506
1.0,0.92069775
0.0,0.32522172
0.0,0.0017580688
0.0,0.00033473969
0.0,0.22390872
0.0,0.004721403
0.0,0.002049476
0.0,0.009717703
1.0,0.19545373
0.0,0.00076904893
0.0,0.046106488
0.0,0.009836048
1.0,0.7188996
1.0,0.87898207
0.0,0.0067954957
0.0,0.00625965
0.0,0.0014582872
1.0,0.940542
0.0,0.00069636106
0.0,0.0003719628
0.0,0.011527151
0.0,0.0003823638
1.0,0.8538118
1.0,0.8905413
1.0,0.9443454
0.0,0.0019313097
1.0,0.8207666
0.0,0.00032383204
0.0,0.0039827228
0.0,0.33640212
1.0,0.80660284
1.0,0.69400495
0.0,0.0006558895
0.0,0.0013787448
1.0,0.6581205
1.0,0.42105767
0.0,0.008938223
1.0,0.034001946
1.0,0.9131118
0.0,0.3158309
0.0,0.07469058
0.0,0.0025936961
0.0,0.0065585375
0.0,0.048778325
0.0,0.005945444
1.0,0.9498201
0.0,0.0009686649
0.0,0.0022312999
1.0,0.9746955
0.0,0.0006864071
1.0,0.9194557
1.0,0.0032339394
1.0,0.80553114
1.0,0.7609062
1.0,0.7632191
0.0,0.0075950027
1.0,0.81249785
0.0,0.5719996
1.0,0.9420514
0.0,0.6120882
0.0,0.009129047
0.0,0.0052912533
0.0,0.013445914
0.0,0.16809848
1.0,0.9216299
0.0,0.816887
1.0,0.48418367
0.0,0.8080101
1.0,0.69538593
1.0,0.86634064
0.0,0.004803866
0.0,0.00030848384
0.0,0.0019687414
1.0,0.8607967
1.0,0.034953088
0.0,0.00013020635
0.0,5.2452087e-05
0.0,0.0001810193
0.0,0.009773195
1.0,0.83434725
1.0,0.5543945
0.0,0.007917017
0.0,0.0056943893
1.0,0.4271109
1.0,0.87584156
1.0,0.39704797
0.0,0.035420388
0.0,0.73030233
0.0,0.00011309981
0.0,0.6481646
1.0,0.92106533
1.0,0.7971332
0.0,0.022971898
0.0,0.0052074194
0.0,0.0006977916
0.0,0.38122094
0.0,7.4505806e-05
0.0,0.08986732
1.0,0.1296094
0.0,0.14498529
0.0,0.0023965538
0.0,0.0104855
0.0,0.61385775
0.0,0.4735711
0.0,0.0059673786
0.0,0.00075128675
1.0,0.44584435
0.0,0.0056637228
1.0,0.8009336
0.0,2.8908253e-05
0.0,0.087925404
0.0,0.10245478
0.0,6.7055225e-05
0.0,0.8484588
1.0,0.17613572
1.0,0.9020684
0.0,0.09603673
1.0,0.8712696
0.0,0.0014533997
0.0,0.42056066
0.0,0.07411018
0.0,0.6554768
0.0,0.00079363585
0.0,3.0100346e-06
1.0,0.46127388
0.0,0.0040177703
1.0,0.8632741
0.0,0.02099219
1.0,0.04168603
0.0,0.06317735
1.0,0.0050030947
1.0,0.9182564
1.0,0.9254925
0.0,0.00052821636
0.0,0.0015980899
1.0,0.87009037
0.0,0.0064400434
0.0,0.007045865
1.0,0.001583606
1.0,0.953563
0.0,0.10615635
1.0,0.86844957
1.0,0.94000196
0.0,0.3377506
0.0,0.0042479336
0.0,0.20033959
0.0,0.0074619353
0.0,0.0011540353
0.0,0.014067262
1.0,0.9729891
0.0,0.030909866
1.0,0.23767012
1.0,0.060434103
0.0,0.0016690195
0.0,0.03432077
0.0,0.64142513
1.0,0.96657234
1.0,0.878393
1.0,0.21984914
0.0,0.00603956
1.0,0.92692757
1.0,0.83394027
0.0,7.4505806e-06
0.0,0.32534403
0.0,0.7656043
0.0,0.42512086
1.0,0.94922364
0.0,0.0033665597
1.0,0.11139688
0.0,0.45313066
0.0,0.020678282
0.0,0.015053272
0.0,0.0008819699
0.0,0.004151672
0.0,0.0017262399
0.0,0.0009851754
0.0,0.0014102161
0.0,0.008883148
0.0,0.24785155
0.0,0.007233739
0.0,0.0011530519
0.0,0.4116937
0.0,0.0012116432
1.0,0.82934606
0.0,0.0034627616
1.0,0.87746763
0.0,0.0045650303
0.0,0.00056293607
0.0,0.003358394
0.0,0.51400304
0.0,0.35739398
0.0,0.018777281
0.0,0.052801043
0.0,4.222989e-05
0.0,0.0012117922
0.0,0.009492129
0.0,0.18519586
1.0,0.700541
0.0,0.0029325485
0.0,0.00029808283
0.0,0.1564348
0.0,0.014112949
1.0,0.20755643
0.0,0.5701281
1.0,0.19811717
0.0,0.00031158328
0.0,0.011496723
1.0,0.9472009
0.0,0.7265239
1.0,0.44572592
1.0,0.8590972
1.0,0.90226156
1.0,0.9011755
0.0,0.0034125447
1.0,0.45252335
0.0,0.00018447638
0.0,0.0015708208
0.0,0.32110742
1.0,0.941108
0.0,3.182888e-05
0.0,0.0020704865
1.0,0.7122284
1.0,0.96283734
0.0,0.105480015
0.0,6.976724e-05
1.0,0.61424696
0.0,0.003733784
1.0,0.44649684
0.0,0.35582232
0.0,0.09921029
1.0,0.8640766
0.0,0.8313229
0.0,0.00010731816
1.0,0.07911295
0.0,0.029644877
1.0,0.9564986
0.0,8.684397e-05
1.0,0.35666615
1.0,0.74472296
1.0,0.33869484
1.0,0.96114874
0.0,0.060463905
0.0,0.012416095
1.0,0.40348735
0.0,0.0017865598
0.0,0.5529088
1.0,0.4853461
1.0,0.79840386
1.0,0.86736
0.0,0.0057514906
1.0,0.8695283
1.0,0.8325802
0.0,0.07544741
1.0,0.9313724
0.0,0.28025094
1.0,0.8580203
1.0,0.6982364
0.0,0.3739937
0.0,0.290196
1.0,0.0416252
0.0,0.051757514
1.0,0.92244565
0.0,0.339069
0.0,0.0042353272
0.0,0.6733165
1.0,0.9630586
0.0,8.305907e-05
0.0,0.0005596578
0.0,0.7704089
1.0,0.54147106
0.0,0.0015361905
0.0,0.0006855726
0.0,0.0031111538
0.0,0.52075714
1.0,0.68581945
1.0,0.6600556
0.0,0.031643987
0.0,0.25836375
0.0,0.051476955
0.0,0.08141217
0.0,0.0011699498
1.0,0.8328817
0.0,0.053841114
1.0,0.8649998
0.0,0.5266937
0.0,0.3076474
1.0,0.75475097
0.0,0.0016229749
0.0,0.030876964
0.0,0.0023438036
0.0,0.00043967366
0.0,0.010752231
0.0,9.75132e-05
0.0,0.0028491914
0.0,0.022878915
1.0,0.5448277
1.0,0.8755549
0.0,9.089708e-05
0.0,0.005412221
1.0,0.9183276
0.0,0.001079768
1.0,0.83199394
0.0,0.29776895
0.0,7.4207783e-06
1.0,0.7809377
0.0,0.017275661
1.0,0.10904816
0.0,0.23345083
1.0,0.30077773
0.0,0.007739693
0.0,0.00383538
0.0,0.73760295
1.0,0.9288578
0.0,1.5348196e-05
0.0,0.0040479302
0.0,0.00041550398
0.0,0.77988124
1.0,0.24321923
0.0,0.0024750233
0.0,0.00011301041
1.0,0.8663542
1.0,0.0005033612
0.0,0.038499117
1.0,0.6917957
0.0,0.02323994
0.0,0.12302643
1.0,0.75899416
1.0,0.95406276
0.0,0.013868064
1.0,0.948506
1.0,0.8958533
0.0,0.012099445
0.0,0.008830011
0.0,0.04330775
1.0,0.046489954
0.0,6.4969063e-06
0.0,0.0009984374
0.0,0.0048834383
1.0,0.9696631
1.0,0.63265795
0.0,0.00172472
1.0,0.45916727
1.0,0.009254277
0.0,0.080384105
1.0,0.7887559
0.0,0.0013515353
1.0,0.72746116
0.0,0.007935196
1.0,0.64511013
0.0,0.0029932857
0.0,0.0012665391
1.0,0.7413147
0.0,0.0011882186
1.0,0.8180114
0.0,0.006188631
0.0,0.0004773438
0.0,0.0015435517
1.0,0.5590105
0.0,0.13621679
1.0,0.29702747
0.0,0.0004645884
1.0,0.6600482
1.0,0.37031275
0.0,3.528595e-05
1.0,0.9222305
1.0,0.9403628
1.0,0.222898
1.0,0.3320117
0.0,0.0033339262
0.0,0.0015590787
0.0,0.77383274
1.0,0.75491166
1.0,0.5251281
0.0,0.009602815
0.0,0.0033032
0.0,0.2679512
1.0,0.95506483
0.0,0.09768385
1.0,0.00029060245
1.0,0.7900281
0.0,0.001319617
0.0,0.00068211555
1.0,0.9245293
0.0,0.5282874
1.0,0.8609301
0.0,0.72482824
0.0,0.008603156
0.0,0.0025440156
1.0,0.06460187
0.0,0.008185893
1.0,0.9476099
0.0,0.0011729896
1.0,0.37247467
0.0,0.28264284
0.0,0.18227854
1.0,0.010438174
1.0,0.06395331
1.0,0.2848004
1.0,0.44441608
0.0,0.011816382
0.0,0.0070682466
0.0,0.5229487
0.0,0.0003297627
1.0,0.8514849
1.0,0.10635966
0.0,4.0978193e-05
0.0,0.0022723675
0.0,0.00055870414
1.0,0.33397317
0.0,0.00082945824
0.0,0.0015337169
0.0,0.010556549
0.0,0.24693969
0.0,0.05048445
0.0,0.03573075
1.0,0.8876567
0.0,0.4421228
1.0,0.05875212
0.0,0.011207968
0.0,0.02818191
1.0,0.32761312
1.0,0.7260639
1.0,0.80878764
0.0,0.00023189187
0.0,0.0041574836
1.0,0.08847922
0.0,3.5136938e-05
0.0,0.0015661716
0.0,0.01977846
1.0,0.77345735
0.0,0.003088057
0.0,0.015182823
1.0,0.94530916
0.0,0.32901812
1.0,0.9519949
1.0,0.7968303
1.0,0.8449445
0.0,0.0067875087
1.0,0.9243523
1.0,0.6810725
0.0,0.041268736
1.0,0.07584947
0.0,0.0077674985
0.0,0.14821905
0.0,0.078490585
0.0,0.00018885732
1.0,0.6432126
1.0,0.5235347
1.0,0.92739254
1.0,0.71597207
1.0,0.9222248
0.0,0.69984555
0.0,0.8668252
1.0,0.94108593
0.0,0.007986963
1.0,0.70943063
1.0,0.96018684
0.0,0.01590249
1.0,0.02649799
1.0,0.18151817
0.0,0.0025210977
0.0,0.010066956
0.0,0.0005520582
0.0,0.0004670918
1.0,0.82242906
1.0,0.9029599
0.0,0.0011226237
0.0,0.00218907
1.0,0.0075185
1.0,0.3787669
1.0,0.053213328
0.0,0.0031609833
1.0,0.58843845
1.0,0.22882944
0.0,0.0069740117
0.0,0.09459999
1.0,0.7478502
1.0,0.97657335
0.0,0.32609868
1.0,0.5518999
0.0,0.010311216
0.0,0.20388731
1.0,0.94660187
0.0,0.2054803
1.0,0.9286356
0.0,0.2770021
0.0,0.021747291
0.0,0.04642558
1.0,0.91391593
1.0,0.49751014
0.0,0.0025894642
0.0,0.00022575259
1.0,0.7264708
0.0,0.0016936958
1.0,0.930332
1.0,0.5077727
1.0,0.61615866
0.0,0.004602313
0.0,0.20261216
0.0,0.30621183
0.0,0.0005392432
0.0,2.0951033e-05
1.0,0.8207855
0.0,0.36954522
0.0,0.00070244074
1.0,0.7206432
0.0,0.0014862418
1.0,0.007854998
1.0,0.72681737
0.0,0.0005514324
0.0,0.22255465
0.0,0.75407135
0.0,0.00041928887
0.0,0.00023883581
0.0,0.00013443828
0.0,0.00030463934
0.0,0.9235748
1.0,0.56468654
1.0,0.8962707
0.0,0.8005895
0.0,0.39573583
0.0,7.683039e-05
0.0,0.008108318
0.0,0.0004220307
1.0,0.0010867715
0.0,0.002918452
0.0,3.2186508e-06
1.0,0.8592472
1.0,0.06606561
0.0,0.00028434396
0.0,0.8967157
0.0,4.5090914e-05
0.0,0.011885077
0.0,8.4370375e-05
0.0,0.009678453
1.0,0.86478627
1.0,0.7490104
1.0,0.9137018
0.0,1.8894672e-05
1.0,0.68155086
1.0,0.85330105
0.0,0.34793723
0.0,0.00019577146
1.0,0.63488674
1.0,0.24148306
1.0,0.734853
1.0,0.7176473
1.0,0.68892336
0.0,0.05887592
0.0,0.06891668
1.0,0.30250496
0.0,0.00019559264
1.0,0.7740129
0.0,0.00026339293
1.0,0.34767136
0.0,0.002689004
0.0,0.14418328
0.0,0.0026696324
0.0,0.0005031526
0.0,0.11042118
0.0,1.6480684e-05
0.0,5.4568052e-05
0.0,0.0005887449
0.0,0.637907
0.0,5.2541494e-05
0.0,0.00021412969
1.0,0.9314793
1.0,0.06450415
1.0,0.85359514
0.0,0.7842647
0.0,0.45214608
0.0,0.40125307
0.0,0.01156953
1.0,0.9162033
1.0,0.14535296
1.0,0.7913982
1.0,0.9396984
0.0,0.82885057
0.0,0.0044392347
0.0,9.262562e-05
1.0,0.61365
0.0,0.0023800135
1.0,0.00021034479
1.0,0.8623247
0.0,0.12883067
0.0,0.00024282932
0.0,0.038404703
0.0,0.2728057
1.0,0.82257974
1.0,0.7582077
0.0,0.006352484
1.0,0.90772545
1.0,0.5999512
0.0,0.33392006
0.0,0.01734379
1.0,0.6794784
0.0,4.9591064e-05
0.0,0.0022739172
0.0,0.0004249215
0.0,0.20905158
0.0,0.00036776066
1.0,0.5831301
0.0,0.0058303773
0.0,0.47419432
1.0,0.94961965
1.0,0.7608149
0.0,0.66559196
0.0,0.2344383
1.0,0.7767049
0.0,0.06540775
0.0,1.2516975e-05
1.0,0.3660726
0.0,0.06710836
0.0,0.0044927
0.0,0.010164976
1.0,0.9144194
0.0,0.017046064
1.0,0.7544358
1.0,0.8448272
1.0,0.97571075
0.0,0.0005170405
1.0,0.5767483
0.0,0.0011987686
1.0,0.92664254
0.0,0.016889215
1.0,0.8689184
0.0,0.009102106
0.0,0.0014842451
1.0,0.9338392
0.0,0.00024569035
0.0,0.0007278919
1.0,0.06911856
1.0,0.5182596
1.0,0.0464409
1.0,0.5130856
1.0,0.055437267
1.0,0.90238225
1.0,0.7729813
0.0,0.00062575936
1.0,0.032398075
1.0,0.93494236
0.0,0.004014462
0.0,0.0006815493
0.0,7.6293945e-06
1.0,0.4481561
0.0,0.0013097823
0.0,0.16385645
0.0,0.17432025
1.0,0.9191342
0.0,0.001454711
0.0,0.07481545
1.0,0.33324438
1.0,0.894325
1.0,0.6136043
1.0,0.0141580105
0.0,0.9690107
0.0,0.018296212
0.0,0.0043293536
0.0,0.004937947
0.0,0.00013566017
0.0,0.13640541
0.0,0.0037314296
1.0,0.055362135
1.0,0.88319427
0.0,0.00083729625
1.0,0.5986212
0.0,0.0007714331
0.0,0.00023028255
1.0,0.9619765
0.0,0.00046879053
0.0,0.67943394
0.0,0.00090932846
0.0,0.47044814
0.0,0.0017729104
0.0,0.0016569197
0.0,0.73444366
1.0,0.46581498
0.0,0.0239425
0.0,0.2646153
1.0,0.8360462
0.0,4.0739775e-05
1.0,0.61782515
0.0,0.0022028685
0.0,0.00060492754
0.0,0.008366734
0.0,0.11613095
0.0,0.00038525462
0.0,0.00064763427
0.0,0.013906419
0.0,0.004590422
0.0,0.73818433
1.0,0.39349946
0.0,0.01191172
1.0,0.6899945
0.0,0.2841949
1.0,0.0061534345
0.0,0.0012931228
0.0,0.00069242716
0.0,0.033727825
1.0,0.8771445
1.0,0.017192125
1.0,0.031229258
0.0,0.0025176704
0.0,0.4015646
1.0,0.58862954
0.0,0.03685984
0.0,0.0071103573
1.0,0.47909856
0.0,0.008543462
1.0,0.9182945
1.0,0.15129438
0.0,4.798174e-05
1.0,0.39556342
0.0,0.16598734
1.0,0.12231201
0.0,0.15804395
1.0,0.9735131
0.0,7.095933e-05
0.0,0.92240053
0.0,0.0027951598
0.0,0.012932509
0.0,0.00012868643
0.0,0.0113039315
0.0,0.009727687
1.0,0.9275452
0.0,0.0026842058
0.0,3.6776066e-05
0.0,8.314848e-06
0.0,0.029533505
0.0,0.08443558
1.0,0.41075474
0.0,0.0744732
0.0,0.0018694997
1.0,0.6195484
0.0,0.12568134
1.0,0.84275377
0.0,0.8118926
1.0,0.37713513
1.0,0.91382
0.0,0.00012820959
1.0,0.97298384
0.0,0.42709857
0.0,0.003233999
0.0,0.0010692179
0.0,0.007529527
1.0,0.047106236
1.0,0.96571124
0.0,0.003620267
0.0,0.008536667
1.0,0.9484583
0.0,0.0043058097
1.0,0.20152766
1.0,0.010658562
1.0,0.76502216
0.0,0.0014848709
1.0,0.7218142
0.0,0.0031216145
1.0,0.83049685
1.0,0.07912749
0.0,0.046368957
0.0,0.5609199
0.0,0.003032416
0.0,0.038817704
1.0,0.8251518
1.0,0.8964832
1.0,0.83990073
0.0,0.0012261868
0.0,3.2156706e-05
1.0,0.88550854
0.0,0.8071276
0.0,2.115965e-06
0.0,0.007891744
1.0,0.348425
0.0,0.018500328
0.0,0.0018606782
0.0,0.113669634
0.0,0.018738985
1.0,0.49260753
1.0,0.7580328
0.0,0.31405082
0.0,0.00189206
0.0,0.006558776
1.0,0.9748456
0.0,0.014506072
0.0,0.6389555
1.0,0.49492237
0.0,0.00010353327
0.0,0.14403623
1.0,0.8930001
0.0,0.030842513
1.0,0.17672867
1.0,0.033213794
0.0,0.0031374097
0.0,0.0036044717
0.0,0.00069093704
0.0,0.0001269579
1.0,0.95390236
1.0,0.98174405
1.0,0.93851876
1.0,0.2589783
0.0,0.7852451
0.0,0.008437872
1.0,0.7033371
1.0,0.9405417
0.0,0.03213957
0.0,0.0030256808
1.0,0.36139017
0.0,0.0004836619
1.0,0.4916343
0.0,0.0008710921
0.0,0.19810793
1.0,0.8573502
0.0,0.016924053
0.0,4.324317e-05
0.0,0.0056806505
0.0,0.0028192103
0.0,0.31782484
1.0,0.22581893
0.0,0.0033024251
1.0,0.96675414
0.0,0.198749
1.0,0.6207658
0.0,0.0047540963
1.0,0.4329483
1.0,0.9392965
1.0,0.97474825
0.0,0.642719
0.0,0.0003040731
1.0,0.060584873
0.0,0.0013631582
0.0,0.0034773946
1.0,0.8218045
1.0,0.06722766
0.0,0.006012678
1.0,0.9033303
1.0,0.9524201
0.0,0.86781424
0.0,0.0019151568
0.0,0.47893852
0.0,0.00016090274
0.0,1.680851e-05
0.0,0.8689468
1.0,0.9099062
1.0,0.9454473
1.0,0.89604676
0.0,2.8908253e-06
0.0,0.0007662177
0.0,0.00020492077
0.0,0.0017819703
0.0,0.003947407
0.0,0.0013208687
1.0,0.86304164
1.0,0.87297994
1.0,0.30571836
0.0,0.08253014
0.0,0.0063430667
1.0,0.7134812
0.0,0.040209264
0.0,0.58465314
1.0,0.7458391
0.0,0.36523843
0.0,0.637207
1.0,0.678215
0.0,0.0059030354
1.0,0.1758227
1.0,0.4430197
0.0,0.88053787
0.0,0.0014350116
1.0,0.9887744
0.0,8.934736e-05
0.0,0.07420859
1.0,0.37663138
1.0,0.7461729
1.0,0.70354736
1.0,0.8963324
0.0,0.9272785
0.0,0.0012769699
0.0,0.0009954274
1.0,0.82842135
0.0,0.9643711
1.0,0.38978076
0.0,0.4521836
1.0,0.77860177
1.0,0.3530444
0.0,0.027267128
0.0,0.002449274
0.0,4.887581e-06
0.0,0.05251673
0.0,0.0095023215
0.0,0.0047320724
1.0,0.20296958
1.0,0.10784292
0.0,0.27888918
1.0,0.8709978
1.0,0.1184009
0.0,1.9431114e-05
0.0,0.027968049
1.0,0.5653788
1.0,0.03121671
0.0,0.0021821558
0.0,0.04860875
0.0,0.00031021237
0.0,0.019972682
1.0,0.17260137
1.0,0.91114634
0.0,0.010480225
0.0,2.9623508e-05
0.0,0.0041359067
0.0,0.18307185
0.0,0.00037813187
0.0,0.0020711124
0.0,0.6597215
0.0,0.07476932
0.0,0.052950144
0.0,0.004111111
0.0,0.022616923
1.0,0.90542114
1.0,0.67485857
0.0,6.312132e-05
0.0,0.015362948
0.0,1.9669533e-06
0.0,0.00051373243
0.0,0.025950432
0.0,0.030235052
0.0,0.0011533797
0.0,0.50301266
1.0,0.72155833
1.0,0.97539973
1.0,0.6929526
1.0,0.7481749
1.0,0.9491712
0.0,0.0446451
0.0,0.0022904873
0.0,0.0019460618
0.0,0.027711928
1.0,0.4514162
0.0,0.0009944141
1.0,0.7274828
0.0,0.0044641495
0.0,0.70602036
0.0,0.8242675
0.0,0.04387349
0.0,0.0040249527
0.0,0.1487144
0.0,0.0349088
0.0,0.00074219704
1.0,0.51106524
1.0,0.53037935
0.0,0.21308506
0.0,0.049504906
0.0,0.00122118
0.0,0.00040981174
1.0,0.8655969
0.0,0.00090003014
1.0,0.060368538
0.0,0.002504617
1.0,0.42400607
0.0,0.0002541244
0.0,0.05882123
1.0,0.81444585
0.0,5.841255e-06
1.0,0.9105104
0.0,0.008353144
0.0,0.1420376
0.0,0.18787673
0.0,0.00017112494
0.0,4.848838e-05
1.0,0.8916048
1.0,0.9289148
0.0,0.122792035
0.0,0.003574282
0.0,0.0009007752
0.0,0.06559703
1.0,0.8085408
0.0,0.6764791
1.0,0.28682214
1.0,0.46900848
0.0,0.56324637
0.0,0.0022247732
0.0,0.039357364
0.0,0.001562357
0.0,0.07193169
0.0,0.0013914704
0.0,0.023264945
0.0,0.09560794
0.0,0.38316876
1.0,0.30139
0.0,0.9228424
0.0,0.0003888905
1.0,0.75731325
0.0,0.001061976
0.0,0.028413862
0.0,9.292364e-05
0.0,0.0017988682
1.0,0.057134062
1.0,0.95290446
1.0,0.95380044
0.0,0.0002925098
0.0,0.00098598
0.0,0.0026281476
0.0,0.6171495
0.0,0.08052921
0.0,0.54590064
1.0,0.9404614
1.0,0.8758049
1.0,0.81099164
0.0,0.004994869
1.0,0.97338694
1.0,0.48909074
0.0,0.0038410723
1.0,0.836126
0.0,0.00863874
0.0,0.0025715828
0.0,0.633993
1.0,0.94862473
1.0,0.8721957
1.0,0.72038984
0.0,0.77118343
0.0,0.19597909
0.0,0.0008444786
1.0,0.9487443
1.0,0.961145
1.0,0.9191241
1.0,0.74915206
0.0,0.012300819
0.0,0.0008537173
0.0,0.0020051897
0.0,0.2544221
1.0,0.9102077
0.0,0.00046381354
0.0,0.011262298
0.0,0.098662436
1.0,0.09272355
0.0,0.038827837
0.0,0.13752252
0.0,0.04533416
0.0,0.6410825
0.0,0.0070073307
0.0,0.025638312
0.0,0.00094512105
0.0,0.29674298
0.0,0.00011843443
1.0,0.9462167
1.0,0.19512153
0.0,0.10660958
0.0,0.92059106
0.0,0.1231862
1.0,0.798369
0.0,0.0006212592
0.0,0.0108677745
0.0,0.24226364
0.0,0.0007326603
1.0,0.87216234
0.0,0.0011875927
0.0,0.0029784143
1.0,0.6224382
1.0,0.8592972
1.0,0.8725082
0.0,0.00051504374
0.0,0.07632637
1.0,0.6244889
1.0,0.8717087
1.0,0.8711817
0.0,0.8083541
0.0,0.18564737
0.0,5.3197145e-05
1.0,0.03721693
1.0,0.8998908
0.0,0.0009480715
0.0,0.7083103
1.0,0.6077383
1.0,0.8531095
0.0,0.0012519658
1.0,0.8512522
1.0,0.24004987
0.0,0.0010335743
1.0,0.08310419
0.0,0.004999399
0.0,0.00087824464
0.0,0.89232355
0.0,0.006904602
1.0,0.6358522
0.0,0.052797228
1.0,0.54797363
1.0,0.6053269
1.0,0.0297274
0.0,9.7215176e-05
0.0,0.080054075
1.0,0.38001722
0.0,4.261732e-06
1.0,0.78458196
1.0,0.72493076
0.0,0.7794279
0.0,0.027605861
1.0,0.04366553
1.0,0.974908
0.0,0.00079730153
1.0,0.6268378
1.0,0.31070554
1.0,0.38925532
1.0,0.95981276
1.0,0.3037917
1.0,0.89558643
0.0,0.002980113
0.0,0.45758837
0.0,0.011523038
1.0,0.9235655
1.0,0.46037304
0.0,0.13398936
0.0,0.011528462
1.0,0.015314937
0.0,0.000774771
1.0,0.8930185
0.0,0.302511
1.0,0.7036099
1.0,0.94077045
0.0,0.083883464
1.0,0.1586701
0.0,0.0013163984
1.0,0.9662072
1.0,0.899179
1.0,0.031274676
0.0,0.0020487309
0.0,0.0013978481
1.0,0.63524693
0.0,0.025340915
1.0,0.84144485
0.0,0.0004043281
0.0,0.1332249
0.0,0.10886943
0.0,0.040067613
0.0,2.4855137e-05
0.0,0.46872002
0.0,0.04827538
1.0,0.9225271
1.0,0.07687557
0.0,0.0009536743
1.0,0.95381856
1.0,0.788348
0.0,0.8608428
0.0,0.60572493
0.0,0.05849296
0.0,0.010209799
0.0,0.0033940375
0.0,0.09399438
1.0,0.13419428
1.0,0.95156705
0.0,0.0023581684
0.0,3.5375357e-05
0.0,0.3522779
0.0,0.7323295
0.0,0.1885339
1.0,0.62052256
0.0,0.13415873
0.0,0.0019339025
1.0,0.65352625
1.0,0.8069407
0.0,0.0018971264
0.0,0.038132668
0.0,0.00029304624
1.0,0.85490197
1.0,0.6017129
0.0,0.0016776323
0.0,0.002636373
0.0,0.0031229854
0.0,0.33459705
0.0,0.00022235513
1.0,0.84570956
1.0,0.66141367
1.0,0.08692053
0.0,6.467104e-06
1.0,0.26066387
0.0,0.530042
1.0,0.95922846
1.0,0.19435272
0.0,0.0011382401
0.0,8.136034e-06
0.0,3.5077333e-05
0.0,0.67350924
0.0,0.7587074
1.0,0.97593325
0.0,0.6331935
0.0,0.40702677
0.0,0.0072395205
0.0,2.1398067e-05
0.0,0.008921862
0.0,0.13817838
0.0,0.010481805
1.0,0.2838996
1.0,0.83900315
0.0,2.6464462e-05
0.0,0.36348552
0.0,0.47534293
0.0,0.0019128323
1.0,0.9306693
0.0,0.01828745
0.0,0.10810122
1.0,0.22942412
0.0,0.61274266
0.0,0.00050371885
0.0,0.007486522
0.0,0.0021298528
1.0,0.9300238
1.0,0.8050904
0.0,0.0008472204
1.0,0.11186442
1.0,0.7840077
1.0,0.8968147
0.0,0.101468295
0.0,0.15585062
1.0,0.8843707
1.0,0.94709426
0.0,0.00025382638
1.0,0.93739307
0.0,0.00031623244
1.0,0.744432
1.0,0.8394302
1.0,0.9384287
0.0,0.022499919
1.0,0.501063
1.0,0.44711727
0.0,0.011339843
0.0,0.0017455816
0.0,0.9459937
0.0,0.012935162
0.0,0.00096699595
0.0,0.000246346
1.0,0.95831996
0.0,0.06930995
0.0,0.094537586
0.0,0.27035198
0.0,0.0006579459
0.0,0.028513044
0.0,0.00034165382
1.0,0.7987949
0.0,0.022860557
0.0,0.0025522113
0.0,0.44121188
1.0,0.51263255
1.0,0.7189652
1.0,0.63167596
1.0,0.8787261
0.0,0.0011462569
0.0,0.006345123
0.0,0.065675825
0.0,0.0053082407
0.0,0.7017445
0.0,0.015024543
1.0,0.6274996
0.0,0.66042817
1.0,0.2191788
1.0,0.0015742481
1.0,0.22534958
0.0,0.0060347617
0.0,0.0007866323
0.0,7.483363e-05
0.0,0.0017271042
1.0,0.50891703
1.0,0.90329695
1.0,0.3706267
1.0,0.8695905
1.0,0.9714611
0.0,0.005164385
0.0,0.0044068694
0.0,0.6707164
0.0,0.002238512
1.0,0.95028627
0.0,0.0009227097
0.0,0.642158
1.0,0.96369445
1.0,0.39493126
0.0,0.00066411495
0.0,0.044647843
0.0,0.016275406
0.0,0.0543243
1.0,0.64099765
0.0,0.8977882
0.0,0.5090661
1.0,0.96496713
0.0,0.017334223
1.0,0.954391
1.0,0.93081135
0.0,0.00016123056
0.0,0.75410855
0.0,0.00065523386
0.0,0.007789284
1.0,0.5323001
0.0,0.0026806295
0.0,0.057516098
0.0,0.4161756
0.0,5.8561563e-05
1.0,0.9066633
1.0,0.08868158
1.0,0.44022334
1.0,0.9018751
0.0,0.43955106
0.0,0.0030074716
1.0,0.8076732
0.0,0.01910916
1.0,0.15481952
0.0,0.0015175045
1.0,0.9514246
1.0,0.9375446
0.0,0.19491243
0.0,0.04076621
0.0,0.23962691
0.0,0.0069032013
0.0,0.015285611
0.0,0.0045425
1.0,0.5274205
0.0,0.000433743
0.0,0.008619189
0.0,0.14301375
0.0,0.12694418
0.0,0.009031206
0.0,0.0012673736
0.0,0.05455336
0.0,0.00055497885
0.0,4.9054623e-05
0.0,0.007298857
0.0,0.09473631
0.0,0.0021017194
1.0,0.119684696
0.0,0.15216121
1.0,0.9380902
0.0,0.0007555783
0.0,4.6014786e-05
1.0,0.62638146
0.0,0.00010681152
1.0,0.90176916
0.0,0.016118973
1.0,0.8496901
0.0,0.44237012
0.0,0.02273783
1.0,0.6671254
1.0,0.14392564
0.0,0.00031876564
0.0,0.18610176
0.0,9.423494e-05
0.0,1.3530254e-05
0.0,0.0002373159
0.0,0.580903
1.0,0.8510994
1.0,0.29422826
0.0,0.026510328
0.0,0.079467356
1.0,0.6053958
1.0,0.7402514
1.0,0.3470068
0.0,0.00014740229
1.0,0.0047035813
0.0,0.035515547
1.0,0.3030336
0.0,1.0639429e-05
1.0,0.43187487
0.0,0.0003091693
0.0,0.10464266
0.0,0.02448827
0.0,0.67450666
1.0,0.8631261
0.0,0.0009897053
0.0,0.18780136
1.0,0.9543626
0.0,0.00022807717
0.0,0.67567503
0.0,0.054326534
1.0,0.9236468
0.0,0.14599302
0.0,0.001549542
0.0,0.9166703
1.0,0.77136755
0.0,2.643466e-05
0.0,0.6156435
0.0,0.0054303408
1.0,0.37350035
0.0,0.000710845
1.0,0.93636847
0.0,0.16600978
1.0,0.43049267
1.0,0.93381065
0.0,0.8252355
1.0,0.873812
1.0,0.978957
0.0,0.00039955974
0.0,0.41999584
0.0,0.0016970634
1.0,0.94940066
0.0,0.010118812
1.0,0.60053205
1.0,0.35095143
0.0,0.014490545
1.0,0.8351425
0.0,0.3339408
1.0,0.3075276
0.0,0.43951148
1.0,0.3878589
0.0,0.5513917
1.0,0.00030955672
0.0,0.074958324
0.0,0.0016532838
0.0,0.0005373955
0.0,0.00051274896
0.0,0.00018805265
0.0,1.424551e-05
0.0,4.208088e-05
0.0,0.071192205
0.0,0.07825804
0.0,0.24306244
0.0,0.20711309
0.0,0.0028310716
1.0,0.33315504
1.0,0.18236244
0.0,0.34961903
1.0,0.008263797
0.0,0.004121512
0.0,0.60924417
0.0,0.703562
0.0,0.03482446
0.0,0.018893033
0.0,0.23344651
1.0,0.63108575
0.0,0.00037127733
0.0,0.000584811
1.0,0.0002028346
0.0,8.314848e-05
1.0,0.6700722
0.0,0.05363837
0.0,0.0033611655
1.0,0.43415934
0.0,0.0005784631
1.0,0.7431098
0.0,0.0005084872
0.0,3.9041042e-06
0.0,0.0010689795
1.0,0.95786595
0.0,0.009910166
1.0,0.4811684
1.0,0.6255488
0.0,0.90145785
0.0,8.821487e-06
1.0,0.009909928
0.0,0.0012787282
0.0,0.049887866
0.0,0.38104352
0.0,0.0004800558
0.0,0.4770183
0.0,0.587801
1.0,0.07613307
0.0,0.006891489
1.0,0.8442422
0.0,6.1035156e-05
0.0,2.3633242e-05
0.0,0.00085666776
1.0,0.7512853
1.0,0.9206784
0.0,0.0546847
0.0,0.32878548
0.0,4.389882e-05
0.0,0.023480713
0.0,0.029588878
0.0,0.00082573295
0.0,9.387732e-06
1.0,0.08525348
1.0,0.67911637
0.0,0.009695888
0.0,0.95254314
1.0,0.40853906
0.0,0.0020622313
1.0,0.88425297
0.0,7.4505806e-05
0.0,0.0060568154
1.0,0.95982385
0.0,0.47398785
1.0,0.5507112
1.0,0.89498395
1.0,0.9171727
0.0,0.30772054
0.0,0.001185298
0.0,0.22987056
1.0,0.8257148
0.0,0.07084212
1.0,0.9517923
0.0,0.004033476
0.0,0.0004119873
0.0,0.026906282
1.0,0.8976835
0.0,0.00036925077
0.0,0.0069290698
0.0,0.30920005
1.0,0.0034394264
1.0,0.9540423
0.0,0.010074049
0.0,0.0005480647
1.0,0.8801378
1.0,0.7857615
1.0,0.6364916
1.0,0.028460234
0.0,0.0004837215
1.0,0.5707781
0.0,0.008543819
0.0,0.015091091
0.0,0.00047114491
1.0,0.8713341
0.0,0.01483348
0.0,0.0589979
0.0,2.0623207e-05
1.0,0.6179975
0.0,0.069838375
1.0,0.959049
1.0,0.95802355
0.0,0.0012620687
1.0,0.65829855
0.0,0.0009876788
1.0,0.4395251
0.0,0.2607925
0.0,0.0011431277
0.0,0.004729867
0.0,0.015229225
1.0,0.9780667
0.0,0.041154087
0.0,0.07229236
0.0,0.3041148
1.0,0.9751607
1.0,0.84894466
0.0,0.0022897124
1.0,0.8277979
1.0,0.9536327
1.0,0.9696845
1.0,0.15433696
0.0,0.4571414
1.0,0.74631566
0.0,0.026506156
0.0,0.35064185
1.0,0.29637456
0.0,0.005791813
0.0,0.0009833574
0.0,0.10224038
1.0,0.43142128
0.0,0.34855962
0.0,0.08056721
1.0,0.9328686
0.0,0.00641343
1.0,0.6874952
0.0,0.006978452
0.0,0.83831763
1.0,0.76327145
1.0,0.89344335
0.0,0.0017730594
1.0,0.87149036
1.0,0.90516347
0.0,0.32214242
0.0,0.13443491
1.0,0.2881905
0.0,0.0053381324
1.0,0.94038564
0.0,0.012240171
0.0,0.00833419
1.0,0.58989614
1.0,0.7334205
0.0,0.012645274
1.0,0.36266
0.0,0.011507541
0.0,0.022358626
1.0,0.88527805
0.0,0.0030957162
0.0,0.2619714
0.0,0.019401968
1.0,0.78556085
0.0,0.00031384826
0.0,0.0010930896
1.0,0.25612897
1.0,0.8693106
0.0,0.0015244782
0.0,0.09902945
0.0,0.000153929
1.0,0.124960214
0.0,0.13449293
0.0,0.00012359023
0.0,0.030655235
0.0,0.0021235943
0.0,0.00018709898
1.0,0.24521011
0.0,0.07621151
0.0,2.4020672e-05
0.0,0.022726357
1.0,0.8133135
1.0,0.9724597
1.0,0.83799857
0.0,0.83163387
0.0,0.0017421842
0.0,0.9637252
1.0,0.88387764
0.0,0.0032861233
1.0,0.68056464
0.0,0.0024512112
1.0,0.8519356
0.0,0.039702922
1.0,0.65490174
0.0,0.7321666
1.0,0.30635184
0.0,0.040434033
0.0,0.09818292
1.0,0.15184525
1.0,0.9273082
1.0,0.9481011
0.0,0.08050442
1.0,0.9593762
1.0,0.42312786
1.0,0.24638495
0.0,0.0005789697
1.0,0.6556293
0.0,0.011770397
0.0,0.78616023
1.0,0.41047344
0.0,0.49925315
0.0,0.0013082325
0.0,0.021989346
0.0,0.038830012
0.0,0.28826088
1.0,0.8350121
1.0,0.8511609
0.0,0.1461513
0.0,0.78709304
0.0,0.007113248
1.0,0.9683324
0.0,0.71687
0.0,0.040340573
0.0,0.00067287683
0.0,0.00043943524
0.0,0.0075896382
0.0,0.8495668
1.0,0.9229402
1.0,0.9634174
1.0,0.1369218
0.0,0.089423925
0.0,0.0010792315
0.0,0.00015848875
0.0,0.004978031
0.0,0.0024767816
1.0,0.91319656
0.0,0.0009563267
0.0,0.3345999
1.0,0.91952515
0.0,0.07741776
1.0,0.048318148
1.0,0.30121043
0.0,0.42184225
0.0,0.00019854307
0.0,0.004020393
1.0,0.27555445
0.0,0.149216
0.0,0.0028296113
1.0,0.62967336
1.0,0.5311105
0.0,8.511543e-05
0.0,0.009680003
0.0,0.77301794
0.0,0.0013380051
0.0,0.031203538
1.0,0.1854254
1.0,0.88584137
0.0,0.0031260848
0.0,2.9027462e-05
0.0,0.68053114
0.0,0.1959081
1.0,0.8015382
0.0,0.001047492
1.0,0.9619416
0.0,0.0069526434
1.0,0.9241929
0.0,0.00018712878
1.0,0.8642725
1.0,0.39062402
0.0,0.003607154
0.0,0.053791642
0.0,0.00047150254
0.0,0.011168689
1.0,0.44271284
1.0,0.0041428804
1.0,0.2025837
1.0,0.11849782
1.0,0.72134495
0.0,4.172325e-06
1.0,0.6618182
1.0,0.5811193
0.0,0.0022327304
0.0,0.0068300962
0.0,0.0016453862
1.0,0.27360713
1.0,0.9275612
0.0,0.9218645
0.0,8.106232e-05
1.0,0.63464475
0.0,0.00035351515
0.0,0.002352804
1.0,0.95290756
0.0,0.36144978
0.0,0.021633565
1.0,0.45379373
1.0,0.7898697
0.0,0.0003694594
0.0,0.0017282665
0.0,0.0112605095
1.0,0.9555759
1.0,0.8558208
0.0,0.5587664
0.0,0.46240976
1.0,0.92454064
1.0,0.48206964
0.0,0.00082340837
0.0,0.080515474
0.0,0.092229545
1.0,0.23632413
1.0,0.14745432
0.0,0.0049755275
0.0,0.07274932
1.0,0.9108552
0.0,0.002294004
0.0,0.0029281974
0.0,0.024434924
0.0,0.728451
1.0,0.70879215
0.0,0.5661415
0.0,0.0011693537
0.0,0.41864723
0.0,0.12274495
0.0,0.008844554
1.0,0.55338943
1.0,0.45853016
0.0,0.08932313
1.0,0.9577074
0.0,0.05690384
1.0,0.94527876
1.0,0.005268216
1.0,0.9365808
0.0,0.00024837255
0.0,0.38360012
0.0,0.000282377
1.0,0.9718608
0.0,0.005903691
1.0,0.92507464
0.0,0.028953284
0.0,4.2766333e-05
1.0,0.3820996
1.0,0.9143344
0.0,7.2181225e-05
1.0,0.54296714
0.0,0.0040577054
1.0,0.6527511
0.0,3.9428473e-05
1.0,0.62846756
1.0,0.06854716
0.0,0.007539749
0.0,0.0008787215
0.0,0.0013693273
0.0,0.0005594492
0.0,0.0005942583
0.0,0.65062666
0.0,0.30045497
0.0,0.0014075935
0.0,0.7438966
0.0,0.00013035536
1.0,0.9274634
0.0,0.22619644
0.0,0.013213187
1.0,0.96467924
0.0,0.046839565
1.0,0.9515208
0.0,0.0013068616
1.0,0.9564711
0.0,0.0010865629
0.0,0.007697463
1.0,0.94958293
0.0,0.0040678084
0.0,0.0011438429
0.0,0.0009047687
1.0,0.9386997
1.0,0.21094978
0.0,0.0014235377
1.0,0.82926667
1.0,0.20039466
1.0,0.9275905
0.0,0.19834274
1.0,0.09105864
1.0,0.59310037
0.0,0.22893769
1.0,0.37823868
1.0,0.060752004
0.0,0.0037234426
0.0,0.0020590723
0.0,0.007550806
0.0,0.006562263
0.0,0.0017900169
0.0,0.0069278777
0.0,0.0025256276
0.0,5.632639e-06
1.0,0.8543451
0.0,0.09418774
0.0,0.0005674958
0.0,0.0010724962
0.0,0.04337713
1.0,0.6018434
0.0,0.000395298
1.0,0.6373246
0.0,0.1329849
0.0,0.0006581843
1.0,0.48001423
1.0,0.7296523
0.0,0.108386755
0.0,0.01082769
1.0,0.6245278
0.0,0.84288716
0.0,0.03297147
1.0,0.60516167
1.0,0.28165987
1.0,0.46624082
1.0,0.82921845
0.0,0.0107809305
0.0,4.413724e-05
1.0,0.44133434
0.0,0.0007366538
0.0,3.6776066e-05
1.0,0.9242599
1.0,0.55051714
1.0,0.9400095
0.0,0.0017692149
1.0,0.036947787
1.0,0.90026855
1.0,0.88400084
0.0,0.0013484359
0.0,0.0014015734
1.0,0.035582393
0.0,0.0056250393
0.0,0.37226406
0.0,0.042799115
1.0,0.87724316
0.0,0.0044801235
0.0,0.0019135773
0.0,0.01049155
0.0,0.38586473
0.0,0.2404306
0.0,0.00016698241
0.0,0.8357545
1.0,0.9178976
0.0,0.0064940155
1.0,0.66344273
0.0,0.0006672144
0.0,0.10472578
0.0,0.8461075
1.0,0.0010541081
0.0,0.53256005
0.0,0.00044703484
0.0,6.067753e-05
0.0,0.12060091
0.0,0.099568516
1.0,0.8945702
0.0,0.15627861
1.0,0.79987216
0.0,0.004183352
0.0,0.012999833
0.0,0.0038143396
0.0,0.6729792
0.0,0.04549551
0.0,0.4136448
0.0,0.0733504
0.0,0.0027153492
1.0,0.6294826
0.0,0.0067456365
1.0,0.6089308
1.0,0.69918054
0.0,0.024466068
0.0,0.0071755648
1.0,0.87868965
0.0,0.0029037893
1.0,0.7499278
1.0,0.3674531
0.0,0.0016604364
1.0,0.5191017
0.0,0.0008364916
1.0,0.93804073
0.0,0.09643692
0.0,0.19597921
1.0,0.54309857
0.0,0.48851016
0.0,2.1785498e-05
0.0,0.4585625
1.0,0.58321106
1.0,0.94768804
0.0,1.9133091e-05
0.0,0.2845527
1.0,0.43514794
0.0,0.567759
1.0,0.03329408
0.0,0.030818582
1.0,0.13661128
0.0,0.29955634
0.0,0.0006300211
0.0,0.51759666
0.0,0.0011279881
0.0,0.04215157
1.0,0.0004247427
0.0,0.7167159
1.0,0.86162174
0.0,0.00061762333
1.0,0.051850945
0.0,0.00010931492
0.0,0.00067165494
0.0,0.012184501
0.0,0.0045947134
0.0,0.0069651306
0.0,0.0052045584
0.0,0.005814582
0.0,0.030932486
1.0,0.8880488
0.0,0.0022246838
0.0,0.030870557
1.0,0.4548425
1.0,0.30700535
0.0,0.0012804866
0.0,0.0024146736
1.0,0.7325068
0.0,0.2585536
1.0,0.038499087
1.0,0.8541869
1.0,0.7347659
1.0,0.4888814
0.0,0.0055155754
0.0,4.9829483e-05
1.0,0.04435447
0.0,0.18872079
1.0,0.9091151
1.0,0.13770229
1.0,0.8745547
0.0,0.03418863
0.0,0.00021392107
0.0,0.008227944
0.0,0.0013709366
1.0,0.48929808
1.0,0.7542738
0.0,0.028230488
0.0,0.025380105
0.0,0.06497654
0.0,0.1174936
1.0,0.02936393
1.0,0.46624097
1.0,0.5519578
0.0,0.82613176
1.0,0.08068529
1.0,0.6985242
1.0,0.28304368
1.0,0.923732
0.0,0.4260394
0.0,0.4050252
0.0,0.63806593
0.0,0.003986746
1.0,0.7626628
1.0,0.96371853
1.0,0.8090762
1.0,0.86902
0.0,0.0055305064
0.0,0.0008022189
0.0,0.007460326
0.0,0.07026324
1.0,0.34657285
0.0,0.004363656
0.0,0.0004221797
0.0,0.020552635
0.0,0.0015478134
1.0,0.7339763
1.0,0.4770441
1.0,0.92018235
0.0,0.038595855
0.0,0.18523523
1.0,0.36931998
1.0,0.9691994
0.0,0.041507214
1.0,0.8347443
0.0,0.6419056
1.0,0.94508696
1.0,0.9153038
1.0,0.072901934
0.0,0.005792886
0.0,0.020340085
1.0,0.9617046
0.0,0.046864927
0.0,0.13597089
1.0,0.9501897
0.0,0.0034112334
0.0,0.004963964
0.0,0.05003786
1.0,0.19562024
0.0,0.3079852
0.0,0.36246
1.0,0.7357079
0.0,0.29744694
0.0,0.005429417
0.0,0.021481723
0.0,0.038215995
1.0,0.49100468
0.0,0.65450937
0.0,0.0016334355
0.0,2.7865171e-05
1.0,0.44113785
0.0,0.0010674
0.0,2.2381544e-05
1.0,0.06993294
0.0,0.21177664
0.0,0.00087574124
1.0,0.96075916
1.0,0.31199786
0.0,3.233552e-05
1.0,0.064546674
1.0,0.3204555
0.0,0.27584732
0.0,0.3235095
1.0,0.13585994
1.0,0.6159449
0.0,0.00086945295
1.0,0.05592498
1.0,0.67704105
1.0,0.050054997
0.0,0.1791139
1.0,0.021588504
0.0,0.002950728
1.0,0.55737317
0.0,0.00015571713
1.0,0.8928089
0.0,0.89174426
0.0,0.048224986
1.0,0.6904088
0.0,0.0054662824
1.0,0.7661845
1.0,0.60167783
1.0,0.9454287
1.0,0.3962212
0.0,0.0008740425
1.0,0.057814837
0.0,0.4466957
0.0,0.0006198883
0.0,0.001010865
0.0,0.0017977655
1.0,0.8872453
0.0,0.0019590855
0.0,0.53933614
0.0,0.45404202
0.0,0.41825148
1.0,0.9156476
0.0,0.14660373
0.0,0.00070884824
0.0,0.008849204
0.0,0.4810019
1.0,0.7301717
0.0,0.0020003319
1.0,0.9187017
1.0,0.9560816
0.0,0.48460907
0.0,7.793307e-05
0.0,0.001028508
1.0,0.60371184
0.0,0.0032323003
1.0,0.0030233562
1.0,0.4805493
1.0,0.91653097
0.0,0.6088959
0.0,0.1452438
0.0,0.002115041
0.0,0.47417313
0.0,0.0035904646
0.0,0.0004208982
0.0,0.6080932
1.0,0.58744615
0.0,0.05204004
1.0,0.8590974
0.0,0.25725836
1.0,0.85733974
1.0,0.85078216
1.0,0.5852037
1.0,0.6882234
0.0,0.20418605
0.0,0.9241357
0.0,0.010317534
1.0,0.7091023
1.0,0.702278
0.0,0.0008070171
1.0,0.18942434
1.0,0.8155018
1.0,0.7968227
1.0,0.15707475
0.0,0.43003187
0.0,0.00799039
1.0,0.86326027
0.0,0.0015329719
0.0,0.0033346713
1.0,0.95567995
0.0,0.0003181994
0.0,0.63662565
0.0,0.02024746
0.0,0.0016191602
0.0,0.07232168
1.0,0.91857606
0.0,0.002620995
0.0,0.08266133
1.0,0.022496432
0.0,0.012839764
1.0,0.90190804
0.0,0.024588615
0.0,0.00079247355
0.0,0.00020930171
0.0,0.023171157
1.0,0.6655259
0.0,0.07992989
0.0,0.060048133
1.0,0.8102362
1.0,0.77684486
0.0,0.0074893236
0.0,0.0022398531
0.0,0.00025081635
1.0,0.33021453
0.0,0.0021016598
1.0,0.90852654
1.0,0.5741188
1.0,0.10410893
1.0,0.902526
1.0,0.56224996
0.0,0.8806323
1.0,0.7241612
1.0,0.94661725
0.0,0.0019400716
0.0,0.0005453527
0.0,0.0050848722
1.0,0.7126672
0.0,0.0018849969
0.0,0.0010239184
0.0,0.0068520904
1.0,0.9542624
0.0,0.011106789
1.0,0.47361216
0.0,0.012933075
0.0,0.3853293
0.0,0.029156804
0.0,0.011327565
0.0,0.0010367334
1.0,0.48316926
1.0,0.92751837
0.0,0.007917494
0.0,0.0077308416
1.0,0.6959261
0.0,5.8323145e-05
1.0,0.9218818
0.0,0.001306653
0.0,0.0018146634
0.0,0.0015272796
1.0,0.9288845
1.0,0.4369676
0.0,0.0013277233
0.0,0.10160315
1.0,0.2193673
0.0,0.05595535
0.0,0.0018475652
1.0,0.7568902
1.0,0.97307575
1.0,0.6320189
0.0,0.015889347
1.0,0.68990517
1.0,0.7071056
0.0,0.1514785
0.0,0.0027852952
0.0,0.0007366538
0.0,0.0041542053
0.0,2.771616e-05
0.0,0.004564047
1.0,0.3992364
1.0,0.5518434
0.0,0.033802927
0.0,0.00060370564
0.0,0.17541754
0.0,0.0032444298
1.0,0.8657005
0.0,0.9120259
0.0,0.0024571717
0.0,0.7423055
0.0,0.7422913
1.0,0.03983143
0.0,7.3075294e-05
0.0,0.23909068
1.0,0.8721483
0.0,0.01247859
0.0,0.23770517
0.0,0.0034928322
0.0,0.0006707907
1.0,0.59178686
1.0,0.76595175
0.0,0.027341276
0.0,0.94044733
0.0,0.00019842386
0.0,0.8237331
0.0,0.9316455
0.0,0.092520446
0.0,0.00032904744
0.0,0.086432666
1.0,0.00074112415
0.0,0.018557012
1.0,0.10164231
0.0,0.34461907
0.0,1.6570091e-05
0.0,0.008414358
0.0,0.03425008
0.0,0.08955997
0.0,0.0019324422
1.0,0.85981226
0.0,8.392334e-05
0.0,0.6413676
0.0,0.0041928887
1.0,0.47997403
1.0,0.83806455
0.0,0.0021998882
0.0,0.29073015
0.0,0.000343889
1.0,0.9734794
1.0,0.55877614
1.0,0.89426154
0.0,0.05587721
1.0,0.94839954
0.0,0.026738882
0.0,0.00013488531
0.0,0.0016425848
1.0,0.00016668439
0.0,3.194809e-05
0.0,0.0001218915
1.0,0.9430933
1.0,0.015029669
0.0,0.0148938
1.0,0.9600959
0.0,0.0021517575
1.0,0.1876933
0.0,0.017222017
1.0,0.7888323
0.0,0.9714334
0.0,0.096855134
1.0,0.70107937
0.0,7.3611736e-05
0.0,0.16592744
0.0,0.001021117
0.0,0.0009886026
0.0,0.062030166
0.0,0.0008678138
1.0,0.7411734
1.0,0.49906036
0.0,0.42493767
0.0,0.0037220716
0.0,0.00068980455
0.0,0.2136409
1.0,0.93421626
0.0,0.0015053451
0.0,0.055927306
0.0,0.4268064
0.0,0.088121146
0.0,1.4334917e-05
1.0,0.79682064
1.0,0.76376814
0.0,0.0006682277
0.0,0.0006656647
0.0,0.05145994
0.0,0.0018781424
1.0,0.61871356
0.0,0.41569233
0.0,0.05175057
0.0,0.0011486709
1.0,0.21948996
0.0,0.0005069673
0.0,0.034942567
1.0,0.9368294
0.0,0.0024471283
0.0,0.029068112
1.0,0.46676922
1.0,0.39737815
1.0,0.60661715
0.0,0.0002579093
0.0,9.214878e-05
0.0,0.18838438
0.0,0.00086706877
1.0,0.68879783
0.0,0.2649357
1.0,0.09241265
0.0,9.4383955e-05
0.0,0.0009140372
0.0,0.014572203
1.0,0.92086744
0.0,0.42953044
0.0,0.030623823
0.0,0.19025424
1.0,0.5418125
0.0,0.0046083927
0.0,0.2805185
0.0,2.9474497e-05
1.0,0.016626805
0.0,0.0009557307
0.0,4.181266e-05
1.0,0.06560272
1.0,0.9485847
0.0,9.4771385e-06
1.0,0.9486979
1.0,0.92723405
1.0,0.75880575
1.0,0.6965331
0.0,0.0014787316
1.0,0.7530644
0.0,0.98744273
1.0,0.005480975
0.0,0.0012729764
1.0,0.33872724
0.0,0.02262041
1.0,0.040599436
1.0,0.9628985
1.0,0.6259905
0.0,0.001444608
0.0,0.6094152
0.0,0.73660535
0.0,0.007608533
0.0,0.0028984249
0.0,0.01407367
1.0,0.9404555
1.0,0.8885664
1.0,0.28550535
0.0,0.00028660893
0.0,4.4822693e-05
0.0,0.055788785
0.0,0.043420136
1.0,0.01286304
0.0,0.07254633
0.0,0.0032108426
0.0,0.0027334094
0.0,0.27773303
1.0,0.93154526
0.0,0.2800604
0.0,0.73957586
0.0,0.35357064
1.0,0.21464214
0.0,0.0034611225
0.0,0.35900643
1.0,0.08263442
0.0,0.30582115
1.0,0.40316716
0.0,0.0008442104
0.0,0.19834882
0.0,0.0008507967
0.0,0.0010807812
0.0,6.6161156e-06
1.0,0.76107323
0.0,0.09692964
0.0,0.041773558
1.0,0.9050888
1.0,0.6741986
0.0,0.3212866
1.0,7.3611736e-05
0.0,0.055421054
0.0,0.02072388
1.0,0.7008053
0.0,0.0002348721
0.0,0.1285466
0.0,0.0008250475
0.0,0.0034198463
1.0,0.9633311
1.0,0.95084846
1.0,0.49201018
1.0,0.9153178
0.0,0.00033926964
0.0,0.009155512
0.0,0.07177645
1.0,0.950873
0.0,0.11864743
0.0,0.0069355965
1.0,0.8013033
1.0,0.3079548
1.0,0.8853617
0.0,0.0015446544
0.0,0.043750525
0.0,0.048297644
1.0,0.92385674
1.0,0.89552236
1.0,0.8699925
0.0,0.02894488
0.0,4.2170286e-05
0.0,3.7521124e-05
1.0,0.7515782
1.0,0.097444594
0.0,0.17887929
1.0,0.67337847
1.0,0.15219283
1.0,0.9414083
1.0,0.23417586
0.0,0.0058680475
0.0,0.004280448
1.0,0.28352776
1.0,0.6934339
0.0,0.015426934
0.0,0.0025875866
0.0,0.0007469058
0.0,0.0008863807
0.0,0.003174305
0.0,0.48116994
0.0,0.0005854964
0.0,0.040111423
1.0,0.16319981
1.0,0.7301136
0.0,0.6322038
1.0,0.9390619
0.0,8.395314e-05
1.0,0.8245685
0.0,0.0025039017
1.0,0.91063493
0.0,8.785725e-05
0.0,0.0006169379
0.0,0.00014138222
0.0,0.34544402
1.0,0.0070757866
1.0,0.7588588
0.0,0.0019337237
0.0,0.034496516
1.0,0.048979342
0.0,0.004551798
1.0,0.9224564
1.0,0.5770328
0.0,0.00079610944
0.0,0.009360403
0.0,0.2645511
0.0,0.9507456
0.0,0.5260497
0.0,0.0011814833
0.0,0.2098273
0.0,0.0010896921
1.0,0.84727037
1.0,0.8765899
1.0,0.6056766
1.0,0.74234366
0.0,0.0008008778
0.0,0.27569684
1.0,0.57474685
0.0,0.7231869
0.0,0.0004015267
0.0,0.0045559704
1.0,0.3508587
1.0,0.08799693
0.0,0.00058683753
1.0,0.75798947
1.0,0.8921143
0.0,1.2308359e-05
0.0,0.003439933
1.0,0.8884887
0.0,0.0009137988
0.0,0.5877346
0.0,3.4302473e-05
0.0,0.0017272532
1.0,0.019328356
0.0,0.0018185377
0.0,0.0005477071
0.0,0.19272998
1.0,0.072433144
0.0,0.00021320581
0.0,0.030662417
1.0,0.6860026
0.0,0.0022638738
0.0,0.26193303
0.0,0.85042316
1.0,0.9284341
1.0,0.3450535
1.0,0.024187595
0.0,0.08373177
0.0,0.19050005
1.0,0.10703933
0.0,5.888939e-05
0.0,0.00017341971
0.0,0.006798297
0.0,0.0012860894
1.0,0.23212597
0.0,0.017245203
0.0,0.6023068
1.0,0.68175244
0.0,0.007774353
0.0,0.0073595345
0.0,0.660076
0.0,0.23851061
1.0,0.72555184
1.0,0.9379201
0.0,0.5395744
1.0,0.26814285
0.0,0.00075140595
0.0,0.00486362
0.0,0.00086671114
1.0,0.5704163
0.0,0.0002591312
0.0,0.0031058192
1.0,0.8911272
1.0,0.8080463
1.0,0.705685
0.0,0.3660377
1.0,0.67948365
1.0,0.8591332
0.0,3.2782555e-06
0.0,0.8883157
0.0,0.48517045
1.0,0.6306784
0.0,0.003962636
0.0,0.6064467
0.0,0.00059756637
0.0,0.00075668097
0.0,0.00028818846
0.0,0.03692308
0.0,0.11514446
0.0,0.7187561
0.0,0.2721035
1.0,0.20152378
1.0,0.38756293
1.0,0.68010736
0.0,0.0005914271
1.0,0.9504652
0.0,0.43258148
0.0,0.011257172
1.0,0.82608587
0.0,0.1271792
0.0,0.0008228719
0.0,0.217361
0.0,0.0043879747
0.0,0.49938592
0.0,0.6587716
0.0,0.003024578
1.0,0.6629
0.0,3.0100346e-06
0.0,0.00038662553
0.0,0.00079384446
1.0,0.91619706
1.0,0.85028386
0.0,0.37315702
1.0,0.6463059
0.0,0.0019237399
1.0,0.03020209
0.0,0.006075889
0.0,0.00030058622
1.0,0.0013667941
0.0,0.00017619133
0.0,0.0003120005
1.0,0.5846012
0.0,0.12810671
1.0,0.0023200214
0.0,0.09293836
0.0,0.00014200807
1.0,0.56025505
0.0,0.00051373243
0.0,0.22127354
0.0,0.87294495
0.0,0.00027492642
0.0,4.4226646e-05
1.0,0.84716797
0.0,6.249547e-05
0.0,0.013982743
0.0,0.001673162
1.0,0.47895834
0.0,0.9524694
0.0,0.0021388233
1.0,0.6348594
0.0,0.00020864606
0.0,1.680851e-05
0.0,0.017592728
0.0,0.039874643
1.0,0.6264118
0.0,0.0016625524
0.0,4.2051077e-05
0.0,7.554889e-05
0.0,0.0011866987
0.0,0.2938012
1.0,0.909967
1.0,0.70435846
0.0,0.0007902086
1.0,0.75728476
0.0,0.0060584247
0.0,0.00053820014
0.0,0.0012060404
0.0,0.04265964
1.0,0.93259394
0.0,0.0042127073
0.0,0.00047558546
0.0,0.27851093
0.0,0.025698453
0.0,0.010630965
0.0,0.0003004372
0.0,0.00058826804
0.0,0.0005187392
0.0,0.00018650293
0.0,0.93665993
1.0,0.09682679
0.0,0.007408142
0.0,0.119718015
0.0,0.002347052
1.0,0.9383951
0.0,0.015921235
1.0,0.8501108
0.0,0.009290367
0.0,0.027008355
0.0,0.08060083
1.0,0.9418484
1.0,0.94973576
1.0,0.45137647
1.0,0.14624977
0.0,0.19575801
0.0,0.00021997094
1.0,0.92016137
1.0,0.7661809
0.0,0.003717661
0.0,0.034095734
0.0,0.36107886
1.0,0.9395888
0.0,0.015882194
0.0,0.0010420084
0.0,0.019533694
0.0,0.011339217
1.0,0.33250648
1.0,0.86475164
0.0,1.9282103e-05
1.0,0.25848287
0.0,0.005119711
0.0,0.014411539
0.0,0.00035232306
0.0,0.032038152
0.0,0.00042039156
1.0,0.80310905
0.0,2.938509e-05
0.0,0.00223881
0.0,0.656155
0.0,0.03915271
0.0,0.39183033
1.0,0.9448956
0.0,0.0014796257
0.0,0.0009877086
1.0,0.74137723
0.0,0.28345817
0.0,0.00022998452
1.0,0.8853066
1.0,0.7495483
0.0,0.034607142
1.0,0.6784079
0.0,0.084492564
1.0,0.8561182
1.0,0.98560953
0.0,0.0059283376
1.0,0.8246175
0.0,0.01330021
0.0,0.0072131157
0.0,0.2790082
0.0,0.43508387
0.0,0.0086321235
0.0,0.0077618957
0.0,0.44308043
1.0,0.8930216
0.0,0.03799969
0.0,0.0019688904
0.0,0.029549152
0.0,0.0760608
1.0,0.9520428
0.0,0.020268619
0.0,0.236307
0.0,0.00059998035
0.0,0.0027470589
0.0,0.00017437339
0.0,0.9274173
1.0,0.0087488
0.0,0.03572479
1.0,0.73779196
0.0,0.0004069805
1.0,0.026826352
0.0,0.0043754876
0.0,0.061242342
0.0,0.0051909685
0.0,0.5269741
0.0,0.6810998
0.0,0.013376802
0.0,0.008959174
0.0,0.00021636486
0.0,0.76361096
0.0,0.77108264
1.0,0.8927888
0.0,0.018826872
0.0,0.0028628707
1.0,0.9744208
0.0,0.0007160306
0.0,0.00011447072
0.0,6.940961e-05
1.0,0.3060997
1.0,0.5372109
1.0,0.79009014
1.0,0.85643315
0.0,0.23004389
1.0,0.43569425
0.0,0.021511734
1.0,0.3539595
0.0,0.0034196079
0.0,0.9116535
0.0,0.007133752
0.0,0.00011268258
0.0,0.0021194816
1.0,0.8747029
1.0,0.18666771
0.0,0.9369302
1.0,0.76492274
0.0,0.00053218007
1.0,0.9362011
0.0,0.00069719553
0.0,0.003916323
0.0,0.950511
0.0,0.3290863
0.0,0.0051580667
0.0,0.00014650822
1.0,0.9642899
0.0,2.0980835e-05
1.0,0.93453324
1.0,0.6020324
1.0,0.8961477
0.0,0.00022932887
0.0,0.9677243
0.0,0.00048670173
0.0,0.034025043
0.0,0.036875606
1.0,0.42171133
0.0,0.5840834
0.0,0.00960803
0.0,0.12515599
0.0,0.0003709793
0.0,0.00015437603
0.0,0.05559522
0.0,0.6937007
0.0,0.0006429851
0.0,0.27564147
1.0,0.9734213
0.0,0.049957365
0.0,0.0013786554
0.0,0.002294898
0.0,0.00016844273
1.0,0.8081923
0.0,0.4583243
1.0,0.90805125
0.0,0.16327864
1.0,0.9306905
1.0,0.8984312
0.0,0.00031653047
0.0,0.1244466
0.0,0.0042895377
0.0,0.15071535
0.0,0.00094759464
0.0,0.53458637
1.0,0.92887586
0.0,0.0024047494
1.0,0.2155754
0.0,0.19814074
0.0,1.7940998e-05
0.0,0.0021176934
1.0,0.9512813
0.0,0.0015380085
1.0,0.9738096
0.0,8.094311e-05
0.0,0.018444449
0.0,0.37735847
0.0,0.17642674
0.0,0.16195142
0.0,0.009716779
1.0,0.76501524
1.0,0.73611057
0.0,0.019271255
0.0,0.0032984018
0.0,0.0098802745
1.0,0.91521716
0.0,0.0011149645
1.0,0.13129756
0.0,0.11386961
1.0,0.79809314
1.0,0.8960792
0.0,0.0039097667
0.0,0.0025066733
0.0,0.0005541742
1.0,0.8608119
0.0,0.033645958
0.0,0.48983032
1.0,0.92198664
1.0,0.29126766
0.0,0.050065547
0.0,0.008986801
1.0,0.9222295
0.0,0.0009505749
0.0,0.0013391376
0.0,0.0061047077
1.0,0.2687416
0.0,0.008414239
0.0,0.0010768771
1.0,0.916561
1.0,0.81278664
0.0,0.3361407
0.0,0.005574107
0.0,0.0014138818
1.0,0.90368533
1.0,0.97028947
1.0,0.13369969
0.0,0.013301939
0.0,0.0005976558
0.0,0.013147265
0.0,2.6196241e-05
1.0,0.8230841
0.0,0.00040063262
0.0,0.5432418
0.0,0.004427731
0.0,0.13693482
0.0,0.24584997
0.0,0.00025364757
0.0,0.082267106
0.0,0.0039253235
0.0,0.002105862
1.0,0.25185615
1.0,0.70908695
0.0,0.5518002
0.0,0.38380814
1.0,0.0072629154
0.0,1.4990568e-05
1.0,0.86196494
0.0,0.0028856993
0.0,0.0025037825
1.0,0.95646834
1.0,0.935707
0.0,0.5533026
0.0,0.024106055
1.0,0.09949237
0.0,0.06694719
0.0,0.025965124
0.0,0.9379395
0.0,0.00017651916
1.0,0.73797005
1.0,0.22539723
0.0,0.13724172
0.0,4.4316053e-05
0.0,0.010739654
1.0,0.91341054
0.0,0.0071439743
1.0,0.31549025
0.0,0.06886923
1.0,0.6651182
1.0,0.5099184
0.0,0.488505
1.0,0.25512707
0.0,0.49738112
0.0,0.00017553568
1.0,0.97265923
1.0,0.027141541
0.0,0.003712058
0.0,0.20212612
0.0,0.7843759
0.0,0.12982279
1.0,0.9180071
0.0,0.03314662
0.0,0.08357853
0.0,0.0020117462
1.0,0.77471244
0.0,0.0022724867
0.0,0.30308485
1.0,0.91834605
0.0,1.3798475e-05
0.0,0.2301684
0.0,0.029070854
1.0,0.058639526
0.0,0.023083508
1.0,0.8331565
0.0,0.0034692585
1.0,0.095274925
1.0,0.1484991
1.0,0.92009324
1.0,0.6864355
0.0,4.2945147e-05
1.0,0.5741446
0.0,0.012304127
1.0,0.9539542
1.0,0.6077993
0.0,0.10109028
1.0,0.6484109
0.0,7.033348e-05
1.0,0.3053841
1.0,0.30773163
0.0,0.0009237528
0.0,0.9166311
1.0,0.98277676
1.0,0.012593895
0.0,0.050310314
0.0,0.13917723
0.0,1.8119812e-05
0.0,0.00024086237
0.0,0.38484207
1.0,0.8691
1.0,0.9254695
1.0,0.16810176
1.0,0.54138887
1.0,0.9673705
1.0,0.95121443
0.0,0.24402529
1.0,0.9216456
0.0,0.0009842515
0.0,0.00054115057
0.0,0.0057385266
1.0,0.0025340617
1.0,0.042811036
0.0,0.038250536
0.0,0.0028003156
0.0,0.8907546
1.0,0.80564976
1.0,0.15994492
1.0,0.85121727
0.0,0.0005455315
0.0,0.88492703
0.0,0.06518471
0.0,0.07894179
0.0,0.003562361
0.0,0.006992638
1.0,0.9608572
1.0,0.6445063
0.0,0.0049829185
0.0,0.027759165
0.0,0.3257595
0.0,0.39584056
0.0,0.62823176
0.0,0.062467724
0.0,0.063869804
1.0,0.5853517
0.0,0.015173316
1.0,0.71995926
0.0,0.00036674738
0.0,0.72652346
0.0,0.019253612
0.0,0.89668
1.0,0.81468976
1.0,0.54546434
1.0,0.6355513
1.0,0.5349041
0.0,0.00021731853
0.0,0.13391402
1.0,0.106995046
1.0,0.5963407
0.0,0.0980449
0.0,0.001147151
0.0,0.030373514
1.0,0.20218033
0.0,0.0009651482
1.0,0.014129043
0.0,0.0024553835
0.0,0.007410258
0.0,0.005605012
0.0,0.0063008964
0.0,0.025642693
0.0,0.0035642385
0.0,0.0653958
1.0,0.9443527
0.0,0.0006098747
0.0,0.2668389
0.0,0.005722761
1.0,0.092294425
0.0,0.0021535456
1.0,0.96935153
0.0,0.0007764101
0.0,0.0036134124
0.0,0.0003195405
0.0,0.30759317
0.0,0.00037422776
0.0,0.0036309958
1.0,0.84420586
0.0,0.3194334
1.0,0.5511169
1.0,0.92954683
0.0,0.0023373961
0.0,0.023747325
1.0,0.82291245
1.0,0.9759561
0.0,0.1750266
0.0,0.5444344
0.0,0.004990071
0.0,0.020892054
0.0,0.002477169
1.0,0.5896659
0.0,0.004360914
1.0,0.31841618
1.0,0.0908646
0.0,0.74519855
0.0,0.18299326
0.0,0.0094124675
0.0,0.0007303357
0.0,0.8771759
0.0,0.0006958544
0.0,0.0068318546
0.0,0.6261638
1.0,0.7142737
1.0,0.70996505
0.0,0.011460632
0.0,0.0034759939
0.0,0.39887232
1.0,0.82109237
0.0,8.150935e-05
0.0,0.0021425188
1.0,0.33378553
1.0,0.8845686
0.0,0.24059024
0.0,0.11727619
0.0,0.0037878454
1.0,0.9080011
0.0,0.016535342
1.0,0.9478195
1.0,0.7281405
0.0,0.005714506
0.0,0.002104789
0.0,0.007211268
1.0,0.84015703
0.0,0.027846903
1.0,0.78189266
0.0,0.0009316802
1.0,0.6716095
0.0,0.053418964
0.0,0.007829756
0.0,0.002940178
1.0,0.9570443
0.0,0.48140657
1.0,0.91499865
1.0,0.2516753
0.0,0.0010282397
1.0,0.03683868
0.0,0.051260263
1.0,0.12505248
0.0,9.1165304e-05
1.0,0.9327037
0.0,6.0617924e-05
1.0,0.57724375
1.0,0.9121789
1.0,0.9682593
0.0,0.0033594668
1.0,0.9072041
1.0,0.6518965
0.0,0.001630336
1.0,0.9441017
1.0,0.3042462
1.0,0.044578582
0.0,0.036132902
0.0,0.02082993
0.0,0.89671016
0.0,0.20636803
