0.0,0.4789845
0.0,0.5474644
1.0,0.30305237
0.0,0.0043649375
1.0,0.20884207
0.0,0.011774272
1.0,0.9058778
1.0,0.69347334
1.0,0.3749156
0.0,0.0011220872
0.0,0.47075343
1.0,0.8492788
0.0,0.0018841028
0.0,0.021238744
0.0,0.0041044652
0.0,8.401275e-05
1.0,0.50433314
0.0,0.0011463165
0.0,0.0024849176
1.0,0.043760687
1.0,0.23795569
0.0,0.00011873245
1.0,0.88363206
0.0,0.021086186
0.0,0.0012718141
1.0,0.285393
0.0,0.016441822
1.0,0.62034494
0.0,0.00014904141
1.0,0.82488
0.0,0.0025210679
0.0,0.12817559
1.0,0.8840703
1.0,0.9639547
1.0,0.8715443
1.0,0.87041646
1.0,0.68684804
0.0,0.0012928247
1.0,0.7595301
1.0,0.0030592084
1.0,0.9154928
1.0,0.94192386
0.0,0.004526466
1.0,0.8584875
1.0,0.48946202
0.0,0.006279886
0.0,6.8724155e-05
0.0,0.008320034
0.0,0.003778249
1.0,0.9091511
0.0,0.051207036
1.0,0.518835
1.0,0.96143645
1.0,0.3809862
0.0,0.0034902096
0.0,0.0010456741
0.0,0.022166044
1.0,0.00990665
1.0,0.756521
1.0,0.09226531
1.0,0.97645664
0.0,0.41027337
1.0,0.967405
1.0,0.6665821
1.0,0.89824224
0.0,0.05105245
0.0,0.05280131
1.0,0.782285
0.0,0.007304579
1.0,0.7615664
0.0,0.06964809
1.0,0.84861565
0.0,5.0336123e-05
0.0,0.004310131
1.0,0.1581788
0.0,0.053526998
0.0,0.0023970306
0.0,0.04161635
0.0,0.00092861056
1.0,0.7829397
0.0,0.003193438
1.0,0.9537262
1.0,0.92725426
1.0,0.9896042
1.0,0.92267096
1.0,0.45311752
1.0,0.92181385
0.0,0.042458534
0.0,0.017895222
1.0,0.4403533
0.0,0.0009480119
1.0,0.013215631
0.0,0.00075021386
0.0,0.47743005
0.0,0.041062653
1.0,0.8937597
0.0,0.0062623024
0.0,0.0026703477
1.0,0.27121133
1.0,0.9806578
0.0,0.00051528215
0.0,0.00742206
1.0,0.0024096072
0.0,0.056073368
0.0,0.050998807
1.0,0.7215477
1.0,0.0005970895
0.0,0.0024775267
1.0,0.002316624
1.0,0.9250103
1.0,0.8733086
0.0,0.0031523407
1.0,0.0040611923
0.0,0.005733371
0.0,0.0050832927
1.0,0.14795956
0.0,0.0063681006
1.0,0.7181766
1.0,0.32700524
1.0,0.94981337
0.0,0.10795128
1.0,0.92463636
0.0,0.86265516
0.0,0.0059041977
0.0,0.08674052
1.0,0.35758585
0.0,0.0010775328
0.0,0.059637457
1.0,0.9412979
1.0,0.58573854
1.0,0.9533465
0.0,0.005065739
0.0,0.0009357631
1.0,0.6686754
1.0,0.96730554
0.0,0.6046127
0.0,0.003704369
0.0,0.0017409921
0.0,0.019148976
0.0,0.0069196224
1.0,0.8856584
0.0,0.22425392
1.0,0.018142015
0.0,0.0017104447
0.0,0.0035782754
0.0,2.6375055e-05
1.0,0.21214339
0.0,0.005366862
0.0,0.0043550134
0.0,0.0031446517
0.0,0.0044946074
0.0,0.0005914867
0.0,0.0015304983
0.0,0.8536184
0.0,0.110478014
1.0,0.92423296
0.0,0.001557678
0.0,0.00359568
1.0,0.9718678
0.0,0.004952818
0.0,0.3667666
0.0,0.0042005777
0.0,0.0065512657
0.0,0.3059796
1.0,0.97254515
0.0,0.02977395
1.0,0.56406265
0.0,0.012322217
0.0,0.0021951199
1.0,0.6608595
0.0,0.77700293
0.0,0.91806567
0.0,0.9300591
0.0,3.6656857e-05
1.0,0.5965164
1.0,0.8547847
0.0,0.031659454
1.0,0.48547024
0.0,0.11950147
1.0,0.9641634
1.0,0.9169369
1.0,0.789503
1.0,0.91353166
1.0,0.9007816
0.0,0.4874262
0.0,6.312132e-05
0.0,0.0033097863
0.0,0.9398837
0.0,0.106251866
0.0,0.0045962334
1.0,0.020862788
0.0,0.00036078691
0.0,0.538061
1.0,0.8216436
1.0,0.7543851
1.0,0.92990625
0.0,0.002866596
0.0,0.19362944
0.0,0.0012185574
1.0,0.012032777
0.0,0.38558608
0.0,0.07269618
0.0,0.2253815
0.0,0.056202322
0.0,0.02208811
1.0,0.017531931
0.0,0.0074331462
1.0,0.01667431
0.0,7.635355e-05
0.0,0.045126945
0.0,0.0006252229
1.0,0.80761325
0.0,0.033129483
0.0,0.016748816
0.0,0.009543836
0.0,0.0013321936
0.0,0.9178287
0.0,0.04170102
1.0,0.9726375
0.0,0.0012493134
0.0,0.001440078
1.0,0.6356899
1.0,0.9663409
0.0,0.2080121
0.0,0.0039450824
0.0,0.00031396747
0.0,0.13545439
0.0,0.007373482
0.0,0.023229241
1.0,0.9567833
0.0,0.012498558
1.0,0.19635653
0.0,0.001245141
1.0,0.6379614
1.0,0.17275748
0.0,0.0015786588
0.0,0.016397238
0.0,0.0050326884
1.0,0.698205
1.0,0.6427948
1.0,0.89389086
1.0,0.63150746
0.0,0.0017768741
0.0,0.6259086
1.0,0.94561946
0.0,0.4195543
0.0,0.0016500652
0.0,0.0008904338
0.0,0.20131072
0.0,0.015797287
0.0,0.0014745593
0.0,0.032155156
1.0,0.5744965
0.0,0.002234757
0.0,0.104944974
0.0,0.015187174
1.0,0.8207067
1.0,0.75429577
0.0,0.0026091635
0.0,0.019845307
0.0,0.005344063
1.0,0.96632206
0.0,0.0068101585
0.0,0.001477778
0.0,0.0073163807
0.0,0.0013990998
1.0,0.96681833
1.0,0.9552574
1.0,0.96936595
0.0,0.005637586
1.0,0.75157773
0.0,0.009869367
0.0,0.0035320818
0.0,0.23553964
1.0,0.7801901
1.0,0.4843454
0.0,0.0007715523
0.0,0.0052182674
1.0,0.7622149
1.0,0.23404583
0.0,0.007473588
1.0,0.1081509
1.0,0.9668201
0.0,0.26501292
0.0,0.028488189
0.0,0.00038775802
0.0,0.0031497478
0.0,0.37967366
0.0,0.0033634007
1.0,0.9545506
0.0,0.014572978
0.0,0.0024635494
1.0,0.97152966
0.0,0.004526466
1.0,0.9566915
1.0,0.015056998
1.0,0.8218548
1.0,0.7621652
1.0,0.89720345
0.0,0.022046566
1.0,0.8050112
0.0,0.8169761
1.0,0.9792656
0.0,0.3603
0.0,0.01808083
0.0,0.0062951744
0.0,0.018821329
0.0,0.11693174
1.0,0.9647754
0.0,0.8740536
1.0,0.5999338
0.0,0.745736
1.0,0.65707487
1.0,0.8658314
0.0,0.0017917752
0.0,0.00061005354
0.0,0.0023607314
1.0,0.92896354
1.0,0.04291913
0.0,0.00010123849
0.0,4.1931868e-05
0.0,0.001970768
0.0,0.020078272
1.0,0.89957714
1.0,0.5221189
0.0,0.008713275
0.0,0.020215333
1.0,0.8659832
1.0,0.9138047
1.0,0.64286816
0.0,0.026563644
0.0,0.4048597
0.0,0.0004067421
0.0,0.7930318
1.0,0.97134984
1.0,0.40806046
0.0,0.016701609
0.0,0.0005352497
0.0,0.001093477
0.0,0.3500681
0.0,0.00032493472
0.0,0.41010436
1.0,0.10472393
0.0,0.023958415
0.0,0.009785622
0.0,0.06867772
0.0,0.7361336
0.0,0.37108767
0.0,0.020362943
0.0,0.0006624162
1.0,0.20501372
0.0,0.0044927
1.0,0.8295003
0.0,0.00013998151
0.0,0.06816402
0.0,0.010728747
0.0,0.00018543005
0.0,0.88751066
1.0,0.24078232
1.0,0.73308843
0.0,0.13346523
1.0,0.89470446
0.0,0.0015268624
0.0,0.41513795
0.0,0.07457128
0.0,0.81948256
0.0,0.0012830794
0.0,3.5852194e-05
1.0,0.16730347
0.0,0.001540333
1.0,0.94199073
0.0,0.018304974
1.0,0.02524507
0.0,0.051664054
1.0,0.0052072704
1.0,0.795098
1.0,0.85076016
0.0,0.0010799468
0.0,0.000608623
1.0,0.96782905
0.0,0.005731821
0.0,0.0053884983
1.0,0.0024566054
1.0,0.95695883
0.0,0.0930399
1.0,0.8737694
1.0,0.9818547
0.0,0.619438
0.0,0.0031868815
0.0,0.26569128
0.0,0.00823167
0.0,0.00061658025
0.0,0.030177623
1.0,0.9746533
0.0,0.1093384
1.0,0.71616685
1.0,0.0808464
0.0,0.003069818
0.0,0.018249333
0.0,0.49987468
1.0,0.93178767
1.0,0.94697416
1.0,0.048180938
0.0,0.011630207
1.0,0.9212451
1.0,0.8996919
0.0,4.8220158e-05
0.0,0.13905716
0.0,0.853274
0.0,0.24584854
1.0,0.8905899
0.0,0.0015798211
1.0,0.1436136
0.0,0.5501332
0.0,0.01858297
0.0,0.0069336593
0.0,0.0010062754
0.0,0.000775069
0.0,0.010623902
0.0,0.0038779974
0.0,0.002628237
0.0,0.011639714
0.0,0.111983895
0.0,0.01387772
0.0,0.0029807687
0.0,0.35766625
0.0,0.0019260049
1.0,0.6593361
0.0,0.006957233
1.0,0.9549826
0.0,0.0005659759
0.0,0.0036692917
0.0,0.004480332
0.0,0.599479
0.0,0.19495568
0.0,0.03507775
0.0,0.06481904
0.0,0.00049722195
0.0,0.00062838197
0.0,0.003280878
0.0,0.15141639
1.0,0.7993995
0.0,0.003545612
0.0,0.0026417077
0.0,0.32930678
0.0,0.008372456
1.0,0.75147665
0.0,0.5426256
1.0,0.26092625
0.0,0.0009472072
0.0,0.015673876
1.0,0.9230671
0.0,0.7523039
1.0,0.20132127
1.0,0.9100292
1.0,0.8284823
1.0,0.9298534
0.0,0.0011166036
1.0,0.44348538
0.0,0.00034183264
0.0,0.0013718605
0.0,0.032597393
1.0,0.97427714
0.0,0.002024889
0.0,0.0015515089
1.0,0.33811182
1.0,0.969702
0.0,0.021332562
0.0,0.00022768974
1.0,0.3096121
0.0,0.0112835765
1.0,0.50948733
0.0,0.16894168
0.0,0.03740111
1.0,0.8382976
0.0,0.73868155
0.0,0.00021982193
1.0,0.059535176
0.0,0.015459627
1.0,0.9757887
0.0,0.0007779002
1.0,0.28068376
1.0,0.33292592
1.0,0.772213
1.0,0.96131986
0.0,0.041437596
0.0,0.067973256
1.0,0.4096691
0.0,0.0006453991
0.0,0.40030882
1.0,0.6257406
1.0,0.8449624
1.0,0.9408047
0.0,0.0018996
1.0,0.8862436
1.0,0.85514915
0.0,0.08580494
1.0,0.9106779
0.0,0.512144
1.0,0.22170535
1.0,0.8633554
0.0,0.64459574
0.0,0.25027615
1.0,0.034177005
0.0,0.1349338
1.0,0.86738014
0.0,0.45165017
0.0,0.0043339133
0.0,0.8453108
1.0,0.9802548
0.0,5.00381e-05
0.0,0.0012541115
0.0,0.54894847
1.0,0.11261687
0.0,0.010953307
0.0,0.0013631284
0.0,0.031367242
0.0,0.7271544
1.0,0.57426125
1.0,0.9330083
0.0,0.020143837
0.0,0.2530796
0.0,0.023409307
0.0,0.11556798
0.0,0.004019916
1.0,0.93670833
0.0,0.014259994
1.0,0.82323384
0.0,0.7223391
0.0,0.1460571
1.0,0.6468776
0.0,0.0023809671
0.0,0.0888927
0.0,0.0011358261
0.0,0.0012847781
0.0,0.022539169
0.0,0.0010715425
0.0,0.00085783005
0.0,0.017404705
1.0,0.9343761
1.0,0.95618856
0.0,0.001232028
0.0,0.006506264
1.0,0.98105556
0.0,0.00096154213
1.0,0.81893086
0.0,0.42510208
0.0,5.325675e-05
1.0,0.77465296
0.0,0.11302346
1.0,0.30036223
0.0,0.64108866
1.0,0.21130493
0.0,0.0055858493
0.0,0.007946789
0.0,0.346335
1.0,0.92847
0.0,2.2351742e-05
0.0,0.016305
0.0,0.0011661351
0.0,0.94827837
1.0,0.1348646
0.0,0.00031527877
0.0,0.00057271123
1.0,0.92743033
1.0,0.01840362
0.0,0.075403005
1.0,0.6231219
0.0,0.010964483
0.0,0.44270074
1.0,0.9515326
1.0,0.949975
0.0,0.009788841
1.0,0.9195735
1.0,0.74959254
0.0,0.005411446
0.0,0.023393184
0.0,0.05043012
1.0,0.002387166
0.0,2.4795532e-05
0.0,0.0037671626
0.0,0.0013429523
1.0,0.9819728
1.0,0.68335485
0.0,0.0049081445
1.0,0.48392168
1.0,0.0024219751
0.0,0.032792747
1.0,0.8585992
0.0,0.0015453994
1.0,0.65562236
0.0,0.015707582
1.0,0.5035786
0.0,0.0011568964
0.0,0.00077080727
1.0,0.5994803
0.0,0.0010968149
1.0,0.8839406
0.0,0.016971081
0.0,0.0027176738
0.0,0.0015302002
1.0,0.5344679
0.0,0.5584167
1.0,0.12342274
0.0,0.000649333
1.0,0.82496333
1.0,0.36033547
0.0,0.00054991245
1.0,0.94683385
1.0,0.9194741
1.0,0.025632948
1.0,0.6302516
0.0,0.019271016
0.0,0.00054124
0.0,0.67477554
1.0,0.9302592
1.0,0.14337447
0.0,0.0015301406
0.0,0.004499495
0.0,0.06879431
1.0,0.9533544
0.0,0.73911965
1.0,0.0062916875
1.0,0.94446075
0.0,0.0071488023
0.0,0.002164662
1.0,0.95413685
0.0,0.57171005
1.0,0.94176847
0.0,0.6347742
0.0,0.013593197
0.0,0.0075804293
1.0,0.09194222
0.0,0.00404042
1.0,0.98660487
0.0,0.010321677
1.0,0.252036
0.0,0.4389207
0.0,0.014750332
1.0,0.008147538
1.0,0.72710997
1.0,0.43666834
1.0,0.77666926
0.0,0.00055122375
0.0,0.004889965
0.0,0.7163804
0.0,3.2544136e-05
1.0,0.90096277
1.0,0.19835675
0.0,0.00025707483
0.0,0.002369374
0.0,0.00025328994
1.0,0.5374264
0.0,0.0028330386
0.0,0.010039747
0.0,0.0050887764
0.0,0.6410638
0.0,0.021520376
0.0,0.39234674
1.0,0.9382342
0.0,0.44826454
1.0,0.01709342
0.0,0.009540856
0.0,0.5061901
1.0,0.84906363
1.0,0.67783964
1.0,0.93933964
0.0,0.0015893579
0.0,0.022558182
1.0,0.37700096
0.0,0.0013515651
0.0,0.0035361946
0.0,0.019738764
1.0,0.8120309
0.0,0.008450657
0.0,0.023342043
1.0,0.92027724
0.0,0.0055318177
1.0,0.95714474
1.0,0.9175861
1.0,0.93988293
0.0,0.00072327256
1.0,0.90588254
1.0,0.26894253
0.0,0.017814875
1.0,0.3314985
0.0,0.010095954
0.0,0.059719592
0.0,0.17635882
0.0,0.0010830164
1.0,0.8325142
1.0,0.7125005
1.0,0.9800575
1.0,0.85053164
1.0,0.9469514
0.0,0.29572245
0.0,0.916438
1.0,0.9491421
0.0,0.0049411654
1.0,0.5135735
1.0,0.9753723
0.0,0.025106996
1.0,0.30343688
1.0,0.1435495
0.0,0.002426982
0.0,0.002388358
0.0,0.0009906888
0.0,0.0019068718
1.0,0.3119309
1.0,0.9128183
0.0,0.0033744574
0.0,0.007184297
1.0,0.0037249625
1.0,0.64928323
1.0,0.056962192
0.0,0.015672475
1.0,0.78953564
1.0,0.38906118
0.0,0.0071798563
0.0,0.12621865
1.0,0.7885391
1.0,0.97582924
0.0,0.42119667
1.0,0.6399168
0.0,0.011511445
0.0,0.047653347
1.0,0.8969774
0.0,0.43441054
1.0,0.98900414
0.0,0.3282634
0.0,0.021970153
0.0,0.02585262
1.0,0.87780184
1.0,0.32775554
0.0,0.00069218874
0.0,0.00532341
1.0,0.5841261
0.0,0.0051403344
1.0,0.9774395
1.0,0.8615223
1.0,0.5423814
0.0,0.0051354766
0.0,0.6592778
0.0,0.023486346
0.0,0.0006596744
0.0,5.2809715e-05
1.0,0.9643407
0.0,0.14750412
0.0,0.003460884
1.0,0.84837615
0.0,0.0014550388
1.0,0.017012864
1.0,0.6282411
0.0,0.0025767088
0.0,0.07228136
0.0,0.41094914
0.0,0.0010240376
0.0,0.00037014484
0.0,0.00048208237
0.0,0.0014536083
0.0,0.807739
1.0,0.34756476
1.0,0.91281366
0.0,0.60747975
0.0,0.23792192
0.0,0.0061050057
0.0,0.0035541952
0.0,0.0018052161
1.0,0.0015467107
0.0,0.0019451082
0.0,1.2278557e-05
1.0,0.9762738
1.0,0.16974875
0.0,0.0018829405
0.0,0.9348316
0.0,0.00012850761
0.0,0.021931171
0.0,0.00046610832
0.0,0.013555557
1.0,0.89414406
1.0,0.4580758
1.0,0.9104819
0.0,0.0012363791
1.0,0.5258949
1.0,0.80550134
0.0,0.06748435
0.0,3.3020973e-05
1.0,0.6563039
1.0,0.07705048
1.0,0.84389204
1.0,0.93668306
1.0,0.5303269
0.0,0.024218738
0.0,0.11448935
1.0,0.26720193
0.0,0.0017870963
1.0,0.7922034
0.0,0.00017720461
1.0,0.45186943
0.0,0.0022933185
0.0,0.42444003
0.0,0.0031265914
0.0,0.020113915
0.0,0.18930405
0.0,5.310774e-05
0.0,0.00017267466
0.0,0.0043292344
0.0,0.6470995
0.0,0.000790447
0.0,0.0010448098
1.0,0.92021465
1.0,0.71148396
1.0,0.939463
0.0,0.82699955
0.0,0.23057622
0.0,0.77756095
0.0,0.004883021
1.0,0.8971123
1.0,0.21140271
1.0,0.8296797
1.0,0.966743
0.0,0.79162055
0.0,0.0012746751
0.0,0.0029093325
1.0,0.44553703
0.0,0.0023884773
1.0,6.41346e-05
1.0,0.9256674
0.0,0.13672984
0.0,0.00081422925
0.0,0.006214142
0.0,0.20645452
1.0,0.72540045
1.0,0.7607667
0.0,0.009839207
1.0,0.8025036
1.0,0.5672955
0.0,0.25156707
0.0,0.007847726
1.0,0.6102894
0.0,0.0006199181
0.0,0.06594905
0.0,0.0010686815
0.0,0.24312788
0.0,0.0012959242
1.0,0.25684077
0.0,0.0897845
0.0,0.7139051
1.0,0.9579197
1.0,0.7829429
0.0,0.09438336
0.0,0.13983878
1.0,0.55317
0.0,0.032402903
0.0,4.2051077e-05
1.0,0.55348825
0.0,0.015327841
0.0,0.0063849688
0.0,0.006070763
1.0,0.9644606
0.0,0.058024257
1.0,0.7785119
1.0,0.82564867
1.0,0.9896966
0.0,0.00045016408
1.0,0.22993773
0.0,0.0029966235
1.0,0.90677464
0.0,0.030857205
1.0,0.8990363
0.0,0.004864514
0.0,0.002285391
1.0,0.9314401
0.0,0.0009803474
0.0,0.0011033118
1.0,0.8157129
1.0,0.6826524
1.0,0.05743414
1.0,0.31745246
1.0,0.27587128
1.0,0.87016094
1.0,0.3755998
0.0,0.0023103356
1.0,0.018738478
1.0,0.9464776
0.0,0.0122948885
0.0,0.00180614
0.0,0.00018081069
1.0,0.37055722
0.0,0.0075128675
0.0,0.054052234
0.0,0.124260426
1.0,0.7669373
0.0,0.0024746954
0.0,0.023106635
1.0,0.42424124
1.0,0.894831
1.0,0.7644959
1.0,0.01137042
0.0,0.96954757
0.0,0.0023667216
0.0,0.004192561
0.0,0.012747347
0.0,0.00071412325
0.0,0.06059119
0.0,0.0074938536
1.0,0.04637131
1.0,0.836457
0.0,0.005743295
1.0,0.927832
0.0,0.0020423234
0.0,5.8323145e-05
1.0,0.95461315
0.0,0.0016601682
0.0,0.83661616
0.0,0.0028767586
0.0,0.7379836
0.0,0.00046992302
0.0,0.0020838976
0.0,0.94680125
1.0,0.58469474
0.0,0.020085692
0.0,0.27107567
1.0,0.70271087
0.0,0.00019416213
1.0,0.5885691
0.0,0.0034266412
0.0,0.00020521879
0.0,0.006693572
0.0,0.11747059
0.0,6.5505505e-05
0.0,0.00085276365
0.0,0.0057858825
0.0,0.0073605776
0.0,0.4673766
1.0,0.37932485
0.0,0.006870866
1.0,0.75355995
0.0,0.42660278
1.0,0.03848672
0.0,0.0007432997
0.0,0.00021240115
0.0,0.043489277
1.0,0.94381535
1.0,0.0029751956
1.0,0.032744855
0.0,0.0073598325
0.0,0.0919995
1.0,0.75232816
0.0,0.045479566
0.0,0.015933096
1.0,0.5701549
0.0,0.002516836
1.0,0.9277387
1.0,0.054990023
0.0,0.000117599964
1.0,0.282004
0.0,0.07942343
1.0,0.09501037
0.0,0.075243324
1.0,0.9856372
0.0,0.0005504489
0.0,0.9668575
0.0,0.011326283
0.0,0.0289025
0.0,0.00015202165
0.0,0.024386078
0.0,0.0044434667
1.0,0.95347863
0.0,0.001500994
0.0,0.00022658706
0.0,3.784895e-06
0.0,0.1514464
0.0,0.07326496
1.0,0.2482053
0.0,0.07039434
0.0,0.017789692
1.0,0.6121394
0.0,0.054318935
1.0,0.8589283
0.0,0.7820235
1.0,0.20082885
1.0,0.7798799
0.0,0.00015577674
1.0,0.9792686
0.0,0.44154444
0.0,0.001866579
0.0,0.0069924593
0.0,0.013147056
1.0,0.11489573
1.0,0.981833
0.0,0.0046893656
0.0,0.009662539
1.0,0.9750288
0.0,0.0009801388
1.0,0.38713843
1.0,0.0014045835
1.0,0.6144096
0.0,0.0019144714
1.0,0.6175512
0.0,0.009211302
1.0,0.8182305
1.0,0.017073244
0.0,0.010198027
0.0,0.36638412
0.0,0.003634721
0.0,0.13449296
1.0,0.5334205
1.0,0.91936064
1.0,0.9779959
0.0,0.003371954
0.0,0.00012046099
1.0,0.9327967
0.0,0.93459964
0.0,0.0025400817
0.0,0.018633753
1.0,0.3137254
0.0,0.014850825
0.0,0.00353688
0.0,0.07929924
0.0,0.072577685
1.0,0.8082398
1.0,0.9343971
0.0,0.015413165
0.0,0.00884673
0.0,0.003354609
1.0,0.9923664
0.0,0.0048492253
0.0,0.4000619
1.0,0.850734
0.0,0.00111866
0.0,0.29036522
1.0,0.83457464
0.0,0.0067300797
1.0,0.06498107
1.0,0.15068465
0.0,0.0025248826
0.0,0.0032550693
0.0,0.0012156367
0.0,0.0005220771
1.0,0.86947256
1.0,0.98995507
1.0,0.90002435
1.0,0.31485242
0.0,0.8222845
0.0,0.010244161
1.0,0.54769725
1.0,0.9648846
0.0,0.026901305
0.0,0.0075678825
1.0,0.38523638
0.0,0.0037207305
1.0,0.7287002
0.0,0.00068712234
0.0,0.07725304
1.0,0.91484404
0.0,0.032550037
0.0,0.0003426373
0.0,0.0021603703
0.0,0.007625073
0.0,0.12790745
1.0,0.07316604
0.0,0.00868243
1.0,0.9387671
0.0,0.096197456
1.0,0.6127019
0.0,0.01503858
1.0,0.46632308
1.0,0.95830786
1.0,0.9899769
0.0,0.6547785
0.0,0.0012112856
1.0,0.33786273
0.0,0.012054414
0.0,0.03241265
1.0,0.53007805
1.0,0.45212555
0.0,0.02466178
1.0,0.8299258
1.0,0.8903775
0.0,0.8049127
0.0,0.0007430911
0.0,0.5177336
0.0,0.00085389614
0.0,7.933378e-05
0.0,0.74399686
1.0,0.9673904
1.0,0.9559492
1.0,0.7954722
0.0,0.005128622
0.0,0.00017386675
0.0,0.00013104081
0.0,0.0021434426
0.0,0.0026673377
0.0,0.0051271915
1.0,0.5324481
1.0,0.95863414
1.0,0.18995318
0.0,0.03841257
0.0,0.004084736
1.0,0.8933114
0.0,0.058395207
0.0,0.560627
1.0,0.8482316
0.0,0.3652098
0.0,0.4030985
1.0,0.23083335
0.0,0.003545016
1.0,0.4839365
1.0,0.87566054
0.0,0.6241788
0.0,0.004054785
1.0,0.9911393
0.0,0.00017032027
0.0,0.18067631
1.0,0.34986463
1.0,0.7649745
1.0,0.5489377
1.0,0.84151906
0.0,0.91059506
0.0,0.009408087
0.0,0.0014261603
1.0,0.6415304
0.0,0.9507797
1.0,0.18081462
0.0,0.56095684
1.0,0.55297774
1.0,0.58279884
0.0,0.02672416
0.0,0.03091985
0.0,0.0034221113
0.0,0.039709568
0.0,0.017289847
0.0,0.0018595755
1.0,0.21351892
1.0,0.16608289
0.0,0.42239425
1.0,0.92301935
1.0,0.034635454
0.0,0.00023162365
0.0,0.029546529
1.0,0.7368635
1.0,0.056425184
0.0,0.0023147464
0.0,0.059569597
0.0,0.00079998374
0.0,0.004829824
1.0,0.61643934
1.0,0.94866604
0.0,0.014881909
0.0,0.00016182661
0.0,0.010535687
0.0,0.05807963
0.0,0.0021501482
0.0,0.004176706
0.0,0.6010463
0.0,0.0126826465
0.0,0.0021588802
0.0,0.026949346
0.0,0.022022873
1.0,0.94370335
1.0,0.8685652
0.0,0.0003567338
0.0,0.004155606
0.0,6.3180923e-06
0.0,0.0010063946
0.0,0.03205821
0.0,0.06904432
0.0,0.0017324388
0.0,0.7461534
1.0,0.84972215
1.0,0.9912939
1.0,0.84589565
1.0,0.81354475
1.0,0.96890837
0.0,0.16080111
0.0,0.0076604486
0.0,0.012790203
0.0,0.010508567
1.0,0.37806588
0.0,0.0017246604
1.0,0.84758955
0.0,0.0044413507
0.0,0.8205159
0.0,0.8124424
0.0,0.016477853
0.0,0.030432165
0.0,0.13118306
0.0,0.016266197
0.0,0.0011939704
1.0,0.8615755
1.0,0.54250896
0.0,0.10798219
0.0,0.11608979
0.0,0.002132386
0.0,0.0022507608
1.0,0.90843403
0.0,0.0012376904
1.0,0.015491724
0.0,0.0015716255
1.0,0.12684211
0.0,0.0004634261
0.0,0.122408
1.0,0.6944349
0.0,2.2292137e-05
1.0,0.9659612
0.0,0.016952842
0.0,0.5177136
0.0,0.1055401
0.0,0.00017273426
0.0,0.001917839
1.0,0.9087752
1.0,0.9467219
0.0,0.13760886
0.0,0.0027819574
0.0,0.0014777184
0.0,0.09994432
1.0,0.61804366
0.0,0.5855217
1.0,0.21289587
1.0,0.61831105
0.0,0.40732774
0.0,0.005664408
0.0,0.01636234
0.0,0.009491265
0.0,0.045715213
0.0,0.015805006
0.0,0.017727852
0.0,0.20103154
0.0,0.13444373
1.0,0.9139803
0.0,0.9762839
0.0,0.0011085272
1.0,0.81175005
0.0,0.0039313138
0.0,0.0032359064
0.0,0.00016337633
0.0,0.005217701
1.0,0.0066534877
1.0,0.8866842
1.0,0.9760736
0.0,0.0013380051
0.0,0.0018604398
0.0,0.005992502
0.0,0.35154104
0.0,0.069375366
0.0,0.6153025
1.0,0.9808715
1.0,0.9657458
1.0,0.7703521
0.0,0.0051759183
1.0,0.9765574
1.0,0.16523492
0.0,0.0044346154
1.0,0.70375
0.0,0.0026983619
0.0,0.0035248697
0.0,0.77973163
1.0,0.96800095
1.0,0.78256494
1.0,0.28449094
0.0,0.65882003
0.0,0.07406852
0.0,0.0008363426
1.0,0.9690101
1.0,0.96486866
1.0,0.9706759
1.0,0.79693073
0.0,0.005386591
0.0,0.0027338564
0.0,0.0034297407
0.0,0.30078337
1.0,0.9108886
0.0,0.0020002127
0.0,0.03581521
0.0,0.07461071
1.0,0.13868323
0.0,0.044292986
0.0,0.14114523
0.0,0.1022169
0.0,0.7575034
0.0,0.014509499
0.0,0.011063427
0.0,0.0012385547
0.0,0.010433167
0.0,0.0016689897
1.0,0.974983
1.0,0.050968766
0.0,0.7197333
0.0,0.9847921
0.0,0.07466167
1.0,0.7374507
0.0,0.0031242073
0.0,0.0033334792
0.0,0.25806832
0.0,0.00025299191
1.0,0.68312484
0.0,0.0051261783
0.0,0.12957421
1.0,0.6749808
1.0,0.8497322
1.0,0.8171979
0.0,0.005293697
0.0,0.11175391
1.0,0.8725787
1.0,0.95822704
1.0,0.96408236
0.0,0.82034445
0.0,0.42636925
0.0,0.0007035136
1.0,0.032996714
1.0,0.9249854
0.0,0.0014047325
0.0,0.5360641
1.0,0.6459436
1.0,0.95629215
0.0,0.003617376
1.0,0.8599301
1.0,0.48192292
0.0,0.0076104105
1.0,0.11323428
0.0,0.004860848
0.0,0.0014885068
0.0,0.9523381
0.0,0.0009893477
1.0,0.63560337
0.0,0.09840399
1.0,0.6197387
1.0,0.6501196
1.0,0.12505722
0.0,0.00026741624
0.0,0.35222793
1.0,0.5178663
0.0,3.0249357e-05
1.0,0.6002842
1.0,0.8657749
0.0,0.9043975
0.0,0.01792559
1.0,0.074799836
1.0,0.9879904
0.0,0.000854522
1.0,0.5525189
1.0,0.22316235
1.0,0.8357979
1.0,0.98474693
1.0,0.30622756
1.0,0.93949294
0.0,0.007268101
0.0,0.41497684
0.0,0.012799144
1.0,0.9458574
1.0,0.25102073
0.0,0.055244476
0.0,0.007671118
1.0,0.038832843
0.0,0.011696994
1.0,0.98137677
0.0,0.42574495
1.0,0.29649583
1.0,0.9121044
0.0,0.13416657
1.0,0.5207138
0.0,0.017880857
1.0,0.9723388
1.0,0.7537147
1.0,0.24669975
0.0,0.010071397
0.0,0.0016399026
1.0,0.33020467
0.0,0.054575026
1.0,0.91347766
0.0,0.0012865663
0.0,0.57334805
0.0,0.149802
0.0,0.02865845
0.0,3.823638e-05
0.0,0.23548838
0.0,0.37379897
1.0,0.9621619
1.0,0.0767456
0.0,0.00024840236
1.0,0.9593196
1.0,0.93772894
0.0,0.68660444
0.0,0.63933045
0.0,0.016142696
0.0,0.007932723
0.0,0.008179933
0.0,0.007172346
1.0,0.14422289
1.0,0.9824829
0.0,0.0033095777
0.0,0.00097608566
0.0,0.3781562
0.0,0.5414735
0.0,0.054272443
1.0,0.7634661
0.0,0.41901535
0.0,0.009299129
1.0,0.3946946
1.0,0.7298497
0.0,0.0036580265
0.0,0.120676756
0.0,0.00024583936
1.0,0.8098517
1.0,0.7400595
0.0,0.0027120411
0.0,0.0029772818
0.0,0.0025550425
0.0,0.10585824
0.0,0.00022479892
1.0,0.90560865
1.0,0.6586951
1.0,0.25184232
0.0,6.347895e-05
1.0,0.2355231
0.0,0.47696742
1.0,0.947202
1.0,0.59194124
0.0,0.0011178553
0.0,7.739663e-05
0.0,0.002151817
0.0,0.5185438
0.0,0.7781927
1.0,0.9892094
0.0,0.7445818
0.0,0.5116401
0.0,0.004417509
0.0,3.71933e-05
0.0,0.0067070127
0.0,0.014823586
0.0,0.015342981
1.0,0.24510986
1.0,0.84474385
0.0,4.6759844e-05
0.0,0.2699582
0.0,0.32282668
0.0,0.002125889
1.0,0.84990513
0.0,0.005451143
0.0,0.080524
1.0,0.72422755
0.0,0.49490735
0.0,0.006418675
0.0,0.0075289905
0.0,0.0035873652
1.0,0.90520906
1.0,0.858943
0.0,0.0034971535
1.0,0.11450404
1.0,0.9000528
1.0,0.8593683
0.0,0.14832446
0.0,0.020569772
1.0,0.84915894
1.0,0.97082686
0.0,0.0021435022
1.0,0.92625964
0.0,0.0009858906
1.0,0.8965162
1.0,0.6729421
1.0,0.45863882
0.0,0.01734966
1.0,0.40530193
1.0,0.14090511
0.0,0.0058707893
0.0,0.004808545
0.0,0.9681462
0.0,0.0056430697
0.0,0.0024848878
0.0,0.00019016862
1.0,0.96743906
0.0,0.05022502
0.0,0.006587893
0.0,0.15586379
0.0,0.0014939308
0.0,0.017918825
0.0,0.0014611185
1.0,0.8150258
0.0,0.0037520826
0.0,0.008637637
0.0,0.17117298
1.0,0.71873885
1.0,0.9103241
1.0,0.9258105
1.0,0.8895637
0.0,0.00048980117
0.0,0.0012572408
0.0,0.03088513
0.0,0.0044529736
0.0,0.6722718
0.0,0.0035479069
1.0,0.87742865
0.0,0.61832047
1.0,0.113201976
1.0,0.0023480952
1.0,0.6830202
0.0,0.0043444633
0.0,0.00068312883
0.0,8.100271e-05
0.0,0.0014863908
1.0,0.7431015
1.0,0.88053584
1.0,0.15405
1.0,0.7824117
1.0,0.9903111
0.0,0.0076570213
0.0,0.009398222
0.0,0.6936358
0.0,0.0027827919
1.0,0.87774867
0.0,0.0021819472
0.0,0.45212734
1.0,0.98766273
1.0,0.37594643
0.0,0.003091246
0.0,0.08356789
0.0,0.032393336
0.0,0.2662845
1.0,0.5082111
0.0,0.9599453
0.0,0.25317448
1.0,0.9646617
0.0,0.036006123
1.0,0.9162257
1.0,0.9434401
0.0,0.000114262104
0.0,0.59918016
0.0,0.00037950277
0.0,0.011768311
1.0,0.6372543
0.0,0.007980496
0.0,0.09050703
0.0,0.5388826
0.0,0.0023464859
1.0,0.94813526
1.0,0.050856084
1.0,0.80544066
1.0,0.86163586
0.0,0.2780761
0.0,0.0064653456
1.0,0.40413767
0.0,0.009759545
1.0,0.27884918
0.0,0.0073046386
1.0,0.9805442
1.0,0.9616852
0.0,0.26884413
0.0,0.038416862
0.0,0.06284025
0.0,0.0032591522
0.0,0.001205951
0.0,0.006404251
1.0,0.7429867
0.0,0.0015381873
0.0,0.027763873
0.0,0.031766176
0.0,0.023524165
0.0,0.0049939454
0.0,9.590387e-05
0.0,0.060120106
0.0,0.00067028403
0.0,2.6375055e-05
0.0,0.0061936677
0.0,0.06776011
0.0,0.0011920631
1.0,0.07048643
0.0,0.03856823
1.0,0.9291207
0.0,0.0011804402
0.0,0.0005967021
1.0,0.65856725
0.0,0.0056725144
1.0,0.9810067
0.0,0.020987332
1.0,0.9396781
0.0,0.37811852
0.0,0.007741332
1.0,0.79921997
1.0,0.046679676
0.0,0.0002631545
0.0,0.036914796
0.0,1.218915e-05
0.0,0.00035372376
0.0,8.311868e-05
0.0,0.7557154
1.0,0.8928781
1.0,0.5831176
0.0,0.014400959
0.0,0.0024313927
1.0,0.35811242
1.0,0.42850387
1.0,0.6394423
0.0,5.751848e-06
1.0,0.021399677
0.0,0.16255751
1.0,0.3140697
0.0,0.00012230873
1.0,0.5149388
0.0,0.0017465949
0.0,0.0465343
0.0,0.0696834
0.0,0.56432915
1.0,0.6675078
0.0,0.061225444
0.0,0.0069648623
1.0,0.9615636
0.0,9.75728e-05
0.0,0.6492132
0.0,0.022171944
1.0,0.9729126
0.0,0.07016614
0.0,0.006518334
0.0,0.98339295
1.0,0.7704407
0.0,8.779764e-05
0.0,0.52514476
0.0,0.017359674
1.0,0.4058041
0.0,0.0022691786
1.0,0.9798749
0.0,0.18073052
1.0,0.6595348
1.0,0.9814116
0.0,0.52067775
1.0,0.96724904
1.0,0.96353376
0.0,0.00080788136
0.0,0.3792878
0.0,0.0027241707
1.0,0.9582689
0.0,0.032404333
1.0,0.8049071
1.0,0.13024798
0.0,0.0046741366
1.0,0.8340418
0.0,0.25938353
1.0,0.18748868
0.0,0.3918669
1.0,0.3897184
0.0,0.41460466
1.0,0.00030738115
0.0,0.2963144
0.0,0.00049096346
0.0,0.00016257167
0.0,0.002292633
0.0,0.0013517737
0.0,6.8336725e-05
0.0,0.00012636185
0.0,0.1485886
0.0,0.041314274
0.0,0.45040265
0.0,0.43823496
0.0,0.0013892055
1.0,0.69485325
1.0,0.2454069
0.0,0.2737081
1.0,0.0028592348
0.0,0.0027292967
0.0,0.09280214
0.0,0.40894407
0.0,0.0033716261
0.0,0.026498586
0.0,0.03842342
1.0,0.86401594
0.0,0.00011855364
0.0,0.005023122
1.0,0.00054356456
0.0,0.00075402856
1.0,0.6515136
0.0,0.010062635
0.0,0.026475817
1.0,0.27723673
0.0,0.0028876066
1.0,0.7883071
0.0,0.0014669597
0.0,2.9325485e-05
0.0,0.00028187037
1.0,0.9775256
0.0,0.021995038
1.0,0.30558708
1.0,0.6534219
0.0,0.82994974
0.0,1.7523766e-05
1.0,0.0073753893
0.0,0.0095590055
0.0,0.00628376
0.0,0.5295357
0.0,0.00014206767
0.0,0.95707995
0.0,0.8206178
1.0,0.06130588
0.0,0.008664221
1.0,0.54375535
0.0,0.0005393326
0.0,9.480119e-05
0.0,0.0013290942
1.0,0.6436143
1.0,0.9635616
0.0,0.10133162
0.0,0.20644161
0.0,0.00018548965
0.0,0.047406107
0.0,0.014138311
0.0,0.009135634
0.0,6.3955784e-05
1.0,0.05092013
1.0,0.7758943
0.0,0.0052711666
0.0,0.9628694
1.0,0.33754218
0.0,7.379055e-05
1.0,0.82581806
0.0,0.00027132034
0.0,0.0054266453
1.0,0.98666024
0.0,0.23271844
1.0,0.6417608
1.0,0.86755234
1.0,0.9700684
0.0,0.48714197
0.0,0.015224487
0.0,0.31350297
1.0,0.785864
0.0,0.14502096
1.0,0.969414
0.0,0.0072473288
0.0,0.00028043985
0.0,0.058781207
1.0,0.8714024
0.0,0.0010116398
0.0,0.011088103
0.0,0.18637568
1.0,0.005170226
1.0,0.9867599
0.0,0.002099812
0.0,0.0006546974
1.0,0.92306787
1.0,0.97319186
1.0,0.5722916
1.0,0.06845626
0.0,0.0030878484
1.0,0.5448919
0.0,0.013618797
0.0,0.00020036101
0.0,0.0015416443
1.0,0.7893367
0.0,0.014800876
0.0,0.011824548
0.0,0.0007022023
1.0,0.4901559
0.0,0.12740421
1.0,0.894595
1.0,0.95523155
0.0,0.0098181665
1.0,0.66800237
0.0,0.008565396
1.0,0.5996792
0.0,0.11384186
0.0,0.0035556555
0.0,0.005379796
0.0,0.0013631284
1.0,0.94691455
0.0,0.009115517
0.0,0.040920705
0.0,0.8335649
1.0,0.9877424
1.0,0.63825154
0.0,0.0039946437
1.0,0.9220089
1.0,0.91829866
1.0,0.98652697
1.0,0.17719755
0.0,0.08970159
1.0,0.7173583
0.0,0.0511609
0.0,0.22922274
1.0,0.53438056
0.0,0.00979358
0.0,0.016241282
0.0,0.028052598
1.0,0.15959406
0.0,0.09370285
0.0,0.16579354
1.0,0.98294663
0.0,0.0026662648
1.0,0.7234551
0.0,0.010924548
0.0,0.60964483
1.0,0.625717
1.0,0.9166666
0.0,0.00075793266
1.0,0.79146254
1.0,0.97575915
0.0,0.561058
0.0,0.16156837
1.0,0.37981185
0.0,0.013930589
1.0,0.96645486
0.0,0.015459418
0.0,0.019931734
1.0,0.2965902
1.0,0.9289716
0.0,0.020943224
1.0,0.5789436
0.0,0.007342458
0.0,0.019358635
1.0,0.8864647
0.0,0.0031815171
0.0,0.15125975
0.0,0.008346915
1.0,0.24447635
0.0,0.0028619766
0.0,0.00043413043
1.0,0.80022895
1.0,0.848773
0.0,0.0034725964
0.0,0.23432583
0.0,0.00050866604
1.0,0.06757209
0.0,0.14692718
0.0,0.0008933246
0.0,0.011149079
0.0,0.0034613311
0.0,0.002390772
1.0,0.27160296
0.0,0.32731068
0.0,0.0014152229
0.0,0.018210411
1.0,0.82118285
1.0,0.98202896
1.0,0.8872864
0.0,0.6689393
0.0,0.007596016
0.0,0.96188295
1.0,0.97413623
0.0,0.0071446
1.0,0.88372564
0.0,0.0053186715
1.0,0.97424746
0.0,0.020766586
1.0,0.7204136
0.0,0.6814611
1.0,0.37431222
0.0,0.013277888
0.0,0.05292669
1.0,0.23944038
1.0,0.8769335
1.0,0.93864715
0.0,0.072704226
1.0,0.88816047
1.0,0.6394586
1.0,0.060095876
0.0,0.00057035685
1.0,0.48950067
0.0,0.0013139844
0.0,0.92184603
1.0,0.2082167
0.0,0.22043303
0.0,0.0022579134
0.0,0.008103788
0.0,0.019322395
0.0,0.52239937
1.0,0.9283433
1.0,0.8506167
0.0,0.5824743
0.0,0.54934376
0.0,0.002124101
1.0,0.9737683
0.0,0.42474434
0.0,0.3665084
0.0,0.0019543767
0.0,0.0013242662
0.0,0.004176289
0.0,0.75787824
1.0,0.95848316
1.0,0.975451
1.0,0.021957934
0.0,0.34407863
0.0,0.002580136
0.0,5.6266785e-05
0.0,0.0019494593
0.0,0.04820758
1.0,0.95937115
0.0,0.0066364408
0.0,0.08019823
1.0,0.92145956
0.0,0.052592516
1.0,0.017560184
1.0,0.83647037
0.0,0.17418519
0.0,0.0053194165
0.0,0.04887736
1.0,0.4554994
0.0,0.015757173
0.0,0.004208386
1.0,0.6970094
1.0,0.3368245
0.0,0.00034436584
0.0,0.040415317
0.0,0.2896312
0.0,0.0013130009
0.0,0.08229992
1.0,0.32442462
1.0,0.83738214
0.0,0.0023734868
0.0,0.00041154027
0.0,0.47287348
0.0,0.022544116
1.0,0.8458112
0.0,0.0009885132
1.0,0.96729755
0.0,0.037522376
1.0,0.9708632
0.0,0.0012320578
1.0,0.8972651
1.0,0.6149935
0.0,0.012359053
0.0,0.004325539
0.0,4.9740076e-05
0.0,0.14874262
1.0,0.622832
1.0,0.0021235645
1.0,0.16798717
1.0,0.089258164
1.0,0.17327097
0.0,0.00038328767
1.0,0.78184783
1.0,0.42885292
0.0,0.010177374
0.0,0.022399753
0.0,0.0044479966
1.0,0.85041225
1.0,0.96266603
0.0,0.9265803
0.0,0.0042989254
1.0,0.7518451
0.0,0.00073578954
0.0,0.0012693703
1.0,0.9734103
0.0,0.31402877
0.0,0.018829048
1.0,0.05741486
1.0,0.90840864
0.0,0.0021814406
0.0,0.00241372
0.0,0.048206
1.0,0.9492905
1.0,0.94459486
0.0,0.6832075
0.0,0.37777287
1.0,0.93031144
1.0,0.5892968
0.0,0.004306853
0.0,0.024458319
0.0,0.05267918
1.0,0.34554824
1.0,0.7178273
0.0,0.0014597476
0.0,0.022311449
1.0,0.85801363
0.0,0.01629293
0.0,0.004393965
0.0,0.014499068
0.0,0.6041258
1.0,0.76093537
0.0,0.8292608
0.0,0.0029691458
0.0,0.60778713
0.0,0.19612691
0.0,0.0038045943
1.0,0.7237821
1.0,0.75907195
0.0,0.07032049
1.0,0.9719896
0.0,0.08914757
1.0,0.79328775
1.0,0.0025079548
1.0,0.7594882
0.0,0.0019719899
0.0,0.72000986
0.0,0.008461058
1.0,0.97421217
0.0,0.0021861196
1.0,0.9093854
0.0,0.03525868
0.0,0.0006971061
1.0,0.3363598
1.0,0.95109284
0.0,0.00054371357
1.0,0.5933129
0.0,0.006342888
1.0,0.46300748
0.0,0.00027367473
1.0,0.7657218
1.0,0.058104098
0.0,0.003019005
0.0,0.016957253
0.0,0.000877738
0.0,0.0013955235
0.0,0.0010311306
0.0,0.7328516
0.0,0.037677437
0.0,0.0123381615
0.0,0.9780705
0.0,0.0019584894
1.0,0.84998214
0.0,0.15957582
0.0,0.034861088
1.0,0.986227
0.0,0.014416635
1.0,0.9825217
0.0,0.004189253
1.0,0.93134063
0.0,0.0019359887
0.0,0.012289494
1.0,0.98390305
0.0,0.0095923245
0.0,0.0014900267
0.0,4.9084425e-05
1.0,0.93718886
1.0,0.30480152
0.0,0.0075694323
1.0,0.7315811
1.0,0.19936767
1.0,0.9540224
0.0,0.22961003
1.0,0.095431775
1.0,0.46842065
0.0,0.40699136
1.0,0.16953424
1.0,0.14098075
0.0,0.011148691
0.0,0.00016760826
0.0,0.014772415
0.0,0.013568521
0.0,0.0031064749
0.0,0.0023859143
0.0,0.002012521
0.0,8.222461e-05
1.0,0.58319455
0.0,0.07852647
0.0,0.0009326041
0.0,0.0045340657
0.0,0.050986916
1.0,0.6100732
0.0,0.0005450249
1.0,0.7098826
0.0,0.63604546
0.0,0.0023069084
1.0,0.41587675
1.0,0.78746104
0.0,0.16040826
0.0,0.01665929
1.0,0.9490832
0.0,0.90245664
0.0,0.04775381
1.0,0.4642792
1.0,0.33846205
1.0,0.47542456
1.0,0.81565
0.0,0.03235784
0.0,0.0015428364
1.0,0.23817304
0.0,0.0035099983
0.0,0.00047698617
1.0,0.97274125
1.0,0.73896366
1.0,0.9814
0.0,0.0007302165
1.0,0.020947367
1.0,0.92020464
1.0,0.7862991
0.0,0.0005326271
0.0,0.0019547343
1.0,0.25299066
0.0,0.003437221
0.0,0.4405724
0.0,0.004847765
1.0,0.95072937
0.0,0.0024166703
0.0,0.008843362
0.0,0.0030284226
0.0,0.63325095
0.0,0.018847853
0.0,0.00012472272
0.0,0.7303654
1.0,0.92765343
0.0,0.055442125
1.0,0.62590265
0.0,0.002317518
0.0,0.24094936
0.0,0.8697445
1.0,0.0021669567
0.0,0.58590484
0.0,0.00077852607
0.0,0.0006210804
0.0,0.059742063
0.0,0.01258415
1.0,0.9380111
0.0,0.14818633
1.0,0.8646122
0.0,0.0041379035
0.0,0.03609526
0.0,0.002449274
0.0,0.20142707
0.0,0.042792022
0.0,0.31842557
0.0,0.002751708
0.0,0.001780659
1.0,0.86846656
0.0,0.011993855
1.0,0.9080683
1.0,0.82273847
0.0,0.032166034
0.0,0.0077213347
1.0,0.853462
0.0,0.0026797056
1.0,0.44362888
1.0,0.7628249
0.0,0.0032143593
1.0,0.40163627
0.0,0.00050103664
1.0,0.8832606
0.0,0.041339427
0.0,0.038424015
1.0,0.6737903
0.0,0.04772201
0.0,0.0011484623
0.0,0.46284625
1.0,0.8290051
1.0,0.9508096
0.0,0.0004966557
0.0,0.012153983
1.0,0.64009416
0.0,0.8203068
1.0,0.009239614
0.0,0.1405057
1.0,0.06392872
0.0,0.19910464
0.0,0.002624333
0.0,0.47292212
0.0,0.004215181
0.0,0.013841182
1.0,0.0015535653
0.0,0.30263022
1.0,0.7066033
0.0,0.00073617697
1.0,0.24528387
0.0,0.006352961
0.0,0.0013506114
0.0,0.0036108196
0.0,0.004493475
0.0,0.14481345
0.0,0.043928713
0.0,0.025307328
0.0,0.35622928
1.0,0.6796315
0.0,0.003167957
0.0,0.012575179
1.0,0.5934504
1.0,0.23667806
0.0,0.007153034
0.0,0.0032970011
1.0,0.69365156
0.0,0.18941021
1.0,0.003893733
1.0,0.91976106
1.0,0.52759427
1.0,0.41896763
0.0,0.0041062534
0.0,0.00037169456
1.0,0.15540177
0.0,0.21216083
1.0,0.9258667
1.0,0.27723795
1.0,0.93176556
0.0,0.012911439
0.0,9.2089176e-05
0.0,0.018889189
0.0,0.00439626
1.0,0.6088414
1.0,0.5548072
0.0,0.008616209
0.0,0.024995089
0.0,0.0066363215
0.0,0.005753964
1.0,0.015574783
1.0,0.5928161
1.0,0.5188594
0.0,0.71011233
1.0,0.16963997
1.0,0.6467842
1.0,0.72070456
1.0,0.8849627
0.0,0.31529552
0.0,0.14602613
0.0,0.3456195
0.0,0.0005245209
1.0,0.83118236
1.0,0.9883951
1.0,0.52094513
1.0,0.5821282
0.0,0.0044505
0.0,0.00083324313
0.0,0.007353097
0.0,0.08542016
1.0,0.8033893
0.0,0.0059841573
0.0,0.0011788309
0.0,0.070875525
0.0,0.0037759542
1.0,0.8401148
1.0,0.7319344
1.0,0.9444368
0.0,0.02786249
0.0,0.2380924
1.0,0.5436252
1.0,0.98845124
0.0,0.018737495
1.0,0.8692433
0.0,0.7684412
1.0,0.97479594
1.0,0.9434887
1.0,0.19402012
0.0,0.00989446
0.0,0.081409276
1.0,0.98165107
0.0,0.0055032372
0.0,0.058654577
1.0,0.97534454
0.0,0.031693697
0.0,0.0044302344
0.0,0.03808257
1.0,0.29979533
0.0,0.46279797
0.0,0.12201241
1.0,0.6206556
0.0,0.52746725
0.0,0.0038220584
0.0,0.01356855
0.0,0.054979146
1.0,0.4834494
0.0,0.72548085
0.0,0.0017720759
0.0,0.00027409196
1.0,0.25704902
0.0,0.0012089312
0.0,0.00010809302
1.0,0.4634341
0.0,0.07910141
0.0,0.00030979514
1.0,0.9801518
1.0,0.3030453
0.0,0.0006068051
1.0,0.4611457
1.0,0.4037317
0.0,0.10349208
0.0,0.32549638
1.0,0.28883252
1.0,0.55606943
0.0,0.0037348568
1.0,0.058703363
1.0,0.06977978
1.0,0.14617726
0.0,0.17957595
1.0,0.014450222
0.0,0.004673511
1.0,0.6475097
0.0,0.0022492707
1.0,0.97802114
0.0,0.80947053
0.0,0.01162523
1.0,0.33844274
0.0,0.007621467
1.0,0.8484104
1.0,0.53656656
1.0,0.9352124
1.0,0.129556
0.0,0.0051116347
1.0,0.0013681948
0.0,0.36084062
0.0,0.001765281
0.0,0.001563549
0.0,0.004898697
1.0,0.9567175
0.0,0.0015763938
0.0,0.19782954
0.0,0.348728
0.0,0.039589137
1.0,0.9049965
0.0,0.10492578
0.0,0.0014005005
0.0,0.00946793
0.0,0.31587183
1.0,0.7628505
0.0,0.0018599927
1.0,0.9346493
1.0,0.94370174
0.0,0.56328714
0.0,0.0020774305
0.0,0.0017977357
1.0,0.7706449
0.0,0.0044071972
1.0,0.0021040142
1.0,0.43399784
1.0,0.94714224
0.0,0.8172767
0.0,0.48520568
0.0,0.0017615259
0.0,0.42723897
0.0,0.0059627295
0.0,0.00063729286
0.0,0.2605663
1.0,0.6776991
0.0,0.043717533
1.0,0.8706361
0.0,0.014925182
1.0,0.8242805
1.0,0.89131933
1.0,0.44784045
1.0,0.87677956
0.0,0.19703743
0.0,0.9608489
0.0,0.0063810945
1.0,0.67004955
1.0,0.86239755
0.0,0.002694875
1.0,0.05154541
1.0,0.7449006
1.0,0.8406279
1.0,0.17600265
0.0,0.71185553
0.0,0.01692921
1.0,0.89459705
0.0,0.0053062737
0.0,0.017315358
1.0,0.9641776
0.0,0.0002785325
0.0,0.36372218
0.0,0.093311936
0.0,0.0001475811
0.0,0.041496158
1.0,0.9847361
0.0,0.0010834634
0.0,0.5375882
1.0,0.17023194
0.0,0.024519116
1.0,0.9158386
0.0,0.30749637
0.0,0.0007054806
0.0,0.00032556057
0.0,0.014858037
1.0,0.51940185
0.0,0.036150336
0.0,0.06931907
1.0,0.8264351
1.0,0.80530816
0.0,0.021947384
0.0,0.0071241558
0.0,0.0017957389
1.0,0.3471728
0.0,0.00075787306
1.0,0.8896494
1.0,0.6151741
1.0,0.08670324
1.0,0.6968831
1.0,0.6261577
0.0,0.93211925
1.0,0.6711133
1.0,0.97672784
0.0,0.0010960102
0.0,0.0007959902
0.0,0.001806736
1.0,0.7938717
0.0,0.0074906945
0.0,0.0021769404
0.0,0.08268121
1.0,0.9681337
0.0,0.051105976
1.0,0.91035765
0.0,0.11332059
0.0,0.6061815
0.0,0.017295986
0.0,0.003796041
0.0,0.005276561
1.0,0.5292909
1.0,0.90094745
0.0,0.020677269
0.0,0.02037409
1.0,0.6677664
0.0,6.130338e-05
1.0,0.9637091
0.0,0.014599681
0.0,0.0024387836
0.0,0.0054748654
1.0,0.92698145
1.0,0.47710815
0.0,0.010763973
0.0,0.018023282
1.0,0.4391819
0.0,0.004128784
0.0,0.0032322705
1.0,0.37701017
1.0,0.988131
1.0,0.8994948
0.0,0.007211685
1.0,0.7711705
1.0,0.6539834
0.0,0.08991945
0.0,0.0024124384
0.0,0.002387941
0.0,0.005687237
0.0,0.00060370564
0.0,0.004229814
1.0,0.67876995
1.0,0.8030337
0.0,0.056836158
0.0,0.0076610446
0.0,0.23759326
0.0,0.0052316487
1.0,0.8363123
0.0,0.652312
0.0,0.008229107
0.0,0.4039007
0.0,0.8048396
1.0,0.053078294
0.0,0.0008395314
0.0,0.5502447
1.0,0.930949
0.0,0.008486211
0.0,0.39445603
0.0,0.02505517
0.0,0.00024479628
1.0,0.49447998
1.0,0.90990126
0.0,0.08509314
0.0,0.92151845
0.0,0.00023180246
0.0,0.91241205
0.0,0.95062697
0.0,0.12346318
0.0,5.64456e-05
0.0,0.04117632
1.0,0.009951919
0.0,0.0018686354
1.0,0.27543542
0.0,0.87730116
0.0,8.5026026e-05
0.0,0.011066973
0.0,0.1709156
0.0,0.09550619
0.0,0.006567985
1.0,0.936141
0.0,0.0026426017
0.0,0.29154778
0.0,0.017528176
1.0,0.36708105
1.0,0.87423253
0.0,0.0022250712
0.0,0.08479133
0.0,0.0013796687
1.0,0.98528266
1.0,0.4048217
1.0,0.9755842
0.0,0.030929983
1.0,0.98371696
0.0,0.0076601505
0.0,5.2064657e-05
0.0,0.0021110773
1.0,0.00019183755
0.0,0.00020110607
0.0,0.0024398863
1.0,0.9676367
1.0,0.04664585
0.0,0.0020105243
1.0,0.9645638
0.0,0.0049363077
1.0,0.18180129
0.0,0.0073409975
1.0,0.8103441
0.0,0.9769236
0.0,0.21655402
1.0,0.7536263
0.0,0.0008171201
0.0,0.033404052
0.0,0.0026513934
0.0,0.0013905466
0.0,0.040630102
0.0,0.00051161647
1.0,0.5225041
1.0,0.59472364
0.0,0.097391605
0.0,0.0029107034
0.0,0.004971355
0.0,0.27898836
1.0,0.92038167
0.0,0.005342096
0.0,0.23765296
0.0,0.44569296
0.0,0.022871107
0.0,1.3619661e-05
1.0,0.9233098
1.0,0.836454
0.0,0.00019705296
0.0,0.0025729835
0.0,0.019286156
0.0,0.0019554794
1.0,0.7766923
0.0,0.63286316
0.0,0.041373312
0.0,0.004055798
1.0,0.20454556
0.0,0.000749439
0.0,0.04798168
1.0,0.9573128
0.0,0.0028587282
0.0,0.010635704
1.0,0.70332634
1.0,0.36861867
1.0,0.92290175
0.0,0.00055527687
0.0,0.00080007315
0.0,0.18345818
0.0,0.0012173951
1.0,0.55555004
0.0,0.033290237
1.0,0.019738615
0.0,3.1799078e-05
0.0,0.0007735491
0.0,0.11557484
1.0,0.98013824
0.0,0.9303133
0.0,0.06539261
0.0,0.05583033
1.0,0.71131885
0.0,0.0009646416
0.0,0.008846015
0.0,3.7640333e-05
1.0,0.01532352
0.0,0.0046057403
0.0,0.0008337498
1.0,0.04812777
1.0,0.98636436
0.0,0.000107854605
1.0,0.9701556
1.0,0.98654413
1.0,0.75715506
1.0,0.78049064
0.0,0.004095018
1.0,0.8580272
0.0,0.99270684
1.0,0.012497187
0.0,0.0060390234
1.0,0.24652493
0.0,0.04063365
1.0,0.007963836
1.0,0.98647904
1.0,0.38207513
0.0,0.0025678575
0.0,0.5306449
0.0,0.20163953
0.0,0.003902644
0.0,0.0032523274
0.0,0.007542461
1.0,0.958568
1.0,0.948437
1.0,0.560911
0.0,0.013995588
0.0,0.0027090013
0.0,0.044112086
0.0,0.19163486
1.0,0.01267013
0.0,0.006230861
0.0,0.009316087
0.0,0.0010231137
0.0,0.12827054
1.0,0.77882123
0.0,0.5718473
0.0,0.72897756
0.0,0.8175258
1.0,0.51936
0.0,0.0011687577
0.0,0.38718164
1.0,0.06870893
0.0,0.44602233
1.0,0.114150435
0.0,0.0012707114
0.0,0.288975
0.0,0.003965795
0.0,0.0063116252
0.0,9.62615e-06
1.0,0.7124368
0.0,0.018294305
0.0,0.015600741
1.0,0.88929224
1.0,0.7897224
0.0,0.16216096
1.0,0.013029993
0.0,0.0082603395
0.0,0.0601978
1.0,0.95807683
0.0,8.690357e-05
0.0,0.08313307
0.0,0.0026682317
0.0,0.004684806
1.0,0.9593273
1.0,0.8381843
1.0,0.63889945
1.0,0.94623524
0.0,0.014825106
0.0,0.001663506
0.0,0.050034136
1.0,0.90077716
0.0,0.0050807893
0.0,0.007781595
1.0,0.80146563
1.0,0.47796965
1.0,0.8639769
0.0,0.0028636158
0.0,0.09102896
0.0,0.6900144
1.0,0.8829627
1.0,0.6865264
1.0,0.8617055
0.0,0.078523934
0.0,0.0003180802
0.0,0.00013580918
1.0,0.73844546
1.0,0.033045292
0.0,0.21980616
1.0,0.73587674
1.0,0.13688695
1.0,0.9169159
1.0,0.20747468
0.0,0.0063224435
0.0,0.010221511
1.0,0.33989263
1.0,0.4988826
0.0,0.02095443
0.0,0.0057803392
0.0,0.00071516633
0.0,0.0032117069
0.0,0.0025335848
0.0,0.5278045
0.0,0.0020569265
0.0,0.022577226
1.0,0.7585593
1.0,0.45028707
0.0,0.7134713
1.0,0.960716
0.0,0.00016155839
1.0,0.88500655
0.0,0.05725804
1.0,0.94833696
0.0,0.00010344386
0.0,0.0006838143
0.0,0.0008094609
0.0,0.30922768
1.0,0.008580804
1.0,0.9041693
0.0,0.0026195645
0.0,0.015069902
1.0,0.12206492
0.0,0.002132386
1.0,0.9458512
1.0,0.33392617
0.0,0.0010290146
0.0,0.01168102
0.0,0.08704659
0.0,0.9830394
0.0,0.3390272
0.0,0.0015076101
0.0,0.15485197
0.0,0.005636871
1.0,0.8588356
1.0,0.9293622
1.0,0.5987119
1.0,0.5754343
0.0,0.00070124865
0.0,0.18274856
1.0,0.8061491
0.0,0.74327636
0.0,0.003360033
0.0,0.004808426
1.0,0.032972753
1.0,0.20807773
0.0,0.009578407
1.0,0.82825065
1.0,0.9459585
0.0,6.347895e-05
0.0,0.013126701
1.0,0.9151225
0.0,0.004539013
0.0,0.7529992
0.0,0.00077492
0.0,0.002495259
1.0,0.095544934
0.0,0.0015718043
0.0,0.0011059046
0.0,0.09268734
1.0,0.38040406
0.0,0.00052532554
0.0,0.023536175
1.0,0.8847311
0.0,0.0004478991
0.0,0.39593342
0.0,0.8958229
1.0,0.96232796
1.0,0.16036007
1.0,0.41910097
0.0,0.060431033
0.0,0.34853852
1.0,0.43935734
0.0,0.0006299615
0.0,0.0009160936
0.0,0.020558178
0.0,0.0038466156
1.0,0.11044285
0.0,0.0057143867
0.0,0.5495169
1.0,0.5683086
0.0,0.013382107
0.0,0.0017318428
0.0,0.6830902
0.0,0.032418728
1.0,0.6729126
1.0,0.8375753
0.0,0.433312
1.0,0.5793772
0.0,0.0030276477
0.0,0.022867382
0.0,0.00014695525
1.0,0.68826973
0.0,0.0021010637
0.0,0.0062784255
1.0,0.5954562
1.0,0.7176285
1.0,0.73014593
0.0,0.53556705
1.0,0.77108014
1.0,0.907121
0.0,7.301569e-06
0.0,0.7269658
0.0,0.9308369
1.0,0.18037236
0.0,0.12539738
0.0,0.5219296
0.0,0.0043198466
0.0,0.0004801154
0.0,0.00063344836
0.0,0.044507504
0.0,0.06368232
0.0,0.4146013
0.0,0.29362822
1.0,0.8828912
1.0,0.35416818
1.0,0.52610207
0.0,0.0008686483
1.0,0.93111986
0.0,0.4260922
0.0,0.008490592
1.0,0.9417157
0.0,0.2618481
0.0,0.0012033582
0.0,0.55622536
0.0,0.003450036
0.0,0.5669082
0.0,0.5606005
0.0,0.0016779304
1.0,0.43590838
0.0,0.00061121583
0.0,0.0012668669
0.0,0.0027028024
1.0,0.9128202
1.0,0.8783065
0.0,0.4506691
1.0,0.574961
0.0,0.0022393465
1.0,0.11444089
0.0,0.004369527
0.0,0.0008227825
1.0,0.0018334985
0.0,0.00017628074
0.0,0.0010782778
1.0,0.45354712
0.0,0.017434329
1.0,0.0005721152
0.0,0.4754039
0.0,0.00059744716
1.0,0.8959545
0.0,0.0038878322
0.0,0.12265751
0.0,0.871405
0.0,0.0013998449
0.0,0.00029432774
1.0,0.88885385
0.0,0.0006721616
0.0,0.08486897
0.0,0.0039067566
1.0,0.41679525
0.0,0.93438
0.0,0.011491239
1.0,0.49405766
0.0,0.0006676316
0.0,5.3733587e-05
0.0,0.009435266
0.0,0.022036672
1.0,0.7073726
0.0,0.0076463223
0.0,9.775162e-05
0.0,9.498e-05
0.0,0.0028109252
0.0,0.7448034
1.0,0.7192727
1.0,0.62595814
0.0,0.00090035796
1.0,0.75350565
0.0,0.004976958
0.0,0.0008729398
0.0,0.00064367056
0.0,0.036180764
1.0,0.9899335
0.0,0.008109182
0.0,0.015078932
0.0,0.16756365
0.0,0.0672546
0.0,0.06969136
0.0,0.00068694353
0.0,4.658103e-05
0.0,0.00073319674
0.0,0.00026890635
0.0,0.91692954
1.0,0.03655541
0.0,0.0033544302
0.0,0.008469701
0.0,0.0027213097
1.0,0.965667
0.0,0.11076322
1.0,0.8479769
0.0,0.016910762
0.0,0.038143903
0.0,0.058913022
1.0,0.9335245
1.0,0.9220354
1.0,0.5018997
1.0,0.13375393
0.0,0.014295548
0.0,0.0026069283
1.0,0.97513187
1.0,0.9266736
0.0,0.0049370825
0.0,0.034834296
0.0,0.8307375
1.0,0.9034983
0.0,0.0027152002
0.0,0.00592196
0.0,0.021651506
0.0,0.0024327934
1.0,0.2789949
1.0,0.928514
0.0,2.2649765e-05
1.0,0.27502853
0.0,0.005742848
0.0,0.008072555
0.0,0.0004428029
0.0,0.045465857
0.0,0.014227867
1.0,0.8601855
0.0,5.6385994e-05
0.0,0.0057317615
0.0,0.5019159
0.0,0.0736914
0.0,0.27106223
1.0,0.9866751
0.0,0.0019689202
0.0,0.00036740303
1.0,0.7158686
0.0,0.6112653
0.0,0.0007760823
1.0,0.9642073
1.0,0.53946537
0.0,0.026603937
1.0,0.88605416
0.0,0.03219503
1.0,0.4929791
1.0,0.9949622
0.0,0.03882104
1.0,0.9247279
0.0,0.021330476
0.0,0.06447637
0.0,0.52826303
0.0,0.29093897
0.0,0.0016846955
0.0,0.0020218492
0.0,0.42374593
1.0,0.8920561
0.0,0.054849386
0.0,0.0066229403
0.0,0.13407165
0.0,0.30573007
1.0,0.9234787
0.0,0.006652981
0.0,0.23368174
0.0,0.0012719631
0.0,0.0071184635
0.0,0.00033456087
0.0,0.95439214
1.0,0.0066850483
0.0,0.07059866
1.0,0.8093982
0.0,0.002236873
1.0,0.08275318
0.0,0.004994452
0.0,0.03491515
0.0,0.0037082136
0.0,0.56672007
0.0,0.45610714
0.0,0.03121838
0.0,0.0060560703
0.0,0.007394314
0.0,0.7925651
0.0,0.90072215
1.0,0.86348784
0.0,0.03526032
0.0,0.009326905
1.0,0.985251
0.0,0.0010700226
0.0,0.0008427799
0.0,3.1143427e-05
1.0,0.7758423
1.0,0.43178725
1.0,0.41577044
1.0,0.9590714
0.0,0.066646576
1.0,0.39603412
0.0,0.003821373
1.0,0.3977002
0.0,0.0283871
0.0,0.96362853
0.0,0.013192087
0.0,0.00023674965
0.0,0.005840212
1.0,0.8848244
1.0,0.6155013
0.0,0.968227
1.0,0.47813708
0.0,0.0021499693
1.0,0.8838681
0.0,0.0011805296
0.0,0.003312558
0.0,0.9554894
0.0,0.21437022
0.0,0.0046675503
0.0,0.00037035346
1.0,0.9865659
0.0,0.00019446015
1.0,0.963845
1.0,0.90132105
1.0,0.8323847
0.0,0.00035479665
0.0,0.98638725
0.0,0.001752615
0.0,0.124809206
0.0,0.008740902
1.0,0.75151765
0.0,0.39993814
0.0,0.013574153
0.0,0.10175204
0.0,0.00069746375
0.0,0.000844121
0.0,0.037540227
0.0,0.8534276
0.0,0.0007944405
0.0,0.019117802
1.0,0.9865577
0.0,0.025860012
0.0,0.0012606084
0.0,0.0010342598
0.0,0.00161919
1.0,0.83838755
0.0,0.10980871
1.0,0.97221303
0.0,0.41568986
1.0,0.9899894
1.0,0.79048765
0.0,0.00011309981
0.0,0.051004976
0.0,0.007752925
0.0,0.11954051
0.0,0.0017499328
0.0,0.11520013
1.0,0.9782872
0.0,0.0011410117
1.0,0.16382155
0.0,0.52688074
0.0,0.0026840866
0.0,0.0158211
1.0,0.94452214
0.0,0.0011356473
1.0,0.97619
0.0,0.00014558434
0.0,0.0010457039
0.0,0.39449355
0.0,0.57674134
0.0,0.21170053
0.0,0.020845383
1.0,0.83066654
1.0,0.8335325
0.0,0.02999574
0.0,0.03759873
0.0,0.00384292
1.0,0.6621876
0.0,0.0069253147
1.0,0.27465445
0.0,0.004424453
1.0,0.7767461
1.0,0.93854934
0.0,0.0033131838
0.0,0.02519828
0.0,0.0023590624
1.0,0.6076444
0.0,0.1987789
0.0,0.56030643
1.0,0.7896764
1.0,0.49697316
0.0,0.024214894
0.0,0.0074012876
1.0,0.8846986
0.0,0.011849046
0.0,0.005541563
0.0,0.0014978349
1.0,0.4289469
0.0,0.0037398338
0.0,0.00063574314
1.0,0.74860126
1.0,0.69714797
0.0,0.12988892
0.0,0.0016392171
0.0,0.0042068064
1.0,0.8812361
1.0,0.95160663
1.0,0.8000965
0.0,0.014154524
0.0,0.00025746226
0.0,0.014780879
0.0,7.286668e-05
1.0,0.82351995
0.0,0.0006456673
0.0,0.33331156
0.0,0.018671066
0.0,0.42344436
0.0,0.17713591
0.0,0.0007661283
0.0,0.2570808
0.0,0.0011281967
0.0,0.0037833154
1.0,0.32329616
1.0,0.9358897
0.0,0.2079623
0.0,0.2262727
1.0,0.01375103
0.0,0.00022014976
1.0,0.80346006
0.0,0.011100858
0.0,0.002166152
1.0,0.9310416
1.0,0.9647732
0.0,0.7028303
0.0,0.048623145
1.0,0.050072163
0.0,0.19540802
0.0,0.09614506
0.0,0.9820891
0.0,0.0020039678
1.0,0.80939674
1.0,0.10324016
0.0,0.03789386
0.0,0.00028395653
0.0,0.007956058
1.0,0.8637064
0.0,0.002051115
1.0,0.14957434
0.0,0.089642316
1.0,0.72796977
1.0,0.49819633
0.0,0.20588878
1.0,0.073155254
0.0,0.26267165
0.0,0.00048685074
1.0,0.9925388
1.0,0.039779842
0.0,0.005480349
0.0,0.10454783
0.0,0.44771847
0.0,0.16129947
1.0,0.8662579
0.0,0.028183252
0.0,0.049173534
0.0,0.00276798
1.0,0.8855683
0.0,0.0041583776
0.0,0.7609013
1.0,0.8957825
0.0,0.00011458993
0.0,0.8161235
0.0,0.030889928
1.0,0.04389763
0.0,0.054202497
1.0,0.8922145
0.0,0.013430595
1.0,0.19724405
1.0,0.1083644
1.0,0.94264174
1.0,0.87411976
0.0,0.0005787313
1.0,0.68410933
0.0,0.0018316209
1.0,0.9869634
1.0,0.887706
0.0,0.055324346
1.0,0.78888005
0.0,0.00012993813
1.0,0.528904
1.0,0.093025565
0.0,0.00079113245
0.0,0.95160234
1.0,0.980725
1.0,0.08411461
0.0,0.15045214
0.0,0.02729541
0.0,0.00019955635
0.0,0.007378638
0.0,0.408439
1.0,0.72148013
1.0,0.90323365
1.0,0.18375683
1.0,0.44825715
1.0,0.98490393
1.0,0.9792153
0.0,0.37600744
1.0,0.9423228
0.0,0.0019084215
0.0,5.7160854e-05
0.0,0.020611346
1.0,0.022950292
1.0,0.15031952
0.0,0.07830423
0.0,0.0035125613
0.0,0.8268972
1.0,0.5682489
1.0,0.19557384
1.0,0.8693625
0.0,0.0012457967
0.0,0.96943974
0.0,0.022333086
0.0,0.094897
0.0,0.0042130947
0.0,0.0014293194
1.0,0.9765816
1.0,0.74013776
0.0,0.011236459
0.0,0.014800847
0.0,0.61673474
0.0,0.28336915
0.0,0.32293373
0.0,0.19900331
0.0,0.20815748
1.0,0.58012044
0.0,0.018456638
1.0,0.86762464
0.0,0.0060726404
0.0,0.8031501
0.0,0.0092250705
0.0,0.10440299
1.0,0.88035166
1.0,0.7478409
1.0,0.31579685
1.0,0.55767196
0.0,0.0006239116
0.0,0.49545085
1.0,0.08181769
1.0,0.72137046
0.0,0.0797573
0.0,0.0020118654
0.0,0.0059463084
1.0,0.07980114
0.0,0.001206845
1.0,0.043931663
0.0,0.0015673637
0.0,0.0049697757
0.0,0.001925081
0.0,0.031622708
0.0,0.058846503
0.0,0.006667912
0.0,0.049972266
1.0,0.9683278
0.0,0.0034072995
0.0,0.091697365
0.0,0.008632839
1.0,0.06804252
0.0,0.0050186813
1.0,0.9770036
0.0,0.0012051165
0.0,0.006718278
0.0,0.0018591583
0.0,0.18199807
0.0,0.0016485751
0.0,0.00051012635
1.0,0.92904365
0.0,0.056575984
1.0,0.24285787
1.0,0.9480798
0.0,0.016447842
0.0,0.12102246
1.0,0.91037905
1.0,0.9792334
0.0,0.02158922
0.0,0.15916798
0.0,0.013757497
0.0,0.019121677
0.0,0.0032221675
1.0,0.7331289
0.0,0.0044947863
1.0,0.26661867
1.0,0.013982713
0.0,0.833866
0.0,0.08860242
0.0,0.003281176
0.0,0.0029202402
0.0,0.91867954
0.0,0.00031742454
0.0,0.0035476089
0.0,0.34426546
1.0,0.57450145
1.0,0.57180107
0.0,0.017954886
0.0,0.0020339787
0.0,0.38125238
1.0,0.57037115
0.0,0.0005528927
0.0,0.0027651489
1.0,0.32795307
1.0,0.9229485
0.0,0.073322505
0.0,0.014622003
0.0,0.004696995
1.0,0.9220216
0.0,0.00776428
1.0,0.9012871
1.0,0.6942481
0.0,0.0026898384
0.0,0.0045931935
0.0,0.009881169
1.0,0.79383653
0.0,0.08674291
1.0,0.49703133
0.0,0.0016277432
1.0,0.7948578
0.0,0.056812316
0.0,0.019407362
0.0,0.00014346838
1.0,0.98535526
0.0,0.70411384
1.0,0.9962001
1.0,0.75553215
0.0,0.0012336075
1.0,0.039630324
0.0,0.013745487
1.0,0.16852853
0.0,0.0004030764
1.0,0.9404772
0.0,0.00035616755
1.0,0.7881607
1.0,0.89450157
1.0,0.9859388
0.0,0.010724723
1.0,0.9597753
1.0,0.5247788
0.0,0.0040820837
1.0,0.8672333
1.0,0.11623767
1.0,0.061651558
0.0,0.104837686
0.0,0.0108107105
0.0,0.9072844
0.0,0.14899029
