0.0,0.83222014
0.0,0.80304575
1.0,0.73782206
0.0,0.02434969
1.0,0.613281
0.0,0.06891194
1.0,0.86510634
1.0,0.83844954
1.0,0.8877418
0.0,0.05362442
0.0,0.48776218
1.0,0.99363476
0.0,0.008992374
0.0,0.17325583
0.0,0.06522104
0.0,0.0046074092
1.0,0.7068752
0.0,0.03534907
0.0,0.01984176
1.0,0.8198332
1.0,0.3602197
0.0,0.0007133186
1.0,0.9635935
0.0,0.0969021
0.0,0.051311404
1.0,0.6350989
0.0,0.11862719
1.0,0.8383204
0.0,0.13434136
1.0,0.90821433
0.0,0.016453117
0.0,0.43439472
1.0,0.9440274
1.0,0.9969983
1.0,0.9141339
1.0,0.95169723
1.0,0.42834586
0.0,0.060065567
1.0,0.94488156
1.0,0.11055279
1.0,0.9760423
1.0,0.9859689
0.0,0.02792865
1.0,0.94556916
1.0,0.9641155
0.0,0.041513562
0.0,0.00384596
0.0,0.17451042
0.0,0.026609063
1.0,0.98593587
0.0,0.44520134
1.0,0.92082393
1.0,0.989318
1.0,0.81486523
0.0,0.010826498
0.0,0.025200099
0.0,0.01990652
1.0,0.11434251
1.0,0.9616761
1.0,0.72078264
1.0,0.9952476
0.0,0.373652
1.0,0.98678225
1.0,0.79504657
1.0,0.9875473
0.0,0.23843864
0.0,0.31619054
1.0,0.9734069
0.0,0.016082048
1.0,0.8761538
0.0,0.37936723
1.0,0.91842777
0.0,0.00644204
0.0,0.08368218
1.0,0.5890854
0.0,0.2550959
0.0,0.016167253
0.0,0.20285097
0.0,0.016095728
1.0,0.7522506
0.0,0.05269459
1.0,0.9930615
1.0,0.97508943
1.0,0.9998032
1.0,0.9838785
1.0,0.8116742
1.0,0.97263634
0.0,0.555769
0.0,0.2667672
1.0,0.7851188
0.0,0.016736597
1.0,0.40050733
0.0,0.13328299
0.0,0.84253466
0.0,0.3561874
1.0,0.8876293
0.0,0.013678908
0.0,0.044164896
1.0,0.5732232
1.0,0.9974685
0.0,0.0036362112
0.0,0.14155254
1.0,0.044297546
0.0,0.16818094
0.0,0.08656755
1.0,0.9305434
1.0,0.070086926
0.0,0.032944053
1.0,0.06380555
1.0,0.9916267
1.0,0.9895703
0.0,0.09402448
1.0,0.043126345
0.0,0.07806033
0.0,0.038063496
1.0,0.5460228
0.0,0.1190702
1.0,0.8540567
1.0,0.58765644
1.0,0.9899874
0.0,0.56532174
1.0,0.98093855
0.0,0.7189904
0.0,0.01587537
0.0,0.41172284
1.0,0.4735589
0.0,0.010550559
0.0,0.067593426
1.0,0.98462397
1.0,0.7273444
1.0,0.98457515
0.0,0.1345467
0.0,0.015331209
1.0,0.4369253
1.0,0.9955985
0.0,0.6331936
0.0,0.035469323
0.0,0.050258905
0.0,0.20413646
0.0,0.13295782
1.0,0.545975
0.0,0.24559072
1.0,0.14805028
0.0,0.017017514
0.0,0.014341235
0.0,0.001650244
1.0,0.29511845
0.0,0.027508318
0.0,0.0070521235
0.0,0.012358308
0.0,0.09780389
0.0,0.022727072
0.0,0.019832224
0.0,0.96764743
0.0,0.58879197
1.0,0.9767556
0.0,0.003356874
0.0,0.025371015
1.0,0.9987267
0.0,0.09358275
0.0,0.48921952
0.0,0.28885093
0.0,0.032453567
0.0,0.3937748
1.0,0.9978634
0.0,0.38321728
1.0,0.7059535
0.0,0.06358665
0.0,0.018496722
1.0,0.85975945
0.0,0.8452622
0.0,0.97086275
0.0,0.84446055
0.0,0.005603969
1.0,0.81077254
1.0,0.5986151
0.0,0.16130692
1.0,0.6690142
0.0,0.65171826
1.0,0.9966335
1.0,0.9588861
1.0,0.93490005
1.0,0.98442304
1.0,0.9831448
0.0,0.79738796
0.0,0.0028179884
0.0,0.017303944
0.0,0.9909829
0.0,0.39935952
0.0,0.043266714
1.0,0.44028035
0.0,0.009642661
0.0,0.8887816
1.0,0.95905614
1.0,0.8040993
1.0,0.989458
0.0,0.01762411
0.0,0.4287457
0.0,0.014679104
1.0,0.10198486
0.0,0.6899429
0.0,0.6660904
0.0,0.57748425
0.0,0.05726111
0.0,0.045372903
1.0,0.1278755
0.0,0.10020551
1.0,0.16791543
0.0,0.004206538
0.0,0.16745108
0.0,0.008171797
1.0,0.98385346
0.0,0.12780967
0.0,0.37015706
0.0,0.050388366
0.0,0.01163134
0.0,0.9726478
0.0,0.20716962
1.0,0.9966078
0.0,0.017473966
0.0,0.0075412393
1.0,0.77557576
1.0,0.976152
0.0,0.31643057
0.0,0.012738615
0.0,0.0038535595
0.0,0.13183582
0.0,0.05281681
0.0,0.12560123
1.0,0.8679658
0.0,0.030922174
1.0,0.6931546
0.0,0.009301245
1.0,0.7700113
1.0,0.60080713
0.0,0.06559029
0.0,0.0737142
0.0,0.03895682
1.0,0.9557637
1.0,0.88856256
1.0,0.9875467
1.0,0.7392244
0.0,0.036415786
0.0,0.8212606
1.0,0.995322
0.0,0.37308377
0.0,0.0095336735
0.0,0.011794865
0.0,0.6655188
0.0,0.3153168
0.0,0.007332355
0.0,0.065556586
1.0,0.6788399
0.0,0.01927039
0.0,0.19767693
0.0,0.5501462
1.0,0.9785793
1.0,0.9416324
0.0,0.040783823
0.0,0.10240924
0.0,0.033355415
1.0,0.9968683
0.0,0.008322716
0.0,0.0075578988
0.0,0.04011619
0.0,0.030294806
1.0,0.99814826
1.0,0.9659889
1.0,0.9966489
0.0,0.02888897
1.0,0.94704217
0.0,0.020733863
0.0,0.058774263
0.0,0.40213656
1.0,0.98413324
1.0,0.62789106
0.0,0.010904938
0.0,0.04820931
1.0,0.9557009
1.0,0.4986593
0.0,0.018006533
1.0,0.35274673
1.0,0.9942667
0.0,0.9021151
0.0,0.14665318
0.0,0.0104569495
0.0,0.038918257
0.0,0.09033641
0.0,0.0655365
1.0,0.9959757
0.0,0.03841105
0.0,0.02068162
1.0,0.99880785
0.0,0.02912435
1.0,0.97958493
1.0,0.15021029
1.0,0.94729805
1.0,0.901437
1.0,0.8584393
0.0,0.028322875
1.0,0.9539534
0.0,0.9234983
1.0,0.9967609
0.0,0.79563415
0.0,0.56566846
0.0,0.05757734
0.0,0.026039392
0.0,0.3668087
1.0,0.971756
0.0,0.8770994
1.0,0.79792774
0.0,0.9406222
1.0,0.8108662
1.0,0.99726784
0.0,0.020536155
0.0,0.008944094
0.0,0.0116788745
1.0,0.976935
1.0,0.16996786
0.0,0.006036848
0.0,0.0038983524
0.0,0.012876391
0.0,0.23817289
1.0,0.9452119
1.0,0.9129603
0.0,0.15423423
0.0,0.23317483
1.0,0.8946943
1.0,0.99143434
1.0,0.8127465
0.0,0.021609277
0.0,0.6655009
0.0,0.008281589
0.0,0.7584801
1.0,0.9929823
1.0,0.86724275
0.0,0.11178878
0.0,0.17909554
0.0,0.0072791874
0.0,0.28156114
0.0,0.0029750168
0.0,0.18991643
1.0,0.40713665
0.0,0.12494412
0.0,0.035942882
0.0,0.10532212
0.0,0.955413
0.0,0.9428965
0.0,0.11939713
0.0,0.012666851
1.0,0.8030346
0.0,0.01778844
1.0,0.91191274
0.0,0.0028852522
0.0,0.38192138
0.0,0.20006862
0.0,0.002259612
0.0,0.98129743
1.0,0.6837144
1.0,0.9199159
0.0,0.6159877
1.0,0.39428943
0.0,0.017461866
0.0,0.77445495
0.0,0.54115725
0.0,0.9089979
0.0,0.020965934
0.0,0.0009772778
1.0,0.30457386
0.0,0.02402255
1.0,0.9904971
0.0,0.15432104
1.0,0.43448433
0.0,0.06718466
1.0,0.12530819
1.0,0.9742696
1.0,0.9803103
0.0,0.0215154
0.0,0.022328496
1.0,0.9921731
0.0,0.030349702
0.0,0.0345155
1.0,0.09001082
1.0,0.9929267
0.0,0.6108208
1.0,0.98052335
1.0,0.98729885
0.0,0.8850427
0.0,0.024524182
0.0,0.6759088
0.0,0.020258635
0.0,0.013063133
0.0,0.2860179
1.0,0.99807227
0.0,0.47890157
1.0,0.6882122
1.0,0.6834475
0.0,0.02135393
0.0,0.11559063
0.0,0.8008758
1.0,0.99695766
1.0,0.98064864
1.0,0.31882384
0.0,0.2929078
1.0,0.989177
1.0,0.97585475
0.0,0.0015082061
0.0,0.24610403
0.0,0.8547256
0.0,0.87850714
1.0,0.9675244
0.0,0.02221188
1.0,0.53385085
0.0,0.7203638
0.0,0.05021155
0.0,0.10273495
0.0,0.042285085
0.0,0.009200871
0.0,0.024632514
0.0,0.024662971
0.0,0.016335517
0.0,0.21831378
0.0,0.6560582
0.0,0.024473429
0.0,0.013677478
0.0,0.49773577
0.0,0.036038578
1.0,0.8490311
0.0,0.06812084
1.0,0.9639716
0.0,0.00946787
0.0,0.016044319
0.0,0.03949395
0.0,0.8752928
0.0,0.8948512
0.0,0.039586425
0.0,0.5279566
0.0,0.001100868
0.0,0.014228255
0.0,0.03161487
0.0,0.4501749
1.0,0.9913913
0.0,0.044246227
0.0,0.006004691
0.0,0.7044685
0.0,0.1743682
1.0,0.52209234
0.0,0.939681
1.0,0.23737484
0.0,0.015121937
0.0,0.09009746
1.0,0.98338294
0.0,0.9379029
1.0,0.9495549
1.0,0.976934
1.0,0.93314314
1.0,0.97142243
0.0,0.008381486
1.0,0.7821119
0.0,0.0032155514
0.0,0.014881372
0.0,0.5710747
1.0,0.9985751
0.0,0.0038963854
0.0,0.015867352
1.0,0.52228105
1.0,0.99992526
0.0,0.20902327
0.0,0.011071742
1.0,0.91152835
0.0,0.118377656
1.0,0.84663856
0.0,0.4015472
0.0,0.13569167
1.0,0.9086607
0.0,0.9136446
0.0,0.0066702664
1.0,0.120844334
0.0,0.02341029
1.0,0.9985194
0.0,0.0032734573
1.0,0.2730888
1.0,0.70444906
1.0,0.8787271
1.0,0.9988319
0.0,0.110910356
0.0,0.10584161
1.0,0.9185047
0.0,0.022049427
0.0,0.61346596
1.0,0.79794055
1.0,0.9688607
1.0,0.9813372
0.0,0.017653644
1.0,0.9720503
1.0,0.9468852
0.0,0.24608916
1.0,0.9925853
0.0,0.381486
1.0,0.90816426
1.0,0.9589374
0.0,0.7651638
0.0,0.45715073
1.0,0.40817708
0.0,0.44831496
1.0,0.92312604
0.0,0.891171
0.0,0.055641055
0.0,0.9707569
1.0,0.99858963
0.0,0.0017524362
0.0,0.017565459
0.0,0.75035167
1.0,0.7773708
0.0,0.017242879
0.0,0.014336169
0.0,0.21054092
0.0,0.90721893
1.0,0.6432468
1.0,0.8591598
0.0,0.13287824
0.0,0.9223579
0.0,0.07386112
0.0,0.46309584
0.0,0.23914531
1.0,0.8618184
0.0,0.16163221
1.0,0.9815799
0.0,0.68844134
0.0,0.4255429
1.0,0.9258801
0.0,0.013210982
0.0,0.43184558
0.0,0.010641634
0.0,0.013846666
0.0,0.056128472
0.0,0.010689616
0.0,0.013327718
0.0,0.3018313
1.0,0.8900982
1.0,0.99831223
0.0,0.010876536
0.0,0.032045543
1.0,0.99774873
0.0,0.015056729
1.0,0.9381564
0.0,0.12243426
0.0,0.0022713542
1.0,0.8832811
0.0,0.12504515
1.0,0.96923524
0.0,0.60609794
1.0,0.5808811
0.0,0.033594668
0.0,0.042563766
0.0,0.5463507
1.0,0.991258
0.0,0.002598703
0.0,0.008123428
0.0,0.007985473
0.0,0.98327804
1.0,0.36543477
0.0,0.018727541
0.0,0.0060990155
1.0,0.9889253
1.0,0.09520608
0.0,0.12454945
1.0,0.81285274
0.0,0.16245717
0.0,0.40737805
1.0,0.9704396
1.0,0.9807118
0.0,0.1051428
1.0,0.98299044
1.0,0.9890431
0.0,0.010830998
0.0,0.094337165
0.0,0.31290233
1.0,0.06517342
0.0,0.0013752878
0.0,0.039327383
0.0,0.01930061
1.0,0.99872935
1.0,0.91939807
0.0,0.1522238
1.0,0.69079626
1.0,0.07249883
0.0,0.15006316
1.0,0.98046565
0.0,0.19654867
1.0,0.88134444
0.0,0.21209714
1.0,0.7916068
0.0,0.011118919
0.0,0.025273055
1.0,0.7996441
0.0,0.025092483
1.0,0.9846926
0.0,0.032871038
0.0,0.013410479
0.0,0.011547983
1.0,0.78360987
0.0,0.18557197
1.0,0.7520218
0.0,0.008008093
1.0,0.91883385
1.0,0.89496917
0.0,0.0054843426
1.0,0.9876789
1.0,0.98749995
1.0,0.7323637
1.0,0.92118835
0.0,0.07290161
0.0,0.025971353
0.0,0.98078203
1.0,0.97980714
1.0,0.55731314
0.0,0.011383355
0.0,0.041546583
0.0,0.4598555
1.0,0.99005115
0.0,0.37699014
1.0,0.04401824
1.0,0.97779334
0.0,0.14451641
0.0,0.02567792
1.0,0.99358594
0.0,0.8842339
1.0,0.9651025
0.0,0.6822115
0.0,0.062490046
0.0,0.0039841533
1.0,0.1212782
0.0,0.26318872
1.0,0.99615514
0.0,0.09274569
1.0,0.76881075
0.0,0.5410109
0.0,0.14131612
1.0,0.116031796
1.0,0.60774916
1.0,0.8332757
1.0,0.9653727
0.0,0.015636295
0.0,0.09178606
0.0,0.8897214
0.0,0.0041645765
1.0,0.97158635
1.0,0.6545416
0.0,0.0066381395
0.0,0.02189684
0.0,0.009064138
1.0,0.77991325
0.0,0.033137918
0.0,0.04330674
0.0,0.09668505
0.0,0.7903365
0.0,0.17570516
0.0,0.3556546
1.0,0.9471276
0.0,0.77789485
1.0,0.17145276
0.0,0.40940267
0.0,0.6287092
1.0,0.90809643
1.0,0.8851464
1.0,0.9805655
0.0,0.01082617
0.0,0.14767626
1.0,0.61067945
0.0,0.003616482
0.0,0.078445196
0.0,0.81388474
1.0,0.954141
0.0,0.019404083
0.0,0.17089877
1.0,0.98533875
0.0,0.5040375
1.0,0.9965055
1.0,0.94020534
1.0,0.9858701
0.0,0.008746862
1.0,0.9843889
1.0,0.8692758
0.0,0.1089997
1.0,0.52271575
0.0,0.09740475
0.0,0.25754514
0.0,0.18631768
0.0,0.024918884
1.0,0.9025763
1.0,0.8968103
1.0,0.9989531
1.0,0.97871745
1.0,0.99557483
0.0,0.43443304
0.0,0.9771874
1.0,0.99550366
0.0,0.030545264
1.0,0.7592267
1.0,0.9984907
0.0,0.11657861
1.0,0.4296957
1.0,0.3069445
0.0,0.009719789
0.0,0.025358737
0.0,0.010840207
0.0,0.021753252
1.0,0.6534219
1.0,0.9864371
0.0,0.01969853
0.0,0.035546362
1.0,0.017614782
1.0,0.8420519
1.0,0.3489759
0.0,0.084177524
1.0,0.8046372
1.0,0.6204855
0.0,0.048917532
0.0,0.5244765
1.0,0.98203325
1.0,0.99652946
0.0,0.3399135
1.0,0.7416439
0.0,0.12720945
0.0,0.40402412
1.0,0.97800195
0.0,0.5522114
1.0,0.99676484
0.0,0.7571131
0.0,0.29721332
0.0,0.33713502
1.0,0.90315026
1.0,0.63425916
0.0,0.0028070807
0.0,0.01473105
1.0,0.7510587
0.0,0.21328235
1.0,0.9966322
1.0,0.9707258
1.0,0.8385637
0.0,0.012663662
0.0,0.76324975
0.0,0.6959102
0.0,0.010353118
0.0,0.0006425679
1.0,0.9990449
0.0,0.66029614
0.0,0.013350278
1.0,0.9842053
0.0,0.06012541
1.0,0.019657493
1.0,0.79970944
0.0,0.027562171
0.0,0.16055334
0.0,0.7796217
0.0,0.0068558156
0.0,0.0027465224
0.0,0.0043818057
0.0,0.01978764
0.0,0.8363949
1.0,0.8061248
1.0,0.99113756
0.0,0.8228967
0.0,0.7250707
0.0,0.031885892
0.0,0.057627082
0.0,0.038110435
1.0,0.027042001
0.0,0.029107243
0.0,0.00064617395
1.0,0.9974493
1.0,0.457123
0.0,0.013784319
0.0,0.9905541
0.0,0.0010173917
0.0,0.04047537
0.0,0.014419615
0.0,0.061228722
1.0,0.93489814
1.0,0.90768766
1.0,0.98138696
0.0,0.004261017
1.0,0.93694013
1.0,0.95853996
0.0,0.60869324
0.0,0.0061302483
1.0,0.6784621
1.0,0.31223807
1.0,0.88989437
1.0,0.9603746
1.0,0.6829145
0.0,0.17302006
0.0,0.10988015
1.0,0.55030984
0.0,0.0055425167
1.0,0.99330646
0.0,0.028660923
1.0,0.7708037
0.0,0.026195556
0.0,0.71668833
0.0,0.014253527
0.0,0.023323387
0.0,0.5226475
0.0,0.002316624
0.0,0.0057855546
0.0,0.117280066
0.0,0.8476883
0.0,0.010253489
0.0,0.006421596
1.0,0.9888841
1.0,0.46546263
1.0,0.9841508
0.0,0.97517484
0.0,0.60307074
0.0,0.8729651
0.0,0.045971006
1.0,0.9351052
1.0,0.35093945
1.0,0.9648777
1.0,0.99440706
0.0,0.90700895
0.0,0.009977043
0.0,0.0059022307
1.0,0.8299494
0.0,0.027956605
1.0,0.0027614534
1.0,0.95096964
0.0,0.41262883
0.0,0.0049805045
0.0,0.09591487
0.0,0.259313
1.0,0.9314274
1.0,0.93470556
0.0,0.11576295
1.0,0.9796015
1.0,0.832165
0.0,0.897962
0.0,0.05201888
1.0,0.8753233
0.0,0.0055841804
0.0,0.29363406
0.0,0.0185363
0.0,0.65311164
0.0,0.039451957
1.0,0.81246173
0.0,0.09483388
0.0,0.8954257
1.0,0.98783803
1.0,0.90482676
0.0,0.41436473
0.0,0.5784849
1.0,0.7020794
0.0,0.099604875
0.0,0.0017739832
1.0,0.71318567
0.0,0.11389345
0.0,0.047154486
0.0,0.069710225
1.0,0.98958164
0.0,0.09384686
1.0,0.85095716
1.0,0.9232917
1.0,0.999517
0.0,0.023822218
1.0,0.8983464
0.0,0.034905523
1.0,0.98847735
0.0,0.06294051
1.0,0.9387616
0.0,0.051940054
0.0,0.03131616
1.0,0.99107015
0.0,0.0105057955
0.0,0.017587245
1.0,0.4014752
1.0,0.7331536
1.0,0.25242168
1.0,0.9029722
1.0,0.21554124
1.0,0.97733724
1.0,0.7297059
0.0,0.021570563
1.0,0.8021851
1.0,0.9949242
0.0,0.2760325
0.0,0.015031308
0.0,0.007174611
1.0,0.792045
0.0,0.017223507
0.0,0.17708099
0.0,0.41482267
1.0,0.97811365
0.0,0.023649603
0.0,0.28205884
1.0,0.78024584
1.0,0.9409755
1.0,0.9387387
1.0,0.09838471
0.0,0.9991658
0.0,0.0664587
0.0,0.052520186
0.0,0.22626624
0.0,0.008540392
0.0,0.2660752
0.0,0.07953751
1.0,0.21823138
1.0,0.9843085
0.0,0.025682002
1.0,0.90711474
0.0,0.013255924
0.0,0.0056757927
1.0,0.9983647
0.0,0.0069533885
0.0,0.88003695
0.0,0.0030454695
0.0,0.64977735
0.0,0.028302193
0.0,0.022080392
0.0,0.9904492
1.0,0.7812898
0.0,0.12378666
0.0,0.5964592
1.0,0.9493673
0.0,0.008898407
1.0,0.9321507
0.0,0.014972091
0.0,0.008428991
0.0,0.07204518
0.0,0.3357736
0.0,0.00926888
0.0,0.0133962035
0.0,0.028138459
0.0,0.15244523
0.0,0.77973616
1.0,0.72604704
0.0,0.05896768
1.0,0.97289425
0.0,0.71229434
1.0,0.05912462
0.0,0.014707178
0.0,0.010638773
0.0,0.37245128
1.0,0.9806206
1.0,0.1600343
1.0,0.44425473
0.0,0.031398654
0.0,0.12821364
1.0,0.7631813
0.0,0.10307592
0.0,0.1305165
1.0,0.91447824
0.0,0.017077744
1.0,0.9959049
1.0,0.35286033
0.0,0.013776332
1.0,0.2784976
0.0,0.30655244
1.0,0.65741026
0.0,0.7136873
1.0,0.9995206
0.0,0.0019262731
0.0,0.99540734
0.0,0.07739401
0.0,0.10515687
0.0,0.0055286586
0.0,0.030116528
0.0,0.05959311
1.0,0.9859423
0.0,0.029671699
0.0,0.0087584555
0.0,0.0017925799
0.0,0.18825126
0.0,0.17735773
1.0,0.4770827
0.0,0.92796886
0.0,0.04063365
1.0,0.79010093
0.0,0.3462937
1.0,0.98493767
0.0,0.93911684
1.0,0.509266
1.0,0.9499637
0.0,0.004050076
1.0,0.9986826
0.0,0.48964298
0.0,0.029998332
0.0,0.05018267
0.0,0.10967913
1.0,0.26877898
1.0,0.9916742
0.0,0.03072688
0.0,0.16016811
1.0,0.9888491
0.0,0.21135843
1.0,0.83290285
1.0,0.09039101
1.0,0.79835653
0.0,0.055638015
1.0,0.8239808
0.0,0.24122986
1.0,0.8909646
1.0,0.048330992
0.0,0.03600809
0.0,0.8595827
0.0,0.06307235
0.0,0.44015872
1.0,0.88000405
1.0,0.9758508
1.0,0.9653752
0.0,0.032589823
0.0,0.0038990676
1.0,0.9828515
0.0,0.9786064
0.0,0.00017896295
0.0,0.16087887
1.0,0.8131738
0.0,0.15594438
0.0,0.016781986
0.0,0.06820169
0.0,0.16014683
1.0,0.80331975
1.0,0.987204
0.0,0.17233855
0.0,0.07951307
0.0,0.06318706
1.0,0.9998277
0.0,0.02684474
0.0,0.8543844
1.0,0.838014
0.0,0.0039778054
0.0,0.52478343
1.0,0.99280596
0.0,0.09212786
1.0,0.25797996
1.0,0.39454383
0.0,0.020443767
0.0,0.043304086
0.0,0.009573847
0.0,0.011637181
1.0,0.9793405
1.0,0.9995421
1.0,0.98981345
1.0,0.5577183
0.0,0.91536534
0.0,0.007610172
1.0,0.81926113
1.0,0.99760336
0.0,0.19096988
0.0,0.021764517
1.0,0.31393456
0.0,0.01461345
1.0,0.90562063
0.0,0.008183926
0.0,0.26052076
1.0,0.9761074
0.0,0.09641689
0.0,0.0051698983
0.0,0.038398296
0.0,0.2991606
0.0,0.51554674
1.0,0.60873383
0.0,0.06801176
1.0,0.99763656
0.0,0.4016674
1.0,0.97242105
0.0,0.19375533
1.0,0.56566346
1.0,0.99630535
1.0,0.9996909
0.0,0.92597115
0.0,0.018679589
1.0,0.38037753
0.0,0.044463426
0.0,0.03159952
1.0,0.94163287
1.0,0.5079798
0.0,0.09458396
1.0,0.98407274
1.0,0.97748667
0.0,0.88382494
0.0,0.02402249
0.0,0.90609443
0.0,0.013732851
0.0,0.0052295327
0.0,0.9376701
1.0,0.9581109
1.0,0.9926454
1.0,0.93801594
0.0,0.0001526773
0.0,0.010831147
0.0,0.018297523
0.0,0.027360111
0.0,0.031352043
0.0,0.016014636
1.0,0.9372207
1.0,0.98921794
1.0,0.7989209
0.0,0.10256228
0.0,0.040614635
1.0,0.9340125
0.0,0.24416667
0.0,0.7863968
1.0,0.97783804
0.0,0.91156006
0.0,0.92118
1.0,0.93635154
0.0,0.03883037
1.0,0.6204245
1.0,0.8246515
0.0,0.9043123
0.0,0.10990068
1.0,0.9992068
0.0,0.0034529269
0.0,0.30445376
1.0,0.8611386
1.0,0.9680368
1.0,0.68171066
1.0,0.9738221
0.0,0.92964345
0.0,0.010864556
0.0,0.015627742
1.0,0.84265757
0.0,0.9940417
1.0,0.8664806
0.0,0.7870506
1.0,0.9123327
1.0,0.6901281
0.0,0.1799584
0.0,0.10816699
0.0,0.000121980906
0.0,0.36310434
0.0,0.063150495
0.0,0.049762428
1.0,0.37621105
1.0,0.23690301
0.0,0.29954997
1.0,0.9889568
1.0,0.42315182
0.0,0.0033714175
0.0,0.2212311
1.0,0.9645482
1.0,0.11939025
0.0,0.009721845
0.0,0.12672234
0.0,0.013039917
0.0,0.020916194
1.0,0.8191906
1.0,0.9844701
0.0,0.02422008
0.0,0.0014944673
0.0,0.08129609
0.0,0.21629483
0.0,0.038775563
0.0,0.053676367
0.0,0.96221423
0.0,0.90836227
0.0,0.087696224
0.0,0.0127289295
0.0,0.051896602
1.0,0.9919487
1.0,0.9490478
0.0,0.0029395223
0.0,0.04433784
0.0,0.0001449287
0.0,0.02050078
0.0,0.23888317
0.0,0.29472184
0.0,0.034727007
0.0,0.8983036
1.0,0.9722073
1.0,0.9991876
1.0,0.9641403
1.0,0.87881696
1.0,0.9972319
0.0,0.81371343
0.0,0.04906702
0.0,0.089787066
0.0,0.05092272
1.0,0.8475012
0.0,0.022970885
1.0,0.93820065
0.0,0.115089715
0.0,0.8906796
0.0,0.8438915
0.0,0.09086788
0.0,0.031093597
0.0,0.6183738
0.0,0.058557153
0.0,0.016262025
1.0,0.95457447
1.0,0.83896327
0.0,0.49869284
0.0,0.16707426
0.0,0.013709456
0.0,0.017958641
1.0,0.99853015
0.0,0.011988848
1.0,0.351865
0.0,0.15886855
1.0,0.44431183
0.0,0.039379835
0.0,0.29217023
1.0,0.8593714
0.0,0.0024503171
1.0,0.99161536
0.0,0.06083578
0.0,0.33470994
0.0,0.16349378
0.0,0.0035962462
0.0,0.0067844093
1.0,0.9797455
1.0,0.9971933
0.0,0.7744458
0.0,0.16324663
0.0,0.015187353
0.0,0.20020387
1.0,0.4893591
0.0,0.7384736
1.0,0.10026607
1.0,0.9117907
0.0,0.84640443
0.0,0.058122516
0.0,0.17837891
0.0,0.24126035
0.0,0.1428262
0.0,0.09357861
0.0,0.04635921
0.0,0.914595
0.0,0.4666323
1.0,0.96400094
0.0,0.99823624
0.0,0.0038056672
1.0,0.9439484
0.0,0.04937768
0.0,0.31782258
0.0,0.010096461
0.0,0.043531895
1.0,0.075834095
1.0,0.93341386
1.0,0.84735984
0.0,0.03001532
0.0,0.012837231
0.0,0.016267747
0.0,0.9076052
0.0,0.51782656
0.0,0.69757867
1.0,0.9987259
1.0,0.9979044
1.0,0.9144604
0.0,0.066158414
1.0,0.996678
1.0,0.74598926
0.0,0.04472512
1.0,0.9618899
0.0,0.032483846
0.0,0.012398422
0.0,0.49480018
1.0,0.9908532
1.0,0.95515823
1.0,0.89715767
0.0,0.97719574
0.0,0.32432672
0.0,0.016572773
1.0,0.9965167
1.0,0.9936693
1.0,0.9958658
1.0,0.89265156
0.0,0.0419237
0.0,0.026067346
0.0,0.051867157
0.0,0.8945027
1.0,0.97263837
0.0,0.032915086
0.0,0.47455263
0.0,0.2611314
1.0,0.08308515
0.0,0.09120011
0.0,0.36764836
0.0,0.07132265
0.0,0.93968797
0.0,0.124898106
0.0,0.18754226
0.0,0.015185803
0.0,0.2941414
0.0,0.0077239275
1.0,0.99431723
1.0,0.3802379
0.0,0.67355245
0.0,0.9428132
0.0,0.10126647
1.0,0.8923659
0.0,0.022720337
0.0,0.008072823
0.0,0.7413962
0.0,0.0071977675
1.0,0.9657897
0.0,0.014813155
0.0,0.021666676
1.0,0.91431975
1.0,0.90624666
1.0,0.96465075
0.0,0.043617338
0.0,0.12884104
1.0,0.77516305
1.0,0.98766184
1.0,0.99103165
0.0,0.9691858
0.0,0.48680997
0.0,0.0011213422
1.0,0.097736835
1.0,0.9954612
0.0,0.016345978
0.0,0.4906131
1.0,0.86932695
1.0,0.98583835
0.0,0.01493299
1.0,0.96165264
1.0,0.6732982
0.0,0.34706882
1.0,0.3561055
0.0,0.027189076
0.0,0.012336791
0.0,0.9878856
0.0,0.03827253
1.0,0.7504907
0.0,0.05163434
1.0,0.62967694
1.0,0.9178925
1.0,0.48349398
0.0,0.0026120842
0.0,0.8356558
1.0,0.46479142
0.0,0.0030523539
1.0,0.76077557
1.0,0.95889485
0.0,0.87156063
0.0,0.18742734
1.0,0.19362557
1.0,0.99713933
0.0,0.008173674
1.0,0.51482034
1.0,0.6883661
1.0,0.948193
1.0,0.99811196
1.0,0.68094456
1.0,0.9947599
0.0,0.08940649
0.0,0.20989752
0.0,0.07845765
1.0,0.9806106
1.0,0.630518
0.0,0.22509727
0.0,0.2070229
1.0,0.580942
0.0,0.014874041
1.0,0.9976521
0.0,0.6211466
1.0,0.79734194
1.0,0.98484814
0.0,0.2988823
1.0,0.47584975
0.0,0.20039058
1.0,0.9992722
1.0,0.96088576
1.0,0.40890715
0.0,0.10318494
0.0,0.06541011
1.0,0.87289655
0.0,0.101177335
1.0,0.99228096
0.0,0.03526154
0.0,0.8833144
0.0,0.13391247
0.0,0.19625872
0.0,0.00846684
0.0,0.37708384
0.0,0.25487965
1.0,0.98444664
1.0,0.20163274
0.0,0.007878989
1.0,0.9971894
1.0,0.8746239
0.0,0.940047
0.0,0.87571114
0.0,0.13971251
0.0,0.1331662
0.0,0.061326176
0.0,0.21613652
1.0,0.2963701
1.0,0.999418
0.0,0.016246676
0.0,0.013998568
0.0,0.87189656
0.0,0.9295617
0.0,0.17116007
1.0,0.9432188
0.0,0.54883564
0.0,0.065754145
1.0,0.67469764
1.0,0.9618185
0.0,0.033698738
0.0,0.1134339
0.0,0.0023646057
1.0,0.99245626
1.0,0.8695847
0.0,0.016631246
0.0,0.0517267
0.0,0.015644819
0.0,0.1427575
0.0,0.017895669
1.0,0.98956263
1.0,0.69816214
1.0,0.14346722
0.0,0.00050365925
1.0,0.64118683
0.0,0.6793084
1.0,0.998587
1.0,0.7690164
0.0,0.020075977
0.0,0.0026180148
0.0,0.0092839
0.0,0.49226233
0.0,0.8797332
1.0,0.99818957
0.0,0.862892
0.0,0.96592975
0.0,0.14907336
0.0,0.0025630891
0.0,0.06519508
0.0,0.028039485
0.0,0.2920667
1.0,0.7788224
1.0,0.9940727
0.0,0.00047758222
0.0,0.7847238
0.0,0.6896723
0.0,0.039068073
1.0,0.9893692
0.0,0.06774065
0.0,0.1836893
1.0,0.88573754
0.0,0.6182855
0.0,0.21446413
0.0,0.03782949
0.0,0.016301244
1.0,0.9870643
1.0,0.870825
0.0,0.015149474
1.0,0.3328603
1.0,0.9613985
1.0,0.88668656
0.0,0.07540104
0.0,0.17808616
1.0,0.96626353
1.0,0.98518884
0.0,0.034927696
1.0,0.995419
0.0,0.021790683
1.0,0.96688026
1.0,0.9626187
1.0,0.993929
0.0,0.09732583
1.0,0.8004668
1.0,0.7394521
0.0,0.06472406
0.0,0.11323795
0.0,0.9958551
0.0,0.051459342
0.0,0.033168346
0.0,0.007784009
1.0,0.9981195
0.0,0.27394193
0.0,0.07568908
0.0,0.64470136
0.0,0.017338306
0.0,0.036785096
0.0,0.060519546
1.0,0.71350646
0.0,0.005149901
0.0,0.045949906
0.0,0.4300103
1.0,0.8951705
1.0,0.83830535
1.0,0.9865061
1.0,0.9703386
0.0,0.014400035
0.0,0.03458056
0.0,0.029458791
0.0,0.018383473
0.0,0.9059725
0.0,0.0815756
1.0,0.95078254
0.0,0.72913
1.0,0.3851346
1.0,0.0394513
1.0,0.81108856
0.0,0.040421456
0.0,0.009237558
0.0,0.00046402216
0.0,0.0070275366
1.0,0.88089144
1.0,0.9584921
1.0,0.7233832
1.0,0.9529786
1.0,0.99912596
0.0,0.03061819
0.0,0.06510931
0.0,0.96638185
0.0,0.01783964
1.0,0.956635
0.0,0.016066939
0.0,0.7084484
1.0,0.9959469
1.0,0.5496913
0.0,0.01638031
0.0,0.28110045
0.0,0.16426668
0.0,0.57747996
1.0,0.8461865
0.0,0.9918916
0.0,0.635466
1.0,0.9988892
0.0,0.30742636
1.0,0.90995395
1.0,0.9691492
0.0,0.006831348
0.0,0.5810496
0.0,0.012760758
0.0,0.014803559
1.0,0.7938973
0.0,0.022846818
0.0,0.6354557
0.0,0.8306396
0.0,0.013283253
1.0,0.981784
1.0,0.20951697
1.0,0.84321064
1.0,0.95240355
0.0,0.8295524
0.0,0.06417009
1.0,0.9217355
0.0,0.015642852
1.0,0.28778833
0.0,0.068936735
1.0,0.9732788
1.0,0.99605465
0.0,0.30556503
0.0,0.252608
0.0,0.41573784
0.0,0.009644181
0.0,0.07572475
0.0,0.062051624
1.0,0.9037381
0.0,0.02711761
0.0,0.24487865
0.0,0.64837694
0.0,0.4195949
0.0,0.049825847
0.0,0.0005928278
0.0,0.4093142
0.0,0.014489502
0.0,0.00022545457
0.0,0.072427005
0.0,0.13713777
0.0,0.17409268
1.0,0.67711955
0.0,0.047143817
1.0,0.99332464
0.0,0.011449963
0.0,0.010365963
1.0,0.7313393
0.0,0.014521688
1.0,0.99262863
0.0,0.031424522
1.0,0.96140295
0.0,0.83565676
0.0,0.0077581108
1.0,0.8735626
1.0,0.5633127
0.0,0.022408873
0.0,0.23630497
0.0,0.0011389852
0.0,0.008229554
0.0,0.015236467
0.0,0.7513775
1.0,0.9912833
1.0,0.9298893
0.0,0.20683524
0.0,0.09247178
1.0,0.642852
1.0,0.9584175
1.0,0.9636625
0.0,0.008526385
1.0,0.031939983
0.0,0.15451947
1.0,0.8179091
0.0,0.00067573786
1.0,0.90216243
0.0,0.015871316
0.0,0.08241224
0.0,0.42467853
0.0,0.9118757
1.0,0.9423581
0.0,0.06540015
0.0,0.38645408
1.0,0.9849844
0.0,0.0025680065
0.0,0.7878312
0.0,0.4330369
1.0,0.9916153
0.0,0.27026248
0.0,0.097626746
0.0,0.9860425
1.0,0.95591235
0.0,0.003032446
0.0,0.6574465
0.0,0.03276968
1.0,0.6703824
0.0,0.022500157
1.0,0.9765838
0.0,0.51402426
1.0,0.95405877
1.0,0.9963806
0.0,0.9574787
1.0,0.9907357
1.0,0.99501216
0.0,0.007720351
0.0,0.85193175
0.0,0.02639249
1.0,0.99671817
0.0,0.36229336
1.0,0.905814
1.0,0.8977945
0.0,0.08872259
1.0,0.9598305
0.0,0.33627868
1.0,0.6028589
0.0,0.7459308
1.0,0.7725065
0.0,0.78920186
1.0,0.010698825
0.0,0.8006798
0.0,0.019954681
0.0,0.0034752786
0.0,0.0014860928
0.0,0.02030003
0.0,0.000765115
0.0,0.0028143823
0.0,0.2870713
0.0,0.106883824
0.0,0.7053789
0.0,0.60803676
0.0,0.013001263
1.0,0.99262416
1.0,0.12208852
0.0,0.6100321
1.0,0.057251513
0.0,0.027029127
0.0,0.5430474
0.0,0.6220711
0.0,0.12359667
0.0,0.058277488
0.0,0.7989278
1.0,0.79146457
0.0,0.0027005076
0.0,0.044506848
1.0,0.007035017
0.0,0.005724609
1.0,0.89850813
0.0,0.20599261
0.0,0.052059114
1.0,0.9188738
0.0,0.019085705
1.0,0.92911816
0.0,0.015674084
0.0,0.0013504624
0.0,0.01166153
1.0,0.995505
0.0,0.063114166
1.0,0.70109487
1.0,0.914373
0.0,0.98972166
0.0,0.0027867258
1.0,0.055876225
0.0,0.014749885
0.0,0.10414171
0.0,0.85714346
0.0,0.012005806
0.0,0.32630742
0.0,0.8218899
1.0,0.41147944
0.0,0.115170866
1.0,0.9496126
0.0,0.0013918281
0.0,0.0038338602
0.0,0.014715403
1.0,0.92700493
1.0,0.99498737
0.0,0.5615315
0.0,0.3624868
0.0,0.004269421
0.0,0.10751626
0.0,0.15322843
0.0,0.086968035
0.0,0.002338171
1.0,0.09652716
1.0,0.75222516
0.0,0.047291756
0.0,0.99105763
1.0,0.78747505
0.0,0.000592947
1.0,0.84699106
0.0,0.009405911
0.0,0.11334664
1.0,0.9447546
0.0,0.74092174
1.0,0.8582653
1.0,0.99533266
1.0,0.9859488
0.0,0.6723923
0.0,0.19255188
0.0,0.21922839
1.0,0.9902453
0.0,0.6680149
1.0,0.997837
0.0,0.11137286
0.0,0.02003634
0.0,0.352892
1.0,0.91341823
0.0,0.06955767
0.0,0.19086042
0.0,0.44912347
1.0,0.054311305
1.0,0.99794036
0.0,0.061518222
0.0,0.012795776
1.0,0.9888946
1.0,0.9716099
1.0,0.9431504
1.0,0.1520629
0.0,0.009865731
1.0,0.9753374
0.0,0.14445251
0.0,0.19158119
0.0,0.0146384835
1.0,0.9711816
0.0,0.08738804
0.0,0.08462137
0.0,0.01515913
1.0,0.83720773
0.0,0.05195248
1.0,0.99510443
1.0,0.9922221
0.0,0.048234224
1.0,0.90167975
0.0,0.040874094
1.0,0.7412151
0.0,0.7584624
0.0,0.016251296
0.0,0.024946481
0.0,0.032892108
1.0,0.9950757
0.0,0.10674694
0.0,0.3366152
0.0,0.6628951
1.0,0.9998179
1.0,0.97438776
0.0,0.022497714
1.0,0.9807087
1.0,0.988222
1.0,0.99945986
1.0,0.5426311
0.0,0.4072592
1.0,0.88384867
0.0,0.12812394
0.0,0.85553503
1.0,0.35630363
0.0,0.053339988
0.0,0.041503847
0.0,0.3005678
1.0,0.4054329
0.0,0.85896873
0.0,0.3237816
1.0,0.9448098
0.0,0.06804755
1.0,0.9191673
0.0,0.039366424
0.0,0.7948593
1.0,0.9412674
1.0,0.9699141
0.0,0.009588331
1.0,0.95861876
1.0,0.99411273
0.0,0.7926755
0.0,0.7275085
1.0,0.7428222
0.0,0.10996866
1.0,0.9952285
0.0,0.06005642
0.0,0.055345327
1.0,0.52714896
1.0,0.95779717
0.0,0.3130141
1.0,0.65567327
0.0,0.08379161
0.0,0.14319754
1.0,0.9978503
0.0,0.0038587153
0.0,0.2249775
0.0,0.0766834
1.0,0.6876572
0.0,0.029868156
0.0,0.018079191
1.0,0.8213125
1.0,0.9868608
0.0,0.0370993
0.0,0.27032924
0.0,0.011903614
1.0,0.19191048
0.0,0.661221
0.0,0.0071119964
0.0,0.03505969
0.0,0.018651992
0.0,0.01604709
1.0,0.3412892
0.0,0.27653083
0.0,0.005402744
0.0,0.10449362
1.0,0.95714325
1.0,0.9990604
1.0,0.80599594
0.0,0.76271284
0.0,0.06993872
0.0,0.99424195
1.0,0.9983481
0.0,0.27285153
1.0,0.91120374
0.0,0.01720059
1.0,0.9408513
0.0,0.2173239
1.0,0.9477546
0.0,0.9688219
1.0,0.69232464
0.0,0.046347976
0.0,0.21620756
1.0,0.5360616
1.0,0.9878989
1.0,0.9909564
0.0,0.30105877
1.0,0.9908869
1.0,0.8027411
1.0,0.45480257
0.0,0.0018512905
1.0,0.849437
0.0,0.016260386
0.0,0.9768914
1.0,0.9229145
0.0,0.8867177
0.0,0.016099155
0.0,0.089108884
0.0,0.10650471
0.0,0.39887092
1.0,0.97607535
1.0,0.9757951
0.0,0.48641002
0.0,0.7934024
0.0,0.018581241
1.0,0.99257576
0.0,0.90960515
0.0,0.16167274
0.0,0.023333788
0.0,0.022503734
0.0,0.039169163
0.0,0.9469947
1.0,0.9959694
1.0,0.99628055
1.0,0.19593817
0.0,0.37640136
0.0,0.024518251
0.0,0.0088971555
0.0,0.018538624
0.0,0.040422678
1.0,0.9907409
0.0,0.017885268
0.0,0.56890905
1.0,0.98926944
0.0,0.4512828
1.0,0.17272094
1.0,0.6892563
0.0,0.40929508
0.0,0.011383057
0.0,0.13167167
1.0,0.8730704
0.0,0.16723171
0.0,0.029913157
1.0,0.9502379
1.0,0.5370043
0.0,0.009378195
0.0,0.3096448
0.0,0.47300485
0.0,0.009709805
0.0,0.051280975
1.0,0.24434042
1.0,0.89445233
0.0,0.017601073
0.0,0.0010043085
0.0,0.6672131
0.0,0.56703234
1.0,0.9575883
0.0,0.08756855
1.0,0.99744403
0.0,0.07383984
1.0,0.99723786
0.0,0.008961171
1.0,0.9902171
1.0,0.92169803
0.0,0.07474926
0.0,0.48518404
0.0,0.0057697
0.0,0.19113982
1.0,0.8216267
1.0,0.010874957
1.0,0.120848864
1.0,0.4074973
1.0,0.37473947
0.0,0.0011298358
1.0,0.88172686
1.0,0.78948355
0.0,0.05190757
0.0,0.13741237
0.0,0.02962467
1.0,0.7759642
1.0,0.9942861
0.0,0.96997076
0.0,0.014760554
1.0,0.9212848
0.0,0.0036273003
0.0,0.026359826
1.0,0.98611045
0.0,0.79130185
0.0,0.10959476
1.0,0.63707376
1.0,0.9122857
0.0,0.0053673387
0.0,0.040802866
0.0,0.17699894
1.0,0.99607944
1.0,0.9870523
0.0,0.6599516
0.0,0.60162735
1.0,0.97940576
1.0,0.65801376
0.0,0.010007799
0.0,0.16054288
0.0,0.035435826
1.0,0.22545049
1.0,0.90625656
0.0,0.048892915
0.0,0.025428623
1.0,0.9392673
0.0,0.023031354
0.0,0.02444917
0.0,0.031494558
0.0,0.8966541
1.0,0.89361084
0.0,0.899755
0.0,0.027924806
0.0,0.4630623
0.0,0.45886686
0.0,0.06393427
1.0,0.70520097
1.0,0.8523492
0.0,0.37876755
1.0,0.99206597
0.0,0.09812412
1.0,0.93229985
1.0,0.01537922
1.0,0.9794486
0.0,0.007756382
0.0,0.9019036
0.0,0.024316132
1.0,0.99797344
0.0,0.0011812747
1.0,0.9837356
0.0,0.103495926
0.0,0.009417057
1.0,0.58187306
1.0,0.9947258
0.0,0.0054326653
1.0,0.90215945
0.0,0.0647572
1.0,0.9653979
0.0,0.0048611164
1.0,0.8783971
1.0,0.24773732
0.0,0.023766577
0.0,0.021023184
0.0,0.0531469
0.0,0.009778678
0.0,0.0108217895
0.0,0.92143184
0.0,0.10956326
0.0,0.11623755
0.0,0.9893209
0.0,0.008230269
1.0,0.98397315
0.0,0.18468216
0.0,0.12256244
1.0,0.9975344
0.0,0.03514579
1.0,0.99845374
0.0,0.01625529
1.0,0.99865586
0.0,0.022280097
0.0,0.23872331
1.0,0.9995793
0.0,0.10618922
0.0,0.015152484
0.0,0.002400726
1.0,0.9940984
1.0,0.7830874
0.0,0.012139469
1.0,0.9492646
1.0,0.26074302
1.0,0.99220896
0.0,0.5121604
1.0,0.48277524
1.0,0.9619225
0.0,0.36913133
1.0,0.22779208
1.0,0.51488096
0.0,0.048015982
0.0,0.0035353303
0.0,0.14541656
0.0,0.052305013
0.0,0.068529785
0.0,0.012998968
0.0,0.07293919
0.0,0.0041804314
1.0,0.8853019
0.0,0.10058147
0.0,0.018603474
0.0,0.049018353
0.0,0.096241236
1.0,0.8650356
0.0,0.009839416
1.0,0.94665015
0.0,0.9747467
0.0,0.024568915
1.0,0.73091406
1.0,0.92789793
0.0,0.041247785
0.0,0.13083398
1.0,0.9700487
0.0,0.92568177
0.0,0.07586205
1.0,0.76136243
1.0,0.6019259
1.0,0.8711253
1.0,0.9492478
0.0,0.10956916
0.0,0.012589663
1.0,0.7970123
0.0,0.038304
0.0,0.002792269
1.0,0.9902059
1.0,0.94513464
1.0,0.996884
0.0,0.025208592
1.0,0.5301413
1.0,0.9810706
1.0,0.98163056
0.0,0.01675731
0.0,0.0176242
1.0,0.1934987
0.0,0.05865997
0.0,0.76950043
0.0,0.11397028
1.0,0.98096526
0.0,0.03593248
0.0,0.060309798
0.0,0.08971545
0.0,0.9152467
0.0,0.5180011
0.0,0.014929771
0.0,0.9557073
1.0,0.9954972
0.0,0.10733989
1.0,0.47277665
0.0,0.0060016215
0.0,0.46299964
0.0,0.94290173
1.0,0.020590931
0.0,0.8199017
0.0,0.0092335045
0.0,0.012742043
0.0,0.29127342
0.0,0.11683288
1.0,0.9915105
0.0,0.30374092
1.0,0.8723433
0.0,0.08344227
0.0,0.11282936
0.0,0.060308844
0.0,0.7729635
0.0,0.057991892
0.0,0.4426421
0.0,0.37867868
0.0,0.08420229
1.0,0.938517
0.0,0.15927517
1.0,0.7112372
1.0,0.4831079
0.0,0.083994925
0.0,0.07798299
1.0,0.9736899
0.0,0.019780159
1.0,0.96663314
1.0,0.87037754
0.0,0.0452269
1.0,0.82494354
0.0,0.042551488
1.0,0.98184955
0.0,0.09548992
0.0,0.14227536
1.0,0.659514
0.0,0.95494026
0.0,0.004660338
0.0,0.91344327
1.0,0.5679769
1.0,0.9868041
0.0,0.006562233
0.0,0.10402796
1.0,0.81573355
0.0,0.7482726
1.0,0.66759646
0.0,0.076108634
1.0,0.5113918
0.0,0.8634488
0.0,0.0053491592
0.0,0.8732414
0.0,0.019575119
0.0,0.16956696
1.0,0.065852135
0.0,0.7131159
1.0,0.87331915
0.0,0.0030073524
1.0,0.6497834
0.0,0.016383111
0.0,0.010265887
0.0,0.065715134
0.0,0.06358153
0.0,0.43263254
0.0,0.2359134
0.0,0.03265947
0.0,0.15877602
1.0,0.93502927
0.0,0.033092022
0.0,0.09773865
1.0,0.6776575
1.0,0.36519685
0.0,0.033079386
0.0,0.06251991
1.0,0.8608219
0.0,0.46289957
1.0,0.008635014
1.0,0.94598675
1.0,0.8543656
1.0,0.9314767
0.0,0.027733475
0.0,0.009050071
1.0,0.61570364
0.0,0.39438134
1.0,0.97014225
1.0,0.82928425
1.0,0.98995554
0.0,0.21446258
0.0,0.025666982
0.0,0.05133754
0.0,0.1282028
1.0,0.91523755
1.0,0.9186083
0.0,0.07049918
0.0,0.2532987
0.0,0.087613404
0.0,0.46986088
1.0,0.11558968
1.0,0.71489286
1.0,0.89740855
0.0,0.97313195
1.0,0.60925156
1.0,0.90029144
1.0,0.6533624
1.0,0.94154155
0.0,0.67595327
0.0,0.28457856
0.0,0.7794015
0.0,0.017433643
1.0,0.95940375
1.0,0.99846005
1.0,0.9605377
1.0,0.96984756
0.0,0.13713482
0.0,0.009568185
0.0,0.24438322
0.0,0.19331026
1.0,0.96526265
0.0,0.13499287
0.0,0.0177885
0.0,0.37966126
0.0,0.02306363
1.0,0.871238
1.0,0.8546175
1.0,0.985613
0.0,0.120936036
0.0,0.64988357
1.0,0.88419384
1.0,0.99921083
0.0,0.21247223
1.0,0.9701967
0.0,0.68864703
1.0,0.99668777
1.0,0.9916394
1.0,0.64507926
0.0,0.010192931
0.0,0.22256672
1.0,0.99946475
0.0,0.12178528
0.0,0.082855314
1.0,0.9961566
0.0,0.10781488
0.0,0.10629809
0.0,0.05697742
1.0,0.4542266
0.0,0.27797496
0.0,0.5168788
1.0,0.8352457
0.0,0.5372478
0.0,0.056663483
0.0,0.10698554
0.0,0.09055817
1.0,0.83108723
0.0,0.8943705
0.0,0.021155506
0.0,0.004668474
1.0,0.7944102
0.0,0.012737304
0.0,0.0012924969
1.0,0.36954093
0.0,0.26730123
0.0,0.11156303
1.0,0.99578345
1.0,0.95159394
0.0,0.0013087094
1.0,0.31999734
1.0,0.33008307
0.0,0.3784783
0.0,0.8791872
1.0,0.7650363
1.0,0.82013834
0.0,0.028752059
1.0,0.31470034
1.0,0.7012234
1.0,0.61778826
0.0,0.43482175
1.0,0.22722772
0.0,0.02176702
1.0,0.9007549
0.0,0.011147022
1.0,0.9104851
0.0,0.940459
0.0,0.075730264
1.0,0.72308505
0.0,0.031746298
1.0,0.8801795
1.0,0.75663316
1.0,0.9914564
1.0,0.9831735
0.0,0.01599431
1.0,0.047524244
0.0,0.2387051
0.0,0.011412948
0.0,0.045674562
0.0,0.031368226
1.0,0.94321465
0.0,0.013385266
0.0,0.34915382
0.0,0.5403912
0.0,0.73691064
1.0,0.9810665
0.0,0.34148824
0.0,0.0058269203
0.0,0.061080843
0.0,0.7876072
1.0,0.8966262
0.0,0.016995758
1.0,0.9003347
1.0,0.9924359
0.0,0.7770063
0.0,0.016305506
0.0,0.02806601
1.0,0.9686128
0.0,0.029056817
1.0,0.04394728
1.0,0.55202544
1.0,0.9935397
0.0,0.6213921
0.0,0.43035465
0.0,0.042444676
0.0,0.8252233
0.0,0.025788516
0.0,0.027896076
0.0,0.35774064
1.0,0.7521803
0.0,0.109995306
1.0,0.9611429
0.0,0.19291398
1.0,0.97617364
1.0,0.96815836
1.0,0.7042812
1.0,0.96735317
0.0,0.4838204
0.0,0.9951507
0.0,0.19932565
1.0,0.33681193
1.0,0.89271307
0.0,0.006049782
1.0,0.26725394
1.0,0.74576586
1.0,0.97400963
1.0,0.91701925
0.0,0.8626919
0.0,0.024783164
1.0,0.9329242
0.0,0.030011326
0.0,0.5701598
1.0,0.9937823
0.0,0.0043781996
0.0,0.94460994
0.0,0.19007042
0.0,0.017506927
0.0,0.108174235
1.0,0.9979352
0.0,0.016810149
0.0,0.6454406
1.0,0.5832225
0.0,0.039564043
1.0,0.9776933
0.0,0.15048757
0.0,0.020176142
0.0,0.02779594
0.0,0.05046296
1.0,0.86640066
0.0,0.13182351
0.0,0.3675311
1.0,0.93213546
1.0,0.9158206
0.0,0.018175751
0.0,0.030861259
0.0,0.014774114
1.0,0.29653412
0.0,0.021688282
1.0,0.9620701
1.0,0.7865493
1.0,0.30384487
1.0,0.94476855
1.0,0.92047197
0.0,0.94644916
1.0,0.91880155
1.0,0.9955919
0.0,0.012119532
0.0,0.011455864
0.0,0.054312944
1.0,0.89651895
0.0,0.02869749
0.0,0.09136611
0.0,0.017181903
1.0,0.98880863
0.0,0.080186486
1.0,0.90140665
0.0,0.16388923
0.0,0.8683919
0.0,0.05412206
0.0,0.08285785
0.0,0.043724597
1.0,0.872062
1.0,0.9789942
0.0,0.034362704
0.0,0.06317437
1.0,0.95652175
0.0,0.0022695959
1.0,0.9963728
0.0,0.02897036
0.0,0.028015256
0.0,0.037263095
1.0,0.9886296
1.0,0.98510253
0.0,0.02664882
0.0,0.40389925
1.0,0.85691893
0.0,0.018696606
0.0,0.024775922
1.0,0.92947406
1.0,0.9995707
1.0,0.98736364
0.0,0.050575435
1.0,0.9306345
1.0,0.9292168
0.0,0.4818517
0.0,0.11543676
0.0,0.008913875
0.0,0.03025791
0.0,0.005176395
0.0,0.09233013
1.0,0.79231083
1.0,0.8282536
0.0,0.2356253
0.0,0.003062278
0.0,0.39824814
0.0,0.42756048
1.0,0.85337806
0.0,0.9039104
0.0,0.08604309
0.0,0.81944114
0.0,0.9533066
1.0,0.104130715
0.0,0.008370131
0.0,0.8928783
1.0,0.9951522
0.0,0.19281793
0.0,0.23077857
0.0,0.043243557
0.0,0.0068412423
1.0,0.72271305
1.0,0.70559514
0.0,0.098204315
0.0,0.97862494
0.0,0.0033030212
0.0,0.98825276
0.0,0.9824421
0.0,0.68291986
0.0,0.0048029423
0.0,0.51626295
1.0,0.044286072
0.0,0.021003753
1.0,0.036811322
0.0,0.92144156
0.0,0.0030697584
0.0,0.049804807
0.0,0.044208884
0.0,0.11229363
0.0,0.12295604
1.0,0.98394173
0.0,0.0036132932
0.0,0.64566016
0.0,0.12980127
1.0,0.7605995
1.0,0.9806741
0.0,0.04179579
0.0,0.2932834
0.0,0.009986818
1.0,0.99820864
1.0,0.8654385
1.0,0.995573
0.0,0.09355354
1.0,0.9970883
0.0,0.101017386
0.0,0.00079360604
0.0,0.02970472
1.0,0.00090676546
0.0,0.00462237
0.0,0.021906316
1.0,0.9990232
1.0,0.44365266
0.0,0.088051826
1.0,0.99934006
0.0,0.04426709
1.0,0.62413514
0.0,0.12284875
1.0,0.96497387
0.0,0.99538225
0.0,0.42841417
1.0,0.7427404
0.0,0.0011620522
0.0,0.4300734
0.0,0.045688182
0.0,0.016438901
0.0,0.2330507
0.0,0.017233461
1.0,0.96312505
1.0,0.7129688
0.0,0.6262254
0.0,0.038778722
0.0,0.03688389
0.0,0.56852543
1.0,0.9939505
0.0,0.018420786
0.0,0.20562759
0.0,0.86782646
0.0,0.32744384
0.0,0.003055662
1.0,0.87871575
1.0,0.98402095
0.0,0.012692064
0.0,0.01159206
0.0,0.08307791
0.0,0.018877208
1.0,0.7712846
0.0,0.6446799
0.0,0.3087753
0.0,0.025784194
1.0,0.79246354
0.0,0.004961461
0.0,0.41070586
1.0,0.98258203
0.0,0.014200479
0.0,0.21138045
1.0,0.71487963
1.0,0.6692505
1.0,0.97442174
0.0,0.0077987015
0.0,0.006648481
0.0,0.23241872
0.0,0.008877605
1.0,0.92679745
0.0,0.32702768
1.0,0.34238008
0.0,0.0012748241
0.0,0.00784415
0.0,0.43578047
1.0,0.9986472
0.0,0.59291124
0.0,0.44459102
0.0,0.80824625
1.0,0.64349633
0.0,0.018305838
0.0,0.4412524
0.0,0.002398014
1.0,0.053419083
0.0,0.01998657
0.0,0.007254213
1.0,0.37162563
1.0,0.9965756
0.0,0.002557218
1.0,0.99062574
1.0,0.9660076
1.0,0.9206065
1.0,0.9307294
0.0,0.026951373
1.0,0.95485806
0.0,0.99972284
1.0,0.03631389
0.0,0.03360668
1.0,0.72656256
0.0,0.45907977
1.0,0.11719662
1.0,0.99939257
1.0,0.81003696
0.0,0.014158934
0.0,0.9323791
0.0,0.55083567
0.0,0.024921656
0.0,0.03390929
0.0,0.07055682
1.0,0.9961798
1.0,0.9885926
1.0,0.628381
0.0,0.009557992
0.0,0.010367006
0.0,0.09741849
0.0,0.5169997
1.0,0.01883912
0.0,0.041402012
0.0,0.055919617
0.0,0.048446596
0.0,0.78570604
1.0,0.98030925
0.0,0.7096769
0.0,0.93654823
0.0,0.55179024
1.0,0.32276613
0.0,0.123897165
0.0,0.6953946
1.0,0.60506225
0.0,0.65821075
1.0,0.7367587
0.0,0.031932116
0.0,0.40149805
0.0,0.015491068
0.0,0.018634945
0.0,0.003711462
1.0,0.9555164
0.0,0.14864317
0.0,0.022126377
1.0,0.9853051
1.0,0.9535346
0.0,0.35178697
1.0,0.011795551
0.0,0.2305063
0.0,0.035868615
1.0,0.9856491
0.0,0.0066862702
0.0,0.43236476
0.0,0.04416558
0.0,0.035099715
1.0,0.9892631
1.0,0.97385275
1.0,0.7170792
1.0,0.98869777
0.0,0.024104834
0.0,0.02375102
0.0,0.4813762
1.0,0.9785439
0.0,0.09455809
0.0,0.1501702
1.0,0.85773325
1.0,0.46160948
1.0,0.97781533
0.0,0.014827728
0.0,0.31425294
0.0,0.9018096
1.0,0.9951881
1.0,0.9310285
1.0,0.9649923
0.0,0.37672752
0.0,0.0008749366
0.0,0.012012243
1.0,0.7666011
1.0,0.14218718
0.0,0.42459136
1.0,0.95454717
1.0,0.6159804
1.0,0.9715427
1.0,0.32689273
0.0,0.10260013
0.0,0.041391462
1.0,0.52355283
1.0,0.9362499
0.0,0.18688112
0.0,0.1932123
0.0,0.009766132
0.0,0.03645259
0.0,0.027062893
0.0,0.6461227
0.0,0.012076974
0.0,0.13782465
1.0,0.80137795
1.0,0.76271796
0.0,0.70632684
1.0,0.9956392
0.0,0.0034078658
1.0,0.90718853
0.0,0.24734771
1.0,0.99328923
0.0,0.0009261668
0.0,0.0131329
0.0,0.0051395595
0.0,0.7132597
1.0,0.056701094
1.0,0.9762553
0.0,0.10294691
0.0,0.21312541
1.0,0.27794945
0.0,0.03870073
1.0,0.98748094
1.0,0.9544002
0.0,0.030349761
0.0,0.020167112
0.0,0.12231794
0.0,0.99871916
0.0,0.8469799
0.0,0.01339525
0.0,0.5516375
0.0,0.0030850172
1.0,0.9280457
1.0,0.98005664
1.0,0.86236596
1.0,0.9444581
0.0,0.023916751
0.0,0.32397574
1.0,0.91832924
0.0,0.9077414
0.0,0.026797026
0.0,0.22514239
1.0,0.8117483
1.0,0.23162317
0.0,0.03107971
1.0,0.9648147
1.0,0.97985345
0.0,0.000538975
0.0,0.033716798
1.0,0.97831583
0.0,0.005115032
0.0,0.77293694
0.0,0.0054760277
0.0,0.137662
1.0,0.11758077
0.0,0.017210811
0.0,0.015427262
0.0,0.42149252
1.0,0.794246
0.0,0.021558434
0.0,0.16117269
1.0,0.98627716
0.0,0.011454135
0.0,0.74505734
0.0,0.9824216
1.0,0.99674094
1.0,0.67059636
1.0,0.36632872
0.0,0.6383616
0.0,0.37136906
1.0,0.1857363
0.0,0.0027665496
0.0,0.030467898
0.0,0.2105631
0.0,0.047276527
1.0,0.61620724
0.0,0.31995812
0.0,0.8986225
1.0,0.8774977
0.0,0.102169156
0.0,0.022421151
0.0,0.41548216
0.0,0.31579328
1.0,0.861278
1.0,0.94009817
0.0,0.24916622
1.0,0.76224744
0.0,0.025161713
0.0,0.022164673
0.0,0.009306073
1.0,0.7915552
0.0,0.01587516
0.0,0.018539935
1.0,0.9769858
1.0,0.8939762
1.0,0.90382946
0.0,0.783497
1.0,0.9530077
1.0,0.9560044
0.0,0.0003424883
0.0,0.89007235
0.0,0.9641847
1.0,0.7906946
0.0,0.024425805
0.0,0.38995677
0.0,0.018226445
0.0,0.02475077
0.0,0.009247154
0.0,0.071305335
0.0,0.2560248
0.0,0.5850347
0.0,0.6854129
1.0,0.17687231
1.0,0.9494628
1.0,0.8430904
0.0,0.022055238
1.0,0.99336505
0.0,0.391685
0.0,0.04134795
1.0,0.98101896
0.0,0.30897766
0.0,0.013365179
0.0,0.3408772
0.0,0.03300658
0.0,0.5764646
0.0,0.9023838
0.0,0.011909395
1.0,0.91630346
0.0,0.0011380911
0.0,0.017519653
0.0,0.010526419
1.0,0.98774606
1.0,0.94978106
0.0,0.8623183
1.0,0.57900286
0.0,0.021780401
1.0,0.10572258
0.0,0.06855592
0.0,0.011198133
1.0,0.068859786
0.0,0.007642299
0.0,0.0079959035
1.0,0.5265094
0.0,0.21001643
1.0,0.048108876
0.0,0.8444567
0.0,0.009624034
1.0,0.9131191
0.0,0.021976471
0.0,0.6460686
0.0,0.9240095
0.0,0.0061332285
0.0,0.0074662864
1.0,0.9762444
0.0,0.010999203
0.0,0.005756438
0.0,0.11163446
1.0,0.66696006
0.0,0.9967149
0.0,0.30861023
1.0,0.7690075
0.0,0.006997943
0.0,0.01872015
0.0,0.017457455
0.0,0.2768811
1.0,0.90379834
0.0,0.022004217
0.0,0.0005044639
0.0,0.007872641
0.0,0.010448009
0.0,0.62722135
1.0,0.9871298
1.0,0.94691825
0.0,0.021699965
1.0,0.934518
0.0,0.057421237
0.0,0.036376446
0.0,0.0412288
0.0,0.3451505
1.0,0.9952232
0.0,0.032760948
0.0,0.015329182
0.0,0.5737693
0.0,0.0366973
0.0,0.0808433
0.0,0.005953878
0.0,0.0092718005
0.0,0.010102332
0.0,0.0076219738
0.0,0.9553796
1.0,0.47911882
0.0,0.008916944
0.0,0.24722338
0.0,0.029236168
1.0,0.9955053
0.0,0.13829109
1.0,0.9395206
0.0,0.10013285
0.0,0.24780542
0.0,0.18230167
1.0,0.9899334
1.0,0.99621266
1.0,0.9082999
1.0,0.29136407
0.0,0.15064546
0.0,0.031234115
1.0,0.9957006
1.0,0.8611532
0.0,0.060938835
0.0,0.24166226
0.0,0.9219029
1.0,0.98361874
0.0,0.06973827
0.0,0.023898244
0.0,0.1417855
0.0,0.034528345
1.0,0.39415628
1.0,0.9858266
0.0,0.00069344044
1.0,0.84760535
0.0,0.017306209
0.0,0.07961872
0.0,0.0069233775
0.0,0.042387158
0.0,0.07292068
1.0,0.9591862
0.0,0.009303808
0.0,0.11515847
0.0,0.8063828
0.0,0.3295337
0.0,0.8938003
1.0,0.99772364
0.0,0.02171725
0.0,0.018079162
1.0,0.9473468
0.0,0.517851
0.0,0.0068345964
1.0,0.9768166
1.0,0.9158068
0.0,0.28842902
1.0,0.96304774
0.0,0.6323072
1.0,0.76252913
1.0,0.9998191
0.0,0.40866834
1.0,0.9695555
0.0,0.23367181
0.0,0.052814245
0.0,0.18321031
0.0,0.42094442
0.0,0.012175024
0.0,0.026864111
0.0,0.6630994
1.0,0.99326634
0.0,0.19461504
0.0,0.2024253
0.0,0.5130536
0.0,0.24030691
1.0,0.9658571
0.0,0.04186949
0.0,0.76265204
0.0,0.021297485
0.0,0.1431686
0.0,0.010090619
0.0,0.99000144
1.0,0.2492702
0.0,0.051223695
1.0,0.8511227
0.0,0.016377598
1.0,0.42217854
0.0,0.056511313
0.0,0.11217037
0.0,0.038734585
0.0,0.846515
0.0,0.6236506
0.0,0.13167036
0.0,0.7132857
0.0,0.010971695
0.0,0.9510891
0.0,0.88687265
1.0,0.94893634
0.0,0.80614865
0.0,0.072342515
1.0,0.99815273
0.0,0.030390143
0.0,0.010147005
0.0,0.00042372942
1.0,0.9100096
1.0,0.7388095
1.0,0.8278074
1.0,0.99745774
0.0,0.37737367
1.0,0.9707496
0.0,0.2956279
1.0,0.56288385
0.0,0.10491648
0.0,0.98887527
0.0,0.21596685
0.0,0.0051628947
0.0,0.25504738
1.0,0.99188256
1.0,0.21116495
0.0,0.99709004
1.0,0.9219898
0.0,0.01507929
1.0,0.99442744
0.0,0.011147618
0.0,0.066550195
0.0,0.98891985
0.0,0.29155993
0.0,0.07877487
0.0,0.0075845122
1.0,0.9988296
0.0,0.00074258447
1.0,0.9975977
1.0,0.9396389
1.0,0.98648494
0.0,0.0078040957
0.0,0.9975393
0.0,0.025528908
0.0,0.06281507
0.0,0.07146323
1.0,0.90512526
0.0,0.34799024
0.0,0.058035076
0.0,0.18248746
0.0,0.02502188
0.0,0.007577926
0.0,0.2703339
0.0,0.8693172
0.0,0.014194161
0.0,0.43257582
1.0,0.99707776
0.0,0.5110612
0.0,0.06386852
0.0,0.011735618
0.0,0.026471227
1.0,0.93050504
0.0,0.6225789
1.0,0.98136806
0.0,0.7903998
1.0,0.99968493
1.0,0.9748914
0.0,0.0030329227
0.0,0.30669004
0.0,0.032203406
0.0,0.31531096
0.0,0.009892404
0.0,0.4876663
1.0,0.9920565
0.0,0.07068914
1.0,0.3353318
0.0,0.16040862
0.0,0.0010336637
0.0,0.21028975
1.0,0.98790914
0.0,0.011610329
1.0,0.99793875
0.0,0.003892839
0.0,0.11260307
0.0,0.78379875
0.0,0.5761515
0.0,0.38629538
0.0,0.019664168
1.0,0.69903755
1.0,0.945096
0.0,0.21191373
0.0,0.011324376
0.0,0.03272584
1.0,0.90579176
0.0,0.062537014
1.0,0.3100152
0.0,0.2219705
1.0,0.8893585
1.0,0.81163096
0.0,0.018322945
0.0,0.0077668726
0.0,0.028514504
1.0,0.95506144
0.0,0.3213807
0.0,0.79443645
1.0,0.9886918
1.0,0.84805334
0.0,0.19542333
0.0,0.037021667
1.0,0.97119653
0.0,0.04345891
0.0,0.015705466
0.0,0.020264447
1.0,0.81604415
0.0,0.02157572
0.0,0.02372247
1.0,0.9801973
1.0,0.7229223
0.0,0.5071652
0.0,0.012494326
0.0,0.03302613
1.0,0.96622074
1.0,0.99397933
1.0,0.61387473
0.0,0.064234465
0.0,0.01655978
0.0,0.08799788
0.0,0.0045568645
1.0,0.91768235
0.0,0.012650192
0.0,0.6848536
0.0,0.11874199
0.0,0.49460167
0.0,0.27671605
0.0,0.0063598156
0.0,0.1493304
0.0,0.03456214
0.0,0.019342154
1.0,0.6366346
1.0,0.9359553
0.0,0.7514831
0.0,0.79973096
1.0,0.03204164
0.0,0.008274406
1.0,0.8836537
0.0,0.04985106
0.0,0.017433226
1.0,0.98345417
1.0,0.9864085
0.0,0.9026438
0.0,0.26985562
1.0,0.3913957
0.0,0.15447703
0.0,0.6055976
0.0,0.99911606
0.0,0.027521908
1.0,0.9242023
1.0,0.4290616
0.0,0.7453016
0.0,0.011415869
0.0,0.10982257
1.0,0.95445466
0.0,0.023725301
1.0,0.58484685
0.0,0.22651055
1.0,0.60154736
1.0,0.81868345
0.0,0.55755985
1.0,0.7135936
0.0,0.89479405
0.0,0.010590345
1.0,0.99777615
1.0,0.1426552
0.0,0.025546402
0.0,0.23621655
0.0,0.7521888
0.0,0.8923786
1.0,0.9650325
0.0,0.07658446
0.0,0.10940346
0.0,0.02113396
1.0,0.9593514
0.0,0.054930717
0.0,0.8446969
1.0,0.9846957
0.0,0.0048905015
0.0,0.8073647
0.0,0.49637744
1.0,0.105251044
0.0,0.5550036
1.0,0.9850726
0.0,0.0694021
1.0,0.52507687
1.0,0.65666246
1.0,0.960315
1.0,0.9699621
0.0,0.00049987435
1.0,0.8794786
0.0,0.03391522
1.0,0.9981402
1.0,0.88281107
0.0,0.39824206
1.0,0.86861753
0.0,0.009881973
1.0,0.7130679
1.0,0.6369384
0.0,0.024548352
0.0,0.96178985
1.0,0.9988844
1.0,0.5320884
0.0,0.059239894
0.0,0.56353855
0.0,0.002326697
0.0,0.022651196
0.0,0.56568843
1.0,0.8934015
1.0,0.9625525
1.0,0.37744978
1.0,0.7638254
1.0,0.9964618
1.0,0.9906471
0.0,0.84324324
1.0,0.98842144
0.0,0.023468584
0.0,0.0071688592
0.0,0.050133944
1.0,0.15984651
1.0,0.6093694
0.0,0.09795779
0.0,0.0717991
0.0,0.94338554
1.0,0.7729373
1.0,0.60960776
1.0,0.9527812
0.0,0.008495629
0.0,0.99164337
0.0,0.046292245
0.0,0.45518792
0.0,0.1780774
0.0,0.015566051
1.0,0.9974206
1.0,0.9654535
0.0,0.45565376
0.0,0.069604665
0.0,0.76314235
0.0,0.5206456
0.0,0.62797433
0.0,0.40340573
0.0,0.45683497
1.0,0.8033068
0.0,0.18635648
1.0,0.9417676
0.0,0.016172945
0.0,0.78960955
0.0,0.19497624
0.0,0.40972313
1.0,0.986701
1.0,0.831148
1.0,0.9068274
1.0,0.8451215
0.0,0.0124512315
0.0,0.7152937
1.0,0.6616641
1.0,0.7989768
0.0,0.46698034
0.0,0.018063694
0.0,0.3998343
1.0,0.58301485
0.0,0.015602082
1.0,0.05434826
0.0,0.029701024
0.0,0.03418517
0.0,0.02509278
0.0,0.035205334
0.0,0.14719287
0.0,0.04701826
0.0,0.20633397
1.0,0.9864162
0.0,0.025576591
0.0,0.78145957
0.0,0.05512306
1.0,0.36728185
0.0,0.009976238
1.0,0.9943734
0.0,0.017760754
0.0,0.04286599
0.0,0.0115816295
0.0,0.5909822
0.0,0.017608672
0.0,0.010975242
1.0,0.98906004
0.0,0.27356404
1.0,0.909805
1.0,0.9896019
0.0,0.028330356
0.0,0.20141205
1.0,0.9742513
1.0,0.9985788
0.0,0.81751084
0.0,0.34039754
0.0,0.05648461
0.0,0.57603955
0.0,0.03199327
1.0,0.94616115
0.0,0.06248501
1.0,0.45783547
1.0,0.064674765
0.0,0.891644
0.0,0.32678705
0.0,0.041654408
0.0,0.0125716925
0.0,0.5883513
0.0,0.016330868
0.0,0.037223995
0.0,0.8011912
1.0,0.862079
1.0,0.73322695
0.0,0.21817198
0.0,0.035373986
0.0,0.6212925
1.0,0.9328155
0.0,0.0077546835
0.0,0.03821549
1.0,0.78444904
1.0,0.98932135
0.0,0.45742026
0.0,0.37784
0.0,0.09555811
1.0,0.99542844
0.0,0.08062807
1.0,0.9951673
1.0,0.8411064
0.0,0.032635927
0.0,0.099657804
0.0,0.030356556
1.0,0.7172167
0.0,0.3046548
1.0,0.7358313
0.0,0.02286926
1.0,0.930668
0.0,0.09385124
0.0,0.06069073
0.0,0.00045272708
1.0,0.9993216
0.0,0.45011908
1.0,0.999367
1.0,0.89639
0.0,0.00801605
1.0,0.184814
0.0,0.09854436
1.0,0.24555847
0.0,0.00090524554
1.0,0.91115946
0.0,0.0053352118
1.0,0.83168745
1.0,0.97913647
1.0,0.99764913
0.0,0.051164597
1.0,0.9842373
1.0,0.3986659
0.0,0.0068074465
1.0,0.9738599
1.0,0.61000746
1.0,0.041641474
0.0,0.22772428
0.0,0.026639316
0.0,0.9526424
0.0,0.51003695
