0.0,0.14374262
0.0,0.68653405
1.0,0.32061675
0.0,0.0019668043
1.0,0.075873345
0.0,0.0023031235
1.0,0.95407355
1.0,0.8412825
1.0,0.21395493
0.0,0.0007727742
0.0,0.08131963
1.0,0.97446585
0.0,0.0010948181
0.0,0.021970898
0.0,0.0032063127
0.0,0.00017139316
1.0,0.3960944
0.0,0.0010499358
0.0,0.0056658387
1.0,0.29648364
1.0,0.09984547
0.0,0.0030110478
1.0,0.9360481
0.0,0.0014564395
0.0,0.000996381
1.0,0.2864641
0.0,0.08486855
1.0,0.91583467
0.0,0.0014511347
1.0,0.6858527
0.0,0.0013400912
0.0,0.23644671
1.0,0.9606937
1.0,0.9938427
1.0,0.88535106
1.0,0.9402888
1.0,0.11728254
0.0,0.0041119754
1.0,0.947811
1.0,0.009482712
1.0,0.9388246
1.0,0.96388644
0.0,0.0012024045
1.0,0.9277567
1.0,0.7935253
0.0,0.0074228644
0.0,0.00010842085
0.0,0.0044239163
0.0,0.001370728
1.0,0.95837176
0.0,0.1697399
1.0,0.6743616
1.0,0.99391586
1.0,0.7214449
0.0,0.0015143156
0.0,0.0024711788
0.0,0.032876343
1.0,0.002211392
1.0,0.8843549
1.0,0.12550882
1.0,0.98644257
0.0,0.24695936
1.0,0.9741744
1.0,0.39310288
1.0,0.8955205
0.0,0.020841002
0.0,0.04471323
1.0,0.91603506
0.0,0.0028093457
1.0,0.8174601
0.0,0.045383215
1.0,0.7841705
0.0,4.1633844e-05
0.0,0.018732548
1.0,0.10994008
0.0,0.06445861
0.0,0.0010842979
0.0,0.02289012
0.0,0.0041912794
1.0,0.96691453
0.0,0.0010911524
1.0,0.9722997
1.0,0.97249454
1.0,0.9994409
1.0,0.9924577
1.0,0.49248606
1.0,0.94676363
0.0,0.023094922
0.0,0.005448848
1.0,0.61291903
0.0,0.0010258555
1.0,0.05172524
0.0,0.00076302886
0.0,0.4584594
0.0,0.034255594
1.0,0.9126175
0.0,0.0014081001
0.0,0.0046016276
1.0,0.36519957
1.0,0.9701179
0.0,0.0002925992
0.0,0.0034498572
1.0,0.0014099479
0.0,0.009980112
0.0,0.028779745
1.0,0.82793
1.0,0.0005531609
0.0,0.003551811
1.0,0.0030736327
1.0,0.9871333
1.0,0.7829337
0.0,0.01073277
1.0,0.0040765703
0.0,0.0052585304
0.0,0.0017774701
1.0,0.38098645
0.0,0.005888909
1.0,0.7712615
1.0,0.1569061
1.0,0.9936704
0.0,0.1176151
1.0,0.9633775
0.0,0.892094
0.0,0.0020249188
0.0,0.06065306
1.0,0.12865531
0.0,0.00079387426
0.0,0.05830124
1.0,0.95460355
1.0,0.6538872
1.0,0.97439826
0.0,0.008265257
0.0,0.0019468963
1.0,0.703407
1.0,0.99735403
0.0,0.63638175
0.0,0.010669738
0.0,0.0044973493
0.0,0.0094587505
0.0,0.0012137592
1.0,0.9224802
0.0,0.05935785
1.0,0.01882115
0.0,0.002673477
0.0,0.0031363964
0.0,8.675456e-05
1.0,0.14432064
0.0,0.005129218
0.0,0.0032663941
0.0,0.003977537
0.0,0.038473666
0.0,0.00031259656
0.0,0.00048577785
0.0,0.90475154
0.0,0.13116837
1.0,0.97071326
0.0,3.8266182e-05
0.0,0.0029534698
1.0,0.99566114
0.0,0.0024709404
0.0,0.05909294
0.0,0.014448792
0.0,0.003516972
0.0,0.0869737
1.0,0.9966387
0.0,0.08677721
1.0,0.7737485
0.0,0.004314959
0.0,0.00067818165
1.0,0.7034491
0.0,0.8262861
0.0,0.88520426
0.0,0.92290735
0.0,6.240606e-05
1.0,0.61958194
1.0,0.7005932
0.0,0.02470836
1.0,0.7371702
0.0,0.11273089
1.0,0.987703
1.0,0.83045006
1.0,0.83730793
1.0,0.93858176
1.0,0.96959144
0.0,0.59211916
0.0,2.0980835e-05
0.0,0.0030954182
0.0,0.9452685
0.0,0.05573398
0.0,0.0035945177
1.0,0.156077
0.0,0.00013199449
0.0,0.4299194
1.0,0.92643034
1.0,0.8524482
1.0,0.99583095
0.0,0.0024611354
0.0,0.041502804
0.0,0.0045363307
1.0,0.004009068
0.0,0.16737631
0.0,0.21527475
0.0,0.1757879
0.0,0.5550651
0.0,0.021554172
1.0,0.015864938
0.0,0.0025197864
1.0,0.011408329
0.0,7.104874e-05
0.0,0.018610597
0.0,0.00042441487
1.0,0.9415337
0.0,0.01635912
0.0,0.039492965
0.0,0.0016620755
0.0,0.00043314695
0.0,0.8082757
0.0,0.10803571
1.0,0.9981552
0.0,0.0015748143
0.0,0.0005290508
1.0,0.52327424
1.0,0.968067
0.0,0.016605258
0.0,0.0029076934
0.0,7.3343515e-05
0.0,0.09529045
0.0,0.0031831264
0.0,0.032164603
1.0,0.99006236
0.0,0.06000814
1.0,0.12595981
0.0,0.0012298524
1.0,0.28139743
1.0,0.25742626
0.0,0.0019741952
0.0,0.0066766143
0.0,0.004470676
1.0,0.9822824
1.0,0.6720461
1.0,0.9624342
1.0,0.28118253
0.0,0.00072574615
0.0,0.8248389
1.0,0.9889355
0.0,0.45019442
0.0,0.0013573468
0.0,0.000700742
0.0,0.24308917
0.0,0.01422596
0.0,0.0016725361
0.0,0.011428624
1.0,0.8927711
0.0,0.0014488697
0.0,0.13777146
0.0,0.036939383
1.0,0.8236033
1.0,0.89993143
0.0,0.0019207597
0.0,0.015032142
0.0,0.0018761456
1.0,0.9681648
0.0,0.005268693
0.0,0.0003311336
0.0,0.009418935
0.0,0.00056678057
1.0,0.9866402
1.0,0.9264987
1.0,0.9837209
0.0,0.00024122
1.0,0.81956565
0.0,0.008371025
0.0,0.006824702
0.0,0.33475292
1.0,0.957652
1.0,0.7615589
0.0,0.00040483475
0.0,0.0025883317
1.0,0.98590165
1.0,0.10297826
0.0,0.001976192
1.0,0.14369684
1.0,0.9985745
0.0,0.6432915
0.0,0.041888356
0.0,0.006340891
0.0,0.0059177876
0.0,0.0026971698
0.0,0.005036235
1.0,0.98844934
0.0,0.0018733144
0.0,0.0028808415
1.0,0.9962218
0.0,0.002135992
1.0,0.97008616
1.0,0.0036900043
1.0,0.87434655
1.0,0.71940476
1.0,0.88719785
0.0,0.0059995353
1.0,0.86418915
0.0,0.8109607
1.0,0.9951396
0.0,0.5195391
0.0,0.17449063
0.0,0.0018889904
0.0,0.020274282
0.0,0.11221576
1.0,0.9571359
0.0,0.92441547
1.0,0.26981446
0.0,0.8976928
1.0,0.8101665
1.0,0.99219036
0.0,0.0009778738
0.0,0.0002786219
0.0,0.00092732906
1.0,0.9269042
1.0,0.024679601
0.0,4.8607588e-05
0.0,0.00017777085
0.0,0.0013176501
0.0,0.002859205
1.0,0.93185484
1.0,0.66976905
0.0,0.0054398775
0.0,0.052891344
1.0,0.8305656
1.0,0.9576506
1.0,0.18915495
0.0,0.0050556064
0.0,0.6520691
0.0,2.092123e-05
0.0,0.43550572
1.0,0.9638267
1.0,0.5581124
0.0,0.00630486
0.0,0.003482312
0.0,0.00027686357
0.0,0.118394405
0.0,0.00019675493
0.0,0.032964677
1.0,0.055399984
0.0,0.0045885444
0.0,0.0034959614
0.0,0.028191864
0.0,0.77867925
0.0,0.6920713
0.0,0.007536143
0.0,0.0002811253
1.0,0.29166406
0.0,0.0045389533
1.0,0.81068075
0.0,5.38826e-05
0.0,0.05944559
0.0,0.015159994
0.0,9.1940165e-05
0.0,0.95681715
1.0,0.03483665
1.0,0.73943865
0.0,0.17204446
1.0,0.830606
0.0,0.0009652078
0.0,0.28631938
0.0,0.12346837
0.0,0.7478931
0.0,0.0007162392
0.0,6.6161156e-06
1.0,0.13673687
0.0,0.001230061
1.0,0.9594901
0.0,0.12173641
1.0,0.050009847
0.0,0.053930372
1.0,0.011181295
1.0,0.9446708
1.0,0.9543388
0.0,0.00040251017
0.0,0.001288116
1.0,0.9096549
0.0,0.0017047822
0.0,0.003676176
1.0,0.0014533103
1.0,0.9672676
0.0,0.124634266
1.0,0.85693586
1.0,0.99771523
0.0,0.6733714
0.0,0.0027676225
0.0,0.22879061
0.0,0.0020294785
0.0,0.00022661686
0.0,0.015311807
1.0,0.95249826
0.0,0.0406982
1.0,0.6672714
1.0,0.025608659
0.0,0.0012367666
0.0,0.0076693594
0.0,0.23697549
1.0,0.9836573
1.0,0.98123455
1.0,0.29851252
0.0,0.012371242
1.0,0.9700191
1.0,0.8695247
0.0,2.2381544e-05
0.0,0.22823188
0.0,0.8939797
0.0,0.5455328
1.0,0.9391422
0.0,0.0017365217
1.0,0.03791365
0.0,0.33820307
0.0,0.006747365
0.0,0.001352191
0.0,0.0014407039
0.0,0.00060907006
0.0,0.0012333989
0.0,0.0012215376
0.0,0.0045494735
0.0,0.0066694915
0.0,0.048138976
0.0,0.0058177114
0.0,0.0012081861
0.0,0.19169423
0.0,0.00080147386
1.0,0.30237216
0.0,0.010823458
1.0,0.97954834
0.0,0.00069761276
0.0,0.0013528466
0.0,0.0035333335
0.0,0.8498895
0.0,0.61943257
0.0,0.034208506
0.0,0.046265572
0.0,3.668666e-05
0.0,0.00044214725
0.0,0.001473099
0.0,0.15790585
1.0,0.6570005
0.0,0.006459683
0.0,0.005100131
0.0,0.50467956
0.0,0.0047239065
1.0,0.06126046
0.0,0.5228168
1.0,0.16576421
0.0,0.00033816695
0.0,0.012179345
1.0,0.9852487
0.0,0.7009733
1.0,0.43974754
1.0,0.95006084
1.0,0.8608557
1.0,0.86154544
0.0,0.0007762015
1.0,0.34801394
0.0,0.0004196167
0.0,0.0010997355
0.0,0.034156144
1.0,0.9943632
0.0,0.0014135838
0.0,0.00046494603
1.0,0.7541795
1.0,0.99943984
0.0,0.06163448
0.0,0.0002732575
1.0,0.6381215
0.0,0.124601275
1.0,0.5439274
0.0,0.10028696
0.0,0.088383794
1.0,0.8056613
0.0,0.8688029
0.0,2.2351742e-05
1.0,0.061705083
0.0,0.0051082075
1.0,0.99664825
0.0,0.00065612793
1.0,0.16955549
1.0,0.30633813
1.0,0.8754159
1.0,0.998361
0.0,0.086692095
0.0,0.0031489134
1.0,0.7827947
0.0,0.001679182
0.0,0.66711944
1.0,0.57161254
1.0,0.571319
1.0,0.92472243
0.0,0.0051612556
1.0,0.96957076
1.0,0.9025636
0.0,0.019979417
1.0,0.98777413
0.0,0.10983732
1.0,0.5030743
1.0,0.7603121
0.0,0.5686046
0.0,0.17534399
1.0,0.20256886
0.0,0.21228272
1.0,0.9069751
0.0,0.40795743
0.0,0.0014620721
0.0,0.3956133
1.0,0.9982326
0.0,6.735325e-05
0.0,0.0004298389
0.0,0.6780981
1.0,0.20005834
0.0,0.003463
0.0,0.0008224845
0.0,0.047638327
0.0,0.7165135
1.0,0.8633474
1.0,0.9562607
0.0,0.035018086
0.0,0.16356069
0.0,0.019853473
0.0,0.0670242
0.0,0.0029438734
1.0,0.96846753
0.0,0.0012028813
1.0,0.92347765
0.0,0.47770166
0.0,0.07496455
1.0,0.47457165
0.0,0.0010521114
0.0,0.06707597
0.0,0.00058856606
0.0,0.0018192232
0.0,0.011515617
0.0,0.0011413097
0.0,0.00063440204
0.0,0.017539918
1.0,0.8832669
1.0,0.8611263
0.0,0.000121325254
0.0,0.003416568
1.0,0.99089
0.0,0.00086325407
1.0,0.72142065
0.0,0.037759274
0.0,3.1739473e-05
1.0,0.8568044
0.0,0.13854164
1.0,0.7613835
0.0,0.49375567
1.0,0.23514342
0.0,0.00039806962
0.0,0.004150063
0.0,0.6433768
1.0,0.98349416
0.0,3.71933e-05
0.0,0.009668082
0.0,0.00054854155
0.0,0.8727608
1.0,0.036048293
0.0,0.00020298362
0.0,0.00035998225
1.0,0.98859406
1.0,0.027689576
0.0,0.040091336
1.0,0.5690655
0.0,0.02074954
0.0,0.15977749
1.0,0.8970175
1.0,0.9907462
0.0,0.009271532
1.0,0.97905576
1.0,0.96009946
0.0,0.007685423
0.0,0.0035795867
0.0,0.0053687096
1.0,0.0025393367
0.0,1.7434359e-05
0.0,0.0007761419
0.0,0.0020334125
1.0,0.9931975
1.0,0.6201756
0.0,0.00319165
1.0,0.34155804
1.0,0.0014481544
0.0,0.01619932
1.0,0.867765
0.0,0.0017043054
1.0,0.9334497
0.0,0.013014078
1.0,0.7161939
0.0,0.0029880106
0.0,0.0004709959
1.0,0.3165478
0.0,0.00066646934
1.0,0.941521
0.0,0.019175142
0.0,0.0023765564
0.0,0.0007981956
1.0,0.5125744
0.0,0.12632641
1.0,0.25464767
0.0,0.0012600124
1.0,0.7308358
1.0,0.44386885
0.0,0.00012007356
1.0,0.97664464
1.0,0.93895304
1.0,0.15227383
1.0,0.901016
0.0,0.0026851594
0.0,0.00152421
0.0,0.70525277
1.0,0.90603006
1.0,0.30057985
0.0,0.0029270947
0.0,0.0018660128
0.0,0.029335737
1.0,0.91376317
0.0,0.76049423
1.0,0.0008687079
1.0,0.99547803
0.0,0.0044287145
0.0,0.0014775097
1.0,0.94932574
0.0,0.54949105
1.0,0.9656047
0.0,0.5728089
0.0,0.014753401
0.0,0.0025011897
1.0,0.054172993
0.0,0.05639258
1.0,0.98039794
0.0,0.0037631392
1.0,0.12009269
0.0,0.5367302
0.0,0.10379857
1.0,0.042142272
1.0,0.55805165
1.0,0.27089304
1.0,0.97933066
0.0,0.0035659373
0.0,0.00386554
0.0,0.79633045
0.0,6.017089e-05
1.0,0.9121586
1.0,0.07544777
0.0,4.7177076e-05
0.0,0.0009352565
0.0,0.00013178587
1.0,0.6297379
0.0,0.0005556345
0.0,0.00254485
0.0,0.0073896945
0.0,0.25672203
0.0,0.00448969
0.0,0.14805138
1.0,0.93494534
0.0,0.29587913
1.0,0.03693989
0.0,0.0033725202
0.0,0.122721374
1.0,0.7172954
1.0,0.78344905
1.0,0.94459534
0.0,0.015032977
0.0,0.007954568
1.0,0.0699344
0.0,0.00035962462
0.0,0.011604935
0.0,0.13638097
1.0,0.8493414
0.0,0.004909098
0.0,0.0052381754
1.0,0.993675
0.0,0.018466592
1.0,0.99175435
1.0,0.9027684
1.0,0.9731707
0.0,0.0030547976
1.0,0.96353674
1.0,0.6539134
0.0,0.018967748
1.0,0.2162292
0.0,0.0015253127
0.0,0.09466645
0.0,0.016347677
0.0,0.0005362928
1.0,0.77386415
1.0,0.786225
1.0,0.996789
1.0,0.8577931
1.0,0.9729084
0.0,0.47023466
0.0,0.94478
1.0,0.9958142
0.0,0.002575457
1.0,0.16802987
1.0,0.9966952
0.0,0.018770158
1.0,0.09145674
1.0,0.06630486
0.0,0.0004503429
0.0,0.0023330748
0.0,0.00066256523
0.0,0.0009187758
1.0,0.4836869
1.0,0.97924817
0.0,0.0017578006
0.0,0.00048813224
1.0,0.003434658
1.0,0.50834984
1.0,0.039172947
0.0,0.003170848
1.0,0.83832705
1.0,0.35359496
0.0,0.005807221
0.0,0.009737194
1.0,0.82897043
1.0,0.9915332
0.0,0.0880343
1.0,0.27402753
0.0,0.0108219385
0.0,0.033927917
1.0,0.97059596
0.0,0.47076142
1.0,0.9787141
0.0,0.36863267
0.0,0.022993207
0.0,0.059608847
1.0,0.96561944
1.0,0.08345264
0.0,0.001714468
0.0,0.003102094
1.0,0.56196046
0.0,0.002940774
1.0,0.9793873
1.0,0.4832643
1.0,0.57906175
0.0,0.0075369775
0.0,0.931992
0.0,0.22692183
0.0,0.0006983876
0.0,0.00017976761
1.0,0.9998162
0.0,0.19830602
0.0,0.004168749
1.0,0.9539175
0.0,8.356571e-05
1.0,0.01301524
1.0,0.608707
0.0,0.003931582
0.0,0.1369487
0.0,0.66413635
0.0,0.00083616376
0.0,1.4275312e-05
0.0,0.00055226684
0.0,0.00040352345
0.0,0.87290883
1.0,0.60008645
1.0,0.9185921
0.0,0.28355134
0.0,0.26843202
0.0,0.0026186109
0.0,0.0021634698
0.0,0.0022625625
1.0,0.00095900893
0.0,0.0024948716
0.0,3.2246113e-05
1.0,0.99952173
1.0,0.069484204
0.0,0.00213179
0.0,0.89237934
0.0,3.4809113e-05
0.0,0.006498188
0.0,0.00030696392
0.0,0.014187783
1.0,0.6522379
1.0,0.7841119
1.0,0.87608707
0.0,9.0777874e-05
1.0,0.50175303
1.0,0.96961355
0.0,0.019167006
0.0,5.415082e-05
1.0,0.30290586
1.0,0.12236184
1.0,0.7698673
1.0,0.7516875
1.0,0.22310752
0.0,0.040267438
0.0,0.2317661
1.0,0.111343354
0.0,0.00048822165
1.0,0.7123554
0.0,0.00063458085
1.0,0.47712404
0.0,0.0029285252
0.0,0.29849643
0.0,0.00096824765
0.0,0.0063257515
0.0,0.06557581
0.0,3.1501055e-05
0.0,0.0003543198
0.0,0.008482188
0.0,0.9487562
0.0,0.00017338991
0.0,0.0003155768
1.0,0.9034494
1.0,0.38823283
1.0,0.9571786
0.0,0.9404005
0.0,0.195409
0.0,0.6314659
0.0,0.0042086244
1.0,0.98464787
1.0,0.12393057
1.0,0.91138846
1.0,0.92773426
0.0,0.5718549
0.0,0.000829041
0.0,0.00047415495
1.0,0.4045136
0.0,0.00082448125
1.0,0.00073730946
1.0,0.96772385
0.0,0.14833534
0.0,0.00038570166
0.0,0.004412025
0.0,0.17860499
1.0,0.7398134
1.0,0.8836756
0.0,0.0028129816
1.0,0.94505024
1.0,0.60540843
0.0,0.8602847
0.0,0.0053502917
1.0,0.7673813
0.0,0.00075668097
0.0,0.010272175
0.0,0.000767231
0.0,0.43176773
0.0,0.00058045983
1.0,0.2850678
0.0,0.037856102
0.0,0.70570415
1.0,0.9910873
1.0,0.95118976
0.0,0.1722351
0.0,0.71157044
1.0,0.7341389
0.0,0.014891207
0.0,2.1666288e-05
1.0,0.42570496
0.0,0.011022806
0.0,0.0075303316
0.0,0.0026715696
1.0,0.9930476
0.0,0.010559469
1.0,0.8877866
1.0,0.8375466
1.0,0.99909437
0.0,0.00087979436
1.0,0.70353824
0.0,0.001390338
1.0,0.95544827
0.0,0.009458929
1.0,0.98363864
0.0,0.0066249967
0.0,0.0030598342
1.0,0.95911264
0.0,0.0006583631
0.0,0.000695765
1.0,0.6569871
1.0,0.87338066
1.0,0.05658248
1.0,0.54179
1.0,0.0057145357
1.0,0.9627907
1.0,0.6486379
0.0,0.00088346004
1.0,0.051418185
1.0,0.9783494
0.0,0.009576321
0.0,0.0008126497
0.0,0.00018399954
1.0,0.5809238
0.0,0.0022808313
0.0,0.1528728
0.0,0.06121987
1.0,0.8038741
0.0,0.006947845
0.0,0.01786995
1.0,0.2512415
1.0,0.9254619
1.0,0.8395883
1.0,0.0043284297
0.0,0.9902483
0.0,0.0066106915
0.0,0.0015721321
0.0,0.009296119
0.0,0.00027239323
0.0,0.08523968
0.0,0.004180014
1.0,0.027004123
1.0,0.93204415
0.0,0.0058095753
1.0,0.6585096
0.0,0.00048586726
0.0,0.00809738
1.0,0.98684675
0.0,0.0015583336
0.0,0.8560916
0.0,0.00069636106
0.0,0.43853152
0.0,0.003979832
0.0,0.007984936
0.0,0.917881
1.0,0.68190193
0.0,0.018454492
0.0,0.2559387
1.0,0.8815279
0.0,5.1885843e-05
1.0,0.5397877
0.0,0.0024450421
0.0,0.00019791722
0.0,0.0008225441
0.0,0.034252852
0.0,0.0001373887
0.0,0.00067281723
0.0,0.004176438
0.0,0.03635913
0.0,0.5988418
1.0,0.17083743
0.0,0.032794237
1.0,0.92659485
0.0,0.09937164
1.0,0.00670895
0.0,0.004963726
0.0,0.00026530027
0.0,0.033279955
1.0,0.9624766
1.0,0.017445534
1.0,0.13391027
0.0,0.0015248358
0.0,0.89032453
1.0,0.60976326
0.0,0.022820473
0.0,0.10228589
1.0,0.6564506
0.0,0.0022525191
1.0,0.95335966
1.0,0.06326923
0.0,7.632375e-05
1.0,0.17832154
0.0,0.03626299
1.0,0.18260893
0.0,0.035638005
1.0,0.9951577
0.0,5.3942204e-05
0.0,0.9864166
0.0,0.003624022
0.0,0.013271689
0.0,0.00025570393
0.0,0.006661415
0.0,0.009955972
1.0,0.9126227
0.0,0.0028792024
0.0,1.296401e-05
0.0,4.8577785e-06
0.0,0.21671599
0.0,0.12671942
1.0,0.34644648
0.0,0.16011927
0.0,0.05813253
1.0,0.48173738
0.0,0.026974082
1.0,0.9636178
0.0,0.44840103
1.0,0.35593492
1.0,0.98599714
0.0,0.0001489222
1.0,0.9960321
0.0,0.24913147
0.0,0.0012954473
0.0,0.0026319325
0.0,0.032714754
1.0,0.007077664
1.0,0.9868549
0.0,0.0051978827
0.0,0.0056144
1.0,0.995306
0.0,0.009229749
1.0,0.4534298
1.0,0.006015271
1.0,0.5333284
0.0,0.001675427
1.0,0.5435654
0.0,0.0027206242
1.0,0.8439326
1.0,0.006869495
0.0,0.11962503
0.0,0.38060004
0.0,0.009897739
0.0,0.09790084
1.0,0.95301664
1.0,0.8122832
1.0,0.9931144
0.0,0.00473395
0.0,8.606911e-05
1.0,0.96939117
0.0,0.9835112
0.0,1.1175871e-05
0.0,0.0027531683
1.0,0.3191741
0.0,0.20160699
0.0,0.0012684166
0.0,0.04857248
0.0,0.049230456
1.0,0.67382437
1.0,0.99308395
0.0,0.04830715
0.0,0.0028055012
0.0,0.0004801154
1.0,0.99868035
0.0,0.009119928
0.0,0.460851
1.0,0.7212397
0.0,0.00036233664
0.0,0.77903974
1.0,0.889668
0.0,0.010493249
1.0,0.08071664
1.0,0.16128519
0.0,0.0044212043
0.0,0.00136289
0.0,0.0005686283
0.0,0.00043687224
1.0,0.9900569
1.0,0.9970826
1.0,0.96480024
1.0,0.15775889
0.0,0.841753
0.0,0.012653798
1.0,0.842252
1.0,0.98494387
0.0,0.08647105
0.0,0.0035809577
1.0,0.3979922
0.0,0.0011960268
1.0,0.8418509
0.0,0.00050511956
0.0,0.028547317
1.0,0.9576986
0.0,0.003582269
0.0,0.00037154555
0.0,0.0024392903
0.0,0.011574507
0.0,0.6524792
1.0,0.2866903
0.0,0.0015640855
1.0,0.99400604
0.0,0.09181565
1.0,0.8107957
0.0,0.011677235
1.0,0.6285307
1.0,0.9677395
1.0,0.99826396
0.0,0.7974551
0.0,0.0008216202
1.0,0.046545357
0.0,0.0037202835
0.0,0.00650236
1.0,0.95324457
1.0,0.2830564
0.0,0.01427415
1.0,0.8161808
1.0,0.98174465
0.0,0.89006835
0.0,0.0008841157
0.0,0.6668798
0.0,0.00026226044
0.0,0.00011086464
0.0,0.75232434
1.0,0.9717399
1.0,0.97727334
1.0,0.885881
0.0,1.9013882e-05
0.0,0.00023791194
0.0,0.00036528707
0.0,0.0013163984
0.0,0.0023098886
0.0,0.0031199455
1.0,0.9607539
1.0,0.93752146
1.0,0.32958248
0.0,0.016112387
0.0,0.0064460635
1.0,0.9725646
0.0,0.14976451
0.0,0.05632353
1.0,0.93239963
0.0,0.67122257
0.0,0.6252185
1.0,0.9397578
0.0,0.0069245696
1.0,0.12790969
1.0,0.6971313
0.0,0.84751666
0.0,0.00073710084
1.0,0.9995655
0.0,0.0002731681
0.0,0.12431759
1.0,0.39493793
1.0,0.8839751
1.0,0.53719944
1.0,0.96527904
0.0,0.9561372
0.0,0.004864335
0.0,0.0007995665
1.0,0.7618177
0.0,0.9938928
1.0,0.48407224
0.0,0.4882331
1.0,0.93702424
1.0,0.47683147
0.0,0.018639296
0.0,0.0044660866
0.0,1.1593103e-05
0.0,0.066652834
0.0,0.001502037
0.0,0.000792861
1.0,0.1774508
1.0,0.080815345
0.0,0.7078446
1.0,0.9404784
1.0,0.032526553
0.0,7.036328e-05
0.0,0.09100667
1.0,0.7756467
1.0,0.004912704
0.0,0.0004504025
0.0,0.058023483
0.0,0.00049450994
0.0,0.009111315
1.0,0.55493623
1.0,0.96552014
0.0,0.004576564
0.0,0.0001193881
0.0,0.0053298175
0.0,0.009769499
0.0,0.001050055
0.0,0.006648481
0.0,0.77841544
0.0,0.041591287
0.0,0.003013879
0.0,0.006560743
0.0,0.015572518
1.0,0.97682154
1.0,0.92578065
0.0,0.00011625886
0.0,0.0022854805
0.0,2.3514032e-05
0.0,0.0010377467
0.0,0.02177912
0.0,0.046988904
0.0,0.0011501908
0.0,0.64281243
1.0,0.912051
1.0,0.9988769
1.0,0.79845315
1.0,0.8035208
1.0,0.98365796
0.0,0.6616587
0.0,0.020769984
0.0,0.0041533113
0.0,0.015502185
1.0,0.45541877
0.0,0.0015363097
1.0,0.9431864
0.0,0.0021090508
0.0,0.7417875
0.0,0.7973202
0.0,0.011278421
0.0,0.0037335157
0.0,0.109437495
0.0,0.018317461
0.0,0.00086170435
1.0,0.74981797
1.0,0.48741794
0.0,0.093027204
0.0,0.069429696
0.0,0.00079348683
0.0,0.00046482682
1.0,0.97569317
0.0,0.001116991
1.0,0.056155086
0.0,0.0028471053
1.0,0.59572864
0.0,0.00035738945
0.0,0.033439577
1.0,0.86028516
0.0,1.9580126e-05
1.0,0.9924699
0.0,0.006670922
0.0,0.061469197
0.0,0.3465004
0.0,0.00045871735
0.0,0.0006338656
1.0,0.9051913
1.0,0.9898962
0.0,0.1705536
0.0,0.0022159815
0.0,0.0014028847
0.0,0.095333785
1.0,0.6689747
0.0,0.51793605
1.0,0.08411017
1.0,0.60024226
0.0,0.48055497
0.0,0.0045358837
0.0,0.011108816
0.0,0.027025342
0.0,0.0053590834
0.0,0.0056898296
0.0,0.005386889
0.0,0.48150378
0.0,0.31428003
1.0,0.8937374
0.0,0.9931843
0.0,0.0035910606
1.0,0.745519
0.0,0.010097504
0.0,0.009360492
0.0,0.00032940507
0.0,0.006059736
1.0,0.0054304004
1.0,0.9774017
1.0,0.9720335
0.0,0.0013794303
0.0,0.001304537
0.0,0.0035991073
0.0,0.29192454
0.0,0.07262507
0.0,0.7010282
1.0,0.9958128
1.0,0.9910691
1.0,0.68356746
0.0,0.00827986
1.0,0.9923341
1.0,0.4331051
0.0,0.0016667843
1.0,0.7554084
0.0,0.0036433637
0.0,0.0016141236
0.0,0.20131561
1.0,0.98439145
1.0,0.9178598
1.0,0.476456
0.0,0.9233738
0.0,0.03179878
0.0,0.0010742247
1.0,0.9595016
1.0,0.9548157
1.0,0.97485816
1.0,0.85974145
0.0,0.003671378
0.0,0.00078454614
0.0,0.0011687875
0.0,0.19115704
1.0,0.8924079
0.0,0.0007676184
0.0,0.02865088
0.0,0.024729699
1.0,0.2428604
0.0,0.035891294
0.0,0.03786561
0.0,0.09308857
0.0,0.6316217
0.0,0.00436309
0.0,0.0019913912
0.0,0.0009968877
0.0,0.02007243
0.0,0.0003542304
1.0,0.97202855
1.0,0.1463866
0.0,0.6092485
0.0,0.829643
0.0,0.05589983
1.0,0.71235126
0.0,0.0012360513
0.0,0.008540094
0.0,0.15233627
0.0,0.0001795888
1.0,0.79270625
0.0,0.0013763607
0.0,0.036837548
1.0,0.46463197
1.0,0.6814747
1.0,0.94852436
0.0,0.0016176403
0.0,0.04433143
1.0,0.9319682
1.0,0.9822693
1.0,0.9522605
0.0,0.86038977
0.0,0.073471814
0.0,0.0006106198
1.0,0.0032122731
1.0,0.9904592
0.0,0.0009420514
0.0,0.7417964
1.0,0.70397455
1.0,0.95984256
0.0,0.0013387203
1.0,0.8336479
1.0,0.26941907
0.0,0.0017046928
1.0,0.075485766
0.0,0.0013878644
0.0,0.00076279044
0.0,0.93790984
0.0,0.0013300776
1.0,0.53531426
0.0,0.0910956
1.0,0.76021385
1.0,0.7853552
1.0,0.59369487
0.0,0.00018930435
0.0,0.31170025
1.0,0.3197843
0.0,1.347065e-05
1.0,0.4476256
1.0,0.95698315
0.0,0.98552394
0.0,0.017300218
1.0,0.15641373
1.0,0.99853575
0.0,0.00054588914
1.0,0.62914747
1.0,0.40548012
1.0,0.8466081
1.0,0.99575233
1.0,0.6875498
1.0,0.99333227
0.0,0.0044540465
0.0,0.7708703
0.0,0.007632971
1.0,0.93436027
1.0,0.40583697
0.0,0.029230535
0.0,0.008282095
1.0,0.09167871
0.0,0.001662612
1.0,0.98957634
0.0,0.2332994
1.0,0.73569775
1.0,0.97080433
0.0,0.15553391
1.0,0.15589276
0.0,0.03314063
1.0,0.995124
1.0,0.7240869
1.0,0.1516982
0.0,0.0016357005
0.0,0.0025176704
1.0,0.85322905
0.0,0.011984915
1.0,0.9814298
0.0,0.00056925416
0.0,0.18996486
0.0,0.047174245
0.0,0.012522548
0.0,2.6792288e-05
0.0,0.41478908
0.0,0.19409302
1.0,0.9532395
1.0,0.06936079
0.0,0.00080293417
1.0,0.9974961
1.0,0.40294135
0.0,0.91421866
0.0,0.4717701
0.0,0.0051646233
0.0,0.0004055798
0.0,0.005366504
0.0,0.013446093
1.0,0.056153834
1.0,0.9957427
0.0,0.0007381737
0.0,0.0009159744
0.0,0.6230793
0.0,0.92335486
0.0,0.09125435
1.0,0.91388845
0.0,0.04460588
0.0,0.061035365
1.0,0.76301956
1.0,0.9063854
0.0,0.003978759
0.0,0.07706845
0.0,0.002125889
1.0,0.95030856
1.0,0.6992495
0.0,0.011431694
0.0,0.005908102
0.0,0.00089496374
0.0,0.048219442
0.0,0.00042012334
1.0,0.8940053
1.0,0.81368387
1.0,0.18208373
0.0,2.0235777e-05
1.0,0.4059969
0.0,0.50758463
1.0,0.9979727
1.0,0.5128775
0.0,0.0010195076
0.0,1.579523e-05
0.0,0.0002632141
0.0,0.47243902
0.0,0.79563046
1.0,0.9975083
0.0,0.47581112
0.0,0.3856191
0.0,0.0007869005
0.0,1.7851591e-05
0.0,0.0065243244
0.0,0.28525123
0.0,0.16775218
1.0,0.6876338
1.0,0.9781012
0.0,0.000106841326
0.0,0.13202149
0.0,0.5224891
0.0,0.00080272555
1.0,0.97229946
0.0,0.0030049384
0.0,0.11641264
1.0,0.7905773
0.0,0.56485945
0.0,0.0010181069
0.0,0.018443674
0.0,0.0006338954
1.0,0.9820368
1.0,0.877941
0.0,0.0018076897
1.0,0.019891858
1.0,0.9575691
1.0,0.9494799
0.0,0.07258466
0.0,0.16824573
1.0,0.8738078
1.0,0.95482934
0.0,0.0007966459
1.0,0.9784113
0.0,0.00058338046
1.0,0.8703168
1.0,0.7812434
1.0,0.82694906
0.0,0.0026096404
1.0,0.4578548
1.0,0.18757585
0.0,0.0054720044
0.0,0.006393105
0.0,0.986118
0.0,0.0076218843
0.0,0.0047792196
0.0,0.00027894974
1.0,0.98798203
0.0,0.11339903
0.0,0.049278557
0.0,0.11089268
0.0,0.00096562505
0.0,0.0049573183
0.0,0.0006798506
1.0,0.67992955
0.0,0.007053554
0.0,0.0024046302
0.0,0.2556997
1.0,0.85717595
1.0,0.784954
1.0,0.96026117
1.0,0.957119
0.0,0.0019181967
0.0,0.0106472075
0.0,0.009583205
0.0,0.0054778457
0.0,0.86004215
0.0,0.002224803
1.0,0.6846005
0.0,0.3352654
1.0,0.175645
1.0,0.0013603866
1.0,0.8111627
0.0,0.0033639073
0.0,0.00084775686
0.0,2.387166e-05
0.0,0.0006556511
1.0,0.53920853
1.0,0.8930979
1.0,0.17236945
1.0,0.8485732
1.0,0.99850976
0.0,0.0030530393
0.0,0.004640013
0.0,0.8902132
0.0,0.00056162477
1.0,0.9472139
0.0,0.00072824955
0.0,0.90638256
1.0,0.9921979
1.0,0.23272768
0.0,0.0005734861
0.0,0.15879172
0.0,0.030250609
0.0,0.12133348
1.0,0.6445354
0.0,0.996032
0.0,0.14959091
1.0,0.99674034
0.0,0.016394168
1.0,0.9647327
1.0,0.99475515
0.0,3.2544136e-05
0.0,0.6709213
0.0,0.00038668513
0.0,0.001254946
1.0,0.5296464
0.0,0.007755518
0.0,0.022940367
0.0,0.53921837
0.0,8.589029e-05
1.0,0.9809121
1.0,0.36356044
1.0,0.93137
1.0,0.61520976
0.0,0.21965441
0.0,0.006739676
1.0,0.79319406
0.0,0.004601419
1.0,0.09890461
0.0,0.0042940974
1.0,0.9911456
1.0,0.97917414
0.0,0.32484812
0.0,0.070174575
0.0,0.3534873
0.0,0.001847446
0.0,0.0013054311
0.0,0.0038070679
1.0,0.96762764
0.0,0.0012270212
0.0,0.015546471
0.0,0.012942761
0.0,0.060685128
0.0,0.0020590127
0.0,0.00010487437
0.0,0.06525752
0.0,0.0005788207
0.0,2.0354986e-05
0.0,0.0014751554
0.0,0.02617988
0.0,0.0030975044
1.0,0.5848792
0.0,0.21994203
1.0,0.9438578
0.0,0.0007175505
0.0,0.00042566657
1.0,0.5818607
0.0,0.0016451776
1.0,0.97304237
0.0,0.21958545
1.0,0.9912174
0.0,0.47892323
0.0,0.0020403862
1.0,0.7515291
1.0,0.37418503
0.0,0.0005713105
0.0,0.0026096106
0.0,0.0003450215
0.0,0.0004926324
0.0,9.1820955e-05
0.0,0.7351528
1.0,0.97446585
1.0,0.6969068
0.0,0.002037555
0.0,0.0028422773
1.0,0.34025645
1.0,0.8820106
1.0,0.78154933
0.0,3.477931e-05
1.0,0.011805534
0.0,0.13134757
1.0,0.2433379
0.0,0.00014168024
1.0,0.7882686
0.0,0.0054368973
0.0,0.078072846
0.0,0.06697166
0.0,0.6285216
1.0,0.8395149
0.0,0.010603249
0.0,0.032386184
1.0,0.98448044
0.0,0.00014275312
0.0,0.71044713
0.0,0.09883705
1.0,0.97746944
0.0,0.050763845
0.0,0.0025424957
0.0,0.99265814
1.0,0.88217294
0.0,0.00014451146
0.0,0.80427086
0.0,0.005697131
1.0,0.36117995
0.0,0.0038769841
1.0,0.96881485
0.0,0.18807477
1.0,0.827922
1.0,0.9953823
0.0,0.9081975
1.0,0.98222685
1.0,0.9869481
0.0,0.00045850873
0.0,0.50168127
0.0,0.030994534
1.0,0.99441254
0.0,0.014681071
1.0,0.7280297
1.0,0.22629896
0.0,0.0058891177
1.0,0.9347744
0.0,0.560858
1.0,0.19662619
0.0,0.51049024
1.0,0.5313462
0.0,0.66838896
1.0,0.011398613
0.0,0.41184735
0.0,0.0008561313
0.0,0.00017434359
0.0,0.0016907156
0.0,0.0020697117
0.0,0.000116974115
0.0,0.00012230873
0.0,0.018586367
0.0,0.024587452
0.0,0.59232295
0.0,0.109366864
0.0,0.0009045601
1.0,0.956591
1.0,0.41314396
0.0,0.8239387
1.0,0.008393019
0.0,0.00040388107
0.0,0.13089466
0.0,0.4106141
0.0,0.0060582757
0.0,0.015609711
0.0,0.15313569
1.0,0.84281176
0.0,3.552437e-05
0.0,0.0023253858
1.0,0.0011169016
0.0,0.00035136938
1.0,0.89894795
0.0,0.0034992099
0.0,0.022384912
1.0,0.033051312
0.0,0.0025197268
1.0,0.9546277
0.0,0.0006814599
0.0,1.3113022e-05
0.0,0.0003093481
1.0,0.9882672
0.0,0.0068989694
1.0,0.5486091
1.0,0.8756752
0.0,0.9899504
0.0,2.3245811e-05
1.0,0.0022218525
0.0,0.00394696
0.0,0.037320673
0.0,0.5428036
0.0,0.00018793344
0.0,0.77716887
0.0,0.98712
1.0,0.017187059
0.0,0.010555625
1.0,0.7158631
0.0,0.00019726157
0.0,0.00021126866
0.0,0.0008608401
1.0,0.7323121
1.0,0.96053386
0.0,0.23241091
0.0,0.103346765
0.0,0.0005697012
0.0,0.04050666
0.0,0.0061208904
0.0,0.0017665625
0.0,4.3272972e-05
1.0,0.015905827
1.0,0.9893081
0.0,0.0010834634
0.0,0.9109824
1.0,0.628067
0.0,0.00014013052
1.0,0.9211403
0.0,0.00046741962
0.0,0.003568232
1.0,0.9707242
0.0,0.39350295
1.0,0.73075163
1.0,0.9717201
1.0,0.97062904
0.0,0.15364975
0.0,0.0013252199
0.0,0.34189272
1.0,0.88328004
0.0,0.08384836
1.0,0.98158133
0.0,0.0026719868
0.0,0.0023012161
0.0,0.035678923
1.0,0.7845075
0.0,0.001516074
0.0,0.015551001
0.0,0.10206962
1.0,0.00672549
1.0,0.9945873
0.0,0.058487654
0.0,0.0008569956
1.0,0.99333346
1.0,0.96889865
1.0,0.59594816
1.0,0.021957278
0.0,0.00050473213
1.0,0.9402517
0.0,0.011888444
0.0,0.0033868253
0.0,0.0008571148
1.0,0.7830701
0.0,0.005303234
0.0,0.019057304
0.0,7.170439e-05
1.0,0.6903339
0.0,0.26255184
1.0,0.9858006
1.0,0.9903297
0.0,0.010659814
1.0,0.6714838
0.0,0.0011638403
1.0,0.7878583
0.0,0.42378733
0.0,0.0029746294
0.0,0.0038553476
0.0,0.02191472
1.0,0.9823449
0.0,0.011179566
0.0,0.015641302
0.0,0.21292248
1.0,0.9990327
1.0,0.76465046
0.0,0.0011841357
1.0,0.96416104
1.0,0.96700287
1.0,0.997035
1.0,0.09858066
0.0,0.07864958
1.0,0.5823307
0.0,0.027722657
0.0,0.46961078
1.0,0.4877413
0.0,0.006130755
0.0,0.0069773197
0.0,0.016837656
1.0,0.23720679
0.0,0.2783069
0.0,0.08360165
1.0,0.8172085
0.0,0.000892967
1.0,0.6757094
0.0,0.0029529035
0.0,0.569924
1.0,0.7859395
1.0,0.95485616
0.0,0.0011454225
1.0,0.9138685
1.0,0.92154074
0.0,0.30639684
0.0,0.3377961
1.0,0.41727066
0.0,0.013965964
1.0,0.99507236
0.0,0.0077044666
0.0,0.0020939112
1.0,0.2268765
1.0,0.948491
0.0,0.021790415
1.0,0.6209245
0.0,0.07525113
0.0,0.0050444603
1.0,0.98241276
0.0,0.0010307431
0.0,0.037756115
0.0,0.008194923
1.0,0.51189566
0.0,0.016817927
0.0,0.00012373924
1.0,0.7030451
1.0,0.88068205
0.0,0.0017245114
0.0,0.36033145
0.0,0.0003926456
1.0,0.01576975
0.0,0.41141996
0.0,0.00084769726
0.0,0.011642277
0.0,0.000898391
0.0,0.0010472834
1.0,0.07833856
0.0,0.08181018
0.0,0.00012764335
0.0,0.03089264
1.0,0.9520103
1.0,0.99675065
1.0,0.70250654
0.0,0.74436986
0.0,0.005025536
0.0,0.99026287
1.0,0.9880349
0.0,0.013472378
1.0,0.905655
0.0,0.0004068017
1.0,0.9842591
0.0,0.014703661
1.0,0.8480307
0.0,0.78092813
1.0,0.2947381
0.0,0.029090375
0.0,0.029739648
1.0,0.124282986
1.0,0.930403
1.0,0.93498933
0.0,0.071011424
1.0,0.8814204
1.0,0.27578187
1.0,0.19334304
0.0,0.00035989285
1.0,0.70836526
0.0,0.011832744
0.0,0.93245614
1.0,0.681458
0.0,0.28519526
0.0,0.0014835596
0.0,0.00634557
0.0,0.012548506
0.0,0.07709193
1.0,0.85614306
1.0,0.8970957
0.0,0.19625801
0.0,0.8306705
0.0,0.0036386847
1.0,0.9940107
0.0,0.590919
0.0,0.06600925
0.0,0.0006265938
0.0,0.00039467216
0.0,0.005537331
0.0,0.7500449
1.0,0.96393514
1.0,0.9944422
1.0,0.08404094
0.0,0.31446922
0.0,0.0012627542
0.0,0.00095528364
0.0,0.0054220557
0.0,0.0068510175
1.0,0.9771006
0.0,0.010608077
0.0,0.32169265
1.0,0.9954505
0.0,0.09012377
1.0,0.018776655
1.0,0.19878086
0.0,0.09988508
0.0,0.00062048435
0.0,0.028799266
1.0,0.81213504
0.0,0.030827135
0.0,0.002933234
1.0,0.96982646
1.0,0.45996782
0.0,0.00042691827
0.0,0.19121951
0.0,0.058853358
0.0,0.0006301999
0.0,0.001969397
1.0,0.16589999
1.0,0.84740746
0.0,0.0017563105
0.0,0.00019165874
0.0,0.6178034
0.0,0.15388325
1.0,0.88311064
0.0,0.0017008781
1.0,0.9945124
0.0,0.008631378
1.0,0.9908098
0.0,0.00021100044
1.0,0.97122025
1.0,0.3096473
0.0,0.008740723
0.0,0.030224442
0.0,0.0005323887
0.0,0.001975119
1.0,0.33548462
1.0,0.0006162524
1.0,0.057015866
1.0,0.08911723
1.0,0.1619775
0.0,0.00020098686
1.0,0.7410602
1.0,0.67254233
0.0,0.003291279
0.0,0.0070040524
0.0,0.0053566396
1.0,0.7806262
1.0,0.97555774
0.0,0.9306724
0.0,0.00088366866
1.0,0.83917975
0.0,0.0003732741
0.0,0.001921773
1.0,0.9919436
0.0,0.3483325
0.0,0.006174773
1.0,0.13471189
1.0,0.8720083
0.0,0.001309365
0.0,0.012541056
0.0,0.0136500895
1.0,0.9712008
1.0,0.9846177
0.0,0.8459859
0.0,0.044416428
1.0,0.9553143
1.0,0.25717777
0.0,0.0008350909
0.0,0.043043256
0.0,0.025530875
1.0,0.21924165
1.0,0.3916366
0.0,0.00447464
0.0,0.1430448
1.0,0.94075334
0.0,0.0064533055
0.0,0.0026697516
0.0,0.015017062
0.0,0.7757324
1.0,0.8014401
0.0,0.8067471
0.0,0.0031577945
0.0,0.79981685
0.0,0.44765487
0.0,0.007444173
1.0,0.6474897
1.0,0.4551056
0.0,0.069356024
1.0,0.9883995
0.0,0.021320641
1.0,0.94481987
1.0,0.0028653443
1.0,0.9543903
0.0,0.00062325597
0.0,0.7093457
0.0,0.001952976
1.0,0.99507844
0.0,0.0050162077
1.0,0.96159077
0.0,0.015676558
0.0,0.0008395016
1.0,0.047506362
1.0,0.9938449
0.0,0.00011733174
1.0,0.48849475
0.0,0.0030725002
1.0,0.82022405
0.0,6.0737133e-05
1.0,0.43691158
1.0,0.09168565
0.0,0.003947407
0.0,0.007134557
0.0,0.00066429377
0.0,0.0005916357
0.0,0.0015033484
0.0,0.63738006
0.0,0.014378101
0.0,0.006060928
0.0,0.9850079
0.0,0.00076556206
1.0,0.85324705
0.0,0.075413465
0.0,0.16828987
1.0,0.99728376
0.0,0.073982716
1.0,0.9975256
0.0,0.002195716
1.0,0.99003124
0.0,0.00047516823
0.0,0.020778209
1.0,0.99798954
0.0,0.008411974
0.0,0.00067323446
0.0,0.00074213743
1.0,0.954623
1.0,0.42580956
0.0,0.001727581
1.0,0.81438464
1.0,0.33727628
1.0,0.99450684
0.0,0.19942647
1.0,0.12751591
1.0,0.8938157
0.0,0.45491052
1.0,0.14812174
1.0,0.18959054
0.0,0.010359943
0.0,6.0737133e-05
0.0,0.018612355
0.0,0.0032936633
0.0,0.0039824843
0.0,0.0010581911
0.0,0.0020275712
0.0,0.00010958314
1.0,0.9484607
0.0,0.062412232
0.0,0.00045704842
0.0,0.003899604
0.0,0.012283653
1.0,0.8242026
0.0,0.00039461255
1.0,0.74353254
0.0,0.53181845
0.0,0.00092822313
1.0,0.7236175
1.0,0.5531393
0.0,0.24052247
0.0,0.013291478
1.0,0.9284558
0.0,0.9413567
0.0,0.0028671026
1.0,0.7652047
1.0,0.20569792
1.0,0.29378533
1.0,0.87596405
0.0,0.017395198
0.0,8.204579e-05
1.0,0.326876
0.0,0.002059579
0.0,9.679794e-05
1.0,0.9864458
1.0,0.78450143
1.0,0.9171343
0.0,0.0006351471
1.0,0.18485525
1.0,0.8820647
1.0,0.88663787
0.0,0.0012821257
0.0,0.00046163797
1.0,0.15579721
0.0,0.0005417168
0.0,0.43836665
0.0,0.0042811334
1.0,0.96227324
0.0,0.0015625358
0.0,0.015377581
0.0,0.0045585334
0.0,0.559691
0.0,0.12009549
0.0,9.7334385e-05
0.0,0.82355535
1.0,0.99110055
0.0,0.0038017929
1.0,0.6251631
0.0,0.000113517046
0.0,0.07266387
0.0,0.6544055
1.0,0.0017625988
0.0,0.3733027
0.0,0.00035569072
0.0,0.0004310012
0.0,0.031784505
0.0,0.039404124
1.0,0.9821481
0.0,0.35943133
1.0,0.7924824
0.0,0.007823318
0.0,0.0017629862
0.0,0.0018166006
0.0,0.3275193
0.0,0.014895856
0.0,0.31168354
0.0,0.013445526
0.0,0.0021991432
1.0,0.7976976
0.0,0.0030166805
1.0,0.44188052
1.0,0.6254698
0.0,0.012870848
0.0,0.010597557
1.0,0.94472516
0.0,0.004983008
1.0,0.6976682
1.0,0.9553245
0.0,0.0020993054
1.0,0.67284733
0.0,0.0005222261
1.0,0.924562
0.0,0.011280149
0.0,0.07417375
1.0,0.30081746
0.0,0.75472647
0.0,7.253885e-05
0.0,0.4784536
1.0,0.7485548
1.0,0.991769
0.0,0.00025123358
0.0,0.016952217
1.0,0.23398054
0.0,0.56786466
1.0,0.015511572
0.0,0.04045409
1.0,0.12928754
0.0,0.21977559
0.0,0.0007580519
0.0,0.5806824
0.0,0.0022899508
0.0,0.54954934
1.0,0.0028079748
0.0,0.18768623
1.0,0.9108883
0.0,0.001981914
1.0,0.091011286
0.0,0.0007047355
0.0,0.0002322495
0.0,0.002093792
0.0,0.004954338
0.0,0.09475273
0.0,0.0101946
0.0,0.021571994
0.0,0.16587034
1.0,0.8733153
0.0,0.0025873184
0.0,0.0093485415
1.0,0.38537174
1.0,0.23708904
0.0,0.0037936568
0.0,0.00151214
1.0,0.6295627
0.0,0.104148954
1.0,0.0039102137
1.0,0.938599
1.0,0.28294176
1.0,0.6207947
0.0,0.0021771193
0.0,0.0002937615
1.0,0.32162952
0.0,0.1986692
1.0,0.96654785
1.0,0.676983
1.0,0.95942986
0.0,0.029889494
0.0,0.00023457408
0.0,0.014564455
0.0,0.0064284503
1.0,0.6533805
1.0,0.739314
0.0,0.06120488
0.0,0.014591634
0.0,0.015663594
0.0,0.021043122
1.0,0.024341881
1.0,0.42321143
1.0,0.68246347
0.0,0.6065807
1.0,0.12255108
1.0,0.46933195
1.0,0.51534
1.0,0.9700277
0.0,0.32583213
0.0,0.30032802
0.0,0.37617642
0.0,0.0013436377
1.0,0.8398076
1.0,0.99690646
1.0,0.5754121
1.0,0.37945715
0.0,0.1254557
0.0,0.0002821386
0.0,0.006333381
0.0,0.079560995
1.0,0.9200305
0.0,0.009251744
0.0,0.0010004342
0.0,0.14455312
0.0,0.0020322204
1.0,0.6222339
1.0,0.6643488
1.0,0.98094434
0.0,0.0053771734
0.0,0.29842162
1.0,0.65393114
1.0,0.9958744
0.0,0.004679024
1.0,0.91599905
0.0,0.5390889
1.0,0.9797872
1.0,0.9563203
1.0,0.14607418
0.0,0.0042731166
0.0,0.016795188
1.0,0.9718885
0.0,0.04618126
0.0,0.011604637
1.0,0.959352
0.0,0.0059941113
0.0,0.0023826063
0.0,0.017300367
1.0,0.11147547
0.0,0.25780767
0.0,0.12315291
1.0,0.32777825
0.0,0.09370515
0.0,0.005076945
0.0,0.02498886
0.0,0.00769791
1.0,0.77321774
0.0,0.6265698
0.0,0.0017083883
0.0,0.00035241246
1.0,0.2604586
0.0,0.002786696
0.0,1.5556812e-05
1.0,0.720044
0.0,0.09963241
0.0,0.00149405
1.0,0.9881184
1.0,0.38662627
0.0,0.00021448731
1.0,0.050097883
1.0,0.16251916
0.0,0.1891036
0.0,0.40039712
1.0,0.07239854
1.0,0.7881169
0.0,0.0005508363
1.0,0.12011236
1.0,0.10125461
1.0,0.37798393
0.0,0.06100288
1.0,0.04126075
0.0,0.0023319721
1.0,0.6489223
0.0,0.00033435225
1.0,0.9473448
0.0,0.49903312
0.0,0.019750565
1.0,0.7933861
0.0,0.0017367899
1.0,0.86056703
1.0,0.8071438
1.0,0.96111715
1.0,0.43997106
0.0,0.013737202
1.0,0.0033732057
0.0,0.2343331
0.0,0.0007495582
0.0,0.0044545233
0.0,0.0012814105
1.0,0.8761817
0.0,0.001211077
0.0,0.39282912
0.0,0.2786517
0.0,0.14109755
1.0,0.9705915
0.0,0.046567917
0.0,0.0003222227
0.0,0.017377287
0.0,0.334926
1.0,0.5689056
0.0,0.0009395182
1.0,0.854406
1.0,0.98896855
0.0,0.7456496
0.0,0.00014773011
0.0,0.0008109808
1.0,0.98945093
0.0,0.0030060709
1.0,0.0029373765
1.0,0.40240955
1.0,0.9604816
0.0,0.8774544
0.0,0.48254472
0.0,0.00027400255
0.0,0.24999437
0.0,0.0018419325
0.0,0.0008946955
0.0,0.32790226
1.0,0.61246216
0.0,0.028056651
1.0,0.9931108
0.0,0.025095165
1.0,0.88578224
1.0,0.7835232
1.0,0.4689879
1.0,0.93114257
0.0,0.31913874
0.0,0.9334066
0.0,0.030276269
1.0,0.3722665
1.0,0.7180883
0.0,0.004358381
1.0,0.18395314
1.0,0.65581566
1.0,0.92728364
1.0,0.3126055
0.0,0.46408084
0.0,0.0073267817
1.0,0.9634832
0.0,0.0008866787
0.0,0.08543751
1.0,0.9817977
0.0,0.00012040138
0.0,0.6571371
0.0,0.0695858
0.0,0.000600487
0.0,0.012146175
1.0,0.99876076
0.0,0.001288414
0.0,0.1249716
1.0,0.2253274
0.0,0.04604718
1.0,0.9330752
0.0,0.4307137
0.0,0.00019714236
0.0,0.00039976835
0.0,0.008025557
1.0,0.60963756
0.0,0.010874867
0.0,0.035926342
1.0,0.8985603
1.0,0.86431754
0.0,0.0124335885
0.0,0.0041469038
0.0,0.00042507052
1.0,0.47137398
0.0,0.0019716918
1.0,0.77344537
1.0,0.57668287
1.0,0.17058957
1.0,0.82134235
1.0,0.77759254
0.0,0.8140801
1.0,0.7247897
1.0,0.98760307
0.0,0.00078734756
0.0,0.0006572604
0.0,0.0035889149
1.0,0.878417
0.0,0.0017814934
0.0,0.00036260486
0.0,0.07262781
1.0,0.9842391
0.0,0.053521484
1.0,0.41707128
0.0,0.19152096
0.0,0.579994
0.0,0.026639253
0.0,0.002045542
0.0,0.008003712
1.0,0.25625002
1.0,0.9582864
0.0,0.0022080243
0.0,0.030508667
1.0,0.20637539
0.0,0.0001514256
1.0,0.9762852
0.0,0.0016313195
0.0,0.0025293827
0.0,0.01123333
1.0,0.93571764
1.0,0.55865777
0.0,0.0012623072
0.0,0.35414737
1.0,0.41193107
0.0,0.0010818243
0.0,0.0067840815
1.0,0.97467947
1.0,0.98766965
1.0,0.9837546
0.0,0.0039040446
1.0,0.85929847
1.0,0.8976382
0.0,0.16554335
0.0,0.03196457
0.0,0.00042515993
0.0,0.001846075
0.0,0.00037136674
0.0,0.0067869425
1.0,0.79511994
1.0,0.7438148
0.0,0.00241372
0.0,0.0010904372
0.0,0.2818411
0.0,0.0068922937
1.0,0.97235
0.0,0.38239366
0.0,0.0035791695
0.0,0.65238446
0.0,0.9419242
1.0,0.018331587
0.0,0.00024706125
0.0,0.35911417
1.0,0.8007419
0.0,0.007852197
0.0,0.50961554
0.0,0.006773025
0.0,0.00038436055
1.0,0.55467045
1.0,0.6561645
0.0,0.04929158
0.0,0.96560967
0.0,4.7028065e-05
0.0,0.92869335
0.0,0.67942977
0.0,0.007880241
0.0,9.2446804e-05
0.0,0.020395786
1.0,0.004688382
0.0,0.0013687611
1.0,0.4066272
0.0,0.3660236
0.0,3.8057566e-05
0.0,0.006757915
0.0,0.026718378
0.0,0.17555395
0.0,0.016924024
1.0,0.9341426
0.0,0.0008699596
0.0,0.31536987
0.0,0.0029524267
1.0,0.45652208
1.0,0.7683829
0.0,0.0029446185
0.0,0.1066829
0.0,0.000921607
1.0,0.99798477
1.0,0.7086062
1.0,0.9904314
0.0,0.037260562
1.0,0.99087435
0.0,0.008309662
0.0,0.0011099577
0.0,0.0030774772
1.0,0.00537315
0.0,0.00022041798
0.0,0.0017440319
1.0,0.99509466
1.0,0.01878959
0.0,0.0027606785
1.0,0.9947395
0.0,0.0027116835
1.0,0.52134496
0.0,0.010492772
1.0,0.76251984
0.0,0.9928856
0.0,0.21576324
1.0,0.5060952
0.0,0.00027289987
0.0,0.043680817
0.0,0.0016776621
0.0,0.001093328
0.0,0.04456091
0.0,0.0006996393
1.0,0.72784346
1.0,0.5735076
0.0,0.31961727
0.0,0.0046087503
0.0,0.0029996932
0.0,0.1766443
1.0,0.9779792
0.0,0.002609402
0.0,0.038719565
0.0,0.83286095
0.0,0.024413109
0.0,1.9699335e-05
1.0,0.98104817
1.0,0.9652076
0.0,0.00045093894
0.0,0.008781612
0.0,0.009757549
0.0,0.0012259483
1.0,0.65588415
0.0,0.39335316
0.0,0.11120555
0.0,0.0023852885
1.0,0.36033562
0.0,0.0003953874
0.0,0.023992658
1.0,0.9857335
0.0,0.0010921657
0.0,0.024348289
1.0,0.72374535
1.0,0.6805623
1.0,0.8891568
0.0,0.0003657043
0.0,0.0006120205
0.0,0.0155597925
0.0,0.0006791055
1.0,0.8300748
0.0,0.006614387
1.0,0.04913956
0.0,1.2993813e-05
0.0,0.00029870868
0.0,0.012958914
1.0,0.98901033
0.0,0.54911566
0.0,0.038306624
0.0,0.14079553
1.0,0.32254532
0.0,0.01708144
0.0,0.022342384
0.0,3.644824e-05
1.0,0.0054290295
0.0,0.0013162494
0.0,0.0007941723
1.0,0.03509447
1.0,0.9924781
0.0,0.00019207597
1.0,0.9961028
1.0,0.942442
1.0,0.6065987
1.0,0.7837223
0.0,0.0025318265
1.0,0.8946457
0.0,0.9994606
1.0,0.007455468
0.0,0.0024322867
1.0,0.22211638
0.0,0.03174433
1.0,0.008196443
1.0,0.9982174
1.0,0.18003672
0.0,0.0008030236
0.0,0.61110747
0.0,0.15057334
0.0,0.0032523274
0.0,0.0033252835
0.0,0.012209207
1.0,0.99398535
1.0,0.98469007
1.0,0.56052715
0.0,0.004817009
0.0,0.0015302002
0.0,0.026908308
0.0,0.046946585
1.0,0.0039643943
0.0,0.04018107
0.0,0.0009948611
0.0,0.0011091232
0.0,0.08872113
1.0,0.3856672
0.0,0.7164611
0.0,0.9220507
0.0,0.41500992
1.0,0.19248208
0.0,0.0043450594
0.0,0.06571406
1.0,0.17593172
0.0,0.35396016
1.0,0.093854934
0.0,0.0059813857
0.0,0.050315857
0.0,0.0014860034
0.0,0.000718683
0.0,7.0631504e-06
1.0,0.6987213
0.0,0.01272434
0.0,0.038704634
1.0,0.9622444
1.0,0.9386832
0.0,0.054446638
1.0,0.0005148649
0.0,0.08101025
0.0,0.013463676
1.0,0.9563228
0.0,0.00024431944
0.0,0.056377888
0.0,0.00053080916
0.0,0.0011166334
1.0,0.9906044
1.0,0.92230225
1.0,0.2618214
1.0,0.96691823
0.0,0.0016964972
0.0,0.0018859208
0.0,0.042406827
1.0,0.9156259
0.0,0.0028408766
0.0,0.0006298721
1.0,0.9144395
1.0,0.19668737
1.0,0.8723048
0.0,0.0024944544
0.0,0.018560797
0.0,0.64967036
1.0,0.91470337
1.0,0.91761816
1.0,0.9694777
0.0,0.1474528
0.0,0.0002527833
0.0,0.0013862252
1.0,0.8800756
1.0,0.08589098
0.0,0.082410455
1.0,0.79531014
1.0,0.31479764
1.0,0.9558536
1.0,0.25237048
0.0,0.0072252452
0.0,0.010511756
1.0,0.26541144
1.0,0.5674497
0.0,0.022927612
0.0,0.0018265247
0.0,0.00064495206
0.0,0.0019135475
0.0,0.001034528
0.0,0.39020994
0.0,0.0013070405
0.0,0.013607144
1.0,0.5797106
1.0,0.52012736
0.0,0.444667
1.0,0.98643035
0.0,9.179115e-05
1.0,0.8519889
0.0,0.35687995
1.0,0.9903943
0.0,5.555153e-05
0.0,0.0005874932
0.0,0.00035476685
0.0,0.2876773
1.0,0.0058951974
1.0,0.927292
0.0,0.008351684
0.0,0.021838725
1.0,0.09885883
0.0,0.0029049516
1.0,0.93743396
1.0,0.64056134
0.0,0.0013025701
0.0,0.01307106
0.0,0.14028457
0.0,0.9975443
0.0,0.6589715
0.0,0.0007368028
0.0,0.3903879
0.0,0.0029668212
1.0,0.83588636
1.0,0.98032314
1.0,0.9505253
1.0,0.4610819
0.0,0.00083497167
0.0,0.38177043
1.0,0.69997984
0.0,0.7975205
0.0,0.0021764338
0.0,0.004791349
1.0,0.37075806
1.0,0.027225643
0.0,0.0013452172
1.0,0.98544765
1.0,0.9704692
0.0,6.264448e-05
0.0,0.0058754385
1.0,0.92022973
0.0,0.0012265146
0.0,0.50745624
0.0,0.0002632141
0.0,0.008806348
1.0,0.029312372
0.0,0.0021909177
0.0,0.0015743971
0.0,0.08721307
1.0,0.35930872
0.0,0.00049465895
0.0,0.0070215464
1.0,0.97325814
0.0,0.00015953183
0.0,0.19611305
0.0,0.95676935
1.0,0.9932666
1.0,0.108862996
1.0,0.29501575
0.0,0.0054379404
0.0,0.3672557
1.0,0.30432993
0.0,0.00015744567
0.0,0.00075122714
0.0,0.11273065
0.0,0.014691025
1.0,0.2624926
0.0,0.007861853
0.0,0.33618957
1.0,0.49839485
0.0,0.003919184
0.0,0.00777933
0.0,0.629256
0.0,0.04010248
1.0,0.52898324
1.0,0.9510614
0.0,0.93735003
1.0,0.7563417
0.0,0.0043723285
0.0,0.0015369952
0.0,0.00015288591
1.0,0.61870146
0.0,0.0002925396
0.0,0.0012240708
1.0,0.87841845
1.0,0.72212386
1.0,0.7008347
0.0,0.08605996
1.0,0.68793005
1.0,0.96861434
0.0,5.930662e-06
0.0,0.79286194
0.0,0.9519444
1.0,0.2125602
0.0,0.026640356
0.0,0.6105499
0.0,0.0034888387
0.0,0.0027274191
0.0,0.0039106905
0.0,0.010276198
0.0,0.08241898
0.0,0.89673424
0.0,0.28383183
1.0,0.14848971
1.0,0.6886494
1.0,0.5440127
0.0,0.00051137805
1.0,0.9883826
0.0,0.6805281
0.0,0.012715697
1.0,0.94151044
0.0,0.10050136
0.0,0.00061264634
0.0,0.040739
0.0,0.0022451878
0.0,0.42808378
0.0,0.4579807
0.0,0.0030387342
1.0,0.5524306
0.0,0.00014701486
0.0,0.0007574856
0.0,0.0012114346
1.0,0.9710812
1.0,0.9587865
0.0,0.3524034
1.0,0.47885668
0.0,0.0009419322
1.0,0.10236618
0.0,0.0059755743
0.0,0.0003428161
1.0,0.0037702918
0.0,5.8442354e-05
0.0,0.00044763088
1.0,0.80570745
0.0,0.022326618
1.0,0.0022428036
0.0,0.081641465
0.0,0.00088503957
1.0,0.9312984
0.0,0.0006119907
0.0,0.007181436
0.0,0.6284088
0.0,0.00041678548
0.0,0.0002540052
1.0,0.9786582
0.0,0.00044465065
0.0,0.003320098
0.0,0.0026769638
1.0,0.2809211
0.0,0.9661101
0.0,0.015483439
1.0,0.75218165
0.0,0.00049573183
0.0,5.6415796e-05
0.0,0.008730173
0.0,0.039286405
1.0,0.6709329
0.0,0.0043070316
0.0,6.8217516e-05
0.0,0.0005412102
0.0,0.00045621395
0.0,0.7993575
1.0,0.8845732
1.0,0.7262739
0.0,0.0010109842
1.0,0.8166342
0.0,0.006682098
0.0,0.00092601776
0.0,0.0026352704
0.0,0.003866911
1.0,0.9669298
0.0,0.0017131567
0.0,0.002411604
0.0,0.2451292
0.0,0.032037824
0.0,0.006751895
0.0,0.00038960576
0.0,0.000159204
0.0,0.00095027685
0.0,0.0010588765
0.0,0.95134306
1.0,0.22227907
0.0,0.00026771426
0.0,0.0028034747
0.0,0.0047226846
1.0,0.9830631
0.0,0.0036322773
1.0,0.9317574
0.0,0.006619513
0.0,0.002706468
0.0,0.014989495
1.0,0.9609996
1.0,0.9848036
1.0,0.4353571
1.0,0.7102239
0.0,0.01659292
0.0,0.0007712245
1.0,0.98126537
1.0,0.92601156
0.0,0.00105533
0.0,0.021299928
0.0,0.38226908
1.0,0.9613682
0.0,0.011803359
0.0,0.0011232495
0.0,0.008892953
0.0,0.002286166
1.0,0.27224258
1.0,0.9682239
0.0,9.3996525e-05
1.0,0.67121816
0.0,0.0057355464
0.0,0.005032569
0.0,0.0004388988
0.0,0.0018383861
0.0,0.0028439164
1.0,0.74899125
0.0,5.105138e-05
0.0,0.060370564
0.0,0.8386684
0.0,0.0035590231
0.0,0.32124954
1.0,0.9976989
0.0,0.0014964044
0.0,0.00011149049
1.0,0.8219702
0.0,0.48623717
0.0,0.0015100539
1.0,0.94784784
1.0,0.42945984
0.0,0.003043741
1.0,0.7762941
0.0,0.24084765
1.0,0.835229
1.0,0.9990115
0.0,0.017155379
1.0,0.98686445
0.0,0.017714202
0.0,0.01766029
0.0,0.3422486
0.0,0.15472642
0.0,0.0054276884
0.0,0.0034466982
0.0,0.31104475
1.0,0.9543781
0.0,0.0057014227
0.0,0.25336057
0.0,0.03568524
0.0,0.051931977
1.0,0.9567585
0.0,0.0026293695
0.0,0.18932775
0.0,0.001688391
0.0,0.013742983
0.0,0.0038542151
0.0,0.96149576
1.0,0.004806936
0.0,0.027233213
1.0,0.73848724
0.0,0.0024014413
1.0,0.02075389
0.0,0.13927844
0.0,0.104577124
0.0,0.0020894706
0.0,0.25654775
0.0,0.096298456
0.0,0.027109295
0.0,0.099363565
0.0,0.0011053085
0.0,0.8185813
0.0,0.928504
1.0,0.9230336
0.0,0.5978093
0.0,0.005045444
1.0,0.99637973
0.0,0.0010138154
0.0,0.0010994375
0.0,4.890561e-05
1.0,0.7509841
1.0,0.5998235
1.0,0.57327765
1.0,0.95911115
0.0,0.08749452
1.0,0.8451774
0.0,0.0047941506
1.0,0.20334712
0.0,0.011607736
0.0,0.99324524
0.0,0.015280604
0.0,0.0012833476
0.0,0.007199645
1.0,0.94660556
1.0,0.22573665
0.0,0.997363
1.0,0.49372098
0.0,0.0009814501
1.0,0.97133327
0.0,0.0020441413
0.0,0.0026599765
0.0,0.9740151
0.0,0.23288432
0.0,0.0208247
0.0,0.0004839003
1.0,0.9980011
0.0,3.20673e-05
1.0,0.9917149
1.0,0.89918494
1.0,0.92189133
0.0,0.0002322495
0.0,0.99667084
0.0,0.0011621416
0.0,0.09735176
0.0,0.06614965
1.0,0.7118823
0.0,0.62757397
0.0,0.016628474
0.0,0.002521336
0.0,0.0014193356
0.0,0.0003643036
0.0,0.12584072
0.0,0.79238373
0.0,0.0015562773
0.0,0.34631586
1.0,0.9975139
0.0,0.06504029
0.0,0.0028736591
0.0,0.0013355613
0.0,0.0006760955
1.0,0.71000504
0.0,0.31718048
1.0,0.9722541
0.0,0.62357795
1.0,0.9977802
1.0,0.9109243
0.0,0.0008060038
0.0,0.26110598
0.0,0.0027088225
0.0,0.15556371
0.0,0.0043404996
0.0,0.6822127
1.0,0.98882914
0.0,0.00051653385
1.0,0.19451264
0.0,0.29610354
0.0,0.00010931492
0.0,0.0054220557
1.0,0.9883019
0.0,0.00072461367
1.0,0.9972639
0.0,0.0009344816
0.0,0.0044047832
0.0,0.49421543
0.0,0.51114017
0.0,0.12592709
0.0,0.006262511
1.0,0.39654648
1.0,0.9231011
0.0,0.062116534
0.0,0.010296136
0.0,0.0026995242
1.0,0.88608146
0.0,0.005679339
1.0,0.1738202
0.0,0.007855892
1.0,0.81808126
1.0,0.95856667
0.0,0.0013882816
0.0,0.001354754
0.0,0.00145787
1.0,0.8378339
0.0,0.1607635
0.0,0.3584432
1.0,0.95801103
1.0,0.61635983
0.0,0.02869755
0.0,0.007234186
1.0,0.9464448
0.0,0.0031895936
0.0,0.0024138093
0.0,0.0020076036
1.0,0.54095846
0.0,0.009784639
0.0,0.011691093
1.0,0.87326527
1.0,0.83641255
0.0,0.47902822
0.0,0.0010297596
0.0,0.0013220608
1.0,0.960098
1.0,0.97376895
1.0,0.3691731
0.0,0.0041540563
0.0,0.00012665987
0.0,0.014966816
0.0,0.0001000762
1.0,0.93265796
0.0,0.0031064153
0.0,0.4136755
0.0,0.019220442
0.0,0.19035608
0.0,0.20367417
0.0,0.0005491078
0.0,0.052580208
0.0,0.0016005933
0.0,0.0010293126
1.0,0.054181278
1.0,0.95755655
0.0,0.21691036
0.0,0.2956042
1.0,0.0053096414
0.0,0.0006635189
1.0,0.7561471
0.0,0.019592345
0.0,0.00048941374
1.0,0.9780276
1.0,0.9954803
0.0,0.7303593
0.0,0.009372264
1.0,0.046578526
0.0,0.008753151
0.0,0.03617367
0.0,0.9982881
0.0,0.0017548501
1.0,0.75496876
1.0,0.057899326
0.0,0.014015377
0.0,0.00018957257
0.0,0.004732311
1.0,0.8530435
0.0,0.010002553
1.0,0.1514245
0.0,0.024315357
1.0,0.7198435
1.0,0.83114743
0.0,0.29765517
1.0,0.062376767
0.0,0.6817118
0.0,0.0005501807
1.0,0.99898446
1.0,0.05547893
0.0,0.0012089908
0.0,0.10753262
0.0,0.86003387
0.0,0.3696648
1.0,0.94345534
0.0,0.008324742
0.0,0.04026863
0.0,0.00151968
1.0,0.7984916
0.0,0.0016925335
0.0,0.956649
1.0,0.8783786
0.0,0.00040513277
0.0,0.7616004
0.0,0.09712556
1.0,0.19660997
0.0,0.16324171
1.0,0.89106977
0.0,0.00483644
1.0,0.074931294
1.0,0.13220274
1.0,0.94906163
1.0,0.80001616
0.0,0.00058326125
1.0,0.7273914
0.0,0.0019318163
1.0,0.9974122
1.0,0.7347215
0.0,0.20972306
1.0,0.5321935
0.0,0.000230968
1.0,0.30455306
1.0,0.18114305
0.0,0.003692001
0.0,0.9241222
1.0,0.9969337
1.0,0.08919537
0.0,0.030068308
0.0,0.30474228
0.0,2.2053719e-05
0.0,0.001773715
0.0,0.08684853
1.0,0.7902329
1.0,0.9031609
1.0,0.1078822
1.0,0.4854592
1.0,0.9940336
1.0,0.98731005
0.0,0.36837086
1.0,0.96794343
0.0,0.0023759007
0.0,0.0017203391
0.0,0.0054633617
1.0,0.003549993
1.0,0.42523563
0.0,0.028809816
0.0,0.0016852319
0.0,0.8155441
1.0,0.80959344
1.0,0.14085555
1.0,0.8876454
0.0,0.0027175844
0.0,0.97878826
0.0,0.1036458
0.0,0.014332473
0.0,0.0012843609
0.0,0.0011986494
1.0,0.9906717
1.0,0.7585858
0.0,0.0010958314
0.0,0.008051842
0.0,0.37532428
0.0,0.43825385
0.0,0.62479246
0.0,0.082021475
0.0,0.79363525
1.0,0.560359
0.0,0.3000108
1.0,0.96364117
0.0,0.0014371872
0.0,0.988484
0.0,0.010341555
0.0,0.47709316
1.0,0.94519746
1.0,0.35691613
1.0,0.19885972
1.0,0.71656924
0.0,0.00013396144
0.0,0.33499885
1.0,0.19358552
1.0,0.8858254
0.0,0.14090014
0.0,0.0012655556
0.0,0.005097449
1.0,0.047854602
0.0,0.0005316138
1.0,0.012720495
0.0,0.002484709
0.0,0.008616
0.0,0.0092588365
0.0,0.0011574328
0.0,0.009217054
0.0,0.0010032952
0.0,0.10387555
1.0,0.96784985
0.0,0.0004350841
0.0,0.21609235
0.0,0.0026926994
1.0,0.19404912
0.0,0.004325956
1.0,0.99190974
0.0,0.00015634298
0.0,0.0038436055
0.0,0.00044971704
0.0,0.11464533
0.0,0.0004530549
0.0,0.0015459061
1.0,0.9813925
0.0,0.17988321
1.0,0.442717
1.0,0.9254217
0.0,0.0025789142
0.0,0.014486313
1.0,0.7601443
1.0,0.9978225
0.0,0.13853586
0.0,0.14132243
0.0,0.0038352609
0.0,0.010358483
0.0,0.0011356771
1.0,0.60395384
0.0,0.023554534
1.0,0.12661293
1.0,0.02016455
0.0,0.91911536
0.0,0.048475802
0.0,0.00027015805
0.0,0.002157122
0.0,0.4263634
0.0,0.0005803704
0.0,0.004679382
0.0,0.7115009
1.0,0.54482704
1.0,0.7405108
0.0,0.0025583506
0.0,0.002983421
0.0,0.22442615
1.0,0.9311018
0.0,0.00033318996
0.0,0.0035167933
1.0,0.1645003
1.0,0.9862741
0.0,0.15180352
0.0,0.028003305
0.0,0.0046795607
1.0,0.99915415
0.0,0.003625542
1.0,0.974211
1.0,0.6080499
0.0,0.0009011924
0.0,0.016322166
0.0,0.008220255
1.0,0.6356823
0.0,0.16878504
1.0,0.6556597
0.0,0.004694611
1.0,0.8300375
0.0,0.016518593
0.0,0.005479634
0.0,0.00011637807
1.0,0.9961751
0.0,0.38697278
1.0,0.9765086
1.0,0.24073723
0.0,8.174777e-05
1.0,0.013450354
0.0,0.018090546
1.0,0.14856201
0.0,0.0003761053
1.0,0.8279168
0.0,0.0002079606
1.0,0.5958455
1.0,0.95653427
1.0,0.99659336
0.0,0.0021114945
1.0,0.8515307
1.0,0.5392902
0.0,0.00148803
1.0,0.93891037
1.0,0.394074
1.0,0.064567804
0.0,0.10162711
0.0,0.0027073037
0.0,0.889901
0.0,0.0058039823
