0.0,0.8776138
0.0,0.8343384
1.0,0.603595
0.0,0.02851227
1.0,0.8091244
0.0,0.008406907
1.0,0.91221327
1.0,0.8448783
1.0,0.92736506
0.0,0.029255658
0.0,0.43568254
1.0,0.9868086
0.0,0.01622209
0.0,0.4114936
0.0,0.04442364
0.0,0.002474159
1.0,0.90412986
0.0,0.019602329
0.0,0.036359847
1.0,0.74452317
1.0,0.8516558
0.0,0.0011903644
1.0,0.9945406
0.0,0.026400596
0.0,0.1136882
1.0,0.7989708
0.0,0.2542618
1.0,0.9080819
0.0,0.2645599
1.0,0.988242
0.0,0.020133734
0.0,0.6144011
1.0,0.9933338
1.0,0.99961257
1.0,0.97655797
1.0,0.98856246
1.0,0.577686
0.0,0.007558763
1.0,0.9655554
1.0,0.07260835
1.0,0.995939
1.0,0.99628675
0.0,0.011122972
1.0,0.99881124
1.0,0.97286963
0.0,0.07257575
0.0,0.0055322647
0.0,0.041862875
0.0,0.01812461
1.0,0.99247384
0.0,0.18738651
1.0,0.93352854
1.0,0.99879515
1.0,0.9222204
0.0,0.02549249
0.0,0.049990475
0.0,0.21781063
1.0,0.0365268
1.0,0.9812614
1.0,0.59583396
1.0,0.9984663
0.0,0.39078292
1.0,0.9952847
1.0,0.96634924
1.0,0.9897576
0.0,0.39024967
0.0,0.107785285
1.0,0.93690395
0.0,0.043453306
1.0,0.9583632
0.0,0.39642847
1.0,0.98061097
0.0,0.0146223605
0.0,0.06701791
1.0,0.70149565
0.0,0.15545747
0.0,0.026268452
0.0,0.77288973
0.0,0.04084167
1.0,0.95502615
0.0,0.042011917
1.0,0.9989565
1.0,0.98146725
1.0,0.9999485
1.0,0.9930695
1.0,0.95685697
1.0,0.99673986
0.0,0.3492341
0.0,0.08112374
1.0,0.9052936
0.0,0.02150482
1.0,0.12766251
0.0,0.0032740533
0.0,0.9449911
0.0,0.5301437
1.0,0.98451626
0.0,0.08587366
0.0,0.049375206
1.0,0.9601197
1.0,0.9973227
0.0,0.007273704
0.0,0.11003357
1.0,0.1410186
0.0,0.07913375
0.0,0.076208025
1.0,0.98168004
1.0,0.094534904
0.0,0.08321896
1.0,0.010026991
1.0,0.9973393
1.0,0.98240674
0.0,0.0352661
1.0,0.071813524
0.0,0.056797445
0.0,0.03144604
1.0,0.481454
0.0,0.022339135
1.0,0.9214957
1.0,0.74461967
1.0,0.99740815
0.0,0.50674665
1.0,0.99507964
0.0,0.9146931
0.0,0.027915746
0.0,0.38007987
1.0,0.15418419
0.0,0.009937018
0.0,0.2065981
1.0,0.9744512
1.0,0.9527202
1.0,0.99086124
0.0,0.14737406
0.0,0.01655382
1.0,0.72695583
1.0,0.99917257
0.0,0.72969186
0.0,0.03226459
0.0,0.019508213
0.0,0.16927344
0.0,0.09434649
1.0,0.94795537
0.0,0.35849077
1.0,0.2757746
0.0,0.024461508
0.0,0.020328254
0.0,0.010459483
1.0,0.7054486
0.0,0.0501391
0.0,0.03481704
0.0,0.03829509
0.0,0.04873255
0.0,0.020749718
0.0,0.0077835917
0.0,0.992921
0.0,0.33317435
1.0,0.9937606
0.0,0.013338447
0.0,0.025428027
1.0,0.999716
0.0,0.111002535
0.0,0.6858231
0.0,0.09535444
0.0,0.020160347
0.0,0.24467295
1.0,0.99975264
0.0,0.28601688
1.0,0.8794239
0.0,0.17659777
0.0,0.021906495
1.0,0.92858934
0.0,0.93876565
0.0,0.99820346
0.0,0.9607084
0.0,0.00776574
1.0,0.9162996
1.0,0.953002
0.0,0.048642725
1.0,0.98012745
0.0,0.79391456
1.0,0.9837004
1.0,0.9911406
1.0,0.9717351
1.0,0.9763869
1.0,0.99495065
0.0,0.8602932
0.0,0.0059067607
0.0,0.03484565
0.0,0.9977292
0.0,0.13810903
0.0,0.045407712
1.0,0.12477365
0.0,0.005328119
0.0,0.96589226
1.0,0.99211174
1.0,0.8889877
1.0,0.9993592
0.0,0.010390997
0.0,0.21845001
0.0,0.016362458
1.0,0.26479626
0.0,0.94822
0.0,0.71424735
0.0,0.57312
0.0,0.2415767
0.0,0.08134997
1.0,0.2020249
0.0,0.035064965
1.0,0.24868214
0.0,0.0056765974
0.0,0.2101379
0.0,0.011879206
1.0,0.9805888
0.0,0.07885012
0.0,0.23636138
0.0,0.013305217
0.0,0.007767439
0.0,0.9854944
0.0,0.09596661
1.0,0.998749
0.0,0.020879865
0.0,0.005809933
1.0,0.95053494
1.0,0.99852073
0.0,0.4245193
0.0,0.021959126
0.0,0.010843247
0.0,0.13708508
0.0,0.055488825
0.0,0.1638875
1.0,0.9924007
0.0,0.07603875
1.0,0.5342786
0.0,0.016840845
1.0,0.91746163
1.0,0.5958854
0.0,0.02568525
0.0,0.041009247
0.0,0.010291398
1.0,0.92988074
1.0,0.926363
1.0,0.99919367
1.0,0.8287894
0.0,0.009910405
0.0,0.9349624
1.0,0.9968325
0.0,0.82677007
0.0,0.010022014
0.0,0.011049867
0.0,0.1969628
0.0,0.012729168
0.0,0.015474588
0.0,0.11027214
1.0,0.79715794
0.0,0.016813874
0.0,0.41700673
0.0,0.30395943
1.0,0.9582907
1.0,0.95902956
0.0,0.048180133
0.0,0.0588924
0.0,0.023689747
1.0,0.99750745
0.0,0.0113120675
0.0,0.019087553
0.0,0.07684356
0.0,0.019716531
1.0,0.99988264
1.0,0.9820729
1.0,0.9988883
0.0,0.03549543
1.0,0.9020633
0.0,0.06405559
0.0,0.061614275
0.0,0.509625
1.0,0.9727136
1.0,0.8671903
0.0,0.022346765
0.0,0.03718406
1.0,0.98311573
1.0,0.52140766
0.0,0.045244664
1.0,0.4114778
1.0,0.98835444
0.0,0.77653074
0.0,0.19847214
0.0,0.023023695
0.0,0.015984029
0.0,0.6932064
0.0,0.05145216
1.0,0.99765885
0.0,0.03261009
0.0,0.024720311
1.0,0.99948883
0.0,0.022137433
1.0,0.99784565
1.0,0.058227897
1.0,0.96557367
1.0,0.97523165
1.0,0.9540086
0.0,0.05831155
1.0,0.9539982
0.0,0.7981224
1.0,0.99977076
0.0,0.8417726
0.0,0.50155294
0.0,0.01002416
0.0,0.30544144
0.0,0.12596303
1.0,0.99580455
0.0,0.9975176
1.0,0.91593194
0.0,0.9340242
1.0,0.73654246
1.0,0.9956876
0.0,0.04205081
0.0,0.012426585
0.0,0.04514143
1.0,0.9707093
1.0,0.7477487
0.0,0.010613173
0.0,0.008859217
0.0,0.021464288
0.0,0.0767315
1.0,0.9839673
1.0,0.70598525
0.0,0.10781005
0.0,0.11350441
1.0,0.88493574
1.0,0.99455774
1.0,0.8748864
0.0,0.11255878
0.0,0.8310613
0.0,0.0028051138
0.0,0.9161675
1.0,0.9978393
1.0,0.44924906
0.0,0.06406474
0.0,0.08979359
0.0,0.014517695
0.0,0.29141122
0.0,0.005401224
0.0,0.5151139
1.0,0.21014875
0.0,0.37458247
0.0,0.032690197
0.0,0.15649143
0.0,0.9629384
0.0,0.664944
0.0,0.090907395
0.0,0.0105647445
1.0,0.7256342
0.0,0.033842653
1.0,0.9761894
0.0,0.008206695
0.0,0.16229984
0.0,0.08171651
0.0,0.008008182
0.0,0.98291945
1.0,0.5688026
1.0,0.96319723
0.0,0.86366916
1.0,0.8678451
0.0,0.0141917765
0.0,0.7080876
0.0,0.3570488
0.0,0.9824664
0.0,0.01822722
0.0,0.0011910796
1.0,0.6752974
0.0,0.027767688
1.0,0.9912287
0.0,0.024542391
1.0,0.249376
0.0,0.03736788
1.0,0.2568192
1.0,0.9897846
1.0,0.9860612
0.0,0.017307311
0.0,0.027915955
1.0,0.9682479
0.0,0.033922046
0.0,0.035132885
1.0,0.045115978
1.0,0.9993453
0.0,0.21166363
1.0,0.97954726
1.0,0.9982099
0.0,0.8039185
0.0,0.05224648
0.0,0.2782011
0.0,0.03824249
0.0,0.022818983
0.0,0.28172043
1.0,0.99856097
0.0,0.4737574
1.0,0.90085804
1.0,0.2653231
0.0,0.021157086
0.0,0.097678065
0.0,0.8800074
1.0,0.99856746
1.0,0.98989415
1.0,0.49214488
0.0,0.08599612
1.0,0.9901339
1.0,0.98696125
0.0,0.00033730268
0.0,0.44310692
0.0,0.9954344
0.0,0.9538519
1.0,0.9972216
0.0,0.039361328
1.0,0.5742624
0.0,0.7780967
0.0,0.03760773
0.0,0.03965971
0.0,0.013464212
0.0,0.025654733
0.0,0.06016749
0.0,0.026695013
0.0,0.04052013
0.0,0.06159675
0.0,0.8027128
0.0,0.07617879
0.0,0.016553372
0.0,0.4678132
0.0,0.022225201
1.0,0.571175
0.0,0.37806383
1.0,0.9951904
0.0,0.13616726
0.0,0.013169408
0.0,0.027042687
0.0,0.9280169
0.0,0.80252737
0.0,0.14190489
0.0,0.3208865
0.0,0.0010876358
0.0,0.013889939
0.0,0.01752907
0.0,0.83083695
1.0,0.98495746
0.0,0.042325556
0.0,0.04504153
0.0,0.8235011
0.0,0.046275735
1.0,0.88195205
0.0,0.96601623
1.0,0.5001599
0.0,0.018136203
0.0,0.058549225
1.0,0.9986417
0.0,0.9856651
1.0,0.8005648
1.0,0.99667406
1.0,0.97589886
1.0,0.9969022
0.0,0.021848977
1.0,0.78848004
0.0,0.009787142
0.0,0.018099397
0.0,0.7489401
1.0,0.99975723
0.0,0.0019440651
0.0,0.032060772
1.0,0.7494822
1.0,0.99996173
0.0,0.32319695
0.0,0.011651337
1.0,0.83495355
0.0,0.24724323
1.0,0.8079964
0.0,0.7463492
0.0,0.16558036
1.0,0.9813539
0.0,0.93298686
0.0,0.0020999908
1.0,0.473599
0.0,0.058487475
1.0,0.99971753
0.0,0.018363535
1.0,0.5184913
1.0,0.6437894
1.0,0.9830446
1.0,0.9991803
0.0,0.6534137
0.0,0.09830567
1.0,0.6614355
0.0,0.015518546
0.0,0.60848904
1.0,0.91530347
1.0,0.9429096
1.0,0.9873805
0.0,0.062193662
1.0,0.98191875
1.0,0.9626215
0.0,0.61731434
1.0,0.997862
0.0,0.5949655
1.0,0.96582127
1.0,0.9740518
0.0,0.9257959
0.0,0.41515896
1.0,0.4335063
0.0,0.24891907
1.0,0.98553884
0.0,0.9210125
0.0,0.118027955
0.0,0.9621155
1.0,0.999622
0.0,0.016946286
0.0,0.010636151
0.0,0.95863825
1.0,0.7439107
0.0,0.026292354
0.0,0.018641114
0.0,0.10453403
0.0,0.94924855
1.0,0.9118935
1.0,0.99914694
0.0,0.19609901
0.0,0.9302015
0.0,0.2896581
0.0,0.39142042
0.0,0.02225861
1.0,0.99372226
0.0,0.0041294694
1.0,0.9867332
0.0,0.8584143
0.0,0.5295499
1.0,0.87771094
0.0,0.01872471
0.0,0.28754383
0.0,0.017169237
0.0,0.01570034
0.0,0.08425316
0.0,0.012532324
0.0,0.024947852
0.0,0.124364376
1.0,0.9027891
1.0,0.99973136
0.0,0.0077373683
0.0,0.044086277
1.0,0.99912095
0.0,0.021903366
1.0,0.9846473
0.0,0.37661242
0.0,0.017914802
1.0,0.96713775
0.0,0.34063658
1.0,0.9725554
0.0,0.39684826
1.0,0.5352596
0.0,0.043756723
0.0,0.040093362
0.0,0.6835195
1.0,0.9922454
0.0,0.0005311668
0.0,0.0920766
0.0,0.021651119
0.0,0.97571725
1.0,0.15820053
0.0,0.006447077
0.0,0.0104447305
1.0,0.9976872
1.0,0.44923297
0.0,0.5452754
1.0,0.79299176
0.0,0.1441257
0.0,0.9140401
1.0,0.98853606
1.0,0.9996214
0.0,0.16904205
1.0,0.9956291
1.0,0.9988966
0.0,0.052893907
0.0,0.1750558
0.0,0.08852559
1.0,0.0843637
0.0,0.0021328032
0.0,0.016780645
0.0,0.03002873
1.0,0.9988555
1.0,0.9543091
0.0,0.04105261
1.0,0.82433254
1.0,0.040401787
0.0,0.11198473
1.0,0.99423224
0.0,0.035190225
1.0,0.96532965
0.0,0.21052384
1.0,0.96950924
0.0,0.026045024
0.0,0.023920566
1.0,0.8692231
0.0,0.01766184
1.0,0.9733337
0.0,0.15398431
0.0,0.033350408
0.0,0.016912997
1.0,0.9314924
0.0,0.23419055
1.0,0.7980393
0.0,0.034517646
1.0,0.9841646
1.0,0.9572534
0.0,0.012557089
1.0,0.99816513
1.0,0.9830667
1.0,0.7890415
1.0,0.98295426
0.0,0.021824718
0.0,0.010980755
0.0,0.8386563
1.0,0.99184906
1.0,0.49997285
0.0,0.01347363
0.0,0.037731946
0.0,0.35598528
1.0,0.99357986
0.0,0.9596366
1.0,0.037298203
1.0,0.90540385
0.0,0.06313506
0.0,0.08093768
1.0,0.995759
0.0,0.86427
1.0,0.99301934
0.0,0.846559
0.0,0.053564757
0.0,0.0064063966
1.0,0.4735084
0.0,0.31386858
1.0,0.999472
0.0,0.047670126
1.0,0.49958137
0.0,0.70703846
0.0,0.34031117
1.0,0.03516248
1.0,0.7232597
1.0,0.97598326
1.0,0.85713667
0.0,0.09048468
0.0,0.16036022
0.0,0.9670596
0.0,0.010146767
1.0,0.988805
1.0,0.56413066
0.0,0.002696842
0.0,0.026019722
0.0,0.018641174
1.0,0.90043056
0.0,0.019247353
0.0,0.033896536
0.0,0.13024527
0.0,0.87932366
0.0,0.0595102
0.0,0.75670516
1.0,0.8795769
0.0,0.9256488
1.0,0.4072629
0.0,0.21347675
0.0,0.7243413
1.0,0.96480584
1.0,0.98223084
1.0,0.9731173
0.0,0.09650248
0.0,0.21065071
1.0,0.87484825
0.0,0.023637265
0.0,0.018834978
0.0,0.43184325
1.0,0.98694795
0.0,0.0454455
0.0,0.1471794
1.0,0.9982965
0.0,0.45377347
1.0,0.9996013
1.0,0.9674252
1.0,0.9936763
0.0,0.028914213
1.0,0.9770339
1.0,0.9164417
0.0,0.055196077
1.0,0.30746347
0.0,0.059571624
0.0,0.43490005
0.0,0.24757913
0.0,0.0136707425
1.0,0.9114885
1.0,0.96264327
1.0,0.9998761
1.0,0.98719704
1.0,0.9846988
0.0,0.6491209
0.0,0.98468983
1.0,0.9962572
0.0,0.050972104
1.0,0.82059485
1.0,0.9997146
0.0,0.13966537
1.0,0.16519156
1.0,0.5139617
0.0,0.060620785
0.0,0.010159373
0.0,0.0064329505
0.0,0.016358733
1.0,0.7301222
1.0,0.99600255
0.0,0.023008317
0.0,0.02278632
1.0,0.0063551664
1.0,0.823066
1.0,0.4057086
0.0,0.015731752
1.0,0.67202044
1.0,0.63873464
0.0,0.039418757
0.0,0.13244885
1.0,0.98841095
1.0,0.9996681
0.0,0.37230498
1.0,0.9199239
0.0,0.24236152
0.0,0.35620588
1.0,0.9874268
0.0,0.5988763
1.0,0.99862677
0.0,0.7893097
0.0,0.18231693
0.0,0.29988593
1.0,0.9680448
1.0,0.8105719
0.0,0.00748837
0.0,0.01677227
1.0,0.87725353
0.0,0.0273695
1.0,0.99706066
1.0,0.95504814
1.0,0.95166874
0.0,0.053462535
0.0,0.88397026
0.0,0.7172586
0.0,0.015063286
0.0,0.010297418
1.0,0.9999481
0.0,0.8083643
0.0,0.01585859
1.0,0.99292916
0.0,0.0061200857
1.0,0.020806909
1.0,0.68327904
0.0,0.027239025
0.0,0.32614937
0.0,0.92161417
0.0,0.010104269
0.0,0.0012363195
0.0,0.005892068
0.0,0.018025696
0.0,0.9882354
1.0,0.71971416
1.0,0.97488457
0.0,0.9679432
0.0,0.7638515
0.0,0.044757426
0.0,0.12744215
0.0,0.009661883
1.0,0.0128419995
0.0,0.030308485
0.0,0.0004890859
1.0,0.9955461
1.0,0.29780716
0.0,0.0154821575
0.0,0.9965185
0.0,0.0036563575
0.0,0.045247912
0.0,0.012410998
0.0,0.08041343
1.0,0.98715556
1.0,0.7360422
1.0,0.90710056
0.0,0.012395471
1.0,0.60333943
1.0,0.9948444
0.0,0.28543666
0.0,0.0098466575
1.0,0.8208846
1.0,0.20306313
1.0,0.9856
1.0,0.987617
1.0,0.95297843
0.0,0.11933568
0.0,0.7441211
1.0,0.62470096
0.0,0.01826796
1.0,0.9840281
0.0,0.008998603
1.0,0.71072197
0.0,0.026825339
0.0,0.8474295
0.0,0.030838698
0.0,0.07534763
0.0,0.60337377
0.0,0.0032301545
0.0,0.01472491
0.0,0.06461814
0.0,0.9539619
0.0,0.022179425
0.0,0.006956488
1.0,0.99551076
1.0,0.8248073
1.0,0.99500436
0.0,0.9900115
0.0,0.7048852
0.0,0.9263067
0.0,0.07087234
1.0,0.998203
1.0,0.42002094
1.0,0.9872986
1.0,0.9986751
0.0,0.97285473
0.0,0.026083529
0.0,0.0071983337
1.0,0.908545
0.0,0.0097901225
1.0,0.0045221746
1.0,0.99590147
0.0,0.59939754
0.0,0.0042556524
0.0,0.118533134
0.0,0.90003765
1.0,0.9700161
1.0,0.9621525
0.0,0.06336191
1.0,0.86332554
1.0,0.48887554
0.0,0.48634803
0.0,0.06342891
1.0,0.972487
0.0,0.009792447
0.0,0.02926007
0.0,0.016500175
0.0,0.35306296
0.0,0.03198868
1.0,0.49583238
0.0,0.23751065
0.0,0.9578818
1.0,0.9993882
1.0,0.9908421
0.0,0.7116865
0.0,0.32111967
1.0,0.83024967
0.0,0.07227263
0.0,0.0018887818
1.0,0.77755547
0.0,0.12182942
0.0,0.034207463
0.0,0.060310364
1.0,0.9956344
0.0,0.17140815
1.0,0.92383295
1.0,0.9866872
1.0,0.99992645
0.0,0.029946566
1.0,0.9946284
0.0,0.022961706
1.0,0.99072933
0.0,0.28856486
1.0,0.9993887
0.0,0.09603435
0.0,0.022999197
1.0,0.9902326
0.0,0.0143402815
0.0,0.01718694
1.0,0.76837796
1.0,0.9950172
1.0,0.262922
1.0,0.9423649
1.0,0.9635351
1.0,0.93556273
1.0,0.92916
0.0,0.01793462
1.0,0.28709558
1.0,0.9922918
0.0,0.25367737
0.0,0.01416418
0.0,0.011048734
1.0,0.51635784
0.0,0.03270194
0.0,0.25867504
0.0,0.6295582
1.0,0.9836794
0.0,0.037402183
0.0,0.3405043
1.0,0.7760364
1.0,0.9947251
1.0,0.9476557
1.0,0.079159945
0.0,0.99860585
0.0,0.03154093
0.0,0.16078812
0.0,0.061053276
0.0,0.0050282776
0.0,0.6830354
0.0,0.01984471
1.0,0.1882762
1.0,0.95748526
0.0,0.04458067
1.0,0.91445655
0.0,0.026113987
0.0,0.048746854
1.0,0.99922895
0.0,0.0069434047
0.0,0.9774728
0.0,0.006306857
0.0,0.8648459
0.0,0.016919702
0.0,0.017152995
0.0,0.99561334
1.0,0.6948227
0.0,0.22930554
0.0,0.7628533
1.0,0.9175849
0.0,0.016508073
1.0,0.93411005
0.0,0.026721478
0.0,0.012788624
0.0,0.0935179
0.0,0.4725491
0.0,0.014187247
0.0,0.009475559
0.0,0.044461578
0.0,0.13128677
0.0,0.870063
1.0,0.78053313
0.0,0.14931843
1.0,0.9573574
0.0,0.7568165
1.0,0.03509164
0.0,0.29773152
0.0,0.0058916807
0.0,0.09385079
1.0,0.9958561
1.0,0.11922678
1.0,0.17725873
0.0,0.06838679
0.0,0.07291493
1.0,0.9321506
0.0,0.1652694
0.0,0.30104452
1.0,0.9733703
0.0,0.024416775
1.0,0.99569154
1.0,0.6872794
0.0,0.01530087
1.0,0.6659532
0.0,0.47666484
1.0,0.79900205
0.0,0.31695265
1.0,0.99987745
0.0,0.008035213
0.0,0.997105
0.0,0.037618607
0.0,0.13551772
0.0,0.006177604
0.0,0.07043606
0.0,0.04442206
1.0,0.9916811
0.0,0.032968313
0.0,0.0043393373
0.0,0.00994274
0.0,0.5205791
0.0,0.4002894
1.0,0.906953
0.0,0.74464095
0.0,0.21485406
1.0,0.64736843
0.0,0.31143337
1.0,0.9969498
0.0,0.8041058
1.0,0.9094105
1.0,0.94178534
0.0,0.007210672
1.0,0.9997302
0.0,0.9410414
0.0,0.022171468
0.0,0.06382516
0.0,0.14817673
1.0,0.24365366
1.0,0.9992771
0.0,0.030414075
0.0,0.053942174
1.0,0.9993076
0.0,0.20989522
1.0,0.92283905
1.0,0.06341094
1.0,0.9069059
0.0,0.08226505
1.0,0.3566504
0.0,0.037251055
1.0,0.99105215
1.0,0.53223574
0.0,0.50085056
0.0,0.7402234
0.0,0.049163908
0.0,0.36206436
1.0,0.93731797
1.0,0.9892689
1.0,0.9958854
0.0,0.010765076
0.0,0.00427112
1.0,0.9972614
0.0,0.9629725
0.0,0.0018746853
0.0,0.094929785
1.0,0.8427569
0.0,0.33078003
0.0,0.024301589
0.0,0.05467719
0.0,0.16952619
1.0,0.91296303
1.0,0.9926065
0.0,0.27723247
0.0,0.0712823
0.0,0.046880156
1.0,0.99966115
0.0,0.18877634
0.0,0.8450978
1.0,0.9756293
0.0,0.01077342
0.0,0.72962445
1.0,0.9945163
0.0,0.014769316
1.0,0.4965584
1.0,0.31383628
0.0,0.023572862
0.0,0.03833303
0.0,0.0062329173
0.0,0.015586227
1.0,0.99705875
1.0,0.999898
1.0,0.9997468
1.0,0.7804663
0.0,0.96006274
0.0,0.12627184
1.0,0.75337046
1.0,0.9996836
0.0,0.41015604
0.0,0.09905177
1.0,0.53668606
0.0,0.0093688965
1.0,0.79992056
0.0,0.012052268
0.0,0.25842878
1.0,0.98859847
0.0,0.27622265
0.0,0.00584051
0.0,0.012346983
0.0,0.08612442
0.0,0.62830603
1.0,0.30234435
0.0,0.015705705
1.0,0.9980689
0.0,0.38469705
1.0,0.9738525
0.0,0.11048448
1.0,0.95181954
1.0,0.98641926
1.0,0.9999604
0.0,0.9710753
0.0,0.011487305
1.0,0.36058924
0.0,0.16577536
0.0,0.11799809
1.0,0.986481
1.0,0.44687688
0.0,0.12811047
1.0,0.9958478
1.0,0.9961822
0.0,0.9134899
0.0,0.018966585
0.0,0.94022655
0.0,0.024494112
0.0,0.011095345
0.0,0.9755155
1.0,0.9962493
1.0,0.99832135
1.0,0.92480165
0.0,0.0030904412
0.0,0.011261374
0.0,0.011446983
0.0,0.065579474
0.0,0.017306596
0.0,0.023397356
1.0,0.97273445
1.0,0.991382
1.0,0.7400412
0.0,0.1353611
0.0,0.13601792
1.0,0.99103165
0.0,0.34600636
0.0,0.98320794
1.0,0.7923188
0.0,0.8187509
0.0,0.93527997
1.0,0.88283026
0.0,0.03760934
1.0,0.7984626
1.0,0.8467946
0.0,0.890146
0.0,0.041202307
1.0,0.99993753
0.0,0.008656651
0.0,0.3581158
1.0,0.7174456
1.0,0.9726243
1.0,0.82113874
1.0,0.9694892
0.0,0.9968765
0.0,0.017780304
0.0,0.016507208
1.0,0.83224857
0.0,0.9993247
1.0,0.90910035
0.0,0.44749743
1.0,0.8855767
1.0,0.6655549
0.0,0.14532906
0.0,0.09133533
0.0,0.0017202497
0.0,0.75584376
0.0,0.069387406
0.0,0.022176653
1.0,0.5335398
1.0,0.6170282
0.0,0.5596562
1.0,0.9821732
1.0,0.58016187
0.0,0.0040519238
0.0,0.4817755
1.0,0.96356696
1.0,0.55821973
0.0,0.017651856
0.0,0.19447404
0.0,0.019396454
0.0,0.061885208
1.0,0.98409414
1.0,0.9965127
0.0,0.06693655
0.0,0.003990829
0.0,0.03689885
0.0,0.42109317
0.0,0.02026987
0.0,0.028063238
0.0,0.98228884
0.0,0.33938682
0.0,0.08376777
0.0,0.04399553
0.0,0.2144934
1.0,0.9988626
1.0,0.97484446
0.0,0.0018462837
0.0,0.05093807
0.0,0.0015229881
0.0,0.027947217
0.0,0.37089717
0.0,0.14897671
0.0,0.011941582
0.0,0.97129107
1.0,0.9991684
1.0,0.99984705
1.0,0.9892416
1.0,0.97498024
1.0,0.9994686
0.0,0.9891566
0.0,0.027167618
0.0,0.057879627
0.0,0.06978679
1.0,0.9056323
0.0,0.027009696
1.0,0.9967687
0.0,0.015656322
0.0,0.9624057
0.0,0.969245
0.0,0.034408003
0.0,0.036868483
0.0,0.68876725
0.0,0.38109607
0.0,0.015574783
1.0,0.96628076
1.0,0.95319694
0.0,0.4520956
0.0,0.487199
0.0,0.012506157
0.0,0.018844664
1.0,0.99824095
0.0,0.0094766915
1.0,0.33819538
0.0,0.035105973
1.0,0.60269827
0.0,0.022473872
0.0,0.16752678
1.0,0.95692885
0.0,0.012051076
1.0,0.9858943
0.0,0.0912064
0.0,0.7495658
0.0,0.29770422
0.0,0.0114656985
0.0,0.011538506
1.0,0.98705876
1.0,0.99946976
0.0,0.38474804
0.0,0.041357815
0.0,0.024658859
0.0,0.40172264
1.0,0.809311
0.0,0.82530785
1.0,0.4325505
1.0,0.92778194
0.0,0.9122628
0.0,0.017986298
0.0,0.119111836
0.0,0.12106672
0.0,0.07163614
0.0,0.46051654
0.0,0.03660056
0.0,0.8786964
0.0,0.3095426
1.0,0.9855145
0.0,0.998758
0.0,0.01632753
1.0,0.98176575
0.0,0.071618825
0.0,0.038211673
0.0,0.009745568
0.0,0.030345827
1.0,0.16001692
1.0,0.96439254
1.0,0.96767294
0.0,0.024342567
0.0,0.025945723
0.0,0.02843988
0.0,0.9414087
0.0,0.6420239
0.0,0.95933986
1.0,0.9997008
1.0,0.999311
1.0,0.9736699
0.0,0.056520075
1.0,0.9997462
1.0,0.68189156
0.0,0.023701698
1.0,0.9799808
0.0,0.027849108
0.0,0.019812256
0.0,0.9299483
1.0,0.997
1.0,0.9391388
1.0,0.84689534
0.0,0.9122504
0.0,0.5845457
0.0,0.025017321
1.0,0.99878937
1.0,0.9987591
1.0,0.9971125
1.0,0.9576218
0.0,0.076390564
0.0,0.023520231
0.0,0.02074954
0.0,0.6473723
1.0,0.9718746
0.0,0.0256252
0.0,0.082405865
0.0,0.44042313
1.0,0.5631294
0.0,0.2314809
0.0,0.099339664
0.0,0.21006867
0.0,0.9712851
0.0,0.082146674
0.0,0.10967064
0.0,0.0065645278
0.0,0.4392742
0.0,0.012191087
1.0,0.9989095
1.0,0.8604658
0.0,0.8837824
0.0,0.980574
0.0,0.061041057
1.0,0.981388
0.0,0.023101985
0.0,0.04159999
0.0,0.8992579
0.0,0.003210634
1.0,0.88854146
0.0,0.016744256
0.0,0.06655085
1.0,0.6834334
1.0,0.994936
1.0,0.9942125
0.0,0.03647116
0.0,0.107564986
1.0,0.9829659
1.0,0.99968547
1.0,0.99555
0.0,0.9058664
0.0,0.83687377
0.0,0.01869592
1.0,0.4925118
1.0,0.99594474
0.0,0.013404131
0.0,0.76744616
1.0,0.9474205
1.0,0.99313116
0.0,0.032720506
1.0,0.9905089
1.0,0.74518114
0.0,0.039858937
1.0,0.19854492
0.0,0.022037297
0.0,0.028424859
0.0,0.9289471
0.0,0.06714648
1.0,0.92632616
0.0,0.10292336
1.0,0.8617022
1.0,0.85253525
1.0,0.8842895
0.0,0.013016969
0.0,0.9167038
1.0,0.8237985
0.0,0.018550754
1.0,0.76966643
1.0,0.9880265
0.0,0.9937923
0.0,0.16308191
1.0,0.3452729
1.0,0.99954396
0.0,0.02392435
1.0,0.7091936
1.0,0.46449292
1.0,0.9899603
1.0,0.99974513
1.0,0.9619305
1.0,0.9967682
0.0,0.07735622
0.0,0.8067195
0.0,0.046646804
1.0,0.9992062
1.0,0.58528584
0.0,0.43844375
0.0,0.07824507
1.0,0.26540554
0.0,0.023978323
1.0,0.9952358
0.0,0.7502966
1.0,0.9021387
1.0,0.99941283
0.0,0.17199561
1.0,0.83927035
0.0,0.2931029
1.0,0.9999112
1.0,0.9961015
1.0,0.44304952
0.0,0.2103329
0.0,0.05101797
1.0,0.9043169
0.0,0.19705838
1.0,0.9955406
0.0,0.023518354
0.0,0.85594827
0.0,0.18116194
0.0,0.168524
0.0,0.0187684
0.0,0.6258585
0.0,0.30006593
1.0,0.983345
1.0,0.63520384
0.0,0.02981022
1.0,0.9997359
1.0,0.84549016
0.0,0.88837695
0.0,0.89987874
0.0,0.22266746
0.0,0.030191898
0.0,0.018423826
0.0,0.09266585
1.0,0.55916184
1.0,0.9990584
0.0,0.020988286
0.0,0.010105222
0.0,0.9144083
0.0,0.8471489
0.0,0.48083803
1.0,0.98828304
0.0,0.16893792
0.0,0.018413574
1.0,0.93081784
1.0,0.9703957
0.0,0.01940164
0.0,0.23281932
0.0,0.020397961
1.0,0.9769233
1.0,0.9974643
0.0,0.01543352
0.0,0.053215712
0.0,0.014497608
0.0,0.48883608
0.0,0.00913769
1.0,0.99588645
1.0,0.8520433
1.0,0.34455615
0.0,0.007686794
1.0,0.24533632
0.0,0.7791026
1.0,0.9998012
1.0,0.97824126
0.0,0.02302441
0.0,0.0010171831
0.0,0.006374389
0.0,0.40216523
0.0,0.9677297
1.0,0.99986935
0.0,0.85015965
0.0,0.9325558
0.0,0.20279706
0.0,0.0015485585
0.0,0.17069417
0.0,0.07893965
0.0,0.2720096
1.0,0.38591367
1.0,0.99833405
0.0,0.0005624294
0.0,0.7816533
0.0,0.44069162
0.0,0.024995863
1.0,0.9989866
0.0,0.07352191
0.0,0.15461963
1.0,0.9772762
0.0,0.9826733
0.0,0.02329284
0.0,0.052128464
0.0,0.018274635
1.0,0.9979062
1.0,0.9936856
0.0,0.02936384
1.0,0.69283223
1.0,0.9992109
1.0,0.96152306
0.0,0.24103579
0.0,0.2236054
1.0,0.96997017
1.0,0.99917424
0.0,0.029275507
1.0,0.99861574
0.0,0.020136297
1.0,0.99290127
1.0,0.9907686
1.0,0.9918902
0.0,0.09567705
1.0,0.82557034
1.0,0.84443426
0.0,0.25910032
0.0,0.024269909
0.0,0.99642646
0.0,0.19101477
0.0,0.023219854
0.0,0.009981692
1.0,0.9996542
0.0,0.20582959
0.0,0.12798363
0.0,0.8269718
0.0,0.02839914
0.0,0.037640125
0.0,0.059282273
1.0,0.9665336
0.0,0.080203444
0.0,0.10835093
0.0,0.7939433
1.0,0.940765
1.0,0.9559466
1.0,0.98653376
1.0,0.99869907
0.0,0.018782586
0.0,0.045922726
0.0,0.093271255
0.0,0.10568026
0.0,0.8598748
0.0,0.08735931
1.0,0.96931106
0.0,0.6406076
1.0,0.34467667
1.0,0.03295234
1.0,0.8457512
0.0,0.09763095
0.0,0.010178775
0.0,0.001156807
0.0,0.018954694
1.0,0.93697107
1.0,0.97481275
1.0,0.8827258
1.0,0.978521
1.0,0.99968576
0.0,0.030827045
0.0,0.09540066
0.0,0.98537624
0.0,0.011243343
1.0,0.99845064
0.0,0.013328999
0.0,0.9745894
1.0,0.9933392
1.0,0.28642738
0.0,0.019908547
0.0,0.56366205
0.0,0.41091293
0.0,0.7775402
1.0,0.92288554
0.0,0.9994159
0.0,0.6868288
1.0,0.99923897
0.0,0.057773143
1.0,0.99808437
1.0,0.97475564
0.0,0.003360927
0.0,0.43592605
0.0,0.021707386
0.0,0.044926494
1.0,0.87035286
0.0,0.07107803
0.0,0.34118873
0.0,0.9609854
0.0,0.014509916
1.0,0.99404776
1.0,0.5322017
1.0,0.9262204
1.0,0.98001814
0.0,0.86269057
0.0,0.04569426
1.0,0.9088328
0.0,0.007895827
1.0,0.5596521
0.0,0.07176855
1.0,0.9925612
1.0,0.99954224
0.0,0.5322635
0.0,0.28648216
0.0,0.92584586
0.0,0.020688444
0.0,0.07410899
0.0,0.029232413
1.0,0.98161715
0.0,0.014582574
0.0,0.08048779
0.0,0.38568938
0.0,0.32464117
0.0,0.05241689
0.0,0.00046670437
0.0,0.36392862
0.0,0.0065482855
0.0,0.000564754
0.0,0.029909402
0.0,0.553635
0.0,0.03294772
1.0,0.7844529
0.0,0.53617644
1.0,0.99339
0.0,0.020043433
0.0,0.01860848
1.0,0.86052567
0.0,0.037234038
1.0,0.99402547
0.0,0.096015066
1.0,0.9995684
0.0,0.9330025
0.0,0.11301345
1.0,0.9193146
1.0,0.26693434
0.0,0.012729615
0.0,0.05929482
0.0,0.0010187626
0.0,0.012529701
0.0,0.012839228
0.0,0.9352574
1.0,0.9984875
1.0,0.9257146
0.0,0.13902953
0.0,0.14806408
1.0,0.6915452
1.0,0.8951572
1.0,0.9050752
0.0,0.006033838
1.0,0.24619287
0.0,0.20286322
1.0,0.6186065
0.0,0.01719883
1.0,0.91628647
0.0,0.06372321
0.0,0.44911343
0.0,0.2797512
0.0,0.9347296
1.0,0.97662
0.0,0.08001524
0.0,0.33126855
1.0,0.99971706
0.0,0.0036516786
0.0,0.94381166
0.0,0.7188716
1.0,0.99738646
0.0,0.5513871
0.0,0.06373501
0.0,0.9995103
1.0,0.9836215
0.0,0.005600661
0.0,0.7329871
0.0,0.04101509
1.0,0.48409516
0.0,0.031552672
1.0,0.99803174
0.0,0.62865967
1.0,0.7536222
1.0,0.9994006
0.0,0.99299955
1.0,0.9992726
1.0,0.99953943
0.0,0.01486972
0.0,0.9642307
0.0,0.07224229
1.0,0.9991833
0.0,0.19123268
1.0,0.97507226
1.0,0.339378
0.0,0.061023206
1.0,0.99820536
0.0,0.61233217
1.0,0.9464059
0.0,0.88026077
1.0,0.8566394
0.0,0.8420701
1.0,0.0008870661
0.0,0.27367398
0.0,0.017089784
0.0,0.008801311
0.0,0.007997841
0.0,0.012714654
0.0,0.012395114
0.0,0.0031869113
0.0,0.10755405
0.0,0.2175174
0.0,0.85485935
0.0,0.4854607
0.0,0.017944068
1.0,0.97395766
1.0,0.40108418
0.0,0.7243905
1.0,0.026728243
0.0,0.056512713
0.0,0.37784934
0.0,0.9065468
0.0,0.041541994
0.0,0.0470984
0.0,0.07525012
1.0,0.95106864
0.0,0.0074951053
0.0,0.029972464
1.0,0.012126952
0.0,0.011968523
1.0,0.9403455
0.0,0.038636148
0.0,0.13155109
1.0,0.781664
0.0,0.03211075
1.0,0.96968764
0.0,0.015484929
0.0,0.00036111474
0.0,0.015485823
1.0,0.99405897
0.0,0.08679369
1.0,0.7352772
1.0,0.95264316
0.0,0.9966197
0.0,0.019755393
1.0,0.040944368
0.0,0.02702868
0.0,0.14693534
0.0,0.8921046
0.0,0.019253016
0.0,0.71672547
0.0,0.99158806
1.0,0.44149417
0.0,0.086973846
1.0,0.9471216
0.0,0.0099217
0.0,0.0037811995
0.0,0.017385423
1.0,0.97848487
1.0,0.99901104
0.0,0.19514167
0.0,0.42844528
0.0,0.002426654
0.0,0.16096357
0.0,0.08575904
0.0,0.024726927
0.0,0.004295498
1.0,0.22439623
1.0,0.99581695
0.0,0.06801897
0.0,0.996639
1.0,0.8836509
0.0,0.0007314682
1.0,0.9815405
0.0,0.015560567
0.0,0.046936065
1.0,0.9989414
0.0,0.88137054
1.0,0.9629098
1.0,0.9927336
1.0,0.9915082
0.0,0.51247174
0.0,0.04267353
0.0,0.501049
1.0,0.98102987
0.0,0.67444634
1.0,0.9987421
0.0,0.05895096
0.0,0.039438397
0.0,0.48120505
1.0,0.9955481
0.0,0.014101446
0.0,0.09041646
0.0,0.8511741
1.0,0.02068451
1.0,0.9987925
0.0,0.12955692
0.0,0.012987375
1.0,0.99798614
1.0,0.98563594
1.0,0.8855946
1.0,0.36916322
0.0,0.009480983
1.0,0.93480265
0.0,0.09792879
0.0,0.19209623
0.0,0.021704942
1.0,0.9743651
0.0,0.12704712
0.0,0.20539221
0.0,0.010792553
1.0,0.9405563
0.0,0.5539185
1.0,0.99973166
1.0,0.9920195
0.0,0.032980233
1.0,0.8038038
0.0,0.0443936
1.0,0.6333935
0.0,0.74143654
0.0,0.035532594
0.0,0.023444444
0.0,0.06431013
1.0,0.99414206
0.0,0.093739
0.0,0.31575632
0.0,0.5762883
1.0,0.9999519
1.0,0.95157415
0.0,0.015535325
1.0,0.99836946
1.0,0.99898446
1.0,0.9999149
1.0,0.62904304
0.0,0.707047
1.0,0.8950531
0.0,0.05733961
0.0,0.5997452
1.0,0.55908746
0.0,0.094534665
0.0,0.118349046
0.0,0.23988318
1.0,0.6898755
0.0,0.52705723
0.0,0.28662598
1.0,0.9627677
0.0,0.06106913
1.0,0.9780982
0.0,0.027223974
0.0,0.9378278
1.0,0.8921509
1.0,0.95923674
0.0,0.016185224
1.0,0.8937784
1.0,0.9977001
0.0,0.8691025
0.0,0.7187223
1.0,0.7848795
0.0,0.12511566
1.0,0.9978413
0.0,0.06616959
0.0,0.09778133
1.0,0.6407651
1.0,0.9921353
0.0,0.07465401
1.0,0.65226465
0.0,0.61972463
0.0,0.09864017
1.0,0.9996369
0.0,0.018633276
0.0,0.19239289
0.0,0.045577884
1.0,0.94763255
0.0,0.0069159865
0.0,0.008711278
1.0,0.92215407
1.0,0.9970045
0.0,0.032186836
0.0,0.8105594
0.0,0.0043696463
1.0,0.44110903
0.0,0.5871623
0.0,0.012061685
0.0,0.024186522
0.0,0.031281263
0.0,0.01640749
1.0,0.2779615
0.0,0.28020862
0.0,0.025137246
0.0,0.2213988
1.0,0.9992752
1.0,0.9999114
1.0,0.82653034
0.0,0.41049534
0.0,0.03832385
0.0,0.9987309
1.0,0.9997097
0.0,0.07123098
1.0,0.9759959
0.0,0.018213302
1.0,0.9903354
0.0,0.15745145
1.0,0.99393237
0.0,0.9799586
1.0,0.9464183
0.0,0.1592927
0.0,0.21535903
1.0,0.82831573
1.0,0.9956331
1.0,0.99861157
0.0,0.15644443
1.0,0.99400246
1.0,0.8126657
1.0,0.2434912
0.0,0.0024440587
1.0,0.7959824
0.0,0.008462191
0.0,0.8189292
1.0,0.740705
0.0,0.3529752
0.0,0.036016762
0.0,0.13361707
0.0,0.17509949
0.0,0.32893908
1.0,0.9936743
1.0,0.9929242
0.0,0.6111336
0.0,0.9071858
0.0,0.029335856
1.0,0.99959326
0.0,0.80903417
0.0,0.33231267
0.0,0.020097315
0.0,0.014819711
0.0,0.07825199
0.0,0.99070275
1.0,0.9992661
1.0,0.9997556
1.0,0.19204706
0.0,0.38431558
0.0,0.021473318
0.0,0.007682413
0.0,0.012147665
0.0,0.10603449
1.0,0.9975569
0.0,0.02519542
0.0,0.32042456
1.0,0.99956846
0.0,0.048588067
1.0,0.22870737
1.0,0.96904194
0.0,0.76144326
0.0,0.0122489035
0.0,0.13647088
1.0,0.88390946
0.0,0.47871315
0.0,0.02423662
1.0,0.9256751
1.0,0.68863726
0.0,0.010698229
0.0,0.024963409
0.0,0.6608364
0.0,0.023401469
0.0,0.8168386
1.0,0.7048246
1.0,0.96959007
0.0,0.01977083
0.0,0.016047686
0.0,0.8760022
0.0,0.27007848
1.0,0.99948436
0.0,0.013310105
1.0,0.99718356
0.0,0.07776791
1.0,0.99954164
0.0,0.005015284
1.0,0.9945169
1.0,0.9747093
0.0,0.033477217
0.0,0.283685
0.0,0.0018865764
0.0,0.27199954
1.0,0.8206601
1.0,0.003978461
1.0,0.5941965
1.0,0.19880864
1.0,0.73324406
0.0,0.0005519092
1.0,0.97700953
1.0,0.77566206
0.0,0.04364893
0.0,0.014267027
0.0,0.024700224
1.0,0.9656413
1.0,0.99977833
0.0,0.97888803
0.0,0.034136087
1.0,0.9756578
0.0,0.0045920312
0.0,0.03802237
1.0,0.9971808
0.0,0.7121352
0.0,0.093361944
1.0,0.8396692
1.0,0.9023119
0.0,0.0076010227
0.0,0.0297606
0.0,0.087667346
1.0,0.9966995
1.0,0.9984244
0.0,0.9327271
0.0,0.7192906
1.0,0.9889011
1.0,0.91308606
0.0,0.012315452
0.0,0.177921
0.0,0.038587064
1.0,0.26891416
1.0,0.86988604
0.0,0.04551679
0.0,0.07666555
1.0,0.9907898
0.0,0.025421232
0.0,0.03989461
0.0,0.16472936
0.0,0.7858188
1.0,0.96624833
0.0,0.9739963
0.0,0.033105463
0.0,0.9387221
0.0,0.4316682
0.0,0.073188335
1.0,0.9857728
1.0,0.86915946
0.0,0.3830429
1.0,0.9997828
0.0,0.16722107
1.0,0.9925289
1.0,0.021899164
1.0,0.9874277
0.0,0.018825144
0.0,0.9630914
0.0,0.04398206
1.0,0.9997153
0.0,0.019922674
1.0,0.988848
0.0,0.1927599
0.0,0.009569943
1.0,0.1367287
1.0,0.99919784
0.0,0.013831168
1.0,0.8849118
0.0,0.030292243
1.0,0.9612783
0.0,0.012665451
1.0,0.84131324
1.0,0.21755013
0.0,0.12222901
0.0,0.018836886
0.0,0.06859562
0.0,0.007705152
0.0,0.017110527
0.0,0.9348407
0.0,0.24133673
0.0,0.05900216
0.0,0.99737954
0.0,0.0036391914
1.0,0.9974785
0.0,0.4037576
0.0,0.35708237
1.0,0.9998633
0.0,0.06713489
1.0,0.9998424
0.0,0.017241567
1.0,0.99975383
0.0,0.010576785
0.0,0.06633237
1.0,0.9997103
0.0,0.030385464
0.0,0.014472574
0.0,0.08452326
1.0,0.99141467
1.0,0.599849
0.0,0.03495401
1.0,0.97292995
1.0,0.5628064
1.0,0.9979696
0.0,0.66243684
1.0,0.66164494
1.0,0.97707295
0.0,0.5370965
1.0,0.661309
1.0,0.8713237
0.0,0.024937928
0.0,0.01404947
0.0,0.09905803
0.0,0.03917542
0.0,0.046082735
0.0,0.027219266
0.0,0.031470507
0.0,0.0068622828
1.0,0.9788286
0.0,0.17982483
0.0,0.021752864
0.0,0.083467185
0.0,0.4298878
1.0,0.9275356
0.0,0.011921972
1.0,0.9391401
0.0,0.8318032
0.0,0.05660081
1.0,0.70775694
1.0,0.96107507
0.0,0.22439483
0.0,0.05201912
1.0,0.9910308
0.0,0.996019
0.0,0.03955391
1.0,0.93432057
1.0,0.76988316
1.0,0.6592335
1.0,0.9563265
0.0,0.09211832
0.0,0.012135237
1.0,0.750342
0.0,0.029873192
0.0,0.002846539
1.0,0.99843097
1.0,0.97268516
1.0,0.99977267
0.0,0.020587772
1.0,0.59338325
1.0,0.98774546
1.0,0.94953513
0.0,0.016134858
0.0,0.013850749
1.0,0.24989378
0.0,0.038360834
0.0,0.880893
0.0,0.07772815
1.0,0.9999535
0.0,0.030552387
0.0,0.11004561
0.0,0.22494826
0.0,0.7669733
0.0,0.27694115
0.0,0.009540468
0.0,0.97256136
1.0,0.99917066
0.0,0.1423513
1.0,0.82326555
0.0,0.030661136
0.0,0.573823
0.0,0.9337436
1.0,0.009192437
0.0,0.8527366
0.0,0.008032888
0.0,0.008603722
0.0,0.5970501
0.0,0.18415824
1.0,0.99652624
0.0,0.36340117
1.0,0.9177559
0.0,0.22393721
0.0,0.07283223
0.0,0.04306537
0.0,0.90954685
0.0,0.04172471
0.0,0.40376213
0.0,0.10837263
0.0,0.07814449
1.0,0.98187464
0.0,0.059993356
1.0,0.55352986
1.0,0.7171624
0.0,0.041447103
0.0,0.06372228
1.0,0.98093134
0.0,0.019838095
1.0,0.91804063
1.0,0.89166963
0.0,0.05508986
1.0,0.8126675
0.0,0.008070171
1.0,0.98778707
0.0,0.13927326
0.0,0.2831745
1.0,0.67723906
0.0,0.98651576
0.0,0.010539204
0.0,0.51297736
1.0,0.8624095
1.0,0.9967225
0.0,0.012595564
0.0,0.28926742
1.0,0.64576197
0.0,0.73147464
1.0,0.693342
0.0,0.32889977
1.0,0.6816213
0.0,0.96891534
0.0,0.045678467
0.0,0.93105435
0.0,0.01906702
0.0,0.11793733
1.0,0.04325679
0.0,0.7682905
1.0,0.98091185
0.0,0.044436514
1.0,0.8097327
0.0,0.037177116
0.0,0.012600303
0.0,0.075140625
0.0,0.040547073
0.0,0.07278249
0.0,0.18462795
0.0,0.11488837
0.0,0.2712906
1.0,0.9480093
0.0,0.027440727
0.0,0.13300312
1.0,0.89791614
1.0,0.7766736
0.0,0.020694315
0.0,0.044423252
1.0,0.8504497
0.0,0.33312953
1.0,0.035777003
1.0,0.99531853
1.0,0.8482362
1.0,0.89223194
0.0,0.044996828
0.0,0.01208663
1.0,0.88777924
0.0,0.18394563
1.0,0.99743605
1.0,0.8437377
1.0,0.99794424
0.0,0.35129365
0.0,0.010425091
0.0,0.05137375
0.0,0.046918035
1.0,0.946694
1.0,0.95397425
0.0,0.24538705
0.0,0.124623656
0.0,0.10598987
0.0,0.5369568
1.0,0.12981623
1.0,0.7774093
1.0,0.97226214
0.0,0.8426276
1.0,0.4642397
1.0,0.94601524
1.0,0.96351194
1.0,0.98252976
0.0,0.71644217
0.0,0.9025644
0.0,0.89325166
0.0,0.018680722
1.0,0.98931974
1.0,0.99878776
1.0,0.96315813
1.0,0.9528301
0.0,0.09415117
0.0,0.020867437
0.0,0.04990661
0.0,0.46466106
1.0,0.9902067
0.0,0.056916535
0.0,0.026341856
0.0,0.723972
0.0,0.018550187
1.0,0.8654224
1.0,0.77387005
1.0,0.9957423
0.0,0.033367276
0.0,0.6917936
1.0,0.9247509
1.0,0.9999403
0.0,0.084022164
1.0,0.9851977
0.0,0.894704
1.0,0.9994171
1.0,0.999359
1.0,0.64456105
0.0,0.056782514
0.0,0.0962812
1.0,0.99969923
0.0,0.43242282
0.0,0.6151128
1.0,0.9996141
0.0,0.08062601
0.0,0.13897792
0.0,0.2042343
1.0,0.8608942
0.0,0.73571795
0.0,0.7474723
1.0,0.9735284
0.0,0.76751345
0.0,0.042851
0.0,0.037715405
0.0,0.13990349
1.0,0.8028443
0.0,0.9820174
0.0,0.02066356
0.0,0.0058528483
1.0,0.82551587
0.0,0.034451425
0.0,0.006544322
1.0,0.68634725
0.0,0.26516038
0.0,0.025566787
1.0,0.99937916
1.0,0.9849831
0.0,0.009829819
1.0,0.42123902
1.0,0.8572476
0.0,0.432609
0.0,0.915463
1.0,0.7245413
1.0,0.7730273
0.0,0.038830906
1.0,0.4589992
1.0,0.43495154
1.0,0.70463
0.0,0.32324272
1.0,0.26630846
0.0,0.016099066
1.0,0.9411967
0.0,0.0063681006
1.0,0.99592406
0.0,0.7774167
0.0,0.43850455
1.0,0.7414088
0.0,0.035110205
1.0,0.97152984
1.0,0.71686995
1.0,0.9922241
1.0,0.66681886
0.0,0.030051798
1.0,0.06947765
0.0,0.8069488
0.0,0.009140879
0.0,0.029383898
0.0,0.045040876
1.0,0.99666333
0.0,0.02130279
0.0,0.6613981
0.0,0.8039948
0.0,0.3480426
1.0,0.9815556
0.0,0.5900968
0.0,0.0042325854
0.0,0.068229645
0.0,0.72951126
1.0,0.9680387
0.0,0.029984266
1.0,0.96645397
1.0,0.98911643
0.0,0.99185526
0.0,0.010249108
0.0,0.020253807
1.0,0.9975624
0.0,0.03429681
1.0,0.05841407
1.0,0.95366716
1.0,0.9956548
0.0,0.9636493
0.0,0.34981477
0.0,0.020744622
0.0,0.8880259
0.0,0.054421216
0.0,0.01877293
0.0,0.7415904
1.0,0.7488656
0.0,0.2415205
1.0,0.9943754
0.0,0.22208428
1.0,0.99455106
1.0,0.9963999
1.0,0.79911983
1.0,0.9846448
0.0,0.93629277
0.0,0.9427192
0.0,0.49101454
1.0,0.8527856
1.0,0.99213094
0.0,0.02711925
1.0,0.51080817
1.0,0.9866452
1.0,0.99504215
1.0,0.9357395
0.0,0.9271771
0.0,0.038479358
1.0,0.90835965
0.0,0.028360039
0.0,0.15291291
1.0,0.996366
0.0,0.008035302
0.0,0.43148246
0.0,0.7442756
0.0,0.034098476
0.0,0.089719
1.0,0.9997865
0.0,0.027182788
0.0,0.751029
1.0,0.85909194
0.0,0.09152594
1.0,0.9938568
0.0,0.09379545
0.0,0.018987268
0.0,0.01959002
0.0,0.11845887
1.0,0.89775974
0.0,0.20408702
0.0,0.17125884
1.0,0.99148
1.0,0.9266039
0.0,0.077165246
0.0,0.020635873
0.0,0.015419394
1.0,0.9858905
0.0,0.019659191
1.0,0.99463224
1.0,0.5847759
1.0,0.48215762
1.0,0.9639592
1.0,0.9332361
0.0,0.9921683
1.0,0.9661391
1.0,0.9995614
0.0,0.03568393
0.0,0.015939206
0.0,0.025465786
1.0,0.9309478
0.0,0.02299571
0.0,0.021289468
0.0,0.27756846
1.0,0.99906486
0.0,0.098686785
1.0,0.8285183
0.0,0.6808167
0.0,0.8098162
0.0,0.13713637
0.0,0.073653996
0.0,0.0132415
1.0,0.89893234
1.0,0.9988045
0.0,0.06525475
0.0,0.08913028
1.0,0.89062613
0.0,0.015202671
1.0,0.9985467
0.0,0.04184556
0.0,0.014464796
0.0,0.016702086
1.0,0.99883807
1.0,0.6756022
0.0,0.021567404
0.0,0.119701594
1.0,0.860114
0.0,0.5709031
0.0,0.015277684
1.0,0.9925145
1.0,0.999754
1.0,0.9864416
0.0,0.033516586
1.0,0.980237
1.0,0.9986452
0.0,0.42962232
0.0,0.07662678
0.0,0.0066064894
0.0,0.028223574
0.0,0.0082167685
0.0,0.119022906
1.0,0.8756129
1.0,0.96328115
0.0,0.057193816
0.0,0.0047141016
0.0,0.57003516
0.0,0.54595983
1.0,0.99037933
0.0,0.9036891
0.0,0.051405042
0.0,0.9263173
0.0,0.97908455
1.0,0.37069649
0.0,0.0061195195
0.0,0.85915136
1.0,0.9865061
0.0,0.02104333
0.0,0.6124592
0.0,0.023231208
0.0,0.0030189455
1.0,0.9479779
1.0,0.8837592
0.0,0.112636834
0.0,0.9681829
0.0,0.011122793
0.0,0.999099
0.0,0.99284923
0.0,0.14244026
0.0,0.0051038563
0.0,0.2614597
1.0,0.07155663
0.0,0.03534943
1.0,0.7618126
0.0,0.8998615
0.0,0.0051831603
0.0,0.034290463
0.0,0.42361033
0.0,0.329686
0.0,0.045623243
1.0,0.99550426
0.0,0.019833475
0.0,0.88843286
0.0,0.05149263
1.0,0.9222934
1.0,0.9954848
0.0,0.095704824
0.0,0.56078875
0.0,0.017898053
1.0,0.99994105
1.0,0.89610565
1.0,0.99408185
0.0,0.04510364
1.0,0.9999107
0.0,0.046687514
0.0,0.044772774
0.0,0.079696834
1.0,0.0036914349
0.0,0.006950736
0.0,0.038488925
1.0,0.9997215
1.0,0.21818659
0.0,0.17934653
1.0,0.99980223
0.0,0.03484589
1.0,0.7892745
0.0,0.06716037
1.0,0.97022974
0.0,0.9993167
0.0,0.277175
1.0,0.961015
0.0,0.0089740455
0.0,0.38200492
0.0,0.0342305
0.0,0.01916051
0.0,0.13802797
0.0,0.01870069
1.0,0.90714365
1.0,0.8770126
0.0,0.8232056
0.0,0.038669765
0.0,0.011876643
0.0,0.65832484
1.0,0.9984254
0.0,0.024063438
0.0,0.39261615
0.0,0.9269401
0.0,0.28140312
0.0,0.019087046
1.0,0.9744694
1.0,0.99243706
0.0,0.0068572164
0.0,0.049924523
0.0,0.07781726
0.0,0.020528436
1.0,0.9841807
0.0,0.94820416
0.0,0.23526832
0.0,0.018557489
1.0,0.84062254
0.0,0.005635977
0.0,0.3173598
1.0,0.9985268
0.0,0.017547607
0.0,0.33537188
1.0,0.9055512
1.0,0.8293184
1.0,0.99887234
0.0,0.010549635
0.0,0.016654849
0.0,0.15069142
0.0,0.013563573
1.0,0.98030674
0.0,0.3249112
1.0,0.2579565
0.0,0.0049372017
0.0,0.008701056
0.0,0.16710311
1.0,0.9965347
0.0,0.98518646
0.0,0.49884596
0.0,0.4761288
1.0,0.85711247
0.0,0.008040458
0.0,0.58529764
0.0,0.0047570765
1.0,0.09285617
0.0,0.027403355
0.0,0.006010473
1.0,0.2309325
1.0,0.9995345
0.0,0.006593615
1.0,0.99805963
1.0,0.99154043
1.0,0.9631368
1.0,0.9819101
0.0,0.021401256
1.0,0.95408636
0.0,0.9999872
1.0,0.12495655
0.0,0.021872848
1.0,0.65762764
0.0,0.20065597
1.0,0.09846723
1.0,0.999869
1.0,0.3730753
0.0,0.010827959
0.0,0.9241766
0.0,0.8136889
0.0,0.03842631
0.0,0.028763175
0.0,0.39434403
1.0,0.99991214
1.0,0.9983857
1.0,0.77609944
0.0,0.03080386
0.0,0.01381883
0.0,0.2902933
0.0,0.48352078
1.0,0.026252985
0.0,0.15809688
0.0,0.03521532
0.0,0.022064656
0.0,0.65724134
1.0,0.9163759
0.0,0.9195585
0.0,0.9670475
0.0,0.36419797
1.0,0.8939891
0.0,0.09337655
0.0,0.38396266
1.0,0.37714794
0.0,0.83592653
1.0,0.8777405
0.0,0.02637887
0.0,0.2743351
0.0,0.021853834
0.0,0.037472516
0.0,0.02374062
1.0,0.99623024
0.0,0.1393319
0.0,0.08380577
1.0,0.99256784
1.0,0.98323673
0.0,0.71691835
1.0,0.044139326
0.0,0.18631965
0.0,0.1255207
1.0,0.970502
0.0,0.013684601
0.0,0.6197566
0.0,0.03748563
0.0,0.023393631
1.0,0.9983727
1.0,0.9840707
1.0,0.92410177
1.0,0.99517643
0.0,0.14775243
0.0,0.029554069
0.0,0.27199373
1.0,0.99842924
0.0,0.1670689
0.0,0.024563402
1.0,0.9987001
1.0,0.95644987
1.0,0.9488319
0.0,0.02567336
0.0,0.36035687
0.0,0.13482758
1.0,0.99858296
1.0,0.9976337
1.0,0.97024834
0.0,0.4021088
0.0,0.0130337775
0.0,0.0029830039
1.0,0.95592415
1.0,0.57403606
0.0,0.54483575
1.0,0.96736
1.0,0.29739934
1.0,0.9979649
1.0,0.88703704
0.0,0.06142935
0.0,0.034243017
1.0,0.77150226
1.0,0.8619328
0.0,0.14128128
0.0,0.036478043
0.0,0.010281742
0.0,0.038055003
0.0,0.024905741
0.0,0.91097975
0.0,0.014640927
0.0,0.12944704
1.0,0.9167179
1.0,0.930295
0.0,0.61377406
1.0,0.99827343
0.0,0.0057120025
1.0,0.97979534
0.0,0.26305652
1.0,0.99865365
0.0,0.014544398
0.0,0.018743575
0.0,0.019450605
0.0,0.93164647
1.0,0.21719289
1.0,0.9994192
0.0,0.03994131
0.0,0.11133766
1.0,0.6085358
0.0,0.02103445
1.0,0.99221075
1.0,0.7918458
0.0,0.048823416
0.0,0.031532228
0.0,0.47038996
0.0,0.9995729
0.0,0.9076371
0.0,0.0126903355
0.0,0.84051526
0.0,0.011770308
1.0,0.971789
1.0,0.997042
1.0,0.92190236
1.0,0.97132486
0.0,0.0068626106
0.0,0.5420059
1.0,0.97054374
0.0,0.96233463
0.0,0.042720944
0.0,0.0501014
1.0,0.91639066
1.0,0.37354112
0.0,0.03643748
1.0,0.90263766
1.0,0.99798834
0.0,0.0009278655
0.0,0.01963079
1.0,0.9983131
0.0,0.0077281
0.0,0.9348432
0.0,0.008500457
0.0,0.25284952
1.0,0.17145777
0.0,0.030822754
0.0,0.018259764
0.0,0.42759293
1.0,0.57483065
0.0,0.012808889
0.0,0.05746895
1.0,0.99230486
0.0,0.007822841
0.0,0.657488
0.0,0.99864554
1.0,0.9994284
1.0,0.56055886
1.0,0.6340482
0.0,0.10647982
0.0,0.48936102
1.0,0.48259383
0.0,0.0072870255
0.0,0.009819001
0.0,0.46478567
0.0,0.014788002
1.0,0.36172205
0.0,0.26631868
0.0,0.9311331
1.0,0.6680827
0.0,0.018087894
0.0,0.07733175
0.0,0.7353805
0.0,0.3671962
1.0,0.9431602
1.0,0.9968574
0.0,0.6603651
1.0,0.87045825
0.0,0.031927437
0.0,0.072331786
0.0,0.022936702
1.0,0.7622193
0.0,0.011129469
0.0,0.016796857
1.0,0.7301325
1.0,0.8767756
1.0,0.98548126
0.0,0.601161
1.0,0.9369071
1.0,0.9945489
0.0,0.000456661
0.0,0.8971995
0.0,0.9747969
1.0,0.8509803
0.0,0.042921275
0.0,0.4969792
0.0,0.02987653
0.0,0.042842537
0.0,0.035562277
0.0,0.12593207
0.0,0.5053608
0.0,0.8880335
0.0,0.7180839
1.0,0.5154333
1.0,0.9675404
1.0,0.92176014
0.0,0.018096328
1.0,0.9994532
0.0,0.53176624
0.0,0.053865314
1.0,0.9971545
0.0,0.2963401
0.0,0.01617527
0.0,0.92543596
0.0,0.03602156
0.0,0.8576577
0.0,0.94327855
0.0,0.13384771
1.0,0.9935007
0.0,0.0010649562
0.0,0.011722714
0.0,0.0055211186
1.0,0.9982048
1.0,0.99497044
0.0,0.86574394
1.0,0.8458308
0.0,0.045567274
1.0,0.30209047
0.0,0.022714853
0.0,0.025283426
1.0,0.119897515
0.0,0.020358413
0.0,0.024482816
1.0,0.8067236
0.0,0.10438338
1.0,0.0023810267
0.0,0.20080101
0.0,0.018231422
1.0,0.97262454
0.0,0.030886859
0.0,0.10535696
0.0,0.99712664
0.0,0.015872657
0.0,0.0061373115
1.0,0.9844699
0.0,0.010025054
0.0,0.061190248
0.0,0.06039384
1.0,0.7787208
0.0,0.997761
0.0,0.115151376
1.0,0.96275234
0.0,0.017999738
0.0,0.028276771
0.0,0.037369817
0.0,0.2629214
1.0,0.9683018
0.0,0.02347976
0.0,0.00089782476
0.0,0.010148793
0.0,0.014526516
0.0,0.80357254
1.0,0.9937686
1.0,0.9288127
0.0,0.014430046
1.0,0.9932077
0.0,0.031607956
0.0,0.024835259
0.0,0.0033591092
0.0,0.057925463
1.0,0.9935502
0.0,0.055379212
0.0,0.02234295
0.0,0.66021425
0.0,0.07254478
0.0,0.28293377
0.0,0.020581484
0.0,0.021116197
0.0,0.015237063
0.0,0.015828222
0.0,0.9982374
1.0,0.398263
0.0,0.05735886
0.0,0.14258212
0.0,0.04209909
1.0,0.9981003
0.0,0.13627794
1.0,0.9708171
0.0,0.17945215
0.0,0.044477075
0.0,0.06365606
1.0,0.9932271
1.0,0.99896264
1.0,0.95099294
1.0,0.7552811
0.0,0.20844
0.0,0.006891161
1.0,0.9976815
1.0,0.9816118
0.0,0.04620126
0.0,0.23947927
0.0,0.9801977
1.0,0.9954093
0.0,0.03762266
0.0,0.021989048
0.0,0.07398239
0.0,0.029426008
1.0,0.6550439
1.0,0.9918866
0.0,0.001463443
1.0,0.89706933
0.0,0.050212294
0.0,0.037091464
0.0,0.014019489
0.0,0.033448547
0.0,0.0125927925
1.0,0.96436405
0.0,0.015787542
0.0,0.26812243
0.0,0.92280316
0.0,0.10921982
0.0,0.897217
1.0,0.99983597
0.0,0.027058333
0.0,0.013614237
1.0,0.87785393
0.0,0.8416283
0.0,0.0201253
1.0,0.9988674
1.0,0.8877729
0.0,0.053827286
1.0,0.979001
0.0,0.72368443
1.0,0.6571462
1.0,0.99998367
0.0,0.12365255
1.0,0.99589425
0.0,0.1292898
0.0,0.028576791
0.0,0.346233
0.0,0.5953034
0.0,0.039140552
0.0,0.04177302
0.0,0.3881257
1.0,0.99311364
0.0,0.03487137
0.0,0.21601164
0.0,0.5077599
0.0,0.3618005
1.0,0.9851798
0.0,0.02205354
0.0,0.8010993
0.0,0.022426993
0.0,0.08202988
0.0,0.012005478
0.0,0.9971074
1.0,0.05741629
0.0,0.29328632
1.0,0.85579574
0.0,0.014142752
1.0,0.32374543
0.0,0.05873388
0.0,0.08042723
0.0,0.039201826
0.0,0.8453797
0.0,0.82923937
0.0,0.28233385
0.0,0.36298048
0.0,0.040482372
0.0,0.9824169
0.0,0.9852207
1.0,0.99369526
0.0,0.81873214
0.0,0.035005003
1.0,0.9998769
0.0,0.04795468
0.0,0.017112583
0.0,0.0017869174
1.0,0.9907966
1.0,0.67427504
1.0,0.9657433
1.0,0.9817185
0.0,0.27332228
1.0,0.77158487
0.0,0.49349344
1.0,0.39217138
0.0,0.115623176
0.0,0.99770135
0.0,0.08690423
0.0,0.112273455
0.0,0.039871424
1.0,0.98796225
1.0,0.88157237
0.0,0.9996953
1.0,0.8238606
0.0,0.024253517
1.0,0.9973262
0.0,0.013738513
0.0,0.034032494
0.0,0.98979974
0.0,0.7710625
0.0,0.06967819
0.0,0.0077575445
1.0,0.99967724
0.0,0.013054907
1.0,0.99989533
1.0,0.9815347
1.0,0.9922022
0.0,0.0062879026
0.0,0.9999212
0.0,0.01417473
0.0,0.10100603
0.0,0.20124808
1.0,0.9805881
0.0,0.6157876
0.0,0.20267493
0.0,0.07142374
0.0,0.0066474676
0.0,0.020587146
0.0,0.112006485
0.0,0.93343645
0.0,0.018036038
0.0,0.53879
1.0,0.99985826
0.0,0.56511116
0.0,0.0069612563
0.0,0.016232371
0.0,0.033794016
1.0,0.96262634
0.0,0.9436118
1.0,0.99950486
0.0,0.98289627
1.0,0.9999342
1.0,0.99606395
0.0,0.0093230605
0.0,0.47740972
0.0,0.05541885
0.0,0.6792632
0.0,0.026062846
0.0,0.943334
1.0,0.9957684
0.0,0.07766497
1.0,0.93584
0.0,0.31615952
0.0,0.0026800334
0.0,0.17088604
1.0,0.9974344
0.0,0.012880623
1.0,0.9998274
0.0,0.012937486
0.0,0.008880615
0.0,0.93932265
0.0,0.740902
0.0,0.23585495
0.0,0.07453799
1.0,0.98565185
1.0,0.9807708
0.0,0.44073212
0.0,0.08421722
0.0,0.14053264
1.0,0.95882183
0.0,0.06813571
1.0,0.88896656
0.0,0.34080225
1.0,0.9800091
1.0,0.9807884
0.0,0.0106236935
0.0,0.01266402
0.0,0.016269535
1.0,0.9846113
0.0,0.32535487
0.0,0.65364504
1.0,0.9985678
1.0,0.9797809
0.0,0.26712018
0.0,0.04358992
1.0,0.98496366
0.0,0.109525144
0.0,0.03568545
0.0,0.024768025
1.0,0.7788642
0.0,0.025869995
0.0,0.30112678
1.0,0.9925252
1.0,0.8709736
0.0,0.5189456
0.0,0.019627959
0.0,0.04464549
1.0,0.99792075
1.0,0.997988
1.0,0.81663275
0.0,0.041216582
0.0,0.020477504
0.0,0.05885592
0.0,0.011246532
1.0,0.92152405
0.0,0.031710953
0.0,0.8615966
0.0,0.103687555
0.0,0.4067275
0.0,0.15695348
0.0,0.01891303
0.0,0.46168026
0.0,0.024969786
0.0,0.012980521
1.0,0.18647447
1.0,0.93102705
0.0,0.92061853
0.0,0.49607185
1.0,0.071787566
0.0,0.0047171116
1.0,0.9810643
0.0,0.059755176
0.0,0.027039379
1.0,0.9636507
1.0,0.99975014
0.0,0.9664391
0.0,0.65093875
1.0,0.6163995
0.0,0.27835244
0.0,0.31483617
0.0,0.9998163
0.0,0.012328118
1.0,0.9898777
1.0,0.3805203
0.0,0.2807307
0.0,0.012554735
0.0,0.2435315
1.0,0.98131126
0.0,0.09068921
1.0,0.66222227
0.0,0.1691542
1.0,0.9932207
1.0,0.9786259
0.0,0.5204079
1.0,0.5727763
0.0,0.59359884
0.0,0.0024579167
1.0,0.9994193
1.0,0.35126537
0.0,0.028954118
0.0,0.65079683
0.0,0.90298784
0.0,0.7650418
1.0,0.98507917
0.0,0.076628625
0.0,0.24532759
0.0,0.028015941
1.0,0.9694045
0.0,0.03928718
0.0,0.9424393
1.0,0.9690821
0.0,0.0040248632
0.0,0.9032875
0.0,0.16650754
1.0,0.5256545
0.0,0.5920957
1.0,0.98074484
0.0,0.058439344
1.0,0.4922487
1.0,0.7514459
1.0,0.99745727
1.0,0.97029734
0.0,0.0035495758
1.0,0.97464514
0.0,0.0353525
1.0,0.9999288
1.0,0.9926127
0.0,0.41122863
1.0,0.97588265
0.0,0.01507619
1.0,0.73425275
1.0,0.6911793
0.0,0.11042121
0.0,0.99506056
1.0,0.9999454
1.0,0.32315856
0.0,0.6106487
0.0,0.88027406
0.0,0.00078246
0.0,0.059915006
0.0,0.46103173
1.0,0.8877487
1.0,0.9402093
1.0,0.7183614
1.0,0.76785386
1.0,0.9995935
1.0,0.99989617
0.0,0.42813945
1.0,0.9756828
0.0,0.012560517
0.0,0.060245454
0.0,0.038309336
1.0,0.14140996
1.0,0.81285065
0.0,0.22168803
0.0,0.04573852
0.0,0.9507749
1.0,0.9261929
1.0,0.5295588
1.0,0.9856039
0.0,0.003822744
0.0,0.99382126
0.0,0.11826187
0.0,0.20807803
0.0,0.07294738
0.0,0.022621065
1.0,0.99944717
1.0,0.9682417
0.0,0.03408605
0.0,0.054837525
0.0,0.8287319
0.0,0.7944725
0.0,0.8864908
0.0,0.16856143
0.0,0.6758112
1.0,0.6864934
0.0,0.02379337
1.0,0.99102557
0.0,0.032759517
0.0,0.3473087
0.0,0.08404651
0.0,0.77390045
1.0,0.99232924
1.0,0.8765044
1.0,0.9154455
1.0,0.8656005
0.0,0.010444701
0.0,0.20833501
1.0,0.7856119
1.0,0.9929975
0.0,0.37954366
0.0,0.014098346
0.0,0.123211056
1.0,0.5224976
0.0,0.017811865
1.0,0.14231256
0.0,0.011070371
0.0,0.09236887
0.0,0.025533855
0.0,0.0625622
0.0,0.5585012
0.0,0.045893908
0.0,0.61462474
1.0,0.99379075
0.0,0.01974082
0.0,0.8471899
0.0,0.050236046
1.0,0.4358314
0.0,0.05678898
1.0,0.9987728
0.0,0.04382044
0.0,0.04484108
0.0,0.009940356
0.0,0.6231875
0.0,0.015272766
0.0,0.017277658
1.0,0.99053127
0.0,0.9467797
1.0,0.97308135
1.0,0.99748814
0.0,0.027122378
0.0,0.13498756
1.0,0.9663551
1.0,0.9997083
0.0,0.418854
0.0,0.5318949
0.0,0.035439074
0.0,0.28851897
0.0,0.0091919005
1.0,0.9832605
0.0,0.016679138
1.0,0.9150566
1.0,0.30803072
0.0,0.9353008
0.0,0.39275002
0.0,0.05992487
0.0,0.026964873
0.0,0.64493835
0.0,0.014731675
0.0,0.02894023
0.0,0.92579913
1.0,0.8313532
1.0,0.90113187
0.0,0.07418695
0.0,0.035220355
0.0,0.73960924
1.0,0.9633094
0.0,0.010858148
0.0,0.032043546
1.0,0.7504529
1.0,0.9986079
0.0,0.24529716
0.0,0.17222354
0.0,0.06710693
1.0,0.9922452
0.0,0.07164675
1.0,0.9970596
1.0,0.9618588
0.0,0.0209212
0.0,0.035986125
0.0,0.068106264
1.0,0.87921816
0.0,0.16275436
1.0,0.91984487
0.0,0.024070114
1.0,0.99884367
0.0,0.0864425
0.0,0.018889338
0.0,0.0005621016
1.0,0.99996364
0.0,0.76382494
1.0,0.9969965
1.0,0.9584542
0.0,0.00395301
1.0,0.17934585
0.0,0.05925882
1.0,0.4227547
0.0,0.01270625
1.0,0.99138117
0.0,0.010417134
1.0,0.95651805
1.0,0.9968718
1.0,0.99975896
0.0,0.01933822
1.0,0.9976508
1.0,0.8941328
0.0,0.07255322
1.0,0.9817728
1.0,0.45972902
1.0,0.89456964
0.0,0.5252209
0.0,0.07780355
0.0,0.9969681
0.0,0.12504913
