0.0,0.52858585
0.0,0.61590713
1.0,0.20676604
0.0,0.0070315003
1.0,0.7076802
0.0,0.006546259
1.0,0.962583
1.0,0.70333743
1.0,0.5739015
0.0,0.0006928146
0.0,0.18302932
1.0,0.94623417
0.0,0.0018488765
0.0,0.13621399
0.0,0.018188983
0.0,0.00072839856
1.0,0.62343574
0.0,0.0075723827
0.0,0.0031143725
1.0,0.20193902
1.0,0.70978653
0.0,0.00064346194
1.0,0.72849137
0.0,0.008950919
0.0,0.016367346
1.0,0.31592906
0.0,0.017135829
1.0,0.82917285
0.0,0.0067534447
1.0,0.9122405
0.0,0.0022492707
0.0,0.62158376
1.0,0.9171624
1.0,0.99168783
1.0,0.9354961
1.0,0.915104
1.0,0.26980114
0.0,0.004634589
1.0,0.96719545
1.0,0.0038964152
1.0,0.8998375
1.0,0.95625734
0.0,0.0023610294
1.0,0.88434994
1.0,0.938352
0.0,0.0045267045
0.0,0.001028508
0.0,0.07804918
0.0,0.0027621984
1.0,0.96186036
0.0,0.1881744
1.0,0.85059243
1.0,0.9809053
1.0,0.88033485
0.0,0.0054574013
0.0,0.0024310946
0.0,0.011046022
1.0,0.009574413
1.0,0.848878
1.0,0.6701084
1.0,0.9876995
0.0,0.42840198
1.0,0.9845818
1.0,0.747188
1.0,0.9306568
0.0,0.20257246
0.0,0.08740127
1.0,0.960776
0.0,0.0016904771
1.0,0.93228877
0.0,0.6458766
1.0,0.94686234
0.0,0.00011652708
0.0,0.042691767
1.0,0.72194344
0.0,0.11743903
0.0,0.0036064386
0.0,0.31277034
0.0,0.0006440878
1.0,0.6867032
0.0,0.011775136
1.0,0.9852059
1.0,0.9627589
1.0,0.9968285
1.0,0.984697
1.0,0.7538167
1.0,0.9606253
0.0,0.43234053
0.0,0.0011974573
1.0,0.5003281
0.0,0.0031844378
1.0,0.06253514
0.0,0.007486582
0.0,0.7651757
0.0,0.1671421
1.0,0.96294606
0.0,0.0025238395
0.0,0.015651643
1.0,0.68583906
1.0,0.9927894
0.0,0.0011267066
0.0,0.01632151
1.0,0.0038950145
0.0,0.1913495
0.0,0.015462756
1.0,0.94857544
1.0,0.004557103
0.0,0.0035144985
1.0,0.0003439486
1.0,0.9865253
1.0,0.95468736
0.0,0.0058642924
1.0,0.06046331
0.0,0.005010873
0.0,0.009029776
1.0,0.40510303
0.0,0.006188512
1.0,0.7937393
1.0,0.24551204
1.0,0.99513686
0.0,0.43630886
1.0,0.9635465
0.0,0.97475696
0.0,0.0030246973
0.0,0.2308552
1.0,0.27438205
0.0,0.0011651814
0.0,0.17786238
1.0,0.9463071
1.0,0.91707635
1.0,0.9702903
0.0,0.042600036
0.0,0.0017479658
1.0,0.7744757
1.0,0.98693836
0.0,0.8935592
0.0,0.0009127557
0.0,0.0023342967
0.0,0.0144741535
0.0,0.008151323
1.0,0.3249429
0.0,0.18416068
1.0,0.019866854
0.0,0.003434658
0.0,0.0010237098
0.0,0.00018340349
1.0,0.1669522
0.0,0.0050569773
0.0,0.0045771003
0.0,0.014790833
0.0,0.010498732
0.0,0.0008150935
0.0,0.009552389
0.0,0.90808856
0.0,0.09773797
1.0,0.97715545
0.0,0.0001886189
0.0,0.001756221
1.0,0.99522007
0.0,0.04751587
0.0,0.5220733
0.0,0.08280289
0.0,0.0030922294
0.0,0.47943333
1.0,0.9947007
0.0,0.10513288
1.0,0.74810934
0.0,0.02957949
0.0,0.0011755228
1.0,0.85767555
0.0,0.8775191
0.0,0.9373013
0.0,0.9605859
0.0,5.7131052e-05
1.0,0.6440737
1.0,0.90652096
0.0,0.033466727
1.0,0.49505574
0.0,0.556432
1.0,0.9410672
1.0,0.8710995
1.0,0.8938072
1.0,0.9419229
1.0,0.96939945
0.0,0.8369458
0.0,0.0003440678
0.0,0.0038571656
0.0,0.9544848
0.0,0.0022540092
0.0,0.0041930676
1.0,0.063405156
0.0,0.00080391765
0.0,0.8757773
1.0,0.9498111
1.0,0.6655662
1.0,0.967387
0.0,0.002408713
0.0,0.022531182
0.0,0.0014194548
1.0,0.11678836
0.0,0.19924322
0.0,0.32560056
0.0,0.5336124
0.0,0.017438382
0.0,0.018221468
1.0,0.033055812
0.0,0.004691839
1.0,0.114278704
0.0,0.0001617372
0.0,0.016940832
0.0,0.0012522042
1.0,0.980286
0.0,0.054094017
0.0,0.040608466
0.0,0.0051269233
0.0,0.00030827522
0.0,0.79801834
0.0,0.21320021
1.0,0.98621887
0.0,0.0009881556
0.0,0.0012469292
1.0,0.72062624
1.0,0.986182
0.0,0.41881633
0.0,0.00299114
0.0,0.00022241473
0.0,0.027565658
0.0,0.013366282
0.0,0.0452106
1.0,0.9844455
0.0,0.02036649
1.0,0.06109938
0.0,0.0040127635
1.0,0.6070207
1.0,0.66077554
0.0,0.002536863
0.0,0.10085896
0.0,0.0105021
1.0,0.6235251
1.0,0.58935094
1.0,0.9701263
1.0,0.8668878
0.0,0.0018478632
0.0,0.90204763
1.0,0.96767807
0.0,0.47257757
0.0,0.0017543137
0.0,0.0020387769
0.0,0.31917012
0.0,0.117853224
0.0,0.0016980767
0.0,0.021329433
1.0,0.30775845
0.0,0.002804935
0.0,0.25164127
0.0,0.029523253
1.0,0.9541993
1.0,0.9570005
0.0,0.015345365
0.0,0.0104625225
0.0,0.007004261
1.0,0.97930455
0.0,0.002694279
0.0,0.00071159005
0.0,0.016887575
0.0,0.0042380095
1.0,0.9829918
1.0,0.984098
1.0,0.9904462
0.0,0.0062963665
1.0,0.8719237
0.0,0.012572467
0.0,0.0056926906
0.0,0.4731577
1.0,0.9810506
1.0,0.72049606
0.0,0.0022536814
0.0,0.011949003
1.0,0.98495996
1.0,0.12992689
0.0,0.026621789
1.0,0.29447883
1.0,0.96360755
0.0,0.57659847
0.0,0.104540825
0.0,0.0062730312
0.0,0.011297524
0.0,0.45912796
0.0,0.009687692
1.0,0.98934585
0.0,0.0029340088
0.0,0.005613327
1.0,0.99479866
0.0,0.0022996068
1.0,0.97747797
1.0,0.00068444014
1.0,0.8398384
1.0,0.7214003
1.0,0.84909284
0.0,0.0018219948
1.0,0.9220091
0.0,0.9375422
1.0,0.9943752
0.0,0.7131115
0.0,0.14587763
0.0,0.0022343993
0.0,0.021598935
0.0,0.491759
1.0,0.9339674
0.0,0.77290064
1.0,0.66702056
0.0,0.79249555
1.0,0.77227724
1.0,0.9882632
0.0,0.004855484
0.0,0.0008018613
0.0,0.00413388
1.0,0.9117933
1.0,0.13290566
0.0,0.0003040135
0.0,0.00056511164
0.0,0.002536714
0.0,0.0022345483
1.0,0.9427409
1.0,0.47213247
0.0,0.0043213665
0.0,0.34725803
1.0,0.8843359
1.0,0.9715245
1.0,0.5350864
0.0,0.008839667
0.0,0.73469126
0.0,0.00059860945
0.0,0.82254696
1.0,0.9825891
1.0,0.7584368
0.0,0.04359114
0.0,0.041786283
0.0,0.0014891624
0.0,0.5401239
0.0,0.00052911043
0.0,0.7171557
1.0,0.16006196
0.0,0.120429635
0.0,0.0035414994
0.0,0.03508693
0.0,0.86211085
0.0,0.7126993
0.0,0.031295
0.0,0.00042316318
1.0,0.09116602
0.0,0.0048421323
1.0,0.9176669
0.0,0.0010433793
0.0,0.03544244
0.0,0.039191842
0.0,0.00018048286
0.0,0.94333994
1.0,0.035569847
1.0,0.92610824
0.0,0.5679842
1.0,0.8214334
0.0,0.0022558272
0.0,0.44927153
0.0,0.09516829
0.0,0.82389915
0.0,0.0043963194
0.0,2.8967857e-05
1.0,0.1785259
0.0,0.001316756
1.0,0.9857502
0.0,0.009655595
1.0,0.06749153
0.0,0.52657753
1.0,0.018911302
1.0,0.9660139
1.0,0.975909
0.0,0.002768308
0.0,0.001974076
1.0,0.91454864
0.0,0.00372383
0.0,0.0045482516
1.0,0.0037999153
1.0,0.95307267
0.0,0.50117666
1.0,0.9081038
1.0,0.9965074
0.0,0.78210676
0.0,0.022292107
0.0,0.36180148
0.0,0.0060370862
0.0,0.0007504821
0.0,0.012012601
1.0,0.980299
0.0,0.24913791
1.0,0.83262223
1.0,0.49339336
0.0,0.004903376
0.0,0.05490744
0.0,0.81888175
1.0,0.984851
1.0,0.9826404
1.0,0.082060724
0.0,0.032263607
1.0,0.97323143
1.0,0.8019861
0.0,1.8507242e-05
0.0,0.22537148
0.0,0.97232854
0.0,0.6954525
1.0,0.9832087
0.0,0.004767865
1.0,0.23703688
0.0,0.6125502
0.0,0.014089912
0.0,0.009356439
0.0,0.0019471347
0.0,0.00319162
0.0,0.013571501
0.0,0.009509742
0.0,0.007678747
0.0,0.0036691725
0.0,0.60146666
0.0,0.01379317
0.0,0.0012209713
0.0,0.49097753
0.0,0.011071682
1.0,0.62979734
0.0,0.013738096
1.0,0.989082
0.0,0.0005187988
0.0,0.003395319
0.0,0.0069865584
0.0,0.8542729
0.0,0.51115304
0.0,0.0048196614
0.0,0.026267886
0.0,0.0003182292
0.0,0.001391232
0.0,0.009726167
0.0,0.18824133
1.0,0.86373144
0.0,0.006902516
0.0,0.0034546554
0.0,0.76767975
0.0,0.010042995
1.0,0.569804
0.0,0.8282929
1.0,0.2842604
0.0,0.0024936795
0.0,0.0041072965
1.0,0.9742079
0.0,0.9186137
1.0,0.95597565
1.0,0.9828841
1.0,0.9654137
1.0,0.95771706
0.0,0.0018936694
1.0,0.5668556
0.0,0.00069761276
0.0,0.007846773
0.0,0.047756493
1.0,0.9924731
0.0,0.00032532215
0.0,0.0056162477
1.0,0.13700724
1.0,0.99860156
0.0,0.085727125
0.0,0.00017336011
1.0,0.7325666
0.0,0.0025072694
1.0,0.6863251
0.0,0.5335852
0.0,0.033789933
1.0,0.857955
0.0,0.8855837
0.0,0.0004991293
1.0,0.10135421
0.0,0.03705868
1.0,0.9950435
0.0,0.004645556
1.0,0.41998467
1.0,0.60416466
1.0,0.86301714
1.0,0.9966118
0.0,0.25503135
0.0,0.016167998
1.0,0.50589037
0.0,0.013469458
0.0,0.4012949
1.0,0.6778079
1.0,0.35197067
1.0,0.9584904
0.0,0.0035221279
1.0,0.96638286
1.0,0.8953471
0.0,0.14913002
1.0,0.9893904
0.0,0.4832876
1.0,0.9064052
1.0,0.8896607
0.0,0.822022
0.0,0.11197153
1.0,0.04327196
0.0,0.13391247
1.0,0.91925263
0.0,0.60793775
0.0,0.007025838
0.0,0.7151033
1.0,0.9940412
0.0,0.00029620528
0.0,0.0010145009
0.0,0.85884285
1.0,0.6673943
0.0,0.008110076
0.0,0.0017121434
0.0,0.0678066
0.0,0.85977125
1.0,0.68397146
1.0,0.32628042
0.0,0.038321644
0.0,0.8200222
0.0,0.026112407
0.0,0.3972593
0.0,0.016079903
1.0,0.86381125
0.0,0.01322329
1.0,0.9277537
0.0,0.5937753
0.0,0.11420742
1.0,0.78276384
0.0,0.0028232038
0.0,0.16979825
0.0,0.0017115772
0.0,0.002461493
0.0,0.29565978
0.0,0.00014767051
0.0,0.036268383
0.0,0.008405268
1.0,0.8914731
1.0,0.9886265
0.0,0.002790928
0.0,0.011497736
1.0,0.99063367
0.0,0.003331542
1.0,0.903811
0.0,0.014231294
0.0,0.00051125884
1.0,0.9299018
0.0,0.2518055
1.0,0.87807244
0.0,0.739439
1.0,0.100030065
0.0,0.0053683817
0.0,0.014926881
0.0,0.8159344
1.0,0.98101175
0.0,2.321601e-05
0.0,0.017454952
0.0,0.0008125007
0.0,0.9830787
1.0,0.5772997
0.0,0.0009358525
0.0,0.0006709695
1.0,0.985391
1.0,0.016614348
0.0,0.17731622
1.0,0.6703133
0.0,0.04937324
0.0,0.286974
1.0,0.9606365
1.0,0.9951198
0.0,0.0128643215
1.0,0.9752124
1.0,0.9555063
0.0,0.007075995
0.0,0.019748628
0.0,0.004152596
1.0,0.016752273
0.0,0.00011792779
0.0,0.0020883083
0.0,0.00631541
1.0,0.9929361
1.0,0.81592804
0.0,0.013362497
1.0,0.37641013
1.0,0.0052084923
0.0,0.05644077
1.0,0.90785074
0.0,0.00053972006
1.0,0.7813417
0.0,0.011385232
1.0,0.8358505
0.0,0.011390954
0.0,0.0039197505
1.0,0.80150706
0.0,0.004145533
1.0,0.92200655
0.0,0.0035911202
0.0,0.0014203489
0.0,0.0030861795
1.0,0.80024433
0.0,0.22304636
1.0,0.38843417
0.0,0.0012475848
1.0,0.86581475
1.0,0.5731363
0.0,0.000634104
1.0,0.9732734
1.0,0.96534467
1.0,0.13065782
1.0,0.82583165
0.0,0.023265898
0.0,0.00319767
0.0,0.6324342
1.0,0.96335286
1.0,0.40412158
0.0,0.0041938424
0.0,0.007176757
0.0,0.3736314
1.0,0.92989373
0.0,0.3217912
1.0,0.0009666085
1.0,0.8063527
0.0,0.011070907
0.0,0.016920358
1.0,0.986916
0.0,0.5450586
1.0,0.96222544
0.0,0.7821659
0.0,0.019944787
0.0,0.0034472346
1.0,0.16000414
0.0,0.04690814
1.0,0.99141073
0.0,0.007885933
1.0,0.40837252
0.0,0.41146773
0.0,0.04683563
1.0,0.0045261383
1.0,0.545676
1.0,0.6763036
1.0,0.9728596
0.0,0.011703938
0.0,0.013447911
0.0,0.8185277
0.0,0.00016909838
1.0,0.9853336
1.0,0.14404443
0.0,0.00024792552
0.0,0.002669841
0.0,0.0006583333
1.0,0.6271697
0.0,0.0017726123
0.0,0.026586086
0.0,0.0055399537
0.0,0.82358456
0.0,0.036015928
0.0,0.29677296
1.0,0.1522615
0.0,0.7254334
1.0,0.38533366
0.0,0.03320858
0.0,0.7305188
1.0,0.85208964
1.0,0.82368314
1.0,0.850531
0.0,0.0042404532
0.0,0.017562866
1.0,0.22846779
0.0,0.0062913597
0.0,0.0037305057
0.0,0.36658573
1.0,0.94729805
0.0,0.0060700476
0.0,0.039132178
1.0,0.98096335
0.0,0.034729987
1.0,0.99056995
1.0,0.81711125
1.0,0.9764768
0.0,0.0040246844
1.0,0.9747606
1.0,0.572361
0.0,0.089740396
1.0,0.06919524
0.0,0.0055809617
0.0,0.17657816
0.0,0.12622723
0.0,0.0022543669
1.0,0.9789171
1.0,0.7001341
1.0,0.99718183
1.0,0.90497065
1.0,0.9709003
0.0,0.62488014
0.0,0.9570506
1.0,0.92852736
0.0,0.008312404
1.0,0.9308882
1.0,0.99222136
0.0,0.049478352
1.0,0.1878534
1.0,0.27544612
0.0,0.0016034544
0.0,0.003514856
0.0,0.0017553568
0.0,0.0037779212
1.0,0.788289
1.0,0.9697124
0.0,0.0026822388
0.0,0.004267901
1.0,0.0033044517
1.0,0.81329566
1.0,0.13754812
0.0,0.007947952
1.0,0.8061342
1.0,0.36446118
0.0,0.013327271
0.0,0.2169779
1.0,0.87881005
1.0,0.9908347
0.0,0.35868055
1.0,0.78605217
0.0,0.06140977
0.0,0.094614595
1.0,0.9775244
0.0,0.7769133
1.0,0.986318
0.0,0.39385733
0.0,0.0627003
0.0,0.029218554
1.0,0.96024144
1.0,0.2716018
0.0,0.00054728985
0.0,0.0022107959
1.0,0.7169946
0.0,0.025581956
1.0,0.99390584
1.0,0.74313396
1.0,0.85312974
0.0,0.028306484
0.0,0.9158659
0.0,0.47708145
0.0,0.0016079843
0.0,0.00010251999
1.0,0.9915538
0.0,0.57029647
0.0,0.0012587309
1.0,0.9571333
0.0,0.0010890365
1.0,0.0024630725
1.0,0.7869069
0.0,0.0019735992
0.0,0.23228842
0.0,0.8797044
0.0,0.0014583468
0.0,5.286932e-05
0.0,0.0005687773
0.0,0.0022371113
0.0,0.8856334
1.0,0.6155665
1.0,0.96021366
0.0,0.7534621
0.0,0.40048084
0.0,0.0052502453
0.0,0.006824523
0.0,0.0050792694
1.0,0.009929478
0.0,0.0025694668
0.0,7.5101852e-06
1.0,0.97513735
1.0,0.0852738
0.0,0.0020350218
0.0,0.9811697
0.0,0.00010383129
0.0,0.002389282
0.0,0.0010099411
0.0,0.043694973
1.0,0.91556203
1.0,0.88965225
1.0,0.70102715
0.0,0.0020479858
1.0,0.726503
1.0,0.9611845
0.0,0.038995296
0.0,0.00012755394
1.0,0.8198918
1.0,0.04088804
1.0,0.79325736
1.0,0.81380284
1.0,0.6584536
0.0,0.026802897
0.0,0.2397784
1.0,0.47755376
0.0,0.00072944164
1.0,0.99225533
0.0,0.00040113926
1.0,0.43648234
0.0,0.0024038553
0.0,0.2881398
0.0,0.0058588684
0.0,0.0034254193
0.0,0.1680803
0.0,0.00019872189
0.0,0.00016900897
0.0,0.0004529655
0.0,0.93631566
0.0,0.0012821257
0.0,0.0010327995
1.0,0.8551285
1.0,0.29980454
1.0,0.960039
0.0,0.9000468
0.0,0.5102941
0.0,0.7432822
0.0,0.025618047
1.0,0.90435886
1.0,0.38630602
1.0,0.8964555
1.0,0.992159
0.0,0.8746251
0.0,0.001119703
0.0,0.00047534704
1.0,0.8147018
0.0,0.0017658174
1.0,5.3316355e-05
1.0,0.9666011
0.0,0.36111352
0.0,0.00038301945
0.0,0.047901392
0.0,0.53901774
1.0,0.864931
1.0,0.8938961
0.0,0.018381685
1.0,0.8115467
1.0,0.76863456
0.0,0.69512653
0.0,0.0087246895
1.0,0.8166057
0.0,0.0006031692
0.0,0.21994218
0.0,0.0013487935
0.0,0.34913468
0.0,0.0025718212
1.0,0.21054065
0.0,0.09908953
0.0,0.660755
1.0,0.9910289
1.0,0.95535135
0.0,0.44937176
0.0,0.27558848
1.0,0.68829346
0.0,0.050955087
0.0,0.00016900897
1.0,0.32096866
0.0,0.070295185
0.0,0.0048366487
0.0,0.017935723
1.0,0.96106505
0.0,0.13387093
1.0,0.60041165
1.0,0.9477647
1.0,0.9956907
0.0,0.0016051531
1.0,0.84309745
0.0,0.0051537454
1.0,0.9290329
0.0,0.012639612
1.0,0.9638852
0.0,0.013115227
0.0,0.0013856888
1.0,0.97898304
0.0,0.0020850599
0.0,0.0018984973
1.0,0.6825744
1.0,0.75606203
1.0,0.12121576
1.0,0.74507725
1.0,0.30750304
1.0,0.9014971
1.0,0.7143656
0.0,0.0024988055
1.0,0.28832805
1.0,0.9785791
0.0,0.052729815
0.0,0.0021919012
0.0,0.00023284554
1.0,0.6593245
0.0,0.005760789
0.0,0.115929246
0.0,0.3010319
1.0,0.93962944
0.0,0.0022982657
0.0,0.10702044
1.0,0.483064
1.0,0.929587
1.0,0.9261079
1.0,0.07156086
0.0,0.9889592
0.0,0.017784327
0.0,0.008725584
0.0,0.0029450655
0.0,0.0005681515
0.0,0.04394409
0.0,0.0054816008
1.0,0.049293995
1.0,0.8909132
0.0,0.0033535063
1.0,0.7461635
0.0,0.0033282936
0.0,0.0036258698
1.0,0.98904413
0.0,0.0045543313
0.0,0.915343
0.0,0.001093179
0.0,0.7871314
0.0,0.01578015
0.0,0.003578484
0.0,0.8896095
1.0,0.85288733
0.0,0.014865339
0.0,0.5737351
1.0,0.9017768
0.0,0.0009210706
1.0,0.89956665
0.0,0.012421131
0.0,0.00033676624
0.0,0.0047414303
0.0,0.28568625
0.0,0.0002412796
0.0,0.0005248487
0.0,0.0128854215
0.0,0.022059351
0.0,0.57721823
1.0,0.81356925
0.0,0.017665803
1.0,0.8857163
0.0,0.94231176
1.0,0.0059781373
0.0,0.0047205985
0.0,0.0005245805
0.0,0.081825376
1.0,0.9537634
1.0,0.07098636
1.0,0.17057818
0.0,0.011427939
0.0,0.030588508
1.0,0.7345996
0.0,0.016115695
0.0,0.008644164
1.0,0.7615644
0.0,0.0033344924
1.0,0.94398856
1.0,0.30025345
0.0,0.0018343627
1.0,0.7512727
0.0,0.08154598
1.0,0.02632007
0.0,0.47770268
1.0,0.9935198
0.0,0.0007145703
0.0,0.98797685
0.0,0.0082062185
0.0,0.03906101
0.0,0.00041416287
0.0,0.004160911
0.0,0.01831904
1.0,0.96103567
0.0,0.004247874
0.0,0.00030758977
0.0,1.8328428e-05
0.0,0.135584
0.0,0.086624265
1.0,0.6373002
0.0,0.86000425
0.0,0.04885626
1.0,0.26693568
0.0,0.09786314
1.0,0.9425094
0.0,0.75771415
1.0,0.4433353
1.0,0.9861191
0.0,0.00039196014
1.0,0.99766666
0.0,0.26661235
0.0,0.0042252243
0.0,0.029218614
0.0,0.018014073
1.0,0.016722351
1.0,0.9939814
0.0,0.010331541
0.0,0.034219325
1.0,0.9916754
0.0,0.113898575
1.0,0.35770276
1.0,0.049398243
1.0,0.75791115
0.0,0.0036748648
1.0,0.75435317
0.0,0.0013254285
1.0,0.9343296
1.0,0.033718854
0.0,0.12610003
0.0,0.8666338
0.0,0.010401666
0.0,0.27075902
1.0,0.8672168
1.0,0.96074927
1.0,0.9953544
0.0,0.0025105178
0.0,0.0005618632
1.0,0.97691274
0.0,0.9173268
0.0,1.9073486e-05
0.0,0.0039729476
1.0,0.70014423
0.0,0.3985538
0.0,0.0037244558
0.0,0.070268065
0.0,0.08997753
1.0,0.680306
1.0,0.9904653
0.0,0.037495524
0.0,0.012033999
0.0,0.0021056533
1.0,0.9890288
0.0,0.012140572
0.0,0.65643406
1.0,0.9278239
0.0,0.0015609562
0.0,0.5720382
1.0,0.92972773
0.0,0.0066191256
1.0,0.06351036
1.0,0.048054725
0.0,0.004802078
0.0,0.0028496385
0.0,0.0012541413
0.0,0.0020777583
1.0,0.98750067
1.0,0.9975462
1.0,0.9725355
1.0,0.14154112
0.0,0.95467305
0.0,0.018349916
1.0,0.50801706
1.0,0.9847065
0.0,0.31548208
0.0,0.007290274
1.0,0.3275321
0.0,0.001429677
1.0,0.62909424
0.0,0.0013136566
0.0,0.2547789
1.0,0.96138155
0.0,0.059847355
0.0,0.00027623773
0.0,0.005411327
0.0,0.030969769
0.0,0.7907983
1.0,0.2775281
0.0,0.003419876
1.0,0.9912714
0.0,0.2901579
1.0,0.8701658
0.0,0.027202457
1.0,0.8466964
1.0,0.9709413
1.0,0.99536395
0.0,0.89170885
0.0,0.0013652444
1.0,0.5300116
0.0,0.0056976676
0.0,0.0024844706
1.0,0.89385414
1.0,0.26583713
0.0,0.030255556
1.0,0.9719542
1.0,0.95501465
0.0,0.7734529
0.0,0.0072223246
0.0,0.87852633
0.0,0.0009975135
0.0,7.483363e-05
0.0,0.95516443
1.0,0.9758101
1.0,0.97456145
1.0,0.93228954
0.0,2.720952e-05
0.0,0.0003348589
0.0,0.0009364188
0.0,0.0042098165
0.0,0.007069856
0.0,0.002146721
1.0,0.9210279
1.0,0.9811458
1.0,0.67567885
0.0,0.05442658
0.0,0.0068465173
1.0,0.30119973
0.0,0.28792173
0.0,0.7026526
1.0,0.88285184
0.0,0.6640216
0.0,0.72159433
1.0,0.5014004
0.0,0.011041462
1.0,0.8268772
1.0,0.97384053
0.0,0.8390751
0.0,0.0059821904
1.0,0.9982311
0.0,0.00055772066
0.0,0.047855884
1.0,0.6235747
1.0,0.890883
1.0,0.72422695
1.0,0.97951293
0.0,0.9802799
0.0,0.012464017
0.0,0.0017862618
1.0,0.19501075
0.0,0.9822192
1.0,0.51958203
0.0,0.884116
1.0,0.97078145
1.0,0.442492
0.0,0.02243802
0.0,0.025901318
0.0,3.7133694e-05
0.0,0.4301862
0.0,0.01345396
0.0,0.0021009743
1.0,0.5396456
1.0,0.14730358
0.0,0.30718607
1.0,0.9686458
1.0,0.08160293
0.0,0.00011113286
0.0,0.018429548
1.0,0.9037502
1.0,0.20380208
0.0,0.004535407
0.0,0.040952057
0.0,0.009698331
0.0,0.012638092
1.0,0.6295908
1.0,0.9351069
0.0,0.0040224195
0.0,0.00020247698
0.0,0.0053260624
0.0,0.07027963
0.0,0.0033063889
0.0,0.015185058
0.0,0.91972613
0.0,0.1614956
0.0,0.05223638
0.0,0.0035218596
0.0,0.012993515
1.0,0.98758304
1.0,0.8511518
0.0,0.00013297796
0.0,0.0036283433
0.0,2.4169683e-05
0.0,0.0024249554
0.0,0.09843665
0.0,0.14906433
0.0,0.0019000769
0.0,0.8899201
1.0,0.92872417
1.0,0.99778223
1.0,0.9810818
1.0,0.95053303
1.0,0.99032414
0.0,0.81356645
0.0,0.019019842
0.0,0.010074049
0.0,0.014683783
1.0,0.5053584
0.0,0.002925545
1.0,0.8751658
0.0,0.015358329
0.0,0.8909651
0.0,0.8136724
0.0,0.010788053
0.0,0.004488915
0.0,0.42440936
0.0,0.059757203
0.0,0.00097182393
1.0,0.94255745
1.0,0.828002
0.0,0.49866453
0.0,0.069007665
0.0,0.0015636683
0.0,0.0032568276
1.0,0.9776851
0.0,0.0011659265
1.0,0.2501877
0.0,0.0014778972
1.0,0.5857168
0.0,0.002025634
0.0,0.0415228
1.0,0.8796875
0.0,0.00036853552
1.0,0.9365511
0.0,0.009457856
0.0,0.35663292
0.0,0.21045184
0.0,0.0004721284
0.0,0.0012893081
1.0,0.83700895
1.0,0.98794436
0.0,0.5191579
0.0,0.0058632493
0.0,0.0034332275
0.0,0.12886283
1.0,0.698962
0.0,0.6095721
1.0,0.10726252
1.0,0.87014663
0.0,0.72496194
0.0,0.0019675195
0.0,0.0314053
0.0,0.015051454
0.0,0.068855226
0.0,0.013124019
0.0,0.011107594
0.0,0.7348667
0.0,0.18584645
1.0,0.9063079
0.0,0.9842094
0.0,0.0032985806
1.0,0.90012074
0.0,0.015753657
0.0,0.019181788
0.0,0.00016927719
0.0,0.0022954643
1.0,0.05766806
1.0,0.9457531
1.0,0.9731089
0.0,0.0020092726
0.0,0.0031735897
0.0,0.006535679
0.0,0.73292387
0.0,0.043741614
0.0,0.6538947
1.0,0.99024194
1.0,0.9897648
1.0,0.9057164
0.0,0.039209753
1.0,0.9919263
1.0,0.7187576
0.0,0.005198419
1.0,0.8456918
0.0,0.0069072545
0.0,0.0054980814
0.0,0.91686493
1.0,0.9870626
1.0,0.93363893
1.0,0.8407451
0.0,0.94449997
0.0,0.18443584
0.0,0.0026184618
1.0,0.9736489
1.0,0.99035287
1.0,0.9846238
1.0,0.9234979
0.0,0.0024256408
0.0,0.0027771294
0.0,0.0025288165
0.0,0.27229002
1.0,0.95406044
0.0,0.0041736662
0.0,0.10659525
0.0,0.479907
1.0,0.56629896
0.0,0.044369876
0.0,0.34467423
0.0,0.10939443
0.0,0.9109107
0.0,0.013994902
0.0,0.037531644
0.0,0.0011106431
0.0,0.029234976
0.0,0.0011785924
1.0,0.9871322
1.0,0.25054544
0.0,0.6430489
0.0,0.8957991
0.0,0.052770466
1.0,0.7747852
0.0,0.002729088
0.0,0.00502944
0.0,0.4505422
0.0,0.0011054277
1.0,0.643946
0.0,0.0009971559
0.0,0.008312881
1.0,0.63464135
1.0,0.9886695
1.0,0.9768044
0.0,0.0021653771
0.0,0.1545209
1.0,0.24327335
1.0,0.98647094
1.0,0.9644095
0.0,0.85045177
0.0,0.62665826
0.0,4.6163797e-05
1.0,0.12182996
1.0,0.98654246
0.0,0.0033274293
0.0,0.63285065
1.0,0.6780707
1.0,0.97413385
0.0,0.005002916
1.0,0.930526
1.0,0.39694118
0.0,0.02937296
1.0,0.803662
0.0,0.0056420565
0.0,0.004824698
0.0,0.39918277
0.0,0.0073726475
1.0,0.7884227
0.0,0.103414565
1.0,0.774602
1.0,0.66509897
1.0,0.33017623
0.0,0.00049993396
0.0,0.700973
1.0,0.85210884
0.0,0.00056791306
1.0,0.6238272
1.0,0.94418526
0.0,0.7044995
0.0,0.026808858
1.0,0.20314217
1.0,0.99086964
0.0,0.0012888014
1.0,0.89448285
1.0,0.36142707
1.0,0.8102288
1.0,0.9928289
1.0,0.43200776
1.0,0.91418743
0.0,0.013633102
0.0,0.40546644
0.0,0.012328625
1.0,0.9613371
1.0,0.5351257
0.0,0.095585525
0.0,0.0016180575
1.0,0.120740235
0.0,0.002682656
1.0,0.9862771
0.0,0.5403336
1.0,0.8525641
1.0,0.92974645
0.0,0.46695802
1.0,0.4288619
0.0,0.012080938
1.0,0.9968513
1.0,0.9277611
1.0,0.21783012
0.0,0.017261237
0.0,0.00393942
1.0,0.91128683
0.0,0.05598569
1.0,0.86274755
0.0,0.0030425787
0.0,0.40783152
0.0,0.1351431
0.0,0.051695496
0.0,0.00037947297
0.0,0.474089
0.0,0.0720087
1.0,0.9408112
1.0,0.07818803
0.0,0.0020876825
1.0,0.99056256
1.0,0.671968
0.0,0.9311476
0.0,0.9182241
0.0,0.041464984
0.0,0.0029187799
0.0,0.010616094
0.0,0.015414536
1.0,0.16096243
1.0,0.9822778
0.0,0.0057533085
0.0,0.0010525584
0.0,0.89591044
0.0,0.97984123
0.0,0.020924091
1.0,0.769565
0.0,0.044426292
0.0,0.0943751
1.0,0.65776265
1.0,0.8777644
0.0,0.00764516
0.0,0.66662794
0.0,0.0033072233
1.0,0.97961104
1.0,0.81049013
0.0,0.00047767162
0.0,0.010974973
0.0,0.0030575395
0.0,0.12296271
0.0,0.00017294288
1.0,0.97011334
1.0,0.7261499
1.0,0.24273282
0.0,0.0009407103
1.0,0.3672974
0.0,0.70999956
1.0,0.99543214
1.0,0.46032184
0.0,0.0027913451
0.0,9.125471e-05
0.0,0.00013801455
0.0,0.891378
0.0,0.83931965
1.0,0.9946557
0.0,0.66809297
0.0,0.7715051
0.0,0.009383917
0.0,0.0009044111
0.0,0.008401036
0.0,0.18174466
0.0,0.15439042
1.0,0.68948185
1.0,0.92120916
0.0,6.490946e-05
0.0,0.3069523
0.0,0.32215828
0.0,0.02127117
1.0,0.9873304
0.0,0.031512767
0.0,0.1344868
1.0,0.8548918
0.0,0.77988803
0.0,0.013019085
0.0,0.007530451
0.0,0.004584402
1.0,0.9846115
1.0,0.8677336
0.0,0.001964718
1.0,0.36728895
1.0,0.94131315
1.0,0.7855525
0.0,0.052894473
0.0,0.05286628
1.0,0.9061222
1.0,0.9788806
0.0,0.0038614273
1.0,0.98965096
0.0,0.012133032
1.0,0.9317126
1.0,0.95289564
1.0,0.9172582
0.0,0.0059363246
1.0,0.7631204
1.0,0.5047624
0.0,0.032355517
0.0,0.0077928603
0.0,0.9877491
0.0,0.043572158
0.0,0.002850026
0.0,0.0008023083
1.0,0.9951791
0.0,0.13901016
0.0,0.03861147
0.0,0.28143305
0.0,0.0055277646
0.0,0.014101744
0.0,0.008210719
1.0,0.8116642
0.0,0.0068285465
0.0,0.013420761
0.0,0.63742775
1.0,0.9094955
1.0,0.9921787
1.0,0.9597603
1.0,0.97749853
0.0,0.002018422
0.0,0.031163305
0.0,0.04269865
0.0,0.015973628
0.0,0.88565385
0.0,0.046078324
1.0,0.8367962
0.0,0.7809192
1.0,0.12258157
1.0,0.002671361
1.0,0.7065406
0.0,0.02041316
0.0,0.002321303
0.0,9.420514e-05
0.0,0.0017133355
1.0,0.63162845
1.0,0.9760058
1.0,0.69547886
1.0,0.94964767
1.0,0.98940146
0.0,0.0030362904
0.0,0.06789109
0.0,0.9287463
0.0,0.0009177029
1.0,0.9685112
0.0,0.0018698573
0.0,0.8786433
1.0,0.9920671
1.0,0.72698957
0.0,0.004019588
0.0,0.17835733
0.0,0.04403621
0.0,0.34340644
1.0,0.8064387
0.0,0.9945097
0.0,0.33566305
1.0,0.9900094
0.0,0.37374818
1.0,0.9228052
1.0,0.97206306
0.0,0.00042170286
0.0,0.18573087
0.0,0.004883349
0.0,0.018614322
1.0,0.85731983
0.0,0.010410875
0.0,0.5660107
0.0,0.73185456
0.0,0.00011205673
1.0,0.98601043
1.0,0.15996766
1.0,0.8721973
1.0,0.9473263
0.0,0.7080444
0.0,0.031918764
1.0,0.7801653
0.0,0.003966272
1.0,0.24795446
0.0,0.0063400865
1.0,0.9764532
1.0,0.98616874
0.0,0.52366006
0.0,0.4247481
0.0,0.47151095
0.0,0.001863867
0.0,0.04287812
0.0,0.013829172
1.0,0.9394082
0.0,0.0020478666
0.0,0.07033366
0.0,0.39461344
0.0,0.03716305
0.0,0.010615468
0.0,0.00035876036
0.0,0.13047945
0.0,0.00020489097
0.0,1.090765e-05
0.0,0.011174172
0.0,0.19857126
0.0,0.0021734536
1.0,0.44628668
0.0,0.1460543
1.0,0.98636353
0.0,0.0027284324
0.0,0.0012748241
1.0,0.4869543
0.0,0.0019574761
1.0,0.98415565
0.0,0.008284777
1.0,0.8059061
0.0,0.80154026
0.0,0.0017333031
1.0,0.69001967
1.0,0.2717374
0.0,0.0006096959
0.0,0.04325393
0.0,9.551644e-05
0.0,0.00015202165
0.0,0.00083211064
0.0,0.8430558
1.0,0.9730976
1.0,0.8726721
0.0,0.009039491
0.0,0.047582537
1.0,0.7221656
1.0,0.8585595
1.0,0.8729978
0.0,0.000544101
1.0,0.011246592
0.0,0.49660334
1.0,0.1968053
0.0,2.4169683e-05
1.0,0.6787915
0.0,0.0042007267
0.0,0.13888526
0.0,0.47591627
0.0,0.78328514
1.0,0.9481489
0.0,0.050230056
0.0,0.05526182
1.0,0.9920943
0.0,0.0007959306
0.0,0.910795
0.0,0.13940662
1.0,0.9939488
0.0,0.03340277
0.0,0.007726133
0.0,0.98932123
1.0,0.8670397
0.0,0.0006815195
0.0,0.62561464
0.0,0.006279558
1.0,0.5750675
0.0,0.008081526
1.0,0.99261343
0.0,0.30864012
1.0,0.80901957
1.0,0.9925184
0.0,0.8060459
1.0,0.9638596
1.0,0.9779017
0.0,0.0013599992
0.0,0.64705217
0.0,0.010801345
1.0,0.98762393
0.0,0.018799096
1.0,0.8477236
1.0,0.278333
0.0,0.0066806376
1.0,0.8562228
0.0,0.35105354
1.0,0.44197705
0.0,0.08028826
1.0,0.83006966
0.0,0.84008986
1.0,0.00048178434
0.0,0.24618348
0.0,0.0020742118
0.0,0.0009647906
0.0,0.004406333
0.0,0.004932016
0.0,0.00018665195
0.0,6.869435e-05
0.0,0.38114876
0.0,0.15634722
0.0,0.59676117
0.0,0.2540384
0.0,0.005479783
1.0,0.9090004
1.0,0.55953914
0.0,0.8775617
1.0,0.007370889
0.0,0.0057757795
0.0,0.7610878
0.0,0.7457742
0.0,0.018648744
0.0,0.03150791
0.0,0.17101765
1.0,0.5892932
0.0,0.00038427114
0.0,0.0072856247
1.0,0.00024545193
0.0,0.0007696152
1.0,0.8843194
0.0,0.054448634
0.0,0.054359138
1.0,0.50335926
0.0,0.0033113062
1.0,0.92922544
0.0,0.0015953183
0.0,2.2917986e-05
0.0,0.0019897223
1.0,0.93774986
0.0,0.0077522993
1.0,0.64607114
1.0,0.617929
0.0,0.99063325
0.0,0.00041097403
1.0,0.006020248
0.0,0.0024297237
0.0,0.01409331
0.0,0.53262895
0.0,0.0003606975
0.0,0.9492512
0.0,0.49913013
1.0,0.124266684
0.0,0.009736061
1.0,0.90910226
0.0,0.0024425983
0.0,0.008402228
0.0,0.0015778542
1.0,0.9696511
1.0,0.984045
0.0,0.1980071
0.0,0.8161477
0.0,0.01069051
0.0,0.050176024
0.0,0.012536526
0.0,0.004508257
0.0,0.00028941035
1.0,0.17011371
1.0,0.37565234
0.0,0.0059640706
0.0,0.98094934
1.0,0.71606445
0.0,0.0003941059
1.0,0.9335731
0.0,0.00023984909
0.0,0.0039604306
1.0,0.96404606
0.0,0.4370461
1.0,0.849418
1.0,0.9104376
1.0,0.988765
0.0,0.195663
0.0,0.0003671944
0.0,0.23228502
1.0,0.9305825
0.0,0.120120555
1.0,0.98176455
0.0,0.035082847
0.0,0.007035345
0.0,0.1818825
1.0,0.91257775
0.0,0.0011915267
0.0,0.004060149
0.0,0.5393601
1.0,0.004600078
1.0,0.9852443
0.0,0.017456472
0.0,0.002592057
1.0,0.9773388
1.0,0.97880423
1.0,0.79210675
1.0,0.03033644
0.0,0.0017806292
1.0,0.7197861
0.0,0.023774534
0.0,0.005127907
0.0,0.0024814904
1.0,0.8144131
0.0,0.019391626
0.0,0.19791442
0.0,0.00022259355
1.0,0.7897954
0.0,0.019069403
1.0,0.95156515
1.0,0.9755192
0.0,0.0046798587
1.0,0.8420037
0.0,0.0018053949
1.0,0.42618772
0.0,0.80719984
0.0,0.00332731
0.0,0.005764425
0.0,0.008003145
1.0,0.9909408
0.0,0.074086905
0.0,0.055271
0.0,0.32013997
1.0,0.99796855
1.0,0.85009813
0.0,0.0021243393
1.0,0.9726467
1.0,0.96988386
1.0,0.99263144
1.0,0.26712596
0.0,0.25239605
1.0,0.8081739
0.0,0.19357657
0.0,0.5892509
1.0,0.39532113
0.0,0.0040718913
0.0,0.006514877
0.0,0.04209873
1.0,0.6957318
0.0,0.76314
0.0,0.7274957
1.0,0.92710435
0.0,0.003644377
1.0,0.39656416
0.0,0.007716477
0.0,0.893364
1.0,0.511014
1.0,0.95941734
0.0,0.0011377037
1.0,0.9134563
1.0,0.9783813
0.0,0.80042684
0.0,0.25649157
1.0,0.78773373
0.0,0.0054636598
1.0,0.9889014
0.0,0.023260564
0.0,0.013112277
1.0,0.7024336
1.0,0.89197886
0.0,0.004833162
1.0,0.69645286
0.0,0.1846681
0.0,0.030884415
1.0,0.9297762
0.0,0.002151966
0.0,0.06740996
0.0,0.032805353
1.0,0.8234534
0.0,0.0018721819
0.0,0.0006759167
1.0,0.7434575
1.0,0.9696791
0.0,0.008452356
0.0,0.08628905
0.0,0.00018328428
1.0,0.19602394
0.0,0.88289213
0.0,0.0011173785
0.0,0.009541273
0.0,0.002933979
0.0,0.002405107
1.0,0.27512997
0.0,0.022013873
0.0,0.0023493767
0.0,0.018108696
1.0,0.9132716
1.0,0.99250495
1.0,0.81902313
0.0,0.7365807
0.0,0.004736513
0.0,0.9520975
1.0,0.97212887
0.0,0.018189996
1.0,0.95472133
0.0,0.00044894218
1.0,0.98946273
0.0,0.081618845
1.0,0.9515245
0.0,0.9456222
1.0,0.76256037
0.0,0.016587555
0.0,0.044859648
1.0,0.4758923
1.0,0.975948
1.0,0.97815436
0.0,0.26823026
1.0,0.90652096
1.0,0.46572855
1.0,0.11364925
0.0,0.0013789833
1.0,0.53033763
0.0,0.005858481
0.0,0.96239245
1.0,0.16072884
0.0,0.6551368
0.0,0.006276071
0.0,0.0131905675
0.0,0.031853706
0.0,0.82152796
1.0,0.95537555
1.0,0.97105885
0.0,0.62741446
0.0,0.5560707
0.0,0.0070026815
1.0,0.9849108
0.0,0.7705984
0.0,0.35105592
0.0,0.0035454333
0.0,0.0013940632
0.0,0.018953145
0.0,0.90517396
1.0,0.9861307
1.0,0.9951953
1.0,0.33159798
0.0,0.061428636
0.0,0.0015459359
0.0,0.0025878549
0.0,0.0041501224
0.0,0.0036172867
1.0,0.98932624
0.0,0.004710704
0.0,0.14080608
1.0,0.9927809
0.0,0.09923187
1.0,0.1320951
1.0,0.7739017
0.0,0.43160433
0.0,0.0013737679
0.0,0.03138432
1.0,0.68779385
0.0,0.0070962906
0.0,0.0047018826
1.0,0.7037889
1.0,0.4585274
0.0,0.0011412501
0.0,0.011518389
0.0,0.8306758
0.0,0.0012152195
0.0,0.122410595
1.0,0.7518691
1.0,0.9456005
0.0,0.007116705
0.0,7.06017e-05
0.0,0.73921347
0.0,0.24242654
1.0,0.88737667
0.0,0.079502046
1.0,0.9872289
0.0,0.010374516
1.0,0.9926106
0.0,0.012226015
1.0,0.9685061
1.0,0.8594253
0.0,0.012099773
0.0,0.06515327
0.0,0.00063714385
0.0,0.11425939
1.0,0.5946491
1.0,0.00018057227
1.0,0.13089424
1.0,0.2750315
1.0,0.46383676
0.0,0.00015676022
1.0,0.81937027
1.0,0.8678844
0.0,0.001254648
0.0,0.008426696
0.0,0.006082058
1.0,0.22206214
1.0,0.98051643
0.0,0.9484
0.0,0.0025669336
1.0,0.8851489
0.0,0.008262485
0.0,0.005345851
1.0,0.98982096
0.0,0.5772886
0.0,0.025932103
1.0,0.13825652
1.0,0.90945196
0.0,0.0032082498
0.0,0.018788636
0.0,0.008574456
1.0,0.979615
1.0,0.9547629
0.0,0.89042354
0.0,0.49652055
1.0,0.9503883
1.0,0.8384727
0.0,0.002788514
0.0,0.08816329
0.0,0.16274601
1.0,0.19493854
1.0,0.34916693
0.0,0.010221213
0.0,0.12893558
1.0,0.94258666
0.0,0.0019855797
0.0,0.0070851147
0.0,0.03832397
0.0,0.90046495
1.0,0.9213992
0.0,0.92530954
0.0,0.0020911694
0.0,0.8997469
0.0,0.2110424
0.0,0.13538322
1.0,0.56204325
1.0,0.83740383
0.0,0.1352132
1.0,0.9945367
0.0,0.14774549
1.0,0.9080881
1.0,0.0038268864
1.0,0.96147585
0.0,0.0012489855
0.0,0.82943225
0.0,0.00566712
1.0,0.989987
0.0,0.0012977719
1.0,0.96843755
0.0,0.022565693
0.0,0.0010335147
1.0,0.34039497
1.0,0.9726814
0.0,0.0013161004
1.0,0.77127373
0.0,0.0098082125
1.0,0.9693659
0.0,0.00057020783
1.0,0.83193326
1.0,0.064079285
0.0,0.010489434
0.0,0.0067848265
0.0,0.0030432642
0.0,0.0013746619
0.0,0.0027536154
0.0,0.88148475
0.0,0.13985717
0.0,0.01134339
0.0,0.980446
0.0,0.00116238
1.0,0.892653
0.0,0.1516824
0.0,0.37763575
1.0,0.99486065
0.0,0.11846432
1.0,0.9933244
0.0,0.011093289
1.0,0.9936567
0.0,0.0013625622
0.0,0.0056403577
1.0,0.99353445
0.0,0.013535887
0.0,0.001400888
0.0,0.002103448
1.0,0.92187166
1.0,0.36617818
0.0,0.0027592182
1.0,0.892079
1.0,0.4871171
1.0,0.9769722
0.0,0.6257329
1.0,0.31408867
1.0,0.9506879
0.0,0.28957304
1.0,0.22039786
1.0,0.4650245
0.0,0.005277157
0.0,0.0012185574
0.0,0.018262327
0.0,0.019554883
0.0,0.026968598
0.0,0.009463102
0.0,0.011892617
0.0,4.7653913e-05
1.0,0.89460075
0.0,0.34026456
0.0,0.0025063455
0.0,0.005988896
0.0,0.035434872
1.0,0.57948977
0.0,0.0009455681
1.0,0.8194803
0.0,0.46312445
0.0,0.0051404536
1.0,0.59059966
1.0,0.7848263
0.0,0.35152254
0.0,0.0026202202
1.0,0.95818245
0.0,0.9409753
0.0,0.027434617
1.0,0.8150202
1.0,0.24605292
1.0,0.76334417
1.0,0.7078804
0.0,0.02844292
0.0,0.00031340122
1.0,0.6589817
0.0,0.0029403865
0.0,4.503131e-05
1.0,0.9901109
1.0,0.8314768
1.0,0.98152936
0.0,0.0030646026
1.0,0.06508201
1.0,0.9695759
1.0,0.95985967
0.0,0.0018123388
0.0,0.0012811124
1.0,0.4943375
0.0,0.012581974
0.0,0.69518125
0.0,0.005460918
1.0,0.9647883
0.0,0.0020234585
0.0,0.0037325323
0.0,0.010941356
0.0,0.70004916
0.0,0.107396394
0.0,0.00033083558
0.0,0.9202702
1.0,0.9887284
0.0,0.06541535
1.0,0.79836845
0.0,0.00040647388
0.0,0.25727952
0.0,0.9289594
1.0,0.002987206
0.0,0.6586205
0.0,0.012817472
0.0,0.00022622943
0.0,0.1564188
0.0,0.020592928
1.0,0.9706094
0.0,0.4044979
1.0,0.71265405
0.0,0.0053279996
0.0,0.048160106
0.0,0.010502219
0.0,0.6504899
0.0,0.027940154
0.0,0.58021057
0.0,0.08600575
0.0,0.002570212
1.0,0.7242309
0.0,0.019057423
1.0,0.4326924
1.0,0.78575426
0.0,0.07127726
0.0,0.041486472
1.0,0.9557302
0.0,0.0043849945
1.0,0.6185535
1.0,0.93541086
0.0,0.0025318563
1.0,0.29248562
0.0,0.00016731024
1.0,0.9580407
0.0,0.031671256
0.0,0.13141903
1.0,0.4081414
0.0,0.7986073
0.0,0.00050869584
0.0,0.8161413
1.0,0.40703788
1.0,0.9667083
0.0,0.00065758824
0.0,0.13082716
1.0,0.5822375
0.0,0.80530536
1.0,0.20861706
0.0,0.30924132
1.0,0.31049484
0.0,0.53935534
0.0,0.002741158
0.0,0.8770281
0.0,0.0022861362
0.0,0.07750186
1.0,0.015117705
0.0,0.217013
1.0,0.94108784
0.0,0.0021796823
1.0,0.16873941
0.0,0.0018352866
0.0,0.0013028085
0.0,0.010928869
0.0,0.008114696
0.0,0.109891534
0.0,0.092969865
0.0,0.04467246
0.0,0.030200362
1.0,0.9469286
0.0,0.0043433905
0.0,0.013182908
1.0,0.557128
1.0,0.75312054
0.0,0.006342858
0.0,0.0047368705
1.0,0.659529
0.0,0.32420832
1.0,0.0042027533
1.0,0.9210515
1.0,0.8434315
1.0,0.6501049
0.0,0.001990378
0.0,0.00084376335
1.0,0.5352027
0.0,0.19653946
1.0,0.974353
1.0,0.8744651
1.0,0.98584557
0.0,0.01923567
0.0,0.0007160604
0.0,0.05973476
0.0,0.0028942227
1.0,0.8204104
1.0,0.79791635
0.0,0.06823805
0.0,0.041933924
0.0,0.07350749
0.0,0.022171855
1.0,0.008721471
1.0,0.76438445
1.0,0.86628944
0.0,0.436029
1.0,0.42316073
1.0,0.8193884
1.0,0.8937836
1.0,0.9839506
0.0,0.5794413
0.0,0.22493452
0.0,0.5155052
0.0,0.0016540885
1.0,0.852855
1.0,0.99583143
1.0,0.69525397
1.0,0.68509096
0.0,0.029096454
0.0,0.0007059276
0.0,0.06282964
0.0,0.08146101
1.0,0.85459703
0.0,0.0063091815
0.0,0.003453195
0.0,0.07200879
0.0,0.0033839345
1.0,0.829619
1.0,0.8943414
1.0,0.9564754
0.0,0.1327442
0.0,0.3523218
1.0,0.8492582
1.0,0.9960989
0.0,0.0547944
1.0,0.98300564
0.0,0.77535546
1.0,0.9908188
1.0,0.9844676
1.0,0.14959201
0.0,0.002689451
0.0,0.13810965
1.0,0.9744152
0.0,0.022150725
0.0,0.09473425
1.0,0.9911765
0.0,0.018799871
0.0,0.0044436157
0.0,0.019997835
1.0,0.12241304
0.0,0.9084281
0.0,0.34195197
1.0,0.79608995
0.0,0.7380131
0.0,0.02207616
0.0,0.01871097
0.0,0.010364473
1.0,0.31664306
0.0,0.7793721
0.0,0.0022538602
0.0,0.00056290627
1.0,0.7961862
0.0,0.005334258
0.0,0.00032919645
1.0,0.48080796
0.0,0.08047816
0.0,0.023706287
1.0,0.9889922
1.0,0.5490288
0.0,0.00032517314
1.0,0.5744926
1.0,0.40688005
0.0,0.21312717
0.0,0.7200187
1.0,0.54361105
1.0,0.7692199
0.0,0.0007594228
1.0,0.12924448
1.0,0.32006598
1.0,0.7006094
0.0,0.15962756
1.0,0.10564467
0.0,0.008446395
1.0,0.75434756
0.0,0.002595514
1.0,0.92734015
0.0,0.6427452
0.0,0.15216118
1.0,0.93445086
0.0,0.0036444366
1.0,0.9484265
1.0,0.8161491
1.0,0.9891875
1.0,0.9536918
0.0,0.03563541
1.0,0.010674298
0.0,0.5695328
0.0,0.0038394034
0.0,0.013072342
0.0,0.025934756
1.0,0.9822469
0.0,0.0035439134
0.0,0.50205886
0.0,0.64585936
0.0,0.5957266
1.0,0.903501
0.0,0.13444221
0.0,0.0016277432
0.0,0.036209017
0.0,0.9036745
1.0,0.543303
0.0,0.0019682646
1.0,0.81751823
1.0,0.98363817
0.0,0.7332059
0.0,0.00034597516
0.0,0.004147142
1.0,0.97797483
0.0,0.005908668
1.0,0.0024336576
1.0,0.88185567
1.0,0.98381287
0.0,0.7194512
0.0,0.44852898
0.0,0.0015448332
0.0,0.6497881
0.0,0.010168165
0.0,0.0008868873
0.0,0.30756146
1.0,0.6082974
0.0,0.053608865
1.0,0.9134613
0.0,0.4734723
1.0,0.49823
1.0,0.9764111
1.0,0.5817311
1.0,0.93077576
0.0,0.17576182
0.0,0.7313371
0.0,0.07430041
1.0,0.7317911
1.0,0.9631598
0.0,0.0061873794
1.0,0.019893497
1.0,0.87802887
1.0,0.9035313
1.0,0.79121757
0.0,0.79861796
0.0,0.035278738
1.0,0.8748243
0.0,0.006003499
0.0,0.15289134
1.0,0.9902512
0.0,0.0004949868
0.0,0.39314947
0.0,0.13164416
0.0,0.0004595518
0.0,0.053836793
1.0,0.9961728
0.0,0.00048410892
0.0,0.6466719
1.0,0.081772
0.0,0.006055385
1.0,0.88101614
0.0,0.09642744
0.0,0.001686275
0.0,0.0013695061
0.0,0.033982933
1.0,0.64883155
0.0,0.06886214
0.0,0.20344096
1.0,0.78845257
1.0,0.92331517
0.0,0.0128471255
0.0,0.0040991902
0.0,0.0018495917
1.0,0.588493
0.0,0.0044413805
1.0,0.88932794
1.0,0.8776951
1.0,0.35984883
1.0,0.86441505
1.0,0.7371993
0.0,0.9606403
1.0,0.91613925
1.0,0.9925044
0.0,0.0026875734
0.0,0.0012871921
0.0,0.004232377
1.0,0.7820457
0.0,0.0042085946
0.0,0.0031700134
0.0,0.01869455
1.0,0.9838289
0.0,0.016520798
1.0,0.70786023
0.0,0.1921427
0.0,0.5705661
0.0,0.009509534
0.0,0.010982782
0.0,0.011526883
1.0,0.262376
1.0,0.9716239
0.0,0.0085966885
0.0,0.056405336
1.0,0.6548597
0.0,0.00027427077
1.0,0.9846946
0.0,0.008345604
0.0,0.0035444796
0.0,0.020629108
1.0,0.9637799
1.0,0.46457767
0.0,0.005217701
0.0,0.1157752
1.0,0.598893
0.0,0.092228025
0.0,0.0017902851
1.0,0.8678236
1.0,0.9901843
1.0,0.98111874
0.0,0.03175196
1.0,0.87914145
1.0,0.7946503
0.0,0.38370693
0.0,0.006045282
0.0,0.0033428967
0.0,0.004424572
0.0,0.0004888177
0.0,0.06818965
1.0,0.6696061
1.0,0.9396134
0.0,0.19334313
0.0,0.0009650886
0.0,0.06693345
0.0,0.009934306
1.0,0.9168516
0.0,0.95294946
0.0,0.0032005012
0.0,0.7706591
0.0,0.9381404
1.0,0.11230686
0.0,0.000690639
0.0,0.58527255
1.0,0.98426986
0.0,0.0074001253
0.0,0.39670312
0.0,0.012554377
0.0,0.0011370778
1.0,0.82335734
1.0,0.98394525
0.0,0.03329894
0.0,0.90676224
0.0,0.00014561415
0.0,0.98692626
0.0,0.9380938
0.0,0.18582076
0.0,0.00030624866
0.0,0.0351623
1.0,0.014199734
0.0,0.0046332777
1.0,0.15733081
0.0,0.7454077
0.0,0.000615865
0.0,0.031610757
0.0,0.07982081
0.0,0.118136406
0.0,0.003099382
1.0,0.9785687
0.0,0.0056190193
0.0,0.38640374
0.0,0.033255816
1.0,0.6389663
1.0,0.91077334
0.0,0.005751461
0.0,0.2931977
0.0,0.0012924969
1.0,0.9943172
1.0,0.843325
1.0,0.9783372
0.0,0.105909646
1.0,0.98781174
0.0,0.012335688
0.0,0.00019165874
0.0,0.0017466545
1.0,0.0015767515
0.0,0.0003065169
0.0,0.00586313
1.0,0.99285114
1.0,0.03491071
0.0,0.058472246
1.0,0.99464345
0.0,0.008081555
1.0,0.7855818
0.0,0.05719489
1.0,0.95856893
0.0,0.9952816
0.0,0.15413359
1.0,0.76131904
0.0,0.00076159835
0.0,0.14609921
0.0,0.0075728297
0.0,0.0009623468
0.0,0.007163584
0.0,0.0022479296
1.0,0.9029441
1.0,0.57584536
0.0,0.19380602
0.0,0.0050288737
0.0,0.002948016
0.0,0.6343521
1.0,0.9636974
0.0,0.0019952059
0.0,0.28580612
0.0,0.8534484
0.0,0.14753953
0.0,5.531311e-05
1.0,0.9793138
1.0,0.9306553
0.0,0.00016763806
0.0,0.0035648346
0.0,0.008658022
0.0,0.007105112
1.0,0.47974524
0.0,0.847196
0.0,0.057605118
0.0,0.002263695
1.0,0.505706
0.0,0.001146704
0.0,0.06741765
1.0,0.967965
0.0,0.0032349825
0.0,0.17339233
1.0,0.6765169
1.0,0.78393245
1.0,0.9383713
0.0,0.00086447597
0.0,0.0026009977
0.0,0.070181906
0.0,0.001234889
1.0,0.89818025
0.0,0.17549515
1.0,0.2607924
0.0,0.002708137
0.0,0.0011046529
0.0,0.0627476
1.0,0.9928546
0.0,0.35997695
0.0,0.023527712
0.0,0.06475827
1.0,0.5465127
0.0,0.003046453
0.0,0.033106655
0.0,0.00021851063
1.0,0.23928687
0.0,0.0027754009
0.0,0.0005849302
1.0,0.37937853
1.0,0.98888916
0.0,0.00047445297
1.0,0.9937036
1.0,0.94435906
1.0,0.8971813
1.0,0.9470545
0.0,0.025336146
1.0,0.9711052
0.0,0.99344075
1.0,0.009437144
0.0,0.005810678
1.0,0.06955695
0.0,0.088276744
1.0,0.1550743
1.0,0.9946116
1.0,0.8507415
0.0,0.0016898513
0.0,0.83364725
0.0,0.40803456
0.0,0.0059080124
0.0,0.00618273
0.0,0.36425143
1.0,0.992576
1.0,0.9845588
1.0,0.4490093
0.0,0.0040117204
0.0,0.004891813
0.0,0.11205152
0.0,0.07340357
1.0,0.0038969815
0.0,0.012387782
0.0,0.0006015897
0.0,0.0151052475
0.0,0.6497703
1.0,0.8591473
0.0,0.8174586
0.0,0.89259654
0.0,0.17020169
1.0,0.35599196
0.0,0.005994469
0.0,0.4519162
1.0,0.26655865
0.0,0.5683299
1.0,0.47184473
0.0,0.002613455
0.0,0.21759036
0.0,0.0033567548
0.0,0.005825311
0.0,8.329749e-05
1.0,0.9336406
0.0,0.16187376
0.0,0.13611606
1.0,0.980023
1.0,0.919299
0.0,0.23932883
1.0,0.004973024
0.0,0.18848237
0.0,0.0036608875
1.0,0.99024737
0.0,0.0003259182
0.0,0.14240658
0.0,0.004307419
0.0,0.0038279593
1.0,0.9857793
1.0,0.9748395
1.0,0.8204634
1.0,0.97567123
0.0,0.010623604
0.0,0.0030957162
0.0,0.04065606
1.0,0.95950687
0.0,0.072529405
0.0,0.007119179
1.0,0.87822235
1.0,0.7001002
1.0,0.94491756
0.0,0.004033625
0.0,0.1991755
0.0,0.45287144
1.0,0.97232455
1.0,0.87625813
1.0,0.9143667
0.0,0.48036143
0.0,3.066659e-05
0.0,0.0007093847
1.0,0.9443887
1.0,0.14994493
0.0,0.19671372
1.0,0.9066342
1.0,0.79680073
1.0,0.97070366
1.0,0.20720437
0.0,0.0063195825
0.0,0.0076034963
1.0,0.4000659
1.0,0.6965406
0.0,0.021189928
0.0,0.013848722
0.0,0.0012950599
0.0,0.003198862
0.0,0.0044074655
0.0,0.6458821
0.0,0.0029367507
0.0,0.044260085
1.0,0.42700818
1.0,0.7965435
0.0,0.84131086
1.0,0.9890449
0.0,0.000107973814
1.0,0.8254386
0.0,0.06934127
1.0,0.92600894
0.0,0.0002655387
0.0,0.0021500587
0.0,0.0032059848
0.0,0.25603256
1.0,0.17270243
1.0,0.9307178
0.0,0.003906369
0.0,0.122214675
1.0,0.0884617
0.0,0.0070199966
1.0,0.97956085
1.0,0.4985218
0.0,0.0029051006
0.0,0.025547534
0.0,0.07408482
0.0,0.9951779
0.0,0.8154479
0.0,0.0015651286
0.0,0.67105436
0.0,0.003401965
1.0,0.9127393
1.0,0.9723823
1.0,0.74292016
1.0,0.7171533
0.0,0.0020714402
0.0,0.59813005
1.0,0.827165
0.0,0.9189739
0.0,0.007221341
0.0,0.057966232
1.0,0.49315202
1.0,0.38921595
0.0,0.010296315
1.0,0.9773754
1.0,0.97471213
0.0,0.00014549494
0.0,0.021460235
1.0,0.96778196
0.0,0.0013740063
0.0,0.8844489
0.0,0.00045856833
0.0,0.020603657
1.0,0.044206202
0.0,0.0030851364
0.0,0.0033484995
0.0,0.34486306
1.0,0.04544905
0.0,0.0038195252
0.0,0.008023828
1.0,0.94535667
0.0,0.0032561421
0.0,0.28096288
0.0,0.96381944
1.0,0.9884135
1.0,0.31135815
1.0,0.28519472
0.0,0.0016764998
0.0,0.6031283
1.0,0.2994383
0.0,0.011613339
0.0,0.0018139482
0.0,0.24785453
0.0,0.0037142336
1.0,0.34726483
0.0,0.034846574
0.0,0.6857335
1.0,0.64739394
0.0,0.0035807192
0.0,0.012225419
0.0,0.038974762
0.0,0.024283439
1.0,0.78845155
1.0,0.9626296
0.0,0.46093205
1.0,0.76166266
0.0,0.0023137033
0.0,0.019450456
0.0,0.00039607286
1.0,0.4801386
0.0,0.0050803423
0.0,0.0013970137
1.0,0.90932995
1.0,0.7073673
1.0,0.8868176
0.0,0.54385924
1.0,0.89827573
1.0,0.9290219
0.0,0.00017869473
0.0,0.94024444
0.0,0.7020737
1.0,0.2946427
0.0,0.06258261
0.0,0.29645675
0.0,0.0046269298
0.0,0.008470088
0.0,0.00095930696
0.0,0.031098604
0.0,0.30012417
0.0,0.71540946
0.0,0.45160842
1.0,0.85035586
1.0,0.6313123
1.0,0.81658894
0.0,0.0014576316
1.0,0.9909905
0.0,0.38113892
0.0,0.008461773
1.0,0.9498817
0.0,0.2497774
0.0,0.0014205873
0.0,0.22876072
0.0,0.0054685175
0.0,0.15983501
0.0,0.7697365
0.0,0.0036018193
1.0,0.7091679
0.0,0.00028035045
0.0,0.0016958117
0.0,0.0007210672
1.0,0.9819244
1.0,0.9460583
0.0,0.6909429
1.0,0.8875245
0.0,0.0044840574
1.0,0.020392954
0.0,0.0010358691
0.0,0.00089266896
1.0,0.0046285093
0.0,0.00018531084
0.0,0.003881693
1.0,0.05956626
0.0,0.013269424
1.0,0.0018813014
0.0,0.1372833
0.0,0.0023542345
1.0,0.8732443
0.0,0.0028446913
0.0,0.22936583
0.0,0.93215954
0.0,0.0009176433
0.0,4.6402216e-05
1.0,0.9879211
0.0,0.00085788965
0.0,0.036758393
0.0,0.01714316
1.0,0.3259222
0.0,0.8624841
0.0,0.021506518
1.0,0.7111756
0.0,0.001430273
0.0,0.0010858178
0.0,0.017914057
0.0,0.06816104
1.0,0.7788027
0.0,0.008773416
0.0,0.0001847148
0.0,0.0030238032
0.0,0.0015535653
0.0,0.74733233
1.0,0.89686775
1.0,0.8782928
0.0,0.0005720854
1.0,0.9477961
0.0,0.009416103
0.0,0.003440231
0.0,0.0020121932
0.0,0.21644819
1.0,0.98721695
0.0,0.0048487484
0.0,0.001054287
0.0,0.39327976
0.0,0.023057044
0.0,0.025739431
0.0,0.0021040142
0.0,0.00029310584
0.0,0.0010203123
0.0,0.0013469756
0.0,0.9765296
1.0,0.048935324
0.0,0.007041931
0.0,0.065644205
0.0,0.0029598773
1.0,0.98715323
0.0,0.17836314
1.0,0.9491004
0.0,0.044780046
0.0,0.08649638
0.0,0.20068225
1.0,0.98492634
1.0,0.9958716
1.0,0.7201078
1.0,0.15881592
0.0,0.05128491
0.0,0.0019067526
1.0,0.9908577
1.0,0.95947623
0.0,0.007902265
0.0,0.030625105
0.0,0.8439895
1.0,0.96359056
0.0,0.008993715
0.0,0.0027828217
0.0,0.024704814
0.0,0.008726805
1.0,0.184367
1.0,0.9260097
0.0,1.6778708e-05
1.0,0.6406095
0.0,0.0016356707
0.0,0.009391993
0.0,0.0012935996
0.0,0.02684325
0.0,0.014021158
1.0,0.92989737
0.0,3.656745e-05
0.0,0.07952389
0.0,0.69354546
0.0,0.2285015
0.0,0.648391
1.0,0.9953929
0.0,0.0076670647
0.0,0.0010911226
1.0,0.85412383
0.0,0.7667533
0.0,0.0007637441
1.0,0.8987607
1.0,0.7411301
0.0,0.032640487
1.0,0.90373677
0.0,0.097614676
1.0,0.6059411
1.0,0.9982232
0.0,0.080231935
1.0,0.95521295
0.0,0.006884843
0.0,0.0077530146
0.0,0.49737212
0.0,0.29635108
0.0,0.0037549436
0.0,0.0038897097
0.0,0.03827703
1.0,0.943606
0.0,0.111828536
0.0,0.0008677244
0.0,0.16729686
0.0,0.48521835
1.0,0.9481619
0.0,0.0075655878
0.0,0.3413799
0.0,0.002930522
0.0,0.02306816
0.0,0.003053546
0.0,0.9708681
1.0,0.027807057
0.0,0.027405918
1.0,0.67353016
0.0,0.0015141964
1.0,0.017272592
0.0,0.019969523
0.0,0.09914598
0.0,0.007098347
0.0,0.70697784
0.0,0.2647066
0.0,0.020016313
0.0,0.10966158
0.0,0.00049841404
0.0,0.9120823
0.0,0.9530333
1.0,0.95286965
0.0,0.9769683
0.0,0.0038012564
1.0,0.9950678
0.0,0.011319011
0.0,0.0013692379
0.0,1.835823e-05
1.0,0.85374254
1.0,0.1285854
1.0,0.60697675
1.0,0.919809
0.0,0.6764691
1.0,0.5987237
0.0,0.13132516
1.0,0.53208345
0.0,0.008905828
0.0,0.90098715
0.0,0.008039296
0.0,0.0011454225
0.0,0.01814863
1.0,0.97315866
1.0,0.46187967
0.0,0.98998123
1.0,0.72696656
0.0,0.0018663108
1.0,0.9825829
0.0,0.0017768741
0.0,0.0030546784
0.0,0.98684657
0.0,0.47328627
0.0,0.006243646
0.0,0.0007110238
1.0,0.9920061
0.0,4.6372414e-05
1.0,0.9907125
1.0,0.63356006
1.0,0.92136836
0.0,0.00045356154
0.0,0.9882976
0.0,0.004389465
0.0,0.0396432
0.0,0.21625605
1.0,0.65959907
0.0,0.35222626
0.0,0.0126467645
0.0,0.18213087
0.0,0.0015880167
0.0,0.000877887
0.0,0.039502293
0.0,0.8282844
0.0,0.0025722384
0.0,0.41900444
1.0,0.99713725
0.0,0.09623143
0.0,0.002022475
0.0,0.0016699135
0.0,0.001250565
1.0,0.8751097
0.0,0.45977798
1.0,0.9819597
0.0,0.42683542
1.0,0.9927428
1.0,0.6312027
0.0,0.00016283989
0.0,0.20567787
0.0,0.019543141
0.0,0.19197255
0.0,0.003736198
0.0,0.67505324
1.0,0.9940009
0.0,0.0023665726
1.0,0.4312045
0.0,0.73456043
0.0,5.9604645e-05
0.0,0.015719801
1.0,0.9832193
0.0,0.0010833442
1.0,0.9910189
0.0,0.004109055
0.0,0.007095784
0.0,0.49898836
0.0,0.65206075
0.0,0.1693916
0.0,0.003891766
1.0,0.8852396
1.0,0.9115366
0.0,0.00667125
0.0,0.013093293
0.0,0.0010542274
1.0,0.8622645
0.0,0.019555688
1.0,0.74188006
0.0,0.027329296
1.0,0.9476645
1.0,0.8065525
0.0,0.005993098
0.0,0.0011704564
0.0,0.0057166517
1.0,0.8229303
0.0,0.5606633
0.0,0.19568148
1.0,0.9831219
1.0,0.8148477
0.0,0.15169448
0.0,0.0110164285
1.0,0.9057989
0.0,0.007122904
0.0,0.008379668
0.0,0.0015387833
1.0,0.5371991
0.0,0.0069254637
0.0,0.007301718
1.0,0.7249707
1.0,0.91256475
0.0,0.14400628
0.0,0.0029053092
0.0,0.0044819415
1.0,0.9757294
1.0,0.9852466
1.0,0.64500564
0.0,0.008787066
0.0,0.003325969
0.0,0.016186744
0.0,0.0005387366
1.0,0.9159188
0.0,0.00022262335
0.0,0.68880975
0.0,0.033149987
0.0,0.59048605
0.0,0.29501516
0.0,0.0037047267
0.0,0.32157388
0.0,0.0062633455
0.0,0.0014134049
1.0,0.2256785
1.0,0.9455219
0.0,0.35758442
0.0,0.16973644
1.0,0.035187006
0.0,0.0015510321
1.0,0.77044594
0.0,0.033558518
0.0,0.0041417778
1.0,0.949045
1.0,0.9949495
0.0,0.79279625
0.0,0.4111293
1.0,0.20787665
0.0,0.06715605
0.0,0.25909632
0.0,0.9953437
0.0,0.0008702576
1.0,0.91175896
1.0,0.7984727
0.0,0.5228334
0.0,0.0003130734
0.0,0.015245408
1.0,0.94711363
0.0,0.0054096878
1.0,0.65867114
0.0,0.018557698
1.0,0.6758579
1.0,0.6362412
0.0,0.042833894
1.0,0.20279971
0.0,0.34133565
0.0,0.00012874603
1.0,0.99594927
1.0,0.019016594
0.0,0.005374521
0.0,0.08428353
0.0,0.31299412
0.0,0.34175456
1.0,0.93012667
0.0,0.020397246
0.0,0.06483203
0.0,0.0050539374
1.0,0.9087266
0.0,0.0048888028
0.0,0.62760466
1.0,0.91462404
0.0,0.0011799037
0.0,0.8196786
0.0,0.024390519
1.0,0.10171351
0.0,0.18443942
1.0,0.9443395
0.0,0.003572166
1.0,0.052830964
1.0,0.38155687
1.0,0.97004473
1.0,0.8726923
0.0,9.563565e-05
1.0,0.8164276
0.0,0.0081939995
1.0,0.9866614
1.0,0.47175065
0.0,0.3929892
1.0,0.80927247
0.0,0.00048977137
1.0,0.80303025
1.0,0.3571075
0.0,0.0010426342
0.0,0.9773464
1.0,0.9959965
1.0,0.1509077
0.0,0.06882489
0.0,0.3736504
0.0,0.00025826693
0.0,0.003457874
0.0,0.53086495
1.0,0.7807581
1.0,0.9649533
1.0,0.35832965
1.0,0.67533994
1.0,0.99677896
1.0,0.9874879
0.0,0.622412
1.0,0.8809544
0.0,0.0048461854
0.0,0.0027130842
0.0,0.08415443
1.0,0.04292959
1.0,0.2725811
0.0,0.051909417
0.0,0.008472979
0.0,0.9349812
1.0,0.70220405
1.0,0.29368258
1.0,0.886958
0.0,0.0006314516
0.0,0.9738046
0.0,0.15610695
0.0,0.07161656
0.0,0.017397612
0.0,0.0043445528
1.0,0.99292004
1.0,0.89372283
0.0,0.011885881
0.0,0.019075006
0.0,0.6835811
0.0,0.07361731
0.0,0.78606033
0.0,0.3998841
0.0,0.19255301
1.0,0.43893605
0.0,0.02916351
1.0,0.6860018
0.0,0.0034237504
0.0,0.47928524
0.0,0.002516389
0.0,0.6373651
1.0,0.93146884
1.0,0.8304359
1.0,0.48337522
1.0,0.739941
0.0,0.0010257065
0.0,0.05149588
1.0,0.5260313
1.0,0.8207842
0.0,0.44099745
0.0,0.003998637
0.0,0.08101234
1.0,0.24123031
0.0,0.0035203695
1.0,0.019222558
0.0,0.015918165
0.0,0.021406919
0.0,0.0033486485
0.0,0.011268407
0.0,0.14066646
0.0,0.003807187
0.0,0.06429088
1.0,0.9739201
0.0,0.0034927428
0.0,0.6591932
0.0,0.0060963333
1.0,0.33050537
0.0,0.0021058023
1.0,0.9857886
0.0,0.00031414628
0.0,0.0044801235
0.0,0.0013822019
0.0,0.31227732
0.0,0.0014432073
0.0,0.0010903478
1.0,0.9578132
0.0,0.3618383
1.0,0.79355097
1.0,0.9664322
0.0,0.012910575
0.0,0.031114131
1.0,0.9685739
1.0,0.9949426
0.0,0.21728909
0.0,0.5194267
0.0,0.004190773
0.0,0.0015029311
0.0,0.0059307516
1.0,0.49632296
0.0,0.0069343746
1.0,0.6191099
1.0,0.30797482
0.0,0.9270481
0.0,0.16753072
0.0,0.001378119
0.0,0.005523652
0.0,0.9360174
0.0,0.000918597
0.0,0.0057032704
0.0,0.7717039
1.0,0.7673349
1.0,0.65153474
0.0,0.0018182695
0.0,0.0071751177
0.0,0.4623642
1.0,0.93645096
0.0,0.000857085
0.0,0.004338503
1.0,0.545395
1.0,0.9872239
0.0,0.14335266
0.0,0.011155367
0.0,0.007749468
1.0,0.9853824
0.0,0.012201726
1.0,0.98699343
1.0,0.518796
0.0,0.019193351
0.0,0.040162176
0.0,0.0118615925
1.0,0.8336898
0.0,0.015399277
1.0,0.94721526
0.0,0.0042903423
1.0,0.6823147
0.0,0.06031701
0.0,0.05452612
0.0,0.0007722676
1.0,0.99631053
0.0,0.27663508
1.0,0.9847968
1.0,0.85442066
0.0,0.0015903115
1.0,0.22520211
0.0,0.034017682
1.0,0.13744214
0.0,6.133318e-05
1.0,0.9809691
0.0,0.00039041042
1.0,0.9074751
1.0,0.9561465
1.0,0.9951718
0.0,0.0042009354
1.0,0.95127547
1.0,0.78442645
0.0,0.002478093
1.0,0.9840995
1.0,0.33982587
1.0,0.19139674
0.0,0.029158205
0.0,0.004423999
0.0,0.9647381
0.0,0.21146691
