0.0,0.7428844
0.0,0.7317474
1.0,0.36028016
0.0,0.046707213
1.0,0.4200043
0.0,0.039100796
1.0,0.9813929
1.0,0.8250303
1.0,0.6717834
0.0,0.006674528
0.0,0.42467332
1.0,0.95514745
0.0,0.008875102
0.0,0.0824981
0.0,0.04546219
0.0,0.0075100064
1.0,0.7172162
0.0,0.018363863
0.0,0.028045535
1.0,0.95583165
1.0,0.5435817
0.0,0.0010627806
1.0,0.9839853
0.0,0.012284309
0.0,0.028418243
1.0,0.971174
0.0,0.011749625
1.0,0.9736153
0.0,0.049044967
1.0,0.89136636
0.0,0.009534627
0.0,0.47523496
1.0,0.9778867
1.0,0.9968772
1.0,0.929055
1.0,0.9835276
1.0,0.51757365
0.0,0.009392917
1.0,0.96964204
1.0,0.017914355
1.0,0.9779069
1.0,0.96835124
0.0,0.0121638775
1.0,0.9343879
1.0,0.9803587
0.0,0.028274
0.0,0.004956454
0.0,0.019450426
0.0,0.02690816
1.0,0.9941045
0.0,0.38395202
1.0,0.86121356
1.0,0.99707806
1.0,0.8861986
0.0,0.009892195
0.0,0.024803191
0.0,0.097846806
1.0,0.028361827
1.0,0.9879129
1.0,0.39555255
1.0,0.9940233
0.0,0.5000916
1.0,0.99336994
1.0,0.8731091
1.0,0.9679265
0.0,0.56441045
0.0,0.45523253
1.0,0.8886088
0.0,0.029314846
1.0,0.9635476
0.0,0.86484635
1.0,0.9761034
0.0,0.0077163875
0.0,0.02915302
1.0,0.30652916
0.0,0.49408013
0.0,0.013301849
0.0,0.14844698
0.0,0.0064288974
1.0,0.9949858
0.0,0.024241477
1.0,0.9959229
1.0,0.99556684
1.0,0.99992466
1.0,0.99665093
1.0,0.8540609
1.0,0.97716224
0.0,0.39555487
0.0,0.08054826
1.0,0.7482773
0.0,0.014030337
1.0,0.36632764
0.0,0.0136116445
0.0,0.8599334
0.0,0.34762615
1.0,0.9786711
0.0,0.008935183
0.0,0.038117558
1.0,0.2594619
1.0,0.9992764
0.0,0.02322489
0.0,0.037787974
1.0,0.06884512
0.0,0.4251244
0.0,0.0588077
1.0,0.9832661
1.0,0.02263537
0.0,0.017392784
1.0,0.013236284
1.0,0.99341273
1.0,0.98978174
0.0,0.022901475
1.0,0.07570732
0.0,0.064043194
0.0,0.032862067
1.0,0.34380573
0.0,0.013463289
1.0,0.9256137
1.0,0.35159367
1.0,0.97939956
0.0,0.07891497
1.0,0.99421644
0.0,0.992673
0.0,0.019757628
0.0,0.3624026
1.0,0.2308217
0.0,0.0025681853
0.0,0.10540828
1.0,0.9845482
1.0,0.8994352
1.0,0.99357563
0.0,0.07246718
0.0,0.018135935
1.0,0.50762284
1.0,0.9984728
0.0,0.90662473
0.0,0.019718617
0.0,0.020853579
0.0,0.10569835
0.0,0.010015577
1.0,0.9192628
0.0,0.21352786
1.0,0.12794986
0.0,0.010479927
0.0,0.0145819485
0.0,0.0011109114
1.0,0.68482244
0.0,0.01936829
0.0,0.012393415
0.0,0.04298222
0.0,0.053186804
0.0,0.02296251
0.0,0.01388815
0.0,0.9493253
0.0,0.10631549
1.0,0.9746775
0.0,0.0031615496
0.0,0.018224657
1.0,0.9995656
0.0,0.036939323
0.0,0.80797106
0.0,0.5941319
0.0,0.024007708
0.0,0.22301185
1.0,0.99951714
0.0,0.30916664
1.0,0.7372464
0.0,0.023969948
0.0,0.018011808
1.0,0.8293058
0.0,0.76695335
0.0,0.9909303
0.0,0.9796275
0.0,0.00538522
1.0,0.7969206
1.0,0.8981502
0.0,0.02647093
1.0,0.8093269
0.0,0.6259654
1.0,0.9781431
1.0,0.96146333
1.0,0.92499423
1.0,0.98255646
1.0,0.98271513
0.0,0.79414463
0.0,0.0012335777
0.0,0.022026062
0.0,0.9817909
0.0,0.17119238
0.0,0.020755976
1.0,0.5389346
0.0,0.0053325593
0.0,0.9461051
1.0,0.85228187
1.0,0.7561827
1.0,0.99970293
0.0,0.020219207
0.0,0.41244075
0.0,0.011755228
1.0,0.058062464
0.0,0.40505847
0.0,0.7502588
0.0,0.78091985
0.0,0.2382763
0.0,0.034799516
1.0,0.19535714
0.0,0.020821542
1.0,0.15862599
0.0,0.0030364394
0.0,0.0683471
0.0,0.015423924
1.0,0.9913231
0.0,0.20912012
0.0,0.38525853
0.0,0.023090988
0.0,0.0041223466
0.0,0.9788245
0.0,0.1463848
1.0,0.996408
0.0,0.010102332
0.0,0.003231436
1.0,0.9255945
1.0,0.9957892
0.0,0.70944077
0.0,0.04013124
0.0,0.0061519444
0.0,0.10467547
0.0,0.017999679
0.0,0.036118895
1.0,0.9922143
0.0,0.07250792
1.0,0.16037211
0.0,0.008866906
1.0,0.37513983
1.0,0.440458
0.0,0.055212945
0.0,0.025829554
0.0,0.044453323
1.0,0.9429659
1.0,0.9545742
1.0,0.9781252
1.0,0.91168356
0.0,0.008924335
0.0,0.5806483
1.0,0.99701595
0.0,0.92196393
0.0,0.043029666
0.0,0.009665906
0.0,0.69651645
0.0,0.014504433
0.0,0.011677563
0.0,0.05982858
1.0,0.8707038
0.0,0.014927149
0.0,0.1931588
0.0,0.0019777417
1.0,0.9385768
1.0,0.88587487
0.0,0.026206523
0.0,0.080429584
0.0,0.026077896
1.0,0.99560165
0.0,0.022114098
0.0,0.007307589
0.0,0.049779087
0.0,0.017873555
1.0,0.99903977
1.0,0.7383936
1.0,0.9992939
0.0,0.06358945
1.0,0.88182074
0.0,0.016076684
0.0,0.019139022
0.0,0.19602007
1.0,0.9804638
1.0,0.9399179
0.0,0.0070891976
0.0,0.040099323
1.0,0.82667816
1.0,0.46628326
0.0,0.010476291
1.0,0.2409356
1.0,0.99975246
0.0,0.9396951
0.0,0.5032264
0.0,0.050502867
0.0,0.041209847
0.0,0.8102155
0.0,0.048857063
1.0,0.9968534
0.0,0.004484415
0.0,0.016950905
1.0,0.9994397
0.0,0.014857709
1.0,0.98646665
1.0,0.052060246
1.0,0.9342835
1.0,0.85538095
1.0,0.9147781
0.0,0.03250903
1.0,0.9531126
0.0,0.87771183
1.0,0.9982922
0.0,0.8216825
0.0,0.09368238
0.0,0.013779163
0.0,0.47660202
0.0,0.91412574
1.0,0.9662532
0.0,0.99728024
1.0,0.6578758
0.0,0.9629432
1.0,0.9145539
1.0,0.9986952
0.0,0.028212309
0.0,0.0072569847
0.0,0.006399393
1.0,0.9712148
1.0,0.2770431
0.0,0.0046073794
0.0,0.0041078925
0.0,0.0106368065
0.0,0.04583633
1.0,0.9851018
1.0,0.862293
0.0,0.026742637
0.0,0.26891348
1.0,0.9788431
1.0,0.9761698
1.0,0.53147453
0.0,0.015423626
0.0,0.86956334
0.0,0.009575248
0.0,0.6958792
1.0,0.9931891
1.0,0.4789822
0.0,0.08741945
0.0,0.036714017
0.0,0.0065897107
0.0,0.51716894
0.0,0.004259765
0.0,0.18511105
1.0,0.11809221
0.0,0.117186576
0.0,0.023616552
0.0,0.13435638
0.0,0.9406649
0.0,0.94987905
0.0,0.10944229
0.0,0.006566465
1.0,0.7200709
0.0,0.015152276
1.0,0.9452957
0.0,0.0026831627
0.0,0.14967656
0.0,0.14005247
0.0,0.003180772
0.0,0.98578894
1.0,0.77168584
1.0,0.9459944
0.0,0.73538446
1.0,0.8071805
0.0,0.008836001
0.0,0.7489785
0.0,0.5140608
0.0,0.94766617
0.0,0.010961622
0.0,0.0007946491
1.0,0.8396667
0.0,0.022548586
1.0,0.990471
0.0,0.05325651
1.0,0.097696155
0.0,0.24624777
1.0,0.35818025
1.0,0.9910704
1.0,0.9842203
0.0,0.011940658
0.0,0.012703896
1.0,0.98983485
0.0,0.025209099
0.0,0.020260245
1.0,0.0970304
1.0,0.9994141
0.0,0.17370293
1.0,0.91481936
1.0,0.9945545
0.0,0.8449821
0.0,0.02185744
0.0,0.28671253
0.0,0.046428114
0.0,0.0038974583
0.0,0.11166647
1.0,0.99919546
0.0,0.6529255
1.0,0.60907125
1.0,0.71632946
0.0,0.031526268
0.0,0.041178614
0.0,0.8078766
1.0,0.99659705
1.0,0.9824841
1.0,0.52840555
0.0,0.1535084
1.0,0.994912
1.0,0.9375514
0.0,0.0028025806
0.0,0.6427625
0.0,0.96754515
0.0,0.9413492
1.0,0.96526563
0.0,0.015717924
1.0,0.3468792
0.0,0.8599975
0.0,0.046498865
0.0,0.020305932
0.0,0.005282432
0.0,0.010811329
0.0,0.014962077
0.0,0.01687333
0.0,0.026260912
0.0,0.03104797
0.0,0.4191247
0.0,0.32422492
0.0,0.01362291
0.0,0.5548642
0.0,0.035007954
1.0,0.9482403
0.0,0.43359286
1.0,0.9956112
0.0,0.019934326
0.0,0.031161219
0.0,0.014428645
0.0,0.948576
0.0,0.85347
0.0,0.055640876
0.0,0.20939603
0.0,0.003420204
0.0,0.0037680566
0.0,0.017882079
0.0,0.6977593
1.0,0.8276924
0.0,0.033602327
0.0,0.008777142
0.0,0.7980242
0.0,0.091177374
1.0,0.65743303
0.0,0.9013828
1.0,0.40868178
0.0,0.008275986
0.0,0.12917867
1.0,0.99847996
0.0,0.94811326
1.0,0.99377537
1.0,0.9844426
1.0,0.9483764
1.0,0.9762434
0.0,0.014912665
1.0,0.7459403
0.0,0.004359424
0.0,0.018873423
0.0,0.50894207
1.0,0.99918497
0.0,0.011530787
0.0,0.018244147
1.0,0.64628696
1.0,0.9999403
0.0,0.06753975
0.0,0.005144924
1.0,0.8106264
0.0,0.1614635
1.0,0.80025816
0.0,0.34084392
0.0,0.17073244
1.0,0.94171125
0.0,0.6077225
0.0,0.0062015653
1.0,0.28876674
0.0,0.108570784
1.0,0.99858266
0.0,0.002854079
1.0,0.18049946
1.0,0.4797591
1.0,0.87066257
1.0,0.999072
0.0,0.84851325
0.0,0.029830158
1.0,0.67738944
0.0,0.012472898
0.0,0.7835345
1.0,0.8256123
1.0,0.7778897
1.0,0.9843416
0.0,0.042079657
1.0,0.9913374
1.0,0.95749927
0.0,0.48813835
1.0,0.9971069
0.0,0.39536652
1.0,0.9153761
1.0,0.95412016
0.0,0.8996309
0.0,0.3071892
1.0,0.25498468
0.0,0.20323971
1.0,0.9736228
0.0,0.7482096
0.0,0.023958802
0.0,0.97057104
1.0,0.9995239
0.0,0.0011079311
0.0,0.0056252778
0.0,0.6555857
1.0,0.54765314
0.0,0.0062684715
0.0,0.007846743
0.0,0.22376174
0.0,0.83904064
1.0,0.95564985
1.0,0.9694793
0.0,0.16129047
0.0,0.88887954
0.0,0.08529547
0.0,0.22095343
0.0,0.046033204
1.0,0.9721924
0.0,0.006463349
1.0,0.98428714
0.0,0.65923387
0.0,0.2585665
1.0,0.94394046
0.0,0.022794902
0.0,0.015812159
0.0,0.012145907
0.0,0.015472263
0.0,0.047673643
0.0,0.0033398867
0.0,0.025804013
0.0,0.072339594
1.0,0.99162906
1.0,0.9971093
0.0,0.006204903
0.0,0.026242942
1.0,0.9967747
0.0,0.011398822
1.0,0.9460061
0.0,0.49275163
0.0,0.0006046891
1.0,0.9826175
0.0,0.14787316
1.0,0.8926327
0.0,0.6759155
1.0,0.3452848
0.0,0.015803248
0.0,0.04159382
0.0,0.2911409
1.0,0.99785095
0.0,0.0011949539
0.0,0.2414588
0.0,0.005865872
0.0,0.96757716
1.0,0.104044676
0.0,0.012943655
0.0,0.0052807927
1.0,0.99394274
1.0,0.122234136
0.0,0.21484774
1.0,0.82514083
0.0,0.041956723
0.0,0.590416
1.0,0.9916287
1.0,0.9951536
0.0,0.04370922
1.0,0.99511224
1.0,0.993775
0.0,0.017408133
0.0,0.108945966
0.0,0.07599807
1.0,0.01984346
0.0,0.00094747543
0.0,0.025249422
0.0,0.018218905
1.0,0.9993027
1.0,0.89972717
0.0,0.016489804
1.0,0.61281896
1.0,0.08242211
0.0,0.1559881
1.0,0.9336244
0.0,0.21579042
1.0,0.9301548
0.0,0.07269186
1.0,0.97062516
0.0,0.054315746
0.0,0.026957452
1.0,0.8035383
0.0,0.01753813
1.0,0.9599076
0.0,0.037896097
0.0,0.0027186573
0.0,0.009477437
1.0,0.8939973
0.0,0.7019075
1.0,0.4493
0.0,0.0155567825
1.0,0.9502728
1.0,0.8811295
0.0,0.010121793
1.0,0.9940574
1.0,0.99846673
1.0,0.48502976
1.0,0.8173214
0.0,0.08973932
0.0,0.022101194
0.0,0.60648346
1.0,0.9837537
1.0,0.50531304
0.0,0.010829985
0.0,0.032857895
0.0,0.35646087
1.0,0.99205714
0.0,0.23367131
1.0,0.002504617
1.0,0.9945587
0.0,0.37846467
0.0,0.024217576
1.0,0.9869012
0.0,0.6547357
1.0,0.9966419
0.0,0.8327987
0.0,0.012230724
0.0,0.04786399
1.0,0.19501159
0.0,0.30811587
1.0,0.9980068
0.0,0.019074827
1.0,0.34861404
0.0,0.53014755
0.0,0.13948587
1.0,0.016186535
1.0,0.6647638
1.0,0.6962824
1.0,0.9910934
0.0,0.017802656
0.0,0.058629513
0.0,0.9372418
0.0,0.002845347
1.0,0.99030703
1.0,0.662211
0.0,0.0025226474
0.0,0.024833173
0.0,0.0069780946
1.0,0.86341405
0.0,0.0324516
0.0,0.023561984
0.0,0.13669601
0.0,0.8416514
0.0,0.007915825
0.0,0.5746616
1.0,0.9549014
0.0,0.870332
1.0,0.5313653
0.0,0.1486769
0.0,0.6927136
1.0,0.89922297
1.0,0.9277818
1.0,0.9839206
0.0,0.010545343
0.0,0.07322198
1.0,0.7461817
0.0,0.004030794
0.0,0.029256642
0.0,0.42895207
1.0,0.93151176
0.0,0.020426482
0.0,0.10027233
1.0,0.9987118
0.0,0.20023248
1.0,0.9984524
1.0,0.9884629
1.0,0.9932404
0.0,0.0218952
1.0,0.98839116
1.0,0.9863682
0.0,0.10548696
1.0,0.38447827
0.0,0.008707821
0.0,0.06691301
0.0,0.08650851
0.0,0.014632553
1.0,0.81088936
1.0,0.92452395
1.0,0.9980281
1.0,0.91443914
1.0,0.99040306
0.0,0.6495593
0.0,0.98277164
1.0,0.98351276
0.0,0.025009781
1.0,0.9336161
1.0,0.9993113
0.0,0.14111257
1.0,0.16567603
1.0,0.44512314
0.0,0.008080095
0.0,0.03129852
0.0,0.02758649
0.0,0.015417039
1.0,0.772265
1.0,0.9897987
0.0,0.012963682
0.0,0.010204971
1.0,0.06740174
1.0,0.8492391
1.0,0.3375379
0.0,0.035977155
1.0,0.8325765
1.0,0.61043805
0.0,0.037690133
0.0,0.21858382
1.0,0.96577233
1.0,0.99979687
0.0,0.6999887
1.0,0.80062985
0.0,0.15769023
0.0,0.4780436
1.0,0.9961891
0.0,0.46297175
1.0,0.9983196
0.0,0.78553903
0.0,0.36225557
0.0,0.08185315
1.0,0.96313065
1.0,0.7688781
0.0,0.011137396
0.0,0.030258834
1.0,0.89290273
0.0,0.03865859
1.0,0.9987159
1.0,0.8169515
1.0,0.93548304
0.0,0.013714939
0.0,0.98332274
0.0,0.83891344
0.0,0.0063234866
0.0,0.009991109
1.0,0.9997023
0.0,0.065642565
0.0,0.009239197
1.0,0.99223167
0.0,0.0061852634
1.0,0.08240256
1.0,0.75272095
0.0,0.012898058
0.0,0.23970306
0.0,0.68110085
0.0,0.008525759
0.0,0.009437144
0.0,0.004400462
0.0,0.032101154
0.0,0.8086701
1.0,0.86444324
1.0,0.99203944
0.0,0.5912274
0.0,0.7132427
0.0,0.036331236
0.0,0.07164878
0.0,0.024374902
1.0,0.008603692
0.0,0.022394598
0.0,0.00032180548
1.0,0.99974465
1.0,0.33605242
0.0,0.031033993
0.0,0.9862524
0.0,0.001323998
0.0,0.057894647
0.0,0.011333108
0.0,0.045621336
1.0,0.9739634
1.0,0.90632784
1.0,0.99490577
0.0,0.009099275
1.0,0.88725233
1.0,0.9892678
0.0,0.52198964
0.0,0.0034056604
1.0,0.8244841
1.0,0.4025184
1.0,0.9356998
1.0,0.98471934
1.0,0.8926908
0.0,0.1250593
0.0,0.25623685
1.0,0.44476575
0.0,0.005621612
1.0,0.99405026
0.0,0.0043008626
1.0,0.708497
0.0,0.021244109
0.0,0.8019762
0.0,0.04682052
0.0,0.032141685
0.0,0.5957463
0.0,0.0012732446
0.0,0.002442032
0.0,0.033853114
0.0,0.93883866
0.0,0.012858033
0.0,0.001799047
1.0,0.9870348
1.0,0.5762933
1.0,0.9855584
0.0,0.9503559
0.0,0.25861114
0.0,0.5250934
0.0,0.04252404
1.0,0.9970198
1.0,0.53595287
1.0,0.9304607
1.0,0.9885785
0.0,0.8979054
0.0,0.0057925284
0.0,0.0054730773
1.0,0.74084955
0.0,0.010614455
1.0,0.0029923916
1.0,0.9744005
0.0,0.73646635
0.0,0.0039393306
0.0,0.06377199
0.0,0.7314764
1.0,0.89373153
1.0,0.9323206
0.0,0.10736701
1.0,0.975402
1.0,0.7338391
0.0,0.8462461
0.0,0.03394553
1.0,0.9467635
0.0,0.005671382
0.0,0.33531082
0.0,0.011844635
0.0,0.32594305
0.0,0.05624175
1.0,0.382945
0.0,0.120577216
0.0,0.8932525
1.0,0.99834144
1.0,0.9831085
0.0,0.4648988
0.0,0.68399614
1.0,0.9023483
0.0,0.034282476
0.0,0.0011519194
1.0,0.9597506
0.0,0.0967378
0.0,0.029717416
0.0,0.04826057
1.0,0.992836
0.0,0.31155163
1.0,0.941463
1.0,0.85519946
1.0,0.9996773
0.0,0.022794276
1.0,0.9300804
0.0,0.0075475574
1.0,0.9835572
0.0,0.031456947
1.0,0.992805
0.0,0.07277271
0.0,0.020817071
1.0,0.9928193
0.0,0.0062921047
0.0,0.0117532015
1.0,0.7057045
1.0,0.728613
1.0,0.2281034
1.0,0.64088523
1.0,0.24962488
1.0,0.9726106
1.0,0.8529233
0.0,0.01696825
1.0,0.63797295
1.0,0.9803622
0.0,0.52177864
0.0,0.009739637
0.0,0.0027883947
1.0,0.9472489
0.0,0.013191432
0.0,0.14146715
0.0,0.5576335
1.0,0.98836875
0.0,0.014284104
0.0,0.9291166
1.0,0.46253723
1.0,0.9820103
1.0,0.97941256
1.0,0.07011747
0.0,0.99926305
0.0,0.02120608
0.0,0.043108672
0.0,0.07196823
0.0,0.005880475
0.0,0.20995548
0.0,0.019407839
1.0,0.13856444
1.0,0.9980594
0.0,0.058630586
1.0,0.91220057
0.0,0.0064123273
0.0,0.025732875
1.0,0.9981479
0.0,0.01860544
0.0,0.96436137
0.0,0.003601998
0.0,0.77926886
0.0,0.038748384
0.0,0.0075128973
0.0,0.9929718
1.0,0.62280095
0.0,0.0829128
0.0,0.7635373
1.0,0.90302193
0.0,0.008978903
1.0,0.9260262
0.0,0.019141555
0.0,0.011844456
0.0,0.0074598193
0.0,0.29491743
0.0,0.0056776702
0.0,0.016221195
0.0,0.025100768
0.0,0.0071491897
0.0,0.58294314
1.0,0.6743053
0.0,0.0090660155
1.0,0.9896718
0.0,0.9716519
1.0,0.022680342
0.0,0.13957757
0.0,0.021930099
0.0,0.18093333
1.0,0.99226356
1.0,0.04230246
1.0,0.499468
0.0,0.017064959
0.0,0.35840914
1.0,0.77935445
0.0,0.14585966
0.0,0.103336126
1.0,0.9473189
0.0,0.019119412
1.0,0.9976727
1.0,0.56201166
0.0,0.031922996
1.0,0.26053035
0.0,0.13517395
1.0,0.22392967
0.0,0.41091138
1.0,0.99973774
0.0,0.0023748875
0.0,0.99868786
0.0,0.07473013
0.0,0.06844872
0.0,0.0034876168
0.0,0.02870065
0.0,0.04303509
1.0,0.9890245
0.0,0.024386764
0.0,0.0055660605
0.0,0.0008789301
0.0,0.086087525
0.0,0.09209439
1.0,0.79002476
0.0,0.8284899
0.0,0.07970998
1.0,0.34777856
0.0,0.3302341
1.0,0.99836516
0.0,0.8455812
1.0,0.70539755
1.0,0.9845078
0.0,0.0033862889
1.0,0.9998188
0.0,0.60682935
0.0,0.02850449
0.0,0.015708357
0.0,0.10166389
1.0,0.06348845
1.0,0.99870646
0.0,0.032812297
0.0,0.13067883
1.0,0.99526143
0.0,0.048810244
1.0,0.50583905
1.0,0.05529356
1.0,0.96952546
0.0,0.012309581
1.0,0.49994093
0.0,0.04957965
1.0,0.9678626
1.0,0.13635191
0.0,0.2555294
0.0,0.84984756
0.0,0.060135424
0.0,0.563267
1.0,0.8348338
1.0,0.9719639
1.0,0.99642855
0.0,0.06492844
0.0,0.0036352873
1.0,0.98769975
0.0,0.99533534
0.0,0.0011229217
0.0,0.005201608
1.0,0.6409105
0.0,0.49496305
0.0,0.011278838
0.0,0.119227886
0.0,0.19513214
1.0,0.9543024
1.0,0.9972889
0.0,0.11933881
0.0,0.07265681
0.0,0.010566622
1.0,0.999686
0.0,0.1551283
0.0,0.83821595
1.0,0.9741675
0.0,0.0054400563
0.0,0.7961736
1.0,0.9853234
0.0,0.04989329
1.0,0.09573379
1.0,0.39850566
0.0,0.021950483
0.0,0.04774785
0.0,0.010757983
0.0,0.010032356
1.0,0.99031675
1.0,0.99990386
1.0,0.99793255
1.0,0.7540034
0.0,0.96123904
0.0,0.25247526
1.0,0.9280671
1.0,0.9985267
0.0,0.49833548
0.0,0.0646157
1.0,0.6595589
0.0,0.0026997328
1.0,0.6245677
0.0,0.0045277774
0.0,0.5275971
1.0,0.98257124
0.0,0.17438862
0.0,0.010235608
0.0,0.027249306
0.0,0.15476659
0.0,0.8987338
1.0,0.5462425
0.0,0.016643435
1.0,0.9985148
0.0,0.30161843
1.0,0.9687948
0.0,0.22146061
1.0,0.7801651
1.0,0.9968136
1.0,0.99777627
0.0,0.9723655
0.0,0.013666242
1.0,0.08617848
0.0,0.01949972
0.0,0.037691206
1.0,0.9715773
1.0,0.57991046
0.0,0.12950754
1.0,0.98687506
1.0,0.9903934
0.0,0.95657724
0.0,0.010367602
0.0,0.9454836
0.0,0.008317977
0.0,0.006981969
0.0,0.94475573
1.0,0.9982689
1.0,0.998636
1.0,0.95097613
0.0,0.0010288656
0.0,0.0016798973
0.0,0.009886682
0.0,0.018456101
0.0,0.0057287514
0.0,0.07863867
1.0,0.9360466
1.0,0.9877386
1.0,0.91649014
0.0,0.06974921
0.0,0.040201068
1.0,0.972291
0.0,0.19652638
0.0,0.7877017
1.0,0.9359857
0.0,0.7265913
0.0,0.81599593
1.0,0.9892186
0.0,0.049821556
1.0,0.68619484
1.0,0.9774358
0.0,0.9535577
0.0,0.0070088506
1.0,0.99973214
0.0,0.004573345
0.0,0.19251505
1.0,0.913036
1.0,0.9752914
1.0,0.88403296
1.0,0.991804
0.0,0.9735811
0.0,0.016557097
0.0,0.007895291
1.0,0.78114927
0.0,0.9955195
1.0,0.9825327
0.0,0.76520216
1.0,0.92243177
1.0,0.74753916
0.0,0.09887335
0.0,0.07777837
0.0,0.0021192431
0.0,0.43650663
0.0,0.103884906
0.0,0.033756703
1.0,0.42112398
1.0,0.34233624
0.0,0.7270872
1.0,0.965055
1.0,0.20716071
0.0,0.0023787916
0.0,0.07486501
1.0,0.93036914
1.0,0.42167914
0.0,0.017128319
0.0,0.23284557
0.0,0.0027081668
0.0,0.027848214
1.0,0.834352
1.0,0.99881876
0.0,0.01973486
0.0,0.0014347732
0.0,0.027821481
0.0,0.05071503
0.0,0.01197198
0.0,0.06422892
0.0,0.9748652
0.0,0.27984872
0.0,0.073502004
0.0,0.021131963
0.0,0.14889213
1.0,0.99324656
1.0,0.9176522
0.0,0.003075391
0.0,0.055781096
0.0,0.00016081333
0.0,0.0139302015
0.0,0.11403486
0.0,0.12724909
0.0,0.013302833
0.0,0.9330684
1.0,0.86285466
1.0,0.9992627
1.0,0.9526171
1.0,0.954727
1.0,0.99709713
0.0,0.767469
0.0,0.028074116
0.0,0.04756275
0.0,0.07852659
1.0,0.96399343
0.0,0.019405335
1.0,0.8939345
0.0,0.032560825
0.0,0.9107586
0.0,0.7944114
0.0,0.11475867
0.0,0.030851752
0.0,0.6584877
0.0,0.15117836
0.0,0.008990228
1.0,0.88112205
1.0,0.8905169
0.0,0.44308746
0.0,0.62782705
0.0,0.008083284
0.0,0.011232883
1.0,0.9985934
0.0,0.013104886
1.0,0.09147492
0.0,0.018863678
1.0,0.6708537
0.0,0.009611905
0.0,0.09125134
1.0,0.9787335
0.0,0.00060111284
1.0,0.9957645
0.0,0.045158714
0.0,0.67074746
0.0,0.648272
0.0,0.0019542575
0.0,0.006623596
1.0,0.9707957
1.0,0.9973451
0.0,0.5990685
0.0,0.07888347
0.0,0.008376986
0.0,0.25299904
1.0,0.97605354
0.0,0.93889105
1.0,0.801046
1.0,0.9100579
0.0,0.90044874
0.0,0.050699264
0.0,0.11462933
0.0,0.09153858
0.0,0.12682414
0.0,0.19426617
0.0,0.010335743
0.0,0.75456285
0.0,0.119518846
1.0,0.96455324
0.0,0.99307597
0.0,0.0082736015
1.0,0.9555074
0.0,0.031944305
0.0,0.2350559
0.0,0.0051665306
0.0,0.02578801
1.0,0.04167834
1.0,0.9900952
1.0,0.9884337
0.0,0.014622062
0.0,0.017415404
0.0,0.013813883
0.0,0.8112514
0.0,0.075886816
0.0,0.7607657
1.0,0.99889374
1.0,0.99768955
1.0,0.97689694
0.0,0.0588592
1.0,0.99968714
1.0,0.82537854
0.0,0.03419307
1.0,0.922208
0.0,0.025168628
0.0,0.025055766
0.0,0.65491706
1.0,0.99858356
1.0,0.97183824
1.0,0.6854779
0.0,0.9580946
0.0,0.47802696
0.0,0.023874253
1.0,0.99395394
1.0,0.99903274
1.0,0.9982518
1.0,0.8522756
0.0,0.016920537
0.0,0.016237766
0.0,0.015705675
0.0,0.4091155
1.0,0.9691154
0.0,0.020323932
0.0,0.14318871
0.0,0.32413557
1.0,0.36274973
0.0,0.13318613
0.0,0.3060249
0.0,0.19901815
0.0,0.9643176
0.0,0.028198034
0.0,0.104763806
0.0,0.0055710673
0.0,0.14736354
0.0,0.0080937445
1.0,0.99660265
1.0,0.5667658
0.0,0.6892907
0.0,0.99454665
0.0,0.074816495
1.0,0.97019136
0.0,0.012868673
0.0,0.029760927
0.0,0.8872683
0.0,0.0051100254
1.0,0.97143674
0.0,0.0089401305
0.0,0.027153552
1.0,0.9107059
1.0,0.9910139
1.0,0.9379475
0.0,0.06869018
0.0,0.07700011
1.0,0.9639951
1.0,0.99086225
1.0,0.9944464
0.0,0.9693418
0.0,0.74488676
0.0,0.0075334907
1.0,0.08091915
1.0,0.9991796
0.0,0.015133411
0.0,0.5715725
1.0,0.8375907
1.0,0.98992145
0.0,0.00450778
1.0,0.9017988
1.0,0.67989945
0.0,0.05013874
1.0,0.5457078
0.0,0.07161641
0.0,0.03290683
0.0,0.8865181
0.0,0.02014938
1.0,0.7769361
0.0,0.124666214
1.0,0.8411983
1.0,0.9026365
1.0,0.51257974
0.0,0.019381434
0.0,0.4628929
1.0,0.5834362
0.0,0.00052800775
1.0,0.7548876
1.0,0.9939079
0.0,0.986231
0.0,0.036063045
1.0,0.32831833
1.0,0.9992126
0.0,0.0073339045
1.0,0.651211
1.0,0.59437805
1.0,0.9670293
1.0,0.99689245
1.0,0.81977105
1.0,0.9907304
0.0,0.064234525
0.0,0.6588196
0.0,0.08668128
1.0,0.9713557
1.0,0.72687733
0.0,0.05423847
0.0,0.094246775
1.0,0.21834144
0.0,0.014736503
1.0,0.9976504
0.0,0.5599903
1.0,0.92272377
1.0,0.9931598
0.0,0.31515843
1.0,0.04214418
0.0,0.089886725
1.0,0.99934936
1.0,0.97401786
1.0,0.3624642
0.0,0.03992352
0.0,0.056871116
1.0,0.594976
0.0,0.041413963
1.0,0.9137258
0.0,0.012639344
0.0,0.745077
0.0,0.19252089
0.0,0.20630598
0.0,0.0134215355
0.0,0.82113224
0.0,0.4177973
1.0,0.9929676
1.0,0.30797464
0.0,0.0149792135
1.0,0.99945056
1.0,0.9349348
0.0,0.96474457
0.0,0.92797023
0.0,0.05428785
0.0,0.022944331
0.0,0.044299453
0.0,0.24613878
1.0,0.28799385
1.0,0.99686563
0.0,0.02313441
0.0,0.010663778
0.0,0.80066776
0.0,0.88399404
0.0,0.19093305
1.0,0.9285116
0.0,0.5745881
0.0,0.013212383
1.0,0.94779485
1.0,0.9597781
0.0,0.04225716
0.0,0.25452468
0.0,0.011657029
1.0,0.9617952
1.0,0.85683453
0.0,0.05569744
0.0,0.017963082
0.0,0.016152442
0.0,0.4332973
0.0,0.0024956465
1.0,0.98529136
1.0,0.89238435
1.0,0.19076544
0.0,0.0011196136
1.0,0.108810574
0.0,0.74324137
1.0,0.9995696
1.0,0.5766491
0.0,0.014682472
0.0,0.0025048852
0.0,0.009321511
0.0,0.46591082
0.0,0.94588083
1.0,0.9994389
0.0,0.9360051
0.0,0.46206766
0.0,0.008103937
0.0,0.0025954247
0.0,0.048859924
0.0,0.06281856
0.0,0.11860284
1.0,0.5985144
1.0,0.9969838
0.0,0.0015007854
0.0,0.32793927
0.0,0.64675426
0.0,0.017987639
1.0,0.9956272
0.0,0.042853802
0.0,0.1440875
1.0,0.92726254
0.0,0.96293545
0.0,0.07879761
0.0,0.13734356
0.0,0.024981797
1.0,0.9948518
1.0,0.8539884
0.0,0.015012115
1.0,0.22501811
1.0,0.9510579
1.0,0.97879255
0.0,0.1360681
0.0,0.29164398
1.0,0.96503854
1.0,0.99797475
0.0,0.012403429
1.0,0.9962987
0.0,0.021292537
1.0,0.93188983
1.0,0.95995796
1.0,0.9693726
0.0,0.01157853
1.0,0.7900009
1.0,0.7241277
0.0,0.045919687
0.0,0.046531916
0.0,0.9902824
0.0,0.15703705
0.0,0.050924033
0.0,0.0031314194
1.0,0.99953157
0.0,0.4765022
0.0,0.1242252
0.0,0.7457337
0.0,0.022217512
0.0,0.035879552
0.0,0.02944851
1.0,0.8238449
0.0,0.010487676
0.0,0.014337301
0.0,0.46389654
1.0,0.9573395
1.0,0.80208606
1.0,0.98698986
1.0,0.99127513
0.0,0.011397541
0.0,0.04432279
0.0,0.03747791
0.0,0.030321062
0.0,0.93421113
0.0,0.076284945
1.0,0.92302907
0.0,0.8529672
1.0,0.48496398
1.0,0.05687043
1.0,0.8229114
0.0,0.024072558
0.0,0.0037037432
0.0,0.005160749
0.0,0.01308623
1.0,0.880866
1.0,0.9441662
1.0,0.68194115
1.0,0.8359419
1.0,0.9996666
0.0,0.019259125
0.0,0.050334126
0.0,0.9481664
0.0,0.01790303
1.0,0.9969224
0.0,0.010700792
0.0,0.9872054
1.0,0.9851911
1.0,0.57237655
0.0,0.011262029
0.0,0.2220811
0.0,0.37309363
0.0,0.7952511
1.0,0.7413617
0.0,0.9994527
0.0,0.7915851
1.0,0.99915886
0.0,0.08468971
1.0,0.90747046
1.0,0.9929363
0.0,0.006986141
0.0,0.5206566
0.0,0.013029516
0.0,0.008758128
1.0,0.74836975
0.0,0.011104941
0.0,0.4233526
0.0,0.8724791
0.0,0.016929775
1.0,0.9913422
1.0,0.227734
1.0,0.9720171
1.0,0.96687424
0.0,0.77067435
0.0,0.03914109
1.0,0.86026955
0.0,0.007873327
1.0,0.5077731
0.0,0.020234674
1.0,0.7990387
1.0,0.99781835
0.0,0.63087815
0.0,0.069149405
0.0,0.6914637
0.0,0.039145082
0.0,0.062095195
0.0,0.03855121
1.0,0.97990644
0.0,0.018154055
0.0,0.41327918
0.0,0.10245809
0.0,0.06241697
0.0,0.030292809
0.0,0.0024433136
0.0,0.38017088
0.0,0.008739501
0.0,0.0027456582
0.0,0.03347498
0.0,0.13858536
0.0,0.060895145
1.0,0.5290812
0.0,0.29761386
1.0,0.99465454
0.0,0.0071651936
0.0,0.00816834
1.0,0.82083684
0.0,0.01582852
1.0,0.996482
0.0,0.074403435
1.0,0.9761218
0.0,0.63898003
0.0,0.020257682
1.0,0.85700876
1.0,0.56899714
0.0,0.007980019
0.0,0.090672314
0.0,0.0034783185
0.0,0.0017614663
0.0,0.0125026405
0.0,0.8970833
1.0,0.9552386
1.0,0.85420686
0.0,0.28857994
0.0,0.072357535
1.0,0.87199986
1.0,0.99446344
1.0,0.9542883
0.0,0.013386548
1.0,0.008578956
0.0,0.039473087
1.0,0.39843905
0.0,0.00464043
1.0,0.8338846
0.0,0.03543085
0.0,0.14414918
0.0,0.6013715
0.0,0.8957279
1.0,0.90766335
0.0,0.0406307
0.0,0.3190217
1.0,0.996506
0.0,0.0032432675
0.0,0.9216006
0.0,0.8480849
1.0,0.9947496
0.0,0.14998835
0.0,0.031838775
0.0,0.9996195
1.0,0.9573047
0.0,0.004187584
0.0,0.91427493
0.0,0.007642299
1.0,0.5889271
0.0,0.033353597
1.0,0.99799836
0.0,0.6004838
1.0,0.93996286
1.0,0.99910843
0.0,0.9839511
1.0,0.98913205
1.0,0.99357986
0.0,0.03768611
0.0,0.924325
0.0,0.0065053403
1.0,0.9981606
0.0,0.48562285
1.0,0.9201062
1.0,0.7028396
0.0,0.04163128
1.0,0.9946865
0.0,0.6211812
1.0,0.481595
0.0,0.9678035
1.0,0.83820236
0.0,0.49055976
1.0,0.004280865
0.0,0.4813283
0.0,0.0071073174
0.0,0.0046905875
0.0,0.009640694
0.0,0.0049183965
0.0,0.01160562
0.0,0.001383096
0.0,0.18837434
0.0,0.16418591
0.0,0.6967427
0.0,0.27691197
0.0,0.017733514
1.0,0.9845114
1.0,0.21264994
0.0,0.7743385
1.0,0.063168585
0.0,0.067857
0.0,0.8219988
0.0,0.84420884
0.0,0.04632619
0.0,0.013792098
0.0,0.12260693
1.0,0.9598899
0.0,0.0041900277
0.0,0.018356323
1.0,0.02311781
0.0,0.004650146
1.0,0.99071586
0.0,0.051962733
0.0,0.10454625
1.0,0.8456383
0.0,0.041580528
1.0,0.98201466
0.0,0.011999428
0.0,0.0015754402
0.0,0.0074278116
1.0,0.99775255
0.0,0.09455079
1.0,0.844091
1.0,0.81777287
0.0,0.9941342
0.0,0.0005633831
1.0,0.029733837
0.0,0.010440946
0.0,0.06441787
0.0,0.7709648
0.0,0.007071495
0.0,0.8710752
0.0,0.96221983
1.0,0.38918737
0.0,0.24848473
1.0,0.9791882
0.0,0.001214534
0.0,0.015598476
0.0,0.013633937
1.0,0.96170926
1.0,0.99580586
0.0,0.3600551
0.0,0.5112037
0.0,0.01095894
0.0,0.07519171
0.0,0.046117395
0.0,0.007935435
0.0,0.0017056465
1.0,0.107724965
1.0,0.97802866
0.0,0.014861524
0.0,0.9978552
1.0,0.8583715
0.0,0.0021325946
1.0,0.9435253
0.0,0.004224509
0.0,0.01744181
1.0,0.9970476
0.0,0.64965874
1.0,0.8829241
1.0,0.99565625
1.0,0.9968746
0.0,0.4688752
0.0,0.04251921
0.0,0.3625276
1.0,0.99520314
0.0,0.43411374
1.0,0.99762714
0.0,0.025128841
0.0,0.014451295
0.0,0.37346062
1.0,0.97601104
0.0,0.006657332
0.0,0.06152174
0.0,0.6944322
1.0,0.02676779
1.0,0.99770033
0.0,0.042143047
0.0,0.038406283
1.0,0.99862796
1.0,0.9910319
1.0,0.93637264
1.0,0.100254536
0.0,0.009564668
1.0,0.9836805
0.0,0.05629474
0.0,0.33590835
0.0,0.010868698
1.0,0.9218755
0.0,0.08221626
0.0,0.07358405
0.0,0.0011072159
1.0,0.8446877
0.0,0.14527032
1.0,0.99540347
1.0,0.99556494
0.0,0.060946256
1.0,0.8426171
0.0,0.014920384
1.0,0.79025817
0.0,0.68345785
0.0,0.010993928
0.0,0.0270001
0.0,0.03349009
1.0,0.99932265
0.0,0.06117803
0.0,0.16950321
0.0,0.8985703
1.0,0.9982077
1.0,0.94393015
0.0,0.008840144
1.0,0.99613965
1.0,0.99827397
1.0,0.9998121
1.0,0.37623978
0.0,0.56213266
1.0,0.7163306
0.0,0.036975563
0.0,0.6630385
1.0,0.6950417
0.0,0.04418856
0.0,0.03956926
0.0,0.2578122
1.0,0.7708446
0.0,0.9325063
0.0,0.7338836
1.0,0.9928181
0.0,0.0068205
1.0,0.8566127
0.0,0.042435825
0.0,0.9384971
1.0,0.90118086
1.0,0.98615706
0.0,0.011617124
1.0,0.9909868
1.0,0.9966013
0.0,0.61876225
0.0,0.74269545
1.0,0.68350214
0.0,0.1333453
1.0,0.9982033
0.0,0.020792276
0.0,0.040936977
1.0,0.15629831
1.0,0.9363626
0.0,0.064343035
1.0,0.64653635
0.0,0.22255152
0.0,0.27843565
1.0,0.99787194
0.0,0.023149163
0.0,0.045797378
0.0,0.028193772
1.0,0.83184934
0.0,0.019662023
0.0,0.013685346
1.0,0.81324893
1.0,0.9888338
0.0,0.024894744
0.0,0.8321249
0.0,0.011983186
1.0,0.19602877
0.0,0.7195416
0.0,0.01711616
0.0,0.042034388
0.0,0.018582046
0.0,0.014638811
1.0,0.3029757
0.0,0.054254413
0.0,0.0055152774
0.0,0.036606193
1.0,0.83691704
1.0,0.9997891
1.0,0.975513
0.0,0.38254732
0.0,0.009422421
0.0,0.99736863
1.0,0.9993093
0.0,0.12204102
1.0,0.912552
0.0,0.02002281
1.0,0.9919594
0.0,0.117236316
1.0,0.9822407
0.0,0.9365877
1.0,0.8997742
0.0,0.18510947
0.0,0.29918134
1.0,0.9657024
1.0,0.9857113
1.0,0.9947598
0.0,0.20603994
1.0,0.9855253
1.0,0.69752645
1.0,0.21628875
0.0,0.0057709515
1.0,0.7976559
0.0,0.004160732
0.0,0.9685977
1.0,0.7023104
0.0,0.4077722
0.0,0.021140933
0.0,0.042252243
0.0,0.041951656
0.0,0.4901277
1.0,0.9930587
1.0,0.9766031
0.0,0.3787151
0.0,0.54489505
0.0,0.03411141
1.0,0.99928963
0.0,0.9181713
0.0,0.39735216
0.0,0.020550013
0.0,0.01397717
0.0,0.106668025
0.0,0.96760213
1.0,0.99330246
1.0,0.99955374
1.0,0.3523655
0.0,0.76507074
0.0,0.013528049
0.0,0.0036245584
0.0,0.010614246
0.0,0.016124606
1.0,0.9978777
0.0,0.028885126
0.0,0.114979595
1.0,0.99735165
0.0,0.057384014
1.0,0.06464273
1.0,0.9344801
0.0,0.6803756
0.0,0.014118671
0.0,0.012176782
1.0,0.93763363
0.0,0.10856059
0.0,0.014207065
1.0,0.9893541
1.0,0.49605238
0.0,0.00933513
0.0,0.07850677
0.0,0.7725043
0.0,0.007283658
0.0,0.22870693
1.0,0.23062184
1.0,0.7968105
0.0,0.041027248
0.0,0.009279817
0.0,0.71992034
0.0,0.47758946
1.0,0.91004634
0.0,0.013988733
1.0,0.99849766
0.0,0.038648576
1.0,0.9977956
0.0,0.007109076
1.0,0.94725454
1.0,0.8233733
0.0,0.023671806
0.0,0.2318941
0.0,0.0011596382
0.0,0.07460043
1.0,0.8883522
1.0,0.03313577
1.0,0.25810015
1.0,0.5076185
1.0,0.4162504
0.0,0.00914672
1.0,0.9309007
1.0,0.72642964
0.0,0.014248192
0.0,0.044044048
0.0,0.021550655
1.0,0.882648
1.0,0.99837124
0.0,0.9596762
0.0,0.009935886
1.0,0.9496423
0.0,0.028035522
0.0,0.013752073
1.0,0.9980701
0.0,0.7643672
0.0,0.089137286
1.0,0.7180362
1.0,0.96129274
0.0,0.011967212
0.0,0.011789948
0.0,0.053260744
1.0,0.993438
1.0,0.9939741
0.0,0.86903465
0.0,0.10431424
1.0,0.99416065
1.0,0.70549625
0.0,0.006595403
0.0,0.08659202
0.0,0.13563749
1.0,0.4405116
1.0,0.49180734
0.0,0.02098614
0.0,0.10237163
1.0,0.983891
0.0,0.041504204
0.0,0.07627827
0.0,0.19442877
0.0,0.9604453
1.0,0.9029295
0.0,0.8476703
0.0,0.033194423
0.0,0.9594277
0.0,0.37242895
0.0,0.078894705
1.0,0.92360175
1.0,0.47233164
0.0,0.44709808
1.0,0.99884367
0.0,0.05294153
1.0,0.9884294
1.0,0.15579054
1.0,0.97794294
0.0,0.007831961
0.0,0.94351393
0.0,0.041844726
1.0,0.9991753
0.0,0.0014258921
1.0,0.9907263
0.0,0.24583864
0.0,0.004963994
1.0,0.12960356
1.0,0.9969679
0.0,0.011814207
1.0,0.817184
0.0,0.017577559
1.0,0.9562033
0.0,0.006721467
1.0,0.6539522
1.0,0.12618023
0.0,0.04897678
0.0,0.018992484
0.0,0.012923211
0.0,0.0036681592
0.0,0.011667818
0.0,0.8756674
0.0,0.06926525
0.0,0.018263906
0.0,0.9671811
0.0,0.024736792
1.0,0.9936891
0.0,0.5087081
0.0,0.38751742
1.0,0.9996823
0.0,0.05509448
1.0,0.99861085
0.0,0.021411061
1.0,0.9990268
0.0,0.012417525
0.0,0.053519458
1.0,0.99980557
0.0,0.07906529
0.0,0.01267305
0.0,0.073355734
1.0,0.99256086
1.0,0.24530298
0.0,0.012242287
1.0,0.88770103
1.0,0.14780223
1.0,0.99464077
0.0,0.29061645
1.0,0.845611
1.0,0.93586886
0.0,0.74311745
1.0,0.40873265
1.0,0.62197655
0.0,0.016640872
0.0,0.010390699
0.0,0.056080163
0.0,0.01655972
0.0,0.02464509
0.0,0.015237331
0.0,0.032937646
0.0,0.00093248487
1.0,0.9775075
0.0,0.7176105
0.0,0.014988214
0.0,0.01103422
0.0,0.018962026
1.0,0.9114256
0.0,0.005238682
1.0,0.9668305
0.0,0.36026222
0.0,0.01645726
1.0,0.6490609
1.0,0.9262422
0.0,0.071980596
0.0,0.061472535
1.0,0.9053035
0.0,0.9867004
0.0,0.0381625
1.0,0.8573014
1.0,0.5091009
1.0,0.7101541
1.0,0.9050026
0.0,0.0784688
0.0,0.0012573302
1.0,0.57919836
0.0,0.015188962
0.0,0.006463468
1.0,0.9959804
1.0,0.8465799
1.0,0.9989325
0.0,0.013127804
1.0,0.80811495
1.0,0.9636259
1.0,0.95576215
0.0,0.016838342
0.0,0.0068570375
1.0,0.27220008
0.0,0.042007804
0.0,0.86969334
0.0,0.028032571
1.0,0.97428614
0.0,0.01216954
0.0,0.030271798
0.0,0.086530924
0.0,0.9093791
0.0,0.07778874
0.0,0.01729387
0.0,0.9258462
1.0,0.9982809
0.0,0.3068055
1.0,0.97860426
0.0,0.006165147
0.0,0.8409221
0.0,0.93467426
1.0,0.004935771
0.0,0.81960136
0.0,0.019732445
0.0,0.004100412
0.0,0.37593028
0.0,0.10270256
1.0,0.94538045
0.0,0.47211498
1.0,0.88556325
0.0,0.01206696
0.0,0.054840177
0.0,0.020722836
0.0,0.9081545
0.0,0.0643594
0.0,0.42389765
0.0,0.8466303
0.0,0.046524018
1.0,0.84412026
0.0,0.042634994
1.0,0.7707261
1.0,0.9612092
0.0,0.035458148
0.0,0.061964154
1.0,0.99482256
0.0,0.010906935
1.0,0.43312067
1.0,0.9573911
0.0,0.027802527
1.0,0.7922921
0.0,0.017804384
1.0,0.95929205
0.0,0.0527339
0.0,0.16724536
1.0,0.7763479
0.0,0.97372574
0.0,0.0035853684
0.0,0.83254844
1.0,0.95972824
1.0,0.9977856
0.0,0.0045000315
0.0,0.054232955
1.0,0.8374331
0.0,0.54896706
1.0,0.5654013
0.0,0.18043476
1.0,0.5660904
0.0,0.90079397
0.0,0.017029166
0.0,0.9084191
0.0,0.016444713
0.0,0.08800015
1.0,0.04982865
0.0,0.70763814
1.0,0.91385674
0.0,0.006359011
1.0,0.4954411
0.0,0.011988491
0.0,0.005052775
0.0,0.04230076
0.0,0.02087763
0.0,0.26248324
0.0,0.21663713
0.0,0.6087901
0.0,0.1081754
1.0,0.8961964
0.0,0.048302174
0.0,0.069866
1.0,0.660835
1.0,0.2489461
0.0,0.0355452
0.0,0.017131
1.0,0.9567889
0.0,0.54071116
1.0,0.011195451
1.0,0.9689444
1.0,0.674868
1.0,0.85571563
0.0,0.04461837
0.0,0.007173389
1.0,0.535579
0.0,0.17961591
1.0,0.9940604
1.0,0.8159987
1.0,0.9951726
0.0,0.50806636
0.0,0.01533711
0.0,0.04513967
0.0,0.033268154
1.0,0.90372896
1.0,0.9834684
0.0,0.03494805
0.0,0.10371819
0.0,0.09890249
0.0,0.30854934
1.0,0.030339599
1.0,0.78930974
1.0,0.9793405
0.0,0.5779487
1.0,0.29138252
1.0,0.9837012
1.0,0.76478744
1.0,0.97623074
0.0,0.7873675
0.0,0.5030857
0.0,0.81624365
0.0,0.024151176
1.0,0.97532356
1.0,0.9990589
1.0,0.84178364
1.0,0.93164885
0.0,0.0684531
0.0,0.018571734
0.0,0.059658587
0.0,0.14725134
1.0,0.9168623
0.0,0.0822458
0.0,0.009018511
0.0,0.30917123
0.0,0.011014879
1.0,0.8105382
1.0,0.75681806
1.0,0.9862188
0.0,0.092903465
0.0,0.73121595
1.0,0.888498
1.0,0.9994153
0.0,0.08737317
1.0,0.98645765
0.0,0.7807796
1.0,0.99859023
1.0,0.9959608
1.0,0.6339214
0.0,0.030511469
0.0,0.13139948
1.0,0.99951506
0.0,0.08891252
0.0,0.24449265
1.0,0.99737287
0.0,0.027850896
0.0,0.13030839
0.0,0.0654456
1.0,0.50626874
0.0,0.44814923
0.0,0.40286297
1.0,0.8083863
0.0,0.7042855
0.0,0.01794061
0.0,0.117807716
0.0,0.29481694
1.0,0.82628584
0.0,0.95743996
0.0,0.013908505
0.0,0.0042895675
1.0,0.5716238
0.0,0.030771405
0.0,0.0005508363
1.0,0.85298944
0.0,0.2690829
0.0,0.007823527
1.0,0.9987907
1.0,0.98504543
0.0,0.0023491085
1.0,0.7848066
1.0,0.07203558
0.0,0.43917084
0.0,0.59951985
1.0,0.86677575
1.0,0.6834368
0.0,0.003939718
1.0,0.3895495
1.0,0.2574974
1.0,0.6206259
0.0,0.18627605
1.0,0.060296178
0.0,0.10581821
1.0,0.8319117
0.0,0.0048747063
1.0,0.99215686
0.0,0.97457147
0.0,0.09685379
1.0,0.8714031
0.0,0.051115513
1.0,0.9685153
1.0,0.7441442
1.0,0.9923924
1.0,0.9374102
0.0,0.013612539
1.0,0.02164036
0.0,0.91580594
0.0,0.010841966
0.0,0.015850961
0.0,0.04972133
1.0,0.997275
0.0,0.022117525
0.0,0.58505964
0.0,0.75589395
0.0,0.8964952
1.0,0.990698
0.0,0.23047882
0.0,0.00359267
0.0,0.044439584
0.0,0.63173497
1.0,0.7856653
0.0,0.03607601
1.0,0.8203659
1.0,0.99820197
0.0,0.8937211
0.0,0.0019673705
0.0,0.013359517
1.0,0.99488425
0.0,0.018314749
1.0,0.018168688
1.0,0.67297935
1.0,0.99798167
0.0,0.85079837
0.0,0.46969667
0.0,0.003520459
0.0,0.82653236
0.0,0.014886856
0.0,0.011099011
0.0,0.73854333
1.0,0.8266958
0.0,0.08310136
1.0,0.80916214
0.0,0.3268723
1.0,0.99813974
1.0,0.98641956
1.0,0.7401516
1.0,0.9770412
0.0,0.8734108
0.0,0.9098109
0.0,0.1490829
1.0,0.7655699
1.0,0.9588338
0.0,0.013268888
1.0,0.23415288
1.0,0.9897901
1.0,0.98755044
1.0,0.9023136
0.0,0.5293187
0.0,0.03875515
1.0,0.9764701
0.0,0.016963392
0.0,0.313177
1.0,0.9989002
0.0,0.0044269264
0.0,0.60661227
0.0,0.3019521
0.0,0.011282623
0.0,0.18406844
1.0,0.9998065
0.0,0.01812923
0.0,0.63968724
1.0,0.34132975
0.0,0.035403937
1.0,0.984153
0.0,0.4389572
0.0,0.03907013
0.0,0.015278131
0.0,0.063503146
1.0,0.9260407
0.0,0.06822604
0.0,0.087855816
1.0,0.94669664
1.0,0.8989503
0.0,0.034460425
0.0,0.009939641
0.0,0.016590029
1.0,0.819386
0.0,0.0057014227
1.0,0.969187
1.0,0.6459253
1.0,0.29015782
1.0,0.88640016
1.0,0.96312666
0.0,0.9799365
1.0,0.83293766
1.0,0.99727476
0.0,0.017589957
0.0,0.010215849
0.0,0.028457075
1.0,0.8701453
0.0,0.029583067
0.0,0.008110166
0.0,0.37345442
1.0,0.99892044
0.0,0.08249718
1.0,0.9527888
0.0,0.44341168
0.0,0.2156074
0.0,0.07095322
0.0,0.051130176
0.0,0.01882276
1.0,0.88478506
1.0,0.9953183
0.0,0.043860257
0.0,0.038318872
1.0,0.595957
0.0,0.0011166632
1.0,0.9960096
0.0,0.042746812
0.0,0.01489082
0.0,0.03443268
1.0,0.9922347
1.0,0.770888
0.0,0.01917836
0.0,0.18012407
1.0,0.7185208
0.0,0.026949227
0.0,0.047395617
1.0,0.8973579
1.0,0.9998411
1.0,0.9850015
0.0,0.041655898
1.0,0.9183526
1.0,0.9356142
0.0,0.46123898
0.0,0.0035221279
0.0,0.010643691
0.0,0.015034795
0.0,0.005043596
0.0,0.161185
1.0,0.7742295
1.0,0.8009725
0.0,0.08348268
0.0,0.005971253
0.0,0.38867968
0.0,0.16292977
1.0,0.9783527
0.0,0.9583248
0.0,0.017111748
0.0,0.7447255
0.0,0.93409353
1.0,0.13514227
0.0,0.007779002
0.0,0.8892008
1.0,0.9825913
0.0,0.105371565
0.0,0.83814025
0.0,0.034905195
0.0,0.0033994615
1.0,0.58032066
1.0,0.8869355
0.0,0.13070357
0.0,0.9957172
0.0,0.012708455
0.0,0.9587239
0.0,0.97173274
0.0,0.39265385
0.0,0.016861856
0.0,0.34408206
1.0,0.04574898
0.0,0.0349153
1.0,0.47655755
0.0,0.9240405
0.0,0.003055483
0.0,0.028931558
0.0,0.16482237
0.0,0.282075
0.0,0.1786328
1.0,0.98777336
0.0,0.0030302703
0.0,0.4371513
0.0,0.04622963
1.0,0.851288
1.0,0.98443544
0.0,0.025471747
0.0,0.5827491
0.0,0.011142671
1.0,0.9993092
1.0,0.7630306
1.0,0.9849655
0.0,0.04393971
1.0,0.99901974
0.0,0.09659541
0.0,0.025314867
0.0,0.018788964
1.0,0.0028176904
0.0,0.0061294734
0.0,0.020388186
1.0,0.99972296
1.0,0.33624116
0.0,0.05359605
1.0,0.9986882
0.0,0.019942075
1.0,0.73715824
0.0,0.1617142
1.0,0.98710287
0.0,0.9967514
0.0,0.5200584
1.0,0.868629
0.0,0.0048242807
0.0,0.15018356
0.0,0.06578967
0.0,0.0047724545
0.0,0.080450624
0.0,0.008529484
1.0,0.90902424
1.0,0.7986747
0.0,0.8510238
0.0,0.01819709
0.0,0.008026093
0.0,0.5707285
1.0,0.99695057
0.0,0.017372489
0.0,0.42591348
0.0,0.9682977
0.0,0.36572
0.0,0.002148658
1.0,0.9363024
1.0,0.98486996
0.0,0.008103192
0.0,0.21963695
0.0,0.10122272
0.0,0.023188502
1.0,0.8210306
0.0,0.8124776
0.0,0.10860717
0.0,0.016770005
1.0,0.73669124
0.0,0.04584673
0.0,0.24604347
1.0,0.9966731
0.0,0.027427375
0.0,0.11823067
1.0,0.7965151
1.0,0.7614514
1.0,0.9952573
0.0,0.007457763
0.0,0.007944405
0.0,0.6321777
0.0,0.031142741
1.0,0.9392762
0.0,0.047934145
1.0,0.4923328
0.0,0.0015237033
0.0,0.0066541135
0.0,0.29516548
1.0,0.9984888
0.0,0.6525622
0.0,0.10976952
0.0,0.7829108
1.0,0.6254059
0.0,0.009392202
0.0,0.2150155
0.0,0.0012131631
1.0,0.040055573
0.0,0.01624608
0.0,0.011832833
1.0,0.20699146
1.0,0.99841714
0.0,0.002879262
1.0,0.99699646
1.0,0.9947659
1.0,0.97343767
1.0,0.9631324
0.0,0.015488148
1.0,0.86307013
0.0,0.99888253
1.0,0.026144266
0.0,0.02481547
1.0,0.44797656
0.0,0.20898986
1.0,0.19729006
1.0,0.9995996
1.0,0.84447664
0.0,0.011498004
0.0,0.6967666
0.0,0.7496393
0.0,0.01733768
0.0,0.024258614
0.0,0.28221887
1.0,0.99850184
1.0,0.99444586
1.0,0.8434725
0.0,0.010666162
0.0,0.007441014
0.0,0.056895405
0.0,0.28263354
1.0,0.05494061
0.0,0.07496151
0.0,0.027584195
0.0,0.16021788
0.0,0.46261284
1.0,0.8597921
0.0,0.9027741
0.0,0.94471896
0.0,0.5633677
1.0,0.07049155
0.0,0.046819687
0.0,0.5864648
1.0,0.55716056
0.0,0.90799356
1.0,0.87083983
0.0,0.058550596
0.0,0.30406186
0.0,0.013282746
0.0,0.021881491
0.0,0.0031087399
1.0,0.93735707
0.0,0.09662637
0.0,0.053073674
1.0,0.9982038
1.0,0.984186
0.0,0.20856366
1.0,0.033753395
0.0,0.6988575
0.0,0.048194736
1.0,0.97852784
0.0,0.0046881735
0.0,0.70614344
0.0,0.09324753
0.0,0.024304956
1.0,0.9926767
1.0,0.9833138
1.0,0.8392308
1.0,0.99589455
0.0,0.024469882
0.0,0.03378138
0.0,0.17830336
1.0,0.98108786
0.0,0.0811412
0.0,0.016869754
1.0,0.9881818
1.0,0.8269944
1.0,0.93784636
0.0,0.01633063
0.0,0.26423275
0.0,0.85399437
1.0,0.9965614
1.0,0.96463615
1.0,0.9857999
0.0,0.15356475
0.0,0.008015156
0.0,0.0021884143
1.0,0.9621372
1.0,0.40265632
0.0,0.30540317
1.0,0.6823375
1.0,0.59051627
1.0,0.99282146
1.0,0.57239807
0.0,0.09403455
0.0,0.07374206
1.0,0.7489114
1.0,0.6971682
0.0,0.04570511
0.0,0.025682062
0.0,0.008049041
0.0,0.023201227
0.0,0.03132248
0.0,0.84461594
0.0,0.008823901
0.0,0.10440424
1.0,0.85631
1.0,0.84342086
0.0,0.7078766
1.0,0.9986676
0.0,0.009517312
1.0,0.9822948
0.0,0.113102734
1.0,0.9979233
0.0,0.000546813
0.0,0.010081679
0.0,0.0037516654
0.0,0.85435915
1.0,0.23724121
1.0,0.92870104
0.0,0.043845385
0.0,0.3090199
1.0,0.50571436
0.0,0.033469617
1.0,0.9861475
1.0,0.93816376
0.0,0.00997138
0.0,0.08242622
0.0,0.24564832
0.0,0.99778974
0.0,0.86002207
0.0,0.010032713
0.0,0.44833288
0.0,0.01346302
1.0,0.9641347
1.0,0.99574363
1.0,0.8012347
1.0,0.8213676
0.0,0.017020345
0.0,0.809021
1.0,0.9681728
0.0,0.9515692
0.0,0.022845536
0.0,0.061005473
1.0,0.9230267
1.0,0.5728688
0.0,0.025727332
1.0,0.99690115
1.0,0.99396324
0.0,0.0014540851
0.0,0.024172723
1.0,0.9942099
0.0,0.005045712
0.0,0.96670663
0.0,0.0034284592
0.0,0.1371634
1.0,0.23912427
0.0,0.017462641
0.0,0.0132214725
0.0,0.26849547
1.0,0.48553357
0.0,0.007480532
0.0,0.01941201
1.0,0.99493015
0.0,0.0075524747
0.0,0.2974046
0.0,0.9843987
1.0,0.99884164
1.0,0.45551908
1.0,0.5142407
0.0,0.10000798
0.0,0.4131203
1.0,0.060586125
0.0,0.0040073693
0.0,0.027752966
0.0,0.14475572
0.0,0.04232478
1.0,0.52286166
0.0,0.061250627
0.0,0.8433505
1.0,0.73487127
0.0,0.026173174
0.0,0.030825347
0.0,0.7669099
0.0,0.2027897
1.0,0.82887816
1.0,0.9963542
0.0,0.45282704
1.0,0.6723068
0.0,0.0082607865
0.0,0.1976147
0.0,0.007277459
1.0,0.6843914
0.0,0.008406043
0.0,0.0141536
1.0,0.9964307
1.0,0.9640773
1.0,0.97960716
0.0,0.7656423
1.0,0.93986094
1.0,0.9881085
0.0,0.00015693903
0.0,0.91127336
0.0,0.9814405
1.0,0.48969927
0.0,0.04054138
0.0,0.9006151
0.0,0.012698084
0.0,0.0061330497
0.0,0.010177642
0.0,0.1043677
0.0,0.39158037
0.0,0.9636806
0.0,0.42820764
1.0,0.8990052
1.0,0.9012736
1.0,0.882527
0.0,0.01165545
1.0,0.99863875
0.0,0.86014116
0.0,0.024363846
1.0,0.9899644
0.0,0.46752697
0.0,0.009341091
0.0,0.14314923
0.0,0.035634786
0.0,0.662871
0.0,0.9342389
0.0,0.036352336
1.0,0.9897897
0.0,0.011915535
0.0,0.0062110126
0.0,0.014535636
1.0,0.96065956
1.0,0.9858067
0.0,0.8333505
1.0,0.7771323
0.0,0.009052396
1.0,0.25288785
0.0,0.05973372
0.0,0.009971052
1.0,0.016544253
0.0,0.010327637
0.0,0.008153588
1.0,0.82998526
0.0,0.21707451
1.0,0.0026153028
0.0,0.41763154
0.0,0.0147408545
1.0,0.72246575
0.0,0.002942443
0.0,0.2773524
0.0,0.98565507
0.0,0.009022117
0.0,0.0016099811
1.0,0.99770886
0.0,0.012328804
0.0,0.02698958
0.0,0.024542302
1.0,0.7639547
0.0,0.99341583
0.0,0.12676188
1.0,0.88430417
0.0,0.007616192
0.0,0.010881066
0.0,0.017684013
0.0,0.1547947
1.0,0.9446211
0.0,0.018041909
0.0,0.0020653903
0.0,0.004049748
0.0,0.015795171
0.0,0.9267097
1.0,0.9903343
1.0,0.90166974
0.0,0.005343616
1.0,0.96305525
0.0,0.029208958
0.0,0.029444069
0.0,0.018112421
0.0,0.097819775
1.0,0.9925076
0.0,0.019642472
0.0,0.04422146
0.0,0.77709675
0.0,0.3062048
0.0,0.25845218
0.0,0.0076076984
0.0,0.0066007376
0.0,0.010375887
0.0,0.0068866313
0.0,0.9965111
1.0,0.273596
0.0,0.10345796
0.0,0.18449757
0.0,0.009570062
1.0,0.9995494
0.0,0.30546474
1.0,0.9555434
0.0,0.18296793
0.0,0.08801654
0.0,0.22889519
1.0,0.96277475
1.0,0.9992724
1.0,0.8085102
1.0,0.79095036
0.0,0.5439538
0.0,0.008466214
1.0,0.9989021
1.0,0.97373676
0.0,0.028822273
0.0,0.1640954
0.0,0.9556178
1.0,0.9977745
0.0,0.035903186
0.0,0.013095558
0.0,0.06707838
0.0,0.014197916
1.0,0.70859265
1.0,0.9813304
0.0,0.00028955936
1.0,0.94637626
0.0,0.018222213
0.0,0.04964724
0.0,0.0077614784
0.0,0.04361984
0.0,0.010378987
1.0,0.9869131
0.0,0.00034958124
0.0,0.027061313
0.0,0.8990889
0.0,0.12086746
0.0,0.92245245
1.0,0.999568
0.0,0.017819792
0.0,0.0063836575
1.0,0.80852365
0.0,0.7212221
0.0,0.013980538
1.0,0.9974559
1.0,0.8483366
0.0,0.10775575
1.0,0.9367901
0.0,0.19976208
1.0,0.87134564
1.0,0.9999455
0.0,0.30008602
1.0,0.98168373
0.0,0.06496596
0.0,0.006406069
0.0,0.25277686
0.0,0.4330969
0.0,0.027864695
0.0,0.028065324
0.0,0.33953464
1.0,0.9866486
0.0,0.10054451
0.0,0.050863028
0.0,0.82810754
0.0,0.03166768
1.0,0.9957333
0.0,0.011303008
0.0,0.900712
0.0,0.0562962
0.0,0.10780293
0.0,0.018139929
0.0,0.9915202
1.0,0.42900681
0.0,0.14417571
1.0,0.71579385
0.0,0.0127746165
1.0,0.47398788
0.0,0.01694253
0.0,0.47455278
0.0,0.024691284
0.0,0.7876518
0.0,0.64579177
0.0,0.45152426
0.0,0.10728726
0.0,0.02845785
0.0,0.96998626
0.0,0.9759791
1.0,0.940626
0.0,0.88652194
0.0,0.06847194
1.0,0.99985397
0.0,0.024837881
0.0,0.011533052
0.0,0.0048725605
1.0,0.8988229
1.0,0.7315636
1.0,0.8081451
1.0,0.99773353
0.0,0.3084768
1.0,0.81393105
0.0,0.13569954
1.0,0.4379423
0.0,0.039607286
0.0,0.9964161
0.0,0.1114915
0.0,0.014748067
0.0,0.06480026
1.0,0.9801986
1.0,0.22829685
0.0,0.99772775
1.0,0.81752175
0.0,0.009157658
1.0,0.9912361
0.0,0.01008901
0.0,0.05946684
0.0,0.99429214
0.0,0.6175667
0.0,0.07135525
0.0,0.0097801685
1.0,0.99961364
0.0,0.0044164956
1.0,0.9930626
1.0,0.98603904
1.0,0.98718834
0.0,0.010850787
0.0,0.99852115
0.0,0.01838258
0.0,0.19739994
0.0,0.6064346
1.0,0.9165762
0.0,0.6773991
0.0,0.0427756
0.0,0.24722528
0.0,0.027682722
0.0,0.008717805
0.0,0.116604626
0.0,0.868363
0.0,0.005906731
0.0,0.32473594
1.0,0.99965334
0.0,0.40778583
0.0,0.0065430403
0.0,0.011819363
0.0,0.005625218
1.0,0.95694673
0.0,0.384561
1.0,0.9949899
0.0,0.8004949
1.0,0.9989619
1.0,0.97338414
0.0,0.0040608644
0.0,0.17524812
0.0,0.023320109
0.0,0.49496388
0.0,0.007743895
0.0,0.31760514
1.0,0.9925724
0.0,0.0043558776
1.0,0.9377593
0.0,0.2620899
0.0,0.0011819005
0.0,0.031483054
1.0,0.978796
0.0,0.011434108
1.0,0.99981385
0.0,0.017959088
0.0,0.082561314
0.0,0.80512226
0.0,0.6221353
0.0,0.6068004
0.0,0.03460741
1.0,0.74435204
1.0,0.9669131
0.0,0.26450562
0.0,0.011108071
0.0,0.016375393
1.0,0.91712666
0.0,0.045712054
1.0,0.09896383
0.0,0.8261713
1.0,0.9616124
1.0,0.7992395
0.0,0.016446352
0.0,0.005036682
0.0,0.01880917
1.0,0.90420794
0.0,0.32840312
0.0,0.93088615
1.0,0.99775034
1.0,0.9434315
0.0,0.15292084
0.0,0.02385202
1.0,0.94032377
0.0,0.02283141
0.0,0.013458222
0.0,0.01678294
1.0,0.57353985
0.0,0.038322806
0.0,0.0993883
1.0,0.9612476
1.0,0.85202277
0.0,0.5597505
0.0,0.015529096
0.0,0.0015709102
1.0,0.9931566
1.0,0.99461424
1.0,0.7315589
0.0,0.05324495
0.0,0.0030884147
0.0,0.032592595
0.0,0.0049357116
1.0,0.9466185
0.0,0.007208824
0.0,0.749549
0.0,0.054190487
0.0,0.3245282
0.0,0.3269931
0.0,0.01105243
0.0,0.3883393
0.0,0.04271397
0.0,0.02093637
1.0,0.47910178
1.0,0.9917866
0.0,0.5074539
0.0,0.74558455
1.0,0.025862962
0.0,0.016055316
1.0,0.76374674
0.0,0.06655654
0.0,0.011487991
1.0,0.98323435
1.0,0.9978855
0.0,0.90528715
0.0,0.14107093
1.0,0.2303007
0.0,0.045259833
0.0,0.19719791
0.0,0.99979115
0.0,0.029170752
1.0,0.97981083
1.0,0.5173405
0.0,0.45939195
0.0,0.007835776
0.0,0.511388
1.0,0.9806104
0.0,0.037947357
1.0,0.4746277
0.0,0.043939054
1.0,0.7420889
1.0,0.85981655
0.0,0.74197227
1.0,0.32828504
0.0,0.928583
0.0,0.004026234
1.0,0.99963164
1.0,0.14712593
0.0,0.017766654
0.0,0.20386991
0.0,0.79396677
0.0,0.826516
1.0,0.99209905
0.0,0.051842004
0.0,0.57161987
0.0,0.014262348
1.0,0.9570426
0.0,0.059583277
0.0,0.95891464
1.0,0.96558416
0.0,0.0048868656
0.0,0.93134475
0.0,0.06333041
1.0,0.33874112
0.0,0.10531038
1.0,0.988708
0.0,0.036874264
1.0,0.45363
1.0,0.5430135
1.0,0.9953999
1.0,0.9707353
0.0,0.0014798939
1.0,0.9323864
0.0,0.046045303
1.0,0.999138
1.0,0.7512865
0.0,0.24737966
1.0,0.73852265
0.0,0.0054107606
1.0,0.8267279
1.0,0.6149194
0.0,0.004817039
0.0,0.99178845
1.0,0.9999336
1.0,0.2781564
0.0,0.15385056
0.0,0.6275624
0.0,0.00096705556
0.0,0.017147899
0.0,0.60659224
1.0,0.9509189
1.0,0.99493873
1.0,0.48207027
1.0,0.8352053
1.0,0.99928737
1.0,0.99827605
0.0,0.40946937
1.0,0.9976741
0.0,0.019940495
0.0,0.015608817
0.0,0.03055504
1.0,0.2014677
1.0,0.8349688
0.0,0.056097
0.0,0.012293935
0.0,0.92491555
1.0,0.9658985
1.0,0.41956154
1.0,0.9486041
0.0,0.015065134
0.0,0.9822347
0.0,0.065015644
0.0,0.74874926
0.0,0.021577
0.0,0.016743422
1.0,0.9993839
1.0,0.9567224
0.0,0.022800446
0.0,0.031052917
0.0,0.7714824
0.0,0.41133034
0.0,0.86003345
0.0,0.13076448
0.0,0.8210238
1.0,0.8864308
0.0,0.06976232
1.0,0.94299495
0.0,0.009413928
0.0,0.94314826
0.0,0.05200571
0.0,0.5667149
1.0,0.9943354
1.0,0.89099854
1.0,0.7373623
1.0,0.836618
0.0,0.0071059465
0.0,0.61342573
1.0,0.5481508
1.0,0.755514
0.0,0.24134818
0.0,0.008641392
0.0,0.07647249
1.0,0.6549689
0.0,0.014674038
1.0,0.12876388
0.0,0.030774742
0.0,0.06081572
0.0,0.028258026
0.0,0.16189799
0.0,0.21195081
0.0,0.044715226
0.0,0.3023116
1.0,0.9986582
0.0,0.017542243
0.0,0.842221
0.0,0.032503635
1.0,0.20903721
0.0,0.039693505
1.0,0.9981016
0.0,0.0530411
0.0,0.021215707
0.0,0.002132088
0.0,0.6217723
0.0,0.015121251
0.0,0.006951183
1.0,0.98432976
0.0,0.3067302
1.0,0.9066008
1.0,0.9570155
0.0,0.042515844
0.0,0.02719608
1.0,0.97374886
1.0,0.9997406
0.0,0.07138455
0.0,0.7071078
0.0,0.044929206
0.0,0.11555874
0.0,0.022498786
1.0,0.9722055
0.0,0.039684266
1.0,0.9561682
1.0,0.6998149
0.0,0.97514284
0.0,0.38208723
0.0,0.009964913
0.0,0.009215444
0.0,0.88243854
0.0,0.009477437
0.0,0.026257187
0.0,0.8797975
1.0,0.8430133
1.0,0.82103807
0.0,0.0645403
0.0,0.0203439
0.0,0.72734785
1.0,0.95152664
0.0,0.013404787
0.0,0.0736019
1.0,0.4309736
1.0,0.99669623
0.0,0.24972045
0.0,0.4458268
0.0,0.1778414
1.0,0.9946264
0.0,0.059463114
1.0,0.99129397
1.0,0.85222435
0.0,0.046955466
0.0,0.16621059
0.0,0.05980125
1.0,0.898963
0.0,0.2062594
1.0,0.7464706
0.0,0.018955559
1.0,0.89831793
0.0,0.2640534
0.0,0.013242573
0.0,0.0042803288
1.0,0.9992937
0.0,0.81095415
1.0,0.9996483
1.0,0.97973895
0.0,0.0068740547
1.0,0.115415305
0.0,0.2240769
1.0,0.671227
0.0,0.013982832
1.0,0.94669074
0.0,0.0067582726
1.0,0.8096957
1.0,0.99665725
1.0,0.999161
0.0,0.019651711
1.0,0.99565935
1.0,0.9202452
0.0,0.0055763125
1.0,0.98531497
1.0,0.83653176
1.0,0.1576693
0.0,0.28259796
0.0,0.044305656
0.0,0.99125016
0.0,0.04416523
