0.0,0.2680348
0.0,0.53603655
1.0,0.06929785
0.0,0.013820976
1.0,0.5653634
0.0,0.0066254735
1.0,0.9621047
1.0,0.9595702
1.0,0.7950709
0.0,0.0118332505
0.0,0.13770634
1.0,0.7746689
0.0,0.0049182475
0.0,0.07699472
0.0,0.016570121
0.0,0.0025369525
1.0,0.62125534
0.0,0.0037264228
0.0,0.0066812932
1.0,0.52543503
1.0,0.4663119
0.0,0.0002631843
1.0,0.91548866
0.0,0.0534752
0.0,0.00042781234
1.0,0.55218697
0.0,0.013541609
1.0,0.683818
0.0,0.03180757
1.0,0.85813975
0.0,0.0033397675
0.0,0.19989207
1.0,0.82550883
1.0,0.98955953
1.0,0.9014348
1.0,0.92683876
1.0,0.6223903
0.0,0.00916332
1.0,0.93269515
1.0,0.0046860278
1.0,0.85393584
1.0,0.9802829
0.0,0.003471762
1.0,0.78038394
1.0,0.90999305
0.0,0.011361241
0.0,4.8547983e-05
0.0,0.012360036
0.0,0.0045537353
1.0,0.94714236
0.0,0.398193
1.0,0.76780355
1.0,0.9649993
1.0,0.5480344
0.0,0.007273346
0.0,0.0027629435
0.0,0.024620771
1.0,0.011046857
1.0,0.8609133
1.0,0.17802697
1.0,0.9932127
0.0,0.199673
1.0,0.9646086
1.0,0.805169
1.0,0.9516107
0.0,0.087001234
0.0,0.103717506
1.0,0.9304253
0.0,0.016728252
1.0,0.91729605
0.0,0.15951443
1.0,0.7735224
0.0,0.00023415685
0.0,0.019373715
1.0,0.14892685
0.0,0.19253862
0.0,0.0043384433
0.0,0.15512714
0.0,0.0043867826
1.0,0.9553406
0.0,0.008825034
1.0,0.9593302
1.0,0.9321926
1.0,0.99601865
1.0,0.9123242
1.0,0.7498163
1.0,0.9542868
0.0,0.23199561
0.0,0.046151012
1.0,0.4180768
0.0,0.0033723414
1.0,0.2214
0.0,0.06020114
0.0,0.6706016
0.0,0.1356906
1.0,0.89266634
0.0,0.007684827
0.0,0.027050138
1.0,0.4937681
1.0,0.96057683
0.0,0.0024358928
0.0,0.02901578
1.0,0.019515932
0.0,0.030494928
0.0,0.08148733
1.0,0.671527
1.0,0.00053825974
0.0,0.008846879
1.0,0.01014927
1.0,0.9821102
1.0,0.8773583
0.0,0.076884806
1.0,0.007871836
0.0,0.022414416
0.0,0.0025363863
1.0,0.25236052
0.0,0.0032424629
1.0,0.60598534
1.0,0.1663652
1.0,0.8560338
0.0,0.69528973
1.0,0.9558753
0.0,0.92760015
0.0,0.004180968
0.0,0.08950096
1.0,0.311411
0.0,0.00042623281
0.0,0.057066917
1.0,0.9194819
1.0,0.68501914
1.0,0.96601486
0.0,0.011923969
0.0,0.0044214725
1.0,0.48307285
1.0,0.9713313
0.0,0.5357374
0.0,0.004567027
0.0,0.02473846
0.0,0.14934042
0.0,0.0069898963
1.0,0.8431558
0.0,0.13688782
1.0,0.012129009
0.0,0.014156371
0.0,0.01693818
0.0,0.00046548247
1.0,0.48587486
0.0,0.0057885647
0.0,0.013949335
0.0,0.013193041
0.0,0.13591596
0.0,0.0009785593
0.0,0.0007234216
0.0,0.93885136
0.0,0.19083515
1.0,0.9302818
0.0,0.0009415448
0.0,0.0036942363
1.0,0.98539686
0.0,0.013903111
0.0,0.122804314
0.0,0.017070353
0.0,0.005104929
0.0,0.32836747
1.0,0.9897237
0.0,0.13981232
1.0,0.8161439
0.0,0.014404178
0.0,0.003614217
1.0,0.7384064
0.0,0.76327956
0.0,0.98486793
0.0,0.61226225
0.0,0.00020289421
1.0,0.7358841
1.0,0.8572376
0.0,0.03275609
1.0,0.47292686
0.0,0.21795589
1.0,0.80613226
1.0,0.88159585
1.0,0.87340236
1.0,0.9300364
1.0,0.94307417
0.0,0.7991091
0.0,0.00010386109
0.0,0.0071409047
0.0,0.9544767
0.0,0.29236406
0.0,0.0070756674
1.0,0.36625174
0.0,0.00025847554
0.0,0.83666825
1.0,0.74746835
1.0,0.83640695
1.0,0.9552555
0.0,0.009268165
0.0,0.031108707
0.0,0.001660198
1.0,0.040317416
0.0,0.08340263
0.0,0.28008133
0.0,0.25930953
0.0,0.4906009
0.0,0.027828664
1.0,0.061968446
0.0,0.0072502494
1.0,0.27273142
0.0,0.0002719164
0.0,0.021144807
0.0,0.0015493333
1.0,0.8259789
0.0,0.034702063
0.0,0.02381885
0.0,0.0064971447
0.0,0.0005992353
0.0,0.80386674
0.0,0.19163862
1.0,0.98696417
0.0,0.0011238158
0.0,0.0005838275
1.0,0.5719595
1.0,0.9797584
0.0,0.18414718
0.0,0.00724411
0.0,0.00022816658
0.0,0.038936496
0.0,0.0077426434
0.0,0.029093623
1.0,0.98339427
0.0,0.012918055
1.0,0.42607293
0.0,0.0022830665
1.0,0.6253872
1.0,0.54117924
0.0,0.017245859
0.0,0.016016245
0.0,0.0058956146
1.0,0.90222347
1.0,0.6761228
1.0,0.89014333
1.0,0.6035679
0.0,0.002230227
0.0,0.58379483
1.0,0.9840896
0.0,0.18454131
0.0,0.009439409
0.0,0.0034374893
0.0,0.1502775
0.0,0.05698034
0.0,0.003116399
0.0,0.027291387
1.0,0.31703997
0.0,0.00334993
0.0,0.21591225
0.0,0.03835666
1.0,0.645115
1.0,0.9617001
0.0,0.008444011
0.0,0.042235106
0.0,0.0062496066
1.0,0.97879875
0.0,0.026484102
0.0,0.0012040138
0.0,0.018443793
0.0,0.001878053
1.0,0.98495865
1.0,0.73364794
1.0,0.97611046
0.0,0.0058467984
1.0,0.8288405
0.0,0.02006054
0.0,0.011129171
0.0,0.5377964
1.0,0.87992764
1.0,0.32554358
0.0,0.000852257
0.0,0.011436522
1.0,0.9560725
1.0,0.1574766
0.0,0.002210021
1.0,0.27815485
1.0,0.9746639
0.0,0.6428416
0.0,0.026175797
0.0,0.0056081116
0.0,0.0041432977
0.0,0.36111936
0.0,0.010072917
1.0,0.9784981
0.0,0.0047930777
0.0,0.0044371486
1.0,0.9923302
0.0,0.0035004318
1.0,0.97569215
1.0,0.03245902
1.0,0.7841967
1.0,0.6962537
1.0,0.86884916
0.0,0.012088835
1.0,0.8933241
0.0,0.8579528
1.0,0.97339714
0.0,0.6133772
0.0,0.092609346
0.0,0.017335385
0.0,0.049515307
0.0,0.26912254
1.0,0.91263866
0.0,0.9227618
1.0,0.8084084
0.0,0.8278527
1.0,0.62058073
1.0,0.9874729
0.0,0.015105039
0.0,0.00052788854
0.0,0.0012384951
1.0,0.63545203
1.0,0.037367314
0.0,0.00031372905
0.0,4.6908855e-05
0.0,0.004258722
0.0,0.031805545
1.0,0.9146821
1.0,0.63332707
0.0,0.027465075
0.0,0.2266441
1.0,0.8484926
1.0,0.94307405
1.0,0.76552373
0.0,0.02496776
0.0,0.40282077
0.0,0.000110566616
0.0,0.6192039
1.0,0.9573623
1.0,0.72259736
0.0,0.034312516
0.0,0.020421594
0.0,0.0010235012
0.0,0.22088403
0.0,0.00025722384
0.0,0.036384493
1.0,0.17649585
0.0,0.10435161
0.0,0.01565203
0.0,0.008668542
0.0,0.67359614
0.0,0.7243519
0.0,0.03507188
0.0,0.0010002255
1.0,0.6861155
0.0,0.032447517
1.0,0.8776233
0.0,0.00039476156
0.0,0.12762788
0.0,0.08913711
0.0,0.00016763806
0.0,0.84680474
1.0,0.2264153
1.0,0.879059
0.0,0.6178445
1.0,0.79347986
0.0,0.0024160147
0.0,0.33466345
0.0,0.1131956
0.0,0.7968122
0.0,0.009269297
0.0,0.00013941526
1.0,0.37171587
0.0,0.0024115741
1.0,0.93521535
0.0,0.00424543
1.0,0.29212463
0.0,0.06761879
1.0,0.049413174
1.0,0.6452281
1.0,0.98556966
0.0,0.0009343028
0.0,0.005814016
1.0,0.92898774
0.0,0.03536704
0.0,0.02563563
1.0,0.00463593
1.0,0.9014967
0.0,0.50051415
1.0,0.92888546
1.0,0.9795247
0.0,0.8348166
0.0,0.0054439604
0.0,0.5660031
0.0,0.008231729
0.0,0.0009485781
0.0,0.07627693
1.0,0.9902283
0.0,0.03889054
1.0,0.29556316
1.0,0.3010525
0.0,0.0061983466
0.0,0.01947385
0.0,0.77453864
1.0,0.98440456
1.0,0.9808757
1.0,0.5121423
0.0,0.03741312
1.0,0.9422874
1.0,0.86335766
0.0,0.000964731
0.0,0.41464683
0.0,0.9106287
0.0,0.46789148
1.0,0.9608379
0.0,0.0074299574
1.0,0.039231747
0.0,0.47010905
0.0,0.039851338
0.0,0.029367745
0.0,0.0085808635
0.0,0.0071554184
0.0,0.0018749833
0.0,0.0026277602
0.0,0.005331248
0.0,0.0253551
0.0,0.13285911
0.0,0.0447959
0.0,0.0037043095
0.0,0.18595922
0.0,0.0030507743
1.0,0.7030617
0.0,0.1274823
1.0,0.9558097
0.0,0.037867606
0.0,0.001909554
0.0,0.004730016
0.0,0.8544794
0.0,0.51005876
0.0,0.036658704
0.0,0.2124812
0.0,0.00028315187
0.0,0.002009511
0.0,0.006674528
0.0,0.306251
1.0,0.80191445
0.0,0.009239882
0.0,0.0019443631
0.0,0.6540119
0.0,0.01207149
1.0,0.60797167
0.0,0.737396
1.0,0.51418144
0.0,0.0020837188
0.0,0.13765165
1.0,0.9280567
0.0,0.90542483
1.0,0.5722947
1.0,0.9814899
1.0,0.9362487
1.0,0.84420276
0.0,0.0020458698
1.0,0.7391399
0.0,0.0009095669
0.0,0.011058748
0.0,0.089250386
1.0,0.985085
0.0,0.0009649992
0.0,0.0023740828
1.0,0.18944842
1.0,0.995973
0.0,0.028736591
0.0,0.0003888011
1.0,0.67427814
0.0,0.03569311
1.0,0.782861
0.0,0.16543779
0.0,0.30561006
1.0,0.7339793
0.0,0.8599435
0.0,0.0002693236
1.0,0.06082654
0.0,0.03117904
1.0,0.99123925
0.0,0.002464354
1.0,0.3044479
1.0,0.6797155
1.0,0.7612612
1.0,0.9936449
0.0,0.043344826
0.0,0.037506253
1.0,0.66360617
0.0,0.0007903278
0.0,0.3500378
1.0,0.59096426
1.0,0.6327046
1.0,0.9520494
0.0,0.003402412
1.0,0.9485796
1.0,0.82676023
0.0,0.04896173
1.0,0.97560453
0.0,0.12564534
1.0,0.96003413
1.0,0.9184768
0.0,0.6041002
0.0,0.338592
1.0,0.012546301
0.0,0.16444123
1.0,0.87590694
0.0,0.62052435
0.0,0.0029558837
0.0,0.78320694
1.0,0.9921618
0.0,0.0005606711
0.0,0.0019660592
0.0,0.76829135
1.0,0.4975596
0.0,0.025723457
0.0,0.0035402179
0.0,0.033289522
0.0,0.84921753
1.0,0.6104587
1.0,0.99062014
0.0,0.076107115
0.0,0.6227771
0.0,0.06869483
0.0,0.036346257
0.0,0.110562444
1.0,0.8515839
0.0,0.011272788
1.0,0.88733584
0.0,0.84683657
0.0,0.116260976
1.0,0.73356557
0.0,0.004871249
0.0,0.043467224
0.0,0.0023897588
0.0,0.0036958754
0.0,0.122186184
0.0,0.001167804
0.0,0.013492674
0.0,0.053623557
1.0,0.73415583
1.0,0.76037467
0.0,0.00027027726
0.0,0.014564991
1.0,0.9694133
0.0,0.0022396445
1.0,0.91119635
0.0,0.056254596
0.0,0.0019364655
1.0,0.8063724
0.0,0.11042124
1.0,0.19147351
0.0,0.4639936
1.0,0.28048614
0.0,0.0097159445
0.0,0.015106648
0.0,0.7450994
1.0,0.8094767
0.0,0.0008380711
0.0,0.02118501
0.0,0.0041409135
0.0,0.9831618
1.0,0.17815977
0.0,0.00738585
0.0,0.0009331405
1.0,0.9637234
1.0,0.10420275
0.0,0.008608162
1.0,0.766706
0.0,0.012583494
0.0,0.5999492
1.0,0.8757742
1.0,0.9084038
0.0,0.014187396
1.0,0.93768203
1.0,0.9895655
0.0,0.008276433
0.0,0.04603982
0.0,0.12566233
1.0,0.020956695
0.0,5.555153e-05
0.0,0.0052237213
0.0,0.0011856556
1.0,0.9836279
1.0,0.72456396
0.0,0.022030473
1.0,0.52290136
1.0,0.00375548
0.0,0.08120927
1.0,0.8917599
0.0,0.10586077
1.0,0.9339961
0.0,0.047159106
1.0,0.54511154
0.0,0.0038078427
0.0,0.0030289888
1.0,0.38600773
0.0,0.0026381612
1.0,0.90361255
0.0,0.03929603
0.0,0.00550735
0.0,0.0021454096
1.0,0.7600932
0.0,0.39337155
1.0,0.14943379
0.0,0.0014023185
1.0,0.8060576
1.0,0.4567633
0.0,0.0002862215
1.0,0.97232586
1.0,0.9648596
1.0,0.5050502
1.0,0.6648147
0.0,0.010267079
0.0,0.011852592
0.0,0.83618975
1.0,0.8795084
1.0,0.72574425
0.0,0.0030906796
0.0,0.006857753
0.0,0.048392892
1.0,0.9653909
0.0,0.37373805
1.0,0.012192547
1.0,0.8969376
0.0,0.020776153
0.0,0.0108163655
1.0,0.93963355
0.0,0.71182686
1.0,0.91791165
0.0,0.70585585
0.0,0.013772249
0.0,0.011925578
1.0,0.0706234
0.0,0.0365206
1.0,0.98964864
0.0,0.006859511
1.0,0.39732397
0.0,0.5205302
0.0,0.071563095
1.0,0.0041565597
1.0,0.94669473
1.0,0.80530137
1.0,0.8373639
0.0,0.028645486
0.0,0.0117432475
0.0,0.7637414
0.0,0.00025641918
1.0,0.9355881
1.0,0.14838335
0.0,9.524822e-05
0.0,0.008287042
0.0,0.0008341968
1.0,0.5850516
0.0,0.0050289035
0.0,0.009377539
0.0,0.051802784
0.0,0.14039797
0.0,0.019171864
0.0,0.31971133
1.0,0.83236766
0.0,0.6318103
1.0,0.05749443
0.0,0.021055967
0.0,0.54946965
1.0,0.67902577
1.0,0.84945774
1.0,0.9046583
0.0,0.047443867
0.0,0.05119586
1.0,0.23198363
0.0,0.002194643
0.0,0.0042212903
0.0,0.04090476
1.0,0.7370231
0.0,0.008022815
0.0,0.028591096
1.0,0.9784479
0.0,0.014357388
1.0,0.9889952
1.0,0.90237105
1.0,0.94199455
0.0,0.0018197
1.0,0.96146274
1.0,0.79721296
0.0,0.07548362
1.0,0.09656775
0.0,0.0038831234
0.0,0.2712497
0.0,0.035180956
0.0,0.00572443
1.0,0.43793643
1.0,0.7765275
1.0,0.9910095
1.0,0.92351687
1.0,0.9616747
0.0,0.37552565
0.0,0.9100108
1.0,0.9732776
0.0,0.011011004
1.0,0.7174156
1.0,0.99028707
0.0,0.034178168
1.0,0.0999544
1.0,0.17522725
0.0,0.0016342402
0.0,0.008287936
0.0,0.0020665824
0.0,0.0027149618
1.0,0.7124768
1.0,0.94341487
0.0,0.0030685961
0.0,0.0044083
1.0,0.022627592
1.0,0.72559005
1.0,0.02584824
0.0,0.0064805746
1.0,0.65518206
1.0,0.45634454
0.0,0.006615162
0.0,0.041967005
1.0,0.8045343
1.0,0.99425966
0.0,0.53947455
1.0,0.7545328
0.0,0.023357064
0.0,0.4522631
1.0,0.9648073
0.0,0.95848274
1.0,0.97620225
0.0,0.068603575
0.0,0.06705299
0.0,0.01308459
1.0,0.6289222
1.0,0.38121986
0.0,0.0003450811
0.0,0.012994915
1.0,0.7119997
0.0,0.14157948
1.0,0.99066067
1.0,0.7149136
1.0,0.502138
0.0,0.036180258
0.0,0.57068115
0.0,0.4562596
0.0,0.003063172
0.0,0.00036120415
1.0,0.98306227
0.0,0.6250116
0.0,0.00054481626
1.0,0.93329406
0.0,0.016420454
1.0,0.003147781
1.0,0.87838423
0.0,0.008648604
0.0,0.0881874
0.0,0.6824685
0.0,0.000687629
0.0,0.0009262264
0.0,0.0010225773
0.0,0.005606562
0.0,0.95820075
1.0,0.61357546
1.0,0.9396757
0.0,0.46717918
0.0,0.5392423
0.0,0.0274944
0.0,0.009600252
0.0,0.0069724917
1.0,0.02238819
0.0,0.0056081414
0.0,2.6196241e-05
1.0,0.95278305
1.0,0.06981
0.0,0.0046857
0.0,0.9798056
0.0,4.467368e-05
0.0,0.03956732
0.0,0.00096163154
0.0,0.050298095
1.0,0.8988286
1.0,0.48569658
1.0,0.8695171
0.0,0.00034704804
1.0,0.87238646
1.0,0.785972
0.0,0.3039652
0.0,0.00037702918
1.0,0.5393508
1.0,0.12370524
1.0,0.7244971
1.0,0.92743313
1.0,0.6755371
0.0,0.05750221
0.0,0.16569772
1.0,0.5127166
0.0,0.00039929152
1.0,0.9252909
0.0,0.0038915575
1.0,0.63489
0.0,0.0074581206
0.0,0.17313254
0.0,0.01879251
0.0,0.017880857
0.0,0.24971241
0.0,8.997321e-05
0.0,0.0011469722
0.0,0.016197085
0.0,0.15428373
0.0,0.00033316016
0.0,0.0002834499
1.0,0.95333886
1.0,0.50777566
1.0,0.93583846
0.0,0.89896995
0.0,0.33360285
0.0,0.7119838
0.0,0.0050067604
1.0,0.9443588
1.0,0.112611145
1.0,0.8684372
1.0,0.97531664
0.0,0.8791194
0.0,0.0010043383
0.0,0.00069639087
1.0,0.7565863
0.0,0.0018194914
1.0,0.002531588
1.0,0.9490864
0.0,0.16228864
0.0,0.00061035156
0.0,0.0014705956
0.0,0.4314771
1.0,0.9256644
1.0,0.88668394
0.0,0.06899524
1.0,0.9113053
1.0,0.7175533
0.0,0.5659559
0.0,0.013307154
1.0,0.6764207
0.0,0.0021818578
0.0,0.011467695
0.0,0.001959622
0.0,0.22174251
0.0,0.0060185194
1.0,0.501755
0.0,0.03249219
0.0,0.80347836
1.0,0.98650986
1.0,0.93998635
0.0,0.6777287
0.0,0.77388895
1.0,0.3433907
0.0,0.04083368
0.0,1.3113022e-05
1.0,0.73682356
0.0,0.06544909
0.0,0.010827959
0.0,0.03518638
1.0,0.91692054
0.0,0.12391141
1.0,0.88011223
1.0,0.92780054
1.0,0.99582314
0.0,0.0014234781
1.0,0.4557029
0.0,0.0015789866
1.0,0.882668
0.0,0.030542254
1.0,0.9872915
0.0,0.005232662
0.0,0.0117791
1.0,0.97535086
0.0,0.0012935996
0.0,0.0027325451
1.0,0.8860413
1.0,0.8603788
1.0,0.0703114
1.0,0.63175106
1.0,0.47723013
1.0,0.92950183
1.0,0.76492584
0.0,0.0021038353
1.0,0.1022439
1.0,0.9637821
0.0,0.15282997
0.0,0.0027332902
0.0,0.0006827712
1.0,0.57776684
0.0,0.006082952
0.0,0.05497393
0.0,0.17409828
1.0,0.9502481
0.0,0.003219992
0.0,0.22659755
1.0,0.6180416
1.0,0.9492415
1.0,0.8747492
1.0,0.031338334
0.0,0.98351175
0.0,0.041663677
0.0,0.12684795
0.0,0.0026098788
0.0,0.00067833066
0.0,0.081183374
0.0,0.005668223
1.0,0.029256403
1.0,0.8616363
0.0,0.013622552
1.0,0.76441866
0.0,0.0020574033
0.0,0.00014939904
1.0,0.9917317
0.0,0.0016319454
0.0,0.90179247
0.0,0.0015271306
0.0,0.4869638
0.0,0.004535228
0.0,0.0031972528
0.0,0.96229744
1.0,0.8663207
0.0,0.015963286
0.0,0.49314913
1.0,0.8443825
0.0,0.008025974
1.0,0.7172933
0.0,0.0027370155
0.0,0.0013430715
0.0,0.004188508
0.0,0.11207014
0.0,0.0007765889
0.0,0.002357632
0.0,0.005219668
0.0,0.03314358
0.0,0.5975866
1.0,0.63437706
0.0,0.0037095845
1.0,0.82401234
0.0,0.9416488
1.0,0.013100535
0.0,0.02910307
0.0,0.0019389093
0.0,0.06927431
1.0,0.96220744
1.0,0.044264674
1.0,0.36125022
0.0,0.0041895807
0.0,0.90516907
1.0,0.88231444
0.0,0.034300894
0.0,0.030192196
1.0,0.63376206
0.0,0.0074174404
1.0,0.9671908
1.0,0.6394173
0.0,0.0023630261
1.0,0.4831699
0.0,0.109202415
1.0,0.05398637
0.0,0.5657757
1.0,0.9940729
0.0,8.070469e-05
0.0,0.9714911
0.0,0.01633668
0.0,0.026999742
0.0,0.001398176
0.0,0.019453645
0.0,0.028231412
1.0,0.924101
0.0,0.00744161
0.0,0.0001014173
0.0,6.5863132e-06
0.0,0.25058073
0.0,0.15044272
1.0,0.601584
0.0,0.5957402
0.0,0.071112245
1.0,0.5321919
0.0,0.42103982
1.0,0.96563417
0.0,0.8188824
1.0,0.19109386
1.0,0.90017843
0.0,0.00026202202
1.0,0.99332136
0.0,0.38008285
0.0,0.019884467
0.0,0.004690945
0.0,0.03339207
1.0,0.02413097
1.0,0.98942745
0.0,0.0037506819
0.0,0.015981704
1.0,0.9872757
0.0,0.016226262
1.0,0.799538
1.0,0.002987802
1.0,0.6212103
0.0,0.023198456
1.0,0.917735
0.0,0.01618275
1.0,0.92686284
1.0,0.09205735
0.0,0.29678404
0.0,0.76883614
0.0,0.021920502
0.0,0.33074912
1.0,0.52679145
1.0,0.921874
1.0,0.98363245
0.0,0.0041297376
0.0,3.6656857e-05
1.0,0.9660846
0.0,0.910795
0.0,0.0006555319
0.0,0.0031515062
1.0,0.8387929
0.0,0.010983378
0.0,0.005072385
0.0,0.13394186
0.0,0.053415954
1.0,0.56328034
1.0,0.9751779
0.0,0.2065511
0.0,0.010317594
0.0,0.0028203428
1.0,0.9954194
0.0,0.056893885
0.0,0.8176881
1.0,0.936483
0.0,0.00026506186
0.0,0.5994904
1.0,0.9263258
0.0,0.14821798
1.0,0.041500747
1.0,0.07324958
0.0,0.0056478977
0.0,0.0064961016
0.0,0.0028315783
0.0,0.0016356707
1.0,0.8768996
1.0,0.9969166
1.0,0.97549325
1.0,0.12783891
0.0,0.94181067
0.0,0.02756527
1.0,0.8480456
1.0,0.9545458
0.0,0.0017624199
0.0,0.0047167838
1.0,0.09690395
0.0,0.0004183948
1.0,0.8376221
0.0,0.0008173585
0.0,0.17993405
1.0,0.94610083
0.0,0.02026695
0.0,0.0010454655
0.0,0.021978438
0.0,0.038298875
0.0,0.3401066
1.0,0.038057268
0.0,0.016055703
1.0,0.98475754
0.0,0.050561488
1.0,0.8510015
0.0,0.025761098
1.0,0.5409153
1.0,0.9562974
1.0,0.99706125
0.0,0.90682757
0.0,0.002447933
1.0,0.5226695
0.0,0.07603863
0.0,0.010016859
1.0,0.8192342
1.0,0.33595204
0.0,0.046176583
1.0,0.96113765
1.0,0.80893207
0.0,0.9099504
0.0,0.0033147633
0.0,0.3965284
0.0,0.0012479722
0.0,0.00024592876
0.0,0.8973055
1.0,0.88835955
1.0,0.99149954
1.0,0.8790785
0.0,0.0006902516
0.0,0.00057300925
0.0,0.00047165155
0.0,0.0067956746
0.0,0.004440427
0.0,0.015902042
1.0,0.96420234
1.0,0.970549
1.0,0.7635782
0.0,0.18280312
0.0,0.018015742
1.0,0.91793025
0.0,0.28714895
0.0,0.84458864
1.0,0.8703059
0.0,0.71140903
0.0,0.6320361
1.0,0.6968041
0.0,0.03533435
1.0,0.39115667
1.0,0.9041445
0.0,0.9285921
0.0,0.0025179386
1.0,0.9984689
0.0,0.00022831559
0.0,0.6625767
1.0,0.10999468
1.0,0.78657687
1.0,0.68550897
1.0,0.7266772
0.0,0.86580825
0.0,0.023623943
0.0,0.0025326908
1.0,0.7547226
0.0,0.97927487
1.0,0.65003633
0.0,0.7490172
1.0,0.5117857
1.0,0.27712762
0.0,0.022221893
0.0,0.029545486
0.0,0.0009432435
0.0,0.04398969
0.0,0.020299554
0.0,0.007814914
1.0,0.068716824
1.0,0.093526155
0.0,0.7706057
1.0,0.90573883
1.0,0.06643775
0.0,0.00036674738
0.0,0.08821884
1.0,0.9446802
1.0,0.010922819
0.0,0.0060032606
0.0,0.08423117
0.0,0.0007685423
0.0,0.006798953
1.0,0.43870476
1.0,0.9162129
0.0,0.011710554
0.0,7.83205e-05
0.0,0.04792449
0.0,0.029817373
0.0,0.0022073388
0.0,0.007681906
0.0,0.9049903
0.0,0.23764151
0.0,0.0016572475
0.0,0.005884856
0.0,0.036901504
1.0,0.9592737
1.0,0.8713244
0.0,0.0005118251
0.0,0.051229447
0.0,5.9485435e-05
0.0,0.0019000769
0.0,0.04629585
0.0,0.039164096
0.0,0.002945125
0.0,0.7687818
1.0,0.8777721
1.0,0.99406636
1.0,0.86916894
1.0,0.8469989
1.0,0.9853085
0.0,0.5034779
0.0,0.008916557
0.0,0.008210063
0.0,0.035741687
1.0,0.8252208
0.0,0.0033265352
1.0,0.84965324
0.0,0.008952707
0.0,0.75282675
0.0,0.8220422
0.0,0.01874265
0.0,0.026736021
0.0,0.38167328
0.0,0.057679802
0.0,0.0018777251
1.0,0.84409344
1.0,0.4419721
0.0,0.045601845
0.0,0.029886931
0.0,0.0035513937
0.0,0.0013443828
1.0,0.95698225
0.0,0.0027541518
1.0,0.12610438
0.0,0.055755943
1.0,0.48173544
0.0,0.0020825267
0.0,0.03881398
1.0,0.8356774
0.0,0.0016197562
1.0,0.9349091
0.0,0.031030625
0.0,0.2651168
0.0,0.115739435
0.0,0.00037142634
0.0,0.0012634993
1.0,0.85289896
1.0,0.98429894
0.0,0.13168415
0.0,0.0060484707
0.0,0.0030800998
0.0,0.08444297
1.0,0.5875812
0.0,0.62712467
1.0,0.07513434
1.0,0.7561387
0.0,0.59736574
0.0,0.029933423
0.0,0.04563734
0.0,0.020579726
0.0,0.049711525
0.0,0.015631825
0.0,0.0096998215
0.0,0.8371795
0.0,0.32911855
1.0,0.7663457
0.0,0.98147404
0.0,0.0018149018
1.0,0.8474851
0.0,0.0022390783
0.0,0.010497808
0.0,0.00033560395
0.0,0.0133604705
1.0,0.043263048
1.0,0.94046474
1.0,0.78828335
0.0,0.002504915
0.0,0.0026311874
0.0,0.008362323
0.0,0.8119414
0.0,0.13314754
0.0,0.81187904
1.0,0.9950938
1.0,0.9866438
1.0,0.9471514
0.0,0.004598409
1.0,0.99400437
1.0,0.36870015
0.0,0.0140170455
1.0,0.86644566
0.0,0.024497807
0.0,0.0045958757
0.0,0.6122668
1.0,0.97253394
1.0,0.9025183
1.0,0.7321917
0.0,0.8702568
0.0,0.24543479
0.0,0.0030638874
1.0,0.89124036
1.0,0.9870498
1.0,0.97901905
1.0,0.955229
0.0,0.0051868856
0.0,0.0032260418
0.0,0.0071380734
0.0,0.444193
1.0,0.9102881
0.0,0.0023916364
0.0,0.26080662
0.0,0.0529083
1.0,0.21847782
0.0,0.017336935
0.0,0.019974262
0.0,0.048052758
0.0,0.7655753
0.0,0.009841621
0.0,0.059660167
0.0,0.0012907982
0.0,0.018253565
0.0,0.0012660027
1.0,0.98234034
1.0,0.16757748
0.0,0.39531702
0.0,0.98212266
0.0,0.13135064
1.0,0.8934859
0.0,0.0054466724
0.0,0.009630591
0.0,0.17786297
0.0,0.0015660822
1.0,0.8865268
0.0,0.0017106831
0.0,0.12593883
1.0,0.8525059
1.0,0.76633567
1.0,0.9587912
0.0,0.027543008
0.0,0.052041262
1.0,0.89676714
1.0,0.9671067
1.0,0.97947645
0.0,0.8891387
0.0,0.13728163
0.0,0.00012564659
1.0,0.021884114
1.0,0.9844326
0.0,0.002807349
0.0,0.675484
1.0,0.5650131
1.0,0.8891413
0.0,0.0018237531
1.0,0.8463234
1.0,0.4500404
0.0,0.09710133
1.0,0.3121554
0.0,0.03427139
0.0,0.0027555823
0.0,0.87136066
0.0,0.00927785
1.0,0.78518105
0.0,0.19805136
1.0,0.65332055
1.0,0.7327653
1.0,0.6331804
0.0,0.00044575334
0.0,0.39603373
1.0,0.67926943
0.0,0.0015130937
1.0,0.4364157
1.0,0.8402721
0.0,0.88328755
0.0,0.015859634
1.0,0.4610968
1.0,0.9935846
0.0,0.0010850132
1.0,0.79692084
1.0,0.6418234
1.0,0.77052796
1.0,0.9933355
1.0,0.5880434
1.0,0.92173684
0.0,0.0030085444
0.0,0.7933855
0.0,0.030509174
1.0,0.9212142
1.0,0.20376316
0.0,0.114047825
0.0,0.013826519
1.0,0.4811652
0.0,0.0046651065
1.0,0.9690027
0.0,0.23361635
1.0,0.7455576
1.0,0.94410634
0.0,0.3448818
1.0,0.6025783
0.0,0.06760213
1.0,0.9938948
1.0,0.8491303
1.0,0.11906502
0.0,0.01102829
0.0,0.009221524
1.0,0.6182915
0.0,0.09726715
1.0,0.9597986
0.0,0.002261877
0.0,0.78302646
0.0,0.06438255
0.0,0.12310439
0.0,0.0015187562
0.0,0.09799835
0.0,0.5760435
1.0,0.89934325
1.0,0.059939027
0.0,0.006370425
1.0,0.99636054
1.0,0.60905015
0.0,0.9154035
0.0,0.83453643
0.0,0.015735507
0.0,0.010862201
0.0,0.0053434074
0.0,0.01370129
1.0,0.06934792
1.0,0.9847696
0.0,0.005291611
0.0,0.0020269454
0.0,0.7415075
0.0,0.86841065
0.0,0.04913777
1.0,0.873904
0.0,0.059433103
0.0,0.011863917
1.0,0.84969926
1.0,0.879601
0.0,0.005312711
0.0,0.13044888
0.0,0.0015387833
1.0,0.9315165
1.0,0.44955063
0.0,0.10791451
0.0,0.019218445
0.0,0.0026904345
0.0,0.29913762
0.0,0.0025757551
1.0,0.9801791
1.0,0.85247016
1.0,0.19338533
0.0,0.00018629432
1.0,0.21933958
0.0,0.66668344
1.0,0.98913896
1.0,0.51730174
0.0,0.004299104
0.0,0.0012019575
0.0,0.0027358532
0.0,0.5892652
0.0,0.7407315
1.0,0.9950701
0.0,0.7205299
0.0,0.40607384
0.0,0.0071854293
0.0,0.00017032027
0.0,0.012939811
0.0,0.10961795
0.0,0.02577731
1.0,0.65838295
1.0,0.9552146
0.0,0.00016093254
0.0,0.48683396
0.0,0.48054335
0.0,0.0044768453
1.0,0.95556414
0.0,0.026113153
0.0,0.11905697
1.0,0.6228918
0.0,0.9335792
0.0,0.054388434
0.0,0.003207922
0.0,0.0025703907
1.0,0.9529186
1.0,0.82301176
0.0,0.0038768053
1.0,0.2358475
1.0,0.8530208
1.0,0.8279756
0.0,0.21323994
0.0,0.06756231
1.0,0.8925698
1.0,0.9704888
0.0,0.005865723
1.0,0.990286
0.0,0.0011298656
1.0,0.94747424
1.0,0.87431693
1.0,0.90485585
0.0,0.013696998
1.0,0.62195003
1.0,0.2205123
0.0,0.04652846
0.0,0.048992246
0.0,0.9671693
0.0,0.021623582
0.0,0.0048967004
0.0,0.0011311471
1.0,0.98077404
0.0,0.31229997
0.0,0.016128361
0.0,0.19820762
0.0,0.0036943555
0.0,0.05159673
0.0,0.019457042
1.0,0.72498757
0.0,0.021471828
0.0,0.0004989803
0.0,0.21847859
1.0,0.83201045
1.0,0.9370543
1.0,0.95798284
1.0,0.95818007
0.0,0.004793793
0.0,0.06967142
0.0,0.010420442
0.0,0.015465289
0.0,0.79992235
0.0,0.0022767782
1.0,0.9224752
0.0,0.7628506
1.0,0.2720855
1.0,0.01899591
1.0,0.6107795
0.0,0.008326411
0.0,0.003550619
0.0,0.00050100684
0.0,0.003174454
1.0,0.51192117
1.0,0.93623215
1.0,0.26042813
1.0,0.8074404
1.0,0.9916654
0.0,0.017207056
0.0,0.010652095
0.0,0.8515202
0.0,0.00985083
1.0,0.8782017
0.0,0.002926886
0.0,0.8327751
1.0,0.9657717
1.0,0.52833086
0.0,0.0017321706
0.0,0.11989215
0.0,0.089285314
0.0,0.24614093
1.0,0.8675471
0.0,0.98455584
0.0,0.10346469
1.0,0.98860514
0.0,0.020527184
1.0,0.9662113
1.0,0.9424751
0.0,0.0006968677
0.0,0.7545073
0.0,0.0016745031
0.0,0.017459422
1.0,0.8486061
0.0,0.004799396
0.0,0.16584018
0.0,0.6452725
0.0,0.0033077002
1.0,0.9502355
1.0,0.72046757
1.0,0.7848407
1.0,0.8987384
0.0,0.42420927
0.0,0.009397119
1.0,0.8102448
0.0,0.007350713
1.0,0.11879772
0.0,0.009696245
1.0,0.8997206
1.0,0.9839268
0.0,0.45768768
0.0,0.09018409
0.0,0.21710435
0.0,0.007278204
0.0,0.0009742975
0.0,0.0057801306
1.0,0.9149416
0.0,0.007125318
0.0,0.23528627
0.0,0.4990679
0.0,0.012229949
0.0,0.008105993
0.0,0.00017902255
0.0,0.15033072
0.0,0.001226753
0.0,5.3346157e-05
0.0,0.018662393
0.0,0.0800958
0.0,0.027698666
1.0,0.072770804
0.0,0.13562831
1.0,0.8777112
0.0,0.0028972626
0.0,0.0012697577
1.0,0.76282966
0.0,0.009826452
1.0,0.96008706
0.0,0.008677661
1.0,0.8987845
0.0,0.8609579
0.0,0.0020902753
1.0,0.8693073
1.0,0.31465355
0.0,0.0012923181
0.0,0.018272579
0.0,0.00028035045
0.0,0.0008300543
0.0,0.00029414892
0.0,0.7257572
1.0,0.9652361
1.0,0.7860435
0.0,0.22416425
0.0,0.0022780895
1.0,0.67522424
1.0,0.9628742
1.0,0.6679452
0.0,0.00033172965
1.0,0.011912823
0.0,0.6504507
1.0,0.22031632
0.0,4.4465065e-05
1.0,0.5424506
0.0,0.0026604831
0.0,0.012729853
0.0,0.1572054
0.0,0.65153736
1.0,0.94607717
0.0,0.03588605
0.0,0.0323188
1.0,0.9574435
0.0,0.0014247298
0.0,0.8237977
0.0,0.71027625
1.0,0.98603344
0.0,0.044418097
0.0,0.008767098
0.0,0.963928
1.0,0.7303057
0.0,4.9173832e-05
0.0,0.44367126
0.0,0.004657626
1.0,0.45194474
0.0,0.0031824112
1.0,0.97443277
0.0,0.31302014
1.0,0.7032347
1.0,0.9866632
0.0,0.82745385
1.0,0.9575124
1.0,0.97535455
0.0,0.0040427446
0.0,0.5549832
0.0,0.010608852
1.0,0.9922111
0.0,0.078715235
1.0,0.66938674
1.0,0.503963
0.0,0.0044760704
1.0,0.9503875
0.0,0.29316604
1.0,0.527168
0.0,0.14117298
1.0,0.52645135
0.0,0.66570777
1.0,0.00012683868
0.0,0.351835
0.0,0.0011153519
0.0,0.0013433397
0.0,0.0042158067
0.0,0.002298385
0.0,0.00041675568
0.0,0.0004810393
0.0,0.057695508
0.0,0.06341803
0.0,0.35106212
0.0,0.28294942
0.0,0.00230667
1.0,0.9662919
1.0,0.10422069
0.0,0.7423844
1.0,0.013973355
0.0,0.024047285
0.0,0.26850522
0.0,0.4174542
0.0,0.0829992
0.0,0.023993134
0.0,0.17987645
1.0,0.88857365
0.0,0.00016406178
0.0,0.023633957
1.0,0.0012159944
0.0,0.00015574694
1.0,0.79708123
0.0,0.016627222
0.0,0.05692932
1.0,0.4099751
0.0,0.0046720505
1.0,0.8853634
0.0,0.0045741796
0.0,0.00071007013
0.0,0.00087073445
1.0,0.98188865
0.0,0.009661645
1.0,0.6662798
1.0,0.7635784
0.0,0.9875343
0.0,0.0020743906
1.0,0.007692814
0.0,0.00673452
0.0,0.046880633
0.0,0.46747476
0.0,0.00090023875
0.0,0.64636075
0.0,0.8919632
1.0,0.20733851
0.0,0.008949608
1.0,0.9588337
0.0,0.0006528199
0.0,0.0025640726
0.0,0.0042475164
1.0,0.87636375
1.0,0.99276686
0.0,0.14651832
0.0,0.52478546
0.0,0.0029405355
0.0,0.045847923
0.0,0.06258625
0.0,0.003027469
0.0,1.6659498e-05
1.0,0.18198633
1.0,0.9209527
0.0,0.0037124455
0.0,0.96225715
1.0,0.49081194
0.0,0.00024437904
1.0,0.83288
0.0,0.0017309189
0.0,0.010365337
1.0,0.9022939
0.0,0.64649343
1.0,0.7211355
1.0,0.9653466
1.0,0.9378782
0.0,0.12457389
0.0,0.0557608
0.0,0.16211393
1.0,0.934934
0.0,0.08017564
1.0,0.96687746
0.0,0.0053295493
0.0,0.0018680692
0.0,0.078639776
1.0,0.9114511
0.0,0.009914279
0.0,0.03200841
0.0,0.35490802
1.0,0.019868702
1.0,0.98391914
0.0,0.020784289
0.0,0.0055041313
1.0,0.9439287
1.0,0.9826485
1.0,0.8375256
1.0,0.18973568
0.0,0.0050978363
1.0,0.84202397
0.0,0.025574565
0.0,0.017440736
0.0,0.002189219
1.0,0.6551887
0.0,0.01613158
0.0,0.0738239
0.0,0.0016744137
1.0,0.7257358
0.0,0.14781982
1.0,0.9615526
1.0,0.97929704
0.0,0.010537773
1.0,0.798312
0.0,0.014273137
1.0,0.56443405
0.0,0.582085
0.0,0.004314989
0.0,0.007781595
0.0,0.01614821
1.0,0.9749814
0.0,0.022628516
0.0,0.06714794
0.0,0.6407359
1.0,0.99797845
1.0,0.9284096
0.0,0.0077544153
1.0,0.9452909
1.0,0.9270047
1.0,0.99289715
1.0,0.08606008
0.0,0.17929617
1.0,0.61672765
0.0,0.041309774
0.0,0.4911231
1.0,0.4901088
0.0,0.00852865
0.0,0.06488073
0.0,0.0498223
1.0,0.5293861
0.0,0.32480264
0.0,0.19416136
1.0,0.9805827
0.0,0.0030308664
1.0,0.9080341
0.0,0.003940344
0.0,0.8723566
1.0,0.8856629
1.0,0.8598752
0.0,0.0026502907
1.0,0.7999703
1.0,0.97238576
0.0,0.5120292
0.0,0.6355382
1.0,0.5864029
0.0,0.02752772
1.0,0.9749041
0.0,0.004968405
0.0,0.027526945
1.0,0.47102875
1.0,0.82184494
0.0,0.010951459
1.0,0.7367375
0.0,0.2149629
0.0,0.018009067
1.0,0.9645444
0.0,0.008354276
0.0,0.034718543
0.0,0.05019012
1.0,0.37889525
0.0,0.010975182
0.0,0.0043103695
1.0,0.6731366
1.0,0.9636241
0.0,0.0036672056
0.0,0.42824182
0.0,0.008400232
1.0,0.058041215
0.0,0.7084827
0.0,0.000874877
0.0,0.0063233674
0.0,0.004603356
0.0,0.003180623
1.0,0.16837952
0.0,0.35836527
0.0,0.000264287
0.0,0.031113684
1.0,0.83922756
1.0,0.9957609
1.0,0.8047142
0.0,0.45273638
0.0,0.0050267875
0.0,0.97739035
1.0,0.98735917
0.0,0.02712524
1.0,0.86113083
0.0,0.0018773377
1.0,0.987936
0.0,0.051879525
1.0,0.90877426
0.0,0.87400496
1.0,0.8442818
0.0,0.0038519502
0.0,0.03721696
1.0,0.4538828
1.0,0.97450095
1.0,0.9586773
0.0,0.1921674
1.0,0.9602591
1.0,0.54139036
1.0,0.038357347
0.0,5.8621168e-05
1.0,0.5658316
0.0,0.0010140836
0.0,0.88312984
1.0,0.7608739
0.0,0.42665696
0.0,0.0050741434
0.0,0.020598382
0.0,0.034859836
0.0,0.45930624
1.0,0.92227244
1.0,0.9309964
0.0,0.8422484
0.0,0.42211372
0.0,0.003585726
1.0,0.98731124
0.0,0.7074321
0.0,0.04084176
0.0,0.0040024817
0.0,0.005813509
0.0,0.0132288635
0.0,0.9320904
1.0,0.95553553
1.0,0.9852617
1.0,0.09809518
0.0,0.12664205
0.0,0.0023019314
0.0,0.0034636855
0.0,0.0028122365
0.0,0.010424972
1.0,0.8989588
0.0,0.010750711
0.0,0.10212937
1.0,0.95813274
0.0,0.007147312
1.0,0.16030842
1.0,0.7387262
0.0,0.30884767
0.0,0.0011332631
0.0,0.01303336
1.0,0.8617531
0.0,0.05884555
0.0,0.0069512427
1.0,0.892573
1.0,0.36751378
0.0,0.004656613
0.0,0.002931565
0.0,0.26034752
0.0,0.0011772215
0.0,0.3269551
1.0,0.50616086
1.0,0.8612648
0.0,0.0072336495
0.0,0.00013124943
0.0,0.48405078
0.0,0.13776296
1.0,0.73372257
0.0,0.043501675
1.0,0.9767196
0.0,0.01360327
1.0,0.9712168
0.0,0.0065644085
1.0,0.9088832
1.0,0.89638793
0.0,0.008133084
0.0,0.13222215
0.0,0.0026146472
0.0,0.058364183
1.0,0.17663205
1.0,0.0064322352
1.0,0.05580914
1.0,0.18300173
1.0,0.5123852
0.0,0.00013926625
1.0,0.75410473
1.0,0.65487325
0.0,0.002415359
0.0,0.007798612
0.0,0.011662036
1.0,0.7518182
1.0,0.9738738
0.0,0.977113
0.0,0.020586878
1.0,0.8422301
0.0,0.002735883
0.0,0.0063802004
1.0,0.96258044
0.0,0.5612905
0.0,0.024335772
1.0,0.23236883
1.0,0.7355672
0.0,0.0012236834
0.0,0.032408386
0.0,0.019733816
1.0,0.9666906
1.0,0.9292773
0.0,0.80590117
0.0,0.38952106
1.0,0.92555004
1.0,0.50055075
0.0,0.0007790327
0.0,0.07276693
0.0,0.044962436
1.0,0.09892371
1.0,0.7136353
0.0,0.0076482
0.0,0.11823174
1.0,0.9401043
0.0,0.0028619468
0.0,0.013342977
0.0,0.15116486
0.0,0.8585577
1.0,0.79300165
0.0,0.65809
0.0,0.009755254
0.0,0.70331264
0.0,0.33520544
0.0,0.015238136
1.0,0.58836424
1.0,0.8201679
0.0,0.14060357
1.0,0.97718775
0.0,0.12830684
1.0,0.9093577
1.0,0.0051525533
1.0,0.8956927
0.0,0.00035130978
0.0,0.55486584
0.0,0.0292539
1.0,0.98673415
0.0,0.0027647614
1.0,0.88771766
0.0,0.21631965
0.0,0.0015867352
1.0,0.11793929
1.0,0.99434197
0.0,0.0003232956
1.0,0.82295126
0.0,0.021879494
1.0,0.8900002
0.0,0.00036484003
1.0,0.79524165
1.0,0.056605935
0.0,0.006768137
0.0,0.013719559
0.0,0.0130550265
0.0,0.0017474592
0.0,0.0047655404
0.0,0.74519247
0.0,0.042069733
0.0,0.00603199
0.0,0.9449597
0.0,0.0026506484
1.0,0.94926804
0.0,0.28590834
0.0,0.37158704
1.0,0.99318826
0.0,0.049791574
1.0,0.99688846
0.0,0.0028047562
1.0,0.95683384
0.0,0.0024526715
0.0,0.034812063
1.0,0.9951969
0.0,0.04046294
0.0,0.0030712187
0.0,0.0038256943
1.0,0.9561585
1.0,0.38349518
0.0,0.005510509
1.0,0.86041784
1.0,0.49746102
1.0,0.9813256
0.0,0.31748486
1.0,0.7463849
1.0,0.86735064
0.0,0.17954707
1.0,0.35680455
1.0,0.6300753
0.0,0.008514017
0.0,0.00037032366
0.0,0.008077443
0.0,0.0025563538
0.0,0.0076025426
0.0,0.0020432472
0.0,0.010400891
0.0,0.00033211708
1.0,0.6607772
0.0,0.21954194
0.0,0.0030567944
0.0,0.027981877
0.0,0.01635024
1.0,0.29929337
0.0,0.00058090687
1.0,0.89545035
0.0,0.37933338
0.0,0.0042835176
1.0,0.8857893
1.0,0.7862989
0.0,0.08596292
0.0,0.04706773
1.0,0.9551452
0.0,0.92296195
0.0,0.012873799
1.0,0.9330986
1.0,0.35092357
1.0,0.73343194
1.0,0.86942625
0.0,0.03845355
0.0,0.0033407807
1.0,0.52053434
0.0,0.002655208
0.0,0.0007710457
1.0,0.9807146
1.0,0.66309357
1.0,0.96691835
0.0,0.00363034
1.0,0.31695506
1.0,0.88015294
1.0,0.91012186
0.0,0.004634261
0.0,0.0021521747
1.0,0.7202574
0.0,0.00613755
0.0,0.6222111
0.0,0.08113849
1.0,0.8986055
0.0,0.0059660375
0.0,0.016983628
0.0,0.011702716
0.0,0.5530564
0.0,0.0053017437
0.0,0.0003876388
0.0,0.781267
1.0,0.9890406
0.0,0.019120932
1.0,0.89784425
0.0,0.0024018288
0.0,0.5650799
0.0,0.8407965
1.0,0.0015748739
0.0,0.80378747
0.0,0.0056079924
0.0,0.0010025203
0.0,0.08593047
0.0,0.053112924
1.0,0.96260726
0.0,0.39289474
1.0,0.938437
0.0,0.062098473
0.0,0.026676089
0.0,0.012584448
0.0,0.6590368
0.0,0.05359274
0.0,0.55843985
0.0,0.035742402
0.0,0.0031107366
1.0,0.8206244
0.0,0.041710287
1.0,0.67556095
1.0,0.40038222
0.0,0.027607411
0.0,0.0051608384
1.0,0.8533912
0.0,0.010525823
1.0,0.52413005
1.0,0.7465464
0.0,0.006474495
1.0,0.54772925
0.0,0.00073099136
1.0,0.9555299
0.0,0.12568429
0.0,0.18873799
1.0,0.868796
0.0,0.95294
0.0,0.0016502738
0.0,0.65084827
1.0,0.70320654
1.0,0.9614577
0.0,0.0004799962
0.0,0.05303535
1.0,0.15719861
0.0,0.7007792
1.0,0.18308783
0.0,0.23592028
1.0,0.096473604
0.0,0.59527284
0.0,0.0039517283
0.0,0.7642285
0.0,0.0029213727
0.0,0.02090019
1.0,0.01261425
0.0,0.6804825
1.0,0.93979764
0.0,0.0005771816
1.0,0.12122676
0.0,0.007263273
0.0,0.0009636581
0.0,0.0031200051
0.0,0.008636594
0.0,0.07206842
0.0,0.1981096
0.0,0.09792811
0.0,0.31914806
1.0,0.8641461
0.0,0.0025346875
0.0,0.054981858
1.0,0.6560916
1.0,0.24563742
0.0,0.008451283
0.0,0.0034595132
1.0,0.6163193
0.0,0.13552228
1.0,0.0072527826
1.0,0.8219614
1.0,0.8863426
1.0,0.5953496
0.0,0.008729249
0.0,0.0024743676
1.0,0.729607
0.0,0.15040737
1.0,0.93660843
1.0,0.71984243
1.0,0.9330779
0.0,0.19561112
0.0,0.0013906658
0.0,0.022129655
0.0,0.021394283
1.0,0.66166735
1.0,0.7016905
0.0,0.100207895
0.0,0.044377506
0.0,0.05690357
0.0,0.014060646
1.0,0.012234896
1.0,0.55795604
1.0,0.93194866
0.0,0.6526703
1.0,0.78553164
1.0,0.18051195
1.0,0.83301055
1.0,0.8260379
0.0,0.59495896
0.0,0.34194666
0.0,0.7268784
0.0,0.0030069351
1.0,0.9594331
1.0,0.97526574
1.0,0.7316681
1.0,0.8847716
0.0,0.009011984
0.0,0.001619041
0.0,0.1768994
0.0,0.2806288
1.0,0.8546785
0.0,0.010817885
0.0,0.0027409494
0.0,0.105635434
0.0,0.0029252768
1.0,0.7364107
1.0,0.8072388
1.0,0.95550025
0.0,0.2006835
0.0,0.252065
1.0,0.61592054
1.0,0.99099624
0.0,0.02627623
1.0,0.9064079
0.0,0.22971362
1.0,0.98661375
1.0,0.97031033
1.0,0.27199733
0.0,0.009112716
0.0,0.09152377
1.0,0.992335
0.0,0.060352385
0.0,0.06412205
1.0,0.98697656
0.0,0.009016991
0.0,0.01710853
0.0,0.024557471
1.0,0.3145603
0.0,0.20723629
0.0,0.101733625
1.0,0.79349196
0.0,0.26573128
0.0,0.019854754
0.0,0.03158006
0.0,0.022767127
1.0,0.7584885
0.0,0.43865478
0.0,0.003392309
0.0,0.0009809136
1.0,0.5324878
0.0,0.009911507
0.0,0.0007493794
1.0,0.27467072
0.0,0.20970237
0.0,0.0052422285
1.0,0.9821309
1.0,0.32409865
0.0,0.0005136132
1.0,0.17322317
1.0,0.18013775
0.0,0.25462177
0.0,0.41166875
1.0,0.20184863
1.0,0.8873576
0.0,0.0022504628
1.0,0.27847213
1.0,0.40592057
1.0,0.40438494
0.0,0.056871623
1.0,0.033411503
0.0,0.0045854747
1.0,0.79716986
0.0,0.00030821562
1.0,0.9245323
0.0,0.54272175
0.0,0.17220283
1.0,0.66065633
0.0,0.03352666
1.0,0.9363673
1.0,0.86377835
1.0,0.94297475
1.0,0.8821016
0.0,0.004887253
1.0,0.012607753
0.0,0.4262502
0.0,0.005193144
0.0,0.0034195483
0.0,0.017042756
1.0,0.9288093
0.0,0.0039713383
0.0,0.08484706
0.0,0.28678185
0.0,0.23844367
1.0,0.96417445
0.0,0.06247735
0.0,0.00017747283
0.0,0.0068020523
0.0,0.08498335
1.0,0.8019438
0.0,0.0030813217
1.0,0.6877055
1.0,0.967654
0.0,0.8322024
0.0,0.006007433
0.0,0.00788337
1.0,0.89184284
0.0,0.015406847
1.0,0.014750004
1.0,0.87568706
1.0,0.98722434
0.0,0.71027845
0.0,0.2720521
0.0,0.0011734962
0.0,0.731859
0.0,0.0039777756
0.0,0.0014640093
0.0,0.48731068
1.0,0.8269042
0.0,0.037139237
1.0,0.94140816
0.0,0.20299888
1.0,0.48969182
1.0,0.91375774
1.0,0.65816325
1.0,0.89902484
0.0,0.6837455
0.0,0.98144567
0.0,0.036296725
1.0,0.5820444
1.0,0.94602567
0.0,0.0031024218
1.0,0.019677252
1.0,0.87055784
1.0,0.8906951
1.0,0.26967937
0.0,0.6814999
0.0,0.07861906
1.0,0.8122852
0.0,0.0044200122
0.0,0.14680523
1.0,0.96912444
0.0,0.0012210011
0.0,0.5334293
0.0,0.35381427
0.0,0.0021077394
0.0,0.025598258
1.0,0.99302614
0.0,0.0043798685
0.0,0.6453003
1.0,0.3551396
0.0,0.02203554
1.0,0.9473515
0.0,0.09897822
0.0,0.0013519526
0.0,0.0014192164
0.0,0.024165839
1.0,0.54231733
0.0,0.029755622
0.0,0.06671986
1.0,0.92566514
1.0,0.8325827
0.0,0.027113348
0.0,0.0028174818
0.0,0.0076637566
1.0,0.43317592
0.0,0.0016964376
1.0,0.97473395
1.0,0.83416396
1.0,0.2566978
1.0,0.76344085
1.0,0.97449917
0.0,0.93475264
1.0,0.8974469
1.0,0.98107755
0.0,0.005883217
0.0,0.0031866431
0.0,0.016204119
1.0,0.83219576
0.0,0.008531839
0.0,0.0044137537
0.0,0.30788684
1.0,0.9530004
0.0,0.046230525
1.0,0.9608346
0.0,0.06479865
0.0,0.53723323
0.0,0.0667814
0.0,0.005812168
0.0,0.034967214
1.0,0.66567785
1.0,0.9133705
0.0,0.0068587065
0.0,0.039123535
1.0,0.8006543
0.0,0.00055754185
1.0,0.98478234
0.0,0.010277897
0.0,0.00921461
0.0,0.0063547194
1.0,0.9511488
1.0,0.7061713
0.0,0.008361489
0.0,0.027657479
1.0,0.69047457
0.0,0.0039126873
0.0,0.0070566237
1.0,0.69237065
1.0,0.99832076
1.0,0.95572555
0.0,0.009956449
1.0,0.88640034
1.0,0.8823204
0.0,0.07659054
0.0,0.0039376616
0.0,0.013808042
0.0,0.018775046
0.0,0.00065279007
0.0,0.087653846
1.0,0.50158787
1.0,0.6155776
0.0,0.025100023
0.0,0.0011981428
0.0,0.38085014
0.0,0.0038478673
1.0,0.9385964
0.0,0.7187676
0.0,0.01593399
0.0,0.67444503
0.0,0.682575
1.0,0.04194662
0.0,0.0010620058
0.0,0.7943153
1.0,0.95534956
0.0,0.016062051
0.0,0.30116445
0.0,0.007304281
0.0,0.0073616803
1.0,0.32446787
1.0,0.9773543
0.0,0.08700171
0.0,0.9641868
0.0,0.0011445284
0.0,0.9083664
0.0,0.96780777
0.0,0.09789017
0.0,0.00021979213
0.0,0.23425543
1.0,0.0070007443
0.0,0.015127659
1.0,0.20130357
0.0,0.6216544
0.0,3.1083822e-05
0.0,0.0057396293
0.0,0.14669442
0.0,0.020780772
0.0,0.0051184893
1.0,0.9290605
0.0,0.0024071038
0.0,0.64913744
0.0,0.010095686
1.0,0.6098438
1.0,0.7859299
0.0,0.0069660246
0.0,0.104537606
0.0,0.002311051
1.0,0.9894268
1.0,0.8140975
1.0,0.96027136
0.0,0.07427788
1.0,0.98776084
0.0,0.046296805
0.0,0.0005208552
0.0,0.0021971464
1.0,9.2595816e-05
0.0,0.0006515682
0.0,0.007966191
1.0,0.9887701
1.0,0.05562669
0.0,0.003408879
1.0,0.9880235
0.0,0.0070132315
1.0,0.79986304
0.0,0.08108845
1.0,0.96428895
0.0,0.9859684
0.0,0.30297047
1.0,0.84000283
0.0,0.0008121133
0.0,0.13522953
0.0,0.0070708394
0.0,0.009051651
0.0,0.038244992
0.0,0.0016742945
1.0,0.6937461
1.0,0.71667945
0.0,0.3446293
0.0,0.0069968104
0.0,0.0020582676
0.0,0.39676628
1.0,0.9639145
0.0,0.00464198
0.0,0.22198838
0.0,0.9651459
0.0,0.07445356
0.0,2.5868416e-05
1.0,0.94764155
1.0,0.8690653
0.0,0.0012545884
0.0,0.0047809184
0.0,0.019273907
0.0,0.007083267
1.0,0.5838158
0.0,0.6476666
0.0,0.017887563
0.0,0.002272904
1.0,0.5919126
0.0,0.0032278597
0.0,0.13377142
1.0,0.9752585
0.0,0.004150033
0.0,0.10052946
1.0,0.8459936
1.0,0.67380756
1.0,0.92628574
0.0,0.00077581406
0.0,0.0009704828
0.0,0.30295643
0.0,0.00087049603
1.0,0.7584204
0.0,0.17060661
1.0,0.3323332
0.0,0.0022906363
0.0,0.0010593534
0.0,0.04070583
1.0,0.98810756
0.0,0.84197795
0.0,0.056310475
0.0,0.15914574
1.0,0.66121346
0.0,0.00221622
0.0,0.018924296
0.0,0.0001116395
1.0,0.013992161
0.0,0.005319059
0.0,0.0030714273
1.0,0.07774681
1.0,0.9885962
0.0,6.219745e-05
1.0,0.9815999
1.0,0.97701573
1.0,0.75997597
1.0,0.8311583
0.0,0.0048079193
1.0,0.3088367
0.0,0.9977382
1.0,0.008569866
0.0,0.013550013
1.0,0.6427858
0.0,0.13368353
1.0,0.010685116
1.0,0.99435264
1.0,0.863371
0.0,0.0027801096
0.0,0.37915236
0.0,0.3876727
0.0,0.009596795
0.0,0.0049906373
0.0,0.018866062
1.0,0.98522556
1.0,0.9868473
1.0,0.34756264
0.0,0.0059482455
0.0,0.0016094744
0.0,0.17056099
0.0,0.07426953
1.0,0.007447481
0.0,0.11015779
0.0,0.030134946
0.0,0.006534934
0.0,0.29178292
1.0,0.96484697
0.0,0.72602284
0.0,0.8895725
0.0,0.16193819
1.0,0.662866
0.0,0.010502607
0.0,0.43384027
1.0,0.5274231
0.0,0.43591675
1.0,0.45271438
0.0,0.02191019
0.0,0.50240797
0.0,0.0033551753
0.0,0.00088089705
0.0,2.2470951e-05
1.0,0.9625032
0.0,0.042533368
0.0,0.02734983
1.0,0.97051764
1.0,0.9399773
0.0,0.090949
1.0,0.0040073395
0.0,0.38957393
0.0,0.02755791
1.0,0.97951555
0.0,0.001677841
0.0,0.31189737
0.0,0.013233542
0.0,0.007606685
1.0,0.9750603
1.0,0.9592314
1.0,0.66842115
1.0,0.97802573
0.0,0.019218504
0.0,0.008794606
0.0,0.13116205
1.0,0.9614285
0.0,0.003231883
0.0,0.008901507
1.0,0.9175838
1.0,0.8884812
1.0,0.8300048
0.0,0.0035339892
0.0,0.37618372
0.0,0.40267283
1.0,0.9553808
1.0,0.94395745
1.0,0.8307539
0.0,0.13863045
0.0,0.0001116395
0.0,0.00014269352
1.0,0.95196974
1.0,0.05170989
0.0,0.38311625
1.0,0.92551565
1.0,0.59743965
1.0,0.9671211
1.0,0.30814916
0.0,0.016270965
0.0,0.009216934
1.0,0.42449576
1.0,0.7632822
0.0,0.043025702
0.0,0.008644521
0.0,0.001490891
0.0,0.004356861
0.0,0.008201987
0.0,0.3666855
0.0,0.007232398
0.0,0.12854183
1.0,0.67145234
1.0,0.90759325
0.0,0.43794513
1.0,0.9758092
0.0,0.00023072958
1.0,0.67575264
0.0,0.104485124
1.0,0.98227
0.0,0.0015464723
0.0,0.002239108
0.0,0.0024633706
0.0,0.33483073
1.0,0.0065268576
1.0,0.90204096
0.0,0.0074070096
0.0,0.107773244
1.0,0.28746015
0.0,0.0057742894
1.0,0.92171
1.0,0.8379218
0.0,0.0020561218
0.0,0.047945052
0.0,0.219082
0.0,0.9844446
0.0,0.5952722
0.0,0.0026603937
0.0,0.48848528
0.0,0.0024556816
1.0,0.9031654
1.0,0.9688852
1.0,0.80970854
1.0,0.922518
0.0,0.0039747655
0.0,0.31481713
1.0,0.6837733
0.0,0.78157127
0.0,0.014627963
0.0,0.23581624
1.0,0.71248084
1.0,0.2178616
0.0,0.004873812
1.0,0.8275231
1.0,0.97927964
0.0,0.00013282895
0.0,0.009460747
1.0,0.9679822
0.0,0.0006991625
0.0,0.8286617
0.0,0.0005156398
0.0,0.0143048465
1.0,0.050938398
0.0,0.0076766014
0.0,0.0022097826
0.0,0.3104943
1.0,0.27875048
0.0,0.0012553334
0.0,0.011613339
1.0,0.90297776
0.0,0.00047841668
0.0,0.15212366
0.0,0.9693877
1.0,0.97956413
1.0,0.28353745
1.0,0.07812151
0.0,0.22704083
0.0,0.8762349
1.0,0.6358438
0.0,0.014852315
0.0,0.0037653744
0.0,0.45428854
0.0,0.01571843
1.0,0.3062849
0.0,0.010547876
0.0,0.7290961
1.0,0.7959527
0.0,0.018763065
0.0,0.010289818
0.0,0.38164797
0.0,0.25875986
1.0,0.49288622
1.0,0.9274906
0.0,0.59734666
1.0,0.6866811
0.0,0.0008548498
0.0,0.01863128
0.0,0.0013166964
1.0,0.4478835
0.0,0.00080657005
0.0,0.0030964315
1.0,0.8459544
1.0,0.7698883
1.0,0.9077106
0.0,0.53225404
1.0,0.84608364
1.0,0.91849804
0.0,1.1533499e-05
0.0,0.8922075
0.0,0.73646474
1.0,0.7431171
0.0,0.011260062
0.0,0.43072265
0.0,0.003405869
0.0,0.005027801
0.0,0.0039770007
0.0,0.010792911
0.0,0.15071884
0.0,0.68267554
0.0,0.6268916
1.0,0.11271745
1.0,0.64734733
1.0,0.5167773
0.0,0.0045651793
1.0,0.97182596
0.0,0.13719031
0.0,0.019616604
1.0,0.9554547
0.0,0.14511722
0.0,0.0031633675
0.0,0.2019347
0.0,0.020391703
0.0,0.41828105
0.0,0.62923235
0.0,0.009339571
1.0,0.8856199
0.0,0.00016188622
0.0,0.0010235906
0.0,0.0025814474
1.0,0.97802186
1.0,0.8666064
0.0,0.4610596
1.0,0.6391742
0.0,0.004302889
1.0,0.060417026
0.0,0.013413608
0.0,0.0030609071
1.0,0.008289278
0.0,0.0004184544
0.0,0.0035825968
1.0,0.7151885
0.0,0.01704809
1.0,0.014772862
0.0,0.66203886
0.0,0.001260221
1.0,0.85570896
0.0,0.0009239614
0.0,0.056569934
0.0,0.829742
0.0,0.0019511878
0.0,0.00043824315
1.0,0.94792324
0.0,0.0046111643
0.0,0.0039985776
0.0,0.007970333
1.0,0.3799782
0.0,0.9722297
0.0,0.018686146
1.0,0.68856746
0.0,0.0023387074
0.0,0.0026090145
0.0,0.037585914
0.0,0.031398863
1.0,0.74498665
0.0,0.0043394566
0.0,0.0001886487
0.0,0.0025888383
0.0,0.0018589199
0.0,0.7498282
1.0,0.97077155
1.0,0.8098711
0.0,0.009790719
1.0,0.85712636
0.0,0.013384432
0.0,0.007610202
0.0,0.020415634
0.0,0.30127275
1.0,0.91422284
0.0,0.01546967
0.0,0.0028496385
0.0,0.65168035
0.0,0.017496347
0.0,0.09932962
0.0,0.00091561675
0.0,0.00095641613
0.0,0.004800886
0.0,0.00023198128
0.0,0.84856564
1.0,0.03183645
0.0,0.004995495
0.0,0.007996857
0.0,0.007765293
1.0,0.9642929
0.0,0.01635158
1.0,0.82807684
0.0,0.019125432
0.0,0.03768894
0.0,0.36200964
1.0,0.9116231
1.0,0.9710507
1.0,0.6920734
1.0,0.53276116
0.0,0.15475762
0.0,0.0034926236
1.0,0.97730243
1.0,0.94918585
0.0,0.0053055882
0.0,0.10345864
0.0,0.9049972
1.0,0.9869078
0.0,0.010150939
0.0,0.003530264
0.0,0.009000421
0.0,0.010068595
1.0,0.22667941
1.0,0.9377696
0.0,1.835823e-05
1.0,0.6118742
0.0,0.009334743
0.0,0.023781896
0.0,0.0016463697
0.0,0.01735577
0.0,0.0024755597
1.0,0.9110036
0.0,0.00014096498
0.0,0.16855729
0.0,0.8385857
0.0,0.0053015947
0.0,0.5491163
1.0,0.96606976
0.0,0.006520927
0.0,0.0018387139
1.0,0.9327675
0.0,0.6166731
0.0,0.0004067719
1.0,0.9846768
1.0,0.66756994
0.0,0.01550445
1.0,0.5909014
0.0,0.15906367
1.0,0.86760235
1.0,0.99831295
0.0,0.0074108243
1.0,0.9076413
0.0,0.04302448
0.0,0.023509264
0.0,0.075926065
0.0,0.2508278
0.0,0.0079422
0.0,0.01029858
0.0,0.48011938
1.0,0.9775066
0.0,0.0135398805
0.0,0.06310102
0.0,0.058210403
0.0,0.8015933
1.0,0.83196276
0.0,0.007480681
0.0,0.1644493
0.0,0.0041886866
0.0,0.008643687
0.0,0.0042662024
0.0,0.9823864
1.0,0.031787783
0.0,0.14679688
1.0,0.6217865
0.0,0.0061115026
1.0,0.15965307
0.0,0.0024823248
0.0,0.009310067
0.0,0.009575963
0.0,0.7605598
0.0,0.20744058
0.0,0.014390528
0.0,0.52124774
0.0,0.0045413077
0.0,0.76469606
0.0,0.86965954
1.0,0.95231616
0.0,0.19781518
0.0,0.0031549037
1.0,0.9928752
0.0,0.008251101
0.0,0.0008370578
0.0,4.634261e-05
1.0,0.7508702
1.0,0.37295985
1.0,0.8671736
1.0,0.9808108
0.0,0.025478274
1.0,0.8095895
0.0,0.017234832
1.0,0.56264275
0.0,0.034847587
0.0,0.94384205
0.0,0.08072865
0.0,0.002326429
0.0,0.04541102
1.0,0.9409342
1.0,0.32210228
0.0,0.9878714
1.0,0.7570966
0.0,0.0039708912
1.0,0.9820543
0.0,0.0016649365
0.0,0.003291726
0.0,0.98061484
0.0,0.37578765
0.0,0.006971419
0.0,0.0013768673
1.0,0.9890645
0.0,0.00022619963
1.0,0.993413
1.0,0.91954184
1.0,0.95896727
0.0,0.00036016107
0.0,0.99052113
0.0,0.012188017
0.0,0.18330184
0.0,0.02176246
1.0,0.7601507
0.0,0.22987992
0.0,0.055090547
0.0,0.030211389
0.0,0.00216344
0.0,0.0023219883
0.0,0.11822161
0.0,0.61764616
0.0,0.002395004
0.0,0.13603216
1.0,0.98067904
0.0,0.14261487
0.0,0.0076679885
0.0,0.0029626787
0.0,0.007662058
1.0,0.80827415
0.0,0.45939612
1.0,0.95665514
0.0,0.5027312
1.0,0.9958209
1.0,0.9237901
0.0,0.0008225739
0.0,0.07398379
0.0,0.008812606
0.0,0.061706424
0.0,0.007635981
0.0,0.41820896
1.0,0.9929702
0.0,0.0009925067
1.0,0.31764764
0.0,0.15562081
0.0,0.0013248026
0.0,0.01490736
1.0,0.9710871
0.0,0.0031729639
1.0,0.9953592
0.0,0.00014072657
0.0,0.0064190626
0.0,0.35409304
0.0,0.51173246
0.0,0.28351092
0.0,0.026925445
1.0,0.75351053
1.0,0.65850466
0.0,0.026372045
0.0,0.0020198822
0.0,0.037166953
1.0,0.8552294
0.0,0.009839624
1.0,0.5655048
0.0,0.12709013
1.0,0.8032664
1.0,0.950747
0.0,0.003181219
0.0,0.01766485
0.0,0.019594371
1.0,0.8894212
0.0,0.6344933
0.0,0.9024557
1.0,0.9744426
1.0,0.75583136
0.0,0.2102364
0.0,0.023532897
1.0,0.96380913
0.0,0.038138032
0.0,0.0022053719
0.0,0.0037855208
1.0,0.8194289
0.0,0.015349776
0.0,0.07054815
1.0,0.9247951
1.0,0.6083832
0.0,0.5152731
0.0,0.004748136
0.0,0.0014342666
1.0,0.850588
1.0,0.9938296
1.0,0.5539125
0.0,0.008051723
0.0,0.015937328
0.0,0.018361181
0.0,4.544854e-05
1.0,0.87812686
0.0,0.0012049675
0.0,0.75665605
0.0,0.02709201
0.0,0.24173105
0.0,0.22564894
0.0,0.0022603273
0.0,0.13518283
0.0,0.00654006
0.0,0.0044531524
1.0,0.2052949
1.0,0.8101082
0.0,0.6586549
0.0,0.50912875
1.0,0.00436303
0.0,0.0022209883
1.0,0.76618624
0.0,0.008993566
0.0,0.009044439
1.0,0.9768356
1.0,0.97317
0.0,0.7385796
0.0,0.16876698
1.0,0.26635587
0.0,0.08437362
0.0,0.28159815
0.0,0.99524474
0.0,0.0031797588
1.0,0.8386299
1.0,0.343593
0.0,0.53894013
0.0,0.00031238794
0.0,0.21313378
1.0,0.9203017
0.0,0.017331153
1.0,0.16815391
0.0,0.028814197
1.0,0.546326
1.0,0.7492207
0.0,0.38088912
1.0,0.111984074
0.0,0.6819749
0.0,0.000867486
1.0,0.9772317
1.0,0.10803017
0.0,0.014336556
0.0,0.11779237
0.0,0.7770853
0.0,0.5202837
1.0,0.9173572
0.0,0.03908679
0.0,0.080564976
0.0,0.0147792995
1.0,0.9410142
0.0,0.0077592134
0.0,0.9275477
1.0,0.9476079
0.0,0.00012034178
0.0,0.8719344
0.0,0.13923305
1.0,0.06474993
0.0,0.04455772
1.0,0.90965176
0.0,0.0071569085
1.0,0.17176694
1.0,0.19192022
1.0,0.9505403
1.0,0.89647394
0.0,0.0004736185
1.0,0.70499325
0.0,0.010866612
1.0,0.9936353
1.0,0.7801391
0.0,0.40108925
1.0,0.7184826
0.0,0.00043797493
1.0,0.38478804
1.0,0.4614729
0.0,0.0060346723
0.0,0.9713824
1.0,0.99611235
1.0,0.03782952
0.0,0.06673288
0.0,0.5336857
0.0,3.1501055e-05
0.0,0.024097145
0.0,0.28391194
1.0,0.8525015
1.0,0.95717824
1.0,0.10135192
1.0,0.5053643
1.0,0.98289514
1.0,0.97889876
0.0,0.25844717
1.0,0.9536904
0.0,0.010126293
0.0,0.021810532
0.0,0.013473898
1.0,0.05600059
1.0,0.23315406
0.0,0.19407818
0.0,0.005071074
0.0,0.84789634
1.0,0.613261
1.0,0.35742345
1.0,0.9072312
0.0,0.0029003024
0.0,0.9791855
0.0,0.093465954
0.0,0.059524596
0.0,0.009082943
0.0,0.0066311657
1.0,0.98094094
1.0,0.8460418
0.0,0.031703204
0.0,0.016426265
0.0,0.6968126
0.0,0.4499397
0.0,0.7495641
0.0,0.17142135
0.0,0.4990737
1.0,0.7927683
0.0,0.007048607
1.0,0.71237534
0.0,0.0038931966
0.0,0.94696176
0.0,0.046551466
0.0,0.95037705
1.0,0.83769083
1.0,0.68663746
1.0,0.8622432
1.0,0.90706396
0.0,0.0012497902
0.0,0.25366652
1.0,0.71336544
1.0,0.6017771
0.0,0.043204576
0.0,0.009550154
0.0,0.028244615
1.0,0.5537767
0.0,0.0016867518
1.0,0.027158827
0.0,0.0023761392
0.0,0.028445661
0.0,0.011823654
0.0,0.00922361
0.0,0.077869266
0.0,0.02619794
0.0,0.10692471
1.0,0.97363794
0.0,0.0033604205
0.0,0.6895161
0.0,0.0072795153
1.0,0.46820128
0.0,0.011418551
1.0,0.98643625
0.0,0.0050705373
0.0,0.012154222
0.0,0.0003966689
0.0,0.25840884
0.0,0.0025362372
0.0,0.0027056932
1.0,0.93265545
0.0,0.20315224
1.0,0.4863071
1.0,0.98150814
0.0,0.0062868893
0.0,0.039729863
1.0,0.8346962
1.0,0.99257624
0.0,0.33065677
0.0,0.31050095
0.0,0.011931062
0.0,0.013406217
0.0,0.0021654367
1.0,0.77749276
0.0,0.0155752
1.0,0.73182803
1.0,0.50296813
0.0,0.96635926
0.0,0.22837529
0.0,0.0019026995
0.0,0.0018273592
0.0,0.49890715
0.0,0.00093722343
0.0,0.021383733
0.0,0.80950385
1.0,0.588888
1.0,0.7883861
0.0,0.08348921
0.0,0.0039773583
0.0,0.39817524
1.0,0.76139134
0.0,0.0021704733
0.0,0.0089788735
1.0,0.28543657
1.0,0.964449
0.0,0.111976326
0.0,0.03047964
0.0,0.006252706
1.0,0.9944795
0.0,0.03247106
1.0,0.97014594
1.0,0.32863325
0.0,0.008484274
0.0,0.037628263
0.0,0.009281814
1.0,0.7024273
0.0,0.05932477
1.0,0.6358808
0.0,0.0033898354
1.0,0.7338816
0.0,0.09291276
0.0,0.01332438
0.0,0.0002169311
1.0,0.99177015
0.0,0.84367335
1.0,0.9810235
1.0,0.38095123
0.0,0.0015421808
1.0,0.09168923
0.0,0.04608673
1.0,0.15311769
0.0,0.00013530254
1.0,0.84365
0.0,0.0012830496
1.0,0.64320725
1.0,0.9323337
1.0,0.9921675
0.0,0.0044339
1.0,0.95529175
1.0,0.1924307
0.0,0.0018920302
1.0,0.69915843
1.0,0.70807654
1.0,0.07106462
0.0,0.08916414
0.0,0.014431919
0.0,0.96807754
0.0,0.0741132
