0.0,0.69265777
0.0,0.83572197
1.0,0.41371635
0.0,0.014617264
1.0,0.21925202
0.0,0.024518609
1.0,0.9406595
1.0,0.8750447
1.0,0.5743126
0.0,0.010306656
0.0,0.31313938
1.0,0.9093051
0.0,0.0051468313
0.0,0.40067494
0.0,0.0066761076
0.0,0.0009161234
1.0,0.71663517
0.0,0.008289546
0.0,0.002015531
1.0,0.3464333
1.0,0.36504644
0.0,0.0003246367
1.0,0.9968408
0.0,0.06178549
0.0,0.002984494
1.0,0.658363
0.0,0.10911226
1.0,0.9572352
0.0,0.013490021
1.0,0.9558456
0.0,0.0069286823
0.0,0.30034605
1.0,0.9603714
1.0,0.99910307
1.0,0.7731097
1.0,0.97244114
1.0,0.9223467
0.0,0.011110604
1.0,0.9909645
1.0,0.012013495
1.0,0.9897193
1.0,0.9967263
0.0,0.0044744313
1.0,0.76466054
1.0,0.89544165
0.0,0.024813265
0.0,0.0020035505
0.0,0.06699997
0.0,0.0035925806
1.0,0.9881773
0.0,0.15136412
1.0,0.8077557
1.0,0.99571586
1.0,0.38840732
0.0,0.007931292
0.0,0.0067305267
0.0,0.058892906
1.0,0.029240668
1.0,0.96131265
1.0,0.4133863
1.0,0.9960903
0.0,0.37674427
1.0,0.9974214
1.0,0.8995999
1.0,0.9819978
0.0,0.19969818
0.0,0.087439746
1.0,0.9829297
0.0,0.017421544
1.0,0.88105404
0.0,0.5551872
1.0,0.92955804
0.0,0.0028046072
0.0,0.12794909
1.0,0.7879349
0.0,0.19378126
0.0,0.005275011
0.0,0.19919747
0.0,0.0010169744
1.0,0.982911
0.0,0.014213055
1.0,0.9830079
1.0,0.9775102
1.0,0.9997659
1.0,0.9940942
1.0,0.9407867
1.0,0.9953205
0.0,0.050008893
0.0,0.019778132
1.0,0.8070909
0.0,0.00701499
1.0,0.18499961
0.0,0.0020089447
0.0,0.8391274
0.0,0.20419672
1.0,0.9856627
0.0,0.0539892
0.0,0.02020058
1.0,0.73328006
1.0,0.99793446
0.0,0.0036316216
0.0,0.029565185
1.0,0.025158793
0.0,0.38290748
0.0,0.06495136
1.0,0.92316055
1.0,0.0063556135
0.0,0.017755836
1.0,0.004463196
1.0,0.9946334
1.0,0.95224726
0.0,0.075044334
1.0,0.0078074336
0.0,0.03771192
0.0,0.009085745
1.0,0.593516
0.0,0.011729091
1.0,0.86229265
1.0,0.7167366
1.0,0.9985172
0.0,0.37687388
1.0,0.98352873
0.0,0.9903329
0.0,0.00746423
0.0,0.21978858
1.0,0.29211628
0.0,0.0026585758
0.0,0.08407408
1.0,0.98105717
1.0,0.9352648
1.0,0.9842107
0.0,0.082015604
0.0,0.0057148635
1.0,0.9209303
1.0,0.99886024
0.0,0.795267
0.0,0.021508157
0.0,0.0061453283
0.0,0.030124664
0.0,0.03312236
1.0,0.34506738
0.0,0.20732313
1.0,0.11636582
0.0,0.0042289793
0.0,0.01898697
0.0,0.00029957294
1.0,0.8063648
0.0,0.027882427
0.0,0.0076449513
0.0,0.011679769
0.0,0.05963251
0.0,0.0046602786
0.0,0.002937913
0.0,0.9772328
0.0,0.3070163
1.0,0.9930705
0.0,0.001689136
0.0,0.0059445202
1.0,0.99913526
0.0,0.007473737
0.0,0.670254
0.0,0.094600976
0.0,0.004816085
0.0,0.1977301
1.0,0.998568
0.0,0.09969318
1.0,0.94419295
0.0,0.11663926
0.0,0.0050579906
1.0,0.9658457
0.0,0.9467062
0.0,0.98850805
0.0,0.9813179
0.0,0.0031495988
1.0,0.4531675
1.0,0.9604774
0.0,0.08383396
1.0,0.29569462
0.0,0.5410018
1.0,0.9938735
1.0,0.9612376
1.0,0.8559623
1.0,0.98649514
1.0,0.98959637
0.0,0.6925564
0.0,0.0011541545
0.0,0.012775809
0.0,0.99018896
0.0,0.13123232
0.0,0.031069994
1.0,0.12793031
0.0,0.0025715828
0.0,0.9603541
1.0,0.9803934
1.0,0.85476863
1.0,0.9761577
0.0,0.01073131
0.0,0.062074363
0.0,0.0075753033
1.0,0.019298136
0.0,0.47688654
0.0,0.36959934
0.0,0.54048645
0.0,0.23225081
0.0,0.09079659
1.0,0.08157256
0.0,0.0041321516
1.0,0.08599684
0.0,0.001750052
0.0,0.09219724
0.0,0.004832059
1.0,0.98521364
0.0,0.044681966
0.0,0.085173756
0.0,0.0029449165
0.0,0.0012840033
0.0,0.8963405
0.0,0.05397159
1.0,0.99892974
0.0,0.0026106238
0.0,0.0019203424
1.0,0.82641435
1.0,0.99591905
0.0,0.3102197
0.0,0.007119119
0.0,0.0029563308
0.0,0.29615968
0.0,0.021721005
0.0,0.08043757
1.0,0.99792916
0.0,0.060208052
1.0,0.68456554
0.0,0.0043173432
1.0,0.9327161
1.0,0.5116404
0.0,0.0073984265
0.0,0.10397482
0.0,0.011701077
1.0,0.9872763
1.0,0.85435605
1.0,0.97564554
1.0,0.33507222
0.0,0.005587697
0.0,0.66366017
1.0,0.99452746
0.0,0.77967906
0.0,0.007828385
0.0,0.005726695
0.0,0.63769895
0.0,0.059243053
0.0,0.0047878325
0.0,0.14775008
1.0,0.9453252
0.0,0.0069699287
0.0,0.58255625
0.0,0.0021507442
1.0,0.8870532
1.0,0.98892605
0.0,0.06679866
0.0,0.04001215
0.0,0.008978128
1.0,0.99779093
0.0,0.0019336939
0.0,0.0015218854
0.0,0.0199503
0.0,0.005412668
1.0,0.99788946
1.0,0.94910437
1.0,0.99897915
0.0,0.0058517456
1.0,0.94736004
0.0,0.010014683
0.0,0.008825272
0.0,0.15421039
1.0,0.9359342
1.0,0.9369762
0.0,0.0017350614
0.0,0.009038508
1.0,0.9798765
1.0,0.40957215
0.0,0.02364564
1.0,0.39733186
1.0,0.9994358
0.0,0.86551416
0.0,0.1730654
0.0,0.036934137
0.0,0.008515596
0.0,0.7680282
0.0,0.018181175
1.0,0.99867785
0.0,0.003493607
0.0,0.010212421
1.0,0.9995638
0.0,0.010088891
1.0,0.97267616
1.0,0.031187981
1.0,0.920401
1.0,0.9173173
1.0,0.9490211
0.0,0.045499057
1.0,0.97052765
0.0,0.7325535
1.0,0.9985179
0.0,0.5380424
0.0,0.7296942
0.0,0.027151495
0.0,0.09414518
0.0,0.45213604
1.0,0.9973788
0.0,0.9734403
1.0,0.8112838
0.0,0.7864846
1.0,0.8281092
1.0,0.9958401
0.0,0.010545641
0.0,0.0025439858
0.0,0.006203145
1.0,0.9728621
1.0,0.048042744
0.0,0.0015675724
0.0,0.0019495785
0.0,0.005118072
0.0,0.019326001
1.0,0.9291611
1.0,0.9167448
0.0,0.015126646
0.0,0.18060887
1.0,0.9514437
1.0,0.98384154
1.0,0.93359745
0.0,0.02072391
0.0,0.8976196
0.0,0.0021841228
0.0,0.92404234
1.0,0.9892813
1.0,0.868358
0.0,0.05183041
0.0,0.0248591
0.0,0.0036990047
0.0,0.55609316
0.0,0.0016469061
0.0,0.11845186
1.0,0.19512123
0.0,0.05791849
0.0,0.01088506
0.0,0.014876485
0.0,0.8857349
0.0,0.7932856
0.0,0.018852174
0.0,0.0022423863
1.0,0.32661757
0.0,0.026405305
1.0,0.85560733
0.0,0.0025617182
0.0,0.084261835
0.0,0.10674018
0.0,0.0016415715
0.0,0.96183574
1.0,0.60557556
1.0,0.9479314
0.0,0.6047271
1.0,0.62186
0.0,0.0043102503
0.0,0.36807042
0.0,0.15399551
0.0,0.89657366
0.0,0.0061585307
0.0,0.00011226535
1.0,0.3569998
0.0,0.0009191334
1.0,0.98588514
0.0,0.01681602
1.0,0.7225692
0.0,0.13045257
1.0,0.015618265
1.0,0.98631597
1.0,0.9733237
0.0,0.0036403239
0.0,0.0078160465
1.0,0.97854996
0.0,0.017795414
0.0,0.014412761
1.0,0.0085475445
1.0,0.9928862
0.0,0.22190207
1.0,0.98183185
1.0,0.9979871
0.0,0.5694033
0.0,0.012107074
0.0,0.2793535
0.0,0.025565684
0.0,0.0025967956
0.0,0.11094692
1.0,0.99915516
0.0,0.34072107
1.0,0.65254915
1.0,0.38268304
0.0,0.009606838
0.0,0.070390016
0.0,0.85750365
1.0,0.975141
1.0,0.9821192
1.0,0.49802837
0.0,0.02858904
1.0,0.993142
1.0,0.8155069
0.0,0.00080165267
0.0,0.22356516
0.0,0.979916
0.0,0.81583184
1.0,0.9871868
0.0,0.01944673
1.0,0.30376595
0.0,0.8659003
0.0,0.026483655
0.0,0.03969717
0.0,0.015948653
0.0,0.005785316
0.0,0.03134209
0.0,0.0077751577
0.0,0.020804584
0.0,0.018820316
0.0,0.40680888
0.0,0.02831766
0.0,0.00406304
0.0,0.6142614
0.0,0.0065882504
1.0,0.9361712
0.0,0.42101416
1.0,0.9837183
0.0,0.011906683
0.0,0.013035148
0.0,0.0070716143
0.0,0.7151535
0.0,0.5910986
0.0,0.09539375
0.0,0.17565036
0.0,0.0017776787
0.0,0.002957046
0.0,0.019627392
0.0,0.86764544
1.0,0.8324859
0.0,0.010408014
0.0,0.0036179125
0.0,0.9164408
0.0,0.028471112
1.0,0.5769364
0.0,0.8040903
1.0,0.80320424
0.0,0.005512327
0.0,0.019996166
1.0,0.9973787
0.0,0.91995025
1.0,0.8669648
1.0,0.9472469
1.0,0.97785354
1.0,0.99299717
0.0,0.005376637
1.0,0.8289973
0.0,0.0033962727
0.0,0.005608648
0.0,0.70624995
1.0,0.999522
0.0,0.015860707
0.0,0.0044898093
1.0,0.46980336
1.0,0.99995625
0.0,0.23958972
0.0,0.003895104
1.0,0.6940327
0.0,0.0056732595
1.0,0.38130757
0.0,0.82933795
0.0,0.059203833
1.0,0.9207195
0.0,0.90865743
0.0,0.0016437173
1.0,0.17733845
0.0,0.00410226
1.0,0.9995069
0.0,0.0031375885
1.0,0.63358384
1.0,0.54796624
1.0,0.65171814
1.0,0.9994018
0.0,0.46096602
0.0,0.034546047
1.0,0.9804308
0.0,0.003094703
0.0,0.44759846
1.0,0.8327239
1.0,0.61334795
1.0,0.9857609
0.0,0.0106785
1.0,0.99430823
1.0,0.98219407
0.0,0.1326724
1.0,0.9955277
0.0,0.7971566
1.0,0.6620916
1.0,0.92652524
0.0,0.80007076
0.0,0.6177729
1.0,0.109749496
0.0,0.66783583
1.0,0.99659824
0.0,0.8421282
0.0,0.008137554
0.0,0.9626734
1.0,0.99866265
0.0,0.0003297627
0.0,0.0033709407
0.0,0.9123913
1.0,0.6549863
0.0,0.03149593
0.0,0.0057206154
0.0,0.056036115
0.0,0.764504
1.0,0.97700304
1.0,0.99209875
0.0,0.03872335
0.0,0.86249626
0.0,0.15820539
0.0,0.09879118
0.0,0.0059725344
1.0,0.9125985
0.0,0.014538974
1.0,0.96324944
0.0,0.2235904
0.0,0.43364605
1.0,0.9219481
0.0,0.008579224
0.0,0.07336512
0.0,0.003197074
0.0,0.010015309
0.0,0.035480678
0.0,0.0043574274
0.0,0.008444279
0.0,0.049293607
1.0,0.9379874
1.0,0.99207604
0.0,0.00039333105
0.0,0.031461984
1.0,0.99747276
0.0,0.0037998855
1.0,0.96416426
0.0,0.26153016
0.0,0.00019866228
1.0,0.94754815
0.0,0.12616792
1.0,0.8613795
0.0,0.6774191
1.0,0.11497992
0.0,0.0058194697
0.0,0.024255663
0.0,0.5380749
1.0,0.9982066
0.0,0.00096422434
0.0,0.0875251
0.0,0.0073873103
0.0,0.96121395
1.0,0.653405
0.0,0.0052924454
0.0,0.0021500885
1.0,0.9960269
1.0,0.040272385
0.0,0.16108921
1.0,0.9029304
0.0,0.017422557
0.0,0.72841763
1.0,0.9451443
1.0,0.9981587
0.0,0.07912794
1.0,0.9544982
1.0,0.99871016
0.0,0.0080807805
0.0,0.049039513
0.0,0.032664597
1.0,0.015257478
0.0,0.0008701086
0.0,0.006561041
0.0,0.012569219
1.0,0.99757755
1.0,0.86166596
0.0,0.017160147
1.0,0.5567253
1.0,0.004568547
0.0,0.07932377
1.0,0.9478917
0.0,0.035684854
1.0,0.9887653
0.0,0.033055782
1.0,0.9577816
0.0,0.006620556
0.0,0.010178357
1.0,0.78281057
0.0,0.0045681894
1.0,0.97533154
0.0,0.03940928
0.0,0.015321821
0.0,0.0029141307
1.0,0.7426754
0.0,0.42573887
1.0,0.61217046
0.0,0.011101872
1.0,0.9031774
1.0,0.8168187
0.0,0.0011731684
1.0,0.996336
1.0,0.98033816
1.0,0.8039805
1.0,0.22480497
0.0,0.016995788
0.0,0.0021793544
0.0,0.6653981
1.0,0.968662
1.0,0.6686692
0.0,0.0051276684
0.0,0.011196762
0.0,0.21195447
1.0,0.99348736
0.0,0.33498237
1.0,0.04874879
1.0,0.9971513
0.0,0.021710664
0.0,0.009422064
1.0,0.97487587
0.0,0.908328
1.0,0.9871199
0.0,0.56568974
0.0,0.024626791
0.0,0.0040688515
1.0,0.13242391
0.0,0.12947983
1.0,0.9985948
0.0,0.049157113
1.0,0.7344091
0.0,0.69441795
0.0,0.09416813
1.0,0.014663279
1.0,0.6424514
1.0,0.96022165
1.0,0.9324732
0.0,0.021898568
0.0,0.025130033
0.0,0.8852185
0.0,0.0015870929
1.0,0.9947608
1.0,0.2679857
0.0,0.0016751289
0.0,0.00870353
0.0,0.007710725
1.0,0.5128818
0.0,0.006137997
0.0,0.020445943
0.0,0.02790144
0.0,0.2292966
0.0,0.1667344
0.0,0.70151055
1.0,0.8332145
0.0,0.85697436
1.0,0.12752083
0.0,0.02485907
0.0,0.73789626
1.0,0.13815048
1.0,0.978008
1.0,0.9851502
0.0,0.026165992
0.0,0.033637792
1.0,0.50382805
0.0,0.0021291077
0.0,0.0051356256
0.0,0.040528715
1.0,0.9789852
0.0,0.012151927
0.0,0.01586324
1.0,0.9995444
0.0,0.038762182
1.0,0.9940269
1.0,0.84573007
1.0,0.9951569
0.0,0.006556034
1.0,0.98882353
1.0,0.9314066
0.0,0.067016184
1.0,0.45980424
0.0,0.03128013
0.0,0.58005995
0.0,0.11430213
0.0,0.0036086738
1.0,0.79992914
1.0,0.8326341
1.0,0.99973464
1.0,0.9754552
1.0,0.9969098
0.0,0.9310186
0.0,0.9891846
1.0,0.99575424
0.0,0.01075232
1.0,0.760867
1.0,0.99888986
0.0,0.06831545
1.0,0.5108631
1.0,0.52095294
0.0,0.0043804944
0.0,0.011058927
0.0,0.002804637
0.0,0.005904913
1.0,0.7835786
1.0,0.96188605
0.0,0.004764378
0.0,0.007337302
1.0,0.0053029656
1.0,0.83943343
1.0,0.11186859
0.0,0.017283559
1.0,0.82250357
1.0,0.6892026
0.0,0.0132082105
0.0,0.3136059
1.0,0.8987472
1.0,0.99849075
0.0,0.55672383
1.0,0.9707434
0.0,0.029749036
0.0,0.31053758
1.0,0.98734003
0.0,0.6564889
1.0,0.99666804
0.0,0.83464754
0.0,0.114616245
0.0,0.15672398
1.0,0.9693064
1.0,0.49537066
0.0,0.014517009
0.0,0.0059753954
1.0,0.9484007
0.0,0.008646965
1.0,0.9656415
1.0,0.94559574
1.0,0.95024955
0.0,0.115344524
0.0,0.83838344
0.0,0.7438375
0.0,0.009302527
0.0,0.0017814934
1.0,0.9991334
0.0,0.9408206
0.0,0.0073232353
1.0,0.9552142
0.0,0.0069058537
1.0,0.028832465
1.0,0.7034985
0.0,0.030935496
0.0,0.35079837
0.0,0.94592077
0.0,0.0023153424
0.0,0.00013947487
0.0,0.0036515594
0.0,0.002788484
0.0,0.98649585
1.0,0.4204145
1.0,0.9528823
0.0,0.7419703
0.0,0.81993675
0.0,0.044436067
0.0,0.009250164
0.0,0.009658843
1.0,0.040450662
0.0,0.005088955
0.0,5.6296587e-05
1.0,0.9992179
1.0,0.10509512
0.0,0.004674822
0.0,0.9706721
0.0,0.0005348325
0.0,0.016405523
0.0,0.0017673373
0.0,0.035465926
1.0,0.9578402
1.0,0.7906625
1.0,0.98868203
0.0,0.0044676363
1.0,0.58233136
1.0,0.9733363
0.0,0.19143838
0.0,0.002519071
1.0,0.8207327
1.0,0.4344321
1.0,0.9607086
1.0,0.98908335
1.0,0.87238824
0.0,0.16992998
0.0,0.20969015
1.0,0.37530413
0.0,0.0020359755
1.0,0.98992896
0.0,0.003621459
1.0,0.7378845
0.0,0.0077121556
0.0,0.4894662
0.0,0.011489898
0.0,0.037305743
0.0,0.7732496
0.0,0.0010991096
0.0,0.0010020137
0.0,0.024991244
0.0,0.98937404
0.0,0.0035820901
0.0,0.00062701106
1.0,0.99194753
1.0,0.76001704
1.0,0.9935211
0.0,0.9850388
0.0,0.45261917
0.0,0.91982794
0.0,0.063797325
1.0,0.99580634
1.0,0.05221623
1.0,0.93762624
1.0,0.9873326
0.0,0.8584846
0.0,0.0023160279
0.0,0.006918192
1.0,0.7176435
0.0,0.0019233823
1.0,0.0028960109
1.0,0.9748726
0.0,0.27688003
0.0,0.0008120537
0.0,0.0069397986
0.0,0.44363576
1.0,0.9860627
1.0,0.91306305
0.0,0.038216084
1.0,0.98704964
1.0,0.5563196
0.0,0.5407996
0.0,0.01829189
1.0,0.8342391
0.0,0.0022659004
0.0,0.29632807
0.0,0.0066631436
0.0,0.36657345
0.0,0.0060620904
1.0,0.7635031
0.0,0.07154006
0.0,0.7538159
1.0,0.9958559
1.0,0.87780595
0.0,0.50187147
0.0,0.830629
1.0,0.67099065
0.0,0.03902197
0.0,0.00081801414
1.0,0.7964319
0.0,0.14090541
0.0,0.009474069
0.0,0.05441311
1.0,0.99202305
0.0,0.16065848
1.0,0.94042385
1.0,0.96865433
1.0,0.9995257
0.0,0.0037087202
1.0,0.8919796
0.0,0.006120324
1.0,0.981583
0.0,0.40332913
1.0,0.98990095
0.0,0.026383609
0.0,0.009090006
1.0,0.9922049
0.0,0.0039263368
0.0,0.0051713586
1.0,0.74627113
1.0,0.941996
1.0,0.104153514
1.0,0.71249175
1.0,0.9051324
1.0,0.97169375
1.0,0.8901228
0.0,0.0044887364
1.0,0.29214424
1.0,0.99239826
0.0,0.20558807
0.0,0.0036354363
0.0,0.0005299151
1.0,0.90104777
0.0,0.006571114
0.0,0.046096623
0.0,0.4101554
1.0,0.9849154
0.0,0.008567959
0.0,0.43354475
1.0,0.82964116
1.0,0.98949325
1.0,0.9611628
1.0,0.038917094
0.0,0.9974047
0.0,0.04466343
0.0,0.023850352
0.0,0.01811099
0.0,0.0021350682
0.0,0.06787175
0.0,0.010719717
1.0,0.05161804
1.0,0.992252
0.0,0.013844311
1.0,0.7071644
0.0,0.0047444105
0.0,0.0072117746
1.0,0.9703064
0.0,0.0047371387
0.0,0.9618523
0.0,0.006559372
0.0,0.6486953
0.0,0.00726074
0.0,0.0071306527
0.0,0.9726894
1.0,0.8488425
0.0,0.09916514
0.0,0.50504136
1.0,0.9591378
0.0,0.009792358
1.0,0.7881732
0.0,0.0064255893
0.0,0.0044859946
0.0,0.040832788
0.0,0.25542146
0.0,0.004178256
0.0,0.0034383833
0.0,0.058075547
0.0,0.04018444
0.0,0.86913234
1.0,0.72117096
0.0,0.04737699
1.0,0.9608537
0.0,0.823601
1.0,0.15079772
0.0,0.124895275
0.0,0.005524695
0.0,0.06772974
1.0,0.98687065
1.0,0.05861765
1.0,0.3301795
0.0,0.015800238
0.0,0.4662394
1.0,0.80762684
0.0,0.03837791
0.0,0.010239422
1.0,0.8304429
0.0,0.016469717
1.0,0.9926336
1.0,0.79760134
0.0,0.0075443983
1.0,0.6790408
0.0,0.17373934
1.0,0.81286013
0.0,0.2635939
1.0,0.9991436
0.0,0.0008687675
0.0,0.97262585
0.0,0.015891165
0.0,0.038571477
0.0,0.0024145246
0.0,0.089620024
0.0,0.0036827624
1.0,0.99489284
0.0,0.00782305
0.0,0.0012893677
0.0,0.00049462914
0.0,0.3857212
0.0,0.2131559
1.0,0.74476457
0.0,0.60887134
0.0,0.020274341
1.0,0.56272846
0.0,0.15164334
1.0,0.93518245
0.0,0.94987404
1.0,0.4100064
1.0,0.9899757
0.0,0.0008074641
1.0,0.99938214
0.0,0.2607084
0.0,0.008705527
0.0,0.014630616
0.0,0.057855308
1.0,0.589601
1.0,0.9987941
0.0,0.023867577
0.0,0.028382152
1.0,0.9982679
0.0,0.10231838
1.0,0.970241
1.0,0.04129821
1.0,0.9126034
0.0,0.017792046
1.0,0.88849556
0.0,0.045327455
1.0,0.97806185
1.0,0.039661497
0.0,0.15448558
0.0,0.4915875
0.0,0.008695066
0.0,0.28578547
1.0,0.74177444
1.0,0.8584359
1.0,0.9975531
0.0,0.0099262
0.0,0.0020634234
1.0,0.9929363
0.0,0.87434256
0.0,0.00019612908
0.0,0.07217765
1.0,0.8480242
0.0,0.18955237
0.0,0.008052111
0.0,0.120927095
0.0,0.20215893
1.0,0.93585557
1.0,0.9985844
0.0,0.16550648
0.0,0.02050531
0.0,0.014505982
1.0,0.9991282
0.0,0.014274716
0.0,0.77349305
1.0,0.91856897
0.0,0.0025244057
0.0,0.8716296
1.0,0.9818406
0.0,0.008777022
1.0,0.37107503
1.0,0.23963714
0.0,0.008624762
0.0,0.015746683
0.0,0.0036397874
0.0,0.0036868453
1.0,0.9885325
1.0,0.9992843
1.0,0.9980594
1.0,0.4678973
0.0,0.93976253
0.0,0.11454755
1.0,0.85842586
1.0,0.9963062
0.0,0.45589286
0.0,0.022640496
1.0,0.672248
0.0,0.0025160015
1.0,0.90643066
0.0,0.0027581453
0.0,0.28426856
1.0,0.98337793
0.0,0.040031284
0.0,0.00296399
0.0,0.016751349
0.0,0.059578836
0.0,0.1574547
1.0,0.4893766
0.0,0.020155549
1.0,0.9985135
0.0,0.13253498
1.0,0.96849936
0.0,0.067231685
1.0,0.9005007
1.0,0.992576
1.0,0.9997319
0.0,0.80143833
0.0,0.0032887757
1.0,0.38360554
0.0,0.08792004
0.0,0.08192861
1.0,0.96085596
1.0,0.751395
0.0,0.04066971
1.0,0.98454195
1.0,0.9874481
0.0,0.9364253
0.0,0.0046010315
0.0,0.8034233
0.0,0.0046654046
0.0,0.0036806464
0.0,0.9597113
1.0,0.99603534
1.0,0.9934519
1.0,0.9622279
0.0,0.00021481514
0.0,0.0013484061
0.0,0.0064246356
0.0,0.008338094
0.0,0.045705736
0.0,0.008336574
1.0,0.95369726
1.0,0.98720837
1.0,0.7517165
0.0,0.09684941
0.0,0.0025289059
1.0,0.50204104
0.0,0.4080948
0.0,0.62787354
1.0,0.9261912
0.0,0.7737384
0.0,0.9450785
1.0,0.6832917
0.0,0.024915904
1.0,0.4490972
1.0,0.6217151
0.0,0.99276376
0.0,0.014534265
1.0,0.99963725
0.0,0.0013733208
0.0,0.3795891
1.0,0.8293346
1.0,0.93931186
1.0,0.80874586
1.0,0.9477191
0.0,0.9454489
0.0,0.019897878
0.0,0.0046652257
1.0,0.7888788
0.0,0.9977846
1.0,0.92246974
0.0,0.71053004
1.0,0.99318874
1.0,0.93750924
0.0,0.3472019
0.0,0.014481872
0.0,0.00029581785
0.0,0.14166921
0.0,0.05563411
0.0,0.008482397
1.0,0.44528294
1.0,0.32307547
0.0,0.76929045
1.0,0.9841621
1.0,0.3525331
0.0,0.00016975403
0.0,0.18312252
1.0,0.8626995
1.0,0.23782542
0.0,0.009767562
0.0,0.076153904
0.0,0.005405903
0.0,0.058389217
1.0,0.8978644
1.0,0.96412987
0.0,0.048671514
0.0,0.0011905134
0.0,0.02322781
0.0,0.0486643
0.0,0.0038508475
0.0,0.008173764
0.0,0.9551801
0.0,0.21425298
0.0,0.00946641
0.0,0.04550132
0.0,0.03267163
1.0,0.9936342
1.0,0.9829651
0.0,0.00028774142
0.0,0.022657335
0.0,0.00018781424
0.0,0.0037169456
0.0,0.18346673
0.0,0.21475744
0.0,0.006655991
0.0,0.79892075
1.0,0.79452586
1.0,0.99853945
1.0,0.94516665
1.0,0.9679231
1.0,0.9979743
0.0,0.02292782
0.0,0.060578406
0.0,0.011709392
0.0,0.1104908
1.0,0.47458518
0.0,0.008271068
1.0,0.66673017
0.0,0.030064821
0.0,0.8844749
0.0,0.96340394
0.0,0.030124396
0.0,0.019480586
0.0,0.40526903
0.0,0.037590414
0.0,0.0048267245
1.0,0.8378469
1.0,0.8245119
0.0,0.0608795
0.0,0.23776633
0.0,0.0039307475
0.0,0.0076845586
1.0,0.97653896
0.0,0.003986627
1.0,0.105133146
0.0,0.061571687
1.0,0.48621902
0.0,0.0023293197
0.0,0.026654452
1.0,0.9302547
0.0,0.00016990304
1.0,0.923004
0.0,0.021253169
0.0,0.51553583
0.0,0.20858765
0.0,0.00067204237
0.0,0.0028474927
1.0,0.9931629
1.0,0.99708986
0.0,0.7950165
0.0,0.021065831
0.0,0.006092876
0.0,0.4683771
1.0,0.9726617
0.0,0.82325685
1.0,0.3464905
1.0,0.92493993
0.0,0.72240126
0.0,0.014609009
0.0,0.04797423
0.0,0.09114954
0.0,0.0671266
0.0,0.05506465
0.0,0.034743696
0.0,0.5041899
0.0,0.2709605
1.0,0.25967813
0.0,0.99758935
0.0,0.002130568
1.0,0.84194386
0.0,0.051743567
0.0,0.025684744
0.0,0.0026821792
0.0,0.008037686
1.0,0.044334203
1.0,0.9866618
1.0,0.93478185
0.0,0.0075808167
0.0,0.0054980516
0.0,0.01581657
0.0,0.9123516
0.0,0.24945536
0.0,0.7186606
1.0,0.9992331
1.0,0.99647164
1.0,0.983889
0.0,0.038327605
1.0,0.998379
1.0,0.66440195
0.0,0.012320161
1.0,0.9402821
0.0,0.014618367
0.0,0.009422153
0.0,0.7874397
1.0,0.9975749
1.0,0.9439136
1.0,0.7526901
0.0,0.96238375
0.0,0.4225977
0.0,0.0034910142
1.0,0.9753988
1.0,0.9977411
1.0,0.9963894
1.0,0.8900831
0.0,0.025243491
0.0,0.010544151
0.0,0.015330195
0.0,0.6599656
1.0,0.99184597
0.0,0.0058199465
0.0,0.04987383
0.0,0.25167894
1.0,0.4663574
0.0,0.13149229
0.0,0.11720425
0.0,0.08135095
0.0,0.91300535
0.0,0.085496366
0.0,0.097330034
0.0,0.0048045814
0.0,0.080444545
0.0,0.0065788627
1.0,0.99516
1.0,0.6047907
0.0,0.5278941
0.0,0.99933344
0.0,0.04211399
1.0,0.98460984
0.0,0.003883034
0.0,0.005777478
0.0,0.69080025
0.0,0.0009382963
1.0,0.8695074
0.0,0.002664417
0.0,0.031347603
1.0,0.50959724
1.0,0.9960736
1.0,0.9918294
0.0,0.0061837137
0.0,0.15217322
1.0,0.39006895
1.0,0.968639
1.0,0.9937499
0.0,0.9779801
0.0,0.64899856
0.0,0.0010314882
1.0,0.32022694
1.0,0.99075973
0.0,0.006038934
0.0,0.84292847
1.0,0.77650595
1.0,0.9724014
0.0,0.0054305494
1.0,0.9143907
1.0,0.82999253
0.0,0.012704849
1.0,0.20257351
0.0,0.010416478
0.0,0.0051933825
0.0,0.9875622
0.0,0.039473414
1.0,0.89952624
0.0,0.16915992
1.0,0.9070734
1.0,0.9450811
1.0,0.06267956
0.0,0.0012217164
0.0,0.90516406
1.0,0.7202522
0.0,0.0001489222
1.0,0.8927611
1.0,0.94497037
0.0,0.5484181
0.0,0.042636096
1.0,0.53967255
1.0,0.9990217
0.0,0.0022779405
1.0,0.7747692
1.0,0.9186001
1.0,0.9230422
1.0,0.9992149
1.0,0.45971534
1.0,0.995986
0.0,0.020721495
0.0,0.57133746
0.0,0.025187492
1.0,0.997892
1.0,0.6100701
0.0,0.13801107
0.0,0.04829994
1.0,0.048535734
0.0,0.01954329
1.0,0.9804547
0.0,0.6259729
1.0,0.97579014
1.0,0.9938161
0.0,0.09879902
1.0,0.44298384
0.0,0.121089995
1.0,0.9988825
1.0,0.9953989
1.0,0.2478404
0.0,0.04205513
0.0,0.010331094
1.0,0.9009937
0.0,0.046916187
1.0,0.99224013
0.0,0.0048157275
0.0,0.8368722
0.0,0.1511477
0.0,0.058451265
0.0,0.0027548969
0.0,0.6853045
0.0,0.5065979
1.0,0.99474835
1.0,0.19759458
0.0,0.0039543808
1.0,0.9992409
1.0,0.94791543
0.0,0.67857754
0.0,0.846282
0.0,0.030547231
0.0,0.002434045
0.0,0.012411147
0.0,0.057106256
1.0,0.37361765
1.0,0.9987707
0.0,0.013096333
0.0,0.0030128956
0.0,0.8569443
0.0,0.729596
0.0,0.24231407
1.0,0.986102
0.0,0.107822955
0.0,0.025734216
1.0,0.9707105
1.0,0.98278534
0.0,0.16327342
0.0,0.61167777
0.0,0.005594045
1.0,0.99223906
1.0,0.8469325
0.0,0.02071619
0.0,0.012151092
0.0,0.0061267614
0.0,0.021297902
0.0,0.007096976
1.0,0.9754572
1.0,0.7064804
1.0,0.20062625
0.0,0.00011098385
1.0,0.4421258
0.0,0.42454436
1.0,0.9979383
1.0,0.8364973
0.0,0.00753811
0.0,0.0008032024
0.0,0.0005788505
0.0,0.6676874
0.0,0.91510415
1.0,0.9994818
0.0,0.6129854
0.0,0.66013485
0.0,0.022987783
0.0,0.00096285343
0.0,0.030140787
0.0,0.018770814
0.0,0.069982946
1.0,0.3296797
1.0,0.99952674
0.0,0.00046652555
0.0,0.4654101
0.0,0.5985763
0.0,0.045124352
1.0,0.9961226
0.0,0.016829401
0.0,0.1356554
1.0,0.84229124
0.0,0.84168875
0.0,0.047254503
0.0,0.018187732
0.0,0.00551033
1.0,0.9903225
1.0,0.9764011
0.0,0.006395161
1.0,0.16943482
1.0,0.79087734
1.0,0.979039
0.0,0.23879746
0.0,0.28822994
1.0,0.9783008
1.0,0.9924895
0.0,0.0024070442
1.0,0.99828994
0.0,0.0037742555
1.0,0.9894756
1.0,0.9833512
1.0,0.88570684
0.0,0.040325075
1.0,0.7689642
1.0,0.32894006
0.0,0.020768642
0.0,0.009222984
0.0,0.99765754
0.0,0.04523799
0.0,0.009967357
0.0,0.002366662
1.0,0.9989486
0.0,0.14112893
0.0,0.027149796
0.0,0.42444095
0.0,0.0027283132
0.0,0.036402702
0.0,0.017711103
1.0,0.9839598
0.0,0.006185651
0.0,0.021066815
0.0,0.5852136
1.0,0.9525387
1.0,0.7342591
1.0,0.99434674
1.0,0.9796229
0.0,0.0082936585
0.0,0.0398525
0.0,0.0128083825
0.0,0.025637656
0.0,0.7911366
0.0,0.020351708
1.0,0.9442636
0.0,0.7127526
1.0,0.4843403
1.0,0.034490377
1.0,0.6785474
0.0,0.04556665
0.0,0.002959162
0.0,0.0006738901
0.0,0.0049373507
1.0,0.7530871
1.0,0.98402417
1.0,0.86400485
1.0,0.9735993
1.0,0.99462426
0.0,0.009730369
0.0,0.025642931
0.0,0.9385456
0.0,0.004282534
1.0,0.9884443
0.0,0.005379677
0.0,0.66350424
1.0,0.99201274
1.0,0.49566653
0.0,0.008212358
0.0,0.20440224
0.0,0.079141736
0.0,0.20230079
1.0,0.91631067
0.0,0.99937296
0.0,0.6653477
1.0,0.9987614
0.0,0.067026615
1.0,0.9986464
1.0,0.99048656
0.0,0.0016695559
0.0,0.4462458
0.0,0.0029652119
0.0,0.0054659545
1.0,0.7581588
0.0,0.030560613
0.0,0.31037277
0.0,0.676214
0.0,0.0038700998
1.0,0.9805736
1.0,0.3409738
1.0,0.9738632
1.0,0.9568167
0.0,0.69728076
0.0,0.053542763
1.0,0.88999915
0.0,0.009203285
1.0,0.29679918
0.0,0.008437365
1.0,0.9337437
1.0,0.9969046
0.0,0.23428169
0.0,0.036849886
0.0,0.9108713
0.0,0.008265436
0.0,0.002221346
0.0,0.010348767
1.0,0.9924339
0.0,0.008048862
0.0,0.20031169
0.0,0.07330525
0.0,0.19886243
0.0,0.013934791
0.0,0.00014740229
0.0,0.103646785
0.0,0.0055707097
0.0,0.020644397
0.0,0.016865939
0.0,0.12357491
0.0,0.027669549
1.0,0.25595373
0.0,0.05158189
1.0,0.9923539
0.0,0.0058648884
0.0,0.0023339987
1.0,0.81740177
0.0,0.015168637
1.0,0.9978616
0.0,0.030863672
1.0,0.9812342
0.0,0.63624495
0.0,0.011566907
1.0,0.6661356
1.0,0.4401682
0.0,0.0047782958
0.0,0.2522619
0.0,0.001840204
0.0,0.00068861246
0.0,0.0036686063
0.0,0.82390267
1.0,0.9959973
1.0,0.68266094
0.0,0.058140695
0.0,0.013527483
1.0,0.74120146
1.0,0.8813321
1.0,0.9093535
0.0,0.0014176965
1.0,0.018482357
0.0,0.64868355
1.0,0.50406337
0.0,0.0004799962
1.0,0.7668357
0.0,0.016370267
0.0,0.030660003
0.0,0.3274028
0.0,0.9519713
1.0,0.98933506
0.0,0.08325815
0.0,0.029937506
1.0,0.9961045
0.0,0.006190449
0.0,0.9268476
0.0,0.34997135
1.0,0.9984786
0.0,0.026914358
0.0,0.011561632
0.0,0.9981649
1.0,0.9299758
0.0,0.0018186271
0.0,0.72927636
0.0,0.049797237
1.0,0.6423608
0.0,0.013649225
1.0,0.9930167
0.0,0.31275713
1.0,0.8240576
1.0,0.9989142
0.0,0.9608154
1.0,0.9919795
1.0,0.99759954
0.0,0.011811286
0.0,0.8633716
0.0,0.012124121
1.0,0.99882984
0.0,0.06754482
1.0,0.88769764
1.0,0.8455678
0.0,0.011945754
1.0,0.9927198
0.0,0.5638262
1.0,0.9299305
0.0,0.1541844
1.0,0.7627381
0.0,0.51285404
1.0,0.020665586
0.0,0.93461895
0.0,0.002416104
0.0,0.002213508
0.0,0.003916025
0.0,0.007843018
0.0,0.0015861094
0.0,0.00023564696
0.0,0.098404706
0.0,0.083378166
0.0,0.0761669
0.0,0.4082505
0.0,0.006945133
1.0,0.91099036
1.0,0.3461579
0.0,0.1621303
1.0,0.013033807
0.0,0.00466308
0.0,0.64841
0.0,0.830835
0.0,0.34350953
0.0,0.01603821
0.0,0.05025944
1.0,0.86380386
0.0,0.0032339692
0.0,0.0066055655
1.0,0.0013162196
0.0,0.001419872
1.0,0.8412356
0.0,0.13315597
0.0,0.28327945
1.0,0.85036457
0.0,0.007719457
1.0,0.9265113
0.0,0.0032970607
0.0,0.0005708337
0.0,0.0040929615
1.0,0.9984233
0.0,0.02163452
1.0,0.8650423
1.0,0.77020645
0.0,0.99369794
0.0,0.00020995736
1.0,0.03828743
0.0,0.013672292
0.0,0.047332853
0.0,0.8649991
0.0,0.0047224164
0.0,0.7731842
0.0,0.36975312
1.0,0.3719169
0.0,0.0032053888
1.0,0.99279106
0.0,0.00092214346
0.0,0.0002040267
0.0,0.0077422857
1.0,0.89643896
1.0,0.99809474
0.0,0.20969665
0.0,0.57833755
0.0,0.00025066733
0.0,0.110486835
0.0,0.096062064
0.0,0.031775236
0.0,0.0014682114
1.0,0.06189701
1.0,0.3066918
0.0,0.02535513
0.0,0.9935851
1.0,0.7408369
0.0,0.00018209219
1.0,0.9857727
0.0,0.0013985038
0.0,0.0074629784
1.0,0.998053
0.0,0.904948
1.0,0.87325835
1.0,0.9966312
1.0,0.99749327
0.0,0.06025073
0.0,0.024774939
0.0,0.3832783
1.0,0.9851808
0.0,0.34950554
1.0,0.99463916
0.0,0.04192078
0.0,0.00380373
0.0,0.29585922
1.0,0.9865205
0.0,0.02005434
0.0,0.028834015
0.0,0.55697984
1.0,0.036754936
1.0,0.9960879
0.0,0.05220467
0.0,0.012782216
1.0,0.9973385
1.0,0.99779487
1.0,0.8830942
1.0,0.43724692
0.0,0.008261353
1.0,0.99254364
0.0,0.08590448
0.0,0.04915741
0.0,0.006195396
1.0,0.96174914
0.0,0.029476374
0.0,0.02649486
0.0,0.002484113
1.0,0.48040417
0.0,0.17123827
1.0,0.9909222
1.0,0.99396074
0.0,0.012321264
1.0,0.79058826
0.0,0.040091515
1.0,0.83011967
0.0,0.25493714
0.0,0.007959634
0.0,0.015928447
0.0,0.051576585
1.0,0.9982767
0.0,0.08648533
0.0,0.28673643
0.0,0.70194185
1.0,0.99857676
1.0,0.9647263
0.0,0.0071368217
1.0,0.96644187
1.0,0.99217975
1.0,0.9994533
1.0,0.5872731
0.0,0.4763622
1.0,0.7995372
0.0,0.13056412
0.0,0.63272035
1.0,0.8325747
0.0,0.026416242
0.0,0.050699413
0.0,0.26216507
1.0,0.54790854
0.0,0.7183967
0.0,0.11989978
1.0,0.9980237
0.0,0.024247885
1.0,0.7718978
0.0,0.025543392
0.0,0.9505175
1.0,0.95509183
1.0,0.9959071
0.0,0.0010385513
1.0,0.95869887
1.0,0.9810713
0.0,0.817721
0.0,0.550629
1.0,0.65674484
0.0,0.057851523
1.0,0.9976021
0.0,0.080626845
0.0,0.023334652
1.0,0.71242326
1.0,0.94410026
0.0,0.020994425
1.0,0.5915236
0.0,0.052734435
0.0,0.037367493
1.0,0.9988663
0.0,0.010798126
0.0,0.10918233
0.0,0.012230873
1.0,0.79428077
0.0,0.003483802
0.0,0.0040047765
1.0,0.9314116
1.0,0.88836336
0.0,0.011706501
0.0,0.75780267
0.0,0.0034641623
1.0,0.26349175
0.0,0.91599774
0.0,0.0020383596
0.0,0.016603768
0.0,0.005257815
0.0,0.0074258745
1.0,0.41804308
0.0,0.25195503
0.0,0.0015929937
0.0,0.088240564
1.0,0.8107452
1.0,0.9993528
1.0,0.9458233
0.0,0.57744366
0.0,0.05466813
0.0,0.99563634
1.0,0.99679875
0.0,0.08943653
1.0,0.9086484
0.0,0.007767737
1.0,0.9971902
0.0,0.056343853
1.0,0.8291714
0.0,0.97542256
1.0,0.66492563
0.0,0.38108686
0.0,0.053278625
1.0,0.27169073
1.0,0.9794645
1.0,0.9854957
0.0,0.23836446
1.0,0.99362427
1.0,0.24684533
1.0,0.488481
0.0,0.0006760061
1.0,0.7815685
0.0,0.008182496
0.0,0.9778105
1.0,0.95674634
0.0,0.46054965
0.0,0.0059716105
0.0,0.05735454
0.0,0.029880315
0.0,0.47659412
1.0,0.98444533
1.0,0.9830086
0.0,0.5678135
0.0,0.8794547
0.0,0.04543674
1.0,0.99854827
0.0,0.53840977
0.0,0.28188297
0.0,0.005441904
0.0,0.003535241
0.0,0.00956735
0.0,0.9776629
1.0,0.9947712
1.0,0.9986392
1.0,0.1806269
0.0,0.45312545
0.0,0.0042840242
0.0,0.0025477707
0.0,0.010958403
0.0,0.014738113
1.0,0.9869417
0.0,0.012497038
0.0,0.20544305
1.0,0.99718106
0.0,0.037564725
1.0,0.1241529
1.0,0.7740324
0.0,0.61929345
0.0,0.007988393
0.0,0.1206961
1.0,0.74420357
0.0,0.16194305
0.0,0.016317815
1.0,0.9729747
1.0,0.3195828
0.0,0.004463643
0.0,0.020104706
0.0,0.7944282
0.0,0.0029742718
0.0,0.6196811
1.0,0.42530155
1.0,0.98643553
0.0,0.007193893
0.0,0.00079602003
0.0,0.80679804
0.0,0.4141979
1.0,0.41233775
0.0,0.010983169
1.0,0.98703694
0.0,0.010101557
1.0,0.9981071
0.0,0.000990808
1.0,0.9442365
1.0,0.66817373
0.0,0.009262472
0.0,0.4863396
0.0,0.0005235374
0.0,0.032161564
1.0,0.9062474
1.0,0.0011979043
1.0,0.15988332
1.0,0.30912727
1.0,0.7876213
0.0,0.0003273785
1.0,0.8511777
1.0,0.9694593
0.0,0.01747492
0.0,0.02394098
0.0,0.03656566
1.0,0.105118215
1.0,0.9943597
0.0,0.9444084
0.0,0.01855445
1.0,0.94941556
0.0,0.0008750856
0.0,0.005853474
1.0,0.99140817
0.0,0.5349689
0.0,0.051953465
1.0,0.6813171
1.0,0.9922703
0.0,0.0042595565
0.0,0.01939249
0.0,0.025112271
1.0,0.9969379
1.0,0.9828415
0.0,0.92208064
0.0,0.5100152
1.0,0.98374164
1.0,0.9219383
0.0,0.008012772
0.0,0.15618408
0.0,0.010458976
1.0,0.22131509
1.0,0.70869833
0.0,0.0531964
0.0,0.012498379
1.0,0.9883975
0.0,0.010899514
0.0,0.008132577
0.0,0.0391922
0.0,0.8019191
1.0,0.910691
0.0,0.34374243
0.0,0.008552462
0.0,0.94282734
0.0,0.24412042
0.0,0.027528942
1.0,0.7303487
1.0,0.5371749
0.0,0.13249928
1.0,0.9973624
0.0,0.1825369
1.0,0.94689685
1.0,0.010312498
1.0,0.95738626
0.0,0.0023534298
0.0,0.8455092
0.0,0.022068292
1.0,0.99798775
0.0,0.027732164
1.0,0.98930395
0.0,0.04548812
0.0,0.0016767085
1.0,0.3327217
1.0,0.99486065
0.0,0.0034267008
1.0,0.8960756
0.0,0.03746897
1.0,0.9554812
0.0,0.0018939376
1.0,0.60813713
1.0,0.15834787
0.0,0.056690782
0.0,0.0061700344
0.0,0.00655511
0.0,0.011072695
0.0,0.012135208
0.0,0.8516904
0.0,0.18530446
0.0,0.078445196
0.0,0.98806113
0.0,0.004146874
1.0,0.98274827
0.0,0.15242726
0.0,0.1220288
1.0,0.9983388
0.0,0.009781837
1.0,0.9994049
0.0,0.011627108
1.0,0.9983566
0.0,0.004687339
0.0,0.07932654
1.0,0.99958146
0.0,0.05608824
0.0,0.004284948
0.0,0.066717
1.0,0.99692833
1.0,0.57939
0.0,0.0034677088
1.0,0.94178367
1.0,0.30266964
1.0,0.99559915
0.0,0.26139477
1.0,0.6813235
1.0,0.9489218
0.0,0.73186094
1.0,0.50839406
1.0,0.21622714
0.0,0.010044754
0.0,0.008340061
0.0,0.14270312
0.0,0.017713547
0.0,0.0103702545
0.0,0.007953137
0.0,0.008209407
0.0,0.00035744905
1.0,0.94840777
0.0,0.15669298
0.0,0.004446596
0.0,0.004696429
0.0,0.064985186
1.0,0.878322
0.0,0.0026217997
1.0,0.8822585
0.0,0.30143422
0.0,0.0075954497
1.0,0.6196686
1.0,0.79868984
0.0,0.10445815
0.0,0.006158471
1.0,0.89388627
0.0,0.94717777
0.0,0.015471876
1.0,0.66653144
1.0,0.7909185
1.0,0.82596993
1.0,0.97036004
0.0,0.018399686
0.0,0.0013531148
1.0,0.6419889
0.0,0.0064669847
0.0,0.0010240972
1.0,0.99507487
1.0,0.7591581
1.0,0.9897804
0.0,0.012957662
1.0,0.12859225
1.0,0.977777
1.0,0.95519084
0.0,0.0022347867
0.0,0.0051353276
1.0,0.32901824
0.0,0.09389317
0.0,0.42324844
0.0,0.051706314
1.0,0.91495717
0.0,0.0070102513
0.0,0.030633748
0.0,0.008638293
0.0,0.5735742
0.0,0.24135497
0.0,0.002410829
0.0,0.93406355
1.0,0.9983369
0.0,0.0749467
1.0,0.98315537
0.0,0.0036685169
0.0,0.15474772
0.0,0.8369837
1.0,0.005451113
0.0,0.67029923
0.0,0.0047599673
0.0,0.0032334924
0.0,0.18894869
0.0,0.052777827
1.0,0.9212167
0.0,0.28241265
1.0,0.978485
0.0,0.0080860555
0.0,0.037409067
0.0,0.010297954
0.0,0.84739697
0.0,0.038659453
0.0,0.74614894
0.0,0.35018557
0.0,0.057026893
1.0,0.95691097
0.0,0.022062838
1.0,0.7620465
1.0,0.981228
0.0,0.09920615
0.0,0.042672694
1.0,0.9742863
0.0,0.008891493
1.0,0.38193887
1.0,0.9673127
0.0,0.007908165
1.0,0.95480716
0.0,0.0037733614
1.0,0.9960923
0.0,0.06266931
0.0,0.08470151
1.0,0.5142932
0.0,0.925904
0.0,0.005384922
0.0,0.4274466
1.0,0.95879984
1.0,0.9973529
0.0,0.0013277233
0.0,0.08982417
1.0,0.58344275
0.0,0.8432307
1.0,0.5831686
0.0,0.16088077
1.0,0.47369376
0.0,0.95876694
0.0,0.028496921
0.0,0.89051175
0.0,0.0061241686
0.0,0.7219528
1.0,0.008525014
0.0,0.27068055
1.0,0.9822562
0.0,0.0039078593
1.0,0.23822048
0.0,0.014934033
0.0,0.0020938814
0.0,0.016553223
0.0,0.011249274
0.0,0.679644
0.0,0.10222459
0.0,0.61112374
0.0,0.27696317
1.0,0.9688792
0.0,0.0049965084
0.0,0.08405903
1.0,0.6369059
1.0,0.64593846
0.0,0.0053860843
0.0,0.009222865
1.0,0.95256746
0.0,0.06368443
1.0,0.1290882
1.0,0.9741415
1.0,0.69489133
1.0,0.69962686
0.0,0.010911882
0.0,0.0035189092
1.0,0.38184944
0.0,0.13516062
1.0,0.976159
1.0,0.93399215
1.0,0.9910686
0.0,0.1939255
0.0,0.0029487908
0.0,0.1160247
0.0,0.006966591
1.0,0.7301242
1.0,0.9463618
0.0,0.25697157
0.0,0.09110537
0.0,0.03620693
0.0,0.06744778
1.0,0.116526455
1.0,0.84523094
1.0,0.96856797
0.0,0.81829953
1.0,0.72383523
1.0,0.9051223
1.0,0.6912452
1.0,0.975944
0.0,0.5102291
0.0,0.46522227
0.0,0.92113364
0.0,0.00843966
1.0,0.9526423
1.0,0.9989205
1.0,0.9525502
1.0,0.9593062
0.0,0.3464011
0.0,0.0030308962
0.0,0.01531142
0.0,0.11991423
1.0,0.3670696
0.0,0.00927785
0.0,0.0046397746
0.0,0.52458864
0.0,0.0049414635
1.0,0.8116076
1.0,0.6416215
1.0,0.9928677
0.0,0.0126414895
0.0,0.5608856
1.0,0.72135264
1.0,0.9987499
0.0,0.19981053
1.0,0.92907226
0.0,0.8494054
1.0,0.99800414
1.0,0.99699736
1.0,0.48900682
0.0,0.008397639
0.0,0.07441902
1.0,0.99821234
0.0,0.069209844
0.0,0.24388257
1.0,0.99821913
0.0,0.07672459
0.0,0.015530944
0.0,0.16318622
1.0,0.7048013
0.0,0.41741765
0.0,0.32855755
1.0,0.9490367
0.0,0.83421195
0.0,0.009049892
0.0,0.02579382
0.0,0.07295832
1.0,0.92016715
0.0,0.95487225
0.0,0.009226143
0.0,0.0023715496
1.0,0.56992626
0.0,0.003296703
0.0,0.0003785491
1.0,0.89808434
0.0,0.44734114
0.0,0.005583346
1.0,0.99078196
1.0,0.895056
0.0,0.002183646
1.0,0.2649756
1.0,0.21548232
0.0,0.905231
0.0,0.59032094
1.0,0.43098167
1.0,0.8462671
0.0,0.0440135
1.0,0.7145706
1.0,0.6456204
1.0,0.17805323
0.0,0.404494
1.0,0.11521971
0.0,0.013776332
1.0,0.9600084
0.0,0.0005784035
1.0,0.9572114
0.0,0.9612175
0.0,0.14719495
1.0,0.78426325
0.0,0.028640598
1.0,0.9310712
1.0,0.79543155
1.0,0.9843211
1.0,0.5617087
0.0,0.014699608
1.0,0.080185026
0.0,0.71689504
0.0,0.0070317686
0.0,0.029137433
0.0,0.038300335
1.0,0.98334754
0.0,0.008926839
0.0,0.55808794
0.0,0.6028101
0.0,0.85372174
1.0,0.99016494
0.0,0.22473687
0.0,0.0052319467
0.0,0.14576128
0.0,0.73943543
1.0,0.94306445
0.0,0.0045372844
1.0,0.98544264
1.0,0.99404055
0.0,0.66826916
0.0,0.004263729
0.0,0.005590737
1.0,0.98920614
0.0,0.0074308217
1.0,0.021122217
1.0,0.66784036
1.0,0.9938238
0.0,0.6881689
0.0,0.8842725
0.0,0.00887844
0.0,0.81372976
0.0,0.0216192
0.0,0.0055458546
0.0,0.030379593
1.0,0.90759104
0.0,0.079458624
1.0,0.9879598
0.0,0.26739928
1.0,0.61056125
1.0,0.98736405
1.0,0.8996657
1.0,0.9757229
0.0,0.029205501
0.0,0.9172095
0.0,0.020265609
1.0,0.90268815
1.0,0.952935
0.0,0.003426075
1.0,0.5222351
1.0,0.9683963
1.0,0.98105127
1.0,0.65420216
0.0,0.9168924
0.0,0.006072253
1.0,0.9782932
0.0,0.008495599
0.0,0.04801011
1.0,0.99426293
0.0,0.030628651
0.0,0.7857393
0.0,0.40146592
0.0,0.016411453
0.0,0.064377636
1.0,0.9996941
0.0,0.024723232
0.0,0.32419285
1.0,0.091926485
0.0,0.0697746
1.0,0.9688022
0.0,0.20119056
0.0,0.005792439
0.0,0.0039354265
0.0,0.23990327
1.0,0.8632177
0.0,0.17178574
0.0,0.07926172
1.0,0.84934926
1.0,0.98885393
0.0,0.022627532
0.0,0.0074867606
0.0,0.003169775
1.0,0.76254356
0.0,0.0025813878
1.0,0.9932297
1.0,0.741907
1.0,0.16463819
1.0,0.97558326
1.0,0.95734906
0.0,0.9952235
1.0,0.8442848
1.0,0.9891074
0.0,0.013383031
0.0,0.008812726
0.0,0.012135237
1.0,0.9650223
0.0,0.0073411465
0.0,0.0027828515
0.0,0.087373555
1.0,0.99515516
0.0,0.07911596
1.0,0.9315107
0.0,0.08994067
0.0,0.55683136
0.0,0.09202093
0.0,0.012624055
0.0,0.0039157867
1.0,0.90121484
1.0,0.99504405
0.0,0.05383265
0.0,0.1410754
1.0,0.6623264
0.0,0.00034350157
1.0,0.9925953
0.0,0.0069822967
0.0,0.0035941899
0.0,0.010065556
1.0,0.9965678
1.0,0.93494856
0.0,0.013717115
0.0,0.3189804
1.0,0.9481064
0.0,0.009757221
0.0,0.00813964
1.0,0.94736063
1.0,0.9985852
1.0,0.9720367
0.0,0.015056431
1.0,0.8781384
1.0,0.78177035
0.0,0.3302188
0.0,0.0074979663
0.0,0.0073542893
0.0,0.020160884
0.0,0.0015646219
0.0,0.06871089
1.0,0.7896862
1.0,0.49706036
0.0,0.05565092
0.0,0.0057623386
0.0,0.38485613
0.0,0.22188118
1.0,0.92956316
0.0,0.9879966
0.0,0.014606267
0.0,0.92098224
0.0,0.9587567
1.0,0.18737313
0.0,0.004230827
0.0,0.5842678
1.0,0.97112936
0.0,0.122890234
0.0,0.867561
0.0,0.014412701
0.0,0.0012553334
1.0,0.4024963
1.0,0.6593132
0.0,0.042599946
0.0,0.9677261
0.0,0.0007635057
0.0,0.99650276
0.0,0.99214005
0.0,0.3623346
0.0,0.0014530718
0.0,0.212026
1.0,0.02738303
0.0,0.009856969
1.0,0.05166492
0.0,0.94529426
0.0,0.0012459159
0.0,0.0049552023
0.0,0.11937639
0.0,0.2777434
0.0,0.061681658
1.0,0.99382484
0.0,0.0024815798
0.0,0.5348177
0.0,0.06714189
1.0,0.76576996
1.0,0.9276465
0.0,0.0026678443
0.0,0.6513082
0.0,0.0054573417
1.0,0.9994899
1.0,0.81693035
1.0,0.9963814
0.0,0.11165556
1.0,0.99727035
0.0,0.037245214
0.0,0.00442338
0.0,0.005890131
1.0,0.0016863942
0.0,0.0020307004
0.0,0.011705011
1.0,0.9988941
1.0,0.06537971
0.0,0.011659056
1.0,0.9993646
0.0,0.026274085
1.0,0.9644016
0.0,0.13160008
1.0,0.9732464
0.0,0.9951924
0.0,0.08410907
1.0,0.88872766
0.0,0.003291905
0.0,0.08883852
0.0,0.014534831
0.0,0.013922393
0.0,0.051844835
0.0,0.0032781363
1.0,0.85605896
1.0,0.87464064
0.0,0.48461333
0.0,0.023272663
0.0,0.0037138164
0.0,0.4538983
1.0,0.9981983
0.0,0.004707992
0.0,0.3418874
0.0,0.9699126
0.0,0.20346075
0.0,0.0015022755
1.0,0.9875636
1.0,0.9603314
0.0,0.006283343
0.0,0.007959843
0.0,0.04586658
0.0,0.004662335
1.0,0.76638865
0.0,0.77751917
0.0,0.2851454
0.0,0.0052387714
1.0,0.6390262
0.0,0.006490797
0.0,0.15868637
1.0,0.9843413
0.0,0.009799391
0.0,0.13997757
1.0,0.429435
1.0,0.7375767
1.0,0.9949272
0.0,0.002625078
0.0,0.0037660003
0.0,0.074606776
0.0,0.002843529
1.0,0.8291422
0.0,0.2647608
1.0,0.12152818
0.0,0.0005671382
0.0,0.0021870732
0.0,0.02048564
1.0,0.9904839
0.0,0.653365
0.0,0.39443457
0.0,0.2838257
1.0,0.8963021
0.0,0.002488792
0.0,0.04229769
0.0,0.0014588237
1.0,0.1641447
0.0,0.005562693
0.0,0.005509883
1.0,0.15160742
1.0,0.9987693
0.0,0.00095945597
1.0,0.99781686
1.0,0.99925697
1.0,0.9594368
1.0,0.93001086
0.0,0.01977551
1.0,0.98387426
0.0,0.99860215
1.0,0.005120367
0.0,0.011835605
1.0,0.30963397
0.0,0.26340997
1.0,0.1565651
1.0,0.9991013
1.0,0.6345737
0.0,0.0079321265
0.0,0.81484437
0.0,0.95612943
0.0,0.034341037
0.0,0.009011984
0.0,0.23355469
1.0,0.99719584
1.0,0.9970131
1.0,0.6272675
0.0,0.0065221786
0.0,0.0065134764
0.0,0.039419085
0.0,0.182453
1.0,0.014214426
0.0,0.03316745
0.0,0.006841868
0.0,0.010241687
0.0,0.05041817
1.0,0.9712554
0.0,0.7274674
0.0,0.79533327
0.0,0.54916286
1.0,0.88778806
0.0,0.058529258
0.0,0.57406497
1.0,0.75333893
0.0,0.71457404
1.0,0.63657963
0.0,0.012446374
0.0,0.27011466
0.0,0.0037463903
0.0,0.0069007277
0.0,0.0011763573
1.0,0.998083
0.0,0.08146539
0.0,0.013245553
1.0,0.9961162
1.0,0.9490073
0.0,0.63660413
1.0,0.0022131205
0.0,0.39063266
0.0,0.07419327
1.0,0.99499154
0.0,0.0029530525
0.0,0.32086632
0.0,0.0033290982
0.0,0.009205788
1.0,0.9986205
1.0,0.993606
1.0,0.8738049
1.0,0.9838221
0.0,0.100173116
0.0,0.0104955435
0.0,0.07458618
1.0,0.9767071
0.0,0.013376325
0.0,0.011291534
1.0,0.99227506
1.0,0.78900063
1.0,0.8935199
0.0,0.0065900087
0.0,0.25206572
0.0,0.9628091
1.0,0.996803
1.0,0.9800103
1.0,0.9563235
0.0,0.18177626
0.0,0.0008942187
0.0,0.00090408325
1.0,0.98877597
1.0,0.2917742
0.0,0.2747005
1.0,0.9549029
1.0,0.90327114
1.0,0.96962893
1.0,0.21273601
0.0,0.0817529
0.0,0.009128809
1.0,0.606985
1.0,0.8396343
0.0,0.11998427
0.0,0.009736717
0.0,0.0027304292
0.0,0.019218087
0.0,0.0074415803
0.0,0.7299143
0.0,0.0041900873
0.0,0.08759716
1.0,0.87289345
1.0,0.8542438
0.0,0.8952604
1.0,0.9975982
0.0,0.0013942719
1.0,0.91494614
0.0,0.18159273
1.0,0.99723107
0.0,0.00053423643
0.0,0.007635534
0.0,0.0047984123
0.0,0.7306992
1.0,0.03952372
1.0,0.87729883
0.0,0.035297215
0.0,0.18735299
1.0,0.21554735
0.0,0.01475516
1.0,0.9773497
1.0,0.9801798
0.0,0.0045493245
0.0,0.019624233
0.0,0.081391096
0.0,0.9985984
0.0,0.87212145
0.0,0.0038379133
0.0,0.55634123
0.0,0.0049969554
1.0,0.94598114
1.0,0.9933491
1.0,0.98452806
1.0,0.9383755
0.0,0.0021411479
0.0,0.56573963
1.0,0.9499097
0.0,0.9252871
0.0,0.0072642863
0.0,0.015305132
1.0,0.40695733
1.0,0.38166255
0.0,0.006294012
1.0,0.9748715
1.0,0.99433166
0.0,0.00046765804
0.0,0.020378351
1.0,0.996447
0.0,0.0019555092
0.0,0.99099267
0.0,0.0014891922
0.0,0.051231563
1.0,0.042503208
0.0,0.014307231
0.0,0.0096153915
0.0,0.5234893
1.0,0.7072078
0.0,0.005007088
0.0,0.03385043
1.0,0.9838731
0.0,0.007357329
0.0,0.57637024
0.0,0.99089956
1.0,0.99922186
1.0,0.38115293
1.0,0.5822442
0.0,0.06329173
0.0,0.7028703
1.0,0.25183648
0.0,0.0014975965
0.0,0.004301369
0.0,0.23186973
0.0,0.0174388
1.0,0.4016533
0.0,0.18233058
0.0,0.85303795
1.0,0.7778698
0.0,0.019916594
0.0,0.0055120885
0.0,0.63553107
0.0,0.12222254
1.0,0.76370215
1.0,0.9957888
0.0,0.8903699
1.0,0.76140046
0.0,0.0124690235
0.0,0.005491376
0.0,0.0078063905
1.0,0.86327314
0.0,0.00080162287
0.0,0.003477037
1.0,0.9980477
1.0,0.8941205
1.0,0.89358294
0.0,0.407041
1.0,0.8744203
1.0,0.98469317
0.0,0.000113517046
0.0,0.9356569
0.0,0.9696237
1.0,0.59677315
0.0,0.009746581
0.0,0.7037656
0.0,0.009247035
0.0,0.003205806
0.0,0.008736402
0.0,0.025300741
0.0,0.48772168
0.0,0.9666281
0.0,0.39300865
1.0,0.17648235
1.0,0.9096589
1.0,0.73989767
0.0,0.0040817857
1.0,0.99189234
0.0,0.82663566
0.0,0.062491804
1.0,0.99115646
0.0,0.0784781
0.0,0.008606046
0.0,0.13124481
0.0,0.010745764
0.0,0.34294373
0.0,0.72929406
0.0,0.01793173
1.0,0.9642817
0.0,0.00028941035
0.0,0.004306644
0.0,0.004417479
1.0,0.99810743
1.0,0.98646057
0.0,0.7914697
1.0,0.6715071
0.0,0.0056322515
1.0,0.13735455
0.0,0.027503937
0.0,0.027593553
1.0,0.023456573
0.0,0.004804224
0.0,0.0023774803
1.0,0.22205073
0.0,0.03562808
1.0,0.0019679964
0.0,0.48303044
0.0,0.005001873
1.0,0.96449476
0.0,0.0036475658
0.0,0.39064947
0.0,0.9656366
0.0,0.005065441
0.0,0.002190709
1.0,0.98961926
0.0,0.0020219982
0.0,0.030633211
0.0,0.0382846
1.0,0.4451223
0.0,0.99740195
0.0,0.08383858
1.0,0.8426093
0.0,0.0033352077
0.0,0.0044187605
0.0,0.043399602
0.0,0.13168377
1.0,0.8595613
0.0,0.0078903735
0.0,0.0006570518
0.0,0.0022741556
0.0,0.0051364005
0.0,0.87674856
1.0,0.98144186
1.0,0.88806546
0.0,0.023234785
1.0,0.98288
0.0,0.01005739
0.0,0.00593701
0.0,0.023333281
0.0,0.108599484
1.0,0.9922167
0.0,0.009640753
0.0,0.013279945
0.0,0.5791655
0.0,0.4177583
0.0,0.046551526
0.0,0.0026511848
0.0,0.005157709
0.0,0.003725201
0.0,0.0027026534
0.0,0.9726604
1.0,0.17337802
0.0,0.021196008
0.0,0.015480518
0.0,0.015191197
1.0,0.9970029
0.0,0.036571622
1.0,0.9403751
0.0,0.058244884
0.0,0.047616273
0.0,0.019921571
1.0,0.993537
1.0,0.99704957
1.0,0.71013623
1.0,0.6695266
0.0,0.06148979
0.0,0.0031039715
1.0,0.9963956
1.0,0.98022866
0.0,0.006551355
0.0,0.21354946
0.0,0.94332284
1.0,0.9934984
0.0,0.018502742
0.0,0.0055584908
0.0,0.043010414
0.0,0.02550745
1.0,0.62417454
1.0,0.990686
0.0,0.0008428097
1.0,0.9078101
0.0,0.011106521
0.0,0.015772223
0.0,0.0033073425
0.0,0.027380168
0.0,0.0048104823
1.0,0.91774476
0.0,0.0011042655
0.0,0.07725409
0.0,0.76477766
0.0,0.030689657
0.0,0.671365
1.0,0.9980905
0.0,0.009340495
0.0,0.027568996
1.0,0.9808161
0.0,0.85022664
0.0,0.0045333803
1.0,0.9922957
1.0,0.8519864
0.0,0.11788878
1.0,0.91896427
0.0,0.14668554
1.0,0.950075
1.0,0.9996271
0.0,0.17262179
1.0,0.99348533
0.0,0.03178835
0.0,0.046145737
0.0,0.45522684
0.0,0.72556126
0.0,0.010917872
0.0,0.014600724
0.0,0.2999607
1.0,0.977739
0.0,0.07395938
0.0,0.012087584
0.0,0.49506158
0.0,0.5600403
1.0,0.9903223
0.0,0.018489003
0.0,0.37195876
0.0,0.007284969
0.0,0.020350605
0.0,0.0015072823
0.0,0.9884673
1.0,0.062320232
0.0,0.09132218
1.0,0.7767094
0.0,0.005484909
1.0,0.21888581
0.0,0.058947027
0.0,0.13889155
0.0,0.016267776
0.0,0.81959736
0.0,0.5280519
0.0,0.13626635
0.0,0.08007088
0.0,0.012324721
0.0,0.9388517
0.0,0.95400405
1.0,0.9913076
0.0,0.9152398
0.0,0.005117029
1.0,0.99920005
0.0,0.0058715343
0.0,0.003633827
0.0,0.017926902
1.0,0.15676543
1.0,0.6291668
1.0,0.65496004
1.0,0.99744284
0.0,0.42334187
1.0,0.92706865
0.0,0.71877205
1.0,0.44678512
0.0,0.01692468
0.0,0.9658818
0.0,0.07609522
0.0,0.004187733
0.0,0.068266034
1.0,0.995716
1.0,0.24310458
0.0,0.99816275
1.0,0.7083725
0.0,0.0036004484
1.0,0.9966881
0.0,0.0035800934
0.0,0.0061463118
0.0,0.9478843
0.0,0.6776279
0.0,0.023899704
0.0,0.0043615103
1.0,0.9989543
0.0,0.00022038817
1.0,0.99562997
1.0,0.91597164
1.0,0.9792906
0.0,0.0072191358
0.0,0.9960695
0.0,0.006009251
0.0,0.1176472
0.0,0.53035873
1.0,0.7903893
0.0,0.40476093
0.0,0.034134597
0.0,0.076877594
0.0,0.0039452016
0.0,0.0059968233
0.0,0.078339875
0.0,0.9272878
0.0,0.0025820434
0.0,0.053250313
1.0,0.998963
0.0,0.35606354
0.0,0.007598579
0.0,0.0076291263
0.0,0.013899803
1.0,0.9825733
0.0,0.4786166
1.0,0.9994117
0.0,0.08182868
1.0,0.9999449
1.0,0.973668
0.0,0.0017940402
0.0,0.088648796
0.0,0.029166728
0.0,0.114605606
0.0,0.03327608
0.0,0.6811255
1.0,0.9988731
0.0,0.005079001
1.0,0.49194494
0.0,0.37774625
0.0,0.001167059
0.0,0.09887537
1.0,0.9586296
0.0,0.0028662682
1.0,0.9991256
0.0,0.0046208203
0.0,0.038577348
0.0,0.42943782
0.0,0.598843
0.0,0.087046295
0.0,0.033386588
1.0,0.8709965
1.0,0.9715893
0.0,0.09810832
0.0,0.015845537
0.0,0.010750383
1.0,0.9778453
0.0,0.038264096
1.0,0.18438712
0.0,0.477307
1.0,0.962669
1.0,0.99418545
0.0,0.076349705
0.0,0.010408133
0.0,0.015288472
1.0,0.9214845
0.0,0.36159205
0.0,0.7370762
1.0,0.99576294
1.0,0.8401867
0.0,0.5146948
0.0,0.011096358
1.0,0.9978117
0.0,0.03566295
0.0,0.005026847
0.0,0.007976502
1.0,0.81424546
0.0,0.012073994
0.0,0.07066512
1.0,0.9876791
1.0,0.7678175
0.0,0.54887366
0.0,0.0067124963
0.0,0.006688297
1.0,0.9781853
1.0,0.99524474
1.0,0.116479754
0.0,0.028660297
0.0,0.005670458
0.0,0.029867053
0.0,0.0014052093
1.0,0.96494174
0.0,0.0074079335
0.0,0.7731033
0.0,0.07413781
0.0,0.43812007
0.0,0.07820052
0.0,0.011986941
0.0,0.21982545
0.0,0.0063991547
0.0,0.0039942563
1.0,0.29041824
1.0,0.9324001
0.0,0.9175705
0.0,0.79622114
1.0,0.055253297
0.0,0.0013958514
1.0,0.98069763
0.0,0.017151415
0.0,0.027834713
1.0,0.9940755
1.0,0.9990984
0.0,0.7766744
0.0,0.2944283
1.0,0.23108244
0.0,0.08819237
0.0,0.09873322
0.0,0.999748
0.0,0.0031437278
1.0,0.929286
1.0,0.2783131
0.0,0.20312148
0.0,0.0019336939
0.0,0.09984252
1.0,0.9860723
0.0,0.014978826
1.0,0.31521308
0.0,0.10561359
1.0,0.5729135
1.0,0.5590438
0.0,0.42438066
1.0,0.62442017
0.0,0.48108667
0.0,0.00073486567
1.0,0.9882563
1.0,0.42003822
0.0,0.0060471
0.0,0.33688027
0.0,0.89408505
0.0,0.55209523
1.0,0.9853171
0.0,0.058369696
0.0,0.07108909
0.0,0.009828329
1.0,0.98457587
0.0,0.008399814
0.0,0.9667851
1.0,0.9862613
0.0,0.0022557378
0.0,0.7138326
0.0,0.05172509
1.0,0.291499
0.0,0.86220026
1.0,0.97753197
0.0,0.02717039
1.0,0.1718705
1.0,0.23882797
1.0,0.9968022
1.0,0.9689439
0.0,0.0016716719
1.0,0.8977515
0.0,0.0044930875
1.0,0.9979349
1.0,0.5690645
0.0,0.20647526
1.0,0.98218656
0.0,0.0017968118
1.0,0.59086144
1.0,0.6939599
0.0,0.055494845
0.0,0.99017406
1.0,0.9994371
1.0,0.028775603
0.0,0.11445609
0.0,0.92774224
0.0,0.0008967519
0.0,0.02631399
0.0,0.53377277
1.0,0.93681014
1.0,0.9643992
1.0,0.70326066
1.0,0.49000242
1.0,0.99951875
1.0,0.99465996
0.0,0.5921071
1.0,0.99174964
0.0,0.014070123
0.0,0.03320554
0.0,0.022995532
1.0,0.034365118
1.0,0.95245403
0.0,0.06819537
0.0,0.007968724
0.0,0.8018318
1.0,0.8385936
1.0,0.23648402
1.0,0.9738406
0.0,0.0043257475
0.0,0.9906651
0.0,0.014979422
0.0,0.12899762
0.0,0.013875723
0.0,0.012969524
1.0,0.9940779
1.0,0.9468642
0.0,0.045477957
0.0,0.026194215
0.0,0.74856573
0.0,0.6723574
0.0,0.6008224
0.0,0.31357002
0.0,0.9422699
1.0,0.8006942
0.0,0.13225543
1.0,0.9235144
0.0,0.0050452054
0.0,0.8937867
0.0,0.059239626
0.0,0.6755066
1.0,0.98011374
1.0,0.9066875
1.0,0.8433337
1.0,0.76926446
0.0,0.0015156567
0.0,0.10478881
1.0,0.5815495
1.0,0.39543524
0.0,0.24828967
0.0,0.0022052824
0.0,0.17545924
1.0,0.39978847
0.0,0.004033804
1.0,0.08612251
0.0,0.002131015
0.0,0.025993526
0.0,0.008897573
0.0,0.0057913065
0.0,0.14424357
0.0,0.016644388
0.0,0.18620053
1.0,0.9858178
0.0,0.004622996
0.0,0.62661815
0.0,0.03620422
1.0,0.3221216
0.0,0.008771718
1.0,0.99820346
0.0,0.0014143884
0.0,0.02965334
0.0,0.0019165874
0.0,0.50069886
0.0,0.0050498247
0.0,0.0059697926
1.0,0.98401487
0.0,0.3075599
1.0,0.8946233
1.0,0.6411994
0.0,0.013192534
0.0,0.045472324
1.0,0.96766174
1.0,0.9993669
0.0,0.2629092
0.0,0.18469787
0.0,0.015670449
0.0,0.1533911
0.0,0.006169528
1.0,0.9270431
0.0,0.074593246
1.0,0.6962043
1.0,0.58928615
0.0,0.94612455
0.0,0.13611427
0.0,0.006275445
0.0,0.0034418404
0.0,0.9297589
0.0,0.0018271506
0.0,0.012580037
0.0,0.93511355
1.0,0.93732065
1.0,0.79369044
0.0,0.021869719
0.0,0.015561491
0.0,0.42348504
1.0,0.96648216
0.0,0.0044493377
0.0,0.01162985
1.0,0.5614981
1.0,0.96667373
0.0,0.45664203
0.0,0.045131683
0.0,0.0015672743
1.0,0.9932057
0.0,0.038128287
1.0,0.9928206
1.0,0.7451356
0.0,0.021286875
0.0,0.031979382
0.0,0.011293471
1.0,0.5619268
0.0,0.19176647
1.0,0.66636336
0.0,0.022893101
1.0,0.70861465
0.0,0.05454436
0.0,0.04892543
0.0,0.00022175908
1.0,0.9989601
0.0,0.8278381
1.0,0.9990741
1.0,0.906901
0.0,0.0056815147
1.0,0.20012045
0.0,0.16503826
1.0,0.6911204
0.0,0.0013488829
1.0,0.9974638
0.0,0.0024233758
1.0,0.8539778
1.0,0.9977038
1.0,0.99609864
0.0,0.0044480264
1.0,0.99603283
1.0,0.47450307
0.0,0.011065185
1.0,0.99206007
1.0,0.6726658
1.0,0.07391679
0.0,0.1567789
0.0,0.004648652
0.0,0.9953367
0.0,0.1555827
