0.0,0.48504218
0.0,0.56382495
1.0,0.06560582
0.0,0.02776596
1.0,0.34154814
0.0,0.026651233
1.0,0.8618246
1.0,0.79639673
1.0,0.622556
0.0,0.0035372078
0.0,0.13742495
1.0,0.8966198
0.0,0.0031464398
0.0,0.13431457
0.0,0.05218059
0.0,0.0009953678
1.0,0.64949375
0.0,0.008434564
0.0,0.01649049
1.0,0.5522592
1.0,0.5245533
0.0,0.00084352493
1.0,0.91983765
0.0,0.064006835
0.0,0.0030893981
1.0,0.6614364
0.0,0.28014052
1.0,0.86929184
0.0,0.012899429
1.0,0.9016888
0.0,0.006078124
0.0,0.21957576
1.0,0.93452215
1.0,0.98841876
1.0,0.919028
1.0,0.95562947
1.0,0.46236375
0.0,0.02099055
1.0,0.9553498
1.0,0.05889538
1.0,0.7470413
1.0,0.9723172
0.0,0.012235463
1.0,0.8651723
1.0,0.89407974
0.0,0.01281631
0.0,0.0017515719
0.0,0.0144687295
0.0,0.0070796907
1.0,0.9775368
0.0,0.15686637
1.0,0.66088307
1.0,0.9895965
1.0,0.79761374
0.0,0.015482783
0.0,0.007903427
0.0,0.02037242
1.0,0.08045238
1.0,0.8885673
1.0,0.38967592
1.0,0.9920565
0.0,0.48965004
1.0,0.9868491
1.0,0.59489834
1.0,0.96810496
0.0,0.06961694
0.0,0.27306676
1.0,0.9596064
0.0,0.016726315
1.0,0.8801948
0.0,0.33556604
1.0,0.9512848
0.0,0.0008264184
0.0,0.08073962
1.0,0.47506222
0.0,0.1584467
0.0,0.0048680604
0.0,0.08543798
0.0,0.0042069852
1.0,0.963675
0.0,0.009254485
1.0,0.97054374
1.0,0.96569306
1.0,0.9948551
1.0,0.9152092
1.0,0.8938563
1.0,0.9044603
0.0,0.14520106
0.0,0.02995503
1.0,0.4935895
0.0,0.012110323
1.0,0.35013452
0.0,0.0018081367
0.0,0.5962643
0.0,0.18039548
1.0,0.9848808
0.0,0.006652355
0.0,0.02651915
1.0,0.35698003
1.0,0.99402595
0.0,0.0027992725
0.0,0.017989427
1.0,0.003521651
0.0,0.029190391
0.0,0.049428374
1.0,0.9667095
1.0,0.008698255
0.0,0.021036148
1.0,0.0017659068
1.0,0.9861522
1.0,0.9264915
0.0,0.0127951205
1.0,0.007232994
0.0,0.12334916
0.0,0.010639995
1.0,0.17198259
0.0,0.0213463
1.0,0.897229
1.0,0.21729305
1.0,0.9697988
0.0,0.0175412
1.0,0.9525853
0.0,0.9576061
0.0,0.005413592
0.0,0.18626216
1.0,0.25244153
0.0,0.007955521
0.0,0.046083897
1.0,0.8764037
1.0,0.86029994
1.0,0.984169
0.0,0.117548466
0.0,0.0062114894
1.0,0.45300332
1.0,0.99085295
0.0,0.71582484
0.0,0.053513825
0.0,0.010488778
0.0,0.07969272
0.0,0.013523042
1.0,0.75432134
0.0,0.16828096
1.0,0.039733708
0.0,0.007343799
0.0,0.027018338
0.0,0.00047251582
1.0,0.29125184
0.0,0.020389438
0.0,0.0024164915
0.0,0.035919458
0.0,0.048674524
0.0,0.0025535226
0.0,0.002470076
0.0,0.7351905
0.0,0.15858951
1.0,0.96802914
0.0,0.0013474822
0.0,0.012692183
1.0,0.99610746
0.0,0.01351738
0.0,0.18164322
0.0,0.033578724
0.0,0.009824514
0.0,0.08426392
1.0,0.98733693
0.0,0.07649723
1.0,0.88916636
0.0,0.019266516
0.0,0.008168161
1.0,0.9082774
0.0,0.8423611
0.0,0.97490877
0.0,0.8485805
0.0,0.00079372525
1.0,0.88959074
1.0,0.91995883
0.0,0.03370717
1.0,0.5902244
0.0,0.17116651
1.0,0.9459778
1.0,0.51363724
1.0,0.84876454
1.0,0.9822563
1.0,0.96671635
0.0,0.4934918
0.0,0.00013703108
0.0,0.009331346
0.0,0.9581202
0.0,0.16106814
0.0,0.017731339
1.0,0.18681276
0.0,0.0005994439
0.0,0.84572494
1.0,0.8699826
1.0,0.32834858
1.0,0.9905883
0.0,0.0036146343
0.0,0.015162736
0.0,0.013743579
1.0,0.015828341
0.0,0.46883196
0.0,0.3264918
0.0,0.56097275
0.0,0.2472859
0.0,0.057417363
1.0,0.08530399
0.0,0.015403032
1.0,0.14460966
0.0,0.00051140785
0.0,0.046567827
0.0,0.00519529
1.0,0.92524874
0.0,0.011635065
0.0,0.41955367
0.0,0.002512008
0.0,0.0043431222
0.0,0.9196101
0.0,0.5762353
1.0,0.99609506
0.0,0.0045773387
0.0,0.004793614
1.0,0.8478142
1.0,0.984223
0.0,0.89483666
0.0,0.003962815
0.0,0.0013971925
0.0,0.26592666
0.0,0.024921149
0.0,0.09579864
1.0,0.9945033
0.0,0.029965758
1.0,0.8840035
0.0,0.0032462776
1.0,0.7966503
1.0,0.64576256
0.0,0.018580109
0.0,0.01691851
0.0,0.03384754
1.0,0.9262067
1.0,0.53452927
1.0,0.9742154
1.0,0.37384304
0.0,0.007810205
0.0,0.84861314
1.0,0.99073213
0.0,0.19639608
0.0,0.0077551007
0.0,0.002696246
0.0,0.5584588
0.0,0.017546833
0.0,0.011995554
0.0,0.15118328
1.0,0.9182637
0.0,0.0096201
0.0,0.3798825
0.0,0.020084888
1.0,0.9146223
1.0,0.9601997
0.0,0.0108096
0.0,0.036910325
0.0,0.010390282
1.0,0.99057233
0.0,0.03599912
0.0,0.0004465878
0.0,0.012367398
0.0,0.005268693
1.0,0.9669028
1.0,0.94098294
1.0,0.99340034
0.0,0.018229097
1.0,0.868191
0.0,0.01355502
0.0,0.024423689
0.0,0.5422344
1.0,0.8393284
1.0,0.77853525
0.0,0.0034870803
0.0,0.012494415
1.0,0.6404278
1.0,0.39026502
0.0,0.06930834
1.0,0.27521235
1.0,0.9936666
0.0,0.68222165
0.0,0.10432038
0.0,0.029185206
0.0,0.013341874
0.0,0.8312907
0.0,0.015363097
1.0,0.97630394
0.0,0.023212224
0.0,0.018619984
1.0,0.9950692
0.0,0.008495837
1.0,0.96013284
1.0,0.012990385
1.0,0.88143945
1.0,0.85694826
1.0,0.9289665
0.0,0.035427332
1.0,0.75460935
0.0,0.89988935
1.0,0.9893333
0.0,0.5576093
0.0,0.11766222
0.0,0.005596161
0.0,0.04465431
0.0,0.37086982
1.0,0.9834373
0.0,0.981719
1.0,0.8013244
0.0,0.720585
1.0,0.65320134
1.0,0.98937726
0.0,0.008898705
0.0,0.0051664114
0.0,0.004570842
1.0,0.9024497
1.0,0.06615454
0.0,0.00054603815
0.0,0.0026873648
0.0,0.0044957697
0.0,0.016628385
1.0,0.97527915
1.0,0.6569615
0.0,0.019727021
0.0,0.37649173
1.0,0.93200886
1.0,0.96939445
1.0,0.5197012
0.0,0.012292683
0.0,0.83889276
0.0,0.0007766783
0.0,0.18939608
1.0,0.9754281
1.0,0.4415583
0.0,0.042746633
0.0,0.006866157
0.0,0.0032195747
0.0,0.2729322
0.0,0.0013658106
0.0,0.04347065
1.0,0.354415
0.0,0.07801041
0.0,0.0041796267
0.0,0.03490922
0.0,0.8604514
0.0,0.47366777
0.0,0.017382175
0.0,0.004398495
1.0,0.37063187
0.0,0.020643383
1.0,0.9033796
0.0,0.0011271536
0.0,0.13715547
0.0,0.048275083
0.0,0.00058183074
0.0,0.9805746
1.0,0.17303982
1.0,0.80810356
0.0,0.77561104
1.0,0.8037047
0.0,0.0055902004
0.0,0.22004804
0.0,0.15582356
0.0,0.81280357
0.0,0.005643815
0.0,0.00019606948
1.0,0.49472502
0.0,0.0048639476
1.0,0.9821389
0.0,0.014722437
1.0,0.16442892
0.0,0.016129822
1.0,0.010887682
1.0,0.7271814
1.0,0.9513522
0.0,0.0042082667
0.0,0.00692454
1.0,0.97533166
0.0,0.008271962
0.0,0.009023815
1.0,0.008269757
1.0,0.99467397
0.0,0.0836606
1.0,0.9495094
1.0,0.9890305
0.0,0.8622874
0.0,0.014380127
0.0,0.20667389
0.0,0.005190015
0.0,0.0020309985
0.0,0.025616854
1.0,0.96220154
0.0,0.19370544
1.0,0.31458488
1.0,0.06305608
0.0,0.0073588192
0.0,0.06344879
0.0,0.69930834
1.0,0.91626644
1.0,0.97879326
1.0,0.42028627
0.0,0.117558986
1.0,0.9671826
1.0,0.94524693
0.0,0.00026023388
0.0,0.19952679
0.0,0.9081559
0.0,0.44233218
1.0,0.91419077
0.0,0.040625513
1.0,0.09141374
0.0,0.80316514
0.0,0.020038605
0.0,0.024736851
0.0,0.0059936345
0.0,0.0058458447
0.0,0.005518943
0.0,0.0061684847
0.0,0.0076949596
0.0,0.026842266
0.0,0.0836896
0.0,0.09303704
0.0,0.007465452
0.0,0.31371462
0.0,0.006531924
1.0,0.73218876
0.0,0.33902806
1.0,0.8903429
0.0,0.014716327
0.0,0.0097844
0.0,0.014677942
0.0,0.53205174
0.0,0.33687896
0.0,0.062024564
0.0,0.099956155
0.0,0.0018035471
0.0,0.004147589
0.0,0.012629002
0.0,0.6424534
1.0,0.6698686
0.0,0.014330864
0.0,0.023420006
0.0,0.6796107
0.0,0.016347766
1.0,0.6292131
0.0,0.6419235
1.0,0.44474557
0.0,0.0034959316
0.0,0.03074202
1.0,0.98316973
0.0,0.7834326
1.0,0.6431836
1.0,0.9769701
1.0,0.94866306
1.0,0.88664174
0.0,0.0022806227
1.0,0.79346937
0.0,0.0058639646
0.0,0.011307567
0.0,0.022839874
1.0,0.9924745
0.0,0.0025014281
0.0,0.00657925
1.0,0.7376959
1.0,0.988919
0.0,0.2087917
0.0,0.001768142
1.0,0.69017404
0.0,0.0022327304
1.0,0.49398148
0.0,0.47829744
0.0,0.12145683
1.0,0.47634518
0.0,0.8579048
0.0,0.0006388426
1.0,0.29654396
0.0,0.014183044
1.0,0.98422027
0.0,0.00647673
1.0,0.4699532
1.0,0.4342006
1.0,0.39942092
1.0,0.9951915
0.0,0.39051405
0.0,0.029439032
1.0,0.5881603
0.0,0.019321054
0.0,0.5826559
1.0,0.82519084
1.0,0.85323155
1.0,0.9689603
0.0,0.010328144
1.0,0.9736723
1.0,0.7912366
0.0,0.05471289
1.0,0.84337914
0.0,0.57819337
1.0,0.8157179
1.0,0.8880056
0.0,0.7247346
0.0,0.35137132
1.0,0.23081356
0.0,0.12242177
1.0,0.9163394
0.0,0.6318403
0.0,0.0072155595
0.0,0.84362274
1.0,0.99386805
0.0,0.00030717254
0.0,0.0036728382
0.0,0.85011196
1.0,0.41891316
0.0,0.014308423
0.0,0.0054534078
0.0,0.08400273
0.0,0.86869633
1.0,0.55732095
1.0,0.9111478
0.0,0.022215992
0.0,0.8376657
0.0,0.23461947
0.0,0.16234848
0.0,0.009350568
1.0,0.90320563
0.0,0.0008584559
1.0,0.9538938
0.0,0.5039799
0.0,0.10571751
1.0,0.8822638
0.0,0.0155619085
0.0,0.057152122
0.0,0.004819125
0.0,0.02445972
0.0,0.108157724
0.0,0.005252987
0.0,0.013568491
0.0,0.07334724
1.0,0.89465284
1.0,0.96695673
0.0,0.0021981597
0.0,0.017937064
1.0,0.99270844
0.0,0.0033349395
1.0,0.87225693
0.0,0.006861329
0.0,0.00024735928
1.0,0.8665668
0.0,0.1722503
1.0,0.7679207
0.0,0.2703764
1.0,0.4605703
0.0,0.006878048
0.0,0.01534307
0.0,0.64340836
1.0,0.948565
0.0,0.00014516711
0.0,0.07890898
0.0,0.004124284
0.0,0.94805396
1.0,0.061858565
0.0,0.0025745332
0.0,0.0050640404
1.0,0.95555484
1.0,0.06347701
0.0,0.017635643
1.0,0.5388431
0.0,0.04563719
0.0,0.6612879
1.0,0.92472965
1.0,0.98049194
0.0,0.043672204
1.0,0.8272177
1.0,0.96800685
0.0,0.060664773
0.0,0.10696733
0.0,0.048794717
1.0,0.009334683
0.0,9.6708536e-05
0.0,0.011850417
0.0,0.007817388
1.0,0.98924434
1.0,0.8297725
0.0,0.022361934
1.0,0.37840003
1.0,0.019126177
0.0,0.19724289
1.0,0.87014943
0.0,0.056886405
1.0,0.9498832
0.0,0.040950596
1.0,0.798141
0.0,0.013518423
0.0,0.0028434992
1.0,0.8617211
0.0,0.0049496293
1.0,0.9217799
0.0,0.028936058
0.0,0.016339362
0.0,0.0035833716
1.0,0.69739467
0.0,0.24929935
1.0,0.38878918
0.0,0.0058350265
1.0,0.878016
1.0,0.69466746
0.0,0.00057554245
1.0,0.9826604
1.0,0.95784163
1.0,0.15515077
1.0,0.7721219
0.0,0.09269124
0.0,0.010568291
0.0,0.9130644
1.0,0.95279896
1.0,0.39242652
0.0,0.003719151
0.0,0.013925701
0.0,0.17087904
1.0,0.91332436
0.0,0.62231886
1.0,0.004285395
1.0,0.9784999
0.0,0.00084751844
0.0,0.04791802
1.0,0.96977997
0.0,0.43735528
1.0,0.98022217
0.0,0.2878914
0.0,0.0113551915
0.0,0.052776426
1.0,0.19530207
0.0,0.08195114
1.0,0.9884311
0.0,0.0090812445
1.0,0.5103893
0.0,0.23089716
0.0,0.3954878
1.0,0.07436034
1.0,0.2332781
1.0,0.8772595
1.0,0.95521194
0.0,0.026984513
0.0,0.01591307
0.0,0.8318862
0.0,0.0007022023
1.0,0.9582589
1.0,0.5588037
0.0,0.0011878908
0.0,0.019762158
0.0,0.0021823645
1.0,0.80819005
0.0,0.00415501
0.0,0.01471898
0.0,0.019586056
0.0,0.60579014
0.0,0.029113859
0.0,0.57034737
1.0,0.8316747
0.0,0.74422586
1.0,0.2712943
0.0,0.06362066
0.0,0.47406745
1.0,0.8114874
1.0,0.8170116
1.0,0.9223418
0.0,0.004739195
0.0,0.05616051
1.0,0.52588063
0.0,0.0028989315
0.0,0.009918302
0.0,0.2354685
1.0,0.91600645
0.0,0.025521189
0.0,0.09856564
1.0,0.9864577
0.0,0.050584078
1.0,0.9804776
1.0,0.9284314
1.0,0.9833417
0.0,0.0021017492
1.0,0.8441863
1.0,0.97942746
0.0,0.2226834
1.0,0.03401476
0.0,0.009263068
0.0,0.07038206
0.0,0.08842039
0.0,0.0042440593
1.0,0.8790784
1.0,0.73253995
1.0,0.9979509
1.0,0.95131516
1.0,0.9875201
0.0,0.6066242
0.0,0.96345013
1.0,0.9918833
0.0,0.010246396
1.0,0.7255074
1.0,0.9950801
0.0,0.09880915
1.0,0.16378444
1.0,0.20862606
0.0,0.010875702
0.0,0.02883026
0.0,0.0012578964
0.0,0.008563697
1.0,0.78142655
1.0,0.9592769
0.0,0.008175582
0.0,0.0062663853
1.0,0.011729062
1.0,0.6978791
1.0,0.10815272
0.0,0.025303394
1.0,0.7947322
1.0,0.3063557
0.0,0.036979377
0.0,0.025919557
1.0,0.8771882
1.0,0.9943829
0.0,0.42358303
1.0,0.79672927
0.0,0.05061233
0.0,0.19092807
1.0,0.9716815
0.0,0.045365483
1.0,0.98820746
0.0,0.7091484
0.0,0.23452953
0.0,0.24717239
1.0,0.9439684
1.0,0.3101741
0.0,0.016403496
0.0,0.0020657778
1.0,0.8190375
0.0,0.0065657496
1.0,0.87602484
1.0,0.5225312
1.0,0.6084467
0.0,0.02874893
0.0,0.89365983
0.0,0.68712753
0.0,0.0025097132
0.0,0.001464963
1.0,0.9979
0.0,0.099185884
0.0,0.0041451156
1.0,0.9815111
0.0,0.001982987
1.0,0.058977216
1.0,0.7383032
0.0,0.0034546852
0.0,0.14383438
0.0,0.6991792
0.0,0.0016975999
0.0,0.0006531477
0.0,0.0035431087
0.0,0.0092841685
0.0,0.89374554
1.0,0.800923
1.0,0.8336445
0.0,0.56052834
0.0,0.39156902
0.0,0.011511236
0.0,0.011006415
0.0,0.0035667121
1.0,0.16229302
0.0,0.016206264
0.0,0.00014311075
1.0,0.9941634
1.0,0.14547902
0.0,0.0044464767
0.0,0.961009
0.0,0.00011882186
0.0,0.02403465
0.0,0.0023865402
0.0,0.042619318
1.0,0.91743827
1.0,0.7948536
1.0,0.95141625
0.0,0.0013403296
1.0,0.83302414
1.0,0.82209957
0.0,0.08518806
0.0,0.0010004342
1.0,0.6493315
1.0,0.53376395
1.0,0.8724047
1.0,0.98162913
1.0,0.83118224
0.0,0.1260443
0.0,0.4006068
1.0,0.37291083
0.0,0.0025148094
1.0,0.9379983
0.0,0.0021972358
1.0,0.78686404
0.0,0.011808127
0.0,0.6010506
0.0,0.0123538375
0.0,0.046863437
0.0,0.23739144
0.0,0.00012758374
0.0,0.0014351904
0.0,0.024607688
0.0,0.45812812
0.0,0.0010582805
0.0,0.0019392371
1.0,0.76662976
1.0,0.6471949
1.0,0.9436573
0.0,0.93994975
0.0,0.45919836
0.0,0.7120582
0.0,0.014398783
1.0,0.8923503
1.0,0.10049358
1.0,0.91620266
1.0,0.984252
0.0,0.8835684
0.0,0.015488893
0.0,0.0005131066
1.0,0.65031236
0.0,0.006002575
1.0,0.00057542324
1.0,0.9546218
0.0,0.20240456
0.0,0.0012198687
0.0,0.00842008
0.0,0.6490646
1.0,0.9505409
1.0,0.8568245
0.0,0.06742707
1.0,0.65465343
1.0,0.34987462
0.0,0.37568533
0.0,0.023106188
1.0,0.87315464
0.0,0.005212456
0.0,0.025041401
0.0,0.004779458
0.0,0.18681863
0.0,0.004216701
1.0,0.8245502
0.0,0.13515756
0.0,0.8108919
1.0,0.9923729
1.0,0.8097858
0.0,0.56516004
0.0,0.24461567
1.0,0.73612535
0.0,0.030941993
0.0,0.00016099215
1.0,0.9592314
0.0,0.06675497
0.0,0.013560951
0.0,0.026998758
1.0,0.9429587
0.0,0.2668454
1.0,0.8340143
1.0,0.8339994
1.0,0.9974211
0.0,0.0026636422
1.0,0.5903317
0.0,0.014815599
1.0,0.94344294
0.0,0.092074305
1.0,0.96394765
0.0,0.011720389
0.0,0.012880772
1.0,0.9557425
0.0,0.0043352246
0.0,0.004262477
1.0,0.44934872
1.0,0.8960105
1.0,0.094644666
1.0,0.59488577
1.0,0.7886968
1.0,0.97483313
1.0,0.6985111
0.0,0.005135387
1.0,0.2455853
1.0,0.9594878
0.0,0.10776955
0.0,0.0061236024
0.0,0.0012247562
1.0,0.29747865
0.0,0.008832514
0.0,0.06730914
0.0,0.17139474
1.0,0.9412427
0.0,0.013873458
0.0,0.23759198
1.0,0.5817017
1.0,0.95925105
1.0,0.9292971
1.0,0.06799272
0.0,0.9875922
0.0,0.01979357
0.0,0.07850373
0.0,0.020665169
0.0,0.0038442314
0.0,0.028425634
0.0,0.014743835
1.0,0.16247898
1.0,0.95935524
0.0,0.026235938
1.0,0.820297
0.0,0.0034718812
0.0,0.004047781
1.0,0.9616472
0.0,0.0034458935
0.0,0.92065674
0.0,0.0051679313
0.0,0.6548671
0.0,0.011405826
0.0,0.0077381134
0.0,0.98205805
1.0,0.9019791
0.0,0.03868842
0.0,0.44644403
1.0,0.7225207
0.0,0.0019741952
1.0,0.7617619
0.0,0.0049520433
0.0,0.0018339157
0.0,0.010440677
0.0,0.20775464
0.0,0.0014468431
0.0,0.0047001243
0.0,0.016131312
0.0,0.29423746
0.0,0.47640488
1.0,0.52103114
0.0,0.035487533
1.0,0.88376844
0.0,0.16623098
1.0,0.03972593
0.0,0.19066349
0.0,0.0046036243
0.0,0.10348934
1.0,0.961956
1.0,0.02212134
1.0,0.27615625
0.0,0.008515388
0.0,0.43126684
1.0,0.9048667
0.0,0.027745962
0.0,0.004031718
1.0,0.8231118
0.0,0.007291794
1.0,0.95178354
1.0,0.5411448
0.0,0.0020023286
1.0,0.43379086
0.0,0.10968515
1.0,0.56140196
0.0,0.101356685
1.0,0.9939016
0.0,0.00015887618
0.0,0.96214855
0.0,0.024246275
0.0,0.075479865
0.0,0.0027367473
0.0,0.04695183
0.0,0.018745482
1.0,0.9449401
0.0,0.015485555
0.0,0.00045093894
0.0,0.00024551153
0.0,0.4861774
0.0,0.19421867
1.0,0.57520974
0.0,0.31703225
0.0,0.19847968
1.0,0.46193993
0.0,0.35428846
1.0,0.8508806
0.0,0.74255645
1.0,0.57751775
1.0,0.83777153
0.0,0.0011795759
1.0,0.9917742
0.0,0.5815622
0.0,0.018351674
0.0,0.005694896
0.0,0.12556708
1.0,0.13917828
1.0,0.9946202
0.0,0.07760501
0.0,0.03253135
1.0,0.98164165
0.0,0.016484588
1.0,0.66381717
1.0,0.12980989
1.0,0.8009908
0.0,0.003519386
1.0,0.49901134
0.0,0.040703267
1.0,0.9519144
1.0,0.24425846
0.0,0.07616636
0.0,0.587232
0.0,0.07687172
0.0,0.1226702
1.0,0.794879
1.0,0.8256408
1.0,0.9956099
0.0,0.010614693
0.0,0.00043913722
1.0,0.9475442
0.0,0.9785462
0.0,0.0015852749
0.0,0.02418515
1.0,0.3805605
0.0,0.04268202
0.0,0.009067804
0.0,0.010884821
0.0,0.2572828
1.0,0.54229677
1.0,0.9949096
0.0,0.32687497
0.0,0.0121794045
0.0,0.0058817863
1.0,0.9953104
0.0,0.018102884
0.0,0.6964542
1.0,0.8738479
0.0,0.00039228797
0.0,0.3813383
1.0,0.9717245
0.0,0.007240057
1.0,0.2503308
1.0,0.07464427
0.0,0.0072383285
0.0,0.014046222
0.0,0.0015468299
0.0,0.005503267
1.0,0.94428
1.0,0.9979435
1.0,0.9808383
1.0,0.23091954
0.0,0.9094192
0.0,0.18079004
1.0,0.76641625
1.0,0.974741
0.0,0.495758
0.0,0.01685062
1.0,0.18580961
0.0,0.004419178
1.0,0.7543229
0.0,0.0018620193
0.0,0.12344208
1.0,0.96195126
0.0,0.10208818
0.0,0.0023666024
0.0,0.039541006
0.0,0.05179906
0.0,0.120554775
1.0,0.21570247
0.0,0.006088376
1.0,0.9934234
0.0,0.35510355
1.0,0.9194787
0.0,0.0729233
1.0,0.5593892
1.0,0.9790236
1.0,0.98629135
0.0,0.83007526
0.0,0.0035363138
1.0,0.028283387
0.0,0.008719355
0.0,0.061900944
1.0,0.92001504
1.0,0.4732275
0.0,0.039168328
1.0,0.95872325
1.0,0.9226725
0.0,0.9690035
0.0,0.005031377
0.0,0.4884574
0.0,0.0047981143
0.0,0.0009147823
0.0,0.88311404
1.0,0.99344736
1.0,0.96396625
1.0,0.9604557
0.0,0.0021634102
0.0,0.0013701618
0.0,0.00307858
0.0,0.011762023
0.0,0.033930093
0.0,0.009565532
1.0,0.76419216
1.0,0.97884506
1.0,0.69089
0.0,0.11234841
0.0,0.007085055
1.0,0.9542868
0.0,0.08434054
0.0,0.25869554
1.0,0.8219929
0.0,0.6089248
0.0,0.42099893
1.0,0.9316129
0.0,0.030695498
1.0,0.54738843
1.0,0.85465837
0.0,0.8395381
0.0,0.0042369366
1.0,0.9990096
0.0,0.0007957518
0.0,0.25151914
1.0,0.5196783
1.0,0.9091677
1.0,0.72483885
1.0,0.9479551
0.0,0.96974146
0.0,0.015279442
0.0,0.0060780346
1.0,0.6330767
0.0,0.9800327
1.0,0.8376088
0.0,0.5371969
1.0,0.6366949
1.0,0.44142607
0.0,0.045613915
0.0,0.008762062
0.0,0.0028175712
0.0,0.4553227
0.0,0.010849446
0.0,0.0017535388
1.0,0.34178588
1.0,0.13900152
0.0,0.47262883
1.0,0.9470222
1.0,0.15234685
0.0,0.00086030364
0.0,0.09900141
1.0,0.9410627
1.0,0.331116
0.0,0.009362578
0.0,0.06387141
0.0,0.0025153458
0.0,0.015244812
1.0,0.8404701
1.0,0.97682947
0.0,0.01805833
0.0,0.00077825785
0.0,0.09793851
0.0,0.18191382
0.0,0.003173709
0.0,0.02322805
0.0,0.89484787
0.0,0.43789983
0.0,0.0060463846
0.0,0.026769012
0.0,0.06971675
1.0,0.9695187
1.0,0.8414399
0.0,0.0014907122
0.0,0.01801914
0.0,2.9236078e-05
0.0,0.009962231
0.0,0.037100703
0.0,0.15924785
0.0,0.008071482
0.0,0.8018355
1.0,0.8686594
1.0,0.98618823
1.0,0.9429348
1.0,0.8288841
1.0,0.99260825
0.0,0.3779375
0.0,0.013924718
0.0,0.010832578
0.0,0.041545868
1.0,0.4968627
0.0,0.0067934394
1.0,0.8702581
0.0,0.016030282
0.0,0.8484874
0.0,0.5107925
0.0,0.02345252
0.0,0.09503701
0.0,0.4797585
0.0,0.03499025
0.0,0.0034033954
1.0,0.67428595
1.0,0.82954884
0.0,0.21747214
0.0,0.065015495
0.0,0.0045824945
0.0,0.00291425
1.0,0.99047256
0.0,0.004579574
1.0,0.2920333
0.0,0.011803716
1.0,0.31426024
0.0,0.0024315417
0.0,0.13995054
1.0,0.9176191
0.0,0.0001885593
1.0,0.96778816
0.0,0.012294292
0.0,0.19448668
0.0,0.13285756
0.0,0.0017070174
0.0,0.003268391
1.0,0.84002495
1.0,0.97647566
0.0,0.34233826
0.0,0.0146887
0.0,0.0063605607
0.0,0.053450137
1.0,0.7179679
0.0,0.20384651
1.0,0.23019263
1.0,0.8991385
0.0,0.683332
0.0,0.037043214
0.0,0.1528413
0.0,0.024060875
0.0,0.07744253
0.0,0.07388711
0.0,0.022194237
0.0,0.51714295
0.0,0.25695598
1.0,0.9242431
0.0,0.9878557
0.0,0.018854171
1.0,0.90884703
0.0,0.040797144
0.0,0.082399726
0.0,0.005859971
0.0,0.018294275
1.0,0.013740331
1.0,0.82524
1.0,0.9845082
0.0,0.011066794
0.0,0.0043686926
0.0,0.011004508
0.0,0.837602
0.0,0.14685115
0.0,0.7653815
1.0,0.99030733
1.0,0.9844812
1.0,0.9313477
0.0,0.048330516
1.0,0.995785
1.0,0.34954226
0.0,0.02169165
1.0,0.9083647
0.0,0.04282126
0.0,0.013237983
0.0,0.82192516
1.0,0.99265695
1.0,0.95326984
1.0,0.6256508
0.0,0.9115207
0.0,0.13882467
0.0,0.011538595
1.0,0.95900464
1.0,0.9854289
1.0,0.98821807
1.0,0.8663805
0.0,0.009480178
0.0,0.008228421
0.0,0.014947474
0.0,0.18488929
1.0,0.93304217
0.0,0.010494858
0.0,0.025702894
0.0,0.07212752
1.0,0.2792945
0.0,0.095537156
0.0,0.10124534
0.0,0.07174346
0.0,0.90147007
0.0,0.017021328
0.0,0.06769392
0.0,0.0027412474
0.0,0.028150976
0.0,0.004454583
1.0,0.97253275
1.0,0.17610148
0.0,0.7274121
0.0,0.7678941
0.0,0.43464234
1.0,0.7099014
0.0,0.0056681335
0.0,0.016398847
0.0,0.73411226
0.0,0.003256023
1.0,0.8270695
0.0,0.0077454746
0.0,0.007791519
1.0,0.83294094
1.0,0.82753634
1.0,0.9583522
0.0,0.015597314
0.0,0.019370437
1.0,0.86597836
1.0,0.97942924
1.0,0.9866289
0.0,0.79883724
0.0,0.2696541
0.0,0.0004143715
1.0,0.10930544
1.0,0.9708439
0.0,0.005057037
0.0,0.8285068
1.0,0.65864664
1.0,0.92107606
0.0,0.0045987368
1.0,0.8802215
1.0,0.41129556
0.0,0.003213495
1.0,0.50319976
0.0,0.006934434
0.0,0.008152157
0.0,0.64357376
0.0,0.009930015
1.0,0.86224043
0.0,0.21616656
1.0,0.84577817
1.0,0.73366266
1.0,0.16179478
0.0,0.0009739697
0.0,0.6399363
1.0,0.74869716
0.0,0.00019428134
1.0,0.5886506
1.0,0.8663443
0.0,0.97177005
0.0,0.05842465
1.0,0.7883865
1.0,0.9850166
0.0,0.0030199885
1.0,0.5632229
1.0,0.2049025
1.0,0.88042814
1.0,0.9898087
1.0,0.71691877
1.0,0.9613959
0.0,0.022643
0.0,0.15165356
0.0,0.050029606
1.0,0.9425001
1.0,0.43890116
0.0,0.15581813
0.0,0.030342966
1.0,0.078590065
0.0,0.0018411577
1.0,0.9927997
0.0,0.33785272
1.0,0.91043806
1.0,0.8565788
0.0,0.05384469
1.0,0.56145096
0.0,0.04996696
1.0,0.99353033
1.0,0.9397297
1.0,0.13386896
0.0,0.018786997
0.0,0.010262579
1.0,0.7613267
0.0,0.023682356
1.0,0.96723914
0.0,0.0046800077
0.0,0.56030107
0.0,0.0844748
0.0,0.042768925
0.0,0.0011198521
0.0,0.6754965
0.0,0.2794407
1.0,0.9573457
1.0,0.07717374
0.0,0.008252919
1.0,0.99590605
1.0,0.7466904
0.0,0.7454579
0.0,0.8337106
0.0,0.17826873
0.0,0.09696856
0.0,0.050707787
0.0,0.22434366
1.0,0.2769099
1.0,0.99466825
0.0,0.0090917945
0.0,0.0029618144
0.0,0.44191253
0.0,0.6494774
0.0,0.44801733
1.0,0.9872421
0.0,0.09640449
0.0,0.0082497895
1.0,0.65241647
1.0,0.9361985
0.0,0.027096659
0.0,0.089972764
0.0,0.0047517717
1.0,0.86991
1.0,0.53026587
0.0,0.0057639778
0.0,0.03374225
0.0,0.0024229288
0.0,0.16059291
0.0,0.0019821227
1.0,0.98269904
1.0,0.7656917
1.0,0.18947664
0.0,0.00026896596
1.0,0.068136215
0.0,0.6275354
1.0,0.99584985
1.0,0.6710489
0.0,0.010416269
0.0,0.000336349
0.0,0.0023314059
0.0,0.56307864
0.0,0.90461075
1.0,0.99512744
0.0,0.8422481
0.0,0.3522107
0.0,0.016789109
0.0,0.00041416287
0.0,0.02303952
0.0,0.07113013
0.0,0.32248974
1.0,0.36856306
1.0,0.95480436
0.0,0.00034692883
0.0,0.5664612
0.0,0.5669636
0.0,0.002927512
1.0,0.9685554
0.0,0.015096247
0.0,0.16099519
1.0,0.7932689
0.0,0.6379306
0.0,0.023372889
0.0,0.008153319
0.0,0.0026631653
1.0,0.9700577
1.0,0.92329973
0.0,0.009761125
1.0,0.40171403
1.0,0.8930111
1.0,0.91490495
0.0,0.14522502
0.0,0.03415543
1.0,0.95041716
1.0,0.94454217
0.0,0.0026494265
1.0,0.9846907
0.0,0.0053396523
1.0,0.90494806
1.0,0.9214202
1.0,0.85187525
0.0,0.013051152
1.0,0.46102574
1.0,0.18486324
0.0,0.020630807
0.0,0.034924805
0.0,0.9845333
0.0,0.09172404
0.0,0.0074935555
0.0,0.0033282638
1.0,0.99291
0.0,0.06420773
0.0,0.16063094
0.0,0.26196414
0.0,0.009434611
0.0,0.022761494
0.0,0.020293534
1.0,0.948055
0.0,0.012520045
0.0,0.0060650706
0.0,0.3702503
1.0,0.95059884
1.0,0.8023858
1.0,0.9833029
1.0,0.9616616
0.0,0.006722003
0.0,0.008741945
0.0,0.015955895
0.0,0.009996682
0.0,0.7829534
0.0,0.009743869
1.0,0.9302571
0.0,0.59722173
1.0,0.45430335
1.0,0.0076884627
1.0,0.8868431
0.0,0.008839548
0.0,0.008839935
0.0,0.0003091991
0.0,0.0063745677
1.0,0.7512732
1.0,0.93131554
1.0,0.8680668
1.0,0.891572
1.0,0.9954884
0.0,0.007745415
0.0,0.025841594
0.0,0.6981669
0.0,0.003217429
1.0,0.9718164
0.0,0.0048858225
0.0,0.8948081
1.0,0.859689
1.0,0.5307338
0.0,0.0034107268
0.0,0.44117326
0.0,0.15152735
0.0,0.33999953
1.0,0.90570337
0.0,0.98218334
0.0,0.50921714
1.0,0.9926548
0.0,0.058240414
1.0,0.97423595
1.0,0.9794525
0.0,0.00066399574
0.0,0.26448607
0.0,0.010355562
0.0,0.012663007
1.0,0.86276746
0.0,0.01909417
0.0,0.15433931
0.0,0.86602575
0.0,0.0016420782
1.0,0.9878707
1.0,0.09987065
1.0,0.92964125
1.0,0.9227805
0.0,0.64154804
0.0,0.009991795
1.0,0.8585869
0.0,0.0040391088
1.0,0.49548063
0.0,0.012150377
1.0,0.9559163
1.0,0.9889715
0.0,0.54988986
0.0,0.04524386
0.0,0.83973277
0.0,0.019851625
0.0,0.005195707
0.0,0.015327752
1.0,0.9793025
0.0,0.0022464097
0.0,0.17152521
0.0,0.07352787
0.0,0.2885353
0.0,0.006317973
0.0,5.468726e-05
0.0,0.04424879
0.0,0.0010873377
0.0,0.00028064847
0.0,0.03791818
0.0,0.38090882
0.0,0.0014418662
1.0,0.76517606
0.0,0.23641232
1.0,0.9715949
0.0,0.006429136
0.0,0.0019098818
1.0,0.8201558
0.0,0.015735507
1.0,0.98560715
0.0,0.06896213
1.0,0.68700624
0.0,0.3676592
0.0,0.0053432584
1.0,0.84780365
1.0,0.26508087
0.0,0.002448082
0.0,0.013181061
0.0,0.00034329295
0.0,0.0017008781
0.0,0.0015633106
0.0,0.5355391
1.0,0.9285206
1.0,0.64404964
0.0,0.030941248
0.0,0.007063806
1.0,0.6716827
1.0,0.64699715
1.0,0.905267
0.0,0.0016221106
1.0,0.061148077
0.0,0.028061122
1.0,0.35977155
0.0,0.0002195239
1.0,0.28379628
0.0,0.010510176
0.0,0.09193456
0.0,0.105193555
0.0,0.7815441
1.0,0.9121239
0.0,0.11879927
0.0,0.045538694
1.0,0.9755237
0.0,0.0010385513
0.0,0.5280765
0.0,0.19547012
1.0,0.9941162
0.0,0.15011537
0.0,0.015933096
0.0,0.99657637
1.0,0.74296594
0.0,0.0013362169
0.0,0.8437712
0.0,0.009180814
1.0,0.38750395
0.0,0.013364822
1.0,0.95927787
0.0,0.44542357
1.0,0.88310647
1.0,0.96874046
0.0,0.9397031
1.0,0.94026816
1.0,0.9770385
0.0,0.004750073
0.0,0.7975347
0.0,0.011672586
1.0,0.98550045
0.0,0.0762538
1.0,0.84472907
1.0,0.4986871
0.0,0.10142484
1.0,0.98124707
0.0,0.37925887
1.0,0.36781573
0.0,0.34865385
1.0,0.7446115
0.0,0.6024857
1.0,0.0025016367
0.0,0.19016337
0.0,0.0054172873
0.0,0.0016340613
0.0,0.0054576695
0.0,0.0013492405
0.0,0.0015838444
0.0,0.001851201
0.0,0.307887
0.0,0.10574818
0.0,0.5806258
0.0,0.4141297
0.0,0.004711181
1.0,0.93085337
1.0,0.39232492
0.0,0.19285235
1.0,0.090541184
0.0,0.006565541
0.0,0.74576527
0.0,0.67017466
0.0,0.00475052
0.0,0.007319927
0.0,0.14516127
1.0,0.9758607
0.0,0.001673013
0.0,0.011257112
1.0,0.0009212196
0.0,0.0010300279
1.0,0.893823
0.0,0.023192137
0.0,0.06520817
1.0,0.14646319
0.0,0.003933549
1.0,0.79215705
0.0,0.004183531
0.0,0.0002374947
0.0,0.0014250278
1.0,0.9907677
0.0,0.06853089
1.0,0.7057126
1.0,0.8784374
0.0,0.9608418
0.0,0.00041154027
1.0,0.027552873
0.0,0.0037213564
0.0,0.2798645
0.0,0.84511065
0.0,0.0019368827
0.0,0.89774156
0.0,0.93604386
1.0,0.3578955
0.0,0.009432763
1.0,0.94581854
0.0,0.0013284981
0.0,0.0007972419
0.0,0.00728482
1.0,0.9697954
1.0,0.96565604
0.0,0.10647428
0.0,0.14569795
0.0,0.001003176
0.0,0.03439325
0.0,0.01184085
0.0,0.010195285
0.0,0.0002233088
1.0,0.35191816
1.0,0.92336524
0.0,0.015086025
0.0,0.99006426
1.0,0.63938403
0.0,0.00012737513
1.0,0.86915004
0.0,0.0022705793
0.0,0.029140562
1.0,0.9463793
0.0,0.37572333
1.0,0.8634001
1.0,0.93336535
1.0,0.9805101
0.0,0.38337812
0.0,0.0123150945
0.0,0.5796672
1.0,0.96480024
0.0,0.33931634
1.0,0.9925891
0.0,0.039388508
0.0,0.013477892
0.0,0.07243416
1.0,0.9280656
0.0,0.0077106655
0.0,0.03277403
0.0,0.40155637
1.0,0.0024404824
1.0,0.96584356
0.0,0.030203432
0.0,0.030000389
1.0,0.98806566
1.0,0.98460054
1.0,0.9438833
1.0,0.03690794
0.0,0.013445705
1.0,0.871143
0.0,0.025132298
0.0,0.0109992325
0.0,0.004461825
1.0,0.88331795
0.0,0.06480026
0.0,0.023456186
0.0,0.0013952851
1.0,0.81363463
0.0,0.0843941
1.0,0.8979603
1.0,0.987364
0.0,0.032004923
1.0,0.49567527
0.0,0.010335028
1.0,0.41491506
0.0,0.5276199
0.0,0.009851992
0.0,0.016555935
0.0,0.05147761
1.0,0.9946474
0.0,0.10833606
0.0,0.13984877
0.0,0.8079405
1.0,0.99896073
1.0,0.8260609
0.0,0.007998019
1.0,0.95318145
1.0,0.9739451
1.0,0.9968647
1.0,0.33467406
0.0,0.25924802
1.0,0.7902002
0.0,0.037841678
0.0,0.18462354
1.0,0.3114981
0.0,0.0851939
0.0,0.03126952
0.0,0.04741046
1.0,0.3197505
0.0,0.89070606
0.0,0.15391096
1.0,0.8012784
0.0,0.016310662
1.0,0.6772816
0.0,0.010415524
0.0,0.756962
1.0,0.8480358
1.0,0.95004916
0.0,0.009116471
1.0,0.97089255
1.0,0.9351162
0.0,0.6719692
0.0,0.7229508
1.0,0.51476085
0.0,0.04078749
1.0,0.9856281
0.0,0.036544055
0.0,0.015231699
1.0,0.47562405
1.0,0.9274953
0.0,0.07376996
1.0,0.73852015
0.0,0.038378567
0.0,0.01833719
1.0,0.9876771
0.0,0.010283083
0.0,0.062996835
0.0,0.08639881
1.0,0.8916555
0.0,0.004270196
0.0,0.005635619
1.0,0.74563694
1.0,0.8534895
0.0,0.012108177
0.0,0.1966277
0.0,0.0010453463
1.0,0.054871738
0.0,0.8586014
0.0,0.0028787851
0.0,0.023642063
0.0,0.005539179
0.0,0.007858664
1.0,0.06755638
0.0,0.20463127
0.0,0.00018379092
0.0,0.04474175
1.0,0.8542322
1.0,0.99543774
1.0,0.8680593
0.0,0.5361203
0.0,0.011123031
0.0,0.9869245
1.0,0.9919099
0.0,0.037972867
1.0,0.91174114
0.0,0.00015988946
1.0,0.99085104
0.0,0.20155829
1.0,0.931386
0.0,0.97250116
1.0,0.27246082
0.0,0.049322158
0.0,0.2184614
1.0,0.37998176
1.0,0.952057
1.0,0.9265673
0.0,0.18219662
1.0,0.9380816
1.0,0.51597583
1.0,0.011860281
0.0,0.0003516376
1.0,0.9038142
0.0,0.00981167
0.0,0.8941967
1.0,0.09624833
0.0,0.45466834
0.0,0.0134014785
0.0,0.07579598
0.0,0.017826498
0.0,0.5113859
1.0,0.9357012
1.0,0.9328331
0.0,0.05947709
0.0,0.8127905
0.0,0.0065181255
1.0,0.9811137
0.0,0.79138565
0.0,0.24843031
0.0,0.005446017
0.0,0.0023417473
0.0,0.004089266
0.0,0.81027865
1.0,0.9736012
1.0,0.99280995
1.0,0.042894006
0.0,0.2052503
0.0,0.008009672
0.0,0.0025995076
0.0,0.004211962
0.0,0.01712951
1.0,0.98311913
0.0,0.01785022
0.0,0.13093278
1.0,0.98649836
0.0,0.021960527
1.0,0.14738727
1.0,0.70204055
0.0,0.53340054
0.0,0.00073093176
0.0,0.1272552
1.0,0.756549
0.0,0.35522717
0.0,0.03960222
1.0,0.8760005
1.0,0.6135904
0.0,0.0035299659
0.0,0.01855442
0.0,0.24254405
0.0,0.0034309924
0.0,0.6281339
1.0,0.42691547
1.0,0.9025239
0.0,0.029138207
0.0,0.0003452301
0.0,0.61517346
0.0,0.13749471
1.0,0.77544785
0.0,0.003262639
1.0,0.9423914
0.0,0.02789563
1.0,0.9636071
0.0,0.0033640563
1.0,0.94983304
1.0,0.4316665
0.0,0.0123304725
0.0,0.22904927
0.0,0.0021969378
0.0,0.064685404
1.0,0.77087367
1.0,0.0016298592
1.0,0.21793589
1.0,0.19465968
1.0,0.53892875
0.0,0.00016465783
1.0,0.8188215
1.0,0.7755859
0.0,0.009607434
0.0,0.03489223
0.0,0.023432404
1.0,0.5543462
1.0,0.9745788
0.0,0.961937
0.0,0.019005597
1.0,0.9354762
0.0,0.0040358305
0.0,0.02289486
1.0,0.99453235
0.0,0.5055951
0.0,0.014735937
1.0,0.24115005
1.0,0.9819194
0.0,0.0034033358
0.0,0.014416635
0.0,0.031018794
1.0,0.98452216
1.0,0.89591295
0.0,0.7962604
0.0,0.36840722
1.0,0.9727417
1.0,0.8617923
0.0,0.006935835
0.0,0.08763701
0.0,0.30551654
1.0,0.17288032
1.0,0.46157908
0.0,0.03300765
0.0,0.053419262
1.0,0.95723194
0.0,0.023899138
0.0,0.0061986744
0.0,0.040380687
0.0,0.85531515
1.0,0.9204869
0.0,0.911059
0.0,0.0030949712
0.0,0.5391167
0.0,0.32677042
0.0,0.10047418
1.0,0.72475195
1.0,0.53643835
0.0,0.22986251
1.0,0.9873212
0.0,0.10719237
1.0,0.9500437
1.0,0.023929805
1.0,0.96372926
0.0,0.0016198754
0.0,0.8240471
0.0,0.027422965
1.0,0.98926795
0.0,0.011269748
1.0,0.9795836
0.0,0.08158052
0.0,0.0057450533
1.0,0.120916754
1.0,0.973779
0.0,0.0014644563
1.0,0.5392855
0.0,0.011814177
1.0,0.8880719
0.0,0.003050506
1.0,0.8005235
1.0,0.061326027
0.0,0.011264443
0.0,0.031046629
0.0,0.002159804
0.0,0.002915144
0.0,0.003370136
0.0,0.84629655
0.0,0.057657838
0.0,0.014982551
0.0,0.96085733
0.0,0.008101732
1.0,0.9749024
0.0,0.38023287
0.0,0.06952891
1.0,0.991246
0.0,0.04626304
1.0,0.9935379
0.0,0.009827614
1.0,0.9917164
0.0,0.00225842
0.0,0.08535242
1.0,0.9928463
0.0,0.029677927
0.0,0.0071433187
0.0,0.070026934
1.0,0.9938619
1.0,0.48352778
0.0,0.0051365793
1.0,0.8873781
1.0,0.11312732
1.0,0.9796132
0.0,0.11156407
1.0,0.8885725
1.0,0.896417
0.0,0.53085905
1.0,0.5937802
1.0,0.5038431
0.0,0.008473277
0.0,0.0025606453
0.0,0.020788342
0.0,0.015178442
0.0,0.0055372715
0.0,0.01549843
0.0,0.00774917
0.0,0.0009340346
1.0,0.80054575
0.0,0.2689824
0.0,0.0057430863
0.0,0.038414836
0.0,0.032479525
1.0,0.7021691
0.0,0.0023463368
1.0,0.91296816
0.0,0.31822973
0.0,0.0070874095
1.0,0.21075198
1.0,0.8946998
0.0,0.34387302
0.0,0.16327876
1.0,0.9723309
0.0,0.9632429
0.0,0.038382918
1.0,0.3585684
1.0,0.59135115
1.0,0.7154383
1.0,0.792573
0.0,0.054893464
0.0,0.001211077
1.0,0.3561419
0.0,0.012579709
0.0,0.0029200017
1.0,0.99043286
1.0,0.63014853
1.0,0.9713341
0.0,0.0032037795
1.0,0.13525021
1.0,0.93486214
1.0,0.8753534
0.0,0.0065073967
0.0,0.0054530203
1.0,0.04333937
0.0,0.009125054
0.0,0.64587456
0.0,0.07289225
1.0,0.91906327
0.0,0.007764131
0.0,0.022144556
0.0,0.021520376
0.0,0.46108544
0.0,0.29325372
0.0,0.0014962554
0.0,0.83982795
1.0,0.9886813
0.0,0.058095574
1.0,0.95058775
0.0,0.0043948293
0.0,0.1692695
0.0,0.82683337
1.0,0.0015244782
0.0,0.6783989
0.0,0.004075229
0.0,0.0041941702
0.0,0.5594053
0.0,0.27779758
1.0,0.9854918
0.0,0.18120456
1.0,0.9182186
0.0,0.0063176155
0.0,0.017260253
0.0,0.010207653
0.0,0.7963435
0.0,0.03455025
0.0,0.4126552
0.0,0.514105
0.0,0.024291724
1.0,0.7631787
0.0,0.04275489
1.0,0.0961315
1.0,0.50906813
0.0,0.020909518
0.0,0.06694624
1.0,0.92355436
0.0,0.01135385
1.0,0.87439454
1.0,0.7176632
0.0,0.0075486302
1.0,0.5472132
0.0,0.0077364445
1.0,0.92814296
0.0,0.09312776
0.0,0.13348481
1.0,0.30047357
0.0,0.8897258
0.0,0.0035097003
0.0,0.5172434
1.0,0.67775583
1.0,0.9754317
0.0,0.001839906
0.0,0.19082981
1.0,0.29724464
0.0,0.4520533
1.0,0.040949374
0.0,0.07332301
1.0,0.25008908
0.0,0.46757752
0.0,0.0022542179
0.0,0.64893264
0.0,0.013679743
0.0,0.038545668
1.0,0.012655377
0.0,0.34314108
1.0,0.8516853
0.0,0.0049320757
1.0,0.17751369
0.0,0.014106303
0.0,0.002443701
0.0,0.009192437
0.0,0.018344015
0.0,0.06504339
0.0,0.083786994
0.0,0.3960127
0.0,0.13099924
1.0,0.89579594
0.0,0.007418722
0.0,0.032197326
1.0,0.3472697
1.0,0.28448284
0.0,0.012651354
0.0,0.014395237
1.0,0.854346
0.0,0.11116794
1.0,0.009006023
1.0,0.8344328
1.0,0.6802495
1.0,0.69685304
0.0,0.010878563
0.0,0.0033608675
1.0,0.58201534
0.0,0.27640706
1.0,0.96623075
1.0,0.8457726
1.0,0.9835652
0.0,0.117354035
0.0,0.0030831993
0.0,0.13202259
0.0,0.013547152
1.0,0.8068205
1.0,0.7290778
0.0,0.046657264
0.0,0.052674145
0.0,0.04304564
0.0,0.026697904
1.0,0.06016019
1.0,0.7498969
1.0,0.89795077
0.0,0.81668454
1.0,0.17271695
1.0,0.7317151
1.0,0.5250669
1.0,0.9025012
0.0,0.44182432
0.0,0.583853
0.0,0.78721666
0.0,0.00491789
1.0,0.96501744
1.0,0.9913596
1.0,0.81020105
1.0,0.82740986
0.0,0.021496981
0.0,0.0051790774
0.0,0.009833097
0.0,0.21997508
1.0,0.88537306
0.0,0.042931795
0.0,0.021710694
0.0,0.37777588
0.0,0.0074900985
1.0,0.51362294
1.0,0.6993618
1.0,0.94625187
0.0,0.14403602
0.0,0.41390002
1.0,0.4609598
1.0,0.9842744
0.0,0.005409032
1.0,0.9871355
0.0,0.7189783
1.0,0.9809514
1.0,0.96706873
1.0,0.64675105
0.0,0.032651424
0.0,0.021313757
1.0,0.98977566
0.0,0.16119301
0.0,0.13072512
1.0,0.99420273
0.0,0.019468635
0.0,0.011298418
0.0,0.14770812
1.0,0.1757594
0.0,0.4215954
0.0,0.45651665
1.0,0.6078863
0.0,0.34642842
0.0,0.030748785
0.0,0.028769255
0.0,0.1808497
1.0,0.74333584
0.0,0.94977283
0.0,0.013353199
0.0,0.0024639666
1.0,0.6939159
0.0,0.032498747
0.0,0.0004801154
1.0,0.33092752
0.0,0.11293182
0.0,0.0023149848
1.0,0.9746567
1.0,0.35605472
0.0,0.0018517375
1.0,0.19799921
1.0,0.34959343
0.0,0.4079107
0.0,0.43251345
1.0,0.544706
1.0,0.9563966
0.0,0.0041314065
1.0,0.10030034
1.0,0.48594815
1.0,0.3848647
0.0,0.11496717
1.0,0.14986795
0.0,0.022469342
1.0,0.84809005
0.0,0.0027649999
1.0,0.9247418
0.0,0.698131
0.0,0.04058206
1.0,0.6074835
0.0,0.037540883
1.0,0.89367723
1.0,0.8391082
1.0,0.8698462
1.0,0.19645795
0.0,0.021469891
1.0,0.07118079
0.0,0.5964073
0.0,0.008695543
0.0,0.01928398
0.0,0.014843911
1.0,0.9754033
0.0,0.011591077
0.0,0.48677367
0.0,0.3058293
0.0,0.86189514
1.0,0.9461907
0.0,0.3468864
0.0,0.0030733645
0.0,0.044757247
0.0,0.60868424
1.0,0.7844647
0.0,0.007387489
1.0,0.9386635
1.0,0.9767678
0.0,0.8721734
0.0,0.0033262968
0.0,0.005302638
1.0,0.9734
0.0,0.011438042
1.0,0.0024399161
1.0,0.7220669
1.0,0.98882824
0.0,0.78745395
0.0,0.5563695
0.0,0.0051036775
0.0,0.636121
0.0,0.009138435
0.0,0.003282249
0.0,0.3740018
1.0,0.5748472
0.0,0.13300946
1.0,0.94151336
0.0,0.15501428
1.0,0.5931657
1.0,0.98167574
1.0,0.7643068
1.0,0.9633256
0.0,0.71254724
0.0,0.9574499
0.0,0.028429449
1.0,0.6552931
1.0,0.96652377
0.0,0.021692425
1.0,0.14130712
1.0,0.66367084
1.0,0.8456754
1.0,0.6193023
0.0,0.48258433
0.0,0.027789563
1.0,0.88412416
0.0,0.008681148
0.0,0.65820026
1.0,0.9849638
0.0,0.0010480881
0.0,0.88286126
0.0,0.3850097
0.0,0.0040873587
0.0,0.022973865
1.0,0.9889071
0.0,0.008818924
0.0,0.7471943
1.0,0.31710094
0.0,0.08541113
1.0,0.96934855
0.0,0.19939059
0.0,0.0029320717
0.0,0.002619654
0.0,0.027279407
1.0,0.5672315
0.0,0.13053599
0.0,0.043739915
1.0,0.9230821
1.0,0.9230184
0.0,0.016615868
0.0,0.00990507
0.0,0.0035662055
1.0,0.7316901
0.0,0.010242045
1.0,0.81255424
1.0,0.9038258
1.0,0.2824002
1.0,0.93563175
1.0,0.32388824
0.0,0.70143133
1.0,0.83803594
1.0,0.9877568
0.0,0.006002009
0.0,0.005163938
0.0,0.04736623
1.0,0.8438877
0.0,0.010813564
0.0,0.0026765466
0.0,0.045164138
1.0,0.97046417
0.0,0.061472386
1.0,0.86531186
0.0,0.068488926
0.0,0.5676236
0.0,0.06791273
0.0,0.012174964
0.0,0.016605854
1.0,0.34376988
1.0,0.94110084
0.0,0.026694268
0.0,0.03632614
1.0,0.33348975
0.0,0.000633955
1.0,0.98597133
0.0,0.07231769
0.0,0.008084595
0.0,0.027400851
1.0,0.98514444
1.0,0.43014452
0.0,0.0065983534
0.0,0.041623175
1.0,0.6807181
0.0,0.009248376
0.0,0.0043356717
1.0,0.6838528
1.0,0.99639106
1.0,0.94426084
0.0,0.026720494
1.0,0.79171586
1.0,0.87754595
0.0,0.13294035
0.0,0.01211381
0.0,0.008211046
0.0,0.010953516
0.0,0.0020500422
0.0,0.04439822
1.0,0.7925772
1.0,0.857853
0.0,0.027690291
0.0,0.0015850663
0.0,0.33143717
0.0,0.0695039
1.0,0.9109911
0.0,0.7813362
0.0,0.0256989
0.0,0.6439263
0.0,0.9245989
1.0,0.037988454
0.0,0.0010710657
0.0,0.6509048
1.0,0.87720096
0.0,0.035675734
0.0,0.7665404
0.0,0.008215457
0.0,0.0046755373
1.0,0.63787293
1.0,0.6368929
0.0,0.08425018
0.0,0.89542246
0.0,0.0010747313
0.0,0.93356633
0.0,0.9222466
0.0,0.028141141
0.0,0.0005478859
0.0,0.28480637
1.0,0.017492115
0.0,0.09498787
1.0,0.2861098
0.0,0.6145152
0.0,0.00023403764
0.0,0.06944466
0.0,0.21330807
0.0,0.2608115
0.0,0.1422078
1.0,0.9705843
0.0,0.0036319196
0.0,0.3599593
0.0,0.07556179
1.0,0.5607292
1.0,0.80298793
0.0,0.008767545
0.0,0.34034416
0.0,0.005837202
1.0,0.97433645
1.0,0.80654836
1.0,0.9882529
0.0,0.03192568
1.0,0.9866786
0.0,0.09444159
0.0,0.00251171
0.0,0.04807484
1.0,0.0046464503
0.0,0.002172768
0.0,0.012874007
1.0,0.9909437
1.0,0.14647272
0.0,0.0078290105
1.0,0.99355733
0.0,0.009765238
1.0,0.89884245
0.0,0.0144792795
1.0,0.84865594
0.0,0.9976585
0.0,0.18808848
1.0,0.9077606
0.0,0.00341627
0.0,0.09423837
0.0,0.00963521
0.0,0.02480194
0.0,0.06788862
0.0,0.0045366883
1.0,0.68552226
1.0,0.5974298
0.0,0.5383948
0.0,0.014461428
0.0,0.0022465587
0.0,0.3599829
1.0,0.9903116
0.0,0.009992301
0.0,0.06303209
0.0,0.8695234
0.0,0.439614
0.0,0.0006724
1.0,0.9714509
1.0,0.97283804
0.0,0.0019016564
0.0,0.0032178462
0.0,0.094652325
0.0,0.008848071
1.0,0.47794366
0.0,0.6604938
0.0,0.042646855
0.0,0.0064626634
1.0,0.7207453
0.0,0.0037667751
0.0,0.10818663
1.0,0.9735329
0.0,0.009983331
0.0,0.05072218
1.0,0.690688
1.0,0.49898857
1.0,0.96640366
0.0,0.0024029315
0.0,0.0030432642
0.0,0.14889514
0.0,0.009398252
1.0,0.7820189
0.0,0.05416882
1.0,0.044360757
0.0,0.00033423305
0.0,0.001886636
0.0,0.08994761
1.0,0.96554387
0.0,0.734621
0.0,0.21652171
0.0,0.14072406
1.0,0.8386143
0.0,0.008238345
0.0,0.06505978
0.0,0.00030699372
1.0,0.32879868
0.0,0.009359926
0.0,0.0015112162
1.0,0.07717079
1.0,0.9875736
0.0,0.0012682378
1.0,0.9871951
1.0,0.7932621
1.0,0.93225044
1.0,0.9029864
0.0,0.018233538
1.0,0.7548443
0.0,0.9908428
1.0,0.022246838
0.0,0.011177182
1.0,0.30828875
0.0,0.12156439
1.0,0.23041016
1.0,0.9964227
1.0,0.432822
0.0,0.0015208721
0.0,0.7114546
0.0,0.63028264
0.0,0.060255527
0.0,0.016795903
0.0,0.16234651
1.0,0.9821103
1.0,0.98555315
1.0,0.5451519
0.0,0.009483159
0.0,0.004389137
0.0,0.25809133
0.0,0.3336873
1.0,0.032551616
0.0,0.33045828
0.0,0.00693205
0.0,0.054386288
0.0,0.33281535
1.0,0.97818387
0.0,0.8241726
0.0,0.74841875
0.0,0.19079304
1.0,0.39679712
0.0,0.0199956
0.0,0.33147454
1.0,0.12009537
0.0,0.66081
1.0,0.49389687
0.0,0.0015488863
0.0,0.23396415
0.0,0.008224279
0.0,0.0062997937
0.0,0.0005363524
1.0,0.91108775
0.0,0.031302273
0.0,0.013525575
1.0,0.9865153
1.0,0.880944
0.0,0.08445817
1.0,0.0027186275
0.0,0.6158535
0.0,0.07079816
1.0,0.97213626
0.0,0.0025303662
0.0,0.15719312
0.0,0.0043706
0.0,0.009181082
1.0,0.9913343
1.0,0.8483305
1.0,0.6362259
1.0,0.9280334
0.0,0.033342123
0.0,0.021035045
0.0,0.12212908
1.0,0.92112905
0.0,0.0145842135
0.0,0.01256302
1.0,0.9562019
1.0,0.28650445
1.0,0.87504506
0.0,0.009177357
0.0,0.32483804
0.0,0.20288411
1.0,0.9827475
1.0,0.85474473
1.0,0.9240321
0.0,0.08409041
0.0,0.0003181398
0.0,0.0056351125
1.0,0.9711072
1.0,0.13674471
0.0,0.44621995
1.0,0.90998834
1.0,0.41073015
1.0,0.96517766
1.0,0.46718222
0.0,0.041089624
0.0,0.049743235
1.0,0.43908176
1.0,0.36528265
0.0,0.10490382
0.0,0.009223521
0.0,0.0042052865
0.0,0.009448141
0.0,0.009351879
0.0,0.79798377
0.0,0.00815022
0.0,0.10356432
1.0,0.8025914
1.0,0.7143938
0.0,0.67085755
1.0,0.9911252
0.0,0.002169788
1.0,0.9385078
0.0,0.15308079
1.0,0.98488367
0.0,0.0012045503
0.0,0.0069232583
0.0,0.0013047159
0.0,0.45870003
1.0,0.09427944
1.0,0.89206564
0.0,0.005379319
0.0,0.021016836
1.0,0.3084904
0.0,0.116270214
1.0,0.97583973
1.0,0.6063792
0.0,0.016126245
0.0,0.013624966
0.0,0.0959267
0.0,0.9959957
0.0,0.8235615
0.0,0.0039600134
0.0,0.6844195
0.0,0.0113480985
1.0,0.9145994
1.0,0.9426821
1.0,0.86979485
1.0,0.9100928
0.0,0.0054045618
0.0,0.36772352
1.0,0.865045
0.0,0.81361264
0.0,0.009615362
0.0,0.006447017
1.0,0.4805333
1.0,0.1654939
0.0,0.0076441467
1.0,0.9520159
1.0,0.96199524
0.0,0.0008108914
0.0,0.011027217
1.0,0.9798836
0.0,0.020989627
0.0,0.41962075
0.0,0.0019290745
0.0,0.015140921
1.0,0.18917325
0.0,0.013917595
0.0,0.0065995753
0.0,0.11736137
1.0,0.16185278
0.0,0.0031321347
0.0,0.00919807
1.0,0.89988315
0.0,0.0017172098
0.0,0.13197076
0.0,0.9723693
1.0,0.9925542
1.0,0.279217
1.0,0.49328646
0.0,0.018963337
0.0,0.08769795
1.0,0.026959836
0.0,0.0017642975
0.0,0.004600942
0.0,0.14467973
0.0,0.06769863
1.0,0.31049785
0.0,0.06683335
0.0,0.6532552
1.0,0.5207738
0.0,0.008442014
0.0,0.0077133775
0.0,0.39560342
0.0,0.121085435
1.0,0.76609874
1.0,0.96067536
0.0,0.88482845
1.0,0.46645418
0.0,0.0026185513
0.0,0.0110402405
0.0,0.0022471845
1.0,0.26897857
0.0,0.0043307245
0.0,0.014527321
1.0,0.80560607
1.0,0.6537999
1.0,0.7941748
0.0,0.20584291
1.0,0.9175792
1.0,0.91768664
0.0,5.9574842e-05
0.0,0.65923053
0.0,0.8273859
1.0,0.62990344
0.0,0.029859155
0.0,0.76765347
0.0,0.010548562
0.0,0.010931104
0.0,0.004509419
0.0,0.039499193
0.0,0.15676689
0.0,0.9476594
0.0,0.47407657
1.0,0.24446425
1.0,0.6701728
1.0,0.8721411
0.0,0.00702551
1.0,0.97455776
0.0,0.6455403
0.0,0.024734467
1.0,0.91434216
0.0,0.1714328
0.0,0.005559206
0.0,0.11342016
0.0,0.027377129
0.0,0.13844922
0.0,0.85189176
0.0,0.027756631
1.0,0.7498858
0.0,0.00017616153
0.0,0.004398465
0.0,0.0026763976
1.0,0.95648694
1.0,0.88713104
0.0,0.6194641
1.0,0.6640779
0.0,0.0024068654
1.0,0.072447985
0.0,0.014128774
0.0,0.0021430254
1.0,0.022532731
0.0,0.0017237961
0.0,0.002494216
1.0,0.80320716
0.0,0.122994184
1.0,0.003410846
0.0,0.44580418
0.0,0.0031560063
1.0,0.9146502
0.0,0.009402603
0.0,0.01501748
0.0,0.9216366
0.0,0.0037002563
0.0,0.0028729439
1.0,0.9935619
0.0,0.005028367
0.0,0.013436109
0.0,0.019729316
1.0,0.8251995
0.0,0.9303662
0.0,0.052715033
1.0,0.6785254
0.0,0.0021621585
0.0,0.0009854734
0.0,0.019383788
0.0,0.11939514
1.0,0.84042525
0.0,0.011290729
0.0,0.0004530251
0.0,0.0011610091
0.0,0.0071771443
0.0,0.8270518
1.0,0.97359693
1.0,0.9066685
0.0,0.0040819347
1.0,0.9574897
0.0,0.017554015
0.0,0.004819125
0.0,0.006661743
0.0,0.010121822
1.0,0.9087529
0.0,0.007616073
0.0,0.00653103
0.0,0.40324897
0.0,0.042125046
0.0,0.32474864
0.0,0.0014618337
0.0,0.0025954247
0.0,0.004390061
0.0,0.0046407282
0.0,0.97334516
1.0,0.3904847
0.0,0.009224266
0.0,0.0067885816
0.0,0.012152761
1.0,0.9909185
0.0,0.02854532
1.0,0.9423305
0.0,0.109900564
0.0,0.008125991
0.0,0.1153498
1.0,0.9428985
1.0,0.9883857
1.0,0.625029
1.0,0.63988554
0.0,0.22962594
0.0,0.005058259
1.0,0.9900137
1.0,0.9732777
0.0,0.009807438
0.0,0.08583498
0.0,0.8341385
1.0,0.9727651
0.0,0.011931837
0.0,0.006667733
0.0,0.029479116
0.0,0.013718694
1.0,0.77437496
1.0,0.98007095
0.0,0.0003671348
1.0,0.84036285
0.0,0.012427568
0.0,0.010598093
0.0,0.002128899
0.0,0.025573552
0.0,0.0020477772
1.0,0.6670222
0.0,0.0011012554
0.0,0.048028827
0.0,0.48935527
0.0,0.038119495
0.0,0.6990854
1.0,0.98688155
0.0,0.009546518
0.0,0.0013619959
1.0,0.88482773
0.0,0.3302176
0.0,0.0059736073
1.0,0.947286
1.0,0.79624885
0.0,0.006605059
1.0,0.94708925
0.0,0.3630132
1.0,0.4804727
1.0,0.99769557
0.0,0.06140098
1.0,0.932584
0.0,0.028523088
0.0,0.010798603
0.0,0.1860033
0.0,0.37162223
0.0,0.034304053
0.0,0.027760595
0.0,0.561903
1.0,0.944781
0.0,0.010316819
0.0,0.0017475188
0.0,0.10244629
0.0,0.02207905
1.0,0.95679295
0.0,0.01839441
0.0,0.16683576
0.0,0.0058573782
0.0,0.017441064
0.0,0.005220145
0.0,0.98118347
1.0,0.030184448
0.0,0.093407005
1.0,0.8938876
0.0,0.011534661
1.0,0.10171917
0.0,0.0073298216
0.0,0.17274424
0.0,0.0126926005
0.0,0.6594802
0.0,0.6464139
0.0,0.026192725
0.0,0.14873248
0.0,0.024107456
0.0,0.884475
0.0,0.9389857
1.0,0.95492494
0.0,0.30459553
0.0,0.007532805
1.0,0.9959488
0.0,0.0023700297
0.0,0.002177596
0.0,0.00022488832
1.0,0.74002534
1.0,0.5150919
1.0,0.78658915
1.0,0.98648477
0.0,0.10358426
1.0,0.47888625
0.0,0.021886915
1.0,0.17364055
0.0,0.015857518
0.0,0.9372564
0.0,0.095175624
0.0,0.025264978
0.0,0.017121345
1.0,0.9514044
1.0,0.25082204
0.0,0.9910058
1.0,0.66202104
0.0,0.006713629
1.0,0.9824616
0.0,0.010573
0.0,0.011191785
0.0,0.9552746
0.0,0.27280977
0.0,0.18816409
0.0,0.0027787387
1.0,0.99293697
0.0,0.0005366504
1.0,0.98582476
1.0,0.96820754
1.0,0.9604534
0.0,0.00711149
0.0,0.99646753
0.0,0.005020499
0.0,0.10678068
0.0,0.0402444
1.0,0.799538
0.0,0.29715812
0.0,0.12468442
0.0,0.061167896
0.0,0.002157122
0.0,0.004771054
0.0,0.03727889
0.0,0.9045087
0.0,0.0042301714
0.0,0.084598124
1.0,0.99850327
0.0,0.13242608
0.0,0.004470259
0.0,0.0060263574
0.0,0.004323244
1.0,0.94357646
0.0,0.3109674
1.0,0.9950911
0.0,0.7282765
1.0,0.99191415
1.0,0.980252
0.0,0.0009485781
0.0,0.0285829
0.0,0.0132419765
0.0,0.17692742
0.0,0.08181718
0.0,0.38126838
1.0,0.98034346
0.0,0.0063524544
1.0,0.25927067
0.0,0.52531934
0.0,0.0012437105
0.0,0.021820188
1.0,0.9646131
0.0,0.012276083
1.0,0.9962597
0.0,0.004366249
0.0,0.0109113455
0.0,0.20734057
0.0,0.74313086
0.0,0.09684765
0.0,0.08175644
1.0,0.5796616
1.0,0.8776418
0.0,0.36137217
0.0,0.005681902
0.0,0.049842894
1.0,0.8677806
0.0,0.025850505
1.0,0.21549717
0.0,0.43740025
1.0,0.9199116
1.0,0.94980824
0.0,0.013109267
0.0,0.014000446
0.0,0.010381073
1.0,0.8761673
0.0,0.03449577
0.0,0.665375
1.0,0.96629936
1.0,0.8383471
0.0,0.3807131
0.0,0.020183653
1.0,0.95170367
0.0,0.03876227
0.0,0.0034051538
0.0,0.022206247
1.0,0.80180216
0.0,0.012653321
0.0,0.11307672
1.0,0.8828895
1.0,0.7788342
0.0,0.10244331
0.0,0.0047102273
0.0,0.004328847
1.0,0.9118138
1.0,0.9808767
1.0,0.26437002
0.0,0.066182554
0.0,0.015776247
0.0,0.03211543
0.0,0.00074473023
1.0,0.6810515
0.0,0.006641239
0.0,0.65373677
0.0,0.04227349
0.0,0.23916492
0.0,0.21463528
0.0,0.018322289
0.0,0.3631091
0.0,0.053488463
0.0,0.0082587
1.0,0.14337277
1.0,0.9532467
0.0,0.29165632
0.0,0.23630649
1.0,0.0069547594
0.0,0.0068387985
1.0,0.7394333
0.0,0.043053985
0.0,0.0073934495
1.0,0.992761
1.0,0.98317456
0.0,0.7729836
0.0,0.038895756
1.0,0.2288307
0.0,0.062022984
0.0,0.10492292
0.0,0.9931323
0.0,0.027267903
1.0,0.8758839
1.0,0.40509897
0.0,0.020521373
0.0,0.002778411
0.0,0.19975728
1.0,0.91230834
0.0,0.009720445
1.0,0.3628339
0.0,0.063926816
1.0,0.37563092
1.0,0.7771683
0.0,0.38694477
1.0,0.1310044
0.0,0.27126878
0.0,0.00056645274
1.0,0.9986421
1.0,0.0751611
0.0,0.010559499
0.0,0.65528196
0.0,0.79444873
0.0,0.5789753
1.0,0.9258251
0.0,0.06431115
0.0,0.23699003
0.0,0.008625954
1.0,0.9490884
0.0,0.011469543
0.0,0.36800957
1.0,0.961965
0.0,0.0010096133
0.0,0.46367005
0.0,0.01377663
1.0,0.030805588
0.0,0.73908806
1.0,0.9446696
0.0,0.051326334
1.0,0.13973445
1.0,0.39176124
1.0,0.97914076
1.0,0.8997636
0.0,0.0010158122
1.0,0.79795355
0.0,0.0038724542
1.0,0.98930323
1.0,0.5974608
0.0,0.1088765
1.0,0.9499421
0.0,0.002821058
1.0,0.23451763
1.0,0.24441054
0.0,0.016063422
0.0,0.9793269
1.0,0.9975781
1.0,0.13506484
0.0,0.045993716
0.0,0.61482173
0.0,0.00028190017
0.0,0.022376716
0.0,0.4614442
1.0,0.921445
1.0,0.9115964
1.0,0.32079405
1.0,0.70465016
1.0,0.994957
1.0,0.98448145
0.0,0.21702239
1.0,0.9443174
0.0,0.01810655
0.0,0.06014076
0.0,0.0721668
1.0,0.0184924
1.0,0.30274773
0.0,0.056462377
0.0,0.007534057
0.0,0.9447092
1.0,0.5768594
1.0,0.50500774
1.0,0.93035346
0.0,0.0039396584
0.0,0.93174446
0.0,0.097777456
0.0,0.07416865
0.0,0.02786678
0.0,0.0053961873
1.0,0.980606
1.0,0.9062225
0.0,0.0047861636
0.0,0.012188613
0.0,0.83334494
0.0,0.6101316
0.0,0.6766887
0.0,0.17440745
0.0,0.43552688
1.0,0.7958056
0.0,0.020643026
1.0,0.5843246
0.0,0.0033159852
0.0,0.8246429
0.0,0.017543614
0.0,0.3173048
1.0,0.9633779
1.0,0.6655516
1.0,0.8002624
1.0,0.7665042
0.0,0.0021216571
0.0,0.4066947
1.0,0.7348541
1.0,0.88990986
0.0,0.24184012
0.0,0.0014587343
0.0,0.05225995
1.0,0.50599205
0.0,0.0026989877
1.0,0.099235594
0.0,0.017462343
0.0,0.054253638
0.0,0.016633749
0.0,0.06048274
0.0,0.13910341
0.0,0.014801204
0.0,0.11254266
1.0,0.9782924
0.0,0.0053253174
0.0,0.5211701
0.0,0.007933617
1.0,0.47040808
0.0,0.008236617
1.0,0.968562
0.0,0.0010772347
0.0,0.033994943
0.0,0.0035229921
0.0,0.36079252
0.0,0.0071564317
0.0,0.0039212108
1.0,0.96063733
0.0,0.14396831
1.0,0.75636
1.0,0.97807527
0.0,0.0063054264
0.0,0.090151876
1.0,0.8952124
1.0,0.99327093
0.0,0.21145585
0.0,0.16965997
0.0,0.025175035
0.0,0.011077791
0.0,0.026436329
1.0,0.89827526
0.0,0.0029942095
1.0,0.20106083
1.0,0.0182302
0.0,0.9556847
0.0,0.12704238
0.0,0.0072412193
0.0,0.0026525557
0.0,0.9643191
0.0,0.0030558705
0.0,0.070564985
0.0,0.7846041
1.0,0.82568526
1.0,0.9093704
0.0,0.043739468
0.0,0.03232044
0.0,0.5156779
1.0,0.8497584
0.0,0.0037119389
0.0,0.0045618713
1.0,0.61059725
1.0,0.9532897
0.0,0.11627123
0.0,0.55266315
0.0,0.007810384
1.0,0.9376251
0.0,0.023927808
1.0,0.961285
1.0,0.5651392
0.0,0.01160264
0.0,0.14664665
0.0,0.012037575
1.0,0.568237
0.0,0.24056128
1.0,0.846089
0.0,0.021115035
1.0,0.8153106
0.0,0.0932304
0.0,0.01690498
0.0,0.000102579594
1.0,0.98976684
0.0,0.7447965
1.0,0.99702543
1.0,0.9139773
0.0,0.0018430948
1.0,0.1667436
0.0,0.09835881
1.0,0.3963253
0.0,0.000552088
1.0,0.9102231
0.0,0.004188299
1.0,0.8103998
1.0,0.97388417
1.0,0.9955673
0.0,0.019357681
1.0,0.9841812
1.0,0.64165264
0.0,0.017924577
1.0,0.927956
1.0,0.4159616
1.0,0.049242705
0.0,0.2629472
0.0,0.00809607
0.0,0.91530937
0.0,0.08549441
