0.0,0.67221755
0.0,0.67516166
1.0,0.13721204
0.0,0.041970223
1.0,0.5959088
0.0,0.0058274567
1.0,0.9695179
1.0,0.5310473
1.0,0.78705895
0.0,0.007316798
0.0,0.14742148
1.0,0.98271173
0.0,0.0035571754
0.0,0.24520022
0.0,0.009839177
0.0,0.0017873943
1.0,0.64811444
0.0,0.0065253973
0.0,0.0019680858
1.0,0.06133914
1.0,0.12804142
0.0,0.005000025
1.0,0.7929667
0.0,0.06397909
0.0,0.0017294288
1.0,0.8335917
0.0,0.014427483
1.0,0.62312835
0.0,0.016570091
1.0,0.7592716
0.0,0.0032529235
0.0,0.58632654
1.0,0.9610963
1.0,0.9932275
1.0,0.8953842
1.0,0.8462787
1.0,0.4514673
0.0,0.0048707724
1.0,0.91721344
1.0,0.03203541
1.0,0.96851826
1.0,0.93472934
0.0,0.0027265549
1.0,0.87005305
1.0,0.4878415
0.0,0.017345399
0.0,0.0004863739
0.0,0.028677016
0.0,0.005507618
1.0,0.9766886
0.0,0.1592209
1.0,0.88453525
1.0,0.9789087
1.0,0.8741721
0.0,0.0054634213
0.0,0.004551828
0.0,0.038694352
1.0,0.041683674
1.0,0.85709155
1.0,0.110238254
1.0,0.9777838
0.0,0.69745517
1.0,0.9790952
1.0,0.90437233
1.0,0.97871363
0.0,0.3160406
0.0,0.2794026
1.0,0.8868028
0.0,0.004247278
1.0,0.8237898
0.0,0.7418704
1.0,0.94752383
0.0,0.0014978349
0.0,0.0139710605
1.0,0.74277997
0.0,0.20211071
0.0,0.0064487755
0.0,0.10399702
0.0,0.00020632148
1.0,0.95008886
0.0,0.010798007
1.0,0.9851233
1.0,0.9865045
1.0,0.9967521
1.0,0.96938914
1.0,0.91952175
1.0,0.93643093
0.0,0.21708658
0.0,0.022858292
1.0,0.57314616
0.0,0.0035989285
1.0,0.5283469
0.0,0.021302491
0.0,0.7866385
0.0,0.039942175
1.0,0.96062744
0.0,0.0024014711
0.0,0.009176791
1.0,0.6065404
1.0,0.9931928
0.0,0.004006833
0.0,0.0061223507
1.0,0.01778838
0.0,0.10449126
0.0,0.044945747
1.0,0.7233795
1.0,0.009478211
0.0,0.014328837
1.0,0.008231282
1.0,0.95701236
1.0,0.95684564
0.0,0.0012069345
1.0,0.01189658
0.0,0.012309074
0.0,0.005236298
1.0,0.55707836
0.0,0.004979104
1.0,0.61556906
1.0,0.47161603
1.0,0.9833863
0.0,0.1854313
1.0,0.9629446
0.0,0.93229246
0.0,0.005556345
0.0,0.10785031
1.0,0.6415119
0.0,0.0007544756
0.0,0.024710953
1.0,0.94916016
1.0,0.89134777
1.0,0.9855355
0.0,0.011828005
0.0,0.0023837388
1.0,0.3723501
1.0,0.9895365
0.0,0.8736571
0.0,0.0036736727
0.0,0.016335934
0.0,0.048339665
0.0,0.010137886
1.0,0.97727036
0.0,0.07257345
1.0,0.06845707
0.0,0.019118965
0.0,0.0031965077
0.0,0.0003659129
1.0,0.42674556
0.0,0.019942105
0.0,0.0014879704
0.0,0.004526496
0.0,0.057563663
0.0,0.0020525157
0.0,0.0021081865
0.0,0.8615852
0.0,0.1100547
1.0,0.96405375
0.0,0.0005674064
0.0,0.0032120347
1.0,0.9949802
0.0,0.005165875
0.0,0.4809164
0.0,0.086874574
0.0,0.004573971
0.0,0.3471207
1.0,0.99422485
0.0,0.13005713
1.0,0.80487764
0.0,0.014484763
0.0,0.0066554844
1.0,0.673561
0.0,0.7592412
0.0,0.91530734
0.0,0.85760117
0.0,0.0009548664
1.0,0.8966166
1.0,0.84696484
0.0,0.043369114
1.0,0.8099667
0.0,0.6301914
1.0,0.97111803
1.0,0.93366206
1.0,0.898468
1.0,0.92536205
1.0,0.9712171
0.0,0.90111244
0.0,0.00060108304
0.0,0.0010445714
0.0,0.9202535
0.0,0.055443406
0.0,0.017199159
1.0,0.22762021
0.0,0.0014683902
0.0,0.9462367
1.0,0.9482751
1.0,0.6648638
1.0,0.9870561
0.0,0.002464801
0.0,0.02107966
0.0,0.0018102825
1.0,0.024066746
0.0,0.100530446
0.0,0.43839136
0.0,0.35086584
0.0,0.8696417
0.0,0.025847286
1.0,0.098728865
0.0,0.0068442225
1.0,0.2588277
0.0,0.00040555
0.0,0.020738184
0.0,0.0019252002
1.0,0.91552436
0.0,0.012245208
0.0,0.10017085
0.0,0.0026511252
0.0,0.0016899109
0.0,0.9349446
0.0,0.5419912
1.0,0.98801297
0.0,0.00295344
0.0,0.0025581121
1.0,0.79307884
1.0,0.9763043
0.0,0.462112
0.0,0.009489179
0.0,0.0008241832
0.0,0.07514095
0.0,0.0052267015
0.0,0.114960045
1.0,0.9766962
0.0,0.03140697
1.0,0.110479265
0.0,0.0051665604
1.0,0.6534049
1.0,0.62102556
0.0,0.0026746094
0.0,0.012120843
0.0,0.0032681227
1.0,0.9643908
1.0,0.79307675
1.0,0.98228705
1.0,0.57613814
0.0,0.0029411912
0.0,0.6648656
1.0,0.98521507
0.0,0.54038596
0.0,0.00283131
0.0,0.0038053691
0.0,0.23605591
0.0,0.21244627
0.0,0.004286766
0.0,0.06161648
1.0,0.622663
0.0,0.0020869076
0.0,0.057205975
0.0,0.00076824427
1.0,0.8624363
1.0,0.92494833
0.0,0.0038504303
0.0,0.018993407
0.0,0.004535407
1.0,0.9793595
0.0,0.0028874278
0.0,0.0006233752
0.0,0.036277086
0.0,0.002272606
1.0,0.99025226
1.0,0.819783
1.0,0.9906688
0.0,0.008700132
1.0,0.919694
0.0,0.012892783
0.0,0.009135008
0.0,0.58258957
1.0,0.98378146
1.0,0.5187813
0.0,0.0026520789
0.0,0.007679969
1.0,0.9226376
1.0,0.5923002
0.0,0.008196354
1.0,0.18571812
1.0,0.9952911
0.0,0.8117029
0.0,0.24407512
0.0,0.02598837
0.0,0.010018885
0.0,0.44022882
0.0,0.013667226
1.0,0.97800064
0.0,0.007380992
0.0,0.004242897
1.0,0.99080753
0.0,0.0054831207
1.0,0.9820819
1.0,0.031141996
1.0,0.8623122
1.0,0.7216388
1.0,0.9063486
0.0,0.008589238
1.0,0.9265181
0.0,0.9169098
1.0,0.99036556
0.0,0.8345032
0.0,0.78877985
0.0,0.005907625
0.0,0.15535867
0.0,0.49837834
1.0,0.97302246
0.0,0.98206526
1.0,0.78180236
0.0,0.9458854
1.0,0.6886487
1.0,0.9641881
0.0,0.0064274967
0.0,0.0013459325
0.0,0.0026725233
1.0,0.94153
1.0,0.13542452
0.0,0.0007185936
0.0,0.00023677945
0.0,0.005497247
0.0,0.022799045
1.0,0.9086609
1.0,0.72471493
0.0,0.012535274
0.0,0.03285861
1.0,0.7889545
1.0,0.9671404
1.0,0.7174074
0.0,0.028519839
0.0,0.82203054
0.0,0.00012639165
0.0,0.83500814
1.0,0.9772411
1.0,0.4835533
0.0,0.044801146
0.0,0.0040925145
0.0,0.0012279153
0.0,0.501381
0.0,0.0006965101
0.0,0.035028666
1.0,0.26815712
0.0,0.09643608
0.0,0.007071674
0.0,0.042612642
0.0,0.83742106
0.0,0.64263725
0.0,0.016394734
0.0,0.0007854998
1.0,0.5539488
0.0,0.0114384
1.0,0.80940837
0.0,0.0005007684
0.0,0.13243479
0.0,0.012907147
0.0,0.00018009543
0.0,0.92761266
1.0,0.13207507
1.0,0.8205301
0.0,0.7382163
1.0,0.8442246
0.0,0.0019216537
0.0,0.37432826
0.0,0.23545933
0.0,0.84647834
0.0,0.0064928234
0.0,0.00022506714
1.0,0.6220871
0.0,0.0057297647
1.0,0.98048896
0.0,0.1977329
1.0,0.43402743
0.0,0.08660731
1.0,0.0023599863
1.0,0.9153997
1.0,0.9683089
0.0,0.0032926798
0.0,0.023459643
1.0,0.9847634
0.0,0.01382947
0.0,0.012363464
1.0,0.01646483
1.0,0.98379457
0.0,0.43652523
1.0,0.96724594
1.0,0.9820806
0.0,0.8555573
0.0,0.0039144456
0.0,0.6062884
0.0,0.011493564
0.0,0.0014818013
0.0,0.06040266
1.0,0.98243976
0.0,0.055404812
1.0,0.6756834
1.0,0.7489188
0.0,0.018000275
0.0,0.03529811
0.0,0.7495663
1.0,0.97895247
1.0,0.9431468
1.0,0.55229414
0.0,0.013112843
1.0,0.9791579
1.0,0.91092694
0.0,0.000615716
0.0,0.25773746
0.0,0.87910664
0.0,0.97461903
1.0,0.8550028
0.0,0.0055936575
1.0,0.15624058
0.0,0.7412494
0.0,0.017090887
0.0,0.0063563287
0.0,0.013840824
0.0,0.0030987859
0.0,0.01571095
0.0,0.0052134395
0.0,0.013880134
0.0,0.011928707
0.0,0.35814837
0.0,0.108817816
0.0,0.0092074275
0.0,0.38218233
0.0,0.01190567
1.0,0.8524413
0.0,0.23155937
1.0,0.9741249
0.0,0.014841527
0.0,0.0008932054
0.0,0.012593895
0.0,0.8951769
0.0,0.5997214
0.0,0.051603705
0.0,0.024957567
0.0,0.0008841455
0.0,0.0030157566
0.0,0.004128903
0.0,0.78771055
1.0,0.9254956
0.0,0.010036677
0.0,0.0066497326
0.0,0.65319514
0.0,0.012555569
1.0,0.56768477
0.0,0.78554916
1.0,0.5371613
0.0,0.0037516057
0.0,0.10084283
1.0,0.98252326
0.0,0.9177979
1.0,0.79158425
1.0,0.9757594
1.0,0.81383026
1.0,0.9572206
0.0,0.0014180243
1.0,0.5740025
0.0,0.0005723238
0.0,0.0030642748
0.0,0.13291615
1.0,0.9835937
0.0,0.0016115308
0.0,0.008298695
1.0,0.70187414
1.0,0.99699533
0.0,0.11486989
0.0,0.0022861958
1.0,0.6365239
0.0,0.030285597
1.0,0.843933
0.0,0.6092606
0.0,0.030897975
1.0,0.77207714
0.0,0.80261934
0.0,0.00041905046
1.0,0.09528065
0.0,0.008301318
1.0,0.9930281
0.0,0.005311638
1.0,0.6674123
1.0,0.47950557
1.0,0.62064594
1.0,0.99813354
0.0,0.13126993
0.0,0.016489834
1.0,0.90177655
0.0,0.0025752783
0.0,0.38893417
1.0,0.37395248
1.0,0.80943686
1.0,0.9688025
0.0,0.008092761
1.0,0.9698634
1.0,0.8632648
0.0,0.037813097
1.0,0.9579284
0.0,0.28107163
1.0,0.8798046
1.0,0.9067145
0.0,0.6888993
0.0,0.30807805
1.0,0.16582352
0.0,0.06497359
1.0,0.9192227
0.0,0.5508531
0.0,0.01942578
0.0,0.6779284
1.0,0.99480855
0.0,0.00053554773
0.0,0.0021471977
0.0,0.6864202
1.0,0.65326476
0.0,0.0158754
0.0,0.003652811
0.0,0.058233976
0.0,0.6389418
1.0,0.79478395
1.0,0.96639645
0.0,0.06928149
0.0,0.1979152
0.0,0.09026286
0.0,0.09416318
0.0,0.066431105
1.0,0.90717983
0.0,0.0074165165
1.0,0.9380542
0.0,0.8335656
0.0,0.09432006
1.0,0.8246889
0.0,0.011072755
0.0,0.012906164
0.0,0.0041101277
0.0,0.0012089312
0.0,0.19047263
0.0,0.0015647411
0.0,0.005376518
0.0,0.027699053
1.0,0.8441702
1.0,0.9913542
0.0,0.00093376637
0.0,0.00989753
1.0,0.9591942
0.0,0.008330554
1.0,0.8472719
0.0,0.3940074
0.0,0.0006572306
1.0,0.8943759
0.0,0.2744505
1.0,0.054891646
0.0,0.2636001
1.0,0.4456808
0.0,0.0062460303
0.0,0.0121380985
0.0,0.7710911
1.0,0.99305356
0.0,0.00040200353
0.0,0.033350438
0.0,0.0009583235
0.0,0.9606993
1.0,0.09501988
0.0,0.00092065334
0.0,0.0037870705
1.0,0.98197734
1.0,0.12013081
0.0,0.14534232
1.0,0.77654874
0.0,0.043097943
0.0,0.64068854
1.0,0.9498349
1.0,0.9873063
0.0,0.019391894
1.0,0.9603764
1.0,0.91683936
0.0,0.013495415
0.0,0.0156083405
0.0,0.062116176
1.0,0.010662109
0.0,0.00029319525
0.0,0.005110353
0.0,0.008377373
1.0,0.9905637
1.0,0.78424716
0.0,0.0067120492
1.0,0.75254357
1.0,0.010463715
0.0,0.112243176
1.0,0.9202086
0.0,0.03424114
1.0,0.8153912
0.0,0.02275762
1.0,0.8415563
0.0,0.010889173
0.0,0.0033569038
1.0,0.70894086
0.0,0.004942745
1.0,0.86485255
0.0,0.01813978
0.0,0.003220737
0.0,0.0061590374
1.0,0.78837866
0.0,0.11456537
1.0,0.5432623
0.0,0.0024089515
1.0,0.923939
1.0,0.7678632
0.0,0.0005488694
1.0,0.977947
1.0,0.9593054
1.0,0.34368783
1.0,0.81956255
0.0,0.0074168444
0.0,0.0041457415
0.0,0.958279
1.0,0.8157615
1.0,0.22882712
0.0,0.002165854
0.0,0.010648817
0.0,0.18468529
1.0,0.9504068
0.0,0.59545743
1.0,0.012002975
1.0,0.9826505
0.0,0.01712823
0.0,0.041370958
1.0,0.95624644
0.0,0.7540562
1.0,0.9769875
0.0,0.54382986
0.0,0.025030136
0.0,0.020597965
1.0,0.11102107
0.0,0.0073031485
1.0,0.98308897
0.0,0.03186503
1.0,0.2943298
0.0,0.15735263
0.0,0.054588825
1.0,0.035668015
1.0,0.0945079
1.0,0.5533984
1.0,0.83833444
0.0,0.015606165
0.0,0.020589262
0.0,0.84457994
0.0,0.00029352307
1.0,0.9612144
1.0,0.17872545
0.0,0.000117212534
0.0,0.005542904
0.0,0.0011562705
1.0,0.6381727
0.0,0.0065111816
0.0,0.00818336
0.0,0.010074079
0.0,0.24467814
0.0,0.035529822
0.0,0.16828689
1.0,0.9647778
0.0,0.6375664
1.0,0.08117816
0.0,0.018647581
0.0,0.03929004
1.0,0.8107929
1.0,0.93110776
1.0,0.9529153
0.0,0.010412753
0.0,0.020389497
1.0,0.333723
0.0,0.0069664717
0.0,0.0091438
0.0,0.1758863
1.0,0.93080246
0.0,0.005279094
0.0,0.088881314
1.0,0.97220904
0.0,0.10219079
1.0,0.98940015
1.0,0.94769526
1.0,0.9729443
0.0,0.009262741
1.0,0.9085212
1.0,0.94858146
0.0,0.03892538
1.0,0.12438589
0.0,0.012345672
0.0,0.38096532
0.0,0.12751332
0.0,0.006709516
1.0,0.57871664
1.0,0.8022466
1.0,0.9946394
1.0,0.77502584
1.0,0.9617034
0.0,0.44550794
0.0,0.9626564
1.0,0.9758564
0.0,0.0071086287
1.0,0.8084892
1.0,0.99568856
0.0,0.04201311
1.0,0.43851802
1.0,0.24572948
0.0,0.011806309
0.0,0.005343795
0.0,0.0068742335
0.0,0.0015265048
1.0,0.6930389
1.0,0.985832
0.0,0.002971083
0.0,0.0065365136
1.0,0.09762645
1.0,0.7364755
1.0,0.07401857
0.0,0.0072944164
1.0,0.8027398
1.0,0.6628823
0.0,0.009779543
0.0,0.021660209
1.0,0.8837502
1.0,0.9915872
0.0,0.511994
1.0,0.97987247
0.0,0.006460756
0.0,0.18112138
1.0,0.9385139
0.0,0.290553
1.0,0.99007535
0.0,0.6788619
0.0,0.049057186
0.0,0.0057408214
1.0,0.96381736
1.0,0.52689314
0.0,0.0071626008
0.0,0.001745671
1.0,0.7134233
0.0,0.069027364
1.0,0.98951745
1.0,0.8544698
1.0,0.81108654
0.0,0.05080113
0.0,0.74762917
0.0,0.8618394
0.0,0.0029193163
0.0,0.0011337698
1.0,0.9471296
0.0,0.6025403
0.0,0.007386297
1.0,0.9548672
0.0,0.008132637
1.0,0.012911618
1.0,0.6516725
0.0,0.0064044595
0.0,0.19890395
0.0,0.86837727
0.0,0.0017698109
0.0,0.00025567412
0.0,0.0006586015
0.0,0.0072445273
0.0,0.7688214
1.0,0.85576916
1.0,0.9605447
0.0,0.90537584
0.0,0.61016065
0.0,0.005105257
0.0,0.026799172
0.0,0.0028732717
1.0,0.10040262
0.0,0.004470706
0.0,0.00016647577
1.0,0.9954587
1.0,0.10536626
0.0,0.0028008819
0.0,0.9753309
0.0,9.441376e-05
0.0,0.019576937
0.0,0.001540184
0.0,0.010005504
1.0,0.8733712
1.0,0.8746965
1.0,0.9424476
0.0,0.002563268
1.0,0.7165746
1.0,0.97732306
0.0,0.08296171
0.0,0.00026121736
1.0,0.58387905
1.0,0.3143788
1.0,0.93835914
1.0,0.965847
1.0,0.6851479
0.0,0.05546254
0.0,0.4340101
1.0,0.3073231
0.0,0.0018013716
1.0,0.94231296
0.0,0.006731212
1.0,0.42115486
0.0,0.0062206388
0.0,0.61037606
0.0,0.009746224
0.0,0.010363519
0.0,0.48026446
0.0,0.0003272295
0.0,0.00064229965
0.0,0.007075101
0.0,0.80984867
0.0,0.0013801754
0.0,0.0003734827
1.0,0.9336206
1.0,0.6891397
1.0,0.94009596
0.0,0.9272808
0.0,0.6350578
0.0,0.44624597
0.0,0.017958224
1.0,0.9884458
1.0,0.3199815
1.0,0.92265046
1.0,0.98185784
0.0,0.8755524
0.0,0.009013861
0.0,0.0010069609
1.0,0.6479155
0.0,0.007697135
1.0,0.0014396012
1.0,0.9718812
0.0,0.253514
0.0,0.001814127
0.0,0.003792435
0.0,0.4547911
1.0,0.99394906
1.0,0.897179
0.0,0.014548957
1.0,0.7705203
1.0,0.7169639
0.0,0.57495517
0.0,0.019048482
1.0,0.8549887
0.0,0.00089773536
0.0,0.015672088
0.0,0.002709031
0.0,0.5172087
0.0,0.006729126
1.0,0.91094244
0.0,0.09537178
0.0,0.7160063
1.0,0.9889369
1.0,0.96070904
0.0,0.4926213
0.0,0.3594908
1.0,0.71080816
0.0,0.017699003
0.0,0.00015813112
1.0,0.47127274
0.0,0.076946884
0.0,0.014425576
0.0,0.010784984
1.0,0.97798043
0.0,0.06348455
1.0,0.89205116
1.0,0.8685417
1.0,0.99488556
0.0,0.004765302
1.0,0.93685806
0.0,0.007125765
1.0,0.96764994
0.0,0.02372104
1.0,0.99059266
0.0,0.018173367
0.0,0.0075131953
1.0,0.925087
0.0,0.0010801256
0.0,0.0030813515
1.0,0.5779625
1.0,0.880777
1.0,0.07740101
1.0,0.75137115
1.0,0.77437985
1.0,0.9291939
1.0,0.6766985
0.0,0.004785359
1.0,0.2288549
1.0,0.97858965
0.0,0.013225108
0.0,0.0037697256
0.0,0.00052413344
1.0,0.8492013
0.0,0.004439324
0.0,0.0110039115
0.0,0.15008181
1.0,0.95621
0.0,0.0019658804
0.0,0.27656624
1.0,0.40632504
1.0,0.8838702
1.0,0.9109852
1.0,0.018114984
0.0,0.98097026
0.0,0.03171891
0.0,0.012158215
0.0,0.03098473
0.0,0.0006418228
0.0,0.07782915
0.0,0.0065895617
1.0,0.09087908
1.0,0.9185531
0.0,0.0075466633
1.0,0.85047626
0.0,0.0040865242
0.0,0.008849382
1.0,0.9887861
0.0,0.0027012527
0.0,0.9144031
0.0,0.0010167658
0.0,0.61224437
0.0,0.0054923
0.0,0.005712539
0.0,0.96485597
1.0,0.78219825
0.0,0.100100756
0.0,0.5924256
1.0,0.9504929
0.0,0.00896275
1.0,0.703983
0.0,0.0065095425
0.0,0.0016461909
0.0,0.009453893
0.0,0.056231678
0.0,0.00052180886
0.0,0.001896292
0.0,0.018170416
0.0,0.023803294
0.0,0.755587
1.0,0.35801607
0.0,0.019985884
1.0,0.89830863
0.0,0.64897394
1.0,0.0155386925
0.0,0.12511745
0.0,0.002080053
0.0,0.05489242
1.0,0.94191426
1.0,0.0044338703
1.0,0.18972495
0.0,0.005105853
0.0,0.72122365
1.0,0.7776121
0.0,0.04644987
0.0,0.031469494
1.0,0.75712574
0.0,0.003274709
1.0,0.9599774
1.0,0.2682095
0.0,0.00753659
1.0,0.5205947
0.0,0.41760287
1.0,0.4483869
0.0,0.38289404
1.0,0.9953389
0.0,0.00069361925
0.0,0.988222
0.0,0.011639774
0.0,0.022163004
0.0,0.0010505915
0.0,0.009730637
0.0,0.039219826
1.0,0.8939146
0.0,0.0069850385
0.0,8.952618e-05
0.0,0.00022104383
0.0,0.123667836
0.0,0.12506703
1.0,0.47970453
0.0,0.19888291
0.0,0.19619384
1.0,0.8343521
0.0,0.10094637
1.0,0.980528
0.0,0.8105011
1.0,0.29171765
1.0,0.81561303
0.0,0.0010037124
1.0,0.9972435
0.0,0.69430363
0.0,0.02236113
0.0,0.013421118
0.0,0.044023067
1.0,0.06555343
1.0,0.9914683
0.0,0.008391976
0.0,0.019098401
1.0,0.9955999
0.0,0.00423944
1.0,0.87018347
1.0,0.02193427
1.0,0.804584
0.0,0.0035500228
1.0,0.30343395
0.0,0.01568821
1.0,0.8688207
1.0,0.5104483
0.0,0.06993976
0.0,0.8444781
0.0,0.016964853
0.0,0.614166
1.0,0.90415907
1.0,0.9427154
1.0,0.9933376
0.0,0.009346843
0.0,0.0001770854
1.0,0.95099515
0.0,0.93451416
0.0,4.8547983e-05
0.0,0.0039145052
1.0,0.8489616
0.0,0.4840074
0.0,0.0037855506
0.0,0.07778719
0.0,0.035696268
1.0,0.5730244
1.0,0.9863943
0.0,0.096876025
0.0,0.010386229
0.0,0.0061821043
1.0,0.98178744
0.0,0.023336887
0.0,0.6868289
1.0,0.8640107
0.0,0.0012357533
0.0,0.40233833
1.0,0.9460094
0.0,0.028300762
1.0,0.22200641
1.0,0.13856465
0.0,0.01087755
0.0,0.0053315163
0.0,0.0007265806
0.0,0.0017820299
1.0,0.9631821
1.0,0.9971198
1.0,0.9721526
1.0,0.5163558
0.0,0.8866492
0.0,0.0438326
1.0,0.752311
1.0,0.9990883
0.0,0.10511455
0.0,0.0013600886
1.0,0.69364643
0.0,0.0007811785
1.0,0.780457
0.0,0.0016200244
0.0,0.035551876
1.0,0.95946413
0.0,0.045619458
0.0,0.0010581017
0.0,0.016708702
0.0,0.035357416
0.0,0.7755506
1.0,0.08686909
0.0,0.005155146
1.0,0.9918142
0.0,0.1942834
1.0,0.91729486
0.0,0.023447841
1.0,0.6454119
1.0,0.9740131
1.0,0.99593675
0.0,0.91758895
0.0,0.0029686391
1.0,0.23502496
0.0,0.010622591
0.0,0.011089236
1.0,0.91923034
1.0,0.58539
0.0,0.023643255
1.0,0.9508033
1.0,0.9726999
0.0,0.9569961
0.0,0.013678759
0.0,0.7108795
0.0,0.001652807
0.0,0.0013484657
0.0,0.9335222
1.0,0.96337724
1.0,0.9842626
1.0,0.93601763
0.0,5.8323145e-05
0.0,0.0013419986
0.0,0.055816233
0.0,0.0070970356
0.0,0.01257959
0.0,0.030739903
1.0,0.93901944
1.0,0.9826419
1.0,0.44903696
0.0,0.14624342
0.0,0.0072040856
1.0,0.9882238
0.0,0.39387718
0.0,0.6238218
1.0,0.8719006
0.0,0.72696054
0.0,0.57541895
1.0,0.6407931
0.0,0.014202327
1.0,0.37655059
1.0,0.91531944
0.0,0.77408934
0.0,0.007864237
1.0,0.9970025
0.0,0.00077727437
0.0,0.641575
1.0,0.57835686
1.0,0.92329454
1.0,0.7047441
1.0,0.9229076
0.0,0.94042826
0.0,0.024946988
0.0,0.0021251738
1.0,0.86929
0.0,0.9849963
1.0,0.9449923
0.0,0.53639024
1.0,0.9329004
1.0,0.21998534
0.0,0.037346065
0.0,0.016569346
0.0,0.00016433
0.0,0.17641628
0.0,0.020079762
0.0,0.001850009
1.0,0.22875643
1.0,0.15005356
0.0,0.4745385
1.0,0.83877945
1.0,0.047462225
0.0,0.00094506145
0.0,0.076856464
1.0,0.9296339
1.0,0.06916088
0.0,0.0054961443
0.0,0.20999876
0.0,0.0021506548
0.0,0.014235765
1.0,0.6018104
1.0,0.97785884
0.0,0.015244961
0.0,0.00035497546
0.0,0.020357758
0.0,0.045369893
0.0,0.008929819
0.0,0.005708933
0.0,0.88702136
0.0,0.08951649
0.0,0.0052066147
0.0,0.0072256327
0.0,0.042702913
1.0,0.9734719
1.0,0.9345757
0.0,0.0012778342
0.0,0.0044544637
0.0,8.6158514e-05
0.0,0.0016806722
0.0,0.18995517
0.0,0.10212791
0.0,0.0037921965
0.0,0.79180825
1.0,0.89564866
1.0,0.99847996
1.0,0.9469377
1.0,0.83761483
1.0,0.9905201
0.0,0.7412067
0.0,0.022035807
0.0,0.010812044
0.0,0.004090488
1.0,0.79392743
0.0,0.006220132
1.0,0.814726
0.0,0.0032025874
0.0,0.8186736
0.0,0.8537055
0.0,0.039770663
0.0,0.021600664
0.0,0.46468163
0.0,0.07349414
0.0,0.002372563
1.0,0.895598
1.0,0.6865095
0.0,0.14640462
0.0,0.12162948
0.0,0.0030035079
0.0,0.0076747537
1.0,0.9565275
0.0,0.0024896264
1.0,0.12917554
0.0,0.0062921047
1.0,0.11267218
0.0,0.0017502904
0.0,0.05700338
1.0,0.8493508
0.0,0.0005786717
1.0,0.9345691
0.0,0.026396394
0.0,0.4524451
0.0,0.15429154
0.0,0.00081273913
0.0,0.0007953346
1.0,0.9322732
1.0,0.9795896
0.0,0.8968777
0.0,0.004517883
0.0,0.0021006167
0.0,0.123241365
1.0,0.78606045
0.0,0.645457
1.0,0.3870785
1.0,0.71248657
0.0,0.7665602
0.0,0.003889203
0.0,0.032585263
0.0,0.09360021
0.0,0.09888551
0.0,0.015250802
0.0,0.026406676
0.0,0.8204446
0.0,0.7812948
1.0,0.8892535
0.0,0.98370826
0.0,0.003715396
1.0,0.8787011
0.0,0.00721699
0.0,0.034364134
0.0,0.0010317862
0.0,0.0087684095
1.0,0.035134643
1.0,0.97853255
1.0,0.9098619
0.0,0.0025492907
0.0,0.002740413
0.0,0.0045149326
0.0,0.7920389
0.0,0.10302758
0.0,0.79602563
1.0,0.996367
1.0,0.9902996
1.0,0.9160409
0.0,0.010098547
1.0,0.99515015
1.0,0.75399125
0.0,0.047233462
1.0,0.93026847
0.0,0.009785026
0.0,0.011484534
0.0,0.66120934
1.0,0.98153234
1.0,0.9408994
1.0,0.84741867
0.0,0.89395034
0.0,0.12089932
0.0,0.008372843
1.0,0.96284384
1.0,0.98877144
1.0,0.9891753
1.0,0.9131093
0.0,0.026988208
0.0,0.009723812
0.0,0.0036212802
0.0,0.67078084
1.0,0.91514885
0.0,0.0042873025
0.0,0.21771777
0.0,0.19591895
1.0,0.32474113
0.0,0.022428006
0.0,0.1756424
0.0,0.054144084
0.0,0.8676574
0.0,0.03951642
0.0,0.015092552
0.0,0.0015792549
0.0,0.15614614
0.0,0.0018047988
1.0,0.97628176
1.0,0.10315302
0.0,0.44145316
0.0,0.8487524
0.0,0.121290594
1.0,0.89686465
0.0,0.0031877458
0.0,0.014851779
0.0,0.31276804
0.0,0.0018072128
1.0,0.8802239
0.0,0.0032722652
0.0,0.036350846
1.0,0.91473025
1.0,0.97137344
1.0,0.9568927
0.0,0.0014831424
0.0,0.014052063
1.0,0.98387873
1.0,0.98202497
1.0,0.9737613
0.0,0.70969373
0.0,0.886058
0.0,0.0010350347
1.0,0.100299925
1.0,0.98282576
0.0,0.0020439923
0.0,0.7022302
1.0,0.72296876
1.0,0.961177
0.0,0.0030115545
1.0,0.9544042
1.0,0.75097233
0.0,0.06983358
1.0,0.16157636
0.0,0.04939893
0.0,0.003413707
0.0,0.95872015
0.0,0.013038784
1.0,0.9125372
0.0,0.018366039
1.0,0.4112169
1.0,0.94189435
1.0,0.68632185
0.0,0.00055220723
0.0,0.55313176
1.0,0.6965551
0.0,0.00069615245
1.0,0.7674378
1.0,0.9509924
0.0,0.9896482
0.0,0.02456671
1.0,0.04542184
1.0,0.99223
0.0,0.0016875565
1.0,0.9102546
1.0,0.53842604
1.0,0.79889524
1.0,0.9935666
1.0,0.72932065
1.0,0.9606965
0.0,0.029131353
0.0,0.6927625
0.0,0.025016457
1.0,0.9789623
1.0,0.65723103
0.0,0.16075918
0.0,0.015325874
1.0,0.26008278
0.0,0.00079223514
1.0,0.99075603
0.0,0.6604524
1.0,0.8060813
1.0,0.96891236
0.0,0.22860372
1.0,0.10754171
0.0,0.052212298
1.0,0.9953318
1.0,0.9942662
1.0,0.10404962
0.0,0.031025022
0.0,0.013373375
1.0,0.7586674
0.0,0.09371513
1.0,0.73312944
0.0,0.0030017495
0.0,0.5273319
0.0,0.10613266
0.0,0.056711793
0.0,0.0043703318
0.0,0.36824125
0.0,0.33844703
1.0,0.9704795
1.0,0.18491483
0.0,0.0024757981
1.0,0.993135
1.0,0.71111006
0.0,0.90702343
0.0,0.78020865
0.0,0.17870206
0.0,0.18565124
0.0,0.0023660064
0.0,0.019891053
1.0,0.18491226
1.0,0.98879623
0.0,0.0032239258
0.0,0.0010588169
0.0,0.803251
0.0,0.9426223
0.0,0.027019322
1.0,0.98644614
0.0,0.3221627
0.0,0.035958648
1.0,0.9490371
1.0,0.8614367
0.0,0.0062097907
0.0,0.50003576
0.0,0.0011840165
1.0,0.73578024
1.0,0.9337224
0.0,0.027428955
0.0,0.0149029195
0.0,0.0031446218
0.0,0.24550772
0.0,0.001536727
1.0,0.96750015
1.0,0.8704842
1.0,0.40927815
0.0,0.00020468235
1.0,0.41306505
0.0,0.420438
1.0,0.99441755
1.0,0.52768004
0.0,0.0030632913
0.0,0.0008278489
0.0,0.00066640973
0.0,0.41713163
0.0,0.8569006
1.0,0.99402803
0.0,0.8064686
0.0,0.8334781
0.0,0.019104302
0.0,0.00018659234
0.0,0.022038013
0.0,0.007842571
0.0,0.06917766
1.0,0.9420948
1.0,0.85920084
0.0,0.00030741096
0.0,0.23572633
0.0,0.4134969
0.0,0.012971401
1.0,0.98229325
0.0,0.012666881
0.0,0.24880385
1.0,0.78928214
0.0,0.9372724
0.0,0.02265498
0.0,0.051065713
0.0,0.004367262
1.0,0.9868868
1.0,0.9157332
0.0,0.004774332
1.0,0.15310511
1.0,0.8898855
1.0,0.90794724
0.0,0.030313611
0.0,0.040981293
1.0,0.89375585
1.0,0.98964393
0.0,0.0057677925
1.0,0.98495567
0.0,0.010411382
1.0,0.9764582
1.0,0.9365864
1.0,0.9144633
0.0,0.016908139
1.0,0.70768905
1.0,0.3966431
0.0,0.029863775
0.0,0.010605186
0.0,0.9748764
0.0,0.016504973
0.0,0.004859835
0.0,0.00080272555
1.0,0.99611855
0.0,0.31153637
0.0,0.38192838
0.0,0.2352877
0.0,0.0019006133
0.0,0.016215295
0.0,0.010520846
1.0,0.8527958
0.0,0.034158587
0.0,0.024953514
0.0,0.36536077
1.0,0.9094648
1.0,0.77167475
1.0,0.9803691
1.0,0.9481399
0.0,0.006118387
0.0,0.013394982
0.0,0.024930835
0.0,0.011306554
0.0,0.7789535
0.0,0.0069021285
1.0,0.92143106
0.0,0.768051
1.0,0.26892912
1.0,0.019189566
1.0,0.7234317
0.0,0.030079126
0.0,0.0025886893
0.0,0.00036984682
0.0,0.0018299818
1.0,0.77475995
1.0,0.8240539
1.0,0.32318252
1.0,0.96206284
1.0,0.98597336
0.0,0.008438617
0.0,0.025716722
0.0,0.8929272
0.0,0.007534921
1.0,0.9657768
0.0,0.0038645267
0.0,0.7949463
1.0,0.9478904
1.0,0.52777165
0.0,0.007843733
0.0,0.09833768
0.0,0.032140344
0.0,0.03908056
1.0,0.62108237
0.0,0.98064077
0.0,0.6676592
1.0,0.9920733
0.0,0.11745602
1.0,0.98107314
1.0,0.9754768
0.0,0.0022529066
0.0,0.61009824
0.0,0.0019270182
0.0,0.008759886
1.0,0.6837069
0.0,0.012538433
0.0,0.32622153
0.0,0.7873921
0.0,0.001605928
1.0,0.97128975
1.0,0.23907048
1.0,0.88959587
1.0,0.96251786
0.0,0.5628
0.0,0.01651153
1.0,0.81652176
0.0,0.0054908097
1.0,0.17286247
0.0,0.014567077
1.0,0.72694105
1.0,0.97896445
0.0,0.3393584
0.0,0.2124086
0.0,0.64695036
0.0,0.003104806
0.0,0.0053565204
0.0,0.009424806
1.0,0.8915012
0.0,0.002975762
0.0,0.09741807
0.0,0.2501724
0.0,0.006589949
0.0,0.0053465664
0.0,0.0044216216
0.0,0.16915497
0.0,0.0023939013
0.0,0.00024598837
0.0,0.01138556
0.0,0.16624042
0.0,0.004079461
1.0,0.2852103
0.0,0.11210853
1.0,0.98386955
0.0,0.003032148
0.0,0.0016393661
1.0,0.63959295
0.0,0.0020343363
1.0,0.9867263
0.0,0.3403279
1.0,0.9737855
0.0,0.6292689
0.0,0.01287657
1.0,0.4710182
1.0,0.48840484
0.0,0.0033402443
0.0,0.03941682
0.0,5.969405e-05
0.0,0.00037625432
0.0,0.0010090172
0.0,0.8299339
1.0,0.96567756
1.0,0.8402343
0.0,0.03996879
0.0,0.0054516196
1.0,0.71104544
1.0,0.95692277
1.0,0.8593254
0.0,0.00091665983
1.0,0.021137178
0.0,0.42654255
1.0,0.44061798
0.0,0.00042119622
1.0,0.4636819
0.0,0.008874953
0.0,0.12631145
0.0,0.29395837
0.0,0.8970836
1.0,0.8548357
0.0,0.024947196
0.0,0.14964706
1.0,0.9907428
0.0,0.0054390132
0.0,0.867121
0.0,0.20650628
1.0,0.9898737
0.0,0.060251564
0.0,0.007543355
0.0,0.989478
1.0,0.91002136
0.0,0.00022107363
0.0,0.7002885
0.0,0.010319233
1.0,0.65927994
0.0,0.0081085265
1.0,0.9894927
0.0,0.35994384
1.0,0.8537657
1.0,0.99306154
0.0,0.8509525
1.0,0.975844
1.0,0.99310285
0.0,0.0072884858
0.0,0.75668734
0.0,0.0072456896
1.0,0.992293
0.0,0.09391996
1.0,0.85680306
1.0,0.5841077
0.0,0.0030023158
1.0,0.9743296
0.0,0.26981884
1.0,0.31721002
0.0,0.3644083
1.0,0.6325927
0.0,0.5446777
1.0,0.016576588
0.0,0.19270891
0.0,0.0029660463
0.0,0.0051091313
0.0,0.00653404
0.0,0.0031645596
0.0,0.0015143454
0.0,0.0005452037
0.0,0.16709867
0.0,0.07310423
0.0,0.8211868
0.0,0.6103074
0.0,0.009946227
1.0,0.7807344
1.0,0.23509234
0.0,0.7426632
1.0,0.020183414
0.0,0.006252557
0.0,0.5496165
0.0,0.6277478
0.0,0.008376807
0.0,0.021918327
0.0,0.27866048
1.0,0.92993593
0.0,0.0002706647
0.0,0.011056989
1.0,0.0023559928
0.0,0.0017134845
1.0,0.9067472
0.0,0.045061886
0.0,0.05051747
1.0,0.27981782
0.0,0.003425032
1.0,0.86298573
0.0,0.002805084
0.0,0.0003478825
0.0,0.0010920167
1.0,0.96510375
0.0,0.026938975
1.0,0.82748145
1.0,0.7755946
0.0,0.94877875
0.0,0.0005553365
1.0,0.015717983
0.0,0.006585747
0.0,0.043188334
0.0,0.5273022
0.0,0.0006379485
0.0,0.75285184
0.0,0.9872018
1.0,0.27974802
0.0,0.00484398
1.0,0.9444485
0.0,0.0025685728
0.0,0.0008998215
0.0,0.006370127
1.0,0.9071403
1.0,0.9755187
0.0,0.1786316
0.0,0.34543002
0.0,0.0005643964
0.0,0.09280625
0.0,0.018099517
0.0,0.017875344
0.0,0.00031241775
1.0,0.09857705
1.0,0.9893484
0.0,0.01027599
0.0,0.98061895
1.0,0.6737475
0.0,0.0043174624
1.0,0.938689
0.0,0.000734359
0.0,0.0049536526
1.0,0.98025227
0.0,0.1658769
1.0,0.8190684
1.0,0.96823287
1.0,0.97647566
0.0,0.19506732
0.0,0.012478381
0.0,0.27285594
1.0,0.9492694
0.0,0.23435
1.0,0.98403203
0.0,0.006029099
0.0,0.0020990372
0.0,0.18066245
1.0,0.96624756
0.0,0.014983892
0.0,0.01646474
0.0,0.88820195
1.0,0.022832304
1.0,0.9947356
0.0,0.08781424
0.0,0.008178204
1.0,0.98468834
1.0,0.9854474
1.0,0.9373597
1.0,0.1347068
0.0,0.0030530095
1.0,0.96979845
0.0,0.022429466
0.0,0.08315021
0.0,0.0035226643
1.0,0.89484215
0.0,0.021253169
0.0,0.055325687
0.0,0.0011417866
1.0,0.6571932
0.0,0.07758722
1.0,0.98118967
1.0,0.9317292
0.0,0.015746772
1.0,0.8738645
0.0,0.0033557117
1.0,0.09897795
0.0,0.50569946
0.0,0.0051185787
0.0,0.0071456432
0.0,0.06736961
1.0,0.9639949
0.0,0.021690458
0.0,0.12154552
0.0,0.37842873
1.0,0.9978045
1.0,0.9315634
0.0,0.005081147
1.0,0.9891173
1.0,0.98493254
1.0,0.99557173
1.0,0.08233377
0.0,0.70166177
1.0,0.4633351
0.0,0.0303393
0.0,0.34686482
1.0,0.6552523
0.0,0.026555419
0.0,0.013409764
0.0,0.08679852
1.0,0.37904656
0.0,0.29450977
0.0,0.29673892
1.0,0.8664652
0.0,0.004739046
1.0,0.7952035
0.0,0.0042782724
0.0,0.71403193
1.0,0.6959932
1.0,0.9675975
0.0,0.0009880662
1.0,0.9574772
1.0,0.9719291
0.0,0.66065466
0.0,0.56225985
1.0,0.75149655
0.0,0.011734366
1.0,0.9891935
0.0,0.008470535
0.0,0.03538239
1.0,0.4994962
1.0,0.9365721
0.0,0.07021347
1.0,0.86923456
0.0,0.15883061
0.0,0.028997391
1.0,0.93269634
0.0,0.003897369
0.0,0.10430664
0.0,0.021043539
1.0,0.74996006
0.0,0.010894388
0.0,0.0009921491
1.0,0.85847056
1.0,0.7579773
0.0,0.009410411
0.0,0.3747036
0.0,0.004587531
1.0,0.13218355
0.0,0.1986298
0.0,0.007814318
0.0,0.013510853
0.0,0.0042172074
0.0,0.0018693209
1.0,0.3342405
0.0,0.14448279
0.0,0.0025994182
0.0,0.07392743
1.0,0.95392966
1.0,0.99511045
1.0,0.6589608
0.0,0.7458521
0.0,0.027026266
0.0,0.9737953
1.0,0.98893857
0.0,0.062880814
1.0,0.89237714
0.0,0.006881714
1.0,0.9859497
0.0,0.048008054
1.0,0.9567388
0.0,0.9091542
1.0,0.9639925
0.0,0.09253731
0.0,0.3844809
1.0,0.21831128
1.0,0.97201025
1.0,0.967271
0.0,0.225871
1.0,0.9112902
1.0,0.65786415
1.0,0.2728799
0.0,0.00045064092
1.0,0.7643337
0.0,0.004776597
0.0,0.9319458
1.0,0.4033141
0.0,0.80281556
0.0,0.009600848
0.0,0.022625834
0.0,0.06556097
0.0,0.8814154
1.0,0.96001565
1.0,0.90013754
0.0,0.26937354
0.0,0.63141286
0.0,0.010091335
1.0,0.9912187
0.0,0.83250964
0.0,0.17360675
0.0,0.0047854483
0.0,0.0018461049
0.0,0.056772083
0.0,0.88523495
1.0,0.97505605
1.0,0.9946378
1.0,0.46282506
0.0,0.44286874
0.0,0.0016277432
0.0,0.0013363957
0.0,0.0023106039
0.0,0.0071394145
1.0,0.9803138
0.0,0.0105596185
0.0,0.37185362
1.0,0.9789022
0.0,0.07321772
1.0,0.1044755
1.0,0.77178484
0.0,0.76318264
0.0,0.0020974278
0.0,0.007873356
1.0,0.76240665
0.0,0.03773403
0.0,0.0060819983
1.0,0.9550338
1.0,0.8204574
0.0,0.0013664067
0.0,0.16507173
0.0,0.7337934
0.0,0.0015619695
0.0,0.6904531
1.0,0.22328761
1.0,0.92563736
0.0,0.0022342205
0.0,0.0015130937
0.0,0.54489034
0.0,0.13220975
1.0,0.8471398
0.0,0.07673323
1.0,0.9869878
0.0,0.017321914
1.0,0.9828177
0.0,0.0084631145
1.0,0.9701768
1.0,0.8591154
0.0,0.0066223443
0.0,0.56815743
0.0,0.0014532804
0.0,0.03523171
1.0,0.47811896
1.0,0.00076314807
1.0,0.18260628
1.0,0.11757839
1.0,0.73504776
0.0,0.0007303655
1.0,0.79911447
1.0,0.71978015
0.0,0.0020011663
0.0,0.0078929365
0.0,0.018092245
1.0,0.96987486
1.0,0.9870031
0.0,0.95131266
0.0,0.0026519299
1.0,0.94161606
0.0,0.06198126
0.0,0.01376456
1.0,0.96293783
0.0,0.6077851
0.0,0.008356571
1.0,0.20245984
1.0,0.9478904
0.0,0.0018688142
0.0,0.010706693
0.0,0.014905602
1.0,0.9829613
1.0,0.96990854
0.0,0.66253036
0.0,0.25976044
1.0,0.9749685
1.0,0.8494959
0.0,0.0009665489
0.0,0.06291911
0.0,0.040817082
1.0,0.17200676
1.0,0.5881944
0.0,0.016133249
0.0,0.020612687
1.0,0.9519266
0.0,0.0073463917
0.0,0.012566298
0.0,0.06859115
0.0,0.9327624
1.0,0.9208686
0.0,0.8495451
0.0,0.0028747618
0.0,0.9414801
0.0,0.14592057
0.0,0.010798633
1.0,0.8222431
1.0,0.6067658
0.0,0.25611278
1.0,0.9880778
0.0,0.1372301
1.0,0.9377774
1.0,0.0082407
1.0,0.9502272
0.0,0.0042101145
0.0,0.79564404
0.0,0.004607439
1.0,0.9921198
0.0,0.012334466
1.0,0.95658314
0.0,0.04527092
0.0,0.0013028383
1.0,0.33949548
1.0,0.9908608
0.0,0.0012138486
1.0,0.86166805
0.0,0.00416106
1.0,0.9793737
0.0,0.00036755204
1.0,0.8088505
1.0,0.104198545
0.0,0.0059627593
0.0,0.01157552
0.0,0.0022172332
0.0,0.0016108453
0.0,0.0067208707
0.0,0.94075996
0.0,0.037363023
0.0,0.02680713
0.0,0.9810587
0.0,0.0033364594
1.0,0.99360836
0.0,0.20050049
0.0,0.45592555
1.0,0.9920616
0.0,0.0055918097
1.0,0.99508643
0.0,0.0018772781
1.0,0.9815837
0.0,0.0009974837
0.0,0.039339066
1.0,0.99328524
0.0,0.04910913
0.0,0.0012696385
0.0,0.010962158
1.0,0.99475825
1.0,0.22093412
0.0,0.00090399384
1.0,0.87456346
1.0,0.5077962
1.0,0.9832011
0.0,0.6213898
1.0,0.15070304
1.0,0.9477724
0.0,0.39287788
1.0,0.19059306
1.0,0.11089593
0.0,0.022724122
0.0,0.00067055225
0.0,0.06209019
0.0,0.027204186
0.0,0.0066537857
0.0,0.007826209
0.0,0.05834937
0.0,0.00021725893
1.0,0.8029846
0.0,0.1048131
0.0,0.0014243424
0.0,0.014298767
0.0,0.012628049
1.0,0.6541755
0.0,0.0015698075
1.0,0.8532629
0.0,0.48885128
0.0,0.018211693
1.0,0.8339933
1.0,0.85010135
0.0,0.24815947
0.0,0.35131884
1.0,0.9352187
0.0,0.9497922
0.0,0.029438257
1.0,0.9010143
1.0,0.34912843
1.0,0.71626455
1.0,0.757052
0.0,0.053515226
0.0,0.0010954142
1.0,0.7396651
0.0,0.0031388104
0.0,0.00081157684
1.0,0.9857345
1.0,0.9752852
1.0,0.9759332
0.0,0.0029156208
1.0,0.03597647
1.0,0.9734865
1.0,0.82137233
0.0,0.0009917617
0.0,0.0034389198
1.0,0.15631041
0.0,0.00847888
0.0,0.6997896
0.0,0.01779136
1.0,0.8753867
0.0,0.00418666
0.0,0.01495868
0.0,0.14260232
0.0,0.78154105
0.0,0.01138407
0.0,0.00120309
0.0,0.92752254
1.0,0.98492324
0.0,0.0393748
1.0,0.9228307
0.0,0.0010267794
0.0,0.5330521
0.0,0.9230058
1.0,0.005193025
0.0,0.8412217
0.0,0.0027655065
0.0,0.002294749
0.0,0.1484608
0.0,0.03188941
1.0,0.9615254
0.0,0.5158649
1.0,0.9514148
0.0,0.00459525
0.0,0.038621545
0.0,0.0066824555
0.0,0.5957182
0.0,0.016605526
0.0,0.22518197
0.0,0.018100232
0.0,0.013156623
1.0,0.638092
0.0,0.022154212
1.0,0.557279
1.0,0.5363501
0.0,0.021277815
0.0,0.010310203
1.0,0.93909395
0.0,0.0028997064
1.0,0.9487556
1.0,0.77922976
0.0,0.0051329434
1.0,0.6440753
0.0,0.0033577979
1.0,0.934421
0.0,0.23394999
0.0,0.2422018
1.0,0.586876
0.0,0.73308975
0.0,0.0010913312
0.0,0.84833276
1.0,0.5366845
1.0,0.9910525
0.0,0.0004569888
0.0,0.10001746
1.0,0.62700933
0.0,0.8054923
1.0,0.44873375
0.0,0.28006488
1.0,0.4635469
0.0,0.7133934
0.0,0.007118523
0.0,0.60342586
0.0,0.013385296
0.0,0.18520975
1.0,0.008641005
0.0,0.3643443
1.0,0.89666295
0.0,0.0027720928
1.0,0.3465944
0.0,0.0015240312
0.0,0.0009848177
0.0,0.0069127977
0.0,0.0060609877
0.0,0.0789749
0.0,0.07149622
0.0,0.15731755
0.0,0.19971839
1.0,0.76770186
0.0,0.005392462
0.0,0.0697484
1.0,0.6621706
1.0,0.7151731
0.0,0.009061903
0.0,0.0054195225
1.0,0.7667093
0.0,0.44291696
1.0,0.01683274
1.0,0.93871224
1.0,0.90607744
1.0,0.86167264
0.0,0.0036718547
0.0,0.0018528402
1.0,0.7635504
0.0,0.33263162
1.0,0.9690803
1.0,0.46928126
1.0,0.9859501
0.0,0.11484766
0.0,0.0019112527
0.0,0.004250169
0.0,0.0033107996
1.0,0.73674697
1.0,0.8924298
0.0,0.41852495
0.0,0.062321007
0.0,0.042366445
0.0,0.10682067
1.0,0.079089165
1.0,0.8514624
1.0,0.6677718
0.0,0.78787065
1.0,0.5606702
1.0,0.66219234
1.0,0.84754777
1.0,0.9598875
0.0,0.6727993
0.0,0.78163064
0.0,0.6447865
0.0,0.0045206547
1.0,0.87146777
1.0,0.9928503
1.0,0.78788096
1.0,0.8390781
0.0,0.011660844
0.0,0.0024863183
0.0,0.13370228
0.0,0.096523106
1.0,0.89576244
0.0,0.013184905
0.0,0.010635018
0.0,0.10042986
0.0,0.0021256804
1.0,0.7979008
1.0,0.8261441
1.0,0.98214835
0.0,0.22543281
0.0,0.50260425
1.0,0.79393494
1.0,0.99256766
0.0,0.050620943
1.0,0.89528096
0.0,0.6542264
1.0,0.99100876
1.0,0.9745451
1.0,0.3118011
0.0,0.01346162
0.0,0.049133927
1.0,0.9950674
0.0,0.05329138
0.0,0.09465745
1.0,0.9891796
0.0,0.06716737
0.0,0.006404549
0.0,0.052676797
1.0,0.3160466
0.0,0.5135596
0.0,0.09064001
1.0,0.8752558
0.0,0.28296223
0.0,0.0048051476
0.0,0.032141417
0.0,0.013065726
1.0,0.6327274
0.0,0.83675295
0.0,0.00399825
0.0,0.0010263026
1.0,0.687936
0.0,0.018258005
0.0,0.0006210506
1.0,0.23787782
0.0,0.16278756
0.0,0.0011806786
1.0,0.9907437
1.0,0.60739684
0.0,0.0006734431
1.0,0.26186752
1.0,0.15440151
0.0,0.5439881
0.0,0.5330875
1.0,0.35571283
1.0,0.77469647
0.0,0.0013779998
1.0,0.342584
1.0,0.7219728
1.0,0.31822053
0.0,0.12880811
1.0,0.054470062
0.0,0.019570678
1.0,0.7563615
0.0,0.0006252229
1.0,0.956753
0.0,0.9177932
0.0,0.3713475
1.0,0.6714168
0.0,0.0037782788
1.0,0.96290207
1.0,0.6995189
1.0,0.9796778
1.0,0.6876838
0.0,0.025640547
1.0,0.0032442212
0.0,0.59833413
0.0,0.002362579
0.0,0.0069384277
0.0,0.041767687
1.0,0.99173456
0.0,0.006325215
0.0,0.6456534
0.0,0.24228531
0.0,0.15522754
1.0,0.933499
0.0,0.20967951
0.0,0.00059732795
0.0,0.012199879
0.0,0.4711771
1.0,0.853305
0.0,0.009193182
1.0,0.90724313
1.0,0.9719704
0.0,0.74728537
0.0,0.0055295527
0.0,0.008661956
1.0,0.9636751
0.0,0.009985745
1.0,0.017017752
1.0,0.6478723
1.0,0.9810647
0.0,0.78167844
0.0,0.6498386
0.0,0.00274387
0.0,0.6915286
0.0,0.005582601
0.0,0.003517598
0.0,0.5277134
1.0,0.67857146
0.0,0.078976244
1.0,0.9522072
0.0,0.18329999
1.0,0.8640523
1.0,0.98211515
1.0,0.59397703
1.0,0.9438098
0.0,0.9042681
0.0,0.9453449
0.0,0.06796622
1.0,0.59838516
1.0,0.94164747
0.0,0.00558576
1.0,0.40451097
1.0,0.7861439
1.0,0.9284068
1.0,0.30443597
0.0,0.85383534
0.0,0.012893319
1.0,0.8538845
0.0,0.007417083
0.0,0.042833775
1.0,0.9730176
0.0,0.0012693405
0.0,0.77704847
0.0,0.1898511
0.0,0.0035993159
0.0,0.020793766
1.0,0.9930635
0.0,0.0016151369
0.0,0.09209311
1.0,0.24062398
0.0,0.020534813
1.0,0.93751216
0.0,0.17375347
0.0,0.0041477084
0.0,0.0041707754
0.0,0.03164631
1.0,0.7958199
0.0,0.0766038
0.0,0.18286756
1.0,0.94151187
1.0,0.92465496
0.0,0.0045514107
0.0,0.0029277503
0.0,0.0047610104
1.0,0.5350231
0.0,0.003584683
1.0,0.9454065
1.0,0.75944746
1.0,0.22197756
1.0,0.9025723
1.0,0.86907816
0.0,0.9349023
1.0,0.7583564
1.0,0.98894703
0.0,0.0065188706
0.0,0.0016369224
0.0,0.003728032
1.0,0.76021004
0.0,0.007112831
0.0,0.0048417747
0.0,0.16451108
1.0,0.9824682
0.0,0.0411658
1.0,0.9773849
0.0,0.12582177
0.0,0.35376638
0.0,0.02247724
0.0,0.009101421
0.0,0.023873061
1.0,0.23489517
1.0,0.9756746
0.0,0.072588176
0.0,0.16333216
1.0,0.8293824
0.0,0.000415802
1.0,0.9837271
0.0,0.007981956
0.0,0.009788781
0.0,0.008798033
1.0,0.99752915
1.0,0.8408078
0.0,0.014106035
0.0,0.020829767
1.0,0.9471241
0.0,0.008069187
0.0,0.0025164783
1.0,0.814736
1.0,0.99732316
1.0,0.8729979
0.0,0.012284905
1.0,0.8965503
1.0,0.8613916
0.0,0.22430202
0.0,0.015394449
0.0,0.0026096404
0.0,0.010934919
0.0,0.00068700314
0.0,0.030083835
1.0,0.8642796
1.0,0.4747488
0.0,0.053269565
0.0,0.0018158853
0.0,0.24719483
0.0,0.042013645
1.0,0.96515524
0.0,0.97993267
0.0,0.008878678
0.0,0.6774373
0.0,0.89582586
1.0,0.14485222
0.0,0.00055772066
0.0,0.4586419
1.0,0.9829013
0.0,0.009045601
0.0,0.7331147
0.0,0.0034857392
0.0,0.002368778
1.0,0.48585793
1.0,0.9007683
0.0,0.073373765
0.0,0.95149904
0.0,0.0011722445
0.0,0.9808448
0.0,0.9742242
0.0,0.08366686
0.0,0.0037515163
0.0,0.058589607
1.0,0.055169255
0.0,0.010626465
1.0,0.30366412
0.0,0.71681476
0.0,0.00038579106
0.0,0.033448726
0.0,0.04209909
0.0,0.14412808
0.0,0.113773644
1.0,0.9680766
0.0,0.0055306554
0.0,0.48217744
0.0,0.029799044
1.0,0.77117294
1.0,0.9204811
0.0,0.003616929
0.0,0.35674775
0.0,0.0011528134
1.0,0.992626
1.0,0.7516484
1.0,0.98501194
0.0,0.035226107
1.0,0.9883036
0.0,0.025731951
0.0,0.002886504
0.0,0.012752771
1.0,0.027002811
0.0,0.0005698502
0.0,0.012977004
1.0,0.99183106
1.0,0.05771807
0.0,0.0056817234
1.0,0.9950339
0.0,0.0077985823
1.0,0.47861746
0.0,0.030498773
1.0,0.95197165
0.0,0.9934248
0.0,0.04713452
1.0,0.79406625
0.0,0.0015587807
0.0,0.116258234
0.0,0.006248802
0.0,0.0024833381
0.0,0.07852438
0.0,0.004423201
1.0,0.8462422
1.0,0.8608866
0.0,0.3389877
0.0,0.01555112
0.0,0.00907293
0.0,0.41324985
1.0,0.9961237
0.0,0.010511935
0.0,0.06609735
0.0,0.7515176
0.0,0.116686255
0.0,0.00053450465
1.0,0.94702506
1.0,0.85267997
0.0,0.001954019
0.0,0.0031987429
0.0,0.031000286
0.0,0.0038623214
1.0,0.8496193
0.0,0.6514338
0.0,0.044291407
0.0,0.003947735
1.0,0.24750033
0.0,0.0042482615
0.0,0.042271882
1.0,0.9844472
0.0,0.007356584
0.0,0.23367187
1.0,0.73622406
1.0,0.8370672
1.0,0.9766749
0.0,0.0017724335
0.0,0.0037400126
0.0,0.1351051
0.0,0.0014075339
1.0,0.9425968
0.0,0.07028237
1.0,0.112235546
0.0,0.00062581897
0.0,0.002289623
0.0,0.10182956
1.0,0.9854189
0.0,0.8604828
0.0,0.11943355
0.0,0.27306366
1.0,0.95690024
0.0,0.003208965
0.0,0.11829868
0.0,0.0003271103
1.0,0.15214014
0.0,0.0033097565
0.0,0.00063070655
1.0,0.10797295
1.0,0.9830092
0.0,0.0009442866
1.0,0.9923733
1.0,0.9108586
1.0,0.891356
1.0,0.89308107
0.0,0.0025957525
1.0,0.9504604
0.0,0.9979154
1.0,0.021617293
0.0,0.018679619
1.0,0.22605687
0.0,0.14374527
1.0,0.026083767
1.0,0.9939116
1.0,0.73417425
0.0,0.0011348426
0.0,0.7243245
0.0,0.18051404
0.0,0.022167176
0.0,0.003720671
0.0,0.04754153
1.0,0.98737776
1.0,0.98358613
1.0,0.7850696
0.0,0.012305975
0.0,0.0017789602
0.0,0.03756413
0.0,0.345151
1.0,0.004371524
0.0,0.024233222
0.0,0.0057504475
0.0,0.02335906
0.0,0.3369585
1.0,0.71010554
0.0,0.8611767
0.0,0.93603647
0.0,0.4704249
1.0,0.7574893
0.0,0.050107002
0.0,0.16909659
1.0,0.4687882
0.0,0.63596284
1.0,0.5815916
0.0,0.005356103
0.0,0.6063739
0.0,0.004375875
0.0,0.02627778
0.0,0.0008378327
1.0,0.86002994
0.0,0.031431735
0.0,0.01355809
1.0,0.97730875
1.0,0.95435953
0.0,0.34343395
1.0,0.004771918
0.0,0.33361357
0.0,0.010650307
1.0,0.98957807
0.0,0.00045344234
0.0,0.08596948
0.0,0.0075035393
0.0,0.0068075657
1.0,0.9629255
1.0,0.8939841
1.0,0.80037284
1.0,0.9791597
0.0,0.007179916
0.0,0.0074503124
0.0,0.14131796
1.0,0.9895734
0.0,0.0066458583
0.0,0.014466226
1.0,0.9559972
1.0,0.84827304
1.0,0.9615481
0.0,0.004537523
0.0,0.1261926
0.0,0.42517224
1.0,0.99498147
1.0,0.95294845
1.0,0.8909733
0.0,0.16585797
0.0,0.00083333254
0.0,0.00034216046
1.0,0.94130385
1.0,0.2970604
0.0,0.11730248
1.0,0.92914855
1.0,0.23406282
1.0,0.9682605
1.0,0.6942407
0.0,0.012033075
0.0,0.009584546
1.0,0.6507648
1.0,0.78126603
0.0,0.06478554
0.0,0.02611065
0.0,0.0012739599
0.0,0.0061315596
0.0,0.009205788
0.0,0.72333205
0.0,0.0029884279
0.0,0.0392673
1.0,0.72287995
1.0,0.79787767
0.0,0.82050395
1.0,0.9861244
0.0,0.00037679076
1.0,0.9208412
0.0,0.083379656
1.0,0.97838956
0.0,0.0008557737
0.0,0.002877891
0.0,0.0012585223
0.0,0.6780379
1.0,0.03650269
1.0,0.9024079
0.0,0.0020756423
0.0,0.037217677
1.0,0.262443
0.0,0.0048454106
1.0,0.93045217
1.0,0.89312315
0.0,0.0037454069
0.0,0.006863326
0.0,0.033631682
0.0,0.9892626
0.0,0.80277467
0.0,0.001970768
0.0,0.73031294
0.0,0.009477705
1.0,0.81327176
1.0,0.98542136
1.0,0.6057366
1.0,0.7766031
0.0,0.0046810806
0.0,0.099095345
1.0,0.8649092
0.0,0.8483975
0.0,0.02329871
0.0,0.057884336
1.0,0.7412206
1.0,0.2635848
0.0,0.0032708645
1.0,0.9210992
1.0,0.960251
0.0,0.0002592802
0.0,0.0057398975
1.0,0.9612657
0.0,0.003557533
0.0,0.8937477
0.0,0.00052830577
0.0,0.026129246
1.0,0.156744
0.0,0.03830281
0.0,0.008303881
0.0,0.57986593
1.0,0.4096773
0.0,0.0022870004
0.0,0.023598462
1.0,0.9455471
0.0,0.0028342903
0.0,0.3846078
0.0,0.98133665
1.0,0.9852574
1.0,0.44664654
1.0,0.19746032
0.0,0.029572159
0.0,0.5222127
1.0,0.23175547
0.0,0.0068482757
0.0,0.003129065
0.0,0.50784785
0.0,0.012506455
1.0,0.3438936
0.0,0.036459774
0.0,0.7916237
1.0,0.7727442
0.0,0.005809188
0.0,0.0049324334
0.0,0.8485179
0.0,0.17520085
1.0,0.89016414
1.0,0.97228944
0.0,0.94201314
1.0,0.7303121
0.0,0.003147453
0.0,0.0026958883
0.0,0.0010952652
1.0,0.71316546
0.0,0.002135694
0.0,0.0089176
1.0,0.9852949
1.0,0.9241767
1.0,0.8955647
0.0,0.267491
1.0,0.93121755
1.0,0.97772855
0.0,0.00021186471
0.0,0.7363381
0.0,0.56364095
1.0,0.7781324
0.0,0.04351887
0.0,0.19758627
0.0,0.0031294227
0.0,0.0068067014
0.0,0.0021640658
0.0,0.06740564
0.0,0.1774669
0.0,0.9173506
0.0,0.21684253
1.0,0.81439453
1.0,0.64681816
1.0,0.67320436
0.0,0.0032334328
1.0,0.9920002
0.0,0.3539636
0.0,0.021476358
1.0,0.92533517
0.0,0.12932393
0.0,0.0016296804
0.0,0.1409581
0.0,0.01221174
0.0,0.39037746
0.0,0.7446841
0.0,0.014599144
1.0,0.8194294
0.0,0.0009276569
0.0,0.0014925003
0.0,0.00084644556
1.0,0.9872101
1.0,0.97174656
0.0,0.4371722
1.0,0.6894472
0.0,0.013802826
1.0,0.07103452
0.0,0.007363975
0.0,0.0011062622
1.0,0.025781423
0.0,0.001666069
0.0,0.0040009916
1.0,0.97818816
0.0,0.025558561
1.0,0.013151258
0.0,0.59638983
0.0,0.0034838319
1.0,0.89564204
0.0,0.0033247173
0.0,0.07801849
0.0,0.7476243
0.0,0.0013116002
0.0,0.00076562166
1.0,0.9495292
0.0,0.002387017
0.0,0.00824675
0.0,0.015142351
1.0,0.6393508
0.0,0.96101034
0.0,0.036055744
1.0,0.75972235
0.0,0.0016190708
0.0,0.004867673
0.0,0.069515646
0.0,0.08502802
1.0,0.84465957
0.0,0.0047082007
0.0,0.0004874766
0.0,0.0023995638
0.0,0.00239861
0.0,0.7443224
1.0,0.86844957
1.0,0.81587374
0.0,0.00833264
1.0,0.8812969
0.0,0.014067352
0.0,0.003760904
0.0,0.004406661
0.0,0.25190732
1.0,0.9733319
0.0,0.0070856214
0.0,0.0029902756
0.0,0.63965845
0.0,0.060923338
0.0,0.15022594
0.0,0.00091949105
0.0,0.00052666664
0.0,0.004721731
0.0,0.0012034774
0.0,0.94311535
1.0,0.26467955
0.0,0.008950949
0.0,0.004524678
0.0,0.02533707
1.0,0.98320395
0.0,0.13235149
1.0,0.91630566
0.0,0.015010536
0.0,0.024940968
0.0,0.29183644
1.0,0.978722
1.0,0.9869571
1.0,0.8011184
1.0,0.563276
0.0,0.08407262
0.0,0.0027354956
1.0,0.9888637
1.0,0.965094
0.0,0.013056129
0.0,0.09993607
0.0,0.9775035
1.0,0.9626411
0.0,0.020465046
0.0,0.0022297204
0.0,0.012924135
0.0,0.0057714283
1.0,0.6926482
1.0,0.93766
0.0,4.503131e-05
1.0,0.6855158
0.0,0.011533201
0.0,0.0102161765
0.0,0.0018960238
0.0,0.02657038
0.0,0.006980449
1.0,0.843255
0.0,0.00065249205
0.0,0.3087616
0.0,0.9417579
0.0,0.06869328
0.0,0.84507596
1.0,0.96800584
0.0,0.007448226
0.0,0.0053465664
1.0,0.94698
0.0,0.51962954
0.0,0.0010121167
1.0,0.9426597
1.0,0.76455265
0.0,0.023929149
1.0,0.89237547
0.0,0.30544066
1.0,0.629668
1.0,0.99846375
0.0,0.16313097
1.0,0.9087305
0.0,0.028202802
0.0,0.030113816
0.0,0.23338106
0.0,0.527695
0.0,0.0095484555
0.0,0.009712547
0.0,0.524204
1.0,0.9682641
0.0,0.110634
0.0,0.018377274
0.0,0.15976533
0.0,0.16564634
1.0,0.9447284
0.0,0.0066030324
0.0,0.6377035
0.0,0.006104827
0.0,0.015662223
0.0,0.07077339
0.0,0.97705495
1.0,0.03816569
0.0,0.01520142
1.0,0.6764101
0.0,0.0043916106
1.0,0.16224936
0.0,0.005953133
0.0,0.11827761
0.0,0.01038143
0.0,0.8609858
0.0,0.54078627
0.0,0.06591639
0.0,0.12947533
0.0,0.001621306
0.0,0.9361123
0.0,0.9512567
1.0,0.90804195
0.0,0.4758641
0.0,0.011436135
1.0,0.9963474
0.0,0.0022254884
0.0,0.0016610622
0.0,0.00029197335
1.0,0.8492675
1.0,0.69620186
1.0,0.73688424
1.0,0.995327
0.0,0.120619744
1.0,0.8946445
0.0,0.19653684
1.0,0.2062167
0.0,0.020683676
0.0,0.9467373
0.0,0.015037119
0.0,0.00998041
0.0,0.008541524
1.0,0.96097755
1.0,0.3044904
0.0,0.9833476
1.0,0.7808207
0.0,0.0043393373
1.0,0.9718462
0.0,0.0023836792
0.0,0.011781365
0.0,0.97584087
0.0,0.4120469
0.0,0.011491865
0.0,0.0012499392
1.0,0.9947537
0.0,0.0010439456
1.0,0.99438906
1.0,0.8775815
1.0,0.9676362
0.0,0.0023855865
0.0,0.9683665
0.0,0.015642047
0.0,0.03557232
0.0,0.0914602
1.0,0.679738
0.0,0.161479
0.0,0.037323207
0.0,0.11627078
0.0,0.002864927
0.0,0.0015861392
0.0,0.07249576
0.0,0.78699976
0.0,0.003602296
0.0,0.20907345
1.0,0.98748136
0.0,0.18900958
0.0,0.011804044
0.0,0.001506567
0.0,0.000751853
1.0,0.92326605
0.0,0.51713794
1.0,0.9862657
0.0,0.8231785
1.0,0.9981841
1.0,0.8015506
0.0,0.0012074709
0.0,0.23402631
0.0,0.008019179
0.0,0.16000777
0.0,0.0014121532
0.0,0.5737019
1.0,0.99456286
0.0,0.007635355
1.0,0.6266976
0.0,0.75925946
0.0,0.00090774894
0.0,0.10062972
1.0,0.9070412
0.0,0.0027698576
1.0,0.9935719
0.0,0.008568943
0.0,0.01755619
0.0,0.49734324
0.0,0.43058473
0.0,0.07908964
0.0,0.0105353
1.0,0.7167047
1.0,0.87963474
0.0,0.049084008
0.0,0.003289789
0.0,0.007964075
1.0,0.87057424
0.0,0.014638811
1.0,0.2690096
0.0,0.14785346
1.0,0.9219377
1.0,0.97317624
0.0,0.008753985
0.0,0.005510837
0.0,0.01058206
1.0,0.88766766
0.0,0.23635921
0.0,0.96589077
1.0,0.96802443
1.0,0.8130337
0.0,0.27347007
0.0,0.017267078
1.0,0.9763782
0.0,0.0059232414
0.0,0.003435433
0.0,0.0030998886
1.0,0.50546926
0.0,0.056148678
0.0,0.1263482
1.0,0.95013154
1.0,0.680934
0.0,0.233278
0.0,0.0033937097
0.0,0.011826396
1.0,0.96118945
1.0,0.9728608
1.0,0.7112849
0.0,0.03347197
0.0,0.0007169843
0.0,0.030274957
0.0,0.00044938922
1.0,0.84304535
0.0,0.003984779
0.0,0.5734826
0.0,0.02855882
0.0,0.60799253
0.0,0.072313935
0.0,0.0004695654
0.0,0.19870287
0.0,0.025824606
0.0,0.0040803254
1.0,0.19903183
1.0,0.9123002
0.0,0.16342735
0.0,0.6728985
1.0,0.047670096
0.0,0.00030693412
1.0,0.917151
0.0,0.010090411
0.0,0.004840255
1.0,0.97399217
1.0,0.9767734
0.0,0.80793935
0.0,0.18489519
1.0,0.10005692
0.0,0.054769754
0.0,0.15724665
0.0,0.99383754
0.0,0.0019855797
1.0,0.8085896
1.0,0.7249525
0.0,0.01717636
0.0,0.0014483631
0.0,0.038440377
1.0,0.8591065
0.0,0.010879457
1.0,0.17437214
0.0,0.01736942
1.0,0.50807995
1.0,0.86812586
0.0,0.8694365
1.0,0.25554
0.0,0.555696
0.0,0.0014606416
1.0,0.96049356
1.0,0.13386619
0.0,0.0052437484
0.0,0.17971468
0.0,0.7223538
0.0,0.32755858
1.0,0.9636474
0.0,0.02703005
0.0,0.15864241
0.0,0.0070270896
1.0,0.9192084
0.0,0.006802261
0.0,0.90359575
1.0,0.9147006
0.0,0.00038582087
0.0,0.44653833
0.0,0.05596587
1.0,0.16750452
0.0,0.7810195
1.0,0.95155203
0.0,0.00961256
1.0,0.21347755
1.0,0.28725016
1.0,0.970456
1.0,0.9477708
0.0,0.00030636787
1.0,0.7794467
0.0,0.0023300052
1.0,0.99565023
1.0,0.8243149
0.0,0.59415704
1.0,0.8115296
0.0,0.0012386441
1.0,0.7296825
1.0,0.26727307
0.0,0.0045225024
0.0,0.9743474
1.0,0.99694157
1.0,0.6154344
0.0,0.090056896
0.0,0.88097614
0.0,0.000117242336
0.0,0.0049428046
0.0,0.3790982
1.0,0.9096488
1.0,0.9634561
1.0,0.16873083
1.0,0.8905259
1.0,0.9950763
1.0,0.9897356
0.0,0.34197938
1.0,0.9666074
0.0,0.004538983
0.0,0.029521585
0.0,0.05022335
1.0,0.024578035
1.0,0.3273469
0.0,0.11389372
0.0,0.0061152577
0.0,0.91619134
1.0,0.77073264
1.0,0.17344335
1.0,0.8593383
0.0,0.0012155473
0.0,0.97971296
0.0,0.0073637962
0.0,0.19214785
0.0,0.016601533
0.0,0.0052007437
1.0,0.9737296
1.0,0.9432516
0.0,0.039134085
0.0,0.01930499
0.0,0.76004314
0.0,0.11179271
0.0,0.6902213
0.0,0.23220775
0.0,0.3161039
1.0,0.6485938
0.0,0.03170243
1.0,0.8702246
0.0,0.0013747513
0.0,0.9340098
0.0,0.065683305
0.0,0.881251
1.0,0.8947006
1.0,0.7905637
1.0,0.6997528
1.0,0.7273266
0.0,0.0010397136
0.0,0.8591087
1.0,0.60505855
1.0,0.6836105
0.0,0.1805268
0.0,0.0023111105
0.0,0.012152135
1.0,0.33538923
0.0,0.0051214993
1.0,0.05383259
0.0,0.012541056
0.0,0.048929334
0.0,0.012540966
0.0,0.01643598
0.0,0.0996564
0.0,0.0063619018
0.0,0.18319526
1.0,0.97980607
0.0,0.002903849
0.0,0.48350352
0.0,0.008589238
1.0,0.39156866
0.0,0.006172508
1.0,0.9854982
0.0,0.008326769
0.0,0.016302705
0.0,0.0010602176
0.0,0.5476981
0.0,0.004127383
0.0,0.0015152395
1.0,0.9618015
0.0,0.19160351
1.0,0.71468836
1.0,0.9864067
0.0,0.0043943822
0.0,0.095077276
1.0,0.9518945
1.0,0.9955598
0.0,0.16739032
0.0,0.5066901
0.0,0.0129902065
0.0,0.11418888
0.0,0.0010332465
1.0,0.7532652
0.0,0.004864216
1.0,0.9507481
1.0,0.08582884
0.0,0.94569945
0.0,0.17877233
0.0,0.004277408
0.0,0.0025989711
0.0,0.7389908
0.0,0.0011995733
0.0,0.0067035854
0.0,0.89448464
1.0,0.8853327
1.0,0.7589604
0.0,0.072720855
0.0,0.007622212
0.0,0.6168945
1.0,0.8793043
0.0,0.001155138
0.0,0.0089387
1.0,0.420466
1.0,0.9860076
0.0,0.5872629
0.0,0.098721355
0.0,0.005722463
1.0,0.9556544
0.0,0.020873338
1.0,0.9839678
1.0,0.6580214
0.0,0.0019671023
0.0,0.023142695
0.0,0.018593311
1.0,0.7411102
0.0,0.21168056
1.0,0.7251786
0.0,0.015162915
1.0,0.7695908
0.0,0.043655306
0.0,0.010453463
0.0,0.013793558
1.0,0.993878
0.0,0.94810987
1.0,0.9922841
1.0,0.3732842
0.0,0.003001064
1.0,0.07208085
0.0,0.05733648
1.0,0.3268218
0.0,0.0018824041
1.0,0.87402266
0.0,0.00044956803
1.0,0.8710514
1.0,0.9759146
1.0,0.9977816
0.0,0.0029919744
1.0,0.97223306
1.0,0.45237783
0.0,0.0029458702
1.0,0.95819324
1.0,0.63828933
1.0,0.48468202
0.0,0.08977592
0.0,0.016515184
0.0,0.97909385
0.0,0.07382415
