0.0,0.3557908
0.0,0.85896605
1.0,0.13331282
0.0,0.010369867
1.0,0.24628112
0.0,0.009521931
1.0,0.95622665
1.0,0.62121624
1.0,0.56523335
0.0,0.0040174425
0.0,0.18668118
1.0,0.9406671
0.0,0.0034163892
0.0,0.09395081
0.0,0.010212988
0.0,0.0044995546
1.0,0.5343653
0.0,0.0020993948
0.0,0.008843124
1.0,0.05624178
1.0,0.32896072
0.0,0.001300782
1.0,0.60717714
0.0,0.03741479
0.0,0.06968555
1.0,0.78900295
0.0,0.0139952
1.0,0.5676818
0.0,0.024655879
1.0,0.91601074
0.0,0.0027446747
0.0,0.34780586
1.0,0.95288
1.0,0.9869611
1.0,0.9572694
1.0,0.96457684
1.0,0.5762253
0.0,0.01831314
1.0,0.9615252
1.0,0.005010426
1.0,0.93934023
1.0,0.94586354
0.0,0.0033541322
1.0,0.95000285
1.0,0.93974864
0.0,0.012006462
0.0,0.0011792779
0.0,0.015065461
0.0,0.0076818764
1.0,0.96197325
0.0,0.46663648
1.0,0.7793088
1.0,0.97769976
1.0,0.646075
0.0,0.010474831
0.0,0.01393497
0.0,0.05218965
1.0,0.011309385
1.0,0.8834193
1.0,0.7367157
1.0,0.9807601
0.0,0.36465287
1.0,0.9860147
1.0,0.7811423
1.0,0.97121376
0.0,0.2612062
0.0,0.052363396
1.0,0.92560434
0.0,0.012026876
1.0,0.81387687
0.0,0.311752
1.0,0.7945852
0.0,0.00032383204
0.0,0.03226477
1.0,0.6487672
0.0,0.030882955
0.0,0.0056420863
0.0,0.06452629
0.0,0.002428174
1.0,0.9086903
0.0,0.004895985
1.0,0.97885567
1.0,0.9302773
1.0,0.9969326
1.0,0.9765113
1.0,0.81080246
1.0,0.94075847
0.0,0.29099905
0.0,0.020046532
1.0,0.51987606
0.0,0.008169949
1.0,0.062202305
0.0,0.0045810044
0.0,0.74816203
0.0,0.12504163
1.0,0.97444004
0.0,0.0018519163
0.0,0.018276364
1.0,0.30418795
1.0,0.98492444
0.0,0.0035306215
0.0,0.013886571
1.0,0.008534849
0.0,0.009308964
0.0,0.040709764
1.0,0.89889824
1.0,0.009223253
0.0,0.018098086
1.0,0.0006137192
1.0,0.9756739
1.0,0.97677034
0.0,0.0074602067
1.0,0.013016701
0.0,0.012744635
0.0,0.005428672
1.0,0.43406546
0.0,0.011111021
1.0,0.6619088
1.0,0.34551346
1.0,0.963526
0.0,0.17671758
1.0,0.9356485
0.0,0.9112767
0.0,0.0038687885
0.0,0.10020235
1.0,0.5449773
0.0,0.0024782121
0.0,0.13599631
1.0,0.96846473
1.0,0.8049549
1.0,0.9659209
0.0,0.05016789
0.0,0.001260221
1.0,0.40737134
1.0,0.97411186
0.0,0.8134346
0.0,0.004596621
0.0,0.0082240105
0.0,0.02947551
0.0,0.025693059
1.0,0.887982
0.0,0.07508817
1.0,0.10555741
0.0,0.0021134913
0.0,0.0063816607
0.0,0.000118136406
1.0,0.18148276
0.0,0.011293292
0.0,0.019406945
0.0,0.020792544
0.0,0.033699214
0.0,0.006562978
0.0,0.0017552972
0.0,0.914417
0.0,0.21508095
1.0,0.9637804
0.0,0.00035503507
0.0,0.0036554635
1.0,0.9908643
0.0,0.13488156
0.0,0.28260973
0.0,0.089487165
0.0,0.007037759
0.0,0.14140037
1.0,0.99033237
0.0,0.29354647
1.0,0.8539213
0.0,0.010006458
0.0,0.00554657
1.0,0.78629863
0.0,0.84906936
0.0,0.95920694
0.0,0.82278895
0.0,0.00017529726
1.0,0.8690121
1.0,0.84300494
0.0,0.06388432
1.0,0.85611266
0.0,0.5142532
1.0,0.9471501
1.0,0.7909094
1.0,0.79400444
1.0,0.9450201
1.0,0.9616838
0.0,0.81931996
0.0,0.0006006658
0.0,0.010781676
0.0,0.96797794
0.0,0.074870944
0.0,0.011539757
1.0,0.051454425
0.0,0.0015044808
0.0,0.88624805
1.0,0.91687065
1.0,0.41375116
1.0,0.97336936
0.0,0.0037575066
0.0,0.028200805
0.0,0.005971849
1.0,0.04735744
0.0,0.0632498
0.0,0.18311459
0.0,0.51693213
0.0,0.12996873
0.0,0.064971924
1.0,0.119315326
0.0,0.0061106384
1.0,0.0060667694
0.0,0.00023308396
0.0,0.020979166
0.0,0.0025675297
1.0,0.97850585
0.0,0.019280404
0.0,0.069897115
0.0,0.0063284636
0.0,0.00090152025
0.0,0.8496245
0.0,0.14886007
1.0,0.98170245
0.0,0.0027357936
0.0,0.0024709105
1.0,0.6157224
1.0,0.96050954
0.0,0.28226712
0.0,0.0010218024
0.0,0.0013321042
0.0,0.12320128
0.0,0.0019516647
0.0,0.057293028
1.0,0.9850627
0.0,0.04303506
1.0,0.39572096
0.0,0.010980636
1.0,0.5686059
1.0,0.28509745
0.0,0.0128287375
0.0,0.01840064
0.0,0.007032752
1.0,0.97723716
1.0,0.6692194
1.0,0.9445028
1.0,0.80956995
0.0,0.0022178888
0.0,0.77573746
1.0,0.9593052
0.0,0.47501826
0.0,0.0018683672
0.0,0.0045850277
0.0,0.4085533
0.0,0.0136472285
0.0,0.0034995377
0.0,0.04907036
1.0,0.5339622
0.0,0.004828453
0.0,0.2204954
0.0,0.02950725
1.0,0.84440124
1.0,0.83413935
0.0,0.0026946962
0.0,0.02578181
0.0,0.007694155
1.0,0.96083796
0.0,0.0034294128
0.0,0.0030010939
0.0,0.008372873
0.0,0.0030822754
1.0,0.9669551
1.0,0.8898065
1.0,0.9855851
0.0,0.0022732913
1.0,0.9494573
0.0,0.033299148
0.0,0.0105621815
0.0,0.3877866
1.0,0.9360013
1.0,0.48506925
0.0,0.002608478
0.0,0.0063869953
1.0,0.7900168
1.0,0.2772318
0.0,0.0077188313
1.0,0.18341276
1.0,0.98597825
0.0,0.4187638
0.0,0.041305244
0.0,0.01925847
0.0,0.007824689
0.0,0.40472877
0.0,0.0058348477
1.0,0.9807038
0.0,0.010355979
0.0,0.0070239007
1.0,0.98957527
0.0,0.005687326
1.0,0.9314935
1.0,0.013329029
1.0,0.8758315
1.0,0.8801619
1.0,0.772564
0.0,0.009185374
1.0,0.8442251
0.0,0.5352297
1.0,0.9822961
0.0,0.6710469
0.0,0.1735529
0.0,0.007241726
0.0,0.040029198
0.0,0.20869154
1.0,0.9536817
0.0,0.9428959
1.0,0.4954069
0.0,0.85342807
1.0,0.66362184
1.0,0.9934114
0.0,0.006592065
0.0,0.002119571
0.0,0.0016182363
1.0,0.8646594
1.0,0.23749423
0.0,0.00051507354
0.0,0.0007866323
0.0,0.002663672
0.0,0.024768531
1.0,0.9457839
1.0,0.766438
0.0,0.008366466
0.0,0.023021549
1.0,0.7645626
1.0,0.9572145
1.0,0.46526778
0.0,0.040561467
0.0,0.870752
0.0,0.00053843856
0.0,0.69852006
1.0,0.94157004
1.0,0.71770746
0.0,0.0475567
0.0,0.015530199
0.0,0.005908668
0.0,0.53597164
0.0,0.0016204417
0.0,0.21537706
1.0,0.087245345
0.0,0.015002042
0.0,0.0065031946
0.0,0.013925642
0.0,0.8027274
0.0,0.8748469
0.0,0.023006141
0.0,0.00090253353
1.0,0.13169152
0.0,0.009317219
1.0,0.8501562
0.0,0.0005686879
0.0,0.16909668
0.0,0.057958603
0.0,0.00028952956
0.0,0.9104712
1.0,0.29241478
1.0,0.87838364
0.0,0.60327864
1.0,0.8879868
0.0,0.0014396012
0.0,0.29233617
0.0,0.29400474
0.0,0.7371481
0.0,0.002334237
0.0,0.00014418364
1.0,0.53782207
0.0,0.002679944
1.0,0.9833098
0.0,0.16302404
1.0,0.56261766
0.0,0.29574537
1.0,0.0026642084
1.0,0.9447619
1.0,0.9431995
0.0,0.0052627623
0.0,0.006432891
1.0,0.98641276
0.0,0.008551031
0.0,0.0077625215
1.0,0.018420339
1.0,0.96769214
0.0,0.41814864
1.0,0.89880955
1.0,0.9553499
0.0,0.7320956
0.0,0.039323807
0.0,0.4509459
0.0,0.02056551
0.0,0.0060873926
0.0,0.02491504
1.0,0.96604514
0.0,0.09954664
1.0,0.66739905
1.0,0.6442962
0.0,0.0017368793
0.0,0.048123002
0.0,0.7043682
1.0,0.9569799
1.0,0.94969654
1.0,0.18838388
0.0,0.012088954
1.0,0.9547574
1.0,0.92947376
0.0,0.0012272298
0.0,0.28362682
0.0,0.8503908
0.0,0.53588486
1.0,0.97680604
0.0,0.010520548
1.0,0.090287924
0.0,0.6429617
0.0,0.033909857
0.0,0.02128625
0.0,0.014689088
0.0,0.0018821359
0.0,0.007732302
0.0,0.014366895
0.0,0.015860677
0.0,0.009107769
0.0,0.3528118
0.0,0.11719912
0.0,0.0025545359
0.0,0.33725074
0.0,0.0061724186
1.0,0.7731129
0.0,0.1144487
1.0,0.9117341
0.0,0.01439634
0.0,0.0018942058
0.0,0.0106291175
0.0,0.6371304
0.0,0.6691553
0.0,0.0146944225
0.0,0.043759465
0.0,0.0005553365
0.0,0.0020207763
0.0,0.0037792027
0.0,0.5800913
1.0,0.7080252
0.0,0.019553363
0.0,0.0042084754
0.0,0.6857392
0.0,0.017999798
1.0,0.5331355
0.0,0.8383826
1.0,0.41255438
0.0,0.0053756535
0.0,0.018582225
1.0,0.95853794
0.0,0.874138
1.0,0.9295211
1.0,0.92826176
1.0,0.8581104
1.0,0.9142184
0.0,0.002852589
1.0,0.70072234
0.0,0.00053837895
0.0,0.0018273592
0.0,0.09583789
1.0,0.9897729
0.0,0.0007253587
0.0,0.004095912
1.0,0.43627
1.0,0.9933066
0.0,0.15258917
0.0,0.0008072257
1.0,0.6847433
0.0,0.038337767
1.0,0.6788286
0.0,0.48076335
0.0,0.062148094
1.0,0.6819743
0.0,0.9072749
0.0,0.00047948956
1.0,0.1466532
0.0,0.0042307973
1.0,0.9903381
0.0,0.00483194
1.0,0.5093502
1.0,0.6180366
1.0,0.54398525
1.0,0.9929152
0.0,0.060144752
0.0,0.022393256
1.0,0.42739737
0.0,0.014128208
0.0,0.3859886
1.0,0.6320124
1.0,0.5231776
1.0,0.9448582
0.0,0.011195272
1.0,0.9796215
1.0,0.8095687
0.0,0.050251007
1.0,0.9518225
0.0,0.31488115
1.0,0.6202938
1.0,0.8312782
0.0,0.20136341
0.0,0.6283525
1.0,0.013898045
0.0,0.11729428
1.0,0.95098186
0.0,0.5142433
0.0,0.006666124
0.0,0.6081818
1.0,0.99186194
0.0,0.0009898245
0.0,0.0009370446
0.0,0.90063155
1.0,0.68202037
0.0,0.013715923
0.0,0.0019908547
0.0,0.01596877
0.0,0.76878226
1.0,0.5802763
1.0,0.81401896
0.0,0.138773
0.0,0.7986448
0.0,0.06979665
0.0,0.15213445
0.0,0.013700575
1.0,0.6393898
0.0,0.058904797
1.0,0.956739
0.0,0.6519267
0.0,0.14219987
1.0,0.7666465
0.0,0.007833481
0.0,0.17728683
0.0,0.0019166768
0.0,0.0037055016
0.0,0.072923124
0.0,0.002808839
0.0,0.002442062
0.0,0.02906102
1.0,0.9405633
1.0,0.95609295
0.0,0.0016066134
0.0,0.009418875
1.0,0.97979903
0.0,0.0064025223
1.0,0.84799373
0.0,0.28073478
0.0,0.00044450164
1.0,0.76878643
0.0,0.23521635
1.0,0.7024047
0.0,0.16741687
1.0,0.26328704
0.0,0.021389931
0.0,0.01648438
0.0,0.7128611
1.0,0.95780945
0.0,0.0006156862
0.0,0.009931862
0.0,0.0005835593
0.0,0.8245816
1.0,0.270581
0.0,0.0022295117
0.0,0.001945287
1.0,0.9405031
1.0,0.047152936
0.0,0.10994062
1.0,0.84986305
0.0,0.048985362
0.0,0.30548528
1.0,0.95312774
1.0,0.98767364
0.0,0.031496346
1.0,0.9651164
1.0,0.9810333
0.0,0.014249414
0.0,0.010150492
0.0,0.040712744
1.0,0.047840595
0.0,0.0002438128
0.0,0.0020590723
0.0,0.0067659616
1.0,0.97826314
1.0,0.7057836
0.0,0.011147916
1.0,0.61604613
1.0,0.00519073
0.0,0.04297328
1.0,0.961776
0.0,0.0070905387
1.0,0.9428766
0.0,0.04034075
1.0,0.7639867
0.0,0.008335054
0.0,0.008376449
1.0,0.48191345
0.0,0.0041873157
1.0,0.854624
0.0,0.040987402
0.0,0.010239929
0.0,0.009131789
1.0,0.6139101
0.0,0.19556916
1.0,0.298545
0.0,0.005240947
1.0,0.8795477
1.0,0.66882885
0.0,0.0002591312
1.0,0.95935035
1.0,0.9248241
1.0,0.35032073
1.0,0.8219583
0.0,0.045568645
0.0,0.0020253062
0.0,0.83726823
1.0,0.8514826
1.0,0.6833133
0.0,0.0009797513
0.0,0.008786321
0.0,0.29042485
1.0,0.87028784
0.0,0.18272042
1.0,0.0032989979
1.0,0.9509746
0.0,0.035336316
0.0,0.00081831217
1.0,0.96397555
0.0,0.7633132
1.0,0.9723513
0.0,0.392565
0.0,0.011951238
0.0,0.02109754
1.0,0.1057744
0.0,0.060741812
1.0,0.977532
0.0,0.030266851
1.0,0.4550187
0.0,0.53286576
0.0,0.09898725
1.0,0.0039304495
1.0,0.14232415
1.0,0.7876233
1.0,0.33047062
0.0,0.021052063
0.0,0.024729937
0.0,0.7063899
0.0,0.0003593564
1.0,0.8840219
1.0,0.20600745
0.0,0.0008043945
0.0,0.006160736
0.0,0.00068181753
1.0,0.56668425
0.0,0.004874319
0.0,0.006034702
0.0,0.01566562
0.0,0.4726997
0.0,0.085853815
0.0,0.3388644
1.0,0.78674793
0.0,0.35776362
1.0,0.1522057
0.0,0.009290278
0.0,0.065268934
1.0,0.71057
1.0,0.93613636
1.0,0.89522415
0.0,0.0003606677
0.0,0.04335165
1.0,0.33033496
0.0,0.0042430162
0.0,0.013387263
0.0,0.016662687
1.0,0.9227599
0.0,0.008778214
0.0,0.076786906
1.0,0.9883032
0.0,0.04708779
1.0,0.9817729
1.0,0.92270994
1.0,0.9690558
0.0,0.005349934
1.0,0.96149695
1.0,0.7706164
0.0,0.0469788
1.0,0.2618938
0.0,0.01657027
0.0,0.15063319
0.0,0.24174929
0.0,0.0016545951
1.0,0.80991125
1.0,0.84952843
1.0,0.99244833
1.0,0.9219408
1.0,0.95721614
0.0,0.38331613
0.0,0.92058396
1.0,0.98049194
0.0,0.013274759
1.0,0.76553226
1.0,0.9900112
0.0,0.11602694
1.0,0.10117552
1.0,0.2649237
0.0,0.02059564
0.0,0.011490613
0.0,0.0010659993
0.0,0.003148526
1.0,0.60792434
1.0,0.9753196
0.0,0.0029489994
0.0,0.01465407
1.0,0.004799485
1.0,0.81876194
1.0,0.055906624
0.0,0.01129967
1.0,0.840294
1.0,0.6214359
0.0,0.018206865
0.0,0.019134492
1.0,0.8238183
1.0,0.97574925
0.0,0.3700414
1.0,0.5909322
0.0,0.0110659
0.0,0.19913319
1.0,0.910887
0.0,0.5369911
1.0,0.9626252
0.0,0.24356589
0.0,0.050882608
0.0,0.025239319
1.0,0.9285556
1.0,0.38533148
0.0,0.0031468272
0.0,0.0021897554
1.0,0.86659515
0.0,0.016314238
1.0,0.9718864
1.0,0.5496493
1.0,0.8201915
0.0,0.009260714
0.0,0.15085611
0.0,0.101050854
0.0,0.0022747219
0.0,0.0005929172
1.0,0.96751547
0.0,0.046268612
0.0,0.0006175935
1.0,0.90017354
0.0,0.0038162172
1.0,0.0063105226
1.0,0.8558656
0.0,0.010105222
0.0,0.19029456
0.0,0.6276303
0.0,0.0017230511
0.0,0.00089254975
0.0,0.0013918877
0.0,0.005078763
0.0,0.8447513
1.0,0.69808567
1.0,0.9258454
0.0,0.68675125
0.0,0.4175607
0.0,0.010352194
0.0,0.020763874
0.0,0.0021274686
1.0,0.0028842688
0.0,0.0076004863
0.0,7.4863434e-05
1.0,0.9877643
1.0,0.034463495
0.0,0.0027104914
0.0,0.96676844
0.0,8.5651875e-05
0.0,0.003959477
0.0,0.0008481145
0.0,0.018759876
1.0,0.95445526
1.0,0.46630442
1.0,0.87769043
0.0,0.00051650405
1.0,0.86060584
1.0,0.95316166
0.0,0.14006937
0.0,0.00039333105
1.0,0.58699477
1.0,0.59354043
1.0,0.8345809
1.0,0.94395787
1.0,0.6614119
0.0,0.053923726
0.0,0.057261795
1.0,0.46070343
0.0,0.00043085217
1.0,0.9745712
0.0,0.0031811
1.0,0.8320228
0.0,0.0037436783
0.0,0.34371436
0.0,0.0070975125
0.0,0.010449231
0.0,0.46011254
0.0,0.0002795756
0.0,0.00049090385
0.0,0.00039190054
0.0,0.7972332
0.0,0.0006890297
0.0,0.0007272661
1.0,0.86550653
1.0,0.81545305
1.0,0.9772252
0.0,0.8817359
0.0,0.33051622
0.0,0.5984462
0.0,0.029129565
1.0,0.94437194
1.0,0.05248484
1.0,0.8338303
1.0,0.93460894
0.0,0.91423655
0.0,0.013051808
0.0,0.0010603666
1.0,0.71877694
0.0,0.0020555854
1.0,0.00048071146
1.0,0.9409919
0.0,0.26151317
0.0,0.00090667605
0.0,0.12574789
0.0,0.14821845
1.0,0.90367806
1.0,0.8605604
0.0,0.040320605
1.0,0.95642745
1.0,0.47497958
0.0,0.66760147
0.0,0.039251417
1.0,0.83291996
0.0,0.0014244914
0.0,0.03936854
0.0,0.0020140707
0.0,0.53278816
0.0,0.006933689
1.0,0.6622375
0.0,0.19007677
0.0,0.49000776
1.0,0.9752357
1.0,0.90090513
0.0,0.36803317
0.0,0.26529378
1.0,0.41154623
0.0,0.124076724
0.0,0.00031095743
1.0,0.09769127
0.0,0.086313725
0.0,0.009586662
0.0,0.0082888305
1.0,0.9567337
0.0,0.14187396
1.0,0.94927263
1.0,0.87850726
1.0,0.9949734
0.0,0.0037009418
1.0,0.42071116
0.0,0.003198117
1.0,0.8966374
0.0,0.023798972
1.0,0.9683307
0.0,0.023676902
0.0,0.0038654208
1.0,0.9779501
0.0,0.0027135313
0.0,0.0018286407
1.0,0.3041795
1.0,0.7745427
1.0,0.08744219
1.0,0.70586294
1.0,0.45975515
1.0,0.95891756
1.0,0.70037574
0.0,0.0032258928
1.0,0.11640206
1.0,0.9641548
0.0,0.11799851
0.0,0.0020401478
0.0,0.00050121546
1.0,0.7624413
0.0,0.003078401
0.0,0.31039008
0.0,0.3371869
1.0,0.92531717
0.0,0.008262575
0.0,0.046612144
1.0,0.755057
1.0,0.94329286
1.0,0.9096732
1.0,0.031969726
0.0,0.9786858
0.0,0.09429023
0.0,0.022522777
0.0,0.004031539
0.0,0.00067076087
0.0,0.07333049
0.0,0.006207317
1.0,0.08116326
1.0,0.90958214
0.0,0.010030419
1.0,0.81151646
0.0,0.0027056932
0.0,0.00156492
1.0,0.968015
0.0,0.0058919787
0.0,0.89273083
0.0,0.011391133
0.0,0.48076838
0.0,0.011620432
0.0,0.0045841336
0.0,0.9160979
1.0,0.8248786
0.0,0.04057589
0.0,0.49089754
1.0,0.91060126
0.0,0.00075140595
1.0,0.80977166
0.0,0.040015727
0.0,0.00026470423
0.0,0.025235355
0.0,0.25046366
0.0,0.0006504357
0.0,0.0021604002
0.0,0.027009845
0.0,0.008664608
0.0,0.45052052
1.0,0.46596006
0.0,0.0016773641
1.0,0.9141493
0.0,0.5026498
1.0,0.15148804
0.0,0.12496683
0.0,0.0006444752
0.0,0.04833713
1.0,0.95173705
1.0,0.015395701
1.0,0.12917158
0.0,0.0052072704
0.0,0.4353965
1.0,0.8467459
0.0,0.01319018
0.0,0.07296085
1.0,0.61259186
0.0,0.007002026
1.0,0.9663902
1.0,0.6022484
0.0,0.0013538003
1.0,0.30833283
0.0,0.2970143
1.0,0.17291325
0.0,0.35324332
1.0,0.98820615
0.0,5.814433e-05
0.0,0.9546529
0.0,0.0055842996
0.0,0.056738496
0.0,0.0016143024
0.0,0.010003835
0.0,0.011204332
1.0,0.93836045
0.0,0.007940561
0.0,0.00033086538
0.0,5.8054924e-05
0.0,0.30608177
0.0,0.16969052
1.0,0.6044004
0.0,0.7945492
0.0,0.022591472
1.0,0.7357226
0.0,0.22692671
1.0,0.94876534
0.0,0.824828
1.0,0.4031543
1.0,0.9221293
0.0,0.00076150894
1.0,0.99125564
0.0,0.35250625
0.0,0.014309257
0.0,0.0051012337
0.0,0.03057921
1.0,0.11340943
1.0,0.9855545
0.0,0.022260457
0.0,0.0053684115
1.0,0.9785332
0.0,0.026937693
1.0,0.41581783
1.0,0.015534192
1.0,0.50894266
0.0,0.0074290633
1.0,0.70254725
0.0,0.099244595
1.0,0.86525273
1.0,0.0798282
0.0,0.18144482
0.0,0.6462405
0.0,0.013780981
0.0,0.25574136
1.0,0.7916224
1.0,0.837285
1.0,0.98353374
0.0,0.0040432215
0.0,0.00021794438
1.0,0.9586437
0.0,0.7808994
0.0,5.8948994e-05
0.0,0.016899586
1.0,0.69260144
0.0,0.011995465
0.0,0.006082833
0.0,0.033173203
0.0,0.055145204
1.0,0.8103281
1.0,0.97716284
0.0,0.19038323
0.0,0.006186843
0.0,0.021803021
1.0,0.99410737
0.0,0.025973827
0.0,0.7349571
1.0,0.7258421
0.0,0.0010187626
0.0,0.7364807
1.0,0.9583149
0.0,0.008536279
1.0,0.26941466
1.0,0.09044364
0.0,0.0030957758
0.0,0.004617542
0.0,0.0010454655
0.0,0.0024181008
1.0,0.9521885
1.0,0.9964131
1.0,0.9754692
1.0,0.39974436
0.0,0.89619404
0.0,0.010805398
1.0,0.754622
1.0,0.9911444
0.0,0.03383237
0.0,0.024119139
1.0,0.68082064
0.0,0.0020997226
1.0,0.6875123
0.0,0.0013737977
0.0,0.20425579
1.0,0.9298862
0.0,0.083535045
0.0,0.001888305
0.0,0.012770951
0.0,0.07603288
0.0,0.32837987
1.0,0.51140475
0.0,0.011261553
1.0,0.9638883
0.0,0.3434844
1.0,0.852571
0.0,0.024835348
1.0,0.79376686
1.0,0.97094464
1.0,0.989381
0.0,0.93201256
0.0,0.0013593435
1.0,0.118682146
0.0,0.0021428466
0.0,0.020568043
1.0,0.87289745
1.0,0.52341974
0.0,0.031263024
1.0,0.897889
1.0,0.9650949
0.0,0.85223675
0.0,0.004165083
0.0,0.55608743
0.0,0.0026847422
0.0,0.00028851628
0.0,0.8869493
1.0,0.8812984
1.0,0.9564369
1.0,0.8818809
0.0,9.6172094e-05
0.0,0.0060932636
0.0,0.0013353825
0.0,0.013267785
0.0,0.0050511956
0.0,0.003894806
1.0,0.8359525
1.0,0.9671892
1.0,0.5535013
0.0,0.042952657
0.0,0.006970942
1.0,0.9431662
0.0,0.38242975
0.0,0.58257824
1.0,0.80630267
0.0,0.39935958
0.0,0.920047
1.0,0.7763972
0.0,0.017913043
1.0,0.41490752
1.0,0.7940092
0.0,0.8744247
0.0,0.011392176
1.0,0.9963916
0.0,0.0010914803
0.0,0.41420114
1.0,0.53737307
1.0,0.85590196
1.0,0.7565057
1.0,0.7864994
0.0,0.9178966
0.0,0.062992215
0.0,0.0017971992
1.0,0.77744293
0.0,0.9589902
1.0,0.77338195
0.0,0.88027215
1.0,0.84303886
1.0,0.4396303
0.0,0.06387532
0.0,0.020992875
0.0,0.00013518333
0.0,0.09581795
0.0,0.012029052
0.0,0.012816012
1.0,0.049227268
1.0,0.119181365
0.0,0.44680703
1.0,0.89636934
1.0,0.07577494
0.0,0.00047516823
0.0,0.08745673
1.0,0.8415123
1.0,0.056388736
0.0,0.010043979
0.0,0.008520722
0.0,0.00080659986
0.0,0.021485865
1.0,0.7100653
1.0,0.967738
0.0,0.011510998
0.0,0.0004389882
0.0,0.011661321
0.0,0.08205208
0.0,0.0019900203
0.0,0.008033603
0.0,0.86037004
0.0,0.017600536
0.0,0.108553976
0.0,0.012419999
0.0,0.06672001
1.0,0.96264994
1.0,0.955534
0.0,0.00041118264
0.0,0.028702348
0.0,2.6166439e-05
0.0,0.005861968
0.0,0.06132987
0.0,0.11851001
0.0,0.0033307374
0.0,0.74084026
1.0,0.96321607
1.0,0.9861064
1.0,0.7810614
1.0,0.92888397
1.0,0.97541904
0.0,0.5294386
0.0,0.010795474
0.0,0.07689518
0.0,0.01744917
1.0,0.62476486
0.0,0.003576845
1.0,0.9618849
0.0,0.005747825
0.0,0.7427213
0.0,0.87970126
0.0,0.019124001
0.0,0.01044935
0.0,0.49566382
0.0,0.03787279
0.0,0.0017948747
1.0,0.7484669
1.0,0.48319006
0.0,0.30203784
0.0,0.047730863
0.0,0.0030254722
0.0,0.003924608
1.0,0.9731254
0.0,0.00222677
1.0,0.28617454
0.0,0.025339901
1.0,0.6695319
0.0,0.0017592311
0.0,0.09912664
1.0,0.9381238
0.0,0.00026607513
1.0,0.95793873
0.0,0.050882578
0.0,0.29445833
0.0,0.13546842
0.0,0.000739336
0.0,0.0030938387
1.0,0.90115684
1.0,0.9654261
0.0,0.2090671
0.0,0.010487467
0.0,0.0049007535
0.0,0.19204244
1.0,0.64418375
0.0,0.3906967
1.0,0.44117886
1.0,0.6405082
0.0,0.8276353
0.0,0.0021374226
0.0,0.06301102
0.0,0.11767563
0.0,0.05206594
0.0,0.09392044
0.0,0.037178487
0.0,0.5781121
0.0,0.4525585
1.0,0.867134
0.0,0.9771899
0.0,0.0032825172
1.0,0.8397385
0.0,0.015256584
0.0,0.009392738
0.0,0.0012081861
0.0,0.007319689
1.0,0.0074146986
1.0,0.9017215
1.0,0.96906424
0.0,0.0054055452
0.0,0.004869312
0.0,0.011426061
0.0,0.744122
0.0,0.14210635
0.0,0.776551
1.0,0.9866026
1.0,0.9825164
1.0,0.87930626
0.0,0.03141412
1.0,0.98409426
1.0,0.54751396
0.0,0.00945574
1.0,0.79845595
0.0,0.009639829
0.0,0.0055474937
0.0,0.80646515
1.0,0.9722333
1.0,0.8544042
1.0,0.787184
0.0,0.8185998
0.0,0.08832586
0.0,0.0036630034
1.0,0.96389973
1.0,0.9821805
1.0,0.95355254
1.0,0.8283942
0.0,0.008086026
0.0,0.0026737452
0.0,0.006359786
0.0,0.5161985
1.0,0.9279529
0.0,0.0057465136
0.0,0.13520262
0.0,0.29604542
1.0,0.3112477
0.0,0.025109768
0.0,0.35005987
0.0,0.08044851
0.0,0.80457217
0.0,0.03630653
0.0,0.034371197
0.0,0.002105236
0.0,0.070472
0.0,0.0011729896
1.0,0.9691717
1.0,0.1980058
0.0,0.5771314
0.0,0.9779711
0.0,0.02926305
1.0,0.8807397
0.0,0.00518018
0.0,0.0033971965
0.0,0.6108383
0.0,0.0023387372
1.0,0.9123032
0.0,0.0026805103
0.0,0.03983614
1.0,0.7376169
1.0,0.8100307
1.0,0.9448055
0.0,0.005139023
0.0,0.06473926
1.0,0.911307
1.0,0.9700385
1.0,0.98218817
0.0,0.8823494
0.0,0.5333277
0.0,0.00095805526
1.0,0.19576392
1.0,0.98399794
0.0,0.0034444034
0.0,0.8445462
1.0,0.63480884
1.0,0.95242697
0.0,0.0013818741
1.0,0.94181055
1.0,0.7006524
0.0,0.02855149
1.0,0.057548076
0.0,0.007855654
0.0,0.0010237098
0.0,0.8459096
0.0,0.01928398
1.0,0.7595005
0.0,0.045737714
1.0,0.7404003
1.0,0.8150134
1.0,0.08953157
0.0,0.00094106793
0.0,0.8892608
1.0,0.49984825
0.0,0.0006144345
1.0,0.70801324
1.0,0.7835915
0.0,0.9499868
0.0,0.1274747
1.0,0.15528175
1.0,0.9904208
0.0,0.0020831823
1.0,0.37132224
1.0,0.7773621
1.0,0.8169065
1.0,0.98721504
1.0,0.7783127
1.0,0.9327317
0.0,0.0048253834
0.0,0.54363614
0.0,0.01955548
1.0,0.9396239
1.0,0.37081653
0.0,0.1285049
0.0,0.05869934
1.0,0.12295717
0.0,0.0036192536
1.0,0.96450865
0.0,0.48470876
1.0,0.87787867
1.0,0.8979723
0.0,0.566071
1.0,0.32810313
0.0,0.022016853
1.0,0.9903464
1.0,0.93095547
1.0,0.047364444
0.0,0.013294965
0.0,0.014017671
1.0,0.4913606
0.0,0.0020790696
1.0,0.8302158
0.0,0.003394127
0.0,0.49553397
0.0,0.13451889
0.0,0.040697932
0.0,0.0007523
0.0,0.2728263
0.0,0.25140634
1.0,0.9168004
1.0,0.17408133
0.0,0.0061086714
1.0,0.9877137
1.0,0.77850753
0.0,0.81983006
0.0,0.5911174
0.0,0.02095297
0.0,0.064100415
0.0,0.009250909
0.0,0.02845484
1.0,0.20974833
1.0,0.98828876
0.0,0.006253481
0.0,0.001051724
0.0,0.58963597
0.0,0.88424826
0.0,0.07547015
1.0,0.9453796
0.0,0.18624339
0.0,0.0033652484
1.0,0.7573662
1.0,0.89611256
0.0,0.0038312376
0.0,0.37798682
0.0,0.0022351444
1.0,0.80113196
1.0,0.8832259
0.0,0.006206453
0.0,0.008979648
0.0,0.0023536682
0.0,0.15984473
0.0,0.002218932
1.0,0.92273474
1.0,0.562903
1.0,0.62574786
0.0,0.0004849136
1.0,0.42520708
0.0,0.5958174
1.0,0.98935556
1.0,0.7250798
0.0,0.0051763356
0.0,0.001296401
0.0,0.00050997734
0.0,0.15443274
0.0,0.8205025
1.0,0.9912131
0.0,0.7237624
0.0,0.4540881
0.0,0.022287667
0.0,0.00018438697
0.0,0.009848446
0.0,0.021616578
0.0,0.11634958
1.0,0.7990316
1.0,0.70910734
0.0,0.000110298395
0.0,0.47420532
0.0,0.8705646
0.0,0.0032904446
1.0,0.9450872
0.0,0.018763036
0.0,0.057935655
1.0,0.55552083
0.0,0.8972292
0.0,0.0011270642
0.0,0.0036278665
0.0,0.0044041574
1.0,0.95365465
1.0,0.80855066
0.0,0.0056557357
1.0,0.058269233
1.0,0.95373553
1.0,0.8692182
0.0,0.10910484
0.0,0.14194202
1.0,0.8660269
1.0,0.9715454
0.0,0.0034511983
1.0,0.95934856
0.0,0.006195247
1.0,0.9563457
1.0,0.8772275
1.0,0.9078096
0.0,0.036746442
1.0,0.29190606
1.0,0.33070683
0.0,0.038624346
0.0,0.014311999
0.0,0.95629305
0.0,0.006554514
0.0,0.0037258565
0.0,0.0010176897
1.0,0.9859055
0.0,0.30356807
0.0,0.008819193
0.0,0.27480856
0.0,0.0029038787
0.0,0.025234967
0.0,0.01033929
1.0,0.8919797
0.0,0.014899701
0.0,0.017061383
0.0,0.53222835
1.0,0.9324138
1.0,0.80443144
1.0,0.95640385
1.0,0.8770826
0.0,0.0026910007
0.0,0.013323069
0.0,0.041609347
0.0,0.026087433
0.0,0.7701349
0.0,0.14846691
1.0,0.82829285
0.0,0.53379816
1.0,0.27441823
1.0,0.01153186
1.0,0.7700627
0.0,0.020755887
0.0,0.0020745993
0.0,0.0005476475
0.0,0.0013553202
1.0,0.66363525
1.0,0.86993694
1.0,0.35974202
1.0,0.73056626
1.0,0.9807989
0.0,0.010906309
0.0,0.009726703
0.0,0.8501738
0.0,0.0011617839
1.0,0.9644352
0.0,0.002942711
0.0,0.83331335
1.0,0.89436
1.0,0.7397438
0.0,0.003543049
0.0,0.18031743
0.0,0.043767244
0.0,0.17684141
1.0,0.7009118
0.0,0.97420967
0.0,0.32213515
1.0,0.98212713
0.0,0.03769526
1.0,0.95977604
1.0,0.93897295
0.0,0.001814276
0.0,0.37347224
0.0,0.0013804138
0.0,0.001906842
1.0,0.7740824
0.0,0.0057831407
0.0,0.1401084
0.0,0.76834404
0.0,0.0020614266
1.0,0.968035
1.0,0.44063407
1.0,0.8216851
1.0,0.91117835
0.0,0.4742796
0.0,0.018687278
1.0,0.8044697
0.0,0.013076931
1.0,0.18690315
0.0,0.0038368106
1.0,0.88799417
1.0,0.9861631
0.0,0.7574338
0.0,0.07707572
0.0,0.13962308
0.0,0.004954666
0.0,0.10042992
0.0,0.009680033
1.0,0.949196
0.0,0.0013554096
0.0,0.04676625
0.0,0.13922396
0.0,0.024259746
0.0,0.009436339
0.0,0.00017729402
0.0,0.13007069
0.0,0.0004169643
0.0,0.0001308918
0.0,0.012259722
0.0,0.08955222
0.0,0.0060637295
1.0,0.41628194
0.0,0.26049745
1.0,0.9686631
0.0,0.0018259585
0.0,0.0013756454
1.0,0.8531177
0.0,0.005742848
1.0,0.98974967
0.0,0.15229258
1.0,0.8948723
0.0,0.5558648
0.0,0.004469067
1.0,0.75219697
1.0,0.035006106
0.0,0.001773119
0.0,0.03786108
0.0,0.00140661
0.0,0.00041130185
0.0,0.0011456311
0.0,0.7817123
1.0,0.9687909
1.0,0.8094181
0.0,0.08633262
0.0,0.10619295
1.0,0.68128514
1.0,0.62517774
1.0,0.8225328
0.0,0.00087046623
1.0,0.00825873
0.0,0.34304166
1.0,0.78505266
0.0,0.00035762787
1.0,0.60388726
0.0,0.016831398
0.0,0.14296669
0.0,0.041437984
0.0,0.78077614
1.0,0.9126915
0.0,0.028720528
0.0,0.051244944
1.0,0.9820943
0.0,0.0036302507
0.0,0.8406758
0.0,0.17374569
1.0,0.9917884
0.0,0.037294626
0.0,0.008919477
0.0,0.9637245
1.0,0.8178499
0.0,0.00069767237
0.0,0.6574969
0.0,0.054839462
1.0,0.28982326
0.0,0.00692147
1.0,0.96972406
0.0,0.1318646
1.0,0.83551
1.0,0.9778167
0.0,0.7969406
1.0,0.8803644
1.0,0.9834819
0.0,0.0070281327
0.0,0.42799842
0.0,0.029865474
1.0,0.9809387
0.0,0.03470713
1.0,0.74419135
1.0,0.58400345
0.0,0.0058417916
1.0,0.93112975
0.0,0.13521135
1.0,0.5743044
0.0,0.37687245
1.0,0.4515672
0.0,0.64515114
1.0,0.008542746
0.0,0.25453597
0.0,0.0020972788
0.0,0.0007112324
0.0,0.010812104
0.0,0.0015730262
0.0,0.0009796321
0.0,0.0004017651
0.0,0.043812543
0.0,0.10027519
0.0,0.42769584
0.0,0.39512533
0.0,0.0053350627
1.0,0.80710965
1.0,0.14244273
0.0,0.4337991
1.0,0.006473154
0.0,0.01050669
0.0,0.36568636
0.0,0.714705
0.0,0.015910476
0.0,0.01667738
0.0,0.17305428
1.0,0.8424822
0.0,0.0009446442
0.0,0.011403322
1.0,0.0009188056
0.0,0.0002296269
1.0,0.9336039
0.0,0.023524582
0.0,0.09422043
1.0,0.17983487
0.0,0.0038568974
1.0,0.76311314
0.0,0.003153354
0.0,0.000597924
0.0,0.0027869046
1.0,0.9647677
0.0,0.010910451
1.0,0.7177755
1.0,0.4868009
0.0,0.9645625
0.0,0.0005326867
1.0,0.009075731
0.0,0.008038759
0.0,0.073408484
0.0,0.8349662
0.0,0.0010744333
0.0,0.7070469
0.0,0.938608
1.0,0.15237123
0.0,0.04210764
1.0,0.7772204
0.0,0.0014449358
0.0,0.00057679415
0.0,0.00226745
1.0,0.9371698
1.0,0.98660874
0.0,0.037848085
0.0,0.7872163
0.0,0.00039732456
0.0,0.06276432
0.0,0.058497638
0.0,0.020057112
0.0,0.00047138333
1.0,0.07089862
1.0,0.9401885
0.0,0.023151964
0.0,0.9659251
1.0,0.49079058
0.0,0.00034943223
1.0,0.886378
0.0,0.00055760145
0.0,0.0066179037
1.0,0.92713237
0.0,0.28115445
1.0,0.74563944
1.0,0.93440926
1.0,0.95826685
0.0,0.13655397
0.0,0.0073336363
0.0,0.31543934
1.0,0.9365206
0.0,0.19027022
1.0,0.9892925
0.0,0.048152834
0.0,0.0028713942
0.0,0.19320187
1.0,0.94720906
0.0,0.008638024
0.0,0.015076399
0.0,0.5425252
1.0,0.00619483
1.0,0.9928756
0.0,0.010464072
0.0,0.0026421845
1.0,0.97050405
1.0,0.9842081
1.0,0.75897425
1.0,0.20381519
0.0,0.0033053756
1.0,0.9315878
0.0,0.02512002
0.0,0.051819086
0.0,0.004059702
1.0,0.79757977
0.0,0.011806577
0.0,0.050501555
0.0,0.0003617406
1.0,0.6945007
0.0,0.14765665
1.0,0.9584032
1.0,0.9845233
0.0,0.010093212
1.0,0.71272016
0.0,0.0015215576
1.0,0.7602433
0.0,0.44264042
0.0,0.0066584647
0.0,0.01105839
0.0,0.02096361
1.0,0.9782057
0.0,0.099954605
0.0,0.16285262
0.0,0.15633538
1.0,0.9974978
1.0,0.91845906
0.0,0.008048147
1.0,0.96537465
1.0,0.97500193
1.0,0.9919846
1.0,0.1399872
0.0,0.3068615
1.0,0.801371
0.0,0.050008982
0.0,0.7553817
1.0,0.39808375
0.0,0.021722764
0.0,0.023957372
0.0,0.09841269
1.0,0.35598093
0.0,0.39234206
0.0,0.1884475
1.0,0.97829545
0.0,0.023504317
1.0,0.76058495
0.0,0.0039040148
0.0,0.7731496
1.0,0.8715127
1.0,0.97228795
0.0,0.00333485
1.0,0.93298584
1.0,0.9684777
0.0,0.7354215
0.0,0.4150176
1.0,0.78604245
0.0,0.017194033
1.0,0.9747544
0.0,0.012711555
0.0,0.037670672
1.0,0.4777007
1.0,0.7796265
0.0,0.01186049
1.0,0.8314305
0.0,0.039760977
0.0,0.04908961
1.0,0.85454494
0.0,0.007996321
0.0,0.31745288
0.0,0.01740402
1.0,0.81342596
0.0,0.004485786
0.0,0.0044775903
1.0,0.8346648
1.0,0.8638277
0.0,0.010487765
0.0,0.4097517
0.0,0.002974838
1.0,0.0427607
0.0,0.6466243
0.0,0.0013697445
0.0,0.013984412
0.0,0.004611492
0.0,0.0037755966
1.0,0.08480358
0.0,0.08621156
0.0,0.00013491511
0.0,0.025470704
1.0,0.9644608
1.0,0.99268883
1.0,0.8522837
0.0,0.7410991
0.0,0.022435248
0.0,0.9687681
1.0,0.9700744
0.0,0.097466975
1.0,0.8189645
0.0,0.01616478
1.0,0.98525286
0.0,0.06860903
1.0,0.8504519
0.0,0.9156585
1.0,0.52378434
0.0,0.09819347
0.0,0.041094482
1.0,0.60758406
1.0,0.942234
1.0,0.95120335
0.0,0.31150413
1.0,0.95590454
1.0,0.48544356
1.0,0.036556363
0.0,0.0019995868
1.0,0.82330346
0.0,0.0035271943
0.0,0.8150791
1.0,0.56318486
0.0,0.46616513
0.0,0.0054973364
0.0,0.026206374
0.0,0.07852784
0.0,0.47690454
1.0,0.9145313
1.0,0.96050113
0.0,0.63823867
0.0,0.6641068
0.0,0.010227859
1.0,0.9823086
0.0,0.5705307
0.0,0.54265815
0.0,0.005150646
0.0,0.0039227307
0.0,0.0056545734
0.0,0.9129353
1.0,0.9693929
1.0,0.9849917
1.0,0.044023782
0.0,0.19614229
0.0,0.002080351
0.0,0.0029913783
0.0,0.003961146
0.0,0.04221356
1.0,0.9462755
0.0,0.02152142
0.0,0.1961019
1.0,0.9805908
0.0,0.24657664
1.0,0.15860817
1.0,0.7238753
0.0,0.35695633
0.0,0.0023866892
0.0,0.008478433
1.0,0.79015684
0.0,0.079493195
0.0,0.0054451823
1.0,0.9402128
1.0,0.8091203
0.0,0.0018169284
0.0,0.073507935
0.0,0.74661165
0.0,0.00144431
0.0,0.36419672
1.0,0.18977532
1.0,0.9298037
0.0,0.0026862323
0.0,0.00087314844
0.0,0.88486385
0.0,0.08663717
1.0,0.88475394
0.0,0.010786623
1.0,0.9782486
0.0,0.013948381
1.0,0.988456
0.0,0.0015185177
1.0,0.9637444
1.0,0.768804
0.0,0.012550145
0.0,0.138973
0.0,0.00033682585
0.0,0.20658064
1.0,0.55647755
1.0,0.0044896305
1.0,0.07845649
1.0,0.5498566
1.0,0.51905274
0.0,0.00039115548
1.0,0.78746444
1.0,0.65511715
0.0,0.0020686388
0.0,0.017811835
0.0,0.016956687
1.0,0.7647749
1.0,0.9828427
0.0,0.7035923
0.0,0.0057112277
1.0,0.7567183
0.0,0.0006649792
0.0,0.0033493042
1.0,0.9844725
0.0,0.59102595
0.0,0.08670348
1.0,0.18247446
1.0,0.85404205
0.0,0.0042237043
0.0,0.01235652
0.0,0.014759779
1.0,0.96754616
1.0,0.9445006
0.0,0.7736974
0.0,0.50111383
1.0,0.96664834
1.0,0.6739397
0.0,0.003424704
0.0,0.18010664
0.0,0.17876756
1.0,0.38507017
1.0,0.3787176
0.0,0.013418585
0.0,0.0039805174
1.0,0.9543413
0.0,0.0050549507
0.0,0.0069828928
0.0,0.027788937
0.0,0.777091
1.0,0.82622576
0.0,0.8445518
0.0,0.0017266572
0.0,0.7529423
0.0,0.2293191
0.0,0.021288365
1.0,0.8332846
1.0,0.62325615
0.0,0.2414453
1.0,0.9885096
0.0,0.07523674
1.0,0.9327823
1.0,0.013261735
1.0,0.9487742
0.0,0.0008595586
0.0,0.63946766
0.0,0.01762718
1.0,0.970492
0.0,0.008746862
1.0,0.9546789
0.0,0.051989138
0.0,0.0026136637
1.0,0.24445608
1.0,0.9780909
0.0,0.00021982193
1.0,0.57688105
0.0,0.014462292
1.0,0.9283696
0.0,0.0015335679
1.0,0.6443605
1.0,0.13451728
0.0,0.0029940903
0.0,0.045710236
0.0,0.004775673
0.0,0.001881659
0.0,0.002427429
0.0,0.42599818
0.0,0.11945334
0.0,0.027308017
0.0,0.92720413
0.0,0.0016857982
1.0,0.93028027
0.0,0.2893574
0.0,0.10599178
1.0,0.98903227
0.0,0.014275253
1.0,0.98513716
0.0,0.0024053156
1.0,0.98920023
0.0,0.00071039796
0.0,0.052215308
1.0,0.993185
0.0,0.014562875
0.0,0.0022084713
0.0,0.016211748
1.0,0.9849862
1.0,0.62181294
0.0,0.0019911826
1.0,0.91839045
1.0,0.41216552
1.0,0.9578274
0.0,0.14589477
1.0,0.06753981
1.0,0.92321336
0.0,0.18629721
1.0,0.30208707
1.0,0.58352506
0.0,0.0071829557
0.0,0.0018561482
0.0,0.050948918
0.0,0.022937387
0.0,0.01887831
0.0,0.007404238
0.0,0.0050303936
0.0,0.00017389655
1.0,0.9094164
0.0,0.118555516
0.0,0.006897092
0.0,0.011046648
0.0,0.028202504
1.0,0.6398217
0.0,0.0011838973
1.0,0.6781087
0.0,0.1568236
0.0,0.006981045
1.0,0.60943156
1.0,0.57091665
0.0,0.14525926
0.0,0.067424536
1.0,0.93381095
0.0,0.93621075
0.0,0.0041781664
1.0,0.79174364
1.0,0.27997878
1.0,0.7735794
1.0,0.4740822
0.0,0.08138487
0.0,0.00033810735
1.0,0.74468654
0.0,0.00438872
0.0,0.0013267398
1.0,0.9881524
1.0,0.68729806
1.0,0.97354764
0.0,0.007981002
1.0,0.030656159
1.0,0.92188966
1.0,0.9145838
0.0,0.0016705096
0.0,0.0032080412
1.0,0.31024885
0.0,0.0034918785
0.0,0.7366866
0.0,0.06415734
1.0,0.977748
0.0,0.0064696968
0.0,0.013765961
0.0,0.021413445
0.0,0.48197433
0.0,0.18603846
0.0,0.0025960505
0.0,0.7926091
1.0,0.98764825
0.0,0.024489224
1.0,0.8130354
0.0,0.00095030665
0.0,0.22912663
0.0,0.8567008
1.0,0.003485769
0.0,0.6673892
0.0,0.0003183484
0.0,0.00195992
0.0,0.051403373
0.0,0.080830395
1.0,0.9733768
0.0,0.31541216
1.0,0.96479845
0.0,0.062306315
0.0,0.03966117
0.0,0.007017255
0.0,0.5702007
0.0,0.05212608
0.0,0.43250233
0.0,0.09315956
0.0,0.0118403435
1.0,0.924598
0.0,0.03471601
1.0,0.6275477
1.0,0.37713253
0.0,0.037148118
0.0,0.04037705
1.0,0.9112917
0.0,0.0064193606
1.0,0.76391876
1.0,0.90578616
0.0,0.014950007
1.0,0.7103073
0.0,0.004999399
1.0,0.9655009
0.0,0.045817703
0.0,0.124738336
1.0,0.6206072
0.0,0.751217
0.0,0.0014889538
0.0,0.3878401
1.0,0.7579599
1.0,0.9631978
0.0,0.0011965334
0.0,0.06458619
1.0,0.42018986
0.0,0.5130277
1.0,0.12869892
0.0,0.274428
1.0,0.33064693
0.0,0.31629506
0.0,0.021506011
0.0,0.631355
0.0,0.0022022724
0.0,0.021673292
1.0,0.009322971
0.0,0.48331738
1.0,0.87753105
0.0,0.0014696419
1.0,0.18291748
0.0,0.004856944
0.0,0.0017260313
0.0,0.0062778294
0.0,0.011199534
0.0,0.12906572
0.0,0.1275006
0.0,0.062207013
0.0,0.27267626
1.0,0.8864486
0.0,0.009941399
0.0,0.022275835
1.0,0.19430897
1.0,0.2757092
0.0,0.012735456
0.0,0.005214274
1.0,0.8401419
0.0,0.12470743
1.0,0.041441083
1.0,0.9294644
1.0,0.6750892
1.0,0.6089754
0.0,0.009358168
0.0,0.0013815165
1.0,0.6944574
0.0,0.3803719
1.0,0.9356678
1.0,0.8225635
1.0,0.97197235
0.0,0.14568508
0.0,0.0030346513
0.0,0.030216128
0.0,0.0063332617
1.0,0.63490236
1.0,0.8203927
0.0,0.043816835
0.0,0.09101537
0.0,0.013763249
0.0,0.06382978
1.0,0.02622199
1.0,0.69898653
1.0,0.9193814
0.0,0.6881635
1.0,0.48681024
1.0,0.8371321
1.0,0.70617205
1.0,0.9204875
0.0,0.5019459
0.0,0.12525806
0.0,0.52539593
0.0,0.0024096966
1.0,0.9416348
1.0,0.98905313
1.0,0.8259891
1.0,0.8474231
0.0,0.0108264685
0.0,0.0018226504
0.0,0.03399971
0.0,0.1537703
1.0,0.8793019
0.0,0.00930509
0.0,0.0014331043
0.0,0.25218827
0.0,0.0022631884
1.0,0.6413904
1.0,0.45491317
1.0,0.9031047
0.0,0.026931077
0.0,0.35417423
1.0,0.60655415
1.0,0.9923359
0.0,0.00498271
1.0,0.95803666
0.0,0.44512066
1.0,0.9871944
1.0,0.9578645
1.0,0.13681674
0.0,0.004770845
0.0,0.08590603
1.0,0.97071797
0.0,0.16995543
0.0,0.19854179
1.0,0.98801625
0.0,0.035600364
0.0,0.01753056
0.0,0.08964616
1.0,0.464813
0.0,0.3813547
0.0,0.21173304
1.0,0.75023586
0.0,0.7149948
0.0,0.007040143
0.0,0.036712468
0.0,0.027166367
1.0,0.566768
0.0,0.68771386
0.0,0.004235208
0.0,0.0009789169
1.0,0.34836608
0.0,0.002147019
0.0,0.00027489662
1.0,0.8409252
0.0,0.06363773
0.0,0.005074501
1.0,0.97808003
1.0,0.6945697
0.0,0.0010531247
1.0,0.099321574
1.0,0.5867958
0.0,0.44821662
0.0,0.65084743
1.0,0.27629304
1.0,0.938738
0.0,0.0069491565
1.0,0.3065073
1.0,0.43733194
1.0,0.11867678
0.0,0.10991937
1.0,0.28238887
0.0,0.0059406757
1.0,0.7230853
0.0,0.0012452006
1.0,0.85299957
0.0,0.7406539
0.0,0.015387833
1.0,0.5643961
0.0,0.00927785
1.0,0.85275483
1.0,0.77966464
1.0,0.95725405
1.0,0.87982833
0.0,0.027768046
1.0,0.004106462
0.0,0.72321427
0.0,0.0017325282
0.0,0.0043595433
0.0,0.021837175
1.0,0.9571594
0.0,0.0056134462
0.0,0.402501
0.0,0.15282443
0.0,0.29190135
1.0,0.96041685
0.0,0.21747497
0.0,0.0013080835
0.0,0.016281635
0.0,0.5612087
1.0,0.69606656
0.0,0.0041184425
1.0,0.85706806
1.0,0.98176044
0.0,0.65761757
0.0,0.0014856756
0.0,0.0027416348
1.0,0.9314457
0.0,0.005298227
1.0,0.006837398
1.0,0.59703296
1.0,0.9825138
0.0,0.42762303
0.0,0.65742844
0.0,0.011667073
0.0,0.6767631
0.0,0.003664285
0.0,0.002693683
0.0,0.35020652
1.0,0.5821056
0.0,0.06784356
1.0,0.95707774
0.0,0.089757234
1.0,0.67845017
1.0,0.9670242
1.0,0.7839867
1.0,0.84355164
0.0,0.82072043
0.0,0.89013773
0.0,0.016419917
1.0,0.7605015
1.0,0.85341775
0.0,0.0033590794
1.0,0.5686034
1.0,0.8912543
1.0,0.95204103
1.0,0.3275215
0.0,0.8322673
0.0,0.037184626
1.0,0.9364384
0.0,0.0110501945
0.0,0.018454462
1.0,0.9793005
0.0,0.0010048151
0.0,0.72933626
0.0,0.12926692
0.0,0.0036513507
0.0,0.016279727
1.0,0.9919518
0.0,0.0033633113
0.0,0.8127081
1.0,0.24895102
0.0,0.022029132
1.0,0.97638774
0.0,0.077317536
0.0,0.007274568
0.0,0.003626287
0.0,0.28144795
1.0,0.6847661
0.0,0.028435767
0.0,0.19124189
1.0,0.775481
1.0,0.8761555
0.0,0.010750711
0.0,0.0047834516
0.0,0.002278328
1.0,0.64104927
0.0,0.0029148757
1.0,0.91795605
1.0,0.9205011
1.0,0.13599417
1.0,0.921067
1.0,0.71532667
0.0,0.9063906
1.0,0.7238329
1.0,0.9783169
0.0,0.00572294
0.0,0.0032761097
0.0,0.004661441
1.0,0.94041693
0.0,0.00823462
0.0,0.0072747767
0.0,0.03339258
1.0,0.98990154
0.0,0.05444917
1.0,0.8946674
0.0,0.1135928
0.0,0.5330959
0.0,0.037567616
0.0,0.010585666
0.0,0.008468479
1.0,0.19897473
1.0,0.9689133
0.0,0.013552755
0.0,0.019234806
1.0,0.79163325
0.0,0.00018629432
1.0,0.97319937
0.0,0.0076437593
0.0,0.0035984814
0.0,0.016370863
1.0,0.98053944
1.0,0.78235245
0.0,0.0123182535
0.0,0.052288353
1.0,0.65054035
0.0,0.018461436
0.0,0.004321426
1.0,0.9397106
1.0,0.99356735
1.0,0.8709709
0.0,0.020359278
1.0,0.8653668
1.0,0.93272686
0.0,0.21072277
0.0,0.010144621
0.0,0.0013759732
0.0,0.01382646
0.0,0.0018142164
0.0,0.016178519
1.0,0.9019153
1.0,0.67817676
0.0,0.11490077
0.0,0.011371434
0.0,0.2035144
0.0,0.06316194
1.0,0.95828676
0.0,0.8620442
0.0,0.009885818
0.0,0.79445577
0.0,0.8549802
1.0,0.114622
0.0,0.0006208122
0.0,0.5286749
1.0,0.9401393
0.0,0.0324167
0.0,0.37097782
0.0,0.008190602
0.0,0.000667125
1.0,0.77550185
1.0,0.7766083
0.0,0.03989455
0.0,0.935982
0.0,0.0008763373
0.0,0.9792465
0.0,0.98085403
0.0,0.011379838
0.0,0.00024360418
0.0,0.11862007
1.0,0.009557158
0.0,0.004322022
1.0,0.1994825
0.0,0.84682846
0.0,0.0012806356
0.0,0.011387646
0.0,0.08025578
0.0,0.22994006
0.0,0.02050078
1.0,0.9640431
0.0,0.0037395954
0.0,0.5868253
0.0,0.0112095475
1.0,0.39275753
1.0,0.7438966
0.0,0.005593598
0.0,0.4616972
0.0,0.0028028488
1.0,0.98278785
1.0,0.70662934
1.0,0.980489
0.0,0.05793041
1.0,0.9951471
0.0,0.028619647
0.0,0.003520757
0.0,0.0090945065
1.0,0.002139032
0.0,0.0010511875
0.0,0.022682518
1.0,0.9841794
1.0,0.09475118
0.0,0.10765448
1.0,0.98788416
0.0,0.007838488
1.0,0.7671683
0.0,0.04458213
1.0,0.8885187
0.0,0.9910774
0.0,0.21315181
1.0,0.9075873
0.0,0.0023948252
0.0,0.05802545
0.0,0.0021267235
0.0,0.0059689283
0.0,0.059328943
0.0,0.002748102
1.0,0.527546
1.0,0.7784167
0.0,0.38329256
0.0,0.010640591
0.0,0.0013676286
0.0,0.29506022
1.0,0.97724724
0.0,0.004516244
0.0,0.29704612
0.0,0.92807674
0.0,0.3205146
0.0,0.00017169118
1.0,0.9655142
1.0,0.9697856
0.0,0.0004995465
0.0,0.015748918
0.0,0.021573871
0.0,0.0023722053
1.0,0.6469575
0.0,0.86013484
0.0,0.14576197
0.0,0.0024137795
1.0,0.60878843
0.0,0.0056956112
0.0,0.07990092
1.0,0.9726881
0.0,0.005050719
0.0,0.026861668
1.0,0.8227334
1.0,0.5155007
1.0,0.899754
0.0,0.0013353825
0.0,0.0019822419
0.0,0.25278896
0.0,0.0018609762
1.0,0.8524438
0.0,0.21482304
1.0,0.091513544
0.0,0.00036224723
0.0,0.0005106628
0.0,0.021288335
1.0,0.9671806
0.0,0.75096774
0.0,0.12530747
0.0,0.37934947
1.0,0.7701572
0.0,0.0032085478
0.0,0.08145434
0.0,0.0005697608
1.0,0.35346276
0.0,0.0030497015
0.0,0.0009048283
1.0,0.053705335
1.0,0.9714932
0.0,0.00043663383
1.0,0.9507659
1.0,0.98161924
1.0,0.8451649
1.0,0.8858931
0.0,0.0075974762
1.0,0.88523847
0.0,0.99614817
1.0,0.013390869
0.0,0.0031903982
1.0,0.21677095
0.0,0.22139457
1.0,0.3176952
1.0,0.99661446
1.0,0.423738
0.0,0.0020396113
0.0,0.7427639
0.0,0.32479602
0.0,0.013166696
0.0,0.009946644
0.0,0.13885653
1.0,0.9743775
1.0,0.9444781
1.0,0.54390657
0.0,0.0031023026
0.0,0.0030583143
0.0,0.043961287
0.0,0.03410119
1.0,0.014924794
0.0,0.040031493
0.0,0.0038794577
0.0,0.0038098693
0.0,0.08241537
1.0,0.9490539
0.0,0.8536191
0.0,0.7939409
0.0,0.68818676
1.0,0.24914029
0.0,0.015621394
0.0,0.34648865
1.0,0.27205193
0.0,0.54208124
1.0,0.19111478
0.0,0.006663382
0.0,0.31359297
0.0,0.0034771562
0.0,0.0025174618
0.0,0.0002028048
1.0,0.94124305
0.0,0.034986734
0.0,0.016705155
1.0,0.97910225
1.0,0.8927494
0.0,0.37180007
1.0,0.0038784444
0.0,0.35697502
0.0,0.011067301
1.0,0.9830654
0.0,0.00072178245
0.0,0.17347601
0.0,0.003491938
0.0,0.0105372965
1.0,0.9646673
1.0,0.9487084
1.0,0.39973623
1.0,0.96415913
0.0,0.0075795352
0.0,0.0068234503
0.0,0.13006932
1.0,0.94772005
0.0,0.16421604
0.0,0.012233585
1.0,0.90314317
1.0,0.38161814
1.0,0.77305555
0.0,0.004208505
0.0,0.061683625
0.0,0.7596899
1.0,0.9731791
1.0,0.94738865
1.0,0.7105955
0.0,0.18067619
0.0,0.00060629845
0.0,0.0009659827
1.0,0.9388726
1.0,0.05876124
0.0,0.30033356
1.0,0.93949187
1.0,0.6321386
1.0,0.9032513
1.0,0.41285056
0.0,0.011857271
0.0,0.013917148
1.0,0.3048194
1.0,0.7133859
0.0,0.072856784
0.0,0.005465567
0.0,0.0012655258
0.0,0.0065142214
0.0,0.00793007
0.0,0.8231242
0.0,0.002092123
0.0,0.057111204
1.0,0.8269192
1.0,0.6586592
0.0,0.5586081
1.0,0.9741206
0.0,0.0022433102
1.0,0.8250035
0.0,0.049458742
1.0,0.952621
0.0,0.0001412034
0.0,0.0047644973
0.0,0.0017729104
0.0,0.31172532
1.0,0.05417338
1.0,0.9685784
0.0,0.0062627494
0.0,0.07533771
1.0,0.1417996
0.0,0.0131628215
1.0,0.9416574
1.0,0.88338107
0.0,0.0059262216
0.0,0.062146902
0.0,0.19109643
0.0,0.9869572
0.0,0.7635591
0.0,0.0025335252
0.0,0.15339604
0.0,0.0055579245
1.0,0.928422
1.0,0.94766796
1.0,0.9439588
1.0,0.77677715
0.0,0.0039886534
0.0,0.29337984
1.0,0.81092143
0.0,0.7723235
0.0,0.022283196
0.0,0.022478968
1.0,0.48684305
1.0,0.14418557
0.0,0.013133019
1.0,0.8851992
1.0,0.9613522
0.0,0.0002965927
0.0,0.02235189
1.0,0.944853
0.0,0.0025891066
0.0,0.8251113
0.0,0.0013586283
0.0,0.0359731
1.0,0.084410995
0.0,0.006033689
0.0,0.004475802
0.0,0.299129
1.0,0.19632697
0.0,0.0011124909
0.0,0.013029277
1.0,0.93131864
0.0,0.0030493438
0.0,0.77805305
0.0,0.92178285
1.0,0.9768796
1.0,0.37147418
1.0,0.2400789
0.0,0.0839808
0.0,0.2953026
1.0,0.36817175
0.0,0.0005880296
0.0,0.0007431507
0.0,0.27367383
0.0,0.004627675
1.0,0.18544039
0.0,0.07579306
0.0,0.69809115
1.0,0.684533
0.0,0.012156546
0.0,0.021208405
0.0,0.77849275
0.0,0.049578786
1.0,0.71105355
1.0,0.96322954
0.0,0.67309296
1.0,0.88011795
0.0,0.0013907254
0.0,0.023883343
0.0,0.002605617
1.0,0.42719233
0.0,0.007915348
0.0,0.0034961104
1.0,0.94676566
1.0,0.51165515
1.0,0.7462371
0.0,0.43827403
1.0,0.8770968
1.0,0.9145944
0.0,0.00014159083
0.0,0.8109247
0.0,0.7269771
1.0,0.66652876
0.0,0.23688528
0.0,0.09356737
0.0,0.0032579899
0.0,0.0095617175
0.0,0.009424806
0.0,0.13162774
0.0,0.12717336
0.0,0.58716786
0.0,0.61611307
1.0,0.51688564
1.0,0.55430585
1.0,0.58410007
0.0,0.0015806556
1.0,0.97059447
0.0,0.24982765
0.0,0.021401554
1.0,0.965286
0.0,0.06476772
0.0,0.0033094287
0.0,0.5017387
0.0,0.012740612
0.0,0.51343095
0.0,0.7865344
0.0,0.01220116
1.0,0.92110515
0.0,0.0004657209
0.0,0.0016588569
0.0,0.0024909675
1.0,0.94478977
1.0,0.89163476
0.0,0.5794683
1.0,0.4690946
0.0,0.0028621852
1.0,0.079972595
0.0,0.07123497
0.0,0.0020704567
1.0,0.080850154
0.0,0.0031316578
0.0,0.0015422404
1.0,0.8648252
0.0,0.10356787
1.0,0.0054819584
0.0,0.18078664
0.0,0.0036456585
1.0,0.88064384
0.0,0.0031829476
0.0,0.030277878
0.0,0.95066476
0.0,0.0025515258
0.0,0.0011382401
1.0,0.97363997
0.0,0.001295507
0.0,0.17802155
0.0,0.0056337416
1.0,0.58198667
0.0,0.9557422
0.0,0.13153446
1.0,0.60001117
0.0,0.00253883
0.0,0.0012458563
0.0,0.05892563
0.0,0.120141804
1.0,0.6992448
0.0,0.0065850914
0.0,0.0002630651
0.0,0.0034835935
0.0,0.0017494857
0.0,0.6001828
1.0,0.8276906
1.0,0.846165
0.0,0.013468891
1.0,0.8500662
0.0,0.011242956
0.0,0.0012756586
0.0,0.0028659403
0.0,0.03852299
1.0,0.8805554
0.0,0.0047609806
0.0,0.0020551085
0.0,0.7197547
0.0,0.042180926
0.0,0.066486925
0.0,0.0031641424
0.0,0.0012792349
0.0,0.005291313
0.0,0.0019277334
0.0,0.9670857
1.0,0.059489787
0.0,0.013102591
0.0,0.19630998
0.0,0.027377874
1.0,0.9742788
0.0,0.027454466
1.0,0.9164144
0.0,0.033124715
0.0,0.011655867
0.0,0.09895465
1.0,0.97206676
1.0,0.98579735
1.0,0.777748
1.0,0.76339626
0.0,0.027445108
0.0,0.0039589405
1.0,0.96322095
1.0,0.97902083
0.0,0.0066242516
0.0,0.22926661
0.0,0.86722934
1.0,0.9193618
0.0,0.01976657
0.0,0.0056034625
0.0,0.04309866
0.0,0.009582758
1.0,0.6723109
1.0,0.91588426
0.0,6.133318e-05
1.0,0.79641163
0.0,0.0053092837
0.0,0.0072006583
0.0,0.00082322955
0.0,0.0026325285
0.0,0.002891779
1.0,0.7204943
0.0,0.0016896129
0.0,0.119837016
0.0,0.751123
0.0,0.07261625
0.0,0.6507884
1.0,0.9672557
0.0,0.003667295
0.0,0.00759241
1.0,0.8016009
0.0,0.51747286
0.0,0.002163887
1.0,0.9906812
1.0,0.7424214
0.0,0.0061410666
1.0,0.80864286
0.0,0.30822015
1.0,0.7511115
1.0,0.9980037
0.0,0.009738654
1.0,0.95284903
0.0,0.028707772
0.0,0.028535962
0.0,0.7471451
0.0,0.34617278
0.0,0.011736095
0.0,0.011248976
0.0,0.47162795
1.0,0.9718772
0.0,0.026352972
0.0,0.07375446
0.0,0.13415313
0.0,0.4203399
1.0,0.94800675
0.0,0.014543533
0.0,0.47363186
0.0,0.004571289
0.0,0.016426653
0.0,0.004105121
0.0,0.9012281
1.0,0.034920037
0.0,0.10723454
1.0,0.8784118
0.0,0.0062693954
1.0,0.5827082
0.0,0.0036182404
0.0,0.008254021
0.0,0.0076194406
0.0,0.6209667
0.0,0.6125376
0.0,0.049129188
0.0,0.23165753
0.0,0.0035262704
0.0,0.76806146
0.0,0.8979641
1.0,0.96727514
0.0,0.85882753
0.0,0.014404744
1.0,0.99417055
0.0,0.002243042
0.0,0.002890706
0.0,0.00035497546
1.0,0.812399
1.0,0.82080483
1.0,0.6258063
1.0,0.9772019
0.0,0.367753
1.0,0.69677484
0.0,0.012799621
1.0,0.43692553
0.0,0.018990278
0.0,0.9719676
0.0,0.02454564
0.0,0.0015811324
0.0,0.00347808
1.0,0.9487619
1.0,0.5184709
0.0,0.96931636
1.0,0.6690447
0.0,0.0029341877
1.0,0.9642936
0.0,0.005683422
0.0,0.010298401
0.0,0.96565235
0.0,0.36325523
0.0,0.022468954
0.0,0.0014795363
1.0,0.9892814
0.0,0.00060269237
1.0,0.9785595
1.0,0.97202134
1.0,0.9344942
0.0,0.00096330047
0.0,0.9962276
0.0,0.0069802403
0.0,0.17484355
0.0,0.016885161
1.0,0.735378
0.0,0.13464615
0.0,0.01624471
0.0,0.016394824
0.0,0.0029229522
0.0,0.004493952
0.0,0.3138715
0.0,0.6227857
0.0,0.001857549
0.0,0.14522436
1.0,0.993155
0.0,0.27294976
0.0,0.0044958293
0.0,0.0071241856
0.0,0.0012437999
1.0,0.93755955
0.0,0.3528775
1.0,0.8707575
0.0,0.70133615
1.0,0.9912149
1.0,0.9787874
0.0,0.00022813678
0.0,0.21420664
0.0,0.009614676
0.0,0.23067862
0.0,0.007866621
0.0,0.49134624
1.0,0.9863771
0.0,0.019843102
1.0,0.30380464
0.0,0.5767137
0.0,0.000636518
0.0,0.029527962
1.0,0.9832569
0.0,0.002774179
1.0,0.9876606
0.0,0.0003092885
0.0,0.0031261146
0.0,0.54002184
0.0,0.37348247
0.0,0.26203516
0.0,0.018979639
1.0,0.7860069
1.0,0.8891293
0.0,0.036948293
0.0,0.0077222288
0.0,0.038485587
1.0,0.9324627
0.0,0.006850213
1.0,0.41639382
0.0,0.07921806
1.0,0.93526685
1.0,0.98152876
0.0,0.0028428733
0.0,0.064296216
0.0,0.0063067973
1.0,0.8518657
0.0,0.17984805
0.0,0.8342154
1.0,0.9674942
1.0,0.5419363
0.0,0.03635171
0.0,0.011405081
1.0,0.93538445
0.0,0.0220941
0.0,0.021629125
0.0,0.0041718483
1.0,0.7144128
0.0,0.008190662
0.0,0.044909626
1.0,0.9607401
1.0,0.56572086
0.0,0.28335166
0.0,0.004913777
0.0,0.002429366
1.0,0.9440543
1.0,0.98373324
1.0,0.60676205
0.0,0.036350965
0.0,0.0044722855
0.0,0.053234935
0.0,0.00046038628
1.0,0.83551884
0.0,0.015370637
0.0,0.38131428
0.0,0.047706753
0.0,0.16444969
0.0,0.103764296
0.0,0.0017617047
0.0,0.28306222
0.0,0.0070873797
0.0,0.000505954
1.0,0.057567924
1.0,0.82172596
0.0,0.30681682
0.0,0.27963996
1.0,0.051248312
0.0,0.00020101666
1.0,0.9358641
0.0,0.017621845
0.0,0.0044317544
1.0,0.9923934
1.0,0.975175
0.0,0.76756024
0.0,0.0355058
1.0,0.27149776
0.0,0.1570265
0.0,0.15476927
0.0,0.9907321
0.0,0.0040959716
1.0,0.9175106
1.0,0.22924826
0.0,0.16648939
0.0,0.0012850761
0.0,0.061315924
1.0,0.9355857
0.0,0.026345462
1.0,0.1414097
0.0,0.0309605
1.0,0.8335717
1.0,0.5510353
0.0,0.3243971
1.0,0.20570797
0.0,0.68416286
0.0,0.0006069541
1.0,0.9894669
1.0,0.070757926
0.0,0.0049821734
0.0,0.2644968
0.0,0.82330716
0.0,0.4531608
1.0,0.9614191
0.0,0.14916661
0.0,0.16750893
0.0,0.00440982
1.0,0.94634914
0.0,0.0080809
0.0,0.78260314
1.0,0.92902064
0.0,0.00042143464
0.0,0.81953
0.0,0.028755128
1.0,0.2318733
0.0,0.23635814
1.0,0.95357233
0.0,0.008994311
1.0,0.21215609
1.0,0.16422918
1.0,0.9434631
1.0,0.91620374
0.0,0.00027048588
1.0,0.72882074
0.0,0.009234041
1.0,0.98606676
1.0,0.8535168
0.0,0.22767699
1.0,0.64861
0.0,0.0016267598
1.0,0.29136962
1.0,0.5470709
0.0,0.018479586
0.0,0.9482515
1.0,0.99060357
1.0,0.09651691
0.0,0.052268416
0.0,0.11525774
0.0,0.0005620718
0.0,0.0082734525
0.0,0.39574474
1.0,0.7720558
1.0,0.8655872
1.0,0.14909533
1.0,0.49116018
1.0,0.97739506
1.0,0.99118173
0.0,0.44759414
1.0,0.9371557
0.0,0.010647416
0.0,0.024817139
0.0,0.029788554
1.0,0.020394713
1.0,0.7894784
0.0,0.03632444
0.0,0.004861653
0.0,0.8729031
1.0,0.7840879
1.0,0.40716517
1.0,0.8650528
0.0,0.0025663674
0.0,0.9628726
0.0,0.021692157
0.0,0.15641609
0.0,0.00915131
0.0,0.0037172139
1.0,0.98231804
1.0,0.7984284
0.0,0.011310458
0.0,0.03734052
0.0,0.8636164
0.0,0.24740088
0.0,0.49487314
0.0,0.1509594
0.0,0.88864017
1.0,0.93624306
0.0,0.011063546
1.0,0.82495135
0.0,0.0050988793
0.0,0.72314256
0.0,0.004944682
0.0,0.88890886
1.0,0.9389575
1.0,0.44688457
1.0,0.62542963
1.0,0.6680101
0.0,0.00073346496
0.0,0.32975268
1.0,0.50207716
1.0,0.78982365
0.0,0.21463948
0.0,0.003185302
0.0,0.012205571
1.0,0.12221211
0.0,0.004540384
1.0,0.089753
0.0,0.006241411
0.0,0.0077608526
0.0,0.005529791
0.0,0.0095773935
0.0,0.05192092
0.0,0.00552997
0.0,0.11999977
1.0,0.9148054
0.0,0.006455511
0.0,0.49194998
0.0,0.023451716
1.0,0.34292275
0.0,0.005111456
1.0,0.9712173
0.0,0.0013139546
0.0,0.010767043
0.0,0.0027034879
0.0,0.48566216
0.0,0.0059048533
0.0,0.0026807487
1.0,0.93725455
0.0,0.18235296
1.0,0.80462945
1.0,0.83192253
0.0,0.008193493
0.0,0.13753769
1.0,0.8639691
1.0,0.9920357
0.0,0.25368148
0.0,0.60479915
0.0,0.008525997
0.0,0.0066524744
0.0,0.0026564598
1.0,0.8638518
0.0,0.004079461
1.0,0.80232114
1.0,0.37413234
0.0,0.8958473
0.0,0.2520553
0.0,0.016534686
0.0,0.011010319
0.0,0.8610927
0.0,0.001109451
0.0,0.019985735
0.0,0.73752314
1.0,0.8641294
1.0,0.7028501
0.0,0.021322101
0.0,0.009971768
0.0,0.42808947
1.0,0.87055564
0.0,0.0028449
0.0,0.0073497295
1.0,0.40391046
1.0,0.91078603
0.0,0.19611493
0.0,0.06626022
0.0,0.047591865
1.0,0.929815
0.0,0.022586137
1.0,0.8930623
1.0,0.4537557
0.0,0.009319842
0.0,0.008843273
0.0,0.010219395
1.0,0.5660413
0.0,0.12781638
1.0,0.38939893
0.0,0.005752653
1.0,0.9450386
0.0,0.092039496
0.0,0.017745256
0.0,0.0004017353
1.0,0.9933016
0.0,0.7755132
1.0,0.99257326
1.0,0.5521926
0.0,0.000813663
1.0,0.10909045
0.0,0.07175723
1.0,0.13675058
0.0,0.0014437139
1.0,0.96530163
0.0,0.0014956594
1.0,0.78986645
1.0,0.938864
1.0,0.99059796
0.0,0.0055503845
1.0,0.9154942
1.0,0.45193654
0.0,0.0061421096
1.0,0.9550321
1.0,0.39144266
1.0,0.024933517
0.0,0.23037574
0.0,0.023060909
0.0,0.8262797
0.0,0.07714329
