0.0,0.868168
0.0,0.7860738
1.0,0.14553359
0.0,0.109739184
1.0,0.6142846
0.0,0.0064459443
1.0,0.9820641
1.0,0.97425175
1.0,0.879096
0.0,0.07051188
0.0,0.89119065
1.0,0.988216
0.0,0.0032089353
0.0,0.18209532
0.0,0.03854382
0.0,0.007489383
1.0,0.77526206
0.0,0.015273064
0.0,0.01961559
1.0,0.5714654
1.0,0.22169554
0.0,0.0012114346
1.0,0.91780484
0.0,0.082362235
0.0,0.012649685
1.0,0.8726172
0.0,0.23678163
1.0,0.94656825
0.0,0.0007432997
1.0,0.8841192
0.0,0.007944524
0.0,0.5650602
1.0,0.98561966
1.0,0.99971867
1.0,0.96633965
1.0,0.97831464
1.0,0.8232512
0.0,0.019525886
1.0,0.9902655
1.0,0.037920535
1.0,0.99720037
1.0,0.9955061
0.0,0.0033704937
1.0,0.9275415
1.0,0.9788182
0.0,0.029285759
0.0,0.006975293
0.0,0.10716358
0.0,0.012522668
1.0,0.99601567
0.0,0.61818385
1.0,0.9391717
1.0,0.99634945
1.0,0.95019114
0.0,0.021831125
0.0,0.021062106
0.0,0.42966396
1.0,0.06423622
1.0,0.99269634
1.0,0.474489
1.0,0.9989973
0.0,0.45837158
1.0,0.9976464
1.0,0.8936715
1.0,0.98241
0.0,0.16266337
0.0,0.19671577
1.0,0.9718349
0.0,0.024301738
1.0,0.98219204
0.0,0.5067655
1.0,0.9711857
0.0,0.008416504
0.0,0.03717041
1.0,0.47689852
0.0,0.09091228
0.0,0.0161058
0.0,0.12353405
0.0,0.04515642
1.0,0.9981164
0.0,0.022810698
1.0,0.9949615
1.0,0.9899478
1.0,0.99995637
1.0,0.99758816
1.0,0.9214705
1.0,0.9916931
0.0,0.21889159
0.0,0.063504875
1.0,0.73828393
0.0,0.0115695
1.0,0.47965437
0.0,0.04966986
0.0,0.8461678
0.0,0.0935801
1.0,0.9895152
0.0,0.009060234
0.0,0.018239379
1.0,0.6738347
1.0,0.9994893
0.0,0.010091662
0.0,0.1339679
1.0,0.015683442
0.0,0.17531765
0.0,0.15696046
1.0,0.9849454
1.0,0.012247354
0.0,0.03028363
1.0,0.011360824
1.0,0.99582684
1.0,0.9959206
0.0,0.015011728
1.0,0.011372179
0.0,0.05979514
0.0,0.023395032
1.0,0.2814175
0.0,0.02212444
1.0,0.9492406
1.0,0.39788866
1.0,0.9977026
0.0,0.39263514
1.0,0.985924
0.0,0.9793776
0.0,0.014957696
0.0,0.36253008
1.0,0.8408265
0.0,0.0037080944
0.0,0.041659385
1.0,0.9949271
1.0,0.8605616
1.0,0.99748874
0.0,0.16692612
0.0,0.011406958
1.0,0.93705523
1.0,0.99976754
0.0,0.79185176
0.0,0.010820538
0.0,0.03205368
0.0,0.053233087
0.0,0.06298059
1.0,0.98901963
0.0,0.330244
1.0,0.35614204
0.0,0.0054905415
0.0,0.030849397
0.0,0.005719632
1.0,0.7052819
0.0,0.020117939
0.0,0.03396955
0.0,0.019781232
0.0,0.3486526
0.0,0.012408704
0.0,0.0056327283
0.0,0.9664875
0.0,0.31659123
1.0,0.995017
0.0,0.0059824884
0.0,0.03398639
1.0,0.9996133
0.0,0.03636822
0.0,0.7055632
0.0,0.35076836
0.0,0.015125424
0.0,0.20801276
1.0,0.99987066
0.0,0.14173618
1.0,0.72466
0.0,0.16214573
0.0,0.015631646
1.0,0.9376031
0.0,0.98504984
0.0,0.99645066
0.0,0.9661466
0.0,0.005173415
1.0,0.784814
1.0,0.9479623
0.0,0.03214264
1.0,0.5452733
0.0,0.40035605
1.0,0.9878177
1.0,0.9547889
1.0,0.85250115
1.0,0.96546406
1.0,0.97067857
0.0,0.8055352
0.0,0.0044109225
0.0,0.0331226
0.0,0.994871
0.0,0.24202883
0.0,0.019119859
1.0,0.58326894
0.0,0.0026790798
0.0,0.9728761
1.0,0.9919371
1.0,0.84602916
1.0,0.9812187
0.0,0.0232898
0.0,0.0978114
0.0,0.01570183
1.0,0.028885901
0.0,0.7853131
0.0,0.6214853
0.0,0.57248056
0.0,0.88760096
0.0,0.050273687
1.0,0.11089462
0.0,0.015146226
1.0,0.047444105
0.0,0.002716124
0.0,0.07660213
0.0,0.012754172
1.0,0.9936737
0.0,0.08546734
0.0,0.13356644
0.0,0.010372341
0.0,0.011839181
0.0,0.9365018
0.0,0.18405214
1.0,0.99938285
0.0,0.021032065
0.0,0.004275322
1.0,0.93992954
1.0,0.99779785
0.0,0.69932556
0.0,0.021063209
0.0,0.0038912296
0.0,0.15314364
0.0,0.005377054
0.0,0.15409529
1.0,0.99586564
0.0,0.08414993
1.0,0.09727931
0.0,0.011993587
1.0,0.7745391
1.0,0.5297098
0.0,0.026209652
0.0,0.011391759
0.0,0.020069659
1.0,0.9316796
1.0,0.9521542
1.0,0.99407244
1.0,0.91201425
0.0,0.00986138
0.0,0.8993805
1.0,0.9981094
0.0,0.66696066
0.0,0.008243322
0.0,0.009302765
0.0,0.12541258
0.0,0.01050517
0.0,0.016130835
0.0,0.05302313
1.0,0.7986241
0.0,0.017626256
0.0,0.15073958
0.0,0.09450799
1.0,0.99254465
1.0,0.97660315
0.0,0.010491312
0.0,0.03681913
0.0,0.020905077
1.0,0.991394
0.0,0.021751761
0.0,0.004977882
0.0,0.022399038
0.0,0.010330766
1.0,0.99834853
1.0,0.9947158
1.0,0.999338
0.0,0.017054975
1.0,0.9627917
0.0,0.015364379
0.0,0.030953258
0.0,0.9529613
1.0,0.9720137
1.0,0.76931226
0.0,0.008954555
0.0,0.02059701
1.0,0.9789241
1.0,0.38200134
0.0,0.022642046
1.0,0.7573931
1.0,0.99991417
0.0,0.83298093
0.0,0.40253934
0.0,0.13352454
0.0,0.019246101
0.0,0.8384043
0.0,0.010054171
1.0,0.9970962
0.0,0.07524735
0.0,0.013036817
1.0,0.99984056
0.0,0.011648834
1.0,0.9961787
1.0,0.03218904
1.0,0.9658425
1.0,0.8699847
1.0,0.92164147
0.0,0.047163844
1.0,0.9764807
0.0,0.9301842
1.0,0.99966073
0.0,0.4712037
0.0,0.5503846
0.0,0.06281695
0.0,0.14884967
0.0,0.24850997
1.0,0.9927832
0.0,0.987161
1.0,0.9496438
0.0,0.96480906
1.0,0.92801774
1.0,0.99924624
0.0,0.010700971
0.0,0.008292139
0.0,0.011093229
1.0,0.9922915
1.0,0.47339052
0.0,0.00415802
0.0,0.004918188
0.0,0.009888411
0.0,0.07686263
1.0,0.9978492
1.0,0.9134181
0.0,0.020034432
0.0,0.10631168
1.0,0.92293763
1.0,0.9861961
1.0,0.7097225
0.0,0.036051184
0.0,0.83750224
0.0,0.0045228004
0.0,0.8411547
1.0,0.99497306
1.0,0.46340007
0.0,0.06851709
0.0,0.038121015
0.0,0.008547187
0.0,0.65098053
0.0,0.0027906299
0.0,0.3983136
1.0,0.3462292
0.0,0.12162921
0.0,0.03204435
0.0,0.20924568
0.0,0.9715403
0.0,0.8777672
0.0,0.04769805
0.0,0.0073602498
1.0,0.8797547
0.0,0.011535078
1.0,0.9720984
0.0,0.0027864575
0.0,0.21762821
0.0,0.03552392
0.0,0.007360667
0.0,0.97829247
1.0,0.094583035
1.0,0.95693004
0.0,0.618779
1.0,0.7415237
0.0,0.00771451
0.0,0.6035206
0.0,0.2827636
0.0,0.93918777
0.0,0.016574025
0.0,0.0009586513
1.0,0.6225658
0.0,0.013887584
1.0,0.99305785
0.0,0.046811074
1.0,0.77629066
0.0,0.17611134
1.0,0.12956586
1.0,0.98850703
1.0,0.99462974
0.0,0.012909979
0.0,0.0047364235
1.0,0.9994478
0.0,0.014008433
0.0,0.029375106
1.0,0.024703652
1.0,0.9993506
0.0,0.39221853
1.0,0.9662831
1.0,0.9990246
0.0,0.95545274
0.0,0.009869754
0.0,0.48977974
0.0,0.021080881
0.0,0.010945499
0.0,0.14433238
1.0,0.9981496
0.0,0.63955295
1.0,0.87065905
1.0,0.57512814
0.0,0.032928973
0.0,0.07666856
0.0,0.8982632
1.0,0.99869955
1.0,0.99758804
1.0,0.7438033
0.0,0.038143992
1.0,0.9979952
1.0,0.96699536
0.0,0.00720948
0.0,0.4217205
0.0,0.97577494
0.0,0.9417596
1.0,0.99543846
0.0,0.01408869
1.0,0.7225652
0.0,0.7617755
0.0,0.03497255
0.0,0.016076952
0.0,0.018140346
0.0,0.03135127
0.0,0.013792276
0.0,0.009629458
0.0,0.015537709
0.0,0.02096638
0.0,0.52841276
0.0,0.026967078
0.0,0.008770496
0.0,0.71684045
0.0,0.02667901
1.0,0.7240709
0.0,0.0901348
1.0,0.9968729
0.0,0.03414467
0.0,0.0035738945
0.0,0.01873213
0.0,0.99252653
0.0,0.6938352
0.0,0.079817206
0.0,0.2168028
0.0,0.0068739653
0.0,0.012537092
0.0,0.0049243867
0.0,0.6646668
1.0,0.9644476
0.0,0.022372842
0.0,0.018880129
0.0,0.7908808
0.0,0.026632011
1.0,0.23015994
0.0,0.95913714
1.0,0.5881078
0.0,0.010186285
0.0,0.44069636
1.0,0.99885905
0.0,0.952391
1.0,0.9765724
1.0,0.99797857
1.0,0.9892398
1.0,0.99789125
0.0,0.009847969
1.0,0.9541755
0.0,0.0058918
0.0,0.0118331015
0.0,0.7444285
1.0,0.99992824
0.0,0.012375861
0.0,0.013880134
1.0,0.2932336
1.0,0.9999231
0.0,0.14841011
0.0,0.004918188
1.0,0.9001295
0.0,0.15008467
1.0,0.87385863
0.0,0.62751144
0.0,0.4946444
1.0,0.97451395
0.0,0.97963595
0.0,0.0047132373
1.0,0.26870728
0.0,0.030886889
1.0,0.9993987
0.0,0.008163303
1.0,0.42701995
1.0,0.74998176
1.0,0.8328243
1.0,0.9988989
0.0,0.51083213
0.0,0.031101733
1.0,0.89281243
0.0,0.0076800287
0.0,0.7722255
1.0,0.90759337
1.0,0.9821122
1.0,0.99029964
0.0,0.03803298
1.0,0.9973266
1.0,0.96449697
0.0,0.4167152
1.0,0.99914014
0.0,0.5661
1.0,0.38827902
1.0,0.955547
0.0,0.9216171
0.0,0.34181577
1.0,0.552351
0.0,0.58286023
1.0,0.9968548
0.0,0.5764927
0.0,0.011669159
0.0,0.63481355
1.0,0.99988085
0.0,0.008753061
0.0,0.010552615
0.0,0.9437033
1.0,0.8652885
0.0,0.022508591
0.0,0.009265751
0.0,0.0774436
0.0,0.9311513
1.0,0.92086506
1.0,0.9962362
0.0,0.06560698
0.0,0.5510231
0.0,0.100192845
0.0,0.16855931
0.0,0.1366182
1.0,0.9915488
0.0,0.10550359
1.0,0.9795145
0.0,0.68239844
0.0,0.33433476
1.0,0.8344538
0.0,0.019878924
0.0,0.07502249
0.0,0.017269164
0.0,0.0172036
0.0,0.079833806
0.0,0.011922568
0.0,0.015100628
0.0,0.03779176
1.0,0.9653288
1.0,0.99916375
0.0,0.006411761
0.0,0.018717527
1.0,0.99984896
0.0,0.015606254
1.0,0.9731591
0.0,0.18307969
0.0,0.0068773627
1.0,0.9663293
0.0,0.25425404
1.0,0.9426563
0.0,0.95797753
1.0,0.5826134
0.0,0.009899199
0.0,0.026157439
0.0,0.976962
1.0,0.9924723
0.0,0.00452587
0.0,0.06457165
0.0,0.0046628118
0.0,0.9980657
1.0,0.49350482
0.0,0.012405843
0.0,0.0054707527
1.0,0.99882925
1.0,0.05446002
0.0,0.23475444
1.0,0.45583847
0.0,0.09460741
0.0,0.84487367
1.0,0.9925469
1.0,0.9996761
0.0,0.06590253
1.0,0.97915196
1.0,0.9974756
0.0,0.040477425
0.0,0.16942924
0.0,0.18823498
1.0,0.03884974
0.0,0.0029917657
0.0,0.0153903365
0.0,0.013716131
1.0,0.99941695
1.0,0.933715
0.0,0.018784821
1.0,0.65368813
1.0,0.009235501
0.0,0.2470549
1.0,0.9725094
0.0,0.06569019
1.0,0.9974242
0.0,0.037398785
1.0,0.9444979
0.0,0.017031401
0.0,0.016700596
1.0,0.84848
0.0,0.017685294
1.0,0.9622421
0.0,0.033297002
0.0,0.02163288
0.0,0.018922538
1.0,0.87392133
0.0,0.30930692
1.0,0.3981405
0.0,0.010550231
1.0,0.94385916
1.0,0.93614554
0.0,0.007646799
1.0,0.99733675
1.0,0.99112916
1.0,0.8802303
1.0,0.9572735
0.0,0.03733498
0.0,0.01410374
0.0,0.9038544
1.0,0.9911062
1.0,0.6048796
0.0,0.031479925
0.0,0.019255638
0.0,0.15539238
1.0,0.9927042
0.0,0.8783211
1.0,0.044596583
1.0,0.9989649
0.0,0.19239146
0.0,0.006315112
1.0,0.9879228
0.0,0.7376462
1.0,0.99540526
0.0,0.7274868
0.0,0.05093825
0.0,0.056328088
1.0,0.25807253
0.0,0.18869585
1.0,0.99134016
0.0,0.028093964
1.0,0.69422644
0.0,0.27278358
0.0,0.1061095
1.0,0.085351825
1.0,0.1685884
1.0,0.8589052
1.0,0.9356351
0.0,0.014815778
0.0,0.057201236
0.0,0.9582039
0.0,0.0053043365
1.0,0.962716
1.0,0.21623987
0.0,0.0010451674
0.0,0.014008343
0.0,0.012711734
1.0,0.81937456
0.0,0.014850408
0.0,0.037379622
0.0,0.023676991
0.0,0.81352293
0.0,0.06155944
0.0,0.29900068
1.0,0.93149114
0.0,0.7721495
1.0,0.2536942
0.0,0.04886794
0.0,0.12493166
1.0,0.8479328
1.0,0.971712
1.0,0.99260306
0.0,0.086633295
0.0,0.06641808
1.0,0.8438153
0.0,0.011895925
0.0,0.03197673
0.0,0.6069552
1.0,0.967119
0.0,0.010097623
0.0,0.16785732
1.0,0.99952364
0.0,0.042295307
1.0,0.9992912
1.0,0.9821012
1.0,0.99522626
0.0,0.016581506
1.0,0.9865065
1.0,0.71397734
0.0,0.13976744
1.0,0.20942909
0.0,0.02920109
0.0,0.67973965
0.0,0.27087152
0.0,0.020138592
1.0,0.96542424
1.0,0.919122
1.0,0.9992566
1.0,0.984475
1.0,0.99528426
0.0,0.84067136
0.0,0.97919416
1.0,0.99887156
0.0,0.018813342
1.0,0.9005203
1.0,0.99972737
0.0,0.065209
1.0,0.2975484
1.0,0.474789
0.0,0.004052222
0.0,0.009229571
0.0,0.0027727783
0.0,0.013578951
1.0,0.7640367
1.0,0.9966688
0.0,0.016770184
0.0,0.010599285
1.0,0.108225346
1.0,0.8508887
1.0,0.22032112
0.0,0.009046614
1.0,0.8431346
1.0,0.6572294
0.0,0.044431835
0.0,0.3828996
1.0,0.9690105
1.0,0.99972963
0.0,0.64977723
1.0,0.99928224
0.0,0.082752645
0.0,0.24519965
1.0,0.97022015
0.0,0.97520673
1.0,0.99720764
0.0,0.8411969
0.0,0.086473644
0.0,0.1717231
1.0,0.98518974
1.0,0.5098924
0.0,0.009822488
0.0,0.0059762895
1.0,0.8965795
0.0,0.11299181
1.0,0.99957716
1.0,0.7821816
1.0,0.94609827
0.0,0.007358879
0.0,0.89431924
0.0,0.72859913
0.0,0.006556213
0.0,0.0034776926
1.0,0.9999897
0.0,0.774855
0.0,0.007760942
1.0,0.97347003
0.0,0.101258904
1.0,0.026723117
1.0,0.9165019
0.0,0.03098908
0.0,0.14890957
0.0,0.898664
0.0,0.006540507
0.0,0.003092438
0.0,0.002939105
0.0,0.016336054
0.0,0.9725368
1.0,0.645149
1.0,0.9938204
0.0,0.76401913
0.0,0.78287685
0.0,0.049393833
0.0,0.031374484
0.0,0.036440164
1.0,0.0592677
0.0,0.010244101
0.0,0.00036543608
1.0,0.9998692
1.0,0.25843906
0.0,0.013393402
0.0,0.9907423
0.0,0.0051751435
0.0,0.12579957
0.0,0.008987486
0.0,0.14935684
1.0,0.9774718
1.0,0.87718797
1.0,0.974245
0.0,0.004624516
1.0,0.9219492
1.0,0.98664117
0.0,0.51818764
0.0,0.00654006
1.0,0.911289
1.0,0.87739813
1.0,0.96645546
1.0,0.99238074
1.0,0.8416962
0.0,0.17705405
0.0,0.32231468
1.0,0.768844
0.0,0.0034115613
1.0,0.8368864
0.0,0.008874685
1.0,0.59328675
0.0,0.010111511
0.0,0.8780831
0.0,0.021425903
0.0,0.03686762
0.0,0.86895967
0.0,0.0026919842
0.0,0.004663557
0.0,0.016670048
0.0,0.74899113
0.0,0.011600435
0.0,0.003614366
1.0,0.99512386
1.0,0.9636384
1.0,0.9965259
0.0,0.9189882
0.0,0.61806685
0.0,0.5332488
0.0,0.026372612
1.0,0.9657717
1.0,0.8840996
1.0,0.97548765
1.0,0.9958204
0.0,0.79202753
0.0,0.0112555325
0.0,0.009571165
1.0,0.77968836
0.0,0.023306698
1.0,0.02229482
1.0,0.99106777
0.0,0.4644649
0.0,0.0036987662
0.0,0.026637763
0.0,0.11871457
1.0,0.9998512
1.0,0.9506669
0.0,0.026728034
1.0,0.9967093
1.0,0.9586079
0.0,0.5419783
0.0,0.045734793
1.0,0.9702189
0.0,0.009821057
0.0,0.06974414
0.0,0.0071314573
0.0,0.38572764
0.0,0.0151491165
1.0,0.72216517
0.0,0.11819905
0.0,0.97013915
1.0,0.99903107
1.0,0.9956031
0.0,0.77367204
0.0,0.39706272
1.0,0.8332338
0.0,0.049815625
0.0,0.002121836
1.0,0.6725568
0.0,0.056389183
0.0,0.019783884
0.0,0.0167149
1.0,0.9985866
0.0,0.42547405
1.0,0.9738165
1.0,0.9874865
1.0,0.99994016
0.0,0.012349427
1.0,0.8458013
0.0,0.01621297
1.0,0.9950955
0.0,0.08061689
1.0,0.9914732
0.0,0.048746288
0.0,0.012557298
1.0,0.9980415
0.0,0.004117608
0.0,0.010553122
1.0,0.8443569
1.0,0.9785693
1.0,0.096637994
1.0,0.764711
1.0,0.87920743
1.0,0.964012
1.0,0.81998205
0.0,0.013114959
1.0,0.07666057
1.0,0.99897313
0.0,0.13965225
0.0,0.008371204
0.0,0.0051229894
1.0,0.39109942
0.0,0.012699246
0.0,0.1291117
0.0,0.11703467
1.0,0.9971669
0.0,0.0458664
0.0,0.2514143
1.0,0.8977034
1.0,0.9896816
1.0,0.95309925
1.0,0.08024594
0.0,0.9992728
0.0,0.03353414
0.0,0.027513593
0.0,0.06034383
0.0,0.0071930885
0.0,0.052607566
0.0,0.015669316
1.0,0.09790066
1.0,0.98755
0.0,0.06370568
1.0,0.84119445
0.0,0.008633077
0.0,0.037739754
1.0,0.99878085
0.0,0.008435011
0.0,0.9873636
0.0,0.004259199
0.0,0.7822232
0.0,0.017407954
0.0,0.008185178
0.0,0.98310083
1.0,0.83947134
0.0,0.108657986
0.0,0.7737341
1.0,0.9736577
0.0,0.011182636
1.0,0.8880261
0.0,0.04931566
0.0,0.00867331
0.0,0.027620256
0.0,0.16473067
0.0,0.0069969
0.0,0.0075687766
0.0,0.028016418
0.0,0.03827113
0.0,0.78253376
1.0,0.79555005
0.0,0.09103033
1.0,0.9938098
0.0,0.95184433
1.0,0.04951608
0.0,0.052703112
0.0,0.011910975
0.0,0.081811905
1.0,0.9962168
1.0,0.044199675
1.0,0.24807912
0.0,0.01944542
0.0,0.98460025
1.0,0.9654319
0.0,0.15146655
0.0,0.17469981
1.0,0.9403627
0.0,0.0382002
1.0,0.9944378
1.0,0.68906605
0.0,0.017197609
1.0,0.63987124
0.0,0.2093971
1.0,0.10936791
0.0,0.37849322
1.0,0.9999244
0.0,0.0036287308
0.0,0.98214793
0.0,0.036542147
0.0,0.037974358
0.0,0.00790146
0.0,0.041766286
0.0,0.08924258
1.0,0.989707
0.0,0.020050257
0.0,0.004148662
0.0,0.0017330348
0.0,0.26086813
0.0,0.14087501
1.0,0.7910046
0.0,0.2517204
0.0,0.20043102
1.0,0.49069118
0.0,0.12709746
1.0,0.9533689
0.0,0.8971474
1.0,0.8252495
1.0,0.99665505
0.0,0.006337017
1.0,0.99992025
0.0,0.3879202
0.0,0.028400302
0.0,0.0289599
0.0,0.07388812
1.0,0.1725702
1.0,0.9993628
0.0,0.040545106
0.0,0.13167658
1.0,0.99896216
0.0,0.030452073
1.0,0.9011717
1.0,0.12970477
1.0,0.9163726
0.0,0.019364506
1.0,0.9209276
0.0,0.046241462
1.0,0.9781281
1.0,0.21344998
0.0,0.095847845
0.0,0.8473259
0.0,0.026641339
0.0,0.4800133
1.0,0.9374033
1.0,0.9801645
1.0,0.9982572
0.0,0.02761668
0.0,0.0049991608
1.0,0.9913291
0.0,0.98709035
0.0,0.0028800964
0.0,0.048744023
1.0,0.8133991
0.0,0.63625646
0.0,0.011425734
0.0,0.121974945
0.0,0.18881369
1.0,0.74933696
1.0,0.9969697
0.0,0.11572191
0.0,0.018105388
0.0,0.028079808
1.0,0.99988335
0.0,0.038074583
0.0,0.8657215
1.0,0.8965138
0.0,0.005191773
0.0,0.86142933
1.0,0.9917435
0.0,0.077644795
1.0,0.2279157
1.0,0.11449063
0.0,0.0060495436
0.0,0.011922836
0.0,0.004210472
0.0,0.00742203
1.0,0.9986003
1.0,0.9999281
1.0,0.9995091
1.0,0.8228475
0.0,0.97474384
0.0,0.059111148
1.0,0.8814444
1.0,0.99985445
0.0,0.26507044
0.0,0.032307953
1.0,0.691979
0.0,0.005478084
1.0,0.8760778
0.0,0.007773131
0.0,0.3734361
1.0,0.9855658
0.0,0.057830185
0.0,0.008114338
0.0,0.0166305
0.0,0.08721319
0.0,0.7778883
1.0,0.19987923
0.0,0.07074681
1.0,0.9989104
0.0,0.17446807
1.0,0.9359224
0.0,0.08421919
1.0,0.8850158
1.0,0.99672216
1.0,0.99997365
0.0,0.9726205
0.0,0.011303544
1.0,0.22401631
0.0,0.009094328
0.0,0.07344788
1.0,0.9557431
1.0,0.92128265
0.0,0.10616046
1.0,0.9986938
1.0,0.992158
0.0,0.9641936
0.0,0.019629061
0.0,0.80310404
0.0,0.006928444
0.0,0.008336663
0.0,0.9812763
1.0,0.9946251
1.0,0.9998798
1.0,0.95765376
0.0,0.0045918226
0.0,0.011829764
0.0,0.0035932064
0.0,0.017144978
0.0,0.0329988
0.0,0.066553414
1.0,0.9619899
1.0,0.99306023
1.0,0.78504604
0.0,0.06273499
0.0,0.093533486
1.0,0.9883192
0.0,0.07251704
0.0,0.9598851
1.0,0.9700321
0.0,0.91746986
0.0,0.9636916
1.0,0.97174037
0.0,0.029954225
1.0,0.5386979
1.0,0.96672124
0.0,0.9866972
0.0,0.026851743
1.0,0.9999716
0.0,0.0051374137
0.0,0.21289995
1.0,0.9384387
1.0,0.96958506
1.0,0.89278066
1.0,0.987084
0.0,0.9799753
0.0,0.016542584
0.0,0.010192633
1.0,0.49369177
0.0,0.9969855
1.0,0.8322193
0.0,0.95430493
1.0,0.97200704
1.0,0.17121291
0.0,0.15482527
0.0,0.05104977
0.0,0.003796935
0.0,0.40553933
0.0,0.022431433
0.0,0.026715785
1.0,0.19425428
1.0,0.82519937
0.0,0.30350608
1.0,0.993791
1.0,0.06844643
0.0,0.0045042336
0.0,0.073446214
1.0,0.9751522
1.0,0.33793196
0.0,0.01964873
0.0,0.74013704
0.0,0.0036013722
0.0,0.017968506
1.0,0.879874
1.0,0.99858373
0.0,0.03440571
0.0,0.0026702583
0.0,0.0744749
0.0,0.035943776
0.0,0.015837401
0.0,0.01602289
0.0,0.924898
0.0,0.2171174
0.0,0.01797086
0.0,0.03671059
0.0,0.067588866
1.0,0.99607366
1.0,0.96872723
0.0,0.004743159
0.0,0.018298835
0.0,0.000692755
0.0,0.00932762
0.0,0.23256904
0.0,0.048549563
0.0,0.01008454
0.0,0.9551186
1.0,0.83169085
1.0,0.9992734
1.0,0.9784514
1.0,0.9587951
1.0,0.9986204
0.0,0.959371
0.0,0.027740628
0.0,0.0326688
0.0,0.24608305
1.0,0.75058854
0.0,0.01927057
1.0,0.93644786
0.0,0.008512944
0.0,0.9522068
0.0,0.97525144
0.0,0.087510526
0.0,0.039109707
0.0,0.616175
0.0,0.09417918
0.0,0.008908153
1.0,0.9884927
1.0,0.94722223
0.0,0.1472156
0.0,0.2539909
0.0,0.013020813
0.0,0.009844989
1.0,0.9920604
0.0,0.008138895
1.0,0.20627329
0.0,0.017891437
1.0,0.5057151
0.0,0.0048542023
0.0,0.17305022
1.0,0.886921
0.0,0.004271835
1.0,0.9971563
0.0,0.07887402
0.0,0.3493992
0.0,0.42093125
0.0,0.004803598
0.0,0.005402595
1.0,0.99092925
1.0,0.99688506
0.0,0.885399
0.0,0.021470845
0.0,0.009518534
0.0,0.31944484
1.0,0.8537643
0.0,0.55791605
1.0,0.17714843
1.0,0.91173184
0.0,0.9079888
0.0,0.010881275
0.0,0.08056533
0.0,0.058473945
0.0,0.21043578
0.0,0.06448543
0.0,0.01849851
0.0,0.8090079
0.0,0.4720208
1.0,0.978968
0.0,0.99831957
0.0,0.015982598
1.0,0.9795072
0.0,0.041820496
0.0,0.05027452
0.0,0.0040967762
0.0,0.022535384
1.0,0.05504769
1.0,0.9899471
1.0,0.81935084
0.0,0.007255584
0.0,0.014486194
0.0,0.013868332
0.0,0.87717474
0.0,0.27950555
0.0,0.9470519
1.0,0.9998813
1.0,0.99841547
1.0,0.9428053
0.0,0.090610296
1.0,0.99989593
1.0,0.7939266
0.0,0.028190225
1.0,0.9717571
0.0,0.019150496
0.0,0.017350554
0.0,0.88757867
1.0,0.998587
1.0,0.9944067
1.0,0.83712685
0.0,0.96898174
0.0,0.16735327
0.0,0.00865382
1.0,0.9985364
1.0,0.9992628
1.0,0.99878377
1.0,0.99428844
0.0,0.02920255
0.0,0.017694294
0.0,0.010443062
0.0,0.75994194
1.0,0.9750845
0.0,0.010807246
0.0,0.19090477
0.0,0.34225902
1.0,0.68030936
0.0,0.045247138
0.0,0.09087637
0.0,0.16616225
0.0,0.95626235
0.0,0.024116397
0.0,0.02518475
0.0,0.012001634
0.0,0.057349324
0.0,0.013985097
1.0,0.9984621
1.0,0.60718226
0.0,0.7999237
0.0,0.9770652
0.0,0.041544586
1.0,0.9161046
0.0,0.021483302
0.0,0.019471467
0.0,0.4326439
0.0,0.0069106817
1.0,0.96732116
0.0,0.018416375
0.0,0.07984924
1.0,0.81128454
1.0,0.97231174
1.0,0.99356306
0.0,0.02433166
0.0,0.11094546
1.0,0.9856889
1.0,0.9997417
1.0,0.99720573
0.0,0.88256216
0.0,0.5577749
0.0,0.0016849041
1.0,0.30285865
1.0,0.99816763
0.0,0.014821351
0.0,0.8811532
1.0,0.85097075
1.0,0.99226236
0.0,0.009895712
1.0,0.9549074
1.0,0.9682899
0.0,0.069844395
1.0,0.24629474
0.0,0.028417557
0.0,0.009193093
0.0,0.9851509
0.0,0.0271765
1.0,0.8973346
0.0,0.054810494
1.0,0.8678727
1.0,0.5753713
1.0,0.7203747
0.0,0.01124841
0.0,0.5746981
1.0,0.613481
0.0,0.0067518055
1.0,0.7505746
1.0,0.99557364
0.0,0.9951482
0.0,0.03286335
1.0,0.39468628
1.0,0.9994763
0.0,0.0083369315
1.0,0.91521883
1.0,0.6085609
1.0,0.96381855
1.0,0.99977505
1.0,0.95094585
1.0,0.99636793
0.0,0.034430772
0.0,0.98703825
0.0,0.046147913
1.0,0.9852097
1.0,0.5036486
0.0,0.7316639
0.0,0.029519439
1.0,0.5181524
0.0,0.027959764
1.0,0.9980073
0.0,0.5617888
1.0,0.8947555
1.0,0.9977288
0.0,0.087204814
1.0,0.20573667
0.0,0.25198892
1.0,0.9998995
1.0,0.99979717
1.0,0.124045104
0.0,0.042552322
0.0,0.035817415
1.0,0.7929238
0.0,0.025842875
1.0,0.98973715
0.0,0.010278642
0.0,0.3326979
0.0,0.21661213
0.0,0.062129587
0.0,0.009890944
0.0,0.53412026
0.0,0.2784484
1.0,0.998972
1.0,0.20692003
0.0,0.00556311
1.0,0.9997549
1.0,0.8738376
0.0,0.99806094
0.0,0.95304435
0.0,0.10090253
0.0,0.073337674
0.0,0.023323894
0.0,0.027505577
1.0,0.45508435
1.0,0.9989809
0.0,0.018384904
0.0,0.0031251311
0.0,0.7871318
0.0,0.9901966
0.0,0.25332287
1.0,0.9080591
0.0,0.8793107
0.0,0.009996951
1.0,0.9889343
1.0,0.8086761
0.0,0.05008754
0.0,0.3784594
0.0,0.006655276
1.0,0.99422497
1.0,0.84090877
0.0,0.06576517
0.0,0.03396097
0.0,0.014073819
0.0,0.2503993
0.0,0.0066703856
1.0,0.98997194
1.0,0.9222547
1.0,0.11187273
0.0,0.0012332797
1.0,0.2224597
0.0,0.87925065
1.0,0.999775
1.0,0.5603807
0.0,0.009268075
0.0,0.011199534
0.0,0.0037119985
0.0,0.32144654
0.0,0.96755195
1.0,0.9997414
0.0,0.74021924
0.0,0.7897432
0.0,0.052094102
0.0,0.010208458
0.0,0.03067249
0.0,0.033453733
0.0,0.26416916
1.0,0.57439303
1.0,0.98474574
0.0,0.0009010434
0.0,0.33441967
0.0,0.91850424
0.0,0.010174245
1.0,0.9944789
0.0,0.033434004
0.0,0.31509346
1.0,0.9264208
0.0,0.7793368
0.0,0.09597978
0.0,0.035274267
0.0,0.020898193
1.0,0.9987176
1.0,0.9491333
0.0,0.01706919
1.0,0.15984508
1.0,0.9606365
1.0,0.9734124
0.0,0.3675298
0.0,0.6340471
1.0,0.97037125
1.0,0.99767816
0.0,0.024783522
1.0,0.9997688
0.0,0.009653389
1.0,0.99339366
1.0,0.99577034
1.0,0.99582225
0.0,0.057925463
1.0,0.80573547
1.0,0.50365406
0.0,0.0533922
0.0,0.028716892
0.0,0.9815768
0.0,0.135717
0.0,0.019926071
0.0,0.0074548125
1.0,0.9990368
0.0,0.42799664
0.0,0.20241553
0.0,0.81864375
0.0,0.010829568
0.0,0.02885893
0.0,0.021596938
1.0,0.882519
0.0,0.034332693
0.0,0.023447752
0.0,0.8254371
1.0,0.98120975
1.0,0.9171971
1.0,0.99613905
1.0,0.9958994
0.0,0.0060230494
0.0,0.06035161
0.0,0.022440702
0.0,0.037234396
0.0,0.8123147
0.0,0.040629297
1.0,0.9640783
0.0,0.6102898
1.0,0.46942315
1.0,0.01624161
1.0,0.89983666
0.0,0.041735947
0.0,0.014977068
0.0,0.001976043
0.0,0.0075983703
1.0,0.9345089
1.0,0.986511
1.0,0.4613682
1.0,0.9533905
1.0,0.9995065
0.0,0.033984005
0.0,0.048357546
0.0,0.9581075
0.0,0.020892471
1.0,0.9882233
0.0,0.009638369
0.0,0.95137537
1.0,0.9988482
1.0,0.79527044
0.0,0.008913875
0.0,0.19620338
0.0,0.16905004
0.0,0.07809052
1.0,0.9699403
0.0,0.99789584
0.0,0.71778697
1.0,0.9998454
0.0,0.15787226
1.0,0.99224585
1.0,0.9965253
0.0,0.0021642447
0.0,0.7537745
0.0,0.007109642
0.0,0.01710859
1.0,0.90203494
0.0,0.018222392
0.0,0.16109467
0.0,0.9303474
0.0,0.028182864
1.0,0.9925948
1.0,0.5827283
1.0,0.9606254
1.0,0.9942514
0.0,0.26369897
0.0,0.10149166
1.0,0.67724144
0.0,0.0072996914
1.0,0.4748439
0.0,0.023666799
1.0,0.999157
1.0,0.9975152
0.0,0.6549477
0.0,0.3547681
0.0,0.86736226
0.0,0.0112989545
0.0,0.012236208
0.0,0.02867058
1.0,0.98663205
0.0,0.0088887215
0.0,0.13849315
0.0,0.3087254
0.0,0.13818684
0.0,0.022516102
0.0,0.007968098
0.0,0.19719511
0.0,0.0056351125
0.0,0.00071540475
0.0,0.017276436
0.0,0.4919
0.0,0.022521973
1.0,0.7943621
0.0,0.17722371
1.0,0.9908663
0.0,0.008889437
0.0,0.0110403
1.0,0.9144269
0.0,0.014570534
1.0,0.9980924
0.0,0.12085226
1.0,0.96039605
0.0,0.8140799
0.0,0.124387145
1.0,0.85182685
1.0,0.29250783
0.0,0.013138205
0.0,0.1684112
0.0,0.0017203987
0.0,0.0053824186
0.0,0.004944861
0.0,0.8278591
1.0,0.99799055
1.0,0.9000472
0.0,0.039230317
0.0,0.023471475
1.0,0.9242226
1.0,0.9775448
1.0,0.95555174
0.0,0.005113691
1.0,0.059978247
0.0,0.47804168
1.0,0.63322175
0.0,0.0008662045
1.0,0.4772314
0.0,0.028494656
0.0,0.3710015
0.0,0.18380111
0.0,0.89176506
1.0,0.9467216
0.0,0.2203938
0.0,0.075972974
1.0,0.9997214
0.0,0.015501112
0.0,0.9979421
0.0,0.87643075
1.0,0.99931693
0.0,0.3950829
0.0,0.022340715
0.0,0.998178
1.0,0.9767291
0.0,0.0050774813
0.0,0.8545978
0.0,0.08220586
1.0,0.65050036
0.0,0.008615166
1.0,0.9997963
0.0,0.7569803
1.0,0.8031424
1.0,0.9993371
0.0,0.88972676
1.0,0.98767304
1.0,0.9846047
0.0,0.014451861
0.0,0.93602836
0.0,0.01782298
1.0,0.9996494
0.0,0.07305294
1.0,0.9594278
1.0,0.54981446
0.0,0.0058835745
1.0,0.98538065
0.0,0.40429386
1.0,0.23427907
0.0,0.15490058
1.0,0.85402155
0.0,0.89511406
1.0,0.0014122128
0.0,0.15207478
0.0,0.008570164
0.0,0.009627193
0.0,0.005521983
0.0,0.0070985556
0.0,0.005717963
0.0,0.0030159652
0.0,0.21597561
0.0,0.17489621
0.0,0.9261883
0.0,0.598377
0.0,0.01539591
1.0,0.99952745
1.0,0.50792325
0.0,0.99179566
1.0,0.07139149
0.0,0.061882794
0.0,0.75975263
0.0,0.83318245
0.0,0.033584744
0.0,0.0466235
0.0,0.01633957
1.0,0.9723724
0.0,0.006669402
0.0,0.024906874
1.0,0.005859524
0.0,0.0027344525
1.0,0.9757806
0.0,0.25582772
0.0,0.1515075
1.0,0.8261167
0.0,0.018103689
1.0,0.9676719
0.0,0.0131316185
0.0,0.0049859583
0.0,0.008220762
1.0,0.99304324
0.0,0.031120926
1.0,0.9099374
1.0,0.90002084
0.0,0.9966874
0.0,0.0045595467
1.0,0.03982556
0.0,0.015448719
0.0,0.05892071
0.0,0.94330764
0.0,0.011262536
0.0,0.40255016
0.0,0.99231386
1.0,0.11325067
0.0,0.09147552
1.0,0.99154997
0.0,0.005744189
0.0,0.0016053319
0.0,0.0089839995
1.0,0.9631871
1.0,0.9963489
0.0,0.38376138
0.0,0.7353306
0.0,0.0016352534
0.0,0.11373022
0.0,0.053945214
0.0,0.019386917
0.0,0.0018149614
1.0,0.16753933
1.0,0.99291205
0.0,0.031960428
0.0,0.99473983
1.0,0.8146075
0.0,0.008709937
1.0,0.9720398
0.0,0.017466247
0.0,0.011674315
1.0,0.9989109
0.0,0.5589728
1.0,0.9601721
1.0,0.99922156
1.0,0.99857736
0.0,0.22178206
0.0,0.028288573
0.0,0.22533193
1.0,0.993345
0.0,0.32784835
1.0,0.9968749
0.0,0.06424937
0.0,0.007003516
0.0,0.60184675
1.0,0.97140825
0.0,0.0151260495
0.0,0.03543523
0.0,0.7878268
1.0,0.060077637
1.0,0.99921316
0.0,0.10621032
0.0,0.02481407
1.0,0.9965562
1.0,0.97782594
1.0,0.9758763
1.0,0.20526946
0.0,0.009449124
1.0,0.9647524
0.0,0.02466631
0.0,0.032745063
0.0,0.011603534
1.0,0.836686
0.0,0.04170835
0.0,0.057889134
0.0,0.014710218
1.0,0.9579187
0.0,0.12467688
1.0,0.9960201
1.0,0.994002
0.0,0.03052184
1.0,0.8681068
0.0,0.012470245
1.0,0.89757675
0.0,0.87250626
0.0,0.014354378
0.0,0.029616028
0.0,0.09088367
1.0,0.99924964
0.0,0.20708287
0.0,0.30092943
0.0,0.599715
1.0,0.99996305
1.0,0.98399353
0.0,0.020484775
1.0,0.9994705
1.0,0.9987526
1.0,0.9999166
1.0,0.4492447
0.0,0.85026515
1.0,0.8150462
0.0,0.029078305
0.0,0.80157197
1.0,0.7521082
0.0,0.02162692
0.0,0.08980954
0.0,0.21936408
1.0,0.66958106
0.0,0.48049325
0.0,0.3190031
1.0,0.914719
0.0,0.021269143
1.0,0.8831106
0.0,0.008948356
0.0,0.96634275
1.0,0.95760816
1.0,0.9923469
0.0,0.010381341
1.0,0.989753
1.0,0.9977534
0.0,0.93398774
0.0,0.8547603
1.0,0.70486665
0.0,0.04584849
1.0,0.9989375
0.0,0.017624497
0.0,0.13263047
1.0,0.7616267
1.0,0.96818453
0.0,0.25658774
1.0,0.8196715
0.0,0.0409306
0.0,0.094049245
1.0,0.99198234
0.0,0.034163743
0.0,0.11783615
0.0,0.04571399
1.0,0.6503505
0.0,0.017176926
0.0,0.022569984
1.0,0.9875942
1.0,0.93432283
0.0,0.017715901
0.0,0.37779617
0.0,0.04611522
1.0,0.5178627
0.0,0.9401578
0.0,0.0032254755
0.0,0.014599085
0.0,0.0156897
0.0,0.022678882
1.0,0.2227236
0.0,0.13472012
0.0,0.005982101
0.0,0.051783353
1.0,0.8113142
1.0,0.9998052
1.0,0.89179385
0.0,0.7994252
0.0,0.018076748
0.0,0.99550563
1.0,0.99941003
0.0,0.07182598
1.0,0.9746406
0.0,0.009652287
1.0,0.9924626
0.0,0.12003219
1.0,0.9904321
0.0,0.9873659
1.0,0.9826101
0.0,0.16592169
0.0,0.11546138
1.0,0.7515583
1.0,0.9991294
1.0,0.9939735
0.0,0.49678433
1.0,0.9917668
1.0,0.71989423
1.0,0.24716109
0.0,0.001627028
1.0,0.686507
0.0,0.054613054
0.0,0.99137115
1.0,0.5060885
0.0,0.5436339
0.0,0.01060316
0.0,0.119181365
0.0,0.049820185
0.0,0.8446115
1.0,0.9955288
1.0,0.982165
0.0,0.63189113
0.0,0.8626574
0.0,0.015462816
1.0,0.9994243
0.0,0.83400667
0.0,0.13676435
0.0,0.012406111
0.0,0.008410782
0.0,0.06700441
0.0,0.94795775
1.0,0.99640787
1.0,0.9995731
1.0,0.40472758
0.0,0.37996763
0.0,0.012209088
0.0,0.004976779
0.0,0.012967497
0.0,0.011850327
1.0,0.99660295
0.0,0.045430124
0.0,0.34648794
1.0,0.99964
0.0,0.03955111
1.0,0.6117297
1.0,0.81823486
0.0,0.5301718
0.0,0.015350103
0.0,0.08182004
1.0,0.6037705
0.0,0.119146615
0.0,0.013699502
1.0,0.9622911
1.0,0.78569627
0.0,0.012956262
0.0,0.08507788
0.0,0.8247198
0.0,0.007146299
0.0,0.6391879
1.0,0.35112745
1.0,0.9752025
0.0,0.013039917
0.0,0.0016591251
0.0,0.6152843
0.0,0.2540757
1.0,0.901355
0.0,0.052048683
1.0,0.9988431
0.0,0.023257256
1.0,0.9990008
0.0,0.0045075715
1.0,0.9991334
1.0,0.79609334
0.0,0.024994045
0.0,0.10481855
0.0,0.010857701
0.0,0.028119117
1.0,0.3864622
1.0,0.014496505
1.0,0.41274533
1.0,0.5787953
1.0,0.8545219
0.0,0.006072879
1.0,0.9574693
1.0,0.84213924
0.0,0.04424098
0.0,0.010491073
0.0,0.022828579
1.0,0.88516366
1.0,0.99876505
0.0,0.99475163
0.0,0.03309384
1.0,0.9448097
0.0,0.0022470355
0.0,0.023277462
1.0,0.9991034
0.0,0.91620255
0.0,0.042058766
1.0,0.7707126
1.0,0.8894979
0.0,0.00748533
0.0,0.036080778
0.0,0.024628311
1.0,0.97884196
1.0,0.9980712
0.0,0.6995609
0.0,0.12671018
1.0,0.9961512
1.0,0.8816124
0.0,0.005046338
0.0,0.1204339
0.0,0.058080822
1.0,0.25204635
1.0,0.9549093
0.0,0.013913959
0.0,0.022239238
1.0,0.98396236
0.0,0.01727888
0.0,0.037153125
0.0,0.05048719
0.0,0.9927401
1.0,0.94795036
0.0,0.9375159
0.0,0.007525116
0.0,0.96904826
0.0,0.24969381
0.0,0.24800971
1.0,0.94752574
1.0,0.8991573
0.0,0.174124
1.0,0.99824643
0.0,0.25330487
1.0,0.9941226
1.0,0.113600224
1.0,0.953534
0.0,0.0054748654
0.0,0.88768214
0.0,0.026265442
1.0,0.9998071
0.0,0.025829941
1.0,0.99425495
0.0,0.06529501
0.0,0.0041879117
1.0,0.27225465
1.0,0.99690735
0.0,0.006085068
1.0,0.84577805
0.0,0.016488135
1.0,0.9919876
0.0,0.0028003454
1.0,0.84238553
1.0,0.4150384
0.0,0.04009533
0.0,0.028701574
0.0,0.02679044
0.0,0.004802346
0.0,0.006435007
0.0,0.97839564
0.0,0.19946873
0.0,0.02101934
0.0,0.9828832
0.0,0.014449626
1.0,0.9998536
0.0,0.44299108
0.0,0.67436445
1.0,0.9999158
0.0,0.028460026
1.0,0.9999475
0.0,0.009810388
1.0,0.99924904
0.0,0.008106798
0.0,0.049028873
1.0,0.99978465
0.0,0.062195122
0.0,0.009511739
0.0,0.024892986
1.0,0.99504197
1.0,0.64687306
0.0,0.02483046
1.0,0.95200545
1.0,0.4862868
1.0,0.9967749
0.0,0.87474513
1.0,0.3107636
1.0,0.9482894
0.0,0.3105857
1.0,0.402926
1.0,0.39590502
0.0,0.03544125
0.0,0.009634346
0.0,0.052996844
0.0,0.015305996
0.0,0.009269983
0.0,0.009718329
0.0,0.020223439
0.0,0.003362
1.0,0.9417043
0.0,0.3926574
0.0,0.021459907
0.0,0.02272579
0.0,0.03807935
1.0,0.8292136
0.0,0.0055146217
1.0,0.9452893
0.0,0.6805428
0.0,0.028143525
1.0,0.6109756
1.0,0.9590731
0.0,0.33701706
0.0,0.23653579
1.0,0.9963032
0.0,0.9846194
0.0,0.031198591
1.0,0.66170585
1.0,0.7049344
1.0,0.667616
1.0,0.99128985
0.0,0.048794925
0.0,0.01964128
1.0,0.41417736
0.0,0.011064619
0.0,0.010456234
1.0,0.9982613
1.0,0.8879564
1.0,0.9985867
0.0,0.012465745
1.0,0.43943372
1.0,0.9857857
1.0,0.98582995
0.0,0.012658268
0.0,0.011178255
1.0,0.36683935
0.0,0.008093864
0.0,0.9288746
0.0,0.039705426
1.0,0.98074996
0.0,0.016239345
0.0,0.17462406
0.0,0.010388881
0.0,0.9014247
0.0,0.18820205
0.0,0.007357359
0.0,0.96559227
1.0,0.9987862
0.0,0.2140902
1.0,0.9964609
0.0,0.0067109466
0.0,0.7922667
0.0,0.97960997
1.0,0.0032388568
0.0,0.8820731
0.0,0.025102258
0.0,0.011820793
0.0,0.43043703
0.0,0.08132702
1.0,0.996516
0.0,0.5089822
1.0,0.97807705
0.0,0.21881375
0.0,0.0496563
0.0,0.013142139
0.0,0.8466767
0.0,0.061500788
0.0,0.36759943
0.0,0.023077935
0.0,0.004652977
1.0,0.8156444
0.0,0.026216388
1.0,0.91602075
1.0,0.60128474
0.0,0.020163447
0.0,0.09808898
1.0,0.9922613
0.0,0.013378501
1.0,0.48584715
1.0,0.95871985
0.0,0.02821058
1.0,0.99699235
0.0,0.015800089
1.0,0.9936568
0.0,0.26203224
0.0,0.34654102
1.0,0.6326322
0.0,0.35867497
0.0,0.010773748
0.0,0.68395084
1.0,0.81464404
1.0,0.9951675
0.0,0.0037410557
0.0,0.53987056
1.0,0.7603177
0.0,0.971697
1.0,0.19107333
0.0,0.47737855
1.0,0.1198948
0.0,0.9481724
0.0,0.026769102
0.0,0.9235884
0.0,0.005362332
0.0,0.08086419
1.0,0.04550585
0.0,0.78140986
1.0,0.9314027
0.0,0.0069817007
1.0,0.33462232
0.0,0.012925178
0.0,0.008051217
0.0,0.019864023
0.0,0.016844839
0.0,0.1379666
0.0,0.35018623
0.0,0.20661116
0.0,0.1158759
1.0,0.9499521
0.0,0.011386722
0.0,0.05839652
1.0,0.6653711
1.0,0.65597737
0.0,0.028635174
0.0,0.024349123
1.0,0.75918704
0.0,0.19633496
1.0,0.2158795
1.0,0.9707483
1.0,0.6757612
1.0,0.8865001
0.0,0.019274563
0.0,0.01364851
1.0,0.91895795
0.0,0.2294066
1.0,0.99182963
1.0,0.9542062
1.0,0.9904527
0.0,0.23037675
0.0,0.0066288114
0.0,0.013842285
0.0,0.018312186
1.0,0.9442131
1.0,0.97331715
0.0,0.3478427
0.0,0.35069484
0.0,0.13602114
0.0,0.038533658
1.0,0.0989635
1.0,0.8988806
1.0,0.9791645
0.0,0.9808974
1.0,0.46148318
1.0,0.85289085
1.0,0.9321749
1.0,0.99319446
0.0,0.78263927
0.0,0.65218383
0.0,0.7030192
0.0,0.014104128
1.0,0.93191886
1.0,0.9998494
1.0,0.93988985
1.0,0.9856253
0.0,0.021640956
0.0,0.0071420968
0.0,0.17645451
0.0,0.4981714
1.0,0.968784
0.0,0.06550908
0.0,0.005892664
0.0,0.16399914
0.0,0.012487203
1.0,0.88917637
1.0,0.86846447
1.0,0.9863928
0.0,0.18215913
0.0,0.35283968
1.0,0.94515395
1.0,0.99985945
0.0,0.03714657
1.0,0.9714587
0.0,0.8268808
1.0,0.9994148
1.0,0.9983171
1.0,0.41765833
0.0,0.021156937
0.0,0.09526259
1.0,0.99982417
0.0,0.08763558
0.0,0.17508072
1.0,0.9976758
0.0,0.031410873
0.0,0.03284371
0.0,0.104002446
1.0,0.7598873
0.0,0.8200698
0.0,0.33127904
1.0,0.69951516
0.0,0.48900306
0.0,0.011610687
0.0,0.050936162
0.0,0.351662
1.0,0.9012077
0.0,0.93891174
0.0,0.020717442
0.0,0.0073136985
1.0,0.8023056
0.0,0.00951466
0.0,0.021651804
1.0,0.8098929
0.0,0.1571146
0.0,0.009284496
1.0,0.9997275
1.0,0.8646554
0.0,0.006151855
1.0,0.7012764
1.0,0.38448146
0.0,0.3668828
0.0,0.7885722
1.0,0.28681427
1.0,0.94197917
0.0,0.01222232
1.0,0.79096526
1.0,0.8506681
1.0,0.6080985
0.0,0.34981924
1.0,0.14190802
0.0,0.020636886
1.0,0.8372059
0.0,0.006525576
1.0,0.98541486
0.0,0.9715763
0.0,0.15440902
1.0,0.85894763
0.0,0.028942645
1.0,0.9700909
1.0,0.7369676
1.0,0.9902196
1.0,0.7155144
0.0,0.015010089
1.0,0.0030563772
0.0,0.31295395
0.0,0.008309603
0.0,0.011639625
0.0,0.08573809
1.0,0.9961837
0.0,0.015734643
0.0,0.47689843
0.0,0.4927008
0.0,0.41960382
1.0,0.9944579
0.0,0.23071602
0.0,0.002239138
0.0,0.020090073
0.0,0.6960695
1.0,0.82455385
0.0,0.017643183
1.0,0.8867613
1.0,0.9977741
0.0,0.9075428
0.0,0.022357225
0.0,0.0148047805
1.0,0.9947598
0.0,0.012635738
1.0,0.039693087
1.0,0.8715049
1.0,0.99823886
0.0,0.9567373
0.0,0.780987
0.0,0.015550196
0.0,0.9198561
0.0,0.014571577
0.0,0.021079391
0.0,0.5960223
1.0,0.92569304
0.0,0.18907902
1.0,0.98616403
0.0,0.42293197
1.0,0.74822515
1.0,0.9981876
1.0,0.90596783
1.0,0.9322189
0.0,0.88719255
0.0,0.9999023
0.0,0.27114928
1.0,0.79425025
1.0,0.99472094
0.0,0.014227629
1.0,0.48085162
1.0,0.97568494
1.0,0.99464965
1.0,0.58874166
0.0,0.93241155
0.0,0.051312774
1.0,0.96708214
0.0,0.018901706
0.0,0.055440456
1.0,0.9989264
0.0,0.004754901
0.0,0.8315505
0.0,0.24183166
0.0,0.022793561
0.0,0.08420125
1.0,0.9996325
0.0,0.027235448
0.0,0.3656928
1.0,0.7726579
0.0,0.056050956
1.0,0.986597
0.0,0.5114485
0.0,0.012207657
0.0,0.018802732
0.0,0.08255711
1.0,0.86773944
0.0,0.14521146
0.0,0.11571121
1.0,0.9738821
1.0,0.94018966
0.0,0.12761894
0.0,0.016480803
0.0,0.011665314
1.0,0.62090296
0.0,0.022261947
1.0,0.97852254
1.0,0.9375985
1.0,0.42714217
1.0,0.7134316
1.0,0.9932982
0.0,0.97911114
1.0,0.9565893
1.0,0.9979523
0.0,0.00665465
0.0,0.030808121
0.0,0.020149201
1.0,0.9672683
0.0,0.02256751
0.0,0.0052648783
0.0,0.1775701
1.0,0.9988581
0.0,0.069352925
1.0,0.9880801
0.0,0.42130655
0.0,0.82561123
0.0,0.0552648
0.0,0.07223156
0.0,0.009401381
1.0,0.43885428
1.0,0.9958006
0.0,0.03851986
0.0,0.06289145
1.0,0.94250333
0.0,0.009220451
1.0,0.99630857
0.0,0.04849252
0.0,0.018250763
0.0,0.02228415
1.0,0.99996495
1.0,0.79343843
0.0,0.015191138
0.0,0.12599763
1.0,0.9768952
0.0,0.03221315
0.0,0.012236297
1.0,0.96695197
1.0,0.9999269
1.0,0.99484277
0.0,0.036753446
1.0,0.95198584
1.0,0.7549238
0.0,0.21787962
0.0,0.017007798
0.0,0.008556753
0.0,0.02093473
0.0,0.005262792
0.0,0.09843388
1.0,0.9436376
1.0,0.81716776
0.0,0.05646944
0.0,0.0025215745
0.0,0.38941061
0.0,0.016549468
1.0,0.9832907
0.0,0.9394765
0.0,0.008738607
0.0,0.94569457
0.0,0.9328153
1.0,0.22147542
0.0,0.008522421
0.0,0.8039349
1.0,0.9894313
0.0,0.029928923
0.0,0.87824434
0.0,0.021531105
0.0,0.009585947
1.0,0.6484685
1.0,0.9405289
0.0,0.04968053
0.0,0.98744774
0.0,0.008663744
0.0,0.9988498
0.0,0.9957717
0.0,0.32117873
0.0,0.0015960336
0.0,0.09811509
1.0,0.08484939
0.0,0.02726239
1.0,0.23969597
0.0,0.82332766
0.0,0.0030047894
0.0,0.0784533
0.0,0.56559765
0.0,0.17747495
0.0,0.01705712
1.0,0.9962862
0.0,0.012245417
0.0,0.7358086
0.0,0.02706036
1.0,0.7999979
1.0,0.98218757
0.0,0.020524025
0.0,0.34407085
0.0,0.014993012
1.0,0.999819
1.0,0.9213259
1.0,0.9934747
0.0,0.0757736
1.0,0.999357
0.0,0.04115528
0.0,0.012403548
0.0,0.007522434
1.0,0.0021360517
0.0,0.0073781908
0.0,0.027335584
1.0,0.999614
1.0,0.1377106
0.0,0.025975108
1.0,0.9986466
0.0,0.033532888
1.0,0.9233149
0.0,0.14261752
1.0,0.9780595
0.0,0.9991834
0.0,0.44465008
1.0,0.8949077
0.0,0.010282308
0.0,0.05886036
0.0,0.011560798
0.0,0.029768318
0.0,0.07041013
0.0,0.010328472
1.0,0.80864596
1.0,0.77264565
0.0,0.11807907
0.0,0.021553308
0.0,0.016447812
0.0,0.74874276
1.0,0.99994063
0.0,0.014226705
0.0,0.3571576
0.0,0.9285909
0.0,0.4531735
0.0,0.0036944747
1.0,0.97270215
1.0,0.9893371
0.0,0.003753066
0.0,0.01129958
0.0,0.032663316
0.0,0.0105777085
1.0,0.8723085
0.0,0.9124685
0.0,0.033904403
0.0,0.014578909
1.0,0.85642993
0.0,0.013780713
0.0,0.23239768
1.0,0.99681866
0.0,0.017256588
0.0,0.04285851
1.0,0.54477876
1.0,0.88425946
1.0,0.9975532
0.0,0.008728266
0.0,0.008474499
0.0,0.26534182
0.0,0.009514809
1.0,0.9650916
0.0,0.1120165
1.0,0.22492763
0.0,0.0024517477
0.0,0.010661602
0.0,0.19199365
1.0,0.9931192
0.0,0.9679402
0.0,0.06395382
0.0,0.2929923
1.0,0.83426476
0.0,0.022448182
0.0,0.035184473
0.0,0.002942562
1.0,0.45479918
0.0,0.014099121
0.0,0.005482465
1.0,0.10354036
1.0,0.99918497
0.0,0.003851086
1.0,0.999496
1.0,0.99131036
1.0,0.98250294
1.0,0.96313417
0.0,0.011608541
1.0,0.96598434
0.0,0.9999931
1.0,0.056197762
0.0,0.023665726
1.0,0.73396313
0.0,0.19436547
1.0,0.30150878
1.0,0.99993634
1.0,0.71877563
0.0,0.009938806
0.0,0.7311476
0.0,0.85622895
0.0,0.020750701
0.0,0.0108808875
0.0,0.13499835
1.0,0.999681
1.0,0.99758005
1.0,0.8573811
0.0,0.016162068
0.0,0.008019567
0.0,0.14068559
0.0,0.40987974
1.0,0.058017552
0.0,0.049244136
0.0,0.020956516
0.0,0.016743839
0.0,0.8718051
1.0,0.94793725
0.0,0.92349243
0.0,0.91126245
0.0,0.4942984
1.0,0.3091374
0.0,0.030183136
0.0,0.36876068
1.0,0.8531244
0.0,0.76946986
1.0,0.7132809
0.0,0.02004239
0.0,0.40701187
0.0,0.013568848
0.0,0.0167
0.0,0.003733337
1.0,0.99552906
0.0,0.051224947
0.0,0.0140352845
1.0,0.9980993
1.0,0.9893096
0.0,0.30303675
1.0,0.0069827437
0.0,0.4101854
0.0,0.042676985
1.0,0.9959893
0.0,0.008928329
0.0,0.04359168
0.0,0.029066473
0.0,0.02778858
1.0,0.99781585
1.0,0.9938797
1.0,0.92346776
1.0,0.99949
0.0,0.035496414
0.0,0.03148991
0.0,0.19817942
1.0,0.9720949
0.0,0.03578767
0.0,0.013952285
1.0,0.99176604
1.0,0.96279013
1.0,0.9898894
0.0,0.015529305
0.0,0.21118546
0.0,0.44098532
1.0,0.99994504
1.0,0.9934453
1.0,0.9865618
0.0,0.29532337
0.0,0.0010760427
0.0,0.005786091
1.0,0.97653425
1.0,0.14250413
0.0,0.54555434
1.0,0.8913233
1.0,0.79730695
1.0,0.99425447
1.0,0.3386659
0.0,0.03195983
0.0,0.02044022
1.0,0.507183
1.0,0.91316426
0.0,0.01409924
0.0,0.038848728
0.0,0.008577108
0.0,0.025987297
0.0,0.035954863
0.0,0.76792455
0.0,0.011932641
0.0,0.04271871
1.0,0.9362445
1.0,0.8994263
0.0,0.7420725
1.0,0.9948039
0.0,0.0024090707
1.0,0.94538903
0.0,0.24983743
1.0,0.99957067
0.0,0.0073082447
0.0,0.007907391
0.0,0.013738185
0.0,0.6469958
1.0,0.2254624
1.0,0.9345417
0.0,0.011725694
0.0,0.3303027
1.0,0.11406416
0.0,0.017640531
1.0,0.99571943
1.0,0.913569
0.0,0.006914377
0.0,0.13455203
0.0,0.37326247
0.0,0.99940157
0.0,0.93098575
0.0,0.011220932
0.0,0.8122549
0.0,0.030810356
1.0,0.9901266
1.0,0.9991685
1.0,0.9918008
1.0,0.98013544
0.0,0.012968689
0.0,0.8785208
1.0,0.97007227
0.0,0.96391946
0.0,0.036766022
0.0,0.11483854
1.0,0.035862297
1.0,0.8427721
0.0,0.027779758
1.0,0.99233925
1.0,0.989611
0.0,0.0008805394
0.0,0.015301347
1.0,0.98865104
0.0,0.008294761
0.0,0.85428154
0.0,0.0048081875
0.0,0.087525904
1.0,0.092837006
0.0,0.015748471
0.0,0.016708642
0.0,0.44599688
1.0,0.19177702
0.0,0.0049770176
0.0,0.2172049
1.0,0.99773383
0.0,0.009882867
0.0,0.23858571
0.0,0.99851716
1.0,0.9985223
1.0,0.6059096
1.0,0.8037694
0.0,0.41472635
0.0,0.6608097
1.0,0.3654123
0.0,0.010045975
0.0,0.0074871182
0.0,0.71649474
0.0,0.016574353
1.0,0.35880464
0.0,0.11144385
0.0,0.7496496
1.0,0.94326496
0.0,0.099234045
0.0,0.021381915
0.0,0.37817952
0.0,0.24291247
1.0,0.90160024
1.0,0.9975596
0.0,0.92052484
1.0,0.890412
0.0,0.02347973
0.0,0.026280701
0.0,0.010261238
1.0,0.5602526
0.0,0.013336152
0.0,0.0329448
1.0,0.8967035
1.0,0.9694804
1.0,0.97354114
0.0,0.807803
1.0,0.86760354
1.0,0.9899734
0.0,0.00044974685
0.0,0.9966945
0.0,0.9922339
1.0,0.788198
0.0,0.040964693
0.0,0.2641387
0.0,0.016223103
0.0,0.04172772
0.0,0.009645939
0.0,0.09087163
0.0,0.53804314
0.0,0.9926254
0.0,0.8683156
1.0,0.8594861
1.0,0.9268192
1.0,0.8315706
0.0,0.014082521
1.0,0.9994943
0.0,0.12323299
0.0,0.028601378
1.0,0.9959539
0.0,0.16987163
0.0,0.010426223
0.0,0.606173
0.0,0.023542672
0.0,0.5560892
0.0,0.90935004
0.0,0.038668215
1.0,0.953024
0.0,0.008357525
0.0,0.0072676837
0.0,0.014802635
1.0,0.9990486
1.0,0.94924676
0.0,0.85893416
1.0,0.6258229
0.0,0.0063655376
1.0,0.3448953
0.0,0.022998422
0.0,0.0064471364
1.0,0.017988026
0.0,0.0099796355
0.0,0.010780424
1.0,0.8890505
0.0,0.049531877
1.0,0.0067222416
0.0,0.62436855
0.0,0.01340434
1.0,0.9376553
0.0,0.0114733875
0.0,0.29031324
0.0,0.9581815
0.0,0.011422187
0.0,0.0074779093
1.0,0.9968562
0.0,0.009059519
0.0,0.0661796
0.0,0.023912638
1.0,0.9237348
0.0,0.99797994
0.0,0.09280959
1.0,0.6510203
0.0,0.002533704
0.0,0.014501631
0.0,0.0065148175
0.0,0.26259577
1.0,0.9483653
0.0,0.019281387
0.0,0.0011404157
0.0,0.0073694885
0.0,0.012253493
0.0,0.893023
1.0,0.98115635
1.0,0.91372
0.0,0.013055146
1.0,0.9849677
0.0,0.026877731
0.0,0.0042277277
0.0,0.021769553
0.0,0.31589538
1.0,0.99944615
0.0,0.028176725
0.0,0.033191264
0.0,0.6787293
0.0,0.08054572
0.0,0.33303303
0.0,0.004225105
0.0,0.00761652
0.0,0.010865033
0.0,0.010759145
0.0,0.9911042
1.0,0.3508526
0.0,0.11190462
0.0,0.05861494
0.0,0.02905038
1.0,0.99937046
0.0,0.30137783
1.0,0.9445329
0.0,0.04336509
0.0,0.2424536
0.0,0.37685347
1.0,0.9918171
1.0,0.9989649
1.0,0.9130332
1.0,0.8819046
0.0,0.34409627
0.0,0.006119579
1.0,0.99800456
1.0,0.98390555
0.0,0.0132166445
0.0,0.048241764
0.0,0.979191
1.0,0.9957912
0.0,0.015749931
0.0,0.017087966
0.0,0.04352802
0.0,0.015206695
1.0,0.52459645
1.0,0.9885578
0.0,0.0009164512
1.0,0.94749224
0.0,0.047563225
0.0,0.039589673
0.0,0.00785175
0.0,0.047436565
0.0,0.01187247
1.0,0.9915452
0.0,0.0071193874
0.0,0.4732066
0.0,0.92785084
0.0,0.07264671
0.0,0.9022373
1.0,0.9996065
0.0,0.019054532
0.0,0.008571297
1.0,0.9623877
0.0,0.89460826
0.0,0.016099155
1.0,0.9994228
1.0,0.78215694
0.0,0.10742581
1.0,0.93642783
0.0,0.32287836
1.0,0.9363649
1.0,0.99998343
0.0,0.63861215
1.0,0.99299395
0.0,0.043971807
0.0,0.032582134
0.0,0.5881514
0.0,0.6721128
0.0,0.017477095
0.0,0.01649338
0.0,0.8879169
1.0,0.99427843
0.0,0.17833954
0.0,0.24669951
0.0,0.462771
0.0,0.24797025
1.0,0.9686953
0.0,0.023385882
0.0,0.3270225
0.0,0.017544627
0.0,0.08273134
0.0,0.012541592
0.0,0.9946693
1.0,0.24360973
0.0,0.2553537
1.0,0.9310347
0.0,0.017618299
1.0,0.5830705
0.0,0.06314206
0.0,0.18326455
0.0,0.01695627
0.0,0.85400283
0.0,0.2885781
0.0,0.20902738
0.0,0.363124
0.0,0.026802212
0.0,0.9638641
0.0,0.98645806
1.0,0.9819591
0.0,0.097590834
0.0,0.025791734
1.0,0.99986696
0.0,0.020913303
0.0,0.010939747
0.0,0.0010005832
1.0,0.9664757
1.0,0.93708706
1.0,0.85333955
1.0,0.99927664
0.0,0.117743045
1.0,0.7702123
0.0,0.51323086
1.0,0.87047344
0.0,0.024595857
0.0,0.99858385
0.0,0.050340533
0.0,0.0017776191
0.0,0.018146276
1.0,0.9954456
1.0,0.20323771
0.0,0.9975569
1.0,0.8894207
0.0,0.009747893
1.0,0.99929094
0.0,0.010314792
0.0,0.014436811
0.0,0.9998385
0.0,0.7282399
0.0,0.041903347
0.0,0.009200394
1.0,0.9998144
0.0,0.0055096745
1.0,0.9996787
1.0,0.9648545
1.0,0.9949779
0.0,0.0021535456
0.0,0.9999534
0.0,0.015137792
0.0,0.048565328
0.0,0.54201174
1.0,0.95533574
0.0,0.34129244
0.0,0.067411155
0.0,0.1450069
0.0,0.007733792
0.0,0.011326283
0.0,0.09123558
0.0,0.94492304
0.0,0.0058686733
0.0,0.052155256
1.0,0.99984753
0.0,0.245163
0.0,0.009208769
0.0,0.009843856
0.0,0.0070004463
1.0,0.9042045
0.0,0.6165197
1.0,0.99373233
0.0,0.85152435
1.0,0.9985212
1.0,0.9852444
0.0,0.010255247
0.0,0.39514202
0.0,0.022987485
0.0,0.48337153
0.0,0.0076849163
0.0,0.67734426
1.0,0.99942446
0.0,0.021903723
1.0,0.39210802
0.0,0.30775484
0.0,0.0011695921
0.0,0.04271972
1.0,0.99831724
0.0,0.0034844577
1.0,0.9999697
0.0,0.017826885
0.0,0.04052949
0.0,0.8797233
0.0,0.7262662
0.0,0.3859355
0.0,0.026720345
1.0,0.8182857
1.0,0.9808488
0.0,0.24911466
0.0,0.024778932
0.0,0.043190002
1.0,0.9102386
0.0,0.02955982
1.0,0.39268792
0.0,0.2729258
1.0,0.93488693
1.0,0.99063677
0.0,0.019045621
0.0,0.007689029
0.0,0.02463913
1.0,0.91487813
0.0,0.33493704
0.0,0.9852035
1.0,0.9984081
1.0,0.95336485
0.0,0.15124997
0.0,0.021459132
1.0,0.99484265
0.0,0.035820752
0.0,0.038222313
0.0,0.020683587
1.0,0.92103016
0.0,0.027932554
0.0,0.059313804
1.0,0.9925915
1.0,0.7429718
0.0,0.2108295
0.0,0.016126394
0.0,0.00815478
1.0,0.9895952
1.0,0.99816597
1.0,0.9537411
0.0,0.017854959
0.0,0.016510338
0.0,0.030723453
0.0,0.0069350004
1.0,0.9483266
0.0,0.02589804
0.0,0.8063148
0.0,0.05678165
0.0,0.73650265
0.0,0.47014165
0.0,0.011978537
0.0,0.3643862
0.0,0.037492365
0.0,0.010818213
1.0,0.62022686
1.0,0.9600338
0.0,0.40863726
0.0,0.76665246
1.0,0.06448358
0.0,0.0022454858
1.0,0.9683635
0.0,0.024095833
0.0,0.018279195
1.0,0.99868345
1.0,0.9988034
0.0,0.9389097
0.0,0.28985438
1.0,0.43901634
0.0,0.05387339
0.0,0.096729815
0.0,0.99974346
0.0,0.019075662
1.0,0.9545638
1.0,0.4793875
0.0,0.36807102
0.0,0.0056875944
0.0,0.12512344
1.0,0.9819445
0.0,0.039701313
1.0,0.10918108
0.0,0.15231133
1.0,0.7526406
1.0,0.9147661
0.0,0.8829832
1.0,0.15689778
0.0,0.75632536
0.0,0.0044947565
1.0,0.99959147
1.0,0.36201364
0.0,0.015515059
0.0,0.49003932
0.0,0.75893027
0.0,0.7629044
1.0,0.99661654
0.0,0.061939567
0.0,0.20757818
0.0,0.018108547
1.0,0.96291906
0.0,0.015754938
0.0,0.9799633
1.0,0.9606173
0.0,0.011555821
0.0,0.94102097
0.0,0.042094648
1.0,0.29497504
0.0,0.538291
1.0,0.9938854
0.0,0.015107602
1.0,0.49734935
1.0,0.48068056
1.0,0.99658906
1.0,0.87794685
0.0,0.0017883778
1.0,0.9548793
0.0,0.020250142
1.0,0.99962926
1.0,0.96917605
0.0,0.52628696
1.0,0.9833
0.0,0.008496642
1.0,0.84833455
1.0,0.5146817
0.0,0.022289157
0.0,0.9896601
1.0,0.99997604
1.0,0.30607364
0.0,0.15251553
0.0,0.23749673
0.0,0.0010859668
0.0,0.024296224
0.0,0.4980168
1.0,0.9465196
1.0,0.9588438
1.0,0.36893034
1.0,0.68252677
1.0,0.9999212
1.0,0.9985609
0.0,0.36083823
1.0,0.9836963
0.0,0.015392393
0.0,0.024297476
0.0,0.08709821
1.0,0.1527442
1.0,0.79484713
0.0,0.07500404
0.0,0.011829197
0.0,0.9758417
1.0,0.9170294
1.0,0.4030875
1.0,0.97120965
0.0,0.006715834
0.0,0.99828064
0.0,0.04807636
0.0,0.33510542
0.0,0.024418682
0.0,0.013260514
1.0,0.9996363
1.0,0.9710291
0.0,0.099562824
0.0,0.026116133
0.0,0.7542268
0.0,0.55463606
0.0,0.96758455
0.0,0.4886905
0.0,0.8188549
1.0,0.61585593
0.0,0.045309395
1.0,0.889383
0.0,0.009829462
0.0,0.97212964
0.0,0.1286237
0.0,0.9148196
1.0,0.9948624
1.0,0.8729074
1.0,0.9796529
1.0,0.9142264
0.0,0.01002121
0.0,0.6954627
1.0,0.72797525
1.0,0.8680622
0.0,0.21311402
0.0,0.031220675
0.0,0.062855065
1.0,0.6508128
0.0,0.012243032
1.0,0.051431656
0.0,0.014677227
0.0,0.078534424
0.0,0.012785196
0.0,0.047349006
0.0,0.57394123
0.0,0.01038146
0.0,0.15485075
1.0,0.99384487
0.0,0.016785473
0.0,0.5874536
0.0,0.031885475
1.0,0.7024662
0.0,0.084204674
1.0,0.9992392
0.0,0.0032488108
0.0,0.018519938
0.0,0.005446881
0.0,0.5593444
0.0,0.008456409
0.0,0.006088525
1.0,0.9883443
0.0,0.32003975
1.0,0.9185722
1.0,0.99462026
0.0,0.018150657
0.0,0.07380539
1.0,0.9908745
1.0,0.99992657
0.0,0.10581803
0.0,0.3609795
0.0,0.03499204
0.0,0.7273719
0.0,0.013604343
1.0,0.96900725
0.0,0.014028758
1.0,0.9251184
1.0,0.7624347
0.0,0.9519728
0.0,0.4459363
0.0,0.017370284
0.0,0.02334854
0.0,0.47180507
0.0,0.009140015
0.0,0.005810201
0.0,0.94502413
1.0,0.8827923
1.0,0.91735595
0.0,0.21735355
0.0,0.013540864
0.0,0.8017657
1.0,0.94042295
0.0,0.00998354
0.0,0.043418914
1.0,0.19409624
1.0,0.9984149
0.0,0.49266294
0.0,0.082472116
0.0,0.048048407
1.0,0.9864731
0.0,0.04968652
1.0,0.9993417
1.0,0.78430474
0.0,0.015651166
0.0,0.033178747
0.0,0.07638624
1.0,0.8929362
0.0,0.35176605
1.0,0.8686595
0.0,0.013982177
1.0,0.8503487
0.0,0.091299385
0.0,0.012653381
0.0,0.0126491785
1.0,0.99992114
0.0,0.9892881
1.0,0.9999504
1.0,0.8871834
0.0,0.004463494
1.0,0.07278606
0.0,0.140149
1.0,0.3494088
0.0,0.0016117394
1.0,0.9927944
0.0,0.0076656938
1.0,0.9428623
1.0,0.98918545
1.0,0.9999159
0.0,0.00633958
1.0,0.999876
1.0,0.9158746
0.0,0.009078771
1.0,0.9934169
1.0,0.56445295
1.0,0.32416028
0.0,0.6923617
0.0,0.015474563
0.0,0.99176204
0.0,0.060350224
