0.0,0.8458609
0.0,0.86189795
1.0,0.15880093
0.0,0.03682658
1.0,0.47356057
0.0,0.03018412
1.0,0.9817511
1.0,0.8842064
1.0,0.9126679
0.0,0.008217961
0.0,0.15213689
1.0,0.99032927
0.0,0.0020010173
0.0,0.22127438
0.0,0.039368093
0.0,0.0099264085
1.0,0.7045064
0.0,0.012812972
0.0,0.016431272
1.0,0.44184414
1.0,0.564473
0.0,0.0004543364
1.0,0.96628505
0.0,0.03188315
0.0,0.023602217
1.0,0.61680204
0.0,0.11481404
1.0,0.96525633
0.0,0.03234777
1.0,0.7600146
0.0,0.008364618
0.0,0.3338014
1.0,0.99358594
1.0,0.99918413
1.0,0.9752093
1.0,0.95530146
1.0,0.68500113
0.0,0.008295298
1.0,0.9052962
1.0,0.012868196
1.0,0.99016184
1.0,0.9946263
0.0,0.011172801
1.0,0.9475032
1.0,0.8877109
0.0,0.016598552
0.0,0.0030711591
0.0,0.14971888
0.0,0.013571322
1.0,0.9802333
0.0,0.20902485
1.0,0.9450991
1.0,0.9978604
1.0,0.7741546
0.0,0.025213718
0.0,0.008678317
0.0,0.055013835
1.0,0.046220392
1.0,0.96727484
1.0,0.70796144
1.0,0.99882805
0.0,0.25384265
1.0,0.9964788
1.0,0.93801725
1.0,0.98740256
0.0,0.093034744
0.0,0.07574892
1.0,0.9849454
0.0,0.024373084
1.0,0.78191435
0.0,0.27414104
1.0,0.93163204
0.0,0.0013562739
0.0,0.040962756
1.0,0.72936165
0.0,0.23328608
0.0,0.0072771907
0.0,0.25623846
0.0,0.0007920265
1.0,0.958968
0.0,0.010755926
1.0,0.9991442
1.0,0.99147856
1.0,0.99996555
1.0,0.99845266
1.0,0.85461515
1.0,0.9813115
0.0,0.47667783
0.0,0.01572308
1.0,0.7531282
0.0,0.0092868805
1.0,0.45886928
0.0,0.00525409
0.0,0.75796986
0.0,0.065571696
1.0,0.9921215
0.0,0.012136847
0.0,0.014790267
1.0,0.74057394
1.0,0.99901223
0.0,0.0036057532
0.0,0.021274209
1.0,0.0127616525
0.0,0.122205734
0.0,0.15510821
1.0,0.96230197
1.0,0.014686048
0.0,0.023803532
1.0,0.0069808066
1.0,0.99657327
1.0,0.98028076
0.0,0.08599278
1.0,0.03532216
0.0,0.077267736
0.0,0.016468525
1.0,0.6437383
0.0,0.016584158
1.0,0.9380961
1.0,0.15533763
1.0,0.99812365
0.0,0.48404577
1.0,0.99521834
0.0,0.8339977
0.0,0.007817447
0.0,0.31510675
1.0,0.41789964
0.0,0.0056624413
0.0,0.29326504
1.0,0.97953457
1.0,0.84144914
1.0,0.99434966
0.0,0.100871176
0.0,0.014452219
1.0,0.5008522
1.0,0.999598
0.0,0.79240537
0.0,0.004511267
0.0,0.04212886
0.0,0.03696829
0.0,0.03492263
1.0,0.9710934
0.0,0.32409054
1.0,0.10965711
0.0,0.023332298
0.0,0.011347264
0.0,0.005759418
1.0,0.24374294
0.0,0.011160582
0.0,0.008400291
0.0,0.019815207
0.0,0.123803616
0.0,0.007339567
0.0,0.019277096
0.0,0.986542
0.0,0.37829196
1.0,0.9726373
0.0,0.004237354
0.0,0.012649357
1.0,0.99954534
0.0,0.02709049
0.0,0.73721826
0.0,0.14852628
0.0,0.014977902
0.0,0.14671901
1.0,0.99915123
0.0,0.17203474
1.0,0.8785936
0.0,0.017108977
0.0,0.00578171
1.0,0.82876766
0.0,0.9422394
0.0,0.998497
0.0,0.8356582
0.0,0.0012869537
1.0,0.6980789
1.0,0.9839816
0.0,0.04310429
1.0,0.87740064
0.0,0.53798014
1.0,0.9919436
1.0,0.91595906
1.0,0.9048046
1.0,0.98612493
1.0,0.9878622
0.0,0.83351064
0.0,0.0021357834
0.0,0.012438238
0.0,0.992659
0.0,0.033739
0.0,0.010859996
1.0,0.04868883
0.0,0.0032705963
0.0,0.9417084
1.0,0.96475494
1.0,0.6841581
1.0,0.99890083
0.0,0.017109454
0.0,0.095816046
0.0,0.012817711
1.0,0.031794995
0.0,0.69367254
0.0,0.31586003
0.0,0.8407303
0.0,0.11617008
0.0,0.10756162
1.0,0.18703988
0.0,0.0068457723
1.0,0.056163967
0.0,0.002265662
0.0,0.24467692
0.0,0.009224147
1.0,0.9814153
0.0,0.20005909
0.0,0.08744267
0.0,0.00635311
0.0,0.005848974
0.0,0.9491277
0.0,0.056499958
1.0,0.99673486
0.0,0.008887768
0.0,0.010220468
1.0,0.8839112
1.0,0.9990775
0.0,0.17188302
0.0,0.008229643
0.0,0.007003665
0.0,0.12524271
0.0,0.011092752
0.0,0.120737225
1.0,0.9982053
0.0,0.043361694
1.0,0.51079017
0.0,0.0069355667
1.0,0.9853827
1.0,0.8291185
0.0,0.018799216
0.0,0.030769378
0.0,0.017600685
1.0,0.9271577
1.0,0.6090588
1.0,0.98776865
1.0,0.6393064
0.0,0.008610696
0.0,0.9509009
1.0,0.9875092
0.0,0.2869643
0.0,0.010816991
0.0,0.016986042
0.0,0.09306911
0.0,0.01352632
0.0,0.0068365335
0.0,0.038419127
1.0,0.96089154
0.0,0.01919061
0.0,0.099698305
0.0,0.0010824502
1.0,0.785874
1.0,0.9703013
0.0,0.052590102
0.0,0.07328546
0.0,0.019113213
1.0,0.9979869
0.0,0.019181788
0.0,0.007225603
0.0,0.009925783
0.0,0.004983276
1.0,0.99798393
1.0,0.9997533
1.0,0.9991928
0.0,0.024573356
1.0,0.9315585
0.0,0.02625069
0.0,0.013240159
0.0,0.08826867
1.0,0.9939829
1.0,0.53172797
0.0,0.007643223
0.0,0.021126539
1.0,0.9000987
1.0,0.52563715
0.0,0.021115333
1.0,0.68005437
1.0,0.9936226
0.0,0.7215688
0.0,0.19747433
0.0,0.014033765
0.0,0.015622705
0.0,0.102101386
0.0,0.014616251
1.0,0.9982053
0.0,0.0051089823
0.0,0.013679177
1.0,0.99957967
0.0,0.0074950755
1.0,0.99758554
1.0,0.011635244
1.0,0.94204336
1.0,0.64743364
1.0,0.9137374
0.0,0.0132962465
1.0,0.94639766
0.0,0.93110424
1.0,0.9994334
0.0,0.80885106
0.0,0.59768623
0.0,0.026743889
0.0,0.044464707
0.0,0.12922642
1.0,0.98726
0.0,0.98259556
1.0,0.60451365
0.0,0.90334916
1.0,0.7108496
1.0,0.99944866
0.0,0.015581012
0.0,0.004060447
0.0,0.0063417554
1.0,0.9702025
1.0,0.24327174
0.0,0.0025044978
0.0,0.0035263002
0.0,0.008164257
0.0,0.010941684
1.0,0.9909867
1.0,0.7592774
0.0,0.015684187
0.0,0.35338476
1.0,0.9347254
1.0,0.99088347
1.0,0.9201523
0.0,0.014819354
0.0,0.36872897
0.0,0.0071435273
0.0,0.7070862
1.0,0.993979
1.0,0.8497555
0.0,0.03620228
0.0,0.05519831
0.0,0.007252723
0.0,0.4897629
0.0,0.0024061203
0.0,0.123096675
1.0,0.6068207
0.0,0.0988574
0.0,0.012316018
0.0,0.09669569
0.0,0.94203204
0.0,0.9166746
0.0,0.045939595
0.0,0.005098045
1.0,0.22791222
0.0,0.018400699
1.0,0.9431709
0.0,0.006263405
0.0,0.14267087
0.0,0.041401744
0.0,0.0024071336
0.0,0.9934877
1.0,0.15543833
1.0,0.9612303
0.0,0.73173046
1.0,0.66967183
0.0,0.0068003237
0.0,0.14619884
0.0,0.16330534
0.0,0.92781866
0.0,0.008304775
0.0,0.00012671947
1.0,0.35757968
0.0,0.009229243
1.0,0.99812436
0.0,0.072955996
1.0,0.44302028
0.0,0.1394293
1.0,0.10331896
1.0,0.99801576
1.0,0.99179935
0.0,0.006238222
0.0,0.033153594
1.0,0.99299
0.0,0.019449413
0.0,0.03107661
1.0,0.017358333
1.0,0.9980341
0.0,0.14002815
1.0,0.9587769
1.0,0.9993494
0.0,0.87995493
0.0,0.017297894
0.0,0.28046393
0.0,0.011813521
0.0,0.007821232
0.0,0.035993606
1.0,0.9856932
0.0,0.66324353
1.0,0.7833728
1.0,0.11219147
0.0,0.016634643
0.0,0.15608451
0.0,0.7257849
1.0,0.9986473
1.0,0.99699545
1.0,0.30450177
0.0,0.07398966
1.0,0.98818564
1.0,0.9109665
0.0,0.00097072124
0.0,0.22265837
0.0,0.82528657
0.0,0.8611445
1.0,0.99504507
0.0,0.016563296
1.0,0.23264298
0.0,0.8327633
0.0,0.018677175
0.0,0.0313358
0.0,0.0077678263
0.0,0.00528121
0.0,0.007312149
0.0,0.011046201
0.0,0.019961685
0.0,0.015313655
0.0,0.2517619
0.0,0.06807253
0.0,0.007122129
0.0,0.74727607
0.0,0.0074014664
1.0,0.5856152
0.0,0.030504525
1.0,0.9985161
0.0,0.006475389
0.0,0.0021481514
0.0,0.010938019
0.0,0.935815
0.0,0.91592085
0.0,0.02764529
0.0,0.0730727
0.0,0.0016483366
0.0,0.0047036707
0.0,0.026863307
0.0,0.7325971
1.0,0.9499806
0.0,0.0133113265
0.0,0.002682507
0.0,0.51226366
0.0,0.07282081
1.0,0.29915738
0.0,0.7656211
1.0,0.41550735
0.0,0.0071444213
0.0,0.08960077
1.0,0.99902284
0.0,0.94350404
1.0,0.8333596
1.0,0.96872514
1.0,0.9730069
1.0,0.9861159
0.0,0.009145081
1.0,0.9400289
0.0,0.0070230365
0.0,0.0071268976
0.0,0.19407958
1.0,0.99980307
0.0,0.0060763955
0.0,0.005067557
1.0,0.7288286
1.0,0.9999857
0.0,0.147165
0.0,0.0046197474
1.0,0.96489376
0.0,0.52627397
1.0,0.81504065
0.0,0.5397173
0.0,0.086992234
1.0,0.8175503
0.0,0.81798816
0.0,0.0016548634
1.0,0.29512897
0.0,0.111739695
1.0,0.9997959
0.0,0.006485045
1.0,0.39889783
1.0,0.6917438
1.0,0.60619384
1.0,0.999256
0.0,0.12129986
0.0,0.01613164
1.0,0.9059888
0.0,0.0072161555
0.0,0.85111034
1.0,0.78733236
1.0,0.77126205
1.0,0.98059714
0.0,0.041541576
1.0,0.99581695
1.0,0.9039286
0.0,0.3263801
1.0,0.99936825
0.0,0.5675043
1.0,0.6121624
1.0,0.90467405
0.0,0.610417
0.0,0.25175285
1.0,0.14815679
0.0,0.1665672
1.0,0.9656311
0.0,0.9284172
0.0,0.010849804
0.0,0.25235188
1.0,0.99963725
0.0,0.008485198
0.0,0.005497098
0.0,0.44187114
1.0,0.7203089
0.0,0.01507023
0.0,0.00630033
0.0,0.3088417
0.0,0.7343193
1.0,0.97237635
1.0,0.9081321
0.0,0.08970493
0.0,0.94666016
0.0,0.22321373
0.0,0.2138359
0.0,0.0045042634
1.0,0.89207983
0.0,0.038135022
1.0,0.9861696
0.0,0.6649546
0.0,0.43484095
1.0,0.88634276
0.0,0.015281856
0.0,0.23088261
0.0,0.008595884
0.0,0.013435751
0.0,0.050543368
0.0,0.004349023
0.0,0.009828389
0.0,0.026712328
1.0,0.849218
1.0,0.99907863
0.0,0.0028996766
0.0,0.014606565
1.0,0.99726427
0.0,0.0072707534
1.0,0.92828655
0.0,0.29889774
0.0,0.00045272708
1.0,0.9348644
0.0,0.1285435
1.0,0.7231509
0.0,0.4651354
1.0,0.7339734
0.0,0.012472749
0.0,0.013195008
0.0,0.31723693
1.0,0.99667823
0.0,0.001770258
0.0,0.05999437
0.0,0.005735457
0.0,0.943697
1.0,0.6142633
0.0,0.0076578856
0.0,0.0066629946
1.0,0.9967339
1.0,0.022759914
0.0,0.10293308
1.0,0.8762296
0.0,0.022117585
0.0,0.3325194
1.0,0.9777832
1.0,0.999678
0.0,0.043533742
1.0,0.9888046
1.0,0.99418724
0.0,0.009808302
0.0,0.08341238
0.0,0.046686113
1.0,0.025487095
0.0,0.0015314817
0.0,0.009678751
0.0,0.013834804
1.0,0.99944544
1.0,0.96198285
0.0,0.01615107
1.0,0.6348603
1.0,0.0052927136
0.0,0.24348503
1.0,0.9738346
0.0,0.05516994
1.0,0.73002136
0.0,0.079457015
1.0,0.9955168
0.0,0.006713599
0.0,0.008916229
1.0,0.6515833
0.0,0.006948918
1.0,0.9360236
0.0,0.04819584
0.0,0.018391222
0.0,0.006570846
1.0,0.91364735
0.0,0.151678
1.0,0.6809509
0.0,0.012980014
1.0,0.9374704
1.0,0.8637434
0.0,0.0072388053
1.0,0.99752545
1.0,0.9953854
1.0,0.8124183
1.0,0.8891424
0.0,0.01155749
0.0,0.012367725
0.0,0.90573674
1.0,0.99032784
1.0,0.60584503
0.0,0.009658337
0.0,0.0115146935
0.0,0.6735027
1.0,0.9015381
0.0,0.7150602
1.0,0.014384806
1.0,0.9432868
0.0,0.023589343
0.0,0.0326488
1.0,0.9964832
0.0,0.7461378
1.0,0.9967127
0.0,0.4544789
0.0,0.020000994
0.0,0.028428763
1.0,0.39082104
0.0,0.17089045
1.0,0.9997208
0.0,0.00900352
1.0,0.6984808
0.0,0.56381404
0.0,0.09059447
1.0,0.016682684
1.0,0.30910265
1.0,0.8004325
1.0,0.97862244
0.0,0.026816577
0.0,0.024848312
0.0,0.9216976
0.0,0.0038335621
1.0,0.9961216
1.0,0.47953343
0.0,0.001057297
0.0,0.011121362
0.0,0.011698306
1.0,0.55635303
0.0,0.007229656
0.0,0.020941705
0.0,0.016121417
0.0,0.5116645
0.0,0.10121438
0.0,0.30232638
1.0,0.7543201
0.0,0.8694416
1.0,0.079897165
0.0,0.06095171
0.0,0.24470297
1.0,0.6318072
1.0,0.943884
1.0,0.9591963
0.0,0.05535084
0.0,0.09240028
1.0,0.77485204
0.0,0.005679637
0.0,0.010158569
0.0,0.01404053
1.0,0.9269558
0.0,0.01250869
0.0,0.11768499
1.0,0.9990242
0.0,0.3571054
1.0,0.9994167
1.0,0.9776099
1.0,0.99404186
0.0,0.013650417
1.0,0.9951809
1.0,0.88577676
0.0,0.06765893
1.0,0.17353293
0.0,0.04064226
0.0,0.15768406
0.0,0.20890427
0.0,0.0039287806
1.0,0.96374965
1.0,0.8611373
1.0,0.99984956
1.0,0.9925201
1.0,0.9944647
0.0,0.37940043
0.0,0.9810176
1.0,0.98930293
0.0,0.014050901
1.0,0.45839998
1.0,0.9996037
0.0,0.23822919
1.0,0.21991113
1.0,0.2443029
0.0,0.0062966347
0.0,0.015748203
0.0,0.021006674
0.0,0.010011017
1.0,0.8292353
1.0,0.98990357
0.0,0.008538276
0.0,0.016493738
1.0,0.041685253
1.0,0.90499914
1.0,0.32878911
0.0,0.029334515
1.0,0.681794
1.0,0.37269056
0.0,0.023845464
0.0,0.36288333
1.0,0.9872856
1.0,0.99865746
0.0,0.23361412
1.0,0.9221267
0.0,0.01694554
0.0,0.28390136
1.0,0.977474
0.0,0.77452695
1.0,0.9986667
0.0,0.40166152
0.0,0.19607854
0.0,0.029722631
1.0,0.9727074
1.0,0.4835129
0.0,0.0018275976
0.0,0.009358317
1.0,0.81040686
0.0,0.008048028
1.0,0.9990636
1.0,0.98189044
1.0,0.8823579
0.0,0.049589485
0.0,0.982129
0.0,0.42314315
0.0,0.016968668
0.0,0.00081917644
1.0,0.9984369
0.0,0.60917497
0.0,0.005524993
1.0,0.96998405
0.0,0.032814473
1.0,0.17686269
1.0,0.8359575
0.0,0.0151616335
0.0,0.10723403
0.0,0.75460356
0.0,0.0050589144
0.0,0.0050676167
0.0,0.0047186613
0.0,0.007954448
0.0,0.90387726
1.0,0.6046442
1.0,0.95584595
0.0,0.8530216
0.0,0.600281
0.0,0.03806472
0.0,0.016571075
0.0,0.0133057535
1.0,0.07460511
0.0,0.014298141
0.0,0.00013032556
1.0,0.99593586
1.0,0.121534735
0.0,0.0048098266
0.0,0.99525696
0.0,0.0013790727
0.0,0.027002722
0.0,0.001871109
0.0,0.025601327
1.0,0.9888861
1.0,0.8227651
1.0,0.82241297
0.0,0.008872688
1.0,0.6240791
1.0,0.9906393
0.0,0.63111526
0.0,0.0034976602
1.0,0.6907089
1.0,0.49785832
1.0,0.9744272
1.0,0.9822115
1.0,0.7252389
0.0,0.115231365
0.0,0.16887027
1.0,0.80896574
0.0,0.004122615
1.0,0.98321295
0.0,0.0037108958
1.0,0.3258849
0.0,0.011420846
0.0,0.7503474
0.0,0.016117841
0.0,0.012148112
0.0,0.5338058
0.0,0.0019790828
0.0,0.0048854947
0.0,0.01069361
0.0,0.9169586
0.0,0.009070873
0.0,0.0052829087
1.0,0.8945421
1.0,0.5962724
1.0,0.9930189
0.0,0.96576226
0.0,0.29398152
0.0,0.8671242
0.0,0.019977093
1.0,0.9989476
1.0,0.6507836
1.0,0.9171753
1.0,0.9981959
0.0,0.9514594
0.0,0.008441597
0.0,0.004231423
1.0,0.9063611
0.0,0.013964146
1.0,0.0045447946
1.0,0.99191284
0.0,0.14340898
0.0,0.0021953285
0.0,0.044030607
0.0,0.35633087
1.0,0.9869188
1.0,0.86191684
0.0,0.029543817
1.0,0.93305826
1.0,0.7293837
0.0,0.9338793
0.0,0.07021797
1.0,0.88667095
0.0,0.0030231178
0.0,0.16781217
0.0,0.010375798
0.0,0.5476163
0.0,0.0076681077
1.0,0.30374193
0.0,0.062223166
0.0,0.84527385
1.0,0.9992207
1.0,0.9912404
0.0,0.44555467
0.0,0.358092
1.0,0.6050859
0.0,0.139541
0.0,0.00071686506
1.0,0.70424914
0.0,0.07889858
0.0,0.01271531
0.0,0.040411174
1.0,0.99726737
0.0,0.13040137
1.0,0.70238173
1.0,0.94072485
1.0,0.99993694
0.0,0.007416576
1.0,0.32064897
0.0,0.0048721135
1.0,0.9885843
0.0,0.017519563
1.0,0.9936665
0.0,0.04349956
0.0,0.028386176
1.0,0.9955338
0.0,0.00805369
0.0,0.008358628
1.0,0.3993942
1.0,0.59058535
1.0,0.14536351
1.0,0.538459
1.0,0.39974117
1.0,0.9951861
1.0,0.70658994
0.0,0.0088633895
1.0,0.21996486
1.0,0.9979545
0.0,0.04567498
0.0,0.008486778
0.0,0.0047831237
1.0,0.9198122
0.0,0.008494377
0.0,0.08317846
0.0,0.5758328
1.0,0.9915535
0.0,0.026646644
0.0,0.64057463
1.0,0.9179201
1.0,0.9823837
1.0,0.9784765
1.0,0.08152622
0.0,0.9988652
0.0,0.08203676
0.0,0.11266902
0.0,0.12586361
0.0,0.0036333501
0.0,0.032856464
0.0,0.021982223
1.0,0.12661642
1.0,0.94708437
0.0,0.036885142
1.0,0.90083885
0.0,0.0066064894
0.0,0.035852194
1.0,0.99691737
0.0,0.0070777535
0.0,0.97342795
0.0,0.0075090826
0.0,0.6691847
0.0,0.028777659
0.0,0.0112938285
0.0,0.9876944
1.0,0.9354899
0.0,0.07196784
0.0,0.65681016
1.0,0.9827257
0.0,0.003968179
1.0,0.9217379
0.0,0.0100513995
0.0,0.006022215
0.0,0.040317148
0.0,0.3721385
0.0,0.005880505
0.0,0.0051653683
0.0,0.033183873
0.0,0.042191863
0.0,0.7656015
1.0,0.6381381
0.0,0.04372087
1.0,0.96007085
0.0,0.98930717
1.0,0.041073143
0.0,0.021068871
0.0,0.0042533875
0.0,0.13772082
1.0,0.9948508
1.0,0.02090013
1.0,0.4112188
0.0,0.007908046
0.0,0.11257219
1.0,0.89658195
0.0,0.06266609
0.0,0.23971835
1.0,0.9124403
0.0,0.0088422
1.0,0.9970247
1.0,0.38885474
0.0,0.011101782
1.0,0.7340732
0.0,0.30803993
1.0,0.5551548
0.0,0.09614918
1.0,0.9997879
0.0,0.002959758
0.0,0.99020326
0.0,0.027519375
0.0,0.066040725
0.0,0.0035457015
0.0,0.01605931
0.0,0.023789227
1.0,0.9942355
0.0,0.015334457
0.0,0.0039252043
0.0,0.0019028485
0.0,0.4858302
0.0,0.111507416
1.0,0.79615617
0.0,0.67705786
0.0,0.03287509
1.0,0.4604346
0.0,0.24826124
1.0,0.9963926
0.0,0.7998501
1.0,0.9455247
1.0,0.88658595
0.0,0.007811606
1.0,0.99976337
0.0,0.33669162
0.0,0.016209006
0.0,0.009090751
0.0,0.06966159
1.0,0.13885328
1.0,0.99926996
0.0,0.016717017
0.0,0.08907291
1.0,0.99958545
0.0,0.059909523
1.0,0.66655463
1.0,0.043096006
1.0,0.9386902
0.0,0.01629126
1.0,0.7821264
0.0,0.015188336
1.0,0.98737216
1.0,0.14658386
0.0,0.10981366
0.0,0.87715137
0.0,0.019802064
0.0,0.6698039
1.0,0.71733814
1.0,0.9411377
1.0,0.9991157
0.0,0.0064183474
0.0,0.0028330386
1.0,0.9934524
0.0,0.8938753
0.0,0.00015184283
0.0,0.03327024
1.0,0.7330375
0.0,0.26423958
0.0,0.009053677
0.0,0.26912123
0.0,0.11863685
1.0,0.7138806
1.0,0.9988059
0.0,0.18554789
0.0,0.012373239
0.0,0.018039167
1.0,0.99978185
0.0,0.022642016
0.0,0.59861696
1.0,0.9365994
0.0,0.0014986694
0.0,0.60245466
1.0,0.9900782
0.0,0.029477
1.0,0.765717
1.0,0.035005867
0.0,0.004742384
0.0,0.015263319
0.0,0.009573281
0.0,0.003364414
1.0,0.9980784
1.0,0.9997705
1.0,0.9879893
1.0,0.5463907
0.0,0.94335914
0.0,0.0931955
1.0,0.68783617
1.0,0.99647534
0.0,0.2558733
0.0,0.033712447
1.0,0.18974984
0.0,0.0064253807
1.0,0.6730977
0.0,0.0051185787
0.0,0.1137642
1.0,0.9815724
0.0,0.14758039
0.0,0.0039300323
0.0,0.02493769
0.0,0.03488949
0.0,0.7621151
1.0,0.26414233
0.0,0.022145301
1.0,0.99776626
0.0,0.18222678
1.0,0.9547379
0.0,0.04563889
1.0,0.8604596
1.0,0.99602664
1.0,0.9996035
0.0,0.97819734
0.0,0.0034142137
1.0,0.553184
0.0,0.01898557
0.0,0.018452942
1.0,0.97290033
1.0,0.52499074
0.0,0.043538183
1.0,0.99694145
1.0,0.99627995
0.0,0.97184044
0.0,0.006497413
0.0,0.8424921
0.0,0.0052858293
0.0,0.0015853941
0.0,0.9714535
1.0,0.9706197
1.0,0.9986466
1.0,0.9733118
0.0,0.00018560886
0.0,0.002913773
0.0,0.012926698
0.0,0.015035421
0.0,0.02170688
0.0,0.011783063
1.0,0.9295672
1.0,0.98559004
1.0,0.73128104
0.0,0.051472813
0.0,0.112499475
1.0,0.9864888
0.0,0.044767827
0.0,0.8640083
1.0,0.98891747
0.0,0.62882537
0.0,0.9610926
1.0,0.85839665
0.0,0.024541676
1.0,0.75568706
1.0,0.9143057
0.0,0.95803964
0.0,0.02467388
1.0,0.9999595
0.0,0.0025080144
0.0,0.74522465
1.0,0.7693823
1.0,0.9482651
1.0,0.841962
1.0,0.9984223
0.0,0.996629
0.0,0.012130797
0.0,0.006962359
1.0,0.36862668
0.0,0.9986578
1.0,0.91899556
0.0,0.4878021
1.0,0.9408691
1.0,0.110437006
0.0,0.0740678
0.0,0.031072497
0.0,0.00032171607
0.0,0.42670736
0.0,0.014722556
0.0,0.02041307
1.0,0.33808762
1.0,0.27266753
0.0,0.71662295
1.0,0.9780306
1.0,0.09863135
0.0,0.0012546778
0.0,0.11653203
1.0,0.87803864
1.0,0.039741516
0.0,0.012774348
0.0,0.23982778
0.0,0.009589732
0.0,0.021781296
1.0,0.7976556
1.0,0.9902489
0.0,0.013254106
0.0,0.00051003695
0.0,0.030136824
0.0,0.120432764
0.0,0.007881731
0.0,0.028677076
0.0,0.9283296
0.0,0.7135281
0.0,0.026496053
0.0,0.015131652
0.0,0.08497384
1.0,0.9976326
1.0,0.9571835
0.0,0.0015866458
0.0,0.018989265
0.0,0.00026643276
0.0,0.0065179765
0.0,0.14303991
0.0,0.12983224
0.0,0.013278067
0.0,0.89771104
1.0,0.9712396
1.0,0.99952555
1.0,0.95524144
1.0,0.9737817
1.0,0.9986026
0.0,0.7327186
0.0,0.022307485
0.0,0.024777174
0.0,0.070693344
1.0,0.6456345
0.0,0.012001604
1.0,0.9748666
0.0,0.04072225
0.0,0.93802154
0.0,0.9389686
0.0,0.09556967
0.0,0.015255332
0.0,0.43985373
0.0,0.0274207
0.0,0.006210625
1.0,0.94878006
1.0,0.7691411
0.0,0.27733487
0.0,0.18184257
0.0,0.0065191984
0.0,0.006460905
1.0,0.9929863
0.0,0.005222261
1.0,0.4604491
0.0,0.009979606
1.0,0.5759926
0.0,0.0017196536
0.0,0.09196353
1.0,0.8326439
0.0,0.00036206841
1.0,0.9772425
0.0,0.050037354
0.0,0.48818645
0.0,0.29866493
0.0,0.004453361
0.0,0.0067827404
1.0,0.94369096
1.0,0.9979147
0.0,0.53310174
0.0,0.03561294
0.0,0.0048829913
0.0,0.29248607
1.0,0.95799595
0.0,0.97645473
1.0,0.18419135
1.0,0.9146883
0.0,0.6725973
0.0,0.028914541
0.0,0.04671228
0.0,0.012260854
0.0,0.06286156
0.0,0.037040323
0.0,0.042051196
0.0,0.56210303
0.0,0.3157577
1.0,0.95963895
0.0,0.99839807
0.0,0.0021216273
1.0,0.97550666
0.0,0.029641718
0.0,0.09686926
0.0,0.0041829646
0.0,0.042942137
1.0,0.047918588
1.0,0.9969274
1.0,0.9472008
0.0,0.008026212
0.0,0.0103558
0.0,0.011510909
0.0,0.8210826
0.0,0.51149774
0.0,0.83478975
1.0,0.99919397
1.0,0.9976436
1.0,0.8005091
0.0,0.03720081
1.0,0.998827
1.0,0.82817805
0.0,0.01338914
1.0,0.97269934
0.0,0.011728227
0.0,0.0136555135
0.0,0.6621422
1.0,0.9968238
1.0,0.8668574
1.0,0.9487128
0.0,0.9501537
0.0,0.20719567
0.0,0.0077490807
1.0,0.994185
1.0,0.9988663
1.0,0.99843204
1.0,0.94714034
0.0,0.016224444
0.0,0.0054760575
0.0,0.02842635
0.0,0.42806154
1.0,0.9850322
0.0,0.00796777
0.0,0.06123337
0.0,0.3649354
1.0,0.38287288
0.0,0.048474014
0.0,0.27272403
0.0,0.22783253
0.0,0.92302024
0.0,0.016509354
0.0,0.04093787
0.0,0.0056366324
0.0,0.20709383
0.0,0.010629714
1.0,0.99835503
1.0,0.16901219
0.0,0.81400204
0.0,0.9780386
0.0,0.023030937
1.0,0.69199294
0.0,0.006932348
0.0,0.034323186
0.0,0.13381293
0.0,0.011574775
1.0,0.94871134
0.0,0.0121356845
0.0,0.018262208
1.0,0.8720968
1.0,0.9836587
1.0,0.9915375
0.0,0.037389606
0.0,0.2004273
1.0,0.98187065
1.0,0.9821724
1.0,0.99770415
0.0,0.5653977
0.0,0.595952
0.0,0.0029849112
1.0,0.054810286
1.0,0.9948424
0.0,0.0077910125
0.0,0.83931327
1.0,0.28730482
1.0,0.9789236
0.0,0.01022014
1.0,0.9829589
1.0,0.5629492
0.0,0.0061657727
1.0,0.47789845
0.0,0.02673018
0.0,0.0118587315
0.0,0.95147216
0.0,0.014564127
1.0,0.6691599
0.0,0.17226887
1.0,0.8467077
1.0,0.6980927
1.0,0.0691804
0.0,0.0060848594
0.0,0.9233848
1.0,0.81012887
0.0,0.0003849268
1.0,0.90590745
1.0,0.99142873
0.0,0.99720025
0.0,0.100358844
1.0,0.20553443
1.0,0.9996467
0.0,0.005384326
1.0,0.8932566
1.0,0.65323544
1.0,0.92281485
1.0,0.99975514
1.0,0.75904286
1.0,0.99247026
0.0,0.04670328
0.0,0.4375107
0.0,0.043544978
1.0,0.9847065
1.0,0.6167405
0.0,0.19610819
0.0,0.02062285
1.0,0.38035038
0.0,0.007633716
1.0,0.99754965
0.0,0.73619056
1.0,0.94559705
1.0,0.97984326
0.0,0.19486874
1.0,0.88259304
0.0,0.0375095
1.0,0.9998698
1.0,0.9823916
1.0,0.039091766
0.0,0.014410257
0.0,0.010574609
1.0,0.758209
0.0,0.019806713
1.0,0.9899672
0.0,0.0045672655
0.0,0.90866566
0.0,0.13239929
0.0,0.124881536
0.0,0.0028045774
0.0,0.2096459
0.0,0.71088165
1.0,0.99124336
1.0,0.07533941
0.0,0.008253783
1.0,0.99894595
1.0,0.09424287
0.0,0.9759036
0.0,0.73293614
0.0,0.12549686
0.0,0.008769214
0.0,0.024333745
0.0,0.030471534
1.0,0.50206804
1.0,0.99894047
0.0,0.014113188
0.0,0.003668964
0.0,0.62701887
0.0,0.9709337
0.0,0.07743445
1.0,0.89385885
0.0,0.7058497
0.0,0.023879975
1.0,0.97850287
1.0,0.9671094
0.0,0.014845282
0.0,0.22584862
0.0,0.007699132
1.0,0.9281196
1.0,0.9051634
0.0,0.009061575
0.0,0.02647239
0.0,0.008031607
0.0,0.20969781
0.0,0.0029701889
1.0,0.9797963
1.0,0.6588987
1.0,0.7195262
0.0,0.0011448264
1.0,0.44271114
0.0,0.6720959
1.0,0.99968123
1.0,0.49385402
0.0,0.0087219775
0.0,0.0013805032
0.0,0.014131248
0.0,0.49764776
0.0,0.94117975
1.0,0.9997929
0.0,0.9334885
0.0,0.70865047
0.0,0.036708772
0.0,0.0015610754
0.0,0.030677885
0.0,0.13206223
0.0,0.26121658
1.0,0.8460593
1.0,0.9677336
0.0,0.0032729805
0.0,0.7518538
0.0,0.5892587
0.0,0.00843814
1.0,0.9984445
0.0,0.023065895
0.0,0.05739677
1.0,0.8919009
0.0,0.9414731
0.0,0.010812461
0.0,0.009570241
0.0,0.009277284
1.0,0.996591
1.0,0.94698936
0.0,0.006916195
1.0,0.21831846
1.0,0.9728153
1.0,0.9884222
0.0,0.11879027
0.0,0.23584455
1.0,0.9895903
1.0,0.998659
0.0,0.00444147
1.0,0.9987484
0.0,0.004888028
1.0,0.98048705
1.0,0.98277605
1.0,0.501432
0.0,0.09547749
1.0,0.5942877
1.0,0.17702278
0.0,0.018631428
0.0,0.027135372
0.0,0.99001914
0.0,0.03284061
0.0,0.01091978
0.0,0.0051438212
1.0,0.99976355
0.0,0.47215557
0.0,0.36829197
0.0,0.62067664
0.0,0.005060345
0.0,0.02345565
0.0,0.035010368
1.0,0.9787444
0.0,0.022267252
0.0,0.02137512
0.0,0.73387897
1.0,0.94546366
1.0,0.99242747
1.0,0.95843315
1.0,0.9776175
0.0,0.0056376457
0.0,0.02285412
0.0,0.025105894
0.0,0.06883448
0.0,0.8621567
0.0,0.037349194
1.0,0.8957036
0.0,0.81297505
1.0,0.23944938
1.0,0.012068063
1.0,0.73471093
0.0,0.049509287
0.0,0.0032816827
0.0,0.0005541742
0.0,0.010054916
1.0,0.4345685
1.0,0.98754025
1.0,0.20253628
1.0,0.982673
1.0,0.99843687
0.0,0.026560575
0.0,0.07664716
0.0,0.9262508
0.0,0.01190874
1.0,0.9888779
0.0,0.008049697
0.0,0.94079936
1.0,0.99908173
1.0,0.27400762
0.0,0.0056070983
0.0,0.096321076
0.0,0.13867623
0.0,0.1763382
1.0,0.64081174
0.0,0.9999605
0.0,0.7251628
1.0,0.9988322
0.0,0.13033348
1.0,0.9770936
1.0,0.99076045
0.0,0.0019054413
0.0,0.42227465
0.0,0.0036681294
0.0,0.022523582
1.0,0.8739774
0.0,0.05291608
0.0,0.20480645
0.0,0.87374306
0.0,0.0051231384
1.0,0.99803305
1.0,0.10435581
1.0,0.96649724
1.0,0.9755473
0.0,0.58148754
0.0,0.07444179
1.0,0.9277042
0.0,0.013298601
1.0,0.45441824
0.0,0.04799846
1.0,0.9985986
1.0,0.99796957
0.0,0.6843003
0.0,0.08033064
0.0,0.88993716
0.0,0.0054483116
0.0,0.024581254
0.0,0.015192002
1.0,0.96599233
0.0,0.007722765
0.0,0.07127446
0.0,0.028845578
0.0,0.028586328
0.0,0.016780764
0.0,0.00025886297
0.0,0.14287302
0.0,0.0035649538
0.0,0.00037157536
0.0,0.01793605
0.0,0.22379214
0.0,0.015329063
1.0,0.38506988
0.0,0.44609398
1.0,0.9975582
0.0,0.008905053
0.0,0.004548013
1.0,0.6916229
0.0,0.025652766
1.0,0.99832314
0.0,0.029137045
1.0,0.9838461
0.0,0.830986
0.0,0.042039037
1.0,0.71623564
1.0,0.05401516
0.0,0.00634107
0.0,0.11246148
0.0,0.00033444166
0.0,0.0049039423
0.0,0.008559257
0.0,0.84331596
1.0,0.99571484
1.0,0.73968256
0.0,0.03815174
0.0,0.0411053
1.0,0.89017475
1.0,0.96938837
1.0,0.83578384
0.0,0.0036570132
1.0,0.070513874
0.0,0.4543757
1.0,0.4263052
0.0,0.0010529459
1.0,0.41879645
0.0,0.04106766
0.0,0.020525694
0.0,0.16449681
0.0,0.87314045
1.0,0.9748398
0.0,0.22333524
0.0,0.29961616
1.0,0.99957174
0.0,0.004230231
0.0,0.7158791
0.0,0.80473685
1.0,0.9976436
0.0,0.28600645
0.0,0.028005391
0.0,0.9952565
1.0,0.9396037
0.0,0.0033590496
0.0,0.7262764
0.0,0.013755888
1.0,0.72317237
0.0,0.01832679
1.0,0.99748254
0.0,0.52922994
1.0,0.79015195
1.0,0.9990953
0.0,0.9475949
1.0,0.9990555
1.0,0.9914051
0.0,0.0053559244
0.0,0.9310462
0.0,0.04780835
1.0,0.9988337
0.0,0.059708893
1.0,0.94431007
1.0,0.7888825
0.0,0.007863671
1.0,0.98498595
0.0,0.6330029
1.0,0.9692841
0.0,0.7877081
1.0,0.529313
0.0,0.9623624
1.0,0.0011588037
0.0,0.40419534
0.0,0.005588025
0.0,0.0029804409
0.0,0.020774513
0.0,0.010630429
0.0,0.0010043979
0.0,0.0011593401
0.0,0.7155596
0.0,0.07564658
0.0,0.49220133
0.0,0.48492393
0.0,0.008715242
1.0,0.9843849
1.0,0.024884045
0.0,0.74306905
1.0,0.0325588
0.0,0.12356925
0.0,0.12257627
0.0,0.79851013
0.0,0.10403857
0.0,0.023667127
0.0,0.0464817
1.0,0.9395858
0.0,0.0019619763
0.0,0.007875323
1.0,0.0027736723
0.0,0.001444757
1.0,0.90112525
0.0,0.21444607
0.0,0.08182582
1.0,0.82634515
0.0,0.011344314
1.0,0.8949164
0.0,0.005315304
0.0,0.0010967255
0.0,0.00478822
1.0,0.99649227
0.0,0.019586295
1.0,0.6675676
1.0,0.83158314
0.0,0.99853176
0.0,0.00040590763
1.0,0.043450713
0.0,0.016554177
0.0,0.048911065
0.0,0.96018195
0.0,0.0072132945
0.0,0.28509104
0.0,0.9896842
1.0,0.50495607
0.0,0.010471374
1.0,0.9598608
0.0,0.0041161776
0.0,0.0005452931
0.0,0.006923765
1.0,0.9862155
1.0,0.99935544
0.0,0.26459962
0.0,0.74584574
0.0,0.0005476475
0.0,0.06644547
0.0,0.024818838
0.0,0.008322597
0.0,0.0013526976
1.0,0.24616024
1.0,0.9953577
0.0,0.058418155
0.0,0.9883575
1.0,0.5265001
0.0,0.00029325485
1.0,0.98482263
0.0,0.0041336417
0.0,0.010047197
1.0,0.99632084
0.0,0.53246784
1.0,0.9239597
1.0,0.969167
1.0,0.9979837
0.0,0.24537283
0.0,0.01078409
0.0,0.59181726
1.0,0.96914494
0.0,0.45964316
1.0,0.99561894
0.0,0.04112646
0.0,0.019842714
0.0,0.4644901
1.0,0.9638275
0.0,0.0070201755
0.0,0.031415045
0.0,0.5545449
1.0,0.031478703
1.0,0.99804306
0.0,0.053688496
0.0,0.01716271
1.0,0.99129266
1.0,0.99685574
1.0,0.9109832
1.0,0.081003875
0.0,0.012796819
1.0,0.90433544
0.0,0.034292996
0.0,0.14050338
0.0,0.008249134
1.0,0.8432981
0.0,0.049485683
0.0,0.028033257
0.0,0.0040353835
1.0,0.988796
0.0,0.11487496
1.0,0.9990094
1.0,0.9888719
0.0,0.103951186
1.0,0.86012983
0.0,0.020669222
1.0,0.619967
0.0,0.8900848
0.0,0.008758932
0.0,0.020772427
0.0,0.024658859
1.0,0.9891074
0.0,0.13056403
0.0,0.19126952
0.0,0.38632584
1.0,0.9998697
1.0,0.91368175
0.0,0.013351023
1.0,0.9825386
1.0,0.9983678
1.0,0.9997531
1.0,0.6097168
0.0,0.6575451
1.0,0.9146888
0.0,0.10852027
0.0,0.63025415
1.0,0.62899023
0.0,0.012867004
0.0,0.051786393
0.0,0.20169538
1.0,0.5690872
0.0,0.41099054
0.0,0.4348784
1.0,0.95628226
0.0,0.026564091
1.0,0.84581757
0.0,0.05059439
0.0,0.9464749
1.0,0.89796543
1.0,0.9683401
0.0,0.0074818432
1.0,0.93822336
1.0,0.9946283
0.0,0.680709
0.0,0.63046557
1.0,0.657509
0.0,0.03813088
1.0,0.9995661
0.0,0.040586382
0.0,0.033481836
1.0,0.47217718
1.0,0.9862025
0.0,0.34066743
1.0,0.4281334
0.0,0.07094231
0.0,0.123467475
1.0,0.98304176
0.0,0.011188149
0.0,0.09862837
0.0,0.023421824
1.0,0.9606145
0.0,0.02623275
0.0,0.009096205
1.0,0.85106707
1.0,0.99394846
0.0,0.012080014
0.0,0.13568217
0.0,0.006491363
1.0,0.44797662
0.0,0.9412936
0.0,0.006576568
0.0,0.012495339
0.0,0.008413643
0.0,0.012031287
1.0,0.5636153
0.0,0.11370543
0.0,0.0036317706
0.0,0.019144922
1.0,0.91304123
1.0,0.9996741
1.0,0.7694209
0.0,0.9697366
0.0,0.010615289
0.0,0.99825776
1.0,0.99918
0.0,0.040460974
1.0,0.9928914
0.0,0.012303442
1.0,0.9984089
0.0,0.114706755
1.0,0.9672773
0.0,0.9891574
1.0,0.64059186
0.0,0.030327588
0.0,0.16568643
1.0,0.83146393
1.0,0.9959172
1.0,0.99715763
0.0,0.20732078
1.0,0.9801347
1.0,0.7764343
1.0,0.141539
0.0,0.00023281574
1.0,0.633513
0.0,0.055347353
0.0,0.9607209
1.0,0.30347735
0.0,0.5672515
0.0,0.017630637
0.0,0.1552729
0.0,0.054736674
0.0,0.4669952
1.0,0.9833096
1.0,0.98341477
0.0,0.5872897
0.0,0.7033868
0.0,0.020046175
1.0,0.99930716
0.0,0.591701
0.0,0.16609502
0.0,0.009355962
0.0,0.009043217
0.0,0.012877822
0.0,0.97414416
1.0,0.9991859
1.0,0.99970466
1.0,0.233915
0.0,0.3715462
0.0,0.010537237
0.0,0.002528578
0.0,0.007191062
0.0,0.009830177
1.0,0.9949884
0.0,0.020281821
0.0,0.38910857
1.0,0.9994091
0.0,0.0800457
1.0,0.15606242
1.0,0.6774714
0.0,0.40275374
0.0,0.004587233
0.0,0.0682677
1.0,0.87537277
0.0,0.16253534
0.0,0.007992446
1.0,0.9266934
1.0,0.7623466
0.0,0.0073333085
0.0,0.05372402
0.0,0.34448728
0.0,0.005724579
0.0,0.14644477
1.0,0.832006
1.0,0.9476414
0.0,0.034232676
0.0,0.0027013123
0.0,0.71678007
0.0,0.30262876
1.0,0.9206096
0.0,0.01205501
1.0,0.998346
0.0,0.01400581
1.0,0.9991321
0.0,0.002954036
1.0,0.9821577
1.0,0.4942342
0.0,0.011802107
0.0,0.2899052
0.0,0.00873366
0.0,0.065350175
1.0,0.8744415
1.0,0.021934152
1.0,0.14612493
1.0,0.27250767
1.0,0.7217484
0.0,0.00015059114
1.0,0.94181335
1.0,0.80835545
0.0,0.0059922338
0.0,0.038206488
0.0,0.011871934
1.0,0.98332655
1.0,0.9989055
0.0,0.9925376
0.0,0.020739079
1.0,0.9645685
0.0,0.002282828
0.0,0.01578775
1.0,0.9965887
0.0,0.5944952
0.0,0.056371987
1.0,0.7898494
1.0,0.97944725
0.0,0.0063256323
0.0,0.017506182
0.0,0.023173064
1.0,0.99752736
1.0,0.9950053
0.0,0.7077993
0.0,0.860634
1.0,0.9822994
1.0,0.81679827
0.0,0.0035318732
0.0,0.21290627
0.0,0.15602669
1.0,0.32389256
1.0,0.8659042
0.0,0.029978693
0.0,0.062375426
1.0,0.9701709
0.0,0.043851465
0.0,0.014849782
0.0,0.041834116
0.0,0.85941184
1.0,0.7856292
0.0,0.86465025
0.0,0.008562446
0.0,0.97553885
0.0,0.35030046
0.0,0.07807925
1.0,0.73386264
1.0,0.6542525
0.0,0.10938507
1.0,0.9977127
0.0,0.34819925
1.0,0.99483633
1.0,0.018690586
1.0,0.9959622
0.0,0.0030199587
0.0,0.90356815
0.0,0.0257591
1.0,0.99978375
0.0,0.013728499
1.0,0.9678793
0.0,0.08710724
0.0,0.0055826902
1.0,0.049714535
1.0,0.9952836
0.0,0.008162022
1.0,0.62228
0.0,0.012653619
1.0,0.98918056
0.0,0.004416436
1.0,0.81466943
1.0,0.21483389
0.0,0.032167822
0.0,0.00785917
0.0,0.011799008
0.0,0.014033824
0.0,0.0058420897
0.0,0.89326644
0.0,0.23444569
0.0,0.014970988
0.0,0.99803734
0.0,0.0036601424
1.0,0.9908556
0.0,0.07227686
0.0,0.031178504
1.0,0.99970394
0.0,0.08273721
1.0,0.99958956
0.0,0.020229816
1.0,0.99882245
0.0,0.008038133
0.0,0.042047292
1.0,0.9997485
0.0,0.014772922
0.0,0.009181857
0.0,0.0044673085
1.0,0.99622124
1.0,0.76740193
0.0,0.005926192
1.0,0.95891047
1.0,0.6448097
1.0,0.9969781
0.0,0.5541139
1.0,0.30933636
1.0,0.9600096
0.0,0.34188035
1.0,0.4838917
1.0,0.077065855
0.0,0.049542487
0.0,0.0030801296
0.0,0.03389895
0.0,0.036975622
0.0,0.033477396
0.0,0.016161919
0.0,0.015049726
0.0,0.002376616
1.0,0.98727703
0.0,0.14638206
0.0,0.012834847
0.0,0.032894045
0.0,0.06924164
1.0,0.7467935
0.0,0.0068081617
1.0,0.92432004
0.0,0.64094555
0.0,0.010358781
1.0,0.70863223
1.0,0.936637
0.0,0.40715766
0.0,0.028578967
1.0,0.97866243
0.0,0.98369527
0.0,0.055209994
1.0,0.80178046
1.0,0.579196
1.0,0.92313063
1.0,0.9803162
0.0,0.06688884
0.0,0.0065764487
1.0,0.5998864
0.0,0.008009881
0.0,0.0032369792
1.0,0.9992875
1.0,0.98303497
1.0,0.9966998
0.0,0.006972611
1.0,0.23557976
1.0,0.97149885
1.0,0.9908224
0.0,0.009049684
0.0,0.006412059
1.0,0.5886263
0.0,0.011443377
0.0,0.7339767
0.0,0.15088344
1.0,0.99650735
0.0,0.0098593235
0.0,0.07383865
0.0,0.036097646
0.0,0.55023587
0.0,0.084643334
0.0,0.00329113
0.0,0.97255445
1.0,0.99823105
0.0,0.05767545
1.0,0.98560786
0.0,0.008971006
0.0,0.27714992
0.0,0.97771263
1.0,0.0045897663
0.0,0.72465146
0.0,0.006536305
0.0,0.0040954053
0.0,0.4310854
0.0,0.056898624
1.0,0.998366
0.0,0.14338598
1.0,0.83427703
0.0,0.36246648
0.0,0.039129347
0.0,0.009519666
0.0,0.5888659
0.0,0.03603643
0.0,0.5689957
0.0,0.010910034
0.0,0.027198464
1.0,0.8538395
0.0,0.033971786
1.0,0.554048
1.0,0.9695394
0.0,0.039211243
0.0,0.04407209
1.0,0.9854572
0.0,0.011531562
1.0,0.7423377
1.0,0.8179141
0.0,0.011357009
1.0,0.9678018
0.0,0.004772395
1.0,0.95958513
0.0,0.0717361
0.0,0.31605786
1.0,0.6114729
0.0,0.83959246
0.0,0.006829679
0.0,0.306818
1.0,0.93652207
1.0,0.9989266
0.0,0.0031923652
0.0,0.06176573
1.0,0.8318926
0.0,0.7920064
1.0,0.2026085
0.0,0.2226631
1.0,0.5441794
0.0,0.34591258
0.0,0.015667439
0.0,0.7397709
0.0,0.0043944716
0.0,0.10680157
1.0,0.01628068
0.0,0.4496208
1.0,0.98671365
0.0,0.0041647553
1.0,0.5605291
0.0,0.01442048
0.0,0.004580617
0.0,0.0328134
0.0,0.010543913
0.0,0.49925044
0.0,0.52568936
0.0,0.13295135
0.0,0.62332845
1.0,0.9749955
0.0,0.018749833
0.0,0.06492114
1.0,0.9344523
1.0,0.71120524
0.0,0.021289557
0.0,0.0072357357
1.0,0.9541521
0.0,0.11124921
1.0,0.023376048
1.0,0.9714495
1.0,0.8415767
1.0,0.6499276
0.0,0.011602432
0.0,0.0064156353
1.0,0.73202765
0.0,0.22224271
1.0,0.99315614
1.0,0.96965826
1.0,0.9930646
0.0,0.36302686
0.0,0.006451726
0.0,0.05692631
0.0,0.024223983
1.0,0.9208826
1.0,0.8858074
0.0,0.47254288
0.0,0.12555733
0.0,0.046791732
0.0,0.14887062
1.0,0.13922629
1.0,0.8239965
1.0,0.9884689
0.0,0.64891344
1.0,0.5331445
1.0,0.96528876
1.0,0.8581317
1.0,0.99858797
0.0,0.6211829
0.0,0.5811282
0.0,0.9327344
0.0,0.02426517
1.0,0.97914916
1.0,0.99953365
1.0,0.90425766
1.0,0.86514854
0.0,0.06294587
0.0,0.0032984018
0.0,0.013732225
0.0,0.12113425
1.0,0.96949804
0.0,0.03428802
0.0,0.014812022
0.0,0.24338555
0.0,0.008339822
1.0,0.7623465
1.0,0.9298705
1.0,0.99733573
0.0,0.10673392
0.0,0.54736525
1.0,0.64070445
1.0,0.999805
0.0,0.036705106
1.0,0.95094895
0.0,0.46464747
1.0,0.999634
1.0,0.99870515
1.0,0.62675804
0.0,0.019049644
0.0,0.2045317
1.0,0.9978212
0.0,0.030785263
0.0,0.04011661
1.0,0.99881816
0.0,0.022630095
0.0,0.026477814
0.0,0.09286764
1.0,0.1963973
0.0,0.09860408
0.0,0.5034822
1.0,0.98893416
0.0,0.4837271
0.0,0.025699109
0.0,0.039975554
0.0,0.054155767
1.0,0.69211394
0.0,0.9032262
0.0,0.004930526
0.0,0.0036030412
1.0,0.5431914
0.0,0.03068322
0.0,0.0012025833
1.0,0.57161427
0.0,0.36504364
0.0,0.033673942
1.0,0.9993315
1.0,0.913114
0.0,0.0060360134
1.0,0.2471126
1.0,0.7607014
0.0,0.57915103
0.0,0.84764796
1.0,0.44087148
1.0,0.87945604
0.0,0.019987017
1.0,0.64812493
1.0,0.81439185
1.0,0.08169395
0.0,0.25866276
1.0,0.23478171
0.0,0.017039895
1.0,0.8353622
0.0,0.002909422
1.0,0.9800731
0.0,0.837937
0.0,0.22326556
1.0,0.6983415
0.0,0.02573511
1.0,0.96511424
1.0,0.57008666
1.0,0.99186015
1.0,0.8758136
0.0,0.016946137
1.0,0.010019273
0.0,0.23149738
0.0,0.019129902
0.0,0.009815544
0.0,0.06178391
1.0,0.9830757
0.0,0.013388872
0.0,0.6941019
0.0,0.3152612
0.0,0.13773
1.0,0.98064446
0.0,0.4390326
0.0,0.002790302
0.0,0.090229064
0.0,0.9389356
1.0,0.78866005
0.0,0.0077271163
1.0,0.93922484
1.0,0.9951688
0.0,0.8816802
0.0,0.011829257
0.0,0.010945439
1.0,0.9824469
0.0,0.012660146
1.0,0.011949301
1.0,0.57293135
1.0,0.99346155
0.0,0.5842238
0.0,0.5528112
0.0,0.01719731
0.0,0.808023
0.0,0.008926004
0.0,0.007905602
0.0,0.57889247
1.0,0.7450574
0.0,0.24459916
1.0,0.9709828
0.0,0.22913969
1.0,0.9739817
1.0,0.9967847
1.0,0.5574772
1.0,0.9719671
0.0,0.8766723
0.0,0.981221
0.0,0.11696541
1.0,0.86080784
1.0,0.98046094
0.0,0.0028078258
1.0,0.39200228
1.0,0.9004141
1.0,0.982478
1.0,0.43054265
0.0,0.9461404
0.0,0.037375987
1.0,0.91729116
0.0,0.011872053
0.0,0.22984469
1.0,0.99669844
0.0,0.003454119
0.0,0.5771154
0.0,0.11676568
0.0,0.011533827
0.0,0.048775315
1.0,0.99990225
0.0,0.011995763
0.0,0.039572626
1.0,0.50606495
0.0,0.02737695
1.0,0.9478384
0.0,0.18232125
0.0,0.013432205
0.0,0.0065042675
0.0,0.05656624
1.0,0.74467856
0.0,0.16966498
0.0,0.05540517
1.0,0.9672272
1.0,0.9009497
0.0,0.01828444
0.0,0.03018561
0.0,0.0068773627
1.0,0.66974485
0.0,0.007255852
1.0,0.9967104
1.0,0.75690234
1.0,0.35048738
1.0,0.9569606
1.0,0.9821496
0.0,0.57810867
1.0,0.91330296
1.0,0.9970238
0.0,0.00660643
0.0,0.005712539
0.0,0.01210174
1.0,0.94006294
0.0,0.0151331425
0.0,0.0038432777
0.0,0.0642896
1.0,0.9993707
0.0,0.059192598
1.0,0.9878252
0.0,0.1871619
0.0,0.834591
0.0,0.02654934
0.0,0.012902468
0.0,0.024926811
1.0,0.5190402
1.0,0.99775374
0.0,0.037234396
0.0,0.049161196
1.0,0.7179594
0.0,0.0067702234
1.0,0.99842054
0.0,0.044219464
0.0,0.012580186
0.0,0.016860485
1.0,0.98389804
1.0,0.59025323
0.0,0.008157998
0.0,0.17717755
1.0,0.8003464
0.0,0.019737631
0.0,0.007450491
1.0,0.9600537
1.0,0.9998198
1.0,0.9928982
0.0,0.038348317
1.0,0.875574
1.0,0.97754
0.0,0.10037899
0.0,0.04141286
0.0,0.01682362
0.0,0.024263233
0.0,0.0048758686
0.0,0.013787746
1.0,0.49448442
1.0,0.96704197
0.0,0.034904778
0.0,0.009763509
0.0,0.19172782
0.0,0.12584406
1.0,0.98525083
0.0,0.99281156
0.0,0.019422233
0.0,0.657719
0.0,0.9513353
1.0,0.1671809
0.0,0.0052533746
0.0,0.7921937
1.0,0.9914889
0.0,0.035918176
0.0,0.9018272
0.0,0.022260964
0.0,0.018906802
1.0,0.88281286
1.0,0.93011695
0.0,0.033861578
0.0,0.9945599
0.0,0.003477037
0.0,0.9756454
0.0,0.9910191
0.0,0.24617636
0.0,0.0030452907
0.0,0.08791044
1.0,0.04612139
0.0,0.009062082
1.0,0.04299161
0.0,0.9178251
0.0,0.0017131269
0.0,0.17865106
0.0,0.06131631
0.0,0.080491364
0.0,0.14722568
1.0,0.9928699
0.0,0.007665217
0.0,0.4832738
0.0,0.020321608
1.0,0.54973507
1.0,0.97717804
0.0,0.018215775
0.0,0.6040227
0.0,0.010481715
1.0,0.999455
1.0,0.80209035
1.0,0.9982457
0.0,0.08410567
1.0,0.9993391
0.0,0.06613231
0.0,0.004781455
0.0,0.012823403
1.0,0.00229159
0.0,0.004519999
0.0,0.010055393
1.0,0.9995638
1.0,0.092888206
0.0,0.04633367
1.0,0.99977005
0.0,0.025131106
1.0,0.9342735
0.0,0.041918755
1.0,0.9384773
0.0,0.9982586
0.0,0.19372088
1.0,0.77445626
0.0,0.01198861
0.0,0.05533728
0.0,0.005461931
0.0,0.010234803
0.0,0.07478145
0.0,0.0058360696
1.0,0.8843037
1.0,0.88731754
0.0,0.18436298
0.0,0.012996495
0.0,0.0069250762
0.0,0.54044914
1.0,0.99504095
0.0,0.00868842
0.0,0.0680418
0.0,0.7544341
0.0,0.3391981
0.0,0.0036187768
1.0,0.99325156
1.0,0.9866488
0.0,0.0032886565
0.0,0.031966418
0.0,0.04003787
0.0,0.008796036
1.0,0.8929652
0.0,0.67365456
0.0,0.056720227
0.0,0.012421876
1.0,0.65685713
0.0,0.005060911
0.0,0.19668752
1.0,0.99773026
0.0,0.019036442
0.0,0.08297929
1.0,0.8717979
1.0,0.7794522
1.0,0.96453655
0.0,0.003404051
0.0,0.0050010085
0.0,0.46928695
0.0,0.006162554
1.0,0.9421805
0.0,0.0947994
1.0,0.42382354
0.0,0.0012630522
0.0,0.0046170056
0.0,0.08118245
1.0,0.99944353
0.0,0.87009215
0.0,0.2506398
0.0,0.199052
1.0,0.75016344
0.0,0.018029392
0.0,0.16617092
0.0,0.002235204
1.0,0.5487815
0.0,0.012641251
0.0,0.005276531
1.0,0.12865293
1.0,0.99837697
0.0,0.0016452968
1.0,0.99962217
1.0,0.9883752
1.0,0.94400996
1.0,0.9204453
0.0,0.0037964284
1.0,0.93765974
0.0,0.9999577
1.0,0.02936992
0.0,0.009634644
1.0,0.12937403
0.0,0.17383122
1.0,0.1164079
1.0,0.9997339
1.0,0.64394176
0.0,0.007988393
0.0,0.7712755
0.0,0.6024781
0.0,0.0112243295
0.0,0.010431737
0.0,0.05844292
1.0,0.99975836
1.0,0.996275
1.0,0.71174794
0.0,0.0051419735
0.0,0.008239269
0.0,0.17546102
0.0,0.12994725
1.0,0.021569997
0.0,0.022550583
0.0,0.008446276
0.0,0.01909855
0.0,0.8318555
1.0,0.93905246
0.0,0.8414924
0.0,0.922951
0.0,0.41605017
1.0,0.84600246
0.0,0.030716926
0.0,0.16806054
1.0,0.49108073
0.0,0.61116457
1.0,0.42130715
0.0,0.05978939
0.0,0.6364679
0.0,0.010355741
0.0,0.019966066
0.0,0.0035232902
1.0,0.99119353
0.0,0.06406048
0.0,0.050832868
1.0,0.99771345
1.0,0.7608893
0.0,0.20500484
1.0,0.008898765
0.0,0.46541548
0.0,0.01724714
1.0,0.99647033
0.0,0.0031647086
0.0,0.01825127
0.0,0.018868804
0.0,0.013127536
1.0,0.9975561
1.0,0.957574
1.0,0.7245147
1.0,0.9976212
0.0,0.043709695
0.0,0.016148478
0.0,0.120235264
1.0,0.9955615
0.0,0.0646922
0.0,0.026214838
1.0,0.92494035
1.0,0.5201568
1.0,0.952386
0.0,0.008530468
0.0,0.241887
0.0,0.8010566
1.0,0.9942374
1.0,0.9922507
1.0,0.9969532
0.0,0.110483944
0.0,0.0024333298
0.0,0.0026625395
1.0,0.9168792
1.0,0.40824747
0.0,0.5010749
1.0,0.95136905
1.0,0.8777896
1.0,0.99591243
1.0,0.5664519
0.0,0.020619541
0.0,0.02053371
1.0,0.5226761
1.0,0.90568906
0.0,0.034344494
0.0,0.016725212
0.0,0.005967766
0.0,0.017036438
0.0,0.011985272
0.0,0.73213375
0.0,0.0038831234
0.0,0.078947216
1.0,0.83044916
1.0,0.6180329
0.0,0.678293
1.0,0.9968128
0.0,0.005723983
1.0,0.949853
0.0,0.17391095
1.0,0.9939896
0.0,0.004062891
0.0,0.008243889
0.0,0.0060689747
0.0,0.8160012
1.0,0.03848374
1.0,0.9715987
0.0,0.0045901537
0.0,0.0842244
1.0,0.15828696
0.0,0.015008271
1.0,0.9912508
1.0,0.92084724
0.0,0.008038789
0.0,0.021993428
0.0,0.08019814
0.0,0.9996809
0.0,0.8403507
0.0,0.006591052
0.0,0.8019382
0.0,0.007542938
1.0,0.97563505
1.0,0.99752617
1.0,0.9147816
1.0,0.8105719
0.0,0.010041922
0.0,0.689946
1.0,0.9482403
0.0,0.8037211
0.0,0.012494475
0.0,0.010764152
1.0,0.36859208
1.0,0.10957435
0.0,0.044121027
1.0,0.9911498
1.0,0.99370337
0.0,0.0016654432
0.0,0.025682896
1.0,0.99692285
0.0,0.007651478
0.0,0.9229059
0.0,0.0036842525
0.0,0.02654314
1.0,0.085140884
0.0,0.03684306
0.0,0.010368377
0.0,0.13423777
1.0,0.17281705
0.0,0.007685244
0.0,0.040558457
1.0,0.9954467
0.0,0.008016348
0.0,0.16652909
0.0,0.99818766
1.0,0.9991591
1.0,0.6630045
1.0,0.3570174
0.0,0.07756704
0.0,0.7839793
1.0,0.3991528
0.0,0.0010949671
0.0,0.0020169616
0.0,0.24778411
0.0,0.05116415
1.0,0.62732136
0.0,0.17946297
0.0,0.8727455
1.0,0.33639067
0.0,0.03889507
0.0,0.0072463155
0.0,0.3905121
0.0,0.11145651
1.0,0.852448
1.0,0.99651325
0.0,0.84029746
1.0,0.9095427
0.0,0.02469331
0.0,0.026364505
0.0,0.007817149
1.0,0.65805525
0.0,0.0031461418
0.0,0.022681981
1.0,0.98817587
1.0,0.6428995
1.0,0.9740355
0.0,0.37988114
1.0,0.867707
1.0,0.9840238
0.0,0.0002683401
0.0,0.9219817
0.0,0.9665409
1.0,0.1948291
0.0,0.011839509
0.0,0.42210996
0.0,0.009022713
0.0,0.00842911
0.0,0.021400124
0.0,0.01927793
0.0,0.24376649
0.0,0.61882937
0.0,0.73363733
1.0,0.79917467
1.0,0.8015173
1.0,0.9571602
0.0,0.010037124
1.0,0.9966917
0.0,0.19574094
0.0,0.01854685
1.0,0.9956104
0.0,0.136706
0.0,0.009548992
0.0,0.7503318
0.0,0.009494185
0.0,0.81249785
0.0,0.96566385
0.0,0.019481927
1.0,0.9920018
0.0,0.00016084313
0.0,0.009700358
0.0,0.014694005
1.0,0.9977033
1.0,0.9839846
0.0,0.9018388
1.0,0.9374933
0.0,0.0020099282
1.0,0.17610443
0.0,0.014085889
0.0,0.0058953166
1.0,0.0067549944
0.0,0.0053847134
0.0,0.007893652
1.0,0.74107504
0.0,0.06828576
1.0,0.01301229
0.0,0.4699349
0.0,0.007826358
1.0,0.836472
0.0,0.008321375
0.0,0.1948058
0.0,0.9556747
0.0,0.005298823
0.0,0.0019145608
1.0,0.99172735
0.0,0.0066386163
0.0,0.09391469
0.0,0.01068303
1.0,0.48363513
0.0,0.97640777
0.0,0.047646016
1.0,0.6677318
0.0,0.0011174381
0.0,0.0060712993
0.0,0.082580954
0.0,0.065123826
1.0,0.93529797
0.0,0.015343815
0.0,0.0017814636
0.0,0.0025885403
0.0,0.005862117
0.0,0.7468969
1.0,0.96840847
1.0,0.6263075
0.0,0.0072158873
1.0,0.9871907
0.0,0.015912563
0.0,0.0021581054
0.0,0.02548179
0.0,0.068446726
1.0,0.99881005
0.0,0.01060316
0.0,0.014728546
0.0,0.5770731
0.0,0.07285339
0.0,0.16087642
0.0,0.0070153475
0.0,0.0066488087
0.0,0.006863177
0.0,0.004236877
0.0,0.998057
1.0,0.25516444
0.0,0.0051339865
0.0,0.11840817
0.0,0.013517439
1.0,0.9934889
0.0,0.06334394
1.0,0.8911847
0.0,0.053809494
0.0,0.046470046
0.0,0.18478265
1.0,0.98901045
1.0,0.9993535
1.0,0.9715994
1.0,0.77544534
0.0,0.48558325
0.0,0.0037062168
1.0,0.99890506
1.0,0.99072313
0.0,0.02654922
0.0,0.1167531
0.0,0.7206912
1.0,0.9904406
0.0,0.016644388
0.0,0.008613199
0.0,0.06464881
0.0,0.018876374
1.0,0.7672287
1.0,0.9960642
0.0,0.00015994906
1.0,0.3164151
0.0,0.015580207
0.0,0.009360999
0.0,0.0032464564
0.0,0.04075089
0.0,0.00779593
1.0,0.78584105
0.0,0.0045365095
0.0,0.057644308
0.0,0.8168118
0.0,0.14252985
0.0,0.8322797
1.0,0.99983954
0.0,0.01590991
0.0,0.011175066
1.0,0.869633
0.0,0.8134793
0.0,0.005413413
1.0,0.9672198
1.0,0.89581794
0.0,0.05882129
1.0,0.988598
0.0,0.39996645
1.0,0.78526545
1.0,0.9999716
0.0,0.13445723
1.0,0.9907111
0.0,0.017069519
0.0,0.0662598
0.0,0.71748435
0.0,0.31882423
0.0,0.013199776
0.0,0.018966377
0.0,0.31871253
1.0,0.9006949
0.0,0.08024758
0.0,0.44760424
0.0,0.10517603
0.0,0.5326038
1.0,0.99452
0.0,0.123040706
0.0,0.22227287
0.0,0.008209407
0.0,0.053687185
0.0,0.007368386
0.0,0.9887011
1.0,0.07043475
0.0,0.05245471
1.0,0.92194843
0.0,0.009488881
1.0,0.23773277
0.0,0.07379955
0.0,0.11389312
0.0,0.01207003
0.0,0.90046066
0.0,0.74300295
0.0,0.08629459
0.0,0.08348787
0.0,0.009601206
0.0,0.92984796
0.0,0.97468925
1.0,0.984207
0.0,0.8793733
0.0,0.0131133795
1.0,0.9998834
0.0,0.009443164
0.0,0.0047505796
0.0,0.00023382902
1.0,0.8958808
1.0,0.88448393
1.0,0.7120923
1.0,0.9946544
0.0,0.37415197
1.0,0.46493796
0.0,0.024701744
1.0,0.38219705
0.0,0.01966831
0.0,0.99437743
0.0,0.053981096
0.0,0.00932765
0.0,0.04516816
1.0,0.9914031
1.0,0.20363098
0.0,0.9986234
1.0,0.840148
0.0,0.011664391
1.0,0.9966377
0.0,0.008200794
0.0,0.011729807
0.0,0.9957731
0.0,0.34333462
0.0,0.032872498
0.0,0.0068028867
1.0,0.9996915
0.0,0.0035896003
1.0,0.99828494
1.0,0.9789057
1.0,0.99083555
0.0,0.004687667
0.0,0.99396265
0.0,0.0063699186
0.0,0.024607122
0.0,0.07024932
1.0,0.9251653
0.0,0.3927356
0.0,0.037385374
0.0,0.10601416
0.0,0.0053340793
0.0,0.007463455
0.0,0.16208121
0.0,0.98127425
0.0,0.006449789
0.0,0.40750217
1.0,0.9993075
0.0,0.15542951
0.0,0.022764534
0.0,0.009612322
0.0,0.009211421
1.0,0.98749435
0.0,0.4763288
1.0,0.9987658
0.0,0.82777125
1.0,0.9997735
1.0,0.7266867
0.0,0.0029355288
0.0,0.3330342
0.0,0.012212902
0.0,0.43576464
0.0,0.020751953
0.0,0.7204303
1.0,0.9972869
0.0,0.022118986
1.0,0.2775306
0.0,0.11992052
0.0,0.008334577
0.0,0.019143611
1.0,0.98636013
0.0,0.0049642324
1.0,0.9996357
0.0,0.01460579
0.0,0.014326841
0.0,0.7443775
0.0,0.8286667
0.0,0.31374234
0.0,0.011416733
1.0,0.94355917
1.0,0.9713452
0.0,0.2889889
0.0,0.014128923
0.0,0.0043501556
1.0,0.96438825
0.0,0.016851127
1.0,0.71923995
0.0,0.5159769
1.0,0.97027117
1.0,0.998543
0.0,0.05010003
0.0,0.07280803
0.0,0.014925748
1.0,0.9045542
0.0,0.5753601
0.0,0.09845647
1.0,0.992978
1.0,0.90542865
0.0,0.2216827
0.0,0.016877443
1.0,0.993482
0.0,0.03982225
0.0,0.008261114
0.0,0.011411101
1.0,0.97398293
0.0,0.024632752
0.0,0.018136263
1.0,0.96519804
1.0,0.8384985
0.0,0.26437086
0.0,0.00874275
0.0,0.019644469
1.0,0.9948764
1.0,0.99648005
1.0,0.6398918
0.0,0.01122278
0.0,0.010422945
0.0,0.043007582
0.0,0.003682226
1.0,0.8977144
0.0,0.020256907
0.0,0.730032
0.0,0.06605011
0.0,0.8070588
0.0,0.06269756
0.0,0.010755718
0.0,0.3074018
0.0,0.015858859
0.0,0.009421676
1.0,0.26667428
1.0,0.97721714
0.0,0.52089185
0.0,0.45417312
1.0,0.04437062
0.0,0.0065359175
1.0,0.9420721
0.0,0.06821033
0.0,0.0057230294
1.0,0.99803317
1.0,0.9953456
0.0,0.91843605
0.0,0.2715402
1.0,0.25396907
0.0,0.10267162
0.0,0.1454072
0.0,0.99985284
0.0,0.005972415
1.0,0.95453
1.0,0.1729641
0.0,0.4960298
0.0,0.0045319796
0.0,0.064750075
1.0,0.96980274
0.0,0.05918476
1.0,0.5695321
0.0,0.083987534
1.0,0.6157701
1.0,0.9236816
0.0,0.07004514
1.0,0.51167554
0.0,0.5642729
0.0,0.0038959682
1.0,0.99798995
1.0,0.14584586
0.0,0.010517865
0.0,0.4028836
0.0,0.79708993
0.0,0.67060435
1.0,0.94852906
0.0,0.09192324
0.0,0.124334276
0.0,0.008262843
1.0,0.9854212
0.0,0.015628189
0.0,0.8990747
1.0,0.9894339
0.0,0.005478412
0.0,0.7150344
0.0,0.24238977
1.0,0.3360477
0.0,0.43152666
1.0,0.9675609
0.0,0.008791745
1.0,0.2646712
1.0,0.455795
1.0,0.9976407
1.0,0.97517896
0.0,0.0018818676
1.0,0.933831
0.0,0.0073592663
1.0,0.9993689
1.0,0.93994755
0.0,0.08205578
1.0,0.9620055
0.0,0.004603088
1.0,0.30291584
1.0,0.23835051
0.0,0.04647401
0.0,0.99478793
1.0,0.9998672
1.0,0.24649253
0.0,0.26734456
0.0,0.5270972
0.0,0.002173841
0.0,0.023113966
0.0,0.7576957
1.0,0.9399569
1.0,0.8565061
1.0,0.46952772
1.0,0.75017905
1.0,0.9996332
1.0,0.999646
0.0,0.65581053
1.0,0.9543349
0.0,0.012777507
0.0,0.009941995
0.0,0.25197828
1.0,0.088254094
1.0,0.54073006
0.0,0.035798132
0.0,0.011738628
0.0,0.9855944
1.0,0.9537458
1.0,0.44324175
1.0,0.9653628
0.0,0.004085809
0.0,0.9956376
0.0,0.12000877
0.0,0.1261214
0.0,0.029584318
0.0,0.011258721
1.0,0.9995457
1.0,0.9449331
0.0,0.026527405
0.0,0.073283166
0.0,0.6617602
0.0,0.44568926
0.0,0.9302726
0.0,0.4919443
0.0,0.6111279
1.0,0.94544256
0.0,0.08872822
1.0,0.9211825
0.0,0.00920552
0.0,0.87735975
0.0,0.022545815
0.0,0.20593002
1.0,0.9756993
1.0,0.71513575
1.0,0.8160763
1.0,0.7321807
0.0,0.0032143593
0.0,0.09888098
1.0,0.90158224
1.0,0.94249046
0.0,0.57056683
0.0,0.005299896
0.0,0.019432575
1.0,0.49095333
0.0,0.006054431
1.0,0.08264086
0.0,0.01289171
0.0,0.06695473
0.0,0.010901153
0.0,0.009525001
0.0,0.16365072
0.0,0.04187411
0.0,0.08784351
1.0,0.9962652
0.0,0.008600056
0.0,0.75906676
0.0,0.04372573
1.0,0.19351113
0.0,0.02439934
1.0,0.9986774
0.0,0.0021585822
0.0,0.01013723
0.0,0.004884064
0.0,0.5994771
0.0,0.014546752
0.0,0.0027288795
1.0,0.99173
0.0,0.61947984
1.0,0.73839736
1.0,0.81750923
0.0,0.018430948
0.0,0.04664901
1.0,0.9878222
1.0,0.999735
0.0,0.20027342
0.0,0.42382783
0.0,0.022679776
0.0,0.83623433
0.0,0.010581285
1.0,0.9298259
0.0,0.010961354
1.0,0.6630449
1.0,0.14557767
0.0,0.89158136
0.0,0.2512579
0.0,0.016079098
0.0,0.005562961
0.0,0.75698936
0.0,0.0071509182
0.0,0.015570641
0.0,0.8357052
1.0,0.8848264
1.0,0.69448006
0.0,0.02743867
0.0,0.014129609
0.0,0.6390327
1.0,0.93564993
0.0,0.0064899623
0.0,0.017231733
1.0,0.7580471
1.0,0.99622446
0.0,0.26949704
0.0,0.2563092
0.0,0.0068612695
1.0,0.99865687
0.0,0.04367408
1.0,0.99896777
1.0,0.91471225
0.0,0.018726438
0.0,0.04231873
0.0,0.0119384825
1.0,0.7074183
0.0,0.16233179
1.0,0.5922847
0.0,0.013193458
1.0,0.9519253
0.0,0.18239105
0.0,0.029477
0.0,0.000513196
1.0,0.99977314
0.0,0.027844548
1.0,0.9996783
1.0,0.9338314
0.0,0.0023329258
1.0,0.18574291
0.0,0.14697415
1.0,0.34608608
0.0,0.0041389167
1.0,0.99925566
0.0,0.0067299306
1.0,0.44090474
1.0,0.98947096
1.0,0.99976605
0.0,0.016239941
1.0,0.99398524
1.0,0.8147532
0.0,0.12811941
1.0,0.9902305
1.0,0.85471153
1.0,0.07527879
0.0,0.19997698
0.0,0.014514802
0.0,0.9941268
0.0,0.012898659
