0.0,0.18921208
0.0,0.83508915
1.0,0.3215833
0.0,0.08788833
1.0,0.48168814
0.0,0.021494806
1.0,0.94561017
1.0,0.71052617
1.0,0.7163676
0.0,0.0066678226
0.0,0.32825813
1.0,0.9372833
0.0,0.009575009
0.0,0.073991686
0.0,0.03060335
0.0,0.0034738183
1.0,0.14510772
0.0,0.037998617
0.0,0.010598272
1.0,0.56854755
1.0,0.6930468
0.0,0.006829709
1.0,0.9568407
0.0,0.01187858
0.0,0.0074273944
1.0,0.7205141
0.0,0.059604347
1.0,0.87268996
0.0,0.012265444
1.0,0.9127302
0.0,0.015524477
0.0,0.2272403
1.0,0.93192613
1.0,0.98619777
1.0,0.9051157
1.0,0.9719852
1.0,0.5035294
0.0,0.021412611
1.0,0.93816155
1.0,0.025975108
1.0,0.93328977
1.0,0.9790493
0.0,0.014216512
1.0,0.95002735
1.0,0.88817894
0.0,0.041479856
0.0,0.004098296
0.0,0.0842984
0.0,0.020682812
1.0,0.9904398
0.0,0.2578683
1.0,0.7904458
1.0,0.97528213
1.0,0.720351
0.0,0.014919102
0.0,0.007598847
0.0,0.048277736
1.0,0.04876837
1.0,0.603071
1.0,0.16638622
1.0,0.9847684
0.0,0.35203618
1.0,0.9815582
1.0,0.8848964
1.0,0.98170006
0.0,0.24150291
0.0,0.05196488
1.0,0.9693527
0.0,0.010998875
1.0,0.9287963
0.0,0.26761633
1.0,0.9246771
0.0,0.0019779205
0.0,0.056622
1.0,0.4198721
0.0,0.059383065
0.0,0.009376287
0.0,0.26573384
0.0,0.008380502
1.0,0.9287712
0.0,0.02126494
1.0,0.9791174
1.0,0.95809674
1.0,0.99591947
1.0,0.9775567
1.0,0.818949
1.0,0.9794557
0.0,0.16851622
0.0,0.021965325
1.0,0.79207313
0.0,0.0050593913
1.0,0.17329317
0.0,0.011570424
0.0,0.72274715
0.0,0.39604208
1.0,0.95703256
0.0,0.027657598
0.0,0.04779014
1.0,0.48940924
1.0,0.98169994
0.0,0.0112709105
0.0,0.038635224
1.0,0.021849036
0.0,0.10698104
0.0,0.117459774
1.0,0.8316908
1.0,0.03396687
0.0,0.022970855
1.0,0.015520453
1.0,0.98709977
1.0,0.9336257
0.0,0.05659783
1.0,0.035431206
0.0,0.05464548
0.0,0.026768059
1.0,0.53580564
0.0,0.025885016
1.0,0.3126538
1.0,0.5654927
1.0,0.96845466
0.0,0.18898499
1.0,0.9868108
0.0,0.9301736
0.0,0.019424975
0.0,0.24191377
1.0,0.55607474
0.0,0.008759469
0.0,0.104949206
1.0,0.95332
1.0,0.7304108
1.0,0.97929835
0.0,0.038506597
0.0,0.017174035
1.0,0.25172007
1.0,0.9739655
0.0,0.62206185
0.0,0.012612432
0.0,0.01776585
0.0,0.052169353
0.0,0.022734523
1.0,0.73275733
0.0,0.11640009
1.0,0.108570814
0.0,0.011941731
0.0,0.009983808
0.0,0.0018219352
1.0,0.19830608
0.0,0.010037601
0.0,0.020382434
0.0,0.023724377
0.0,0.08732656
0.0,0.005934298
0.0,0.01048857
0.0,0.9078498
0.0,0.13904187
1.0,0.96560085
0.0,0.0037095547
0.0,0.0075884163
1.0,0.98940396
0.0,0.015877247
0.0,0.11716661
0.0,0.033710808
0.0,0.021353364
0.0,0.110948116
1.0,0.9935341
0.0,0.11274883
1.0,0.90576756
0.0,0.051990807
0.0,0.0060712993
1.0,0.73159456
0.0,0.96101534
0.0,0.9618402
0.0,0.9237938
0.0,0.0017826855
1.0,0.77569413
1.0,0.89445996
0.0,0.049319237
1.0,0.6580268
0.0,0.38475043
1.0,0.9510771
1.0,0.7968061
1.0,0.9745357
1.0,0.97273517
1.0,0.979764
0.0,0.83037984
0.0,0.002700895
0.0,0.008249223
0.0,0.98077226
0.0,0.07753241
0.0,0.045065463
1.0,0.18513587
0.0,0.0018767118
0.0,0.79961884
1.0,0.9719227
1.0,0.76907957
1.0,0.9926338
0.0,0.008009821
0.0,0.05133748
0.0,0.007560849
1.0,0.07435435
0.0,0.24722898
0.0,0.11252934
0.0,0.6234536
0.0,0.37722299
0.0,0.13245258
1.0,0.078549385
0.0,0.0262748
1.0,0.15024546
0.0,0.0021440685
0.0,0.03957972
0.0,0.0062121153
1.0,0.95523685
0.0,0.051623374
0.0,0.07836187
0.0,0.033019632
0.0,0.008642137
0.0,0.87337244
0.0,0.18087152
1.0,0.98568964
0.0,0.012290686
0.0,0.011082381
1.0,0.31038755
1.0,0.984915
0.0,0.22639033
0.0,0.018374652
0.0,0.0037403703
0.0,0.07205701
0.0,0.029053807
0.0,0.1290308
1.0,0.9639988
0.0,0.053206712
1.0,0.32300723
0.0,0.008998483
1.0,0.26447245
1.0,0.4312516
0.0,0.025267303
0.0,0.0717147
0.0,0.02824065
1.0,0.9107618
1.0,0.7736372
1.0,0.98412734
1.0,0.70946264
0.0,0.021017164
0.0,0.8387257
1.0,0.98166907
0.0,0.44238126
0.0,0.004799664
0.0,0.0137476325
0.0,0.093153805
0.0,0.0811806
0.0,0.02374363
0.0,0.08071029
1.0,0.45888683
0.0,0.029625773
0.0,0.077655554
0.0,0.031555653
1.0,0.8996973
1.0,0.9589407
0.0,0.031164676
0.0,0.20938605
0.0,0.034537315
1.0,0.9868373
0.0,0.030734241
0.0,0.0027436614
0.0,0.024178982
0.0,0.023244053
1.0,0.98392904
1.0,0.9093305
1.0,0.9704484
0.0,0.018312842
1.0,0.9110044
0.0,0.034873366
0.0,0.053818643
0.0,0.5175324
1.0,0.95858574
1.0,0.4393061
0.0,0.0044435263
0.0,0.023623586
1.0,0.8783328
1.0,0.31028098
0.0,0.02978915
1.0,0.08774382
1.0,0.9757143
0.0,0.6934139
0.0,0.19987735
0.0,0.058831662
0.0,0.023664892
0.0,0.40658548
0.0,0.024128497
1.0,0.98507583
0.0,0.015053898
0.0,0.022961527
1.0,0.99402153
0.0,0.008028656
1.0,0.9534054
1.0,0.025578469
1.0,0.89366996
1.0,0.86540604
1.0,0.96866035
0.0,0.053277463
1.0,0.9338685
0.0,0.80642015
1.0,0.99230313
0.0,0.51789343
0.0,0.26541921
0.0,0.023706853
0.0,0.0396595
0.0,0.18957919
1.0,0.97444177
0.0,0.9523016
1.0,0.7536754
0.0,0.873943
1.0,0.7856877
1.0,0.98217976
0.0,0.022735119
0.0,0.008363038
0.0,0.023400873
1.0,0.916294
1.0,0.14545202
0.0,0.0023788512
0.0,0.0022454262
0.0,0.008456886
0.0,0.022152662
1.0,0.90807086
1.0,0.7684665
0.0,0.030920029
0.0,0.059752136
1.0,0.773167
1.0,0.98483765
1.0,0.30633146
0.0,0.056209236
0.0,0.79266965
0.0,0.004506767
0.0,0.72268564
1.0,0.976835
1.0,0.83708286
0.0,0.044583052
0.0,0.046846837
0.0,0.0069717467
0.0,0.45428532
0.0,0.0057483613
0.0,0.17398143
1.0,0.5631829
0.0,0.1377775
0.0,0.024311543
0.0,0.053593516
0.0,0.3488402
0.0,0.84839666
0.0,0.03486815
0.0,0.0059514344
1.0,0.4861139
0.0,0.039585084
1.0,0.72512543
0.0,0.0053215623
0.0,0.18645415
0.0,0.20609069
0.0,0.002893716
0.0,0.9733827
1.0,0.64809686
1.0,0.90785396
0.0,0.6205006
1.0,0.841996
0.0,0.010964185
0.0,0.24838528
0.0,0.45848528
0.0,0.24909067
0.0,0.015909314
0.0,0.0015882254
1.0,0.30100983
0.0,0.013693839
1.0,0.9810428
0.0,0.059550583
1.0,0.44181898
0.0,0.159226
1.0,0.051377326
1.0,0.9607029
1.0,0.9608251
0.0,0.0030926168
0.0,0.019096285
1.0,0.9509597
0.0,0.03236851
0.0,0.028851092
1.0,0.022100478
1.0,0.9791981
0.0,0.26551306
1.0,0.9742863
1.0,0.9819455
0.0,0.6180575
0.0,0.028336793
0.0,0.2803635
0.0,0.028745025
0.0,0.018452376
0.0,0.059799552
1.0,0.97167695
0.0,0.09501514
1.0,0.79438186
1.0,0.22508177
0.0,0.013427377
0.0,0.07460052
0.0,0.848058
1.0,0.97475606
1.0,0.9455104
1.0,0.4244551
0.0,0.2276217
1.0,0.9611654
1.0,0.89316165
0.0,0.0032393932
0.0,0.2304106
0.0,0.9240345
0.0,0.813251
1.0,0.9441756
0.0,0.032918632
1.0,0.44956782
0.0,0.79278535
0.0,0.05783862
0.0,0.021538705
0.0,0.011363536
0.0,0.012008518
0.0,0.030852735
0.0,0.035434604
0.0,0.014297843
0.0,0.02521503
0.0,0.42289203
0.0,0.12024522
0.0,0.017124623
0.0,0.33754838
0.0,0.029472202
1.0,0.7332903
0.0,0.1454528
1.0,0.95789355
0.0,0.01207
0.0,0.016300857
0.0,0.004788637
0.0,0.85973966
0.0,0.5403248
0.0,0.09765631
0.0,0.046684384
0.0,0.002263546
0.0,0.021620572
0.0,0.035995692
0.0,0.58585346
1.0,0.92739
0.0,0.020431101
0.0,0.01190275
0.0,0.47877136
0.0,0.04177597
1.0,0.634743
0.0,0.8233083
1.0,0.30739343
0.0,0.0036949515
0.0,0.1871956
1.0,0.962249
0.0,0.90303695
1.0,0.81104
1.0,0.9186756
1.0,0.9343105
1.0,0.96211636
0.0,0.004409194
1.0,0.7695756
0.0,0.010781705
0.0,0.024839312
0.0,0.063076764
1.0,0.9927516
0.0,0.006960422
0.0,0.031030029
1.0,0.4541602
1.0,0.99681824
0.0,0.09894785
0.0,0.0043037236
1.0,0.7039868
0.0,0.074436665
1.0,0.73215157
0.0,0.5161368
0.0,0.2527526
1.0,0.8843876
0.0,0.81311846
0.0,0.0048395693
1.0,0.07055113
0.0,0.019404292
1.0,0.98685807
0.0,0.004700154
1.0,0.46793905
1.0,0.5070187
1.0,0.7673981
1.0,0.97173715
0.0,0.13431513
0.0,0.0400306
1.0,0.84334064
0.0,0.022422016
0.0,0.28101674
1.0,0.7770892
1.0,0.87673956
1.0,0.9458167
0.0,0.0067445636
1.0,0.93912804
1.0,0.9025173
0.0,0.11628133
1.0,0.9579778
0.0,0.45591602
1.0,0.84824395
1.0,0.9174463
0.0,0.74460804
0.0,0.54406077
1.0,0.21928161
0.0,0.31804663
1.0,0.9764693
0.0,0.93242437
0.0,0.02945444
0.0,0.90229243
1.0,0.9890502
0.0,0.0028683245
0.0,0.0036754906
0.0,0.7908759
1.0,0.39856243
0.0,0.027125657
0.0,0.0041733086
0.0,0.063411176
0.0,0.79214907
1.0,0.57626617
1.0,0.90778005
0.0,0.09204224
0.0,0.66139156
0.0,0.0690583
0.0,0.052509427
0.0,0.01878035
1.0,0.9394031
0.0,0.01973787
1.0,0.9643847
0.0,0.70835334
0.0,0.16030946
1.0,0.79155874
0.0,0.013852775
0.0,0.05329168
0.0,0.028564066
0.0,0.0050515532
0.0,0.1130971
0.0,0.0023480952
0.0,0.023336768
0.0,0.034662306
1.0,0.89058393
1.0,0.98174524
0.0,0.002756834
0.0,0.032077253
1.0,0.96212655
0.0,0.012289047
1.0,0.91512764
0.0,0.2451618
0.0,0.0021667778
1.0,0.90052944
0.0,0.11823875
1.0,0.6640785
0.0,0.22480938
1.0,0.24204838
0.0,0.027452886
0.0,0.035627723
0.0,0.65583843
1.0,0.9792619
0.0,0.0037480295
0.0,0.030447274
0.0,0.012701333
0.0,0.96720314
1.0,0.3850671
0.0,0.01801157
0.0,0.0071466267
1.0,0.94601387
1.0,0.028378934
0.0,0.13590351
1.0,0.74842304
0.0,0.05588743
0.0,0.16168791
1.0,0.92116606
1.0,0.99424756
0.0,0.35838628
1.0,0.9562775
1.0,0.9814971
0.0,0.016112804
0.0,0.046137124
0.0,0.027344972
1.0,0.0709987
0.0,0.002280563
0.0,0.03178051
0.0,0.004731685
1.0,0.9942917
1.0,0.35352117
0.0,0.011493802
1.0,0.49361932
1.0,0.03897199
0.0,0.400598
1.0,0.934572
0.0,0.05157855
1.0,0.935475
0.0,0.0798201
1.0,0.9061532
0.0,0.0152978
0.0,0.015123516
1.0,0.7435729
0.0,0.005436003
1.0,0.9023172
0.0,0.022543192
0.0,0.020560592
0.0,0.015759379
1.0,0.7495723
0.0,0.29841486
1.0,0.61065435
0.0,0.0041483045
1.0,0.33166218
1.0,0.2998827
0.0,0.0033563972
1.0,0.98516715
1.0,0.9687919
1.0,0.1205802
1.0,0.85026556
0.0,0.02810508
0.0,0.015271276
0.0,0.79965305
1.0,0.93227875
1.0,0.51585066
0.0,0.021887273
0.0,0.03784606
0.0,0.11151031
1.0,0.89300996
0.0,0.35123378
1.0,0.009889275
1.0,0.95982456
0.0,0.017055094
0.0,0.043079972
1.0,0.97294533
0.0,0.8028562
1.0,0.97684383
0.0,0.72920656
0.0,0.033860564
0.0,0.015569985
1.0,0.04998812
0.0,0.037592232
1.0,0.97474366
0.0,0.013971955
1.0,0.5402717
0.0,0.60789186
0.0,0.07536405
1.0,0.03494841
1.0,0.35527042
1.0,0.6981435
1.0,0.92849374
0.0,0.03607875
0.0,0.01865369
0.0,0.28690246
0.0,0.0018132925
1.0,0.95606995
1.0,0.7639598
0.0,0.0026457608
0.0,0.01576072
0.0,0.002351582
1.0,0.71898025
0.0,0.020906001
0.0,0.034987092
0.0,0.05312845
0.0,0.1380133
0.0,0.03398791
0.0,0.19746265
1.0,0.8651835
0.0,0.94801927
1.0,0.34630948
0.0,0.048458427
0.0,0.24469116
1.0,0.6910139
1.0,0.8977937
1.0,0.95284116
0.0,0.025742799
0.0,0.35774267
1.0,0.16858599
0.0,0.0047409236
0.0,0.020585924
0.0,0.17012861
1.0,0.890992
0.0,0.0410316
0.0,0.053952903
1.0,0.97425497
0.0,0.11807421
1.0,0.9938649
1.0,0.9282414
1.0,0.97535276
0.0,0.0141094625
1.0,0.9592912
1.0,0.7783056
0.0,0.04852268
1.0,0.29074118
0.0,0.014877558
0.0,0.21496451
0.0,0.07843509
0.0,0.0022528768
1.0,0.94535327
1.0,0.28609478
1.0,0.9933913
1.0,0.96104777
1.0,0.986333
0.0,0.45969465
0.0,0.9858904
1.0,0.97686064
0.0,0.022648603
1.0,0.7226514
1.0,0.9813373
0.0,0.03467849
1.0,0.05953914
1.0,0.3442434
0.0,0.02649355
0.0,0.025334984
0.0,0.011531264
0.0,0.034108102
1.0,0.5492128
1.0,0.9638818
0.0,0.004515648
0.0,0.025619775
1.0,0.05630052
1.0,0.8242619
1.0,0.054581374
0.0,0.02379769
1.0,0.7268619
1.0,0.105775
0.0,0.024102122
0.0,0.2081022
1.0,0.91329944
1.0,0.98124063
0.0,0.4212012
1.0,0.8476368
0.0,0.11511558
0.0,0.856979
1.0,0.9802255
0.0,0.6437041
1.0,0.9697827
0.0,0.81293
0.0,0.32574144
0.0,0.092728764
1.0,0.9406402
1.0,0.431383
0.0,0.011587888
0.0,0.009891361
1.0,0.809613
0.0,0.016208023
1.0,0.97299266
1.0,0.89507866
1.0,0.8197707
0.0,0.050226748
0.0,0.8070022
0.0,0.82383037
0.0,0.012404859
0.0,0.0019190311
1.0,0.99458253
0.0,0.24943674
0.0,0.018904537
1.0,0.9833759
0.0,0.013412863
1.0,0.05029422
1.0,0.830081
0.0,0.016843766
0.0,0.20406973
0.0,0.71243954
0.0,0.007140398
0.0,0.0018165708
0.0,0.013095021
0.0,0.014268726
0.0,0.9214095
1.0,0.5738564
1.0,0.95818675
0.0,0.759385
0.0,0.49911076
0.0,0.012520671
0.0,0.030707926
0.0,0.019065976
1.0,0.022538483
0.0,0.020507634
0.0,0.0048561394
1.0,0.9943907
1.0,0.73460066
0.0,0.014821053
0.0,0.96459717
0.0,0.0025722086
0.0,0.029011935
0.0,0.0024669468
0.0,0.034509957
1.0,0.91968215
1.0,0.7283063
1.0,0.9145973
0.0,0.0025253296
1.0,0.78042483
1.0,0.96033657
0.0,0.07934368
0.0,0.001470536
1.0,0.8075762
1.0,0.18829566
1.0,0.9083251
1.0,0.9439267
1.0,0.7721561
0.0,0.055048376
0.0,0.23009288
1.0,0.36196882
0.0,0.010507286
1.0,0.9480195
0.0,0.009398162
1.0,0.51646364
0.0,0.026725918
0.0,0.16632646
0.0,0.014912695
0.0,0.015690207
0.0,0.24277112
0.0,0.0024343133
0.0,0.002396047
0.0,0.027361453
0.0,0.63801
0.0,0.0036123395
0.0,0.008212298
1.0,0.9267398
1.0,0.7569256
1.0,0.97757995
0.0,0.97576797
0.0,0.46768653
0.0,0.82525444
0.0,0.03562826
1.0,0.9864367
1.0,0.23537913
1.0,0.9095452
1.0,0.9819302
0.0,0.88966423
0.0,0.014796644
0.0,0.0037392676
1.0,0.8176452
0.0,0.0180147
1.0,0.005481422
1.0,0.9814687
0.0,0.13138387
0.0,0.014696419
0.0,0.0086996555
0.0,0.7532124
1.0,0.9080785
1.0,0.9759071
0.0,0.025314897
1.0,0.94118834
1.0,0.7526825
0.0,0.5666315
0.0,0.027885854
1.0,0.3568122
0.0,0.0032839775
0.0,0.08216387
0.0,0.0035369098
0.0,0.2962711
0.0,0.02866739
1.0,0.49663445
0.0,0.03901738
0.0,0.5673905
1.0,0.98288023
1.0,0.89719737
0.0,0.515099
0.0,0.6352156
1.0,0.8132403
0.0,0.10647574
0.0,0.0015029907
1.0,0.5162452
0.0,0.07722148
0.0,0.022986233
0.0,0.03345117
1.0,0.9639075
0.0,0.1653822
1.0,0.8508568
1.0,0.9744623
1.0,0.99543
0.0,0.012135804
1.0,0.81203073
0.0,0.037787586
1.0,0.95952094
0.0,0.09324619
1.0,0.9686167
0.0,0.036048412
0.0,0.021870196
1.0,0.97516763
0.0,0.009240419
0.0,0.007538885
1.0,0.60527873
1.0,0.87295365
1.0,0.05829093
1.0,0.83483243
1.0,0.5377493
1.0,0.9694351
1.0,0.77416486
0.0,0.015099436
1.0,0.06626868
1.0,0.990934
0.0,0.06837821
0.0,0.0056049824
0.0,0.0021636486
1.0,0.5553633
0.0,0.015812635
0.0,0.07601252
0.0,0.25243497
1.0,0.9540591
0.0,0.012205899
0.0,0.08855289
1.0,0.5563922
1.0,0.95264256
1.0,0.875762
1.0,0.10411781
0.0,0.983516
0.0,0.07148731
0.0,0.060412407
0.0,0.0445157
0.0,0.0032711923
0.0,0.056269318
0.0,0.030246884
1.0,0.046190023
1.0,0.96279585
0.0,0.025725394
1.0,0.8856633
0.0,0.010879725
0.0,0.0033675134
1.0,0.9815763
0.0,0.015695035
0.0,0.9095667
0.0,0.014248043
0.0,0.117926866
0.0,0.025220841
0.0,0.013883352
0.0,0.94304997
1.0,0.7176472
0.0,0.036381155
0.0,0.15522796
1.0,0.8947704
0.0,0.008275926
1.0,0.8140729
0.0,0.032252878
0.0,0.0031005144
0.0,0.0146095455
0.0,0.229076
0.0,0.0018547475
0.0,0.00955832
0.0,0.0310255
0.0,0.03407997
0.0,0.7946383
1.0,0.731601
0.0,0.04079631
1.0,0.695392
0.0,0.560342
1.0,0.038092256
0.0,0.059021384
0.0,0.003166914
0.0,0.06304389
1.0,0.9545752
1.0,0.035937905
1.0,0.17723477
0.0,0.026480585
0.0,0.55123955
1.0,0.79333
0.0,0.011159688
0.0,0.068706095
1.0,0.2983002
0.0,0.012225062
1.0,0.94552934
1.0,0.19305095
0.0,0.009765327
1.0,0.513752
0.0,0.120108396
1.0,0.16547441
0.0,0.23428273
1.0,0.9887043
0.0,0.0015785694
0.0,0.98440325
0.0,0.047360152
0.0,0.036579043
0.0,0.0067207813
0.0,0.062396735
0.0,0.023404121
1.0,0.95249754
0.0,0.005618453
0.0,0.001964718
0.0,0.002027005
0.0,0.109782994
0.0,0.14023599
1.0,0.09790823
0.0,0.5067606
0.0,0.098368526
1.0,0.49788514
0.0,0.56127965
1.0,0.9444375
0.0,0.68760955
1.0,0.9215057
1.0,0.95549977
0.0,0.010196239
1.0,0.99455416
0.0,0.43589658
0.0,0.023382336
0.0,0.03516397
0.0,0.09581959
1.0,0.07312676
1.0,0.98390126
0.0,0.061872363
0.0,0.1668368
1.0,0.9922408
0.0,0.051500082
1.0,0.6852627
1.0,0.026865274
1.0,0.8421991
0.0,0.032188356
1.0,0.6621179
0.0,0.024736285
1.0,0.91190034
1.0,0.14592335
0.0,0.2592811
0.0,0.7804502
0.0,0.025826275
0.0,0.14412841
1.0,0.6843803
1.0,0.93575704
1.0,0.9869194
0.0,0.022834808
0.0,0.00349769
1.0,0.96189225
0.0,0.93530166
0.0,0.0013294518
0.0,0.026191771
1.0,0.6352132
0.0,0.040280342
0.0,0.015528053
0.0,0.09256768
0.0,0.043180972
1.0,0.74214673
1.0,0.9760079
0.0,0.08136964
0.0,0.02845025
0.0,0.011431664
1.0,0.98563343
0.0,0.027142733
0.0,0.78528285
1.0,0.90209174
0.0,0.007830262
0.0,0.7378637
1.0,0.98174167
0.0,0.06866467
1.0,0.27801302
1.0,0.1495898
0.0,0.028823823
0.0,0.036557913
0.0,0.006844938
0.0,0.0130186975
1.0,0.9771378
1.0,0.9970913
1.0,0.9823744
1.0,0.15076214
0.0,0.90600675
0.0,0.030191988
1.0,0.80019736
1.0,0.9893515
0.0,0.07514399
0.0,0.025040299
1.0,0.4178155
0.0,0.009125203
1.0,0.73542136
0.0,0.012127429
0.0,0.22332308
1.0,0.98324347
0.0,0.02363491
0.0,0.0031193495
0.0,0.025339276
0.0,0.027234167
0.0,0.272775
1.0,0.08323476
0.0,0.026240438
1.0,0.9649256
0.0,0.10958305
1.0,0.9676532
0.0,0.22788864
1.0,0.79441255
1.0,0.9692062
1.0,0.992935
0.0,0.9214901
0.0,0.0022524893
1.0,0.16571057
0.0,0.069639
0.0,0.043619365
1.0,0.896458
1.0,0.29895508
0.0,0.28199106
1.0,0.93584305
1.0,0.9766698
0.0,0.90592647
0.0,0.016031563
0.0,0.80200446
0.0,0.011989713
0.0,0.0020433068
0.0,0.89716053
1.0,0.97718763
1.0,0.98162365
1.0,0.9507731
0.0,0.0015240312
0.0,0.012722343
0.0,0.014552563
0.0,0.024794549
0.0,0.02510348
0.0,0.029529184
1.0,0.9139948
1.0,0.94960845
1.0,0.69031936
0.0,0.09751776
0.0,0.025516719
1.0,0.8932745
0.0,0.15768567
0.0,0.5006057
1.0,0.90349966
0.0,0.78031385
0.0,0.8601322
1.0,0.8219
0.0,0.043546736
1.0,0.6875354
1.0,0.88394386
0.0,0.94629335
0.0,0.015257716
1.0,0.99415165
0.0,0.0065487623
0.0,0.4758119
1.0,0.6981948
1.0,0.97653747
1.0,0.7340483
1.0,0.9459014
0.0,0.96251965
0.0,0.042132705
0.0,0.0039408505
1.0,0.7868108
0.0,0.9815035
1.0,0.7181945
0.0,0.7873272
1.0,0.91167307
1.0,0.7463494
0.0,0.08370373
0.0,0.03504616
0.0,0.0033859909
0.0,0.36290166
0.0,0.02747637
0.0,0.012535185
1.0,0.4017914
1.0,0.14608449
0.0,0.89857733
1.0,0.96797657
1.0,0.7433234
0.0,0.0048039258
0.0,0.2092126
1.0,0.8547003
1.0,0.17421669
0.0,0.016498297
0.0,0.115829885
0.0,0.012711495
0.0,0.024309695
1.0,0.61415005
1.0,0.9583305
0.0,0.05036202
0.0,0.0025968254
0.0,0.043836713
0.0,0.13377312
0.0,0.020127863
0.0,0.027704895
0.0,0.9423806
0.0,0.52110106
0.0,0.013227433
0.0,0.039459646
0.0,0.12162882
1.0,0.9843246
1.0,0.8775727
0.0,0.010979116
0.0,0.02706039
0.0,0.0015859306
0.0,0.004710734
0.0,0.10661474
0.0,0.30786705
0.0,0.024951667
0.0,0.29409307
1.0,0.92698187
1.0,0.99303305
1.0,0.88752395
1.0,0.91012704
1.0,0.98885065
0.0,0.46117043
0.0,0.037922293
0.0,0.02499476
0.0,0.04653594
1.0,0.7724847
0.0,0.020421296
1.0,0.88251424
0.0,0.040335
0.0,0.40307933
0.0,0.8978896
0.0,0.033510387
0.0,0.05096656
0.0,0.074124694
0.0,0.21962273
0.0,0.01348412
1.0,0.89060795
1.0,0.23471245
0.0,0.12946185
0.0,0.15656674
0.0,0.011192262
0.0,0.009769559
1.0,0.98193085
0.0,0.013964474
1.0,0.06907371
0.0,0.032928497
1.0,0.48301485
0.0,0.011075348
0.0,0.1276407
1.0,0.9019027
0.0,0.0018903911
1.0,0.95195746
0.0,0.064456195
0.0,0.5012982
0.0,0.20131028
0.0,0.0025494993
0.0,0.0030420125
1.0,0.9345808
1.0,0.98859084
0.0,0.44194192
0.0,0.04158187
0.0,0.01579538
0.0,0.23256963
1.0,0.839823
0.0,0.73187757
1.0,0.16061115
1.0,0.37447864
0.0,0.7695406
0.0,0.025421143
0.0,0.05658427
0.0,0.021979272
0.0,0.06548503
0.0,0.049842358
0.0,0.048473507
0.0,0.7052602
0.0,0.19790515
1.0,0.8859263
0.0,0.9793452
0.0,0.011015832
1.0,0.9047339
0.0,0.022230357
0.0,0.046265036
0.0,0.0030440688
0.0,0.024994373
1.0,0.07695985
1.0,0.9729626
1.0,0.95812947
0.0,0.01943937
0.0,0.006114453
0.0,0.016731381
0.0,0.30591673
0.0,0.5227179
0.0,0.73077893
1.0,0.9929459
1.0,0.9792246
1.0,0.9146582
0.0,0.024301767
1.0,0.9812093
1.0,0.49860254
0.0,0.030246556
1.0,0.97689855
0.0,0.019767404
0.0,0.011467725
0.0,0.6737864
1.0,0.98150814
1.0,0.9769374
1.0,0.7690314
0.0,0.8909397
0.0,0.26941448
0.0,0.017279118
1.0,0.96595025
1.0,0.9702463
1.0,0.9482384
1.0,0.8292681
0.0,0.027525932
0.0,0.022668451
0.0,0.03238979
0.0,0.3857648
1.0,0.965595
0.0,0.019605607
0.0,0.06634274
0.0,0.11176747
1.0,0.31089425
0.0,0.022975832
0.0,0.16699556
0.0,0.086894274
0.0,0.31849277
0.0,0.015453279
0.0,0.10569966
0.0,0.015166551
0.0,0.19128284
0.0,0.0030972362
1.0,0.9780129
1.0,0.18568924
0.0,0.14823818
0.0,0.9752083
0.0,0.06198427
1.0,0.8955775
0.0,0.007836014
0.0,0.021842003
0.0,0.532561
0.0,0.009906232
1.0,0.9419934
0.0,0.012614429
0.0,0.059796453
1.0,0.48929602
1.0,0.9257721
1.0,0.940256
0.0,0.026704073
0.0,0.094471484
1.0,0.8230571
1.0,0.96271074
1.0,0.98357415
0.0,0.9041325
0.0,0.37791324
0.0,0.0017468333
1.0,0.10130888
1.0,0.9781312
0.0,0.015263051
0.0,0.77066445
1.0,0.699942
1.0,0.9595118
0.0,0.011236101
1.0,0.81555027
1.0,0.41449764
0.0,0.018144876
1.0,0.30980653
0.0,0.045460254
0.0,0.0065460503
0.0,0.92677355
0.0,0.034970522
1.0,0.7860207
0.0,0.24301869
1.0,0.8284222
1.0,0.7395942
1.0,0.61398125
0.0,0.004653454
0.0,0.47554383
1.0,0.5361583
0.0,0.0020974874
1.0,0.8017032
1.0,0.70492834
0.0,0.96523607
0.0,0.030939281
1.0,0.062432438
1.0,0.97866976
0.0,0.0038414001
1.0,0.7616626
1.0,0.26630345
1.0,0.88428915
1.0,0.9929174
1.0,0.22264579
1.0,0.9660992
0.0,0.024127215
0.0,0.18298101
0.0,0.041428298
1.0,0.9363702
1.0,0.42329335
0.0,0.07450786
0.0,0.036455005
1.0,0.08314991
0.0,0.0059762597
1.0,0.98397017
0.0,0.10362977
1.0,0.82297325
1.0,0.95872694
0.0,0.2273103
1.0,0.3404025
0.0,0.023016125
1.0,0.99077547
1.0,0.9432373
1.0,0.16531458
0.0,0.037190795
0.0,0.024391383
1.0,0.7646849
0.0,0.112692714
1.0,0.8990283
0.0,0.028505266
0.0,0.88411254
0.0,0.08079815
0.0,0.37277022
0.0,0.0043969452
0.0,0.18115437
0.0,0.1392715
1.0,0.9464879
1.0,0.12724105
0.0,0.013210326
1.0,0.97979057
1.0,0.88199735
0.0,0.8694589
0.0,0.7713343
0.0,0.044655114
0.0,0.008513033
0.0,0.018670917
0.0,0.052487552
1.0,0.34379134
1.0,0.98562425
0.0,0.005123794
0.0,0.0040069222
0.0,0.76486987
0.0,0.926996
0.0,0.18039322
1.0,0.9685752
0.0,0.11448327
0.0,0.08011973
1.0,0.82750595
1.0,0.95710593
0.0,0.036908448
0.0,0.15989539
0.0,0.006294787
1.0,0.9250885
1.0,0.86074424
0.0,0.024264097
0.0,0.020843029
0.0,0.005371481
0.0,0.117711365
0.0,0.005350113
1.0,0.9769975
1.0,0.6891022
1.0,0.15828419
0.0,0.002842605
1.0,0.21735755
0.0,0.41294876
1.0,0.9915949
1.0,0.45982304
0.0,0.0057738423
0.0,0.0028152168
0.0,0.007749945
0.0,0.75767374
0.0,0.5071032
1.0,0.9957851
0.0,0.7224542
0.0,0.5945361
0.0,0.01814863
0.0,0.001917094
0.0,0.29481772
0.0,0.070016414
0.0,0.047592074
1.0,0.80109805
1.0,0.97686756
0.0,0.0037970245
0.0,0.7991834
0.0,0.6815109
0.0,0.05888939
1.0,0.9849318
0.0,0.0421682
0.0,0.10350168
1.0,0.2621664
0.0,0.878281
0.0,0.013634622
0.0,0.012011707
0.0,0.005957514
1.0,0.9915302
1.0,0.9272311
0.0,0.0062711835
1.0,0.3682649
1.0,0.9426999
1.0,0.9719697
0.0,0.22628465
0.0,0.100411415
1.0,0.9644349
1.0,0.9624213
0.0,0.010139018
1.0,0.96434546
0.0,0.030749708
1.0,0.94682187
1.0,0.9243372
1.0,0.8748528
0.0,0.018792152
1.0,0.70286345
1.0,0.41557178
0.0,0.09861708
0.0,0.03268993
0.0,0.9831438
0.0,0.03289008
0.0,0.020353407
0.0,0.0052684844
1.0,0.995739
0.0,0.06784737
0.0,0.10194555
0.0,0.11924893
0.0,0.0067340136
0.0,0.053334504
0.0,0.024258047
1.0,0.8730062
0.0,0.015267134
0.0,0.024703562
0.0,0.5882511
1.0,0.860276
1.0,0.8579867
1.0,0.9285192
1.0,0.9807893
0.0,0.012325913
0.0,0.052476972
0.0,0.020775467
0.0,0.088673085
0.0,0.7695708
0.0,0.010431409
1.0,0.9661808
0.0,0.7123599
1.0,0.07026896
1.0,0.054407597
1.0,0.7745973
0.0,0.03618166
0.0,0.012134105
0.0,0.002555102
0.0,0.009730488
1.0,0.29026526
1.0,0.9592019
1.0,0.7690264
1.0,0.89192176
1.0,0.99112487
0.0,0.017649978
0.0,0.047358334
0.0,0.8975779
0.0,0.009895891
1.0,0.96554124
0.0,0.0037599504
0.0,0.84153175
1.0,0.97197366
1.0,0.7688147
0.0,0.020561904
0.0,0.15353987
0.0,0.51398474
0.0,0.5365038
1.0,0.8129739
0.0,0.98096037
0.0,0.49864313
1.0,0.9924673
0.0,0.05984032
1.0,0.96085954
1.0,0.9571074
0.0,0.0022988617
0.0,0.7555567
0.0,0.005063325
0.0,0.017857254
1.0,0.81858784
0.0,0.017544985
0.0,0.051988333
0.0,0.20367911
0.0,0.004624039
1.0,0.9757259
1.0,0.1795288
1.0,0.9157578
1.0,0.9186981
0.0,0.62509906
0.0,0.033917964
1.0,0.8381625
0.0,0.018766165
1.0,0.40707463
0.0,0.03001988
1.0,0.95091754
1.0,0.98727125
0.0,0.6066878
0.0,0.15058568
0.0,0.42580095
0.0,0.029387891
0.0,0.010587007
0.0,0.023117453
1.0,0.8894654
0.0,0.009765655
0.0,0.1037654
0.0,0.30078632
0.0,0.10386613
0.0,0.009547561
0.0,0.0016749501
0.0,0.7533084
0.0,0.0025235415
0.0,0.0017633438
0.0,0.033973515
0.0,0.12710935
0.0,0.02115482
1.0,0.12480578
0.0,0.061280042
1.0,0.9800459
0.0,0.0036642551
0.0,0.0036287904
1.0,0.77889884
0.0,0.0080881715
1.0,0.9730044
0.0,0.09030363
1.0,0.9517151
0.0,0.7815062
0.0,0.025173634
1.0,0.7583396
1.0,0.1291365
0.0,0.004358828
0.0,0.05200866
0.0,0.0020739138
0.0,0.0022351444
0.0,0.006132841
0.0,0.727568
1.0,0.9638505
1.0,0.77668005
0.0,0.13130167
0.0,0.009321541
1.0,0.79064023
1.0,0.95100665
1.0,0.7731068
0.0,0.0016648471
1.0,0.044966966
0.0,0.2163569
1.0,0.5508192
0.0,0.0016691685
1.0,0.7257297
0.0,0.006600857
0.0,0.097635716
0.0,0.046206236
0.0,0.90520716
1.0,0.94573945
0.0,0.048985243
0.0,0.109926224
1.0,0.9715883
0.0,0.01073572
0.0,0.893883
0.0,0.5879286
1.0,0.9772897
0.0,0.6329309
0.0,0.028451234
0.0,0.98414046
1.0,0.9755682
0.0,0.0023703575
0.0,0.8669621
0.0,0.054912418
1.0,0.542432
0.0,0.029082686
1.0,0.9733288
0.0,0.26029062
1.0,0.7345996
1.0,0.9920669
0.0,0.96651244
1.0,0.95629495
1.0,0.9912238
0.0,0.011674404
0.0,0.94820476
0.0,0.010278463
1.0,0.97829294
0.0,0.44318393
1.0,0.4353416
1.0,0.53000396
0.0,0.020468801
1.0,0.9629544
0.0,0.20896542
1.0,0.52753186
0.0,0.68699193
1.0,0.14853925
0.0,0.7660942
1.0,0.018959522
0.0,0.57393414
0.0,0.012030721
0.0,0.007530719
0.0,0.022833854
0.0,0.01832658
0.0,0.002129227
0.0,0.0047626495
0.0,0.2922778
0.0,0.092835575
0.0,0.42921075
0.0,0.33319932
0.0,0.031826854
1.0,0.9625036
1.0,0.19365078
0.0,0.57836914
1.0,0.025336206
0.0,0.038217783
0.0,0.28728947
0.0,0.8093201
0.0,0.07107568
0.0,0.050499022
0.0,0.15856579
1.0,0.91668785
0.0,0.004242301
0.0,0.013388008
1.0,0.01576671
0.0,0.009485602
1.0,0.9395566
0.0,0.08366367
0.0,0.042422265
1.0,0.8689072
0.0,0.012659997
1.0,0.9314319
0.0,0.0068415403
0.0,0.0023772418
0.0,0.013346553
1.0,0.97349155
0.0,0.017315567
1.0,0.14963672
1.0,0.7520921
0.0,0.9807395
0.0,0.0020793676
1.0,0.022951692
0.0,0.0059240162
0.0,0.06492576
0.0,0.81621873
0.0,0.0021259785
0.0,0.8044576
0.0,0.95494556
1.0,0.6533268
0.0,0.020761073
1.0,0.8453275
0.0,0.004178703
0.0,0.0031726956
0.0,0.003908694
1.0,0.89206946
1.0,0.97880745
0.0,0.2892593
0.0,0.41590685
0.0,0.0032774508
0.0,0.104810864
0.0,0.035238385
0.0,0.010018408
0.0,0.0019202232
1.0,0.15564561
1.0,0.9152763
0.0,0.025904715
0.0,0.97680885
1.0,0.11270249
0.0,0.0018424094
1.0,0.92736655
0.0,0.0043431222
0.0,0.026053578
1.0,0.9433663
0.0,0.7755106
1.0,0.27017292
1.0,0.97296953
1.0,0.9854697
0.0,0.34342676
0.0,0.02314189
0.0,0.121775866
1.0,0.9560492
0.0,0.63164854
1.0,0.9843777
0.0,0.03039208
0.0,0.021415263
0.0,0.13591376
1.0,0.9181459
0.0,0.013192683
0.0,0.029664665
0.0,0.5568018
1.0,0.038514167
1.0,0.993187
0.0,0.0922533
0.0,0.01696515
1.0,0.9798463
1.0,0.9868136
1.0,0.9160304
1.0,0.11884728
0.0,0.006176293
1.0,0.934903
0.0,0.2503167
0.0,0.06019625
0.0,0.0038168728
1.0,0.8047437
0.0,0.2773944
0.0,0.086486906
0.0,0.0041606426
1.0,0.8066022
0.0,0.20666933
1.0,0.9605175
1.0,0.94766915
0.0,0.02724871
1.0,0.76733845
0.0,0.032286793
1.0,0.6663522
0.0,0.5117934
0.0,0.014623642
0.0,0.034532905
0.0,0.09100428
1.0,0.99299693
0.0,0.029982477
0.0,0.30188307
0.0,0.56865466
1.0,0.9962969
1.0,0.9404025
0.0,0.033247083
1.0,0.9419335
1.0,0.98046285
1.0,0.9950289
1.0,0.456596
0.0,0.25481546
1.0,0.7213487
0.0,0.08009657
0.0,0.572031
1.0,0.39026028
0.0,0.013656944
0.0,0.015747994
0.0,0.04502842
1.0,0.50131994
0.0,0.58864814
0.0,0.27864072
1.0,0.9565393
0.0,0.011333972
1.0,0.84177613
0.0,0.019857287
0.0,0.9456035
1.0,0.86153877
1.0,0.9584856
0.0,0.0073503554
1.0,0.9526013
1.0,0.98250246
0.0,0.6914387
0.0,0.8277192
1.0,0.73849046
0.0,0.03897065
1.0,0.9714749
0.0,0.048021346
0.0,0.06790689
1.0,0.4413555
1.0,0.9354484
0.0,0.06011504
1.0,0.53464204
0.0,0.09321764
0.0,0.070249796
1.0,0.9786788
0.0,0.029866427
0.0,0.08493093
0.0,0.028151691
1.0,0.63451344
0.0,0.018645436
0.0,0.015922487
1.0,0.87380874
1.0,0.97848284
0.0,0.027193367
0.0,0.4564909
0.0,0.005646646
1.0,0.18345341
0.0,0.7097236
0.0,0.004427016
0.0,0.05018878
0.0,0.0052229166
0.0,0.005095333
1.0,0.24536711
0.0,0.06910315
0.0,0.002399087
0.0,0.44127953
1.0,0.9264895
1.0,0.99410915
1.0,0.8670392
0.0,0.87484777
0.0,0.014316648
0.0,0.9715959
1.0,0.97431356
0.0,0.028257161
1.0,0.5429832
0.0,0.01595354
1.0,0.9864585
0.0,0.06174141
1.0,0.8937254
0.0,0.9154371
1.0,0.46803844
0.0,0.104899645
0.0,0.047650218
1.0,0.8597284
1.0,0.9317702
1.0,0.9833802
0.0,0.14669558
1.0,0.95270723
1.0,0.528483
1.0,0.33383197
0.0,0.0021623373
1.0,0.78261054
0.0,0.028193742
0.0,0.9348191
1.0,0.66701007
0.0,0.34017763
0.0,0.020694315
0.0,0.040299743
0.0,0.049464405
0.0,0.5892656
1.0,0.974203
1.0,0.96670324
0.0,0.3692857
0.0,0.7109861
0.0,0.020910203
1.0,0.99369407
0.0,0.80738294
0.0,0.25837994
0.0,0.0058239102
0.0,0.02392745
0.0,0.023464292
0.0,0.9695823
1.0,0.98352337
1.0,0.97984767
1.0,0.10954556
0.0,0.43584603
0.0,0.0085865855
0.0,0.008688837
0.0,0.026167661
0.0,0.034467578
1.0,0.95081544
0.0,0.026430935
0.0,0.15319821
1.0,0.9936278
0.0,0.08479419
1.0,0.1059207
1.0,0.8896899
0.0,0.4427167
0.0,0.0044270754
0.0,0.05132124
1.0,0.67993504
0.0,0.10929105
0.0,0.028970748
1.0,0.9481785
1.0,0.54321307
0.0,0.0041381717
0.0,0.05545816
0.0,0.7316594
0.0,0.015897095
0.0,0.35046953
1.0,0.31693015
1.0,0.9153592
0.0,0.014730841
0.0,0.0016908646
0.0,0.8231142
0.0,0.27988744
1.0,0.9243337
0.0,0.025409311
1.0,0.98264074
0.0,0.030380517
1.0,0.9659849
0.0,0.008513987
1.0,0.95456433
1.0,0.77386355
0.0,0.035542816
0.0,0.10403079
0.0,0.008159965
0.0,0.05810848
1.0,0.5506404
1.0,0.003811419
1.0,0.20438293
1.0,0.4353448
1.0,0.7922578
0.0,0.0014241934
1.0,0.27729982
1.0,0.75680554
0.0,0.034077853
0.0,0.02456674
0.0,0.030569583
1.0,0.5277634
1.0,0.9783726
0.0,0.8793043
0.0,0.00915131
1.0,0.8916405
0.0,0.01292789
0.0,0.039417237
1.0,0.9717543
0.0,0.5511946
0.0,0.034458697
1.0,0.10041866
1.0,0.93414044
0.0,0.01145646
0.0,0.023327857
0.0,0.020710826
1.0,0.9839009
1.0,0.9523426
0.0,0.75001013
0.0,0.29135823
1.0,0.992779
1.0,0.7535248
0.0,0.010705262
0.0,0.1291081
0.0,0.053687304
1.0,0.3451885
1.0,0.24868429
0.0,0.027999848
0.0,0.09268707
1.0,0.96943915
0.0,0.02188325
0.0,0.023479879
0.0,0.047304153
0.0,0.8470962
1.0,0.9674711
0.0,0.83379346
0.0,0.02100256
0.0,0.91310835
0.0,0.3266968
0.0,0.050177366
1.0,0.7886847
1.0,0.6955325
0.0,0.26627713
1.0,0.97959065
0.0,0.44599593
1.0,0.9620429
1.0,0.03877443
1.0,0.95121753
0.0,0.0096080005
0.0,0.23578203
0.0,0.01372084
1.0,0.9941577
0.0,0.00643909
1.0,0.9899014
0.0,0.04810962
0.0,0.0033150315
1.0,0.12349418
1.0,0.9576979
0.0,0.005757183
1.0,0.7762877
0.0,0.021423042
1.0,0.95138276
0.0,0.0017087162
1.0,0.6170197
1.0,0.05272156
0.0,0.037198454
0.0,0.007371038
0.0,0.01576832
0.0,0.019533366
0.0,0.013004273
0.0,0.89535046
0.0,0.08176285
0.0,0.014613956
0.0,0.957342
0.0,0.0041701794
1.0,0.9562404
0.0,0.3607768
0.0,0.3868271
1.0,0.9927941
0.0,0.059886992
1.0,0.99297017
0.0,0.03198704
1.0,0.98837715
0.0,0.012795925
0.0,0.067828834
1.0,0.9885652
0.0,0.043796003
0.0,0.008697867
0.0,0.0201118
1.0,0.9807291
1.0,0.39693508
0.0,0.010157645
1.0,0.9600303
1.0,0.2333467
1.0,0.9747598
0.0,0.36125708
1.0,0.15299845
1.0,0.9203465
0.0,0.22079352
1.0,0.543238
1.0,0.54672056
0.0,0.04115939
0.0,0.004582882
0.0,0.021444172
0.0,0.028631926
0.0,0.008567989
0.0,0.050991505
0.0,0.021343917
0.0,0.0015461743
1.0,0.91863775
0.0,0.07685354
0.0,0.003271401
0.0,0.018531859
0.0,0.06571686
1.0,0.8126736
0.0,0.0034580827
1.0,0.9100251
0.0,0.3256375
0.0,0.0053980947
1.0,0.6630559
1.0,0.8683525
0.0,0.122483194
0.0,0.010556906
1.0,0.8961532
0.0,0.9299414
0.0,0.02916181
1.0,0.76427937
1.0,0.749951
1.0,0.73441553
1.0,0.81131685
0.0,0.022592962
0.0,0.0039160848
1.0,0.6521932
0.0,0.020242006
0.0,0.0016340315
1.0,0.97976565
1.0,0.79546094
1.0,0.9680414
0.0,0.015769124
1.0,0.18149358
1.0,0.95101565
1.0,0.9680195
0.0,0.004318416
0.0,0.0041671097
1.0,0.17332563
0.0,0.045417696
0.0,0.713775
0.0,0.030772507
1.0,0.9822451
0.0,0.018320292
0.0,0.025432825
0.0,0.052399904
0.0,0.1206384
0.0,0.0740996
0.0,0.004853487
0.0,0.8735841
1.0,0.9931371
0.0,0.054625243
1.0,0.8860622
0.0,0.0051419437
0.0,0.8076676
0.0,0.88441527
1.0,0.010537773
0.0,0.8126674
0.0,0.014988005
0.0,0.0022729635
0.0,0.30919886
0.0,0.06373975
1.0,0.9810052
0.0,0.32596362
1.0,0.9484586
0.0,0.023158759
0.0,0.055940926
0.0,0.030810684
0.0,0.7681012
0.0,0.06358677
0.0,0.58768153
0.0,0.3266688
0.0,0.2248415
1.0,0.89839196
0.0,0.04915628
1.0,0.6669973
1.0,0.62478304
0.0,0.069945484
0.0,0.02508673
1.0,0.7472425
0.0,0.01872158
1.0,0.7407172
1.0,0.71763164
0.0,0.011914521
1.0,0.32755536
0.0,0.0039721727
1.0,0.98159873
0.0,0.115765244
0.0,0.14832881
1.0,0.6126942
0.0,0.8256969
0.0,0.0055261254
0.0,0.76325107
1.0,0.73507947
1.0,0.96006775
0.0,0.0028696358
0.0,0.080195576
1.0,0.599694
0.0,0.7591133
1.0,0.16102621
0.0,0.14434224
1.0,0.119086176
0.0,0.73126096
0.0,0.02640006
0.0,0.8004876
0.0,0.017486662
0.0,0.22644442
1.0,0.027923077
0.0,0.42567423
1.0,0.8999375
0.0,0.02639541
1.0,0.31905782
0.0,0.00685212
0.0,0.0040783286
0.0,0.02390626
0.0,0.033789217
0.0,0.15485734
0.0,0.07555202
0.0,0.05665794
0.0,0.07012817
1.0,0.956388
0.0,0.017293423
0.0,0.06363046
1.0,0.7970053
1.0,0.45006308
0.0,0.028322995
0.0,0.15341139
1.0,0.7619749
0.0,0.23482266
1.0,0.062645614
1.0,0.9239096
1.0,0.7717996
1.0,0.7243291
0.0,0.023667663
0.0,0.0024438202
1.0,0.15459499
0.0,0.27416715
1.0,0.9697984
1.0,0.7772454
1.0,0.98437
0.0,0.07115501
0.0,0.006548971
0.0,0.17449626
0.0,0.025538415
1.0,0.16328141
1.0,0.91915745
0.0,0.103207946
0.0,0.18807238
0.0,0.088484734
0.0,0.29230607
1.0,0.05067408
1.0,0.84836495
1.0,0.95633173
0.0,0.91810036
1.0,0.50912994
1.0,0.5865013
1.0,0.28720725
1.0,0.96885633
0.0,0.2953013
0.0,0.72478366
0.0,0.7819283
0.0,0.0077035427
1.0,0.91638345
1.0,0.9807871
1.0,0.886561
1.0,0.8588972
0.0,0.047531217
0.0,0.004857689
0.0,0.026990712
0.0,0.067248434
1.0,0.87554425
0.0,0.22995302
0.0,0.019732803
0.0,0.15439948
0.0,0.012550443
1.0,0.7594485
1.0,0.829383
1.0,0.9445547
0.0,0.093589604
0.0,0.08368176
1.0,0.7979047
1.0,0.98513913
0.0,0.056259006
1.0,0.9392239
0.0,0.8231952
1.0,0.99182904
1.0,0.991029
1.0,0.6669008
0.0,0.040238798
0.0,0.13030556
1.0,0.97850955
0.0,0.082986236
0.0,0.2916119
1.0,0.9869863
0.0,0.031558394
0.0,0.04893866
0.0,0.09028366
1.0,0.2847874
0.0,0.42373034
0.0,0.41028368
1.0,0.670125
0.0,0.6062394
0.0,0.036780834
0.0,0.03686261
0.0,0.26945603
1.0,0.72247285
0.0,0.8964169
0.0,0.025072545
0.0,0.0025918782
1.0,0.12215477
0.0,0.03507313
0.0,0.002459526
1.0,0.83247054
0.0,0.41529086
0.0,0.012012124
1.0,0.9739865
1.0,0.7691909
0.0,0.0019711852
1.0,0.2815783
1.0,0.31412968
0.0,0.58560646
0.0,0.57550174
1.0,0.58302385
1.0,0.71882
0.0,0.011948019
1.0,0.14303243
1.0,0.30274415
1.0,0.17142189
0.0,0.17401397
1.0,0.17381057
0.0,0.021714717
1.0,0.84568524
0.0,0.00284791
1.0,0.93191135
0.0,0.7790904
0.0,0.13629189
1.0,0.7578306
0.0,0.028062552
1.0,0.9408796
1.0,0.7932539
1.0,0.93414056
1.0,0.6976894
0.0,0.039333075
1.0,0.047706842
0.0,0.5049809
0.0,0.0062133074
0.0,0.041607946
0.0,0.012836784
1.0,0.9529005
0.0,0.01105985
0.0,0.55375457
0.0,0.4683375
0.0,0.5800153
1.0,0.9007901
0.0,0.39602664
0.0,0.0132988095
0.0,0.06058693
0.0,0.6376038
1.0,0.7897492
0.0,0.0058356225
1.0,0.9544852
1.0,0.97483736
0.0,0.8101814
0.0,0.005292803
0.0,0.0038551986
1.0,0.9492121
0.0,0.02870506
1.0,0.0286524
1.0,0.8120003
1.0,0.9580077
0.0,0.7869011
0.0,0.29851133
0.0,0.00819096
0.0,0.68167853
0.0,0.02392447
0.0,0.004994333
0.0,0.36909086
1.0,0.6372032
0.0,0.37219507
1.0,0.8937808
0.0,0.21315837
1.0,0.93684727
1.0,0.9472542
1.0,0.52874035
1.0,0.90556335
0.0,0.21915463
0.0,0.93475497
0.0,0.041421294
1.0,0.77272916
1.0,0.9359772
0.0,0.011751771
1.0,0.2835011
1.0,0.9632055
1.0,0.68662876
1.0,0.18685126
0.0,0.65199167
0.0,0.043655217
1.0,0.9281472
0.0,0.020465642
0.0,0.08246249
1.0,0.9732142
0.0,0.0139788985
0.0,0.7175658
0.0,0.121433824
0.0,0.0048428774
0.0,0.06807554
1.0,0.9742489
0.0,0.0075925887
0.0,0.41032714
1.0,0.10740569
0.0,0.054789394
1.0,0.95062894
0.0,0.2605548
0.0,0.013114095
0.0,0.00483498
0.0,0.47486675
1.0,0.78743774
0.0,0.28743067
0.0,0.13829806
1.0,0.9200712
1.0,0.9053417
0.0,0.0327968
0.0,0.014171869
0.0,0.01350832
1.0,0.48259315
0.0,0.09872937
1.0,0.9138223
1.0,0.84355193
1.0,0.38148558
1.0,0.9615658
1.0,0.9313978
0.0,0.90884787
1.0,0.8835499
1.0,0.9870463
0.0,0.008969426
0.0,0.005438477
0.0,0.02585411
1.0,0.8964275
0.0,0.016413957
0.0,0.01407671
0.0,0.05214992
1.0,0.96885073
0.0,0.05377406
1.0,0.9436904
0.0,0.16769865
0.0,0.65242976
0.0,0.07720849
0.0,0.025509506
0.0,0.019811809
1.0,0.73734105
1.0,0.9814291
0.0,0.03805104
0.0,0.07320011
1.0,0.47129562
0.0,0.002088219
1.0,0.9842415
0.0,0.028421313
0.0,0.014061928
0.0,0.020759046
1.0,0.95944965
1.0,0.8572722
0.0,0.04913199
0.0,0.26555452
1.0,0.77880037
0.0,0.027623087
0.0,0.0054757595
1.0,0.91561365
1.0,0.9873159
1.0,0.9029802
0.0,0.018704683
1.0,0.96825033
1.0,0.9088514
0.0,0.22524783
0.0,0.025319278
0.0,0.0054917634
0.0,0.04161325
0.0,0.0024547875
0.0,0.03294906
1.0,0.56986904
1.0,0.9550655
0.0,0.107720464
0.0,0.012114197
0.0,0.06633219
0.0,0.08818814
1.0,0.9488976
0.0,0.946776
0.0,0.02696073
0.0,0.73998976
0.0,0.9767755
1.0,0.038265437
0.0,0.0041851997
0.0,0.6906183
1.0,0.9618889
0.0,0.044157237
0.0,0.10397425
0.0,0.031454325
0.0,0.009636641
1.0,0.79021984
1.0,0.9065035
0.0,0.0310449
0.0,0.95915246
0.0,0.004697323
0.0,0.95164746
0.0,0.9226569
0.0,0.31856096
0.0,0.003623873
0.0,0.16634595
1.0,0.01102525
0.0,0.029059261
1.0,0.1723567
0.0,0.72714263
0.0,0.0021032095
0.0,0.06989926
0.0,0.19871727
0.0,0.19107968
0.0,0.022462428
1.0,0.97694075
0.0,0.004897237
0.0,0.7273393
0.0,0.060313225
1.0,0.7749407
1.0,0.8843354
0.0,0.02226165
0.0,0.50092894
0.0,0.0030905008
1.0,0.9941325
1.0,0.7381309
1.0,0.981017
0.0,0.08970612
1.0,0.98382646
0.0,0.041457266
0.0,0.003289014
0.0,0.02644831
1.0,0.013375223
0.0,0.0022889972
0.0,0.0076344907
1.0,0.9917612
1.0,0.41064763
0.0,0.012819558
1.0,0.9929074
0.0,0.04860863
1.0,0.79374975
0.0,0.08376846
1.0,0.9214366
0.0,0.9629816
0.0,0.14839959
1.0,0.8876419
0.0,0.0050151944
0.0,0.11481711
0.0,0.03219515
0.0,0.021341026
0.0,0.054615468
0.0,0.017445385
1.0,0.88971436
1.0,0.73908323
0.0,0.59872574
0.0,0.03376761
0.0,0.016778857
0.0,0.13189304
1.0,0.98802197
0.0,0.019584507
0.0,0.050394982
0.0,0.7510685
0.0,0.11873925
0.0,0.0023764074
1.0,0.9497018
1.0,0.94855046
0.0,0.0024217665
0.0,0.013612956
0.0,0.015258253
0.0,0.0060608685
1.0,0.84468675
0.0,0.76917607
0.0,0.028000176
0.0,0.01559186
1.0,0.9294878
0.0,0.010804385
0.0,0.40014747
1.0,0.9507576
0.0,0.00946328
0.0,0.14365125
1.0,0.7059034
1.0,0.68485373
1.0,0.9334286
0.0,0.0024190843
0.0,0.004749596
0.0,0.23031357
0.0,0.0159325
1.0,0.34945935
0.0,0.20184052
1.0,0.12169376
0.0,0.0028579235
0.0,0.0086480975
0.0,0.14873287
1.0,0.9730712
0.0,0.72283435
0.0,0.06672895
0.0,0.43482313
1.0,0.7604407
0.0,0.025436074
0.0,0.38050547
0.0,0.0026775897
1.0,0.07883838
0.0,0.010829747
0.0,0.0031698346
1.0,0.10775456
1.0,0.9734272
0.0,0.0015822351
1.0,0.99313307
1.0,0.98932385
1.0,0.9121506
1.0,0.8898307
0.0,0.026712924
1.0,0.88380325
0.0,0.9921477
1.0,0.054869354
0.0,0.01727441
1.0,0.37672755
0.0,0.86279917
1.0,0.29288393
1.0,0.990361
1.0,0.7933171
0.0,0.0094225705
0.0,0.7037499
0.0,0.7592098
0.0,0.014230698
0.0,0.031309277
0.0,0.15933174
1.0,0.9865099
1.0,0.9828186
1.0,0.16262501
0.0,0.0033286214
0.0,0.009631395
0.0,0.0517734
0.0,0.6916646
1.0,0.027522057
0.0,0.073233485
0.0,0.0182361
0.0,0.034600914
0.0,0.2949953
1.0,0.8656292
0.0,0.6608153
0.0,0.795651
0.0,0.26060727
1.0,0.45003384
0.0,0.021522105
0.0,0.5297168
1.0,0.18396875
0.0,0.13619116
1.0,0.11273605
0.0,0.01636231
0.0,0.37840062
0.0,0.0064209104
0.0,0.027612507
0.0,0.0023004115
1.0,0.91483736
0.0,0.10645822
0.0,0.06662229
1.0,0.98393095
1.0,0.97271603
0.0,0.25726402
1.0,0.020997107
0.0,0.16392738
0.0,0.06369969
1.0,0.96787167
0.0,0.0024933815
0.0,0.11400026
0.0,0.027022243
0.0,0.00810039
1.0,0.9884211
1.0,0.95010465
1.0,0.6856291
1.0,0.9721361
0.0,0.010921568
0.0,0.032030523
0.0,0.061363727
1.0,0.97137177
0.0,0.010431558
0.0,0.038601965
1.0,0.9594147
1.0,0.47495854
1.0,0.89155567
0.0,0.0051846206
0.0,0.25730956
0.0,0.57506007
1.0,0.98702186
1.0,0.95012355
1.0,0.9087658
0.0,0.21028545
0.0,0.0015239418
0.0,0.002612263
1.0,0.88916445
1.0,0.17073667
0.0,0.23707458
1.0,0.9603473
1.0,0.6266484
1.0,0.9401634
1.0,0.55932564
0.0,0.386762
0.0,0.03619528
1.0,0.41842616
1.0,0.79795307
0.0,0.03322497
0.0,0.04147029
0.0,0.010277092
0.0,0.022249937
0.0,0.03230086
0.0,0.7025998
0.0,0.0212802
0.0,0.046574563
1.0,0.8295258
1.0,0.8186842
0.0,0.7781677
1.0,0.9643825
0.0,0.004469633
1.0,0.9174088
0.0,0.16397855
1.0,0.9773953
0.0,0.0039262474
0.0,0.0036631525
0.0,0.0062296987
0.0,0.37408975
1.0,0.10105497
1.0,0.98351467
0.0,0.03749323
0.0,0.09551093
1.0,0.25520664
0.0,0.06507912
1.0,0.97397864
1.0,0.8061793
0.0,0.011855215
0.0,0.02559188
0.0,0.27318677
0.0,0.9952359
0.0,0.81085277
0.0,0.009680957
0.0,0.47337458
0.0,0.02462092
1.0,0.9747883
1.0,0.9586611
1.0,0.8956964
1.0,0.81380105
0.0,0.010802954
0.0,0.6565829
1.0,0.8848131
0.0,0.31853658
0.0,0.01666522
0.0,0.02585867
1.0,0.25267336
1.0,0.21526092
0.0,0.0048567355
1.0,0.94925535
1.0,0.9863237
0.0,0.0026531816
0.0,0.01842919
1.0,0.9543955
0.0,0.019916117
0.0,0.9128705
0.0,0.0020777583
0.0,0.03692156
1.0,0.05922085
0.0,0.016737819
0.0,0.008313805
0.0,0.20764485
1.0,0.31359679
0.0,0.00977093
0.0,0.07346675
1.0,0.7391566
0.0,0.010327727
0.0,0.26433748
0.0,0.9580147
1.0,0.97975373
1.0,0.65991807
1.0,0.07662985
0.0,0.03700903
0.0,0.1423831
1.0,0.17293108
0.0,0.00418061
0.0,0.0034452677
0.0,0.054750055
0.0,0.027990282
1.0,0.5823845
0.0,0.32903612
0.0,0.8716061
1.0,0.73765683
0.0,0.027086228
0.0,0.028532505
0.0,0.7631831
0.0,0.20195672
1.0,0.7908538
1.0,0.9844698
0.0,0.44431865
1.0,0.70606226
0.0,0.017767191
0.0,0.018260658
0.0,0.002636969
1.0,0.5865425
0.0,0.004925579
0.0,0.027304769
1.0,0.9494659
1.0,0.7559289
1.0,0.90417933
0.0,0.6456241
1.0,0.90736663
1.0,0.7719636
0.0,0.0014071763
0.0,0.91680497
0.0,0.50386685
1.0,0.5222045
0.0,0.029361755
0.0,0.20849347
0.0,0.026028126
0.0,0.024105877
0.0,0.017312944
0.0,0.06539661
0.0,0.2258474
0.0,0.788669
0.0,0.27086818
1.0,0.6178385
1.0,0.69483185
1.0,0.7010274
0.0,0.0074988604
1.0,0.99261904
0.0,0.21350652
0.0,0.036949396
1.0,0.95540094
0.0,0.25307477
0.0,0.015024841
0.0,0.21939716
0.0,0.019936353
0.0,0.13969043
0.0,0.8510957
0.0,0.040933013
1.0,0.8927226
0.0,0.0015802383
0.0,0.013549447
0.0,0.0060263276
1.0,0.9363568
1.0,0.94767606
0.0,0.78410625
1.0,0.8268219
0.0,0.029207945
1.0,0.1301179
0.0,0.012533903
0.0,0.015803874
1.0,0.033849925
0.0,0.0017405152
0.0,0.0091944635
1.0,0.46712106
0.0,0.049548984
1.0,0.025707453
0.0,0.17791012
0.0,0.010179728
1.0,0.9238
0.0,0.014048159
0.0,0.41091794
0.0,0.74941814
0.0,0.010103136
0.0,0.001624316
1.0,0.92320585
0.0,0.0035040975
0.0,0.06089288
0.0,0.022537172
1.0,0.59595686
0.0,0.95044374
0.0,0.03928116
1.0,0.81196374
0.0,0.010479599
0.0,0.004269898
0.0,0.035646766
0.0,0.10098937
1.0,0.23956832
0.0,0.023906052
0.0,0.0029635727
0.0,0.008763969
0.0,0.0039908886
0.0,0.7084918
1.0,0.9645369
1.0,0.7119462
0.0,0.009564012
1.0,0.92996943
0.0,0.022453755
0.0,0.015414357
0.0,0.021097124
0.0,0.070492536
1.0,0.94017804
0.0,0.026719809
0.0,0.013271928
0.0,0.104465246
0.0,0.11546227
0.0,0.17686012
0.0,0.010341555
0.0,0.002040118
0.0,0.0061944425
0.0,0.0035086572
0.0,0.9549184
1.0,0.31771305
0.0,0.027572662
0.0,0.014205575
0.0,0.0115018785
1.0,0.9947137
0.0,0.11129722
1.0,0.89594746
0.0,0.20394671
0.0,0.034355164
0.0,0.12920281
1.0,0.9754509
1.0,0.99448466
1.0,0.9418094
1.0,0.4585722
0.0,0.25747836
0.0,0.0057689846
1.0,0.9876914
1.0,0.9488985
0.0,0.019971997
0.0,0.060279995
0.0,0.78468204
1.0,0.9701423
0.0,0.02687648
0.0,0.0047796965
0.0,0.033307523
0.0,0.030638158
1.0,0.5397189
1.0,0.95786786
0.0,0.002371788
1.0,0.4564392
0.0,0.033486217
0.0,0.025235921
0.0,0.0061864257
0.0,0.019033372
0.0,0.016878754
1.0,0.9052694
0.0,0.0018505156
0.0,0.039045095
0.0,0.81644106
0.0,0.0658353
0.0,0.7507634
1.0,0.9848498
0.0,0.024059653
0.0,0.028790355
1.0,0.920061
0.0,0.41270518
0.0,0.008351922
1.0,0.95541084
1.0,0.7667235
0.0,0.06864932
1.0,0.9067277
0.0,0.41865236
1.0,0.76868117
1.0,0.9967331
0.0,0.09930375
1.0,0.95563626
0.0,0.03495395
0.0,0.04086879
0.0,0.38150245
0.0,0.5024223
0.0,0.03265798
0.0,0.005868256
0.0,0.46212924
1.0,0.94978297
0.0,0.09329018
0.0,0.03839922
0.0,0.4354732
0.0,0.17333746
1.0,0.95256317
0.0,0.016974598
0.0,0.6366453
0.0,0.01971361
0.0,0.011900663
0.0,0.007959783
0.0,0.9578322
1.0,0.081659555
0.0,0.109169036
1.0,0.83898485
0.0,0.004198283
1.0,0.14134142
0.0,0.08652505
0.0,0.05870995
0.0,0.033607244
0.0,0.6766875
0.0,0.48512158
0.0,0.04640305
0.0,0.13801366
0.0,0.011878461
0.0,0.30605388
0.0,0.92076236
1.0,0.9736906
0.0,0.55717427
0.0,0.018305242
1.0,0.9898917
0.0,0.0054656863
0.0,0.007671654
0.0,0.0029208064
1.0,0.7676106
1.0,0.5986709
1.0,0.67272323
1.0,0.973448
0.0,0.12343991
1.0,0.86588645
0.0,0.14580393
1.0,0.58465135
0.0,0.22331369
0.0,0.95537436
0.0,0.20864671
0.0,0.0050363243
0.0,0.042359203
1.0,0.9542998
1.0,0.23963436
0.0,0.9894713
1.0,0.7361881
0.0,0.010846168
1.0,0.96365476
0.0,0.026816875
0.0,0.017578125
0.0,0.94126946
0.0,0.4713048
0.0,0.14645818
0.0,0.00427106
1.0,0.99504673
0.0,0.0019511282
1.0,0.9929296
1.0,0.8772498
1.0,0.976537
0.0,0.005626768
0.0,0.9759991
0.0,0.011487126
0.0,0.13396382
0.0,0.32262895
1.0,0.20236394
0.0,0.22284025
0.0,0.08190289
0.0,0.07518059
0.0,0.010193288
0.0,0.0034729242
0.0,0.12777662
0.0,0.82451147
0.0,0.009626955
0.0,0.82406604
1.0,0.9888897
0.0,0.49129075
0.0,0.037553996
0.0,0.0060619414
0.0,0.0068033636
1.0,0.88870364
0.0,0.60978186
1.0,0.98260534
0.0,0.51584744
1.0,0.99491143
1.0,0.96825135
0.0,0.009392649
0.0,0.0435811
0.0,0.037727326
0.0,0.28023815
0.0,0.041272283
0.0,0.62958336
1.0,0.9670805
0.0,0.011316657
1.0,0.6068449
0.0,0.50351727
0.0,0.009733796
0.0,0.022148043
1.0,0.9477395
0.0,0.014549911
1.0,0.9915247
0.0,0.0049993694
0.0,0.024987489
0.0,0.6792294
0.0,0.49821118
0.0,0.10200843
0.0,0.023367852
1.0,0.74223983
1.0,0.91251576
0.0,0.13900697
0.0,0.038397938
0.0,0.015418947
1.0,0.95904267
0.0,0.049907744
1.0,0.2645948
0.0,0.050163954
1.0,0.8580439
1.0,0.9138724
0.0,0.03907621
0.0,0.03184265
0.0,0.0051510036
1.0,0.8908069
0.0,0.20861542
0.0,0.8420462
1.0,0.9515831
1.0,0.32344225
0.0,0.81085825
0.0,0.027068883
1.0,0.97890043
0.0,0.0117461085
0.0,0.0147514045
0.0,0.007283777
1.0,0.6272308
0.0,0.06879684
0.0,0.03637716
1.0,0.94018966
1.0,0.753445
0.0,0.3965033
0.0,0.011873901
0.0,0.017959595
1.0,0.9596813
1.0,0.96947014
1.0,0.7057648
0.0,0.053153425
0.0,0.0050753653
0.0,0.015479058
0.0,0.0022649765
1.0,0.8837291
0.0,0.0035108328
0.0,0.6452855
0.0,0.22609317
0.0,0.421
0.0,0.2440081
0.0,0.012532085
0.0,0.16535562
0.0,0.024605095
0.0,0.012485802
1.0,0.28989613
1.0,0.90120304
0.0,0.76487684
0.0,0.120093316
1.0,0.028962553
0.0,0.004276663
1.0,0.9200861
0.0,0.02214089
0.0,0.02901578
1.0,0.9333286
1.0,0.96528244
0.0,0.31756473
0.0,0.049904794
1.0,0.4539228
0.0,0.15777457
0.0,0.24907488
0.0,0.9876064
0.0,0.035684288
1.0,0.9191203
1.0,0.34703535
0.0,0.31656742
0.0,0.0030705929
0.0,0.054930776
1.0,0.91019344
0.0,0.008039027
1.0,0.3751563
0.0,0.07364774
1.0,0.8000034
1.0,0.63186693
0.0,0.62917507
1.0,0.21014503
0.0,0.7190887
0.0,0.009180337
1.0,0.9833056
1.0,0.15908355
0.0,0.041924834
0.0,0.2438659
0.0,0.75499475
0.0,0.91908824
1.0,0.95238
0.0,0.0793086
0.0,0.30782074
0.0,0.0050825477
1.0,0.96070427
0.0,0.04064563
0.0,0.87696403
1.0,0.939764
0.0,0.002970636
0.0,0.7849439
0.0,0.05500397
1.0,0.35445118
0.0,0.1639601
1.0,0.9800886
0.0,0.013620347
1.0,0.062292755
1.0,0.60199845
1.0,0.9673068
1.0,0.88240135
0.0,0.005088389
1.0,0.23662716
0.0,0.020273417
1.0,0.9783529
1.0,0.8311523
0.0,0.2537766
1.0,0.8587706
0.0,0.002683282
1.0,0.6263194
1.0,0.42619872
0.0,0.055788904
0.0,0.9615821
1.0,0.99448687
1.0,0.16894922
0.0,0.17265564
0.0,0.36048335
0.0,0.0016570985
0.0,0.009979069
0.0,0.5728552
1.0,0.9172145
1.0,0.93606025
1.0,0.47077316
1.0,0.7360434
1.0,0.99425006
1.0,0.9777135
0.0,0.60592985
1.0,0.92379147
0.0,0.005663097
0.0,0.028205961
0.0,0.10675123
1.0,0.04402721
1.0,0.72122896
0.0,0.03606713
0.0,0.030394733
0.0,0.8802561
1.0,0.808429
1.0,0.08481911
1.0,0.9129705
0.0,0.0042820275
0.0,0.97305346
0.0,0.095880836
0.0,0.15006316
0.0,0.02490154
0.0,0.019482136
1.0,0.97000504
1.0,0.912406
0.0,0.03386438
0.0,0.045924872
0.0,0.7773702
0.0,0.7719087
0.0,0.70138615
0.0,0.19364747
0.0,0.806939
1.0,0.7393028
0.0,0.17733777
1.0,0.94332033
0.0,0.005115509
0.0,0.88098276
0.0,0.0712159
0.0,0.67421424
1.0,0.9531821
1.0,0.7946615
1.0,0.6570315
1.0,0.79406226
0.0,0.0023292005
0.0,0.2109364
1.0,0.5388829
1.0,0.8451332
0.0,0.29087988
0.0,0.012629747
0.0,0.039159834
1.0,0.8017047
0.0,0.014092982
1.0,0.041102648
0.0,0.01898098
0.0,0.056030422
0.0,0.026668936
0.0,0.01721856
0.0,0.10166794
0.0,0.029928684
0.0,0.15146369
1.0,0.9750902
0.0,0.004627168
0.0,0.63195497
0.0,0.01855877
1.0,0.40079182
0.0,0.028965026
1.0,0.9845995
0.0,0.0103906095
0.0,0.012303829
0.0,0.008835167
0.0,0.05888447
0.0,0.0213615
0.0,0.020071238
1.0,0.9566643
0.0,0.09384623
1.0,0.82261735
1.0,0.9474541
0.0,0.030014098
0.0,0.030623913
1.0,0.9304367
1.0,0.9942415
0.0,0.37327188
0.0,0.46490887
0.0,0.22559896
0.0,0.08284116
0.0,0.012981474
1.0,0.28450263
0.0,0.043126017
1.0,0.6187539
1.0,0.40321416
0.0,0.97116435
0.0,0.10613024
0.0,0.011769235
0.0,0.012890607
0.0,0.882786
0.0,0.012037486
0.0,0.011364877
0.0,0.7911581
1.0,0.79329145
1.0,0.79819053
0.0,0.025171518
0.0,0.026964635
0.0,0.08617082
1.0,0.9405355
0.0,0.0038990676
0.0,0.021338165
1.0,0.6056495
1.0,0.96203744
0.0,0.19162884
0.0,0.072027266
0.0,0.02010873
1.0,0.9405173
0.0,0.031570822
1.0,0.9647552
1.0,0.7738118
0.0,0.007834703
0.0,0.037591517
0.0,0.032213718
1.0,0.695901
0.0,0.043246776
1.0,0.7308461
0.0,0.0056919456
1.0,0.64185023
0.0,0.049600065
0.0,0.05036339
0.0,0.004263401
1.0,0.98624074
0.0,0.78025365
1.0,0.9810291
1.0,0.9604893
0.0,0.007062018
1.0,0.2938348
0.0,0.066468686
1.0,0.3148113
0.0,0.003880024
1.0,0.94407916
0.0,0.0029664338
1.0,0.79904425
1.0,0.95946324
1.0,0.9789336
0.0,0.016265571
1.0,0.9138534
1.0,0.50731605
0.0,0.019806772
1.0,0.9574396
1.0,0.33693197
1.0,0.071366504
0.0,0.105927914
0.0,0.0099674035
0.0,0.96255744
0.0,0.091375865
