0.0,0.15606833
0.0,0.828984
1.0,0.3099052
0.0,0.0650523
1.0,0.5092385
0.0,0.010198802
1.0,0.94833046
1.0,0.7045088
1.0,0.6288071
0.0,0.0016565323
0.0,0.19256681
1.0,0.925689
0.0,0.003461361
0.0,0.088792115
0.0,0.02536425
0.0,0.0019084215
1.0,0.12789866
0.0,0.021600783
0.0,0.007324338
1.0,0.647757
1.0,0.73735785
0.0,0.002526641
1.0,0.9411969
0.0,0.024670124
0.0,0.003338337
1.0,0.7120665
0.0,0.03587109
1.0,0.87892663
0.0,0.008409113
1.0,0.9077097
0.0,0.0073418915
0.0,0.26424947
1.0,0.93647003
1.0,0.98163116
1.0,0.89237714
1.0,0.96286464
1.0,0.44718722
0.0,0.026202828
1.0,0.926798
1.0,0.01853025
1.0,0.9360305
1.0,0.9750888
0.0,0.00608626
1.0,0.9599601
1.0,0.8869237
0.0,0.0340935
0.0,0.00094777346
0.0,0.054581076
0.0,0.014236033
1.0,0.9860586
0.0,0.3642303
1.0,0.8133555
1.0,0.96766084
1.0,0.6638376
0.0,0.007665843
0.0,0.0033188462
0.0,0.033071846
1.0,0.04024318
1.0,0.68976647
1.0,0.1583319
1.0,0.9776002
0.0,0.4700851
1.0,0.9724284
1.0,0.89240634
1.0,0.96891
0.0,0.13851273
0.0,0.04238394
1.0,0.9608796
0.0,0.008076966
1.0,0.9132401
0.0,0.34121537
1.0,0.91298956
0.0,0.0007453263
0.0,0.041914523
1.0,0.40910146
0.0,0.060150504
0.0,0.0055646896
0.0,0.2861356
0.0,0.002756238
1.0,0.934981
0.0,0.012944758
1.0,0.97144055
1.0,0.9594619
1.0,0.9940846
1.0,0.9718847
1.0,0.84161973
1.0,0.9752991
0.0,0.1883483
0.0,0.023616046
1.0,0.8024604
0.0,0.002688527
1.0,0.13002414
0.0,0.007874697
0.0,0.7287661
0.0,0.435607
1.0,0.95909214
0.0,0.015827835
0.0,0.034370005
1.0,0.5083756
1.0,0.9762012
0.0,0.0042084754
0.0,0.033011615
1.0,0.017652512
0.0,0.13796487
0.0,0.09795371
1.0,0.8693684
1.0,0.014767081
0.0,0.016697973
1.0,0.0041330457
1.0,0.98023653
1.0,0.93268776
0.0,0.036581308
1.0,0.02619794
0.0,0.036557227
0.0,0.032919347
1.0,0.5241868
0.0,0.020137995
1.0,0.30083013
1.0,0.5433608
1.0,0.9660232
0.0,0.22586453
1.0,0.98387945
0.0,0.93732154
0.0,0.009899378
0.0,0.24797204
1.0,0.37531233
0.0,0.0054800212
0.0,0.08471283
1.0,0.9417927
1.0,0.72621864
1.0,0.97399634
0.0,0.021210939
0.0,0.010796279
1.0,0.27725074
1.0,0.97066855
0.0,0.78847176
0.0,0.010283202
0.0,0.0127747655
0.0,0.046633482
0.0,0.01506418
1.0,0.6991221
0.0,0.08449039
1.0,0.10492003
0.0,0.006083071
0.0,0.005184114
0.0,0.00041288137
1.0,0.19190663
0.0,0.005973965
0.0,0.012688398
0.0,0.017547637
0.0,0.07251337
0.0,0.0030896962
0.0,0.004174143
0.0,0.89512765
0.0,0.13010418
1.0,0.94963247
0.0,0.0015102923
0.0,0.0028420687
1.0,0.98938304
0.0,0.008461952
0.0,0.1290805
0.0,0.031060427
0.0,0.015042454
0.0,0.1035257
1.0,0.99235475
0.0,0.11309999
1.0,0.919901
0.0,0.038899004
0.0,0.003712207
1.0,0.7323227
0.0,0.9526384
0.0,0.95150006
0.0,0.92135596
0.0,0.0004607737
1.0,0.72571415
1.0,0.8711872
0.0,0.041204393
1.0,0.7242053
0.0,0.3439694
1.0,0.9432392
1.0,0.81106174
1.0,0.9607505
1.0,0.9751371
1.0,0.9759023
0.0,0.85095316
0.0,0.0008761585
0.0,0.006910175
0.0,0.9757384
0.0,0.093203664
0.0,0.0325498
1.0,0.16551808
0.0,0.00064364076
0.0,0.85156476
1.0,0.9617848
1.0,0.7438867
1.0,0.99062574
0.0,0.0047827065
0.0,0.02900666
0.0,0.0038045049
1.0,0.06627911
0.0,0.23551494
0.0,0.13663438
0.0,0.50299186
0.0,0.3857776
0.0,0.115433395
1.0,0.044516057
0.0,0.015973747
1.0,0.105718225
0.0,0.00075238943
0.0,0.036438882
0.0,0.0029120743
1.0,0.9512047
0.0,0.032127827
0.0,0.05857691
0.0,0.025200248
0.0,0.004060358
0.0,0.90280545
0.0,0.23036915
1.0,0.98329514
0.0,0.006139159
0.0,0.004455626
1.0,0.28323376
1.0,0.9765894
0.0,0.29703695
0.0,0.009948015
0.0,0.0014152229
0.0,0.07058504
0.0,0.017133743
0.0,0.12092665
1.0,0.9588282
0.0,0.052416384
1.0,0.29644817
0.0,0.0056310296
1.0,0.14315346
1.0,0.47711918
0.0,0.01790464
0.0,0.043957025
0.0,0.01299274
1.0,0.8889289
1.0,0.7508252
1.0,0.9769602
1.0,0.6262524
0.0,0.0123642385
0.0,0.85271704
1.0,0.97682667
0.0,0.46937537
0.0,0.0018299818
0.0,0.008376777
0.0,0.07747164
0.0,0.07046801
0.0,0.0187532
0.0,0.13486645
1.0,0.39261484
0.0,0.018410265
0.0,0.065491885
0.0,0.042163134
1.0,0.9051125
1.0,0.966205
0.0,0.016399711
0.0,0.19147834
0.0,0.02619502
1.0,0.97687966
0.0,0.019685417
0.0,0.0015139282
0.0,0.015949935
0.0,0.013817906
1.0,0.98694533
1.0,0.88325465
1.0,0.9739225
0.0,0.012895733
1.0,0.9162959
0.0,0.011714995
0.0,0.031261355
0.0,0.53039473
1.0,0.95268226
1.0,0.48579836
0.0,0.0017730594
0.0,0.025074393
1.0,0.8686584
1.0,0.28258893
0.0,0.010040909
1.0,0.05396864
1.0,0.96776927
0.0,0.678078
0.0,0.23887905
0.0,0.039184958
0.0,0.011607349
0.0,0.48754743
0.0,0.013382286
1.0,0.97772694
0.0,0.008339524
0.0,0.0185678
1.0,0.98845696
0.0,0.006408274
1.0,0.9468625
1.0,0.02080822
1.0,0.90444535
1.0,0.8628745
1.0,0.9580766
0.0,0.036441356
1.0,0.9257444
0.0,0.7922236
1.0,0.9899057
0.0,0.47644028
0.0,0.26452792
0.0,0.014280051
0.0,0.026738703
0.0,0.2456356
1.0,0.9775778
0.0,0.9486209
1.0,0.79041916
0.0,0.88561285
1.0,0.7691618
1.0,0.9787503
0.0,0.012423277
0.0,0.0031600595
0.0,0.010066181
1.0,0.93021333
1.0,0.111147106
0.0,0.0012168884
0.0,0.00078576803
0.0,0.0034465194
0.0,0.02143091
1.0,0.9168496
1.0,0.77074516
0.0,0.01488018
0.0,0.05416432
1.0,0.78850824
1.0,0.9804065
1.0,0.30044314
0.0,0.035583228
0.0,0.8212686
0.0,0.0015590489
0.0,0.69726366
1.0,0.97079897
1.0,0.8606001
0.0,0.039390802
0.0,0.026645541
0.0,0.00359416
0.0,0.6650137
0.0,0.0025149286
0.0,0.19228011
1.0,0.5241805
0.0,0.15244976
0.0,0.018593043
0.0,0.038327932
0.0,0.442273
0.0,0.847119
0.0,0.028461248
0.0,0.002315849
1.0,0.517406
0.0,0.023611933
1.0,0.7675462
0.0,0.001545012
0.0,0.1994448
0.0,0.16119799
0.0,0.0012351573
0.0,0.9725996
1.0,0.76178086
1.0,0.91057307
0.0,0.70615053
1.0,0.8576871
0.0,0.0045909286
0.0,0.36708656
0.0,0.44301707
0.0,0.34884208
0.0,0.008764088
0.0,0.0006454885
1.0,0.2707802
0.0,0.007859856
1.0,0.97368425
0.0,0.0779607
1.0,0.53295153
0.0,0.09958243
1.0,0.0376949
1.0,0.9546964
1.0,0.95399547
0.0,0.0018983781
0.0,0.022595853
1.0,0.9540733
0.0,0.018220484
0.0,0.02116716
1.0,0.012301594
1.0,0.9764961
0.0,0.33847332
1.0,0.96662617
1.0,0.97760856
0.0,0.7090018
0.0,0.023675412
0.0,0.25505126
0.0,0.020894438
0.0,0.010623187
0.0,0.03855434
1.0,0.9618355
0.0,0.07255244
1.0,0.8556031
1.0,0.19648904
0.0,0.010925859
0.0,0.0630869
0.0,0.85475606
1.0,0.9717214
1.0,0.95187604
1.0,0.42917296
0.0,0.21355408
1.0,0.96012807
1.0,0.8805082
0.0,0.0014755726
0.0,0.2580408
0.0,0.8726758
0.0,0.85847676
1.0,0.94805324
0.0,0.027046204
1.0,0.42860973
0.0,0.7786201
0.0,0.067023665
0.0,0.020107836
0.0,0.0067346096
0.0,0.008484006
0.0,0.013408631
0.0,0.024044752
0.0,0.009617686
0.0,0.0166184
0.0,0.5175105
0.0,0.16264871
0.0,0.007590592
0.0,0.35008913
0.0,0.01775214
1.0,0.7674002
0.0,0.1495285
1.0,0.9581695
0.0,0.00959
0.0,0.0061095655
0.0,0.002698958
0.0,0.8805729
0.0,0.66391957
0.0,0.08491951
0.0,0.043285757
0.0,0.00091186166
0.0,0.012084067
0.0,0.02039975
0.0,0.5885653
1.0,0.9317932
0.0,0.017078131
0.0,0.0057780445
0.0,0.49336734
0.0,0.035051167
1.0,0.6600759
0.0,0.8331163
1.0,0.3919561
0.0,0.0025030077
0.0,0.14292413
1.0,0.9531063
0.0,0.8980885
1.0,0.78084725
1.0,0.9308417
1.0,0.918658
1.0,0.96070725
0.0,0.0018276572
1.0,0.72805375
0.0,0.0038158894
0.0,0.013530344
0.0,0.057253927
1.0,0.9886795
0.0,0.0037763119
0.0,0.018074274
1.0,0.48439968
1.0,0.9956075
0.0,0.09774828
0.0,0.00087222457
1.0,0.71039206
0.0,0.046608508
1.0,0.74144745
0.0,0.5654164
0.0,0.23599073
1.0,0.88728976
0.0,0.80961794
0.0,0.0017897785
1.0,0.04394716
0.0,0.009657741
1.0,0.9828681
0.0,0.002513945
1.0,0.60417914
1.0,0.5061794
1.0,0.6891471
1.0,0.96433824
0.0,0.10827038
0.0,0.03420165
1.0,0.84548783
0.0,0.009673715
0.0,0.3221196
1.0,0.7897222
1.0,0.8942564
1.0,0.9478401
0.0,0.0038721263
1.0,0.943914
1.0,0.8679175
0.0,0.08698043
1.0,0.96448183
0.0,0.40015388
1.0,0.85122675
1.0,0.9113125
0.0,0.7269082
0.0,0.6084362
1.0,0.38941067
0.0,0.2920006
1.0,0.9680381
0.0,0.9311366
0.0,0.025793582
0.0,0.8927742
1.0,0.9856067
0.0,0.0006045103
0.0,0.0017947257
0.0,0.7857224
1.0,0.3434326
0.0,0.017242402
0.0,0.0012423098
0.0,0.039050788
0.0,0.72143364
1.0,0.63478255
1.0,0.9066311
0.0,0.0908609
0.0,0.68922836
0.0,0.062240124
0.0,0.04515046
0.0,0.008087754
1.0,0.9408215
0.0,0.030725777
1.0,0.95422184
0.0,0.5815458
0.0,0.16066444
1.0,0.7742304
0.0,0.008826137
0.0,0.038088083
0.0,0.011870593
0.0,0.0023424923
0.0,0.08271456
0.0,0.0007767081
0.0,0.0139273405
0.0,0.030530483
1.0,0.9051297
1.0,0.970818
0.0,0.0012060404
0.0,0.02070272
1.0,0.9572196
0.0,0.005772859
1.0,0.9072737
0.0,0.25824863
0.0,0.0006569922
1.0,0.8828728
0.0,0.09437418
1.0,0.7901348
0.0,0.22084364
1.0,0.24248415
0.0,0.011543661
0.0,0.03333634
0.0,0.69887114
1.0,0.97436744
0.0,0.0010376275
0.0,0.026873201
0.0,0.006340742
0.0,0.9545602
1.0,0.43372518
0.0,0.00750643
0.0,0.0039996803
1.0,0.95968115
1.0,0.014951944
0.0,0.104219526
1.0,0.80542195
0.0,0.041891843
0.0,0.1356956
1.0,0.93845403
1.0,0.991482
0.0,0.4490081
1.0,0.95357937
1.0,0.9690914
0.0,0.0103134215
0.0,0.04380822
0.0,0.028906286
1.0,0.073727846
0.0,0.0006213784
0.0,0.021893173
0.0,0.0032898784
1.0,0.9894989
1.0,0.3622917
0.0,0.004714638
1.0,0.60267836
1.0,0.03289017
0.0,0.44166717
1.0,0.9408196
0.0,0.03115192
1.0,0.9270749
0.0,0.06692764
1.0,0.91741335
0.0,0.008645445
0.0,0.010108411
1.0,0.7451786
0.0,0.0027598143
1.0,0.89154655
0.0,0.031817734
0.0,0.0074461102
0.0,0.008323342
1.0,0.76042855
0.0,0.286977
1.0,0.6347513
0.0,0.0021162927
1.0,0.4652419
1.0,0.4117728
0.0,0.0012243688
1.0,0.98152804
1.0,0.9569831
1.0,0.14686427
1.0,0.85986435
0.0,0.016077012
0.0,0.008041233
0.0,0.7968588
1.0,0.93020177
1.0,0.6751341
0.0,0.0105032325
0.0,0.028511286
0.0,0.10439873
1.0,0.88296837
0.0,0.3782822
1.0,0.0033438504
1.0,0.9487269
0.0,0.011442125
0.0,0.027045012
1.0,0.9735273
0.0,0.8284037
1.0,0.9774704
0.0,0.68626225
0.0,0.024926305
0.0,0.01400882
1.0,0.034881145
0.0,0.020201385
1.0,0.97242486
0.0,0.010412067
1.0,0.59535575
0.0,0.5360863
0.0,0.11018655
1.0,0.027262807
1.0,0.38092637
1.0,0.70513576
1.0,0.93633664
0.0,0.036079228
0.0,0.016608983
0.0,0.2560624
0.0,0.0005528033
1.0,0.9485381
1.0,0.86669755
0.0,0.0011641979
0.0,0.010667652
0.0,0.0010311306
1.0,0.67318577
0.0,0.013977647
0.0,0.026406944
0.0,0.046192795
0.0,0.15454534
0.0,0.015502423
0.0,0.21059096
1.0,0.8623054
0.0,0.94913113
1.0,0.34059063
0.0,0.034083635
0.0,0.28232598
1.0,0.66902506
1.0,0.8900713
1.0,0.9503163
0.0,0.013350099
0.0,0.26230857
1.0,0.19866118
0.0,0.0022746027
0.0,0.017077237
0.0,0.18999305
1.0,0.91267085
0.0,0.022270203
0.0,0.02989003
1.0,0.97067064
0.0,0.10360074
1.0,0.9928578
1.0,0.91711926
1.0,0.9771184
0.0,0.008761734
1.0,0.954648
1.0,0.6865168
0.0,0.023532271
1.0,0.26354265
0.0,0.008864611
0.0,0.17228565
0.0,0.06972438
0.0,0.001091361
1.0,0.9535389
1.0,0.3545315
1.0,0.9902185
1.0,0.96594465
1.0,0.9813057
0.0,0.33143044
0.0,0.9766437
1.0,0.976871
0.0,0.017213166
1.0,0.76512015
1.0,0.9780661
0.0,0.027892351
1.0,0.066461444
1.0,0.3572156
0.0,0.011077523
0.0,0.014099479
0.0,0.00746122
0.0,0.023278415
1.0,0.5663696
1.0,0.9720874
0.0,0.0032200813
0.0,0.009285629
1.0,0.037583053
1.0,0.84378654
1.0,0.050881177
0.0,0.01639855
1.0,0.8395019
1.0,0.1108388
0.0,0.013181955
0.0,0.2932785
1.0,0.89083815
1.0,0.9768168
0.0,0.49027735
1.0,0.8389548
0.0,0.064799786
0.0,0.8775526
1.0,0.9771469
0.0,0.6978606
1.0,0.9574223
0.0,0.8106982
0.0,0.39388907
0.0,0.07801002
1.0,0.9455433
1.0,0.4273246
0.0,0.008342952
0.0,0.0069190264
1.0,0.7572808
0.0,0.018434972
1.0,0.9673908
1.0,0.9049698
1.0,0.7119643
0.0,0.037079036
0.0,0.80259717
0.0,0.8596921
0.0,0.00519377
0.0,0.00046041608
1.0,0.99006057
0.0,0.26083004
0.0,0.009825736
1.0,0.9700012
0.0,0.019627571
1.0,0.032174975
1.0,0.85531056
0.0,0.00843516
0.0,0.26895726
0.0,0.7428881
0.0,0.004637003
0.0,0.0006431937
0.0,0.005982578
0.0,0.008400977
0.0,0.9046945
1.0,0.59134406
1.0,0.92882454
0.0,0.7837927
0.0,0.4722026
0.0,0.0073566437
0.0,0.029533654
0.0,0.009177893
1.0,0.010990173
0.0,0.01560241
0.0,0.00084879994
1.0,0.98870754
1.0,0.7893698
0.0,0.004913509
0.0,0.96563464
0.0,0.0006058812
0.0,0.015178621
0.0,0.001177609
0.0,0.029999912
1.0,0.91603994
1.0,0.7862837
1.0,0.90346724
0.0,0.0010676682
1.0,0.7910573
1.0,0.9496152
0.0,0.06340918
0.0,0.00059735775
1.0,0.83251774
1.0,0.13963759
1.0,0.907739
1.0,0.9421205
1.0,0.7814454
0.0,0.058257192
0.0,0.18699583
1.0,0.28600222
0.0,0.004564196
1.0,0.94480324
0.0,0.0050768554
1.0,0.69848543
0.0,0.01298666
0.0,0.15141687
0.0,0.008778036
0.0,0.009534359
0.0,0.25423494
0.0,0.000541687
0.0,0.0012708902
0.0,0.008986503
0.0,0.65076685
0.0,0.0014687479
0.0,0.0041369796
1.0,0.9163718
1.0,0.7979611
1.0,0.97579485
0.0,0.9656991
0.0,0.51033294
0.0,0.78184927
0.0,0.027157634
1.0,0.98058045
1.0,0.19855225
1.0,0.9308921
1.0,0.98323524
0.0,0.9030601
0.0,0.006459832
0.0,0.0020045638
1.0,0.7754762
0.0,0.008725166
1.0,0.003068328
1.0,0.97439134
0.0,0.09098348
0.0,0.00602448
0.0,0.0063484013
0.0,0.77347815
1.0,0.8990335
1.0,0.9652289
0.0,0.01787579
1.0,0.9351012
1.0,0.7334094
0.0,0.66277146
0.0,0.0170919
1.0,0.6227649
0.0,0.00068202615
0.0,0.0632593
0.0,0.001447767
0.0,0.30965966
0.0,0.020880818
1.0,0.46789154
0.0,0.023423344
0.0,0.5755308
1.0,0.97640944
1.0,0.9059664
0.0,0.49754333
0.0,0.40931836
1.0,0.7821548
0.0,0.10487035
0.0,0.00044459105
1.0,0.50206137
0.0,0.06551072
0.0,0.012351483
0.0,0.019961298
1.0,0.9623982
0.0,0.15098298
1.0,0.86053395
1.0,0.9672788
1.0,0.9941795
0.0,0.009229839
1.0,0.81645834
0.0,0.021339238
1.0,0.9517207
0.0,0.081071615
1.0,0.9657264
0.0,0.019410849
0.0,0.009720802
1.0,0.9670043
0.0,0.0036299825
0.0,0.002914846
1.0,0.6438812
1.0,0.88321674
1.0,0.04383728
1.0,0.7347975
1.0,0.6270503
1.0,0.96886706
1.0,0.81248957
0.0,0.010580063
1.0,0.04578811
1.0,0.9888533
0.0,0.05488798
0.0,0.0020418167
0.0,0.0010683835
1.0,0.64783263
0.0,0.008417726
0.0,0.071973175
0.0,0.22837165
1.0,0.9567138
0.0,0.0041478276
0.0,0.05124253
1.0,0.50368667
1.0,0.94257486
1.0,0.8982973
1.0,0.09541446
0.0,0.97873753
0.0,0.055869848
0.0,0.03380856
0.0,0.02795747
0.0,0.0013457239
0.0,0.03517753
0.0,0.02213496
1.0,0.03760621
1.0,0.9489281
0.0,0.023360312
1.0,0.88623405
0.0,0.006497085
0.0,0.0010044575
1.0,0.97279096
0.0,0.007900447
0.0,0.91450673
0.0,0.0068350136
0.0,0.19167396
0.0,0.01723206
0.0,0.0052131712
0.0,0.93763554
1.0,0.7123713
0.0,0.031232685
0.0,0.18816051
1.0,0.90677243
0.0,0.002408594
1.0,0.8274803
0.0,0.020791858
0.0,0.0011586547
0.0,0.01096341
0.0,0.29155445
0.0,0.0006303489
0.0,0.004515797
0.0,0.022988051
0.0,0.019154072
0.0,0.7683501
1.0,0.7447357
0.0,0.02631846
1.0,0.7134937
0.0,0.5386645
1.0,0.02740866
0.0,0.045502663
0.0,0.0019590259
0.0,0.053854942
1.0,0.95110124
1.0,0.022617668
1.0,0.22970206
0.0,0.0185346
0.0,0.5476601
1.0,0.7115421
0.0,0.0070209205
0.0,0.04409355
1.0,0.37156203
0.0,0.008894354
1.0,0.9367373
1.0,0.17224583
0.0,0.004118353
1.0,0.507467
0.0,0.08365905
1.0,0.1872403
0.0,0.2908618
1.0,0.98696935
0.0,0.00047120452
0.0,0.9800384
0.0,0.0415892
0.0,0.029096335
0.0,0.0027304888
0.0,0.044307053
0.0,0.0126080215
1.0,0.9451442
0.0,0.0046045184
0.0,0.0006529987
0.0,0.00034949183
0.0,0.11684209
0.0,0.15923297
1.0,0.07864323
0.0,0.41799623
0.0,0.09963295
1.0,0.50171494
0.0,0.5116074
1.0,0.9527739
0.0,0.759379
1.0,0.908229
1.0,0.9511124
0.0,0.0037117004
1.0,0.99429166
0.0,0.43857816
0.0,0.012860149
0.0,0.014273316
0.0,0.05897817
1.0,0.063946456
1.0,0.97664094
0.0,0.03962183
0.0,0.16248891
1.0,0.99000967
0.0,0.030148327
1.0,0.7010734
1.0,0.017213285
1.0,0.8420396
0.0,0.014657557
1.0,0.7101995
0.0,0.011347622
1.0,0.87637556
1.0,0.13156334
0.0,0.36506855
0.0,0.79960597
0.0,0.020510375
0.0,0.19799638
1.0,0.82389355
1.0,0.936388
1.0,0.9811348
0.0,0.016621917
0.0,0.00077173114
1.0,0.95999515
0.0,0.9311418
0.0,0.00038474798
0.0,0.010171741
1.0,0.72256744
0.0,0.029292107
0.0,0.010411799
0.0,0.08921942
0.0,0.024070412
1.0,0.76847625
1.0,0.96382
0.0,0.09097451
0.0,0.020498931
0.0,0.0078009665
1.0,0.9816257
0.0,0.015987962
0.0,0.8082628
1.0,0.90375483
0.0,0.003614962
0.0,0.7759098
1.0,0.9722544
0.0,0.057026178
1.0,0.29069895
1.0,0.12514892
0.0,0.019079924
0.0,0.02009201
0.0,0.0028705597
0.0,0.0075635016
1.0,0.9713849
1.0,0.99491274
1.0,0.97928244
1.0,0.18231085
0.0,0.9050952
0.0,0.029624075
1.0,0.8185307
1.0,0.9866923
0.0,0.041643232
0.0,0.020901263
1.0,0.4809453
0.0,0.005125731
1.0,0.76168513
0.0,0.004209876
0.0,0.2037459
1.0,0.9774315
0.0,0.023057222
0.0,0.0013966858
0.0,0.018954515
0.0,0.027612805
0.0,0.28617424
1.0,0.07082152
0.0,0.022903472
1.0,0.96683973
0.0,0.09557998
1.0,0.96266615
0.0,0.3923831
1.0,0.7572459
1.0,0.95906913
1.0,0.9874153
0.0,0.93103945
0.0,0.00080806017
1.0,0.25559032
0.0,0.042251974
0.0,0.03344679
1.0,0.89729685
1.0,0.30107868
0.0,0.23328158
1.0,0.92641747
1.0,0.9721523
0.0,0.8997684
0.0,0.0093277395
0.0,0.79141414
0.0,0.0072586834
0.0,0.00077041984
0.0,0.8977009
1.0,0.96637934
1.0,0.9765992
1.0,0.95084876
0.0,0.00064331293
0.0,0.008345395
0.0,0.009464622
0.0,0.020104468
0.0,0.010424584
0.0,0.023322403
1.0,0.9120549
1.0,0.9436114
1.0,0.6778527
0.0,0.111772686
0.0,0.012623519
1.0,0.88041687
0.0,0.08530408
0.0,0.47515762
1.0,0.89991224
0.0,0.79139876
0.0,0.8801142
1.0,0.80754685
0.0,0.02761361
1.0,0.6991795
1.0,0.89744496
0.0,0.952494
0.0,0.006030649
1.0,0.99075645
0.0,0.0022172034
0.0,0.4595453
1.0,0.8116192
1.0,0.9619313
1.0,0.71499884
1.0,0.94473666
0.0,0.96120924
0.0,0.013157904
0.0,0.0019278228
1.0,0.78981555
0.0,0.9779657
1.0,0.7068103
0.0,0.8331285
1.0,0.9167908
1.0,0.75477433
0.0,0.06120318
0.0,0.026160747
0.0,0.0014861226
0.0,0.29146886
0.0,0.024856597
0.0,0.0071344674
1.0,0.40265054
1.0,0.13002297
0.0,0.8986115
1.0,0.9576405
1.0,0.5964283
0.0,0.0020457208
0.0,0.21310711
1.0,0.8803247
1.0,0.16552234
0.0,0.015084207
0.0,0.08252978
0.0,0.0063655376
0.0,0.01984188
1.0,0.682155
1.0,0.9589126
0.0,0.03368768
0.0,0.0008389056
0.0,0.036692232
0.0,0.13302764
0.0,0.008184195
0.0,0.01530081
0.0,0.9218464
0.0,0.45583254
0.0,0.006508887
0.0,0.026350915
0.0,0.110982895
1.0,0.98434764
1.0,0.8651303
0.0,0.004875034
0.0,0.024647295
0.0,0.0005262196
0.0,0.0024318397
0.0,0.07696146
0.0,0.29467148
0.0,0.014604628
0.0,0.41821435
1.0,0.94624335
1.0,0.9902334
1.0,0.8943028
1.0,0.8886221
1.0,0.9851308
0.0,0.37963897
0.0,0.030026406
0.0,0.020425439
0.0,0.037543565
1.0,0.7981896
0.0,0.015671372
1.0,0.9147732
0.0,0.023077548
0.0,0.5162008
0.0,0.8672223
0.0,0.028575778
0.0,0.035174787
0.0,0.113100916
0.0,0.22847989
0.0,0.0054026544
1.0,0.8971491
1.0,0.19016483
0.0,0.106741786
0.0,0.15822127
0.0,0.008719176
0.0,0.0033955276
1.0,0.97413254
0.0,0.008495003
1.0,0.053434312
0.0,0.023531675
1.0,0.3605771
0.0,0.0055715144
0.0,0.103868484
1.0,0.91288805
0.0,0.00039294362
1.0,0.95138156
0.0,0.054857522
0.0,0.4974084
0.0,0.21305814
0.0,0.00095909834
0.0,0.0011085272
1.0,0.92415714
1.0,0.98377836
0.0,0.4161709
0.0,0.031067163
0.0,0.010390878
0.0,0.23813793
1.0,0.84551466
0.0,0.6976723
1.0,0.17068613
1.0,0.42976108
0.0,0.77918375
0.0,0.018293798
0.0,0.052090645
0.0,0.013663739
0.0,0.022070825
0.0,0.026205003
0.0,0.03306243
0.0,0.70086706
0.0,0.16831988
1.0,0.9028003
0.0,0.97054327
0.0,0.005494207
1.0,0.8962924
0.0,0.013132691
0.0,0.034114003
0.0,0.001313448
0.0,0.01627469
1.0,0.058242947
1.0,0.96661484
1.0,0.95899427
0.0,0.013661742
0.0,0.004592091
0.0,0.0107497275
0.0,0.36132616
0.0,0.5033101
0.0,0.7793188
1.0,0.98798907
1.0,0.9714434
1.0,0.92691886
0.0,0.01763761
1.0,0.97593033
1.0,0.622736
0.0,0.020952225
1.0,0.9590389
0.0,0.013753504
0.0,0.008366287
0.0,0.7177672
1.0,0.97771096
1.0,0.96006095
1.0,0.6650897
0.0,0.9069604
0.0,0.26696175
0.0,0.008441567
1.0,0.96479225
1.0,0.9722301
1.0,0.94054866
1.0,0.8666264
0.0,0.028420538
0.0,0.011816353
0.0,0.01841876
0.0,0.36869562
1.0,0.96217346
0.0,0.012374252
0.0,0.07554054
0.0,0.123861104
1.0,0.3282504
0.0,0.016222209
0.0,0.1205439
0.0,0.083443105
0.0,0.48835117
0.0,0.012364417
0.0,0.0979923
0.0,0.009783894
0.0,0.22855711
0.0,0.0012342036
1.0,0.97575545
1.0,0.12939632
0.0,0.1460737
0.0,0.96899694
0.0,0.060503066
1.0,0.89760447
0.0,0.0040799975
0.0,0.016425729
0.0,0.5362793
0.0,0.0041368604
1.0,0.9319413
0.0,0.00644958
0.0,0.051994354
1.0,0.5257993
1.0,0.9146185
1.0,0.93372905
0.0,0.014876932
0.0,0.08789548
1.0,0.80393875
1.0,0.9590303
1.0,0.9793345
0.0,0.88733125
0.0,0.3282391
0.0,0.0006200671
1.0,0.08962911
1.0,0.9768461
0.0,0.008223414
0.0,0.77720666
1.0,0.78082323
1.0,0.96571934
0.0,0.006714165
1.0,0.8308698
1.0,0.4609786
0.0,0.010406703
1.0,0.18047783
0.0,0.033531517
0.0,0.0023524165
0.0,0.92018676
0.0,0.026916325
1.0,0.7888248
0.0,0.3064461
1.0,0.7982471
1.0,0.740881
1.0,0.590784
0.0,0.0020257235
0.0,0.47008651
1.0,0.51932555
0.0,0.00063565373
1.0,0.83380926
1.0,0.79446423
0.0,0.9617591
0.0,0.023837835
1.0,0.027582139
1.0,0.97345424
0.0,0.0014871359
1.0,0.75634235
1.0,0.2906881
1.0,0.8673935
1.0,0.98832834
1.0,0.36134127
1.0,0.9621482
0.0,0.023273677
0.0,0.30039772
0.0,0.03326112
1.0,0.93595624
1.0,0.38829762
0.0,0.041671157
0.0,0.017880797
1.0,0.0965938
0.0,0.004255384
1.0,0.9829306
0.0,0.09003174
1.0,0.79073364
1.0,0.9562498
0.0,0.24926317
1.0,0.38161725
0.0,0.011335343
1.0,0.988044
1.0,0.9404313
1.0,0.16383845
0.0,0.019125938
0.0,0.016782254
1.0,0.7287071
0.0,0.06012717
1.0,0.89927447
0.0,0.019000053
0.0,0.92277884
0.0,0.097278714
0.0,0.48004064
0.0,0.0013990104
0.0,0.21199146
0.0,0.11651108
1.0,0.9497395
1.0,0.09942821
0.0,0.009868562
1.0,0.9795768
1.0,0.8869003
0.0,0.86905885
0.0,0.77739465
0.0,0.06516987
0.0,0.027341902
0.0,0.012593478
0.0,0.040345162
1.0,0.3244522
1.0,0.9792837
0.0,0.0023424327
0.0,0.001141578
0.0,0.79882526
0.0,0.9225204
0.0,0.087313354
1.0,0.97156227
0.0,0.072342694
0.0,0.061774135
1.0,0.8492762
1.0,0.956125
0.0,0.030445635
0.0,0.1132212
0.0,0.003922373
1.0,0.9403887
1.0,0.88475335
0.0,0.013204336
0.0,0.016676605
0.0,0.002556771
0.0,0.19825473
0.0,0.002569884
1.0,0.9654691
1.0,0.77231014
1.0,0.12307212
0.0,0.00096824765
1.0,0.1914936
0.0,0.42823353
1.0,0.98704547
1.0,0.51310927
0.0,0.0026827157
0.0,0.0012894869
0.0,0.0030103028
0.0,0.8209294
0.0,0.39176625
1.0,0.99316597
0.0,0.785676
0.0,0.63834715
0.0,0.00953123
0.0,0.00073105097
0.0,0.20649365
0.0,0.11111942
0.0,0.046975702
1.0,0.8381211
1.0,0.9718473
0.0,0.0014692545
0.0,0.8408036
0.0,0.7545892
0.0,0.042921722
1.0,0.9802071
0.0,0.031549245
0.0,0.16723952
1.0,0.29034662
0.0,0.89470637
0.0,0.010017127
0.0,0.00912562
0.0,0.004130423
1.0,0.99026066
1.0,0.92632776
0.0,0.0038366318
1.0,0.3493749
1.0,0.9541827
1.0,0.9572588
0.0,0.1989334
0.0,0.09531957
1.0,0.9648428
1.0,0.9601753
0.0,0.003049165
1.0,0.9573436
0.0,0.024323821
1.0,0.9214926
1.0,0.9139595
1.0,0.887075
0.0,0.015786678
1.0,0.7451758
1.0,0.3692272
0.0,0.0871295
0.0,0.02541858
0.0,0.9816055
0.0,0.02486509
0.0,0.013077587
0.0,0.001476258
1.0,0.99319375
0.0,0.075672954
0.0,0.06690061
0.0,0.14905518
0.0,0.0028103292
0.0,0.038943708
0.0,0.023564786
1.0,0.83091587
0.0,0.013881624
0.0,0.012708038
0.0,0.5290728
1.0,0.8684415
1.0,0.86884546
1.0,0.9074447
1.0,0.9727349
0.0,0.008096606
0.0,0.030162603
0.0,0.015226483
0.0,0.09667829
0.0,0.80012655
0.0,0.0066755116
1.0,0.96239483
0.0,0.80818844
1.0,0.078846335
1.0,0.036278546
1.0,0.6930797
0.0,0.013714433
0.0,0.0053293407
0.0,0.0009264946
0.0,0.0045729578
1.0,0.33049783
1.0,0.9570987
1.0,0.7847737
1.0,0.8652033
1.0,0.987748
0.0,0.013757348
0.0,0.02483812
0.0,0.89777756
0.0,0.004609406
1.0,0.96329015
0.0,0.0013671517
0.0,0.83179426
1.0,0.9663836
1.0,0.8112525
0.0,0.0075697005
0.0,0.11564916
0.0,0.4224341
0.0,0.49639717
1.0,0.8068124
0.0,0.9779979
0.0,0.5250461
1.0,0.9886496
0.0,0.057650477
1.0,0.9589572
1.0,0.95192146
0.0,0.00094771385
0.0,0.7811649
0.0,0.0026620328
0.0,0.01711905
1.0,0.79161704
0.0,0.0085017085
0.0,0.049538463
0.0,0.35590675
0.0,0.0021702647
1.0,0.97251344
1.0,0.1767304
1.0,0.90264076
1.0,0.92243123
0.0,0.70135206
0.0,0.019356728
1.0,0.8662802
0.0,0.008839846
1.0,0.40308726
0.0,0.015403241
1.0,0.9408544
1.0,0.98452926
0.0,0.60024506
0.0,0.11072937
0.0,0.3818473
0.0,0.02282989
0.0,0.007118076
0.0,0.015151501
1.0,0.8649678
0.0,0.0036147535
0.0,0.12262097
0.0,0.35997784
0.0,0.08452138
0.0,0.005607486
0.0,0.00034210086
0.0,0.75461215
0.0,0.000985533
0.0,0.00047886372
0.0,0.020682633
0.0,0.10361427
0.0,0.015996039
1.0,0.15200722
0.0,0.0610027
1.0,0.9751576
0.0,0.0020944774
0.0,0.0009421408
1.0,0.78749025
0.0,0.0050183237
1.0,0.9680407
0.0,0.06784621
1.0,0.95299864
0.0,0.77412105
0.0,0.012930185
1.0,0.81346023
1.0,0.13316354
0.0,0.001837641
0.0,0.05558595
0.0,0.00084427
0.0,0.0011042655
0.0,0.0021257102
0.0,0.8548962
1.0,0.9484148
1.0,0.64856327
0.0,0.14052024
0.0,0.007300794
1.0,0.7792919
1.0,0.9522188
1.0,0.72294736
0.0,0.00053304434
1.0,0.031115115
0.0,0.28879702
1.0,0.62156016
0.0,0.0005405843
1.0,0.8460154
0.0,0.002799809
0.0,0.128524
0.0,0.027179986
0.0,0.9092089
1.0,0.948624
0.0,0.04668519
0.0,0.09540516
1.0,0.9728458
0.0,0.0054934025
0.0,0.8885795
0.0,0.7452605
1.0,0.976398
0.0,0.637485
0.0,0.023255587
0.0,0.9781873
1.0,0.9606662
0.0,0.00066292286
0.0,0.7841515
0.0,0.03859338
1.0,0.5681597
0.0,0.016396075
1.0,0.96622527
0.0,0.2287867
1.0,0.78215003
1.0,0.99044836
0.0,0.96377754
1.0,0.95308745
1.0,0.9905427
0.0,0.0057824254
0.0,0.9437882
0.0,0.0055470467
1.0,0.9723295
0.0,0.47647798
1.0,0.45273393
1.0,0.49487308
0.0,0.011388153
1.0,0.95283264
0.0,0.2688948
1.0,0.4787853
0.0,0.8934792
1.0,0.19637829
0.0,0.73792684
1.0,0.0077213645
0.0,0.6237418
0.0,0.007801771
0.0,0.004005611
0.0,0.012044489
0.0,0.008289993
0.0,0.00074484944
0.0,0.002260983
0.0,0.2539068
0.0,0.058351517
0.0,0.40387005
0.0,0.5000464
0.0,0.019412756
1.0,0.9507404
1.0,0.14156184
0.0,0.5573181
1.0,0.015996307
0.0,0.015289009
0.0,0.26397398
0.0,0.81356764
0.0,0.062912405
0.0,0.037116557
0.0,0.1761544
1.0,0.9222327
0.0,0.0013944507
0.0,0.0055601895
1.0,0.008735627
0.0,0.004669696
1.0,0.9236635
0.0,0.0740307
0.0,0.021076858
1.0,0.9069557
0.0,0.009055972
1.0,0.94616103
0.0,0.002443552
0.0,0.00091448426
0.0,0.0055033863
1.0,0.96601224
0.0,0.013240308
1.0,0.117153555
1.0,0.777132
0.0,0.9822682
0.0,0.00070267916
1.0,0.010861665
0.0,0.0025810301
0.0,0.07756415
0.0,0.8071152
0.0,0.0010538995
0.0,0.8674038
0.0,0.95176375
1.0,0.66986
0.0,0.012325078
1.0,0.8304116
0.0,0.0012339354
0.0,0.0014737248
0.0,0.0020436943
1.0,0.8886305
1.0,0.9671637
0.0,0.2570157
0.0,0.4810955
0.0,0.0015231967
0.0,0.10967046
0.0,0.03592819
0.0,0.006124288
0.0,0.0005660653
1.0,0.13764483
1.0,0.92203546
0.0,0.018443286
0.0,0.97630346
1.0,0.22104272
0.0,0.00061163306
1.0,0.9307283
0.0,0.0020762384
0.0,0.017629117
1.0,0.94143444
0.0,0.7371792
1.0,0.4368829
1.0,0.9633202
1.0,0.9784065
0.0,0.28562418
0.0,0.018365502
0.0,0.10743904
1.0,0.93270373
0.0,0.5796453
1.0,0.9788556
0.0,0.012359589
0.0,0.008171618
0.0,0.100146234
1.0,0.9134392
0.0,0.0061681867
0.0,0.019614398
0.0,0.44331118
1.0,0.02453053
1.0,0.9919128
0.0,0.06283903
0.0,0.008957624
1.0,0.9719304
1.0,0.9816488
1.0,0.91831243
1.0,0.09849298
0.0,0.0016226172
1.0,0.90256226
0.0,0.2729115
0.0,0.03962496
0.0,0.0025870502
1.0,0.8405295
0.0,0.16676766
0.0,0.07979536
0.0,0.0011342168
1.0,0.80180466
0.0,0.33470452
1.0,0.9627582
1.0,0.949399
0.0,0.015532911
1.0,0.722227
0.0,0.019188225
1.0,0.6870953
0.0,0.4576125
0.0,0.008615762
0.0,0.023331106
0.0,0.053931355
1.0,0.987327
0.0,0.023693413
0.0,0.32206127
0.0,0.5556636
1.0,0.9943906
1.0,0.9143063
0.0,0.021400899
1.0,0.9389161
1.0,0.98003304
1.0,0.9950183
1.0,0.4614131
0.0,0.24615335
1.0,0.7754692
0.0,0.057362944
0.0,0.43056005
1.0,0.47398114
0.0,0.012042731
0.0,0.014306545
0.0,0.044362277
1.0,0.5465309
0.0,0.48398325
0.0,0.23469564
1.0,0.95542204
0.0,0.008616835
1.0,0.8475963
0.0,0.0104085505
0.0,0.92824936
1.0,0.86062104
1.0,0.944656
0.0,0.004163146
1.0,0.94767064
1.0,0.97904265
0.0,0.81236887
0.0,0.81225616
1.0,0.8079808
0.0,0.03461188
1.0,0.9694241
0.0,0.03410995
0.0,0.05489266
1.0,0.45788643
1.0,0.9234053
0.0,0.04262203
1.0,0.5657091
0.0,0.09869486
0.0,0.055956215
1.0,0.97299325
0.0,0.015473932
0.0,0.04578647
0.0,0.017763555
1.0,0.63388544
0.0,0.00915277
0.0,0.0078056157
1.0,0.897433
1.0,0.96833205
0.0,0.019193977
0.0,0.36130545
0.0,0.0031308234
1.0,0.15867025
0.0,0.7302419
0.0,0.0019170344
0.0,0.022442818
0.0,0.0028927326
0.0,0.0021194816
1.0,0.3147449
0.0,0.12467334
0.0,0.0006709397
0.0,0.46476057
1.0,0.9334272
1.0,0.990584
1.0,0.87523746
0.0,0.8720138
0.0,0.008600801
0.0,0.967582
1.0,0.9753362
0.0,0.02394253
1.0,0.45298484
0.0,0.010480344
1.0,0.9855447
0.0,0.058879554
1.0,0.87739635
0.0,0.8879811
1.0,0.4353528
0.0,0.08704546
0.0,0.06333032
1.0,0.8923663
1.0,0.92441916
1.0,0.97948265
0.0,0.10997915
1.0,0.95029926
1.0,0.6784321
1.0,0.25961655
0.0,0.0005813241
1.0,0.75238353
0.0,0.014020532
0.0,0.93092453
1.0,0.6805645
0.0,0.34605566
0.0,0.010038048
0.0,0.021163374
0.0,0.04214993
0.0,0.6584194
1.0,0.9631914
1.0,0.9601979
0.0,0.4819523
0.0,0.68524474
0.0,0.013358086
1.0,0.9900632
0.0,0.8256117
0.0,0.21346352
0.0,0.0024273694
0.0,0.01107201
0.0,0.024885684
0.0,0.95949256
1.0,0.978923
1.0,0.97760683
1.0,0.09096938
0.0,0.39760357
0.0,0.0040801167
0.0,0.0053696334
0.0,0.013681501
0.0,0.02343586
1.0,0.9458635
0.0,0.018287987
0.0,0.12610805
1.0,0.9896934
0.0,0.07238108
1.0,0.06163585
1.0,0.92212296
0.0,0.44944727
0.0,0.0028253496
0.0,0.035180748
1.0,0.6971355
0.0,0.07901627
0.0,0.010349989
1.0,0.938131
1.0,0.5587618
0.0,0.0016742051
0.0,0.039130867
0.0,0.6988827
0.0,0.006918758
0.0,0.33840165
1.0,0.30175176
1.0,0.92354935
0.0,0.0098463
0.0,0.00059983134
0.0,0.8432578
0.0,0.23939595
1.0,0.9336568
0.0,0.015052259
1.0,0.9804797
0.0,0.021728545
1.0,0.96728146
0.0,0.005732149
1.0,0.95623827
1.0,0.8160214
0.0,0.028667629
0.0,0.10182601
0.0,0.0031386018
0.0,0.057768703
1.0,0.6893842
1.0,0.0016240478
1.0,0.22064084
1.0,0.5128594
1.0,0.7742331
0.0,0.0004975796
1.0,0.41821223
1.0,0.8150703
0.0,0.011357307
0.0,0.01694104
0.0,0.022022605
1.0,0.52428675
1.0,0.97949827
0.0,0.884808
0.0,0.0039360523
1.0,0.9039933
0.0,0.009218335
0.0,0.025231212
1.0,0.9632249
0.0,0.53101254
0.0,0.022075236
1.0,0.1193859
1.0,0.9327493
0.0,0.005883336
0.0,0.011502564
0.0,0.01346761
1.0,0.98032963
1.0,0.96004665
0.0,0.76111317
0.0,0.29373938
1.0,0.98647934
1.0,0.7598243
0.0,0.003940612
0.0,0.08265525
0.0,0.037518322
1.0,0.1569952
1.0,0.16383785
0.0,0.019584715
0.0,0.07418886
1.0,0.96061474
0.0,0.013085842
0.0,0.017309576
0.0,0.036855876
0.0,0.842721
1.0,0.9600251
0.0,0.83199143
0.0,0.009764165
0.0,0.90530646
0.0,0.37713578
0.0,0.022001922
1.0,0.71238714
1.0,0.78169334
0.0,0.3044356
1.0,0.97777796
0.0,0.47002026
1.0,0.9596257
1.0,0.027910799
1.0,0.94750476
0.0,0.0051800907
0.0,0.3300311
0.0,0.008847773
1.0,0.9904577
0.0,0.0029184818
1.0,0.9851933
0.0,0.042348027
0.0,0.00095775723
1.0,0.12330082
1.0,0.9639436
0.0,0.0014626086
1.0,0.7595693
0.0,0.026093066
1.0,0.9510057
0.0,0.0010280013
1.0,0.6641071
1.0,0.045886725
0.0,0.027617484
0.0,0.0031494796
0.0,0.005845219
0.0,0.009322941
0.0,0.006838113
0.0,0.90082145
0.0,0.06728998
0.0,0.0097157955
0.0,0.9457048
0.0,0.002344638
1.0,0.9460043
0.0,0.35989642
0.0,0.49983138
1.0,0.98965615
0.0,0.06696901
1.0,0.98716044
0.0,0.016184568
1.0,0.98553145
0.0,0.004284978
0.0,0.030777931
1.0,0.9850729
0.0,0.027152002
0.0,0.0036822557
0.0,0.009344399
1.0,0.9722603
1.0,0.31882358
0.0,0.005782306
1.0,0.95855516
1.0,0.28332657
1.0,0.96634126
0.0,0.33016372
1.0,0.09530288
1.0,0.90549594
0.0,0.15449405
1.0,0.4855535
1.0,0.50104177
0.0,0.028792918
0.0,0.002011001
0.0,0.01291728
0.0,0.012206197
0.0,0.0037090778
0.0,0.027924478
0.0,0.021116555
0.0,0.0006259382
1.0,0.91984963
0.0,0.04772818
0.0,0.003122449
0.0,0.012794077
0.0,0.04730177
1.0,0.83961487
0.0,0.0012696981
1.0,0.9136151
0.0,0.39971185
0.0,0.0023609102
1.0,0.4586054
1.0,0.85050553
0.0,0.10079697
0.0,0.031171948
1.0,0.8995937
0.0,0.94350064
0.0,0.03200099
1.0,0.7677176
1.0,0.7010778
1.0,0.8097688
1.0,0.8302132
0.0,0.019551873
0.0,0.001049161
1.0,0.68924844
0.0,0.012785286
0.0,0.000724107
1.0,0.97711945
1.0,0.8464142
1.0,0.96723545
0.0,0.012966037
1.0,0.1289097
1.0,0.95189786
1.0,0.9588983
0.0,0.0024873018
0.0,0.0024943352
1.0,0.20649707
0.0,0.03028506
0.0,0.64465535
0.0,0.016765147
1.0,0.98275316
0.0,0.013060838
0.0,0.016045183
0.0,0.049623102
0.0,0.1654759
0.0,0.0710372
0.0,0.0021211505
0.0,0.8813116
1.0,0.99204814
0.0,0.039486796
1.0,0.8720901
0.0,0.0028470755
0.0,0.8184635
0.0,0.89259076
1.0,0.0038075745
0.0,0.71453863
0.0,0.006753862
0.0,0.00075146556
0.0,0.3278336
0.0,0.06727788
1.0,0.9788177
0.0,0.44245708
1.0,0.9487078
0.0,0.009280086
0.0,0.025206655
0.0,0.013397127
0.0,0.77426255
0.0,0.07545969
0.0,0.4565041
0.0,0.16715994
0.0,0.11518279
1.0,0.86742043
0.0,0.041553825
1.0,0.6760596
1.0,0.6189372
0.0,0.050845504
0.0,0.018498927
1.0,0.78707755
0.0,0.011196345
1.0,0.7599379
1.0,0.63478035
0.0,0.0032037199
1.0,0.4360056
0.0,0.0020874143
1.0,0.9684144
0.0,0.15455413
0.0,0.15974525
1.0,0.63166153
0.0,0.8624549
0.0,0.0022207499
0.0,0.59700626
1.0,0.71142435
1.0,0.95665276
0.0,0.0010712445
0.0,0.042501777
1.0,0.5757483
0.0,0.7470245
1.0,0.12636954
0.0,0.1009441
1.0,0.08620989
0.0,0.71759546
0.0,0.017879277
0.0,0.7096722
0.0,0.0091869235
0.0,0.27070332
1.0,0.021368653
0.0,0.5013682
1.0,0.8888217
0.0,0.0122434795
1.0,0.36720437
0.0,0.004149258
0.0,0.0015982985
0.0,0.017748326
0.0,0.028822511
0.0,0.15954664
0.0,0.075915456
0.0,0.044454604
0.0,0.046479106
1.0,0.9514216
0.0,0.010025024
0.0,0.060635746
1.0,0.8232528
1.0,0.5079919
0.0,0.024019212
0.0,0.10048857
1.0,0.7475831
0.0,0.16195905
1.0,0.0413751
1.0,0.9214977
1.0,0.84503424
1.0,0.82002425
0.0,0.019406855
0.0,0.001019299
1.0,0.13114583
0.0,0.22066262
1.0,0.97399807
1.0,0.7723452
1.0,0.9791194
0.0,0.09100261
0.0,0.0024094284
0.0,0.20436367
0.0,0.013294637
1.0,0.261721
1.0,0.91145355
0.0,0.07399511
0.0,0.18830633
0.0,0.07291752
0.0,0.31141412
1.0,0.03588438
1.0,0.74205375
1.0,0.95402765
0.0,0.9339587
1.0,0.5626527
1.0,0.70241076
1.0,0.33176002
1.0,0.9585734
0.0,0.2747354
0.0,0.8209456
0.0,0.8042775
0.0,0.004031092
1.0,0.8846153
1.0,0.97947645
1.0,0.88287205
1.0,0.84868884
0.0,0.03417903
0.0,0.002327472
0.0,0.022109538
0.0,0.03843385
1.0,0.86920214
0.0,0.16839853
0.0,0.015906543
0.0,0.11003682
0.0,0.007654637
1.0,0.83601785
1.0,0.79000497
1.0,0.94992995
0.0,0.09457752
0.0,0.10276717
1.0,0.7963438
1.0,0.986272
0.0,0.055001974
1.0,0.9254095
0.0,0.8168609
1.0,0.9880684
1.0,0.9885247
1.0,0.65122336
0.0,0.03251481
0.0,0.12937221
1.0,0.9778739
0.0,0.10360226
0.0,0.29518458
1.0,0.98280334
0.0,0.024528414
0.0,0.023033053
0.0,0.07664138
1.0,0.24796346
0.0,0.58469987
0.0,0.37422425
1.0,0.59757274
0.0,0.51278335
0.0,0.028044641
0.0,0.037813842
0.0,0.25591034
1.0,0.696709
0.0,0.8410592
0.0,0.014757156
0.0,0.00067830086
1.0,0.13247934
0.0,0.03779146
0.0,0.0011129379
1.0,0.8193644
0.0,0.52430063
0.0,0.0052404404
1.0,0.97201836
1.0,0.86550605
0.0,0.00063589215
1.0,0.27067387
1.0,0.21504381
0.0,0.6096213
0.0,0.5898683
1.0,0.6934141
1.0,0.8092797
0.0,0.006678194
1.0,0.19203696
1.0,0.35195357
1.0,0.18179676
0.0,0.1635704
1.0,0.2096707
0.0,0.014754862
1.0,0.83905226
0.0,0.0012466013
1.0,0.9379759
0.0,0.79678357
0.0,0.102858156
1.0,0.6540106
0.0,0.019134402
1.0,0.9346484
1.0,0.80850375
1.0,0.9519726
1.0,0.691699
0.0,0.015339762
1.0,0.02155
0.0,0.5713179
0.0,0.0022003353
0.0,0.024329245
0.0,0.014175355
1.0,0.9465405
0.0,0.0054773986
0.0,0.6406882
0.0,0.6150769
0.0,0.62783045
1.0,0.8929734
0.0,0.3165601
0.0,0.004829228
0.0,0.041645586
0.0,0.6918378
1.0,0.7924015
0.0,0.0033763945
1.0,0.95439124
1.0,0.9651263
0.0,0.82562506
0.0,0.0011303127
0.0,0.001837939
1.0,0.9379096
0.0,0.029356152
1.0,0.016658157
1.0,0.78645337
1.0,0.9548509
0.0,0.8122446
0.0,0.3401332
0.0,0.0045834184
0.0,0.641225
0.0,0.011464089
0.0,0.0030696392
0.0,0.5282413
1.0,0.6655948
0.0,0.40951058
1.0,0.8872047
0.0,0.11244914
1.0,0.97326744
1.0,0.9370533
1.0,0.54301697
1.0,0.87939787
0.0,0.15506825
0.0,0.93961835
0.0,0.028361827
1.0,0.76883507
1.0,0.94179714
0.0,0.004793167
1.0,0.28577378
1.0,0.9492569
1.0,0.831136
1.0,0.15737256
0.0,0.71252924
0.0,0.02418542
1.0,0.90928984
0.0,0.0131881535
0.0,0.07354361
1.0,0.9694302
0.0,0.0070619285
0.0,0.71581393
0.0,0.108394444
0.0,0.0027099848
0.0,0.086382955
1.0,0.9727577
0.0,0.0043337047
0.0,0.24302155
1.0,0.12495911
0.0,0.034896314
1.0,0.9440732
0.0,0.23339999
0.0,0.0071147084
0.0,0.00297001
0.0,0.33213112
1.0,0.7735892
0.0,0.27842277
0.0,0.13374388
1.0,0.9073496
1.0,0.8912598
0.0,0.025797784
0.0,0.008499324
0.0,0.011253059
1.0,0.5094273
0.0,0.07967815
1.0,0.90230703
1.0,0.86709464
1.0,0.4112803
1.0,0.95645374
1.0,0.9180143
0.0,0.9062881
1.0,0.8643987
1.0,0.9851276
0.0,0.0027184486
0.0,0.002371639
0.0,0.013468951
1.0,0.8072615
0.0,0.009981304
0.0,0.0043419003
0.0,0.028793067
1.0,0.96704805
0.0,0.01882881
1.0,0.9363666
0.0,0.16699299
0.0,0.56358033
0.0,0.071881115
0.0,0.019344062
0.0,0.010255128
1.0,0.71068555
1.0,0.9785034
0.0,0.025589198
0.0,0.06066069
1.0,0.36386424
0.0,0.0006903112
1.0,0.97894925
0.0,0.01995331
0.0,0.0071638227
0.0,0.01765567
1.0,0.956459
1.0,0.84941906
0.0,0.025251806
0.0,0.29587436
1.0,0.785298
0.0,0.020232022
0.0,0.0032601953
1.0,0.9145298
1.0,0.9818295
1.0,0.89636284
0.0,0.014599532
1.0,0.95565206
1.0,0.92980754
0.0,0.22797379
0.0,0.0143095255
0.0,0.00265342
0.0,0.022248268
0.0,0.0008430183
0.0,0.018701404
1.0,0.580964
1.0,0.95843333
0.0,0.07011336
0.0,0.006134808
0.0,0.05847442
0.0,0.06602618
1.0,0.9316665
0.0,0.9392446
0.0,0.025610387
0.0,0.7742847
0.0,0.9627794
1.0,0.046017557
0.0,0.0013250113
0.0,0.7252002
1.0,0.9526251
0.0,0.03964892
0.0,0.0852865
0.0,0.024678499
0.0,0.0043224692
1.0,0.8301237
1.0,0.91153324
0.0,0.022659034
0.0,0.95136565
0.0,0.0019354224
0.0,0.93616325
0.0,0.91008276
0.0,0.43428016
0.0,0.001962334
0.0,0.1705648
1.0,0.0051465034
0.0,0.022170126
1.0,0.19159088
0.0,0.7732955
0.0,0.00075891614
0.0,0.057665884
0.0,0.10705474
0.0,0.12779859
0.0,0.019112706
1.0,0.97889924
0.0,0.0023509264
0.0,0.72684765
0.0,0.031979352
1.0,0.8059032
1.0,0.911837
0.0,0.012162238
0.0,0.31747997
0.0,0.0020620823
1.0,0.9925256
1.0,0.7904122
1.0,0.9728662
0.0,0.06778437
1.0,0.977132
0.0,0.036194503
0.0,0.0009261966
0.0,0.012927949
1.0,0.006057501
0.0,0.00086554885
0.0,0.0036985278
1.0,0.9913278
1.0,0.40823808
0.0,0.00841105
1.0,0.99242926
0.0,0.019465208
1.0,0.77293456
0.0,0.13101324
1.0,0.91745853
0.0,0.95364463
0.0,0.14318857
1.0,0.88272417
0.0,0.0024544597
0.0,0.11415121
0.0,0.01492542
0.0,0.010097891
0.0,0.04112923
0.0,0.011042863
1.0,0.89447427
1.0,0.8518256
0.0,0.6530055
0.0,0.023502827
0.0,0.010160506
0.0,0.10982767
1.0,0.9855184
0.0,0.012896806
0.0,0.055222154
0.0,0.8289803
0.0,0.1575467
0.0,0.0006663799
1.0,0.94925976
1.0,0.9478667
0.0,0.0010539591
0.0,0.0060680807
0.0,0.013577968
0.0,0.002810508
1.0,0.8616797
0.0,0.77037
0.0,0.020713657
0.0,0.0109321475
1.0,0.93426347
0.0,0.0054984093
0.0,0.33988154
1.0,0.9495417
0.0,0.006134033
0.0,0.16262671
1.0,0.79642534
1.0,0.74889505
1.0,0.92059624
0.0,0.0011311173
0.0,0.0021111965
0.0,0.20853966
0.0,0.007492274
1.0,0.4956371
0.0,0.20862997
1.0,0.1182788
0.0,0.0010131896
0.0,0.003293842
0.0,0.123438686
1.0,0.9720729
0.0,0.73369575
0.0,0.08092204
0.0,0.5684145
1.0,0.77341604
0.0,0.013292819
0.0,0.43489417
0.0,0.0009685755
1.0,0.049219072
0.0,0.004488528
0.0,0.0009364188
1.0,0.1033279
1.0,0.9714975
0.0,0.0008158088
1.0,0.9902749
1.0,0.98919356
1.0,0.9226456
1.0,0.89456606
0.0,0.031895548
1.0,0.89421916
0.0,0.9872626
1.0,0.033667743
0.0,0.0085297525
1.0,0.41422734
0.0,0.88607013
1.0,0.3600737
1.0,0.98398304
1.0,0.7042752
0.0,0.0049839914
0.0,0.7679193
0.0,0.7631322
0.0,0.004198611
0.0,0.027924716
0.0,0.15063775
1.0,0.985492
1.0,0.9822556
1.0,0.11799282
0.0,0.0016188622
0.0,0.005647987
0.0,0.047939718
0.0,0.76115644
1.0,0.026339263
0.0,0.032923818
0.0,0.010246605
0.0,0.024108052
0.0,0.21778798
1.0,0.85971594
0.0,0.7269242
0.0,0.7595583
0.0,0.35183206
1.0,0.426046
0.0,0.014096618
0.0,0.5354841
1.0,0.23983195
0.0,0.17919064
1.0,0.11158091
0.0,0.012222588
0.0,0.29456833
0.0,0.0034103096
0.0,0.013837725
0.0,0.00064471364
1.0,0.8943615
0.0,0.11242074
0.0,0.04545766
1.0,0.98122513
1.0,0.9656869
0.0,0.16275048
1.0,0.009641081
0.0,0.09395248
0.0,0.05346793
1.0,0.961644
0.0,0.0005697012
0.0,0.17164025
0.0,0.01935643
0.0,0.0045541525
1.0,0.9836451
1.0,0.9543403
1.0,0.7726058
1.0,0.9745941
0.0,0.007142991
0.0,0.024470001
0.0,0.061682552
1.0,0.9629855
0.0,0.008197635
0.0,0.015701741
1.0,0.95442367
1.0,0.45117623
1.0,0.8936312
0.0,0.0036358237
0.0,0.2726956
0.0,0.61654735
1.0,0.981617
1.0,0.9504492
1.0,0.9192499
0.0,0.26879394
0.0,0.0003708899
0.0,0.0013027489
1.0,0.8993504
1.0,0.1462267
0.0,0.21717846
1.0,0.96064883
1.0,0.6168364
1.0,0.9341464
1.0,0.5659768
0.0,0.17036828
0.0,0.020652086
1.0,0.5035973
1.0,0.8196627
0.0,0.022390068
0.0,0.017137349
0.0,0.005262524
0.0,0.01378569
0.0,0.02249375
0.0,0.7014248
0.0,0.005879253
0.0,0.048921585
1.0,0.86879027
1.0,0.79516923
0.0,0.82385856
1.0,0.9695345
0.0,0.0024916828
1.0,0.9245311
0.0,0.21098772
1.0,0.971732
0.0,0.000931561
0.0,0.0027663708
0.0,0.0025948584
0.0,0.4761457
1.0,0.08337906
1.0,0.9862225
0.0,0.014900088
0.0,0.1515885
1.0,0.28394657
0.0,0.038362235
1.0,0.97582364
1.0,0.7855122
0.0,0.0055630207
0.0,0.023796618
0.0,0.26383185
0.0,0.99262065
0.0,0.8090764
0.0,0.004208058
0.0,0.34885275
0.0,0.015503049
1.0,0.96025157
1.0,0.9563513
1.0,0.8859148
1.0,0.8040457
0.0,0.0063029826
0.0,0.6206612
1.0,0.8973842
0.0,0.50237375
0.0,0.009118319
0.0,0.0203861
1.0,0.31070507
1.0,0.17716691
0.0,0.0036789477
1.0,0.94535613
1.0,0.975649
0.0,0.0011110008
0.0,0.01018855
1.0,0.9452495
0.0,0.012216091
0.0,0.924153
0.0,0.0006965101
0.0,0.020784259
1.0,0.060810506
0.0,0.018000245
0.0,0.0032656789
0.0,0.30834872
1.0,0.2948196
0.0,0.004612416
0.0,0.052396566
1.0,0.7931369
0.0,0.005284995
0.0,0.18924135
0.0,0.9349638
1.0,0.97890663
1.0,0.6896225
1.0,0.08363989
0.0,0.03741461
0.0,0.19366184
1.0,0.3152012
0.0,0.0023682415
0.0,0.0012549758
0.0,0.039412707
0.0,0.013753802
1.0,0.56464356
0.0,0.31358153
0.0,0.86375093
1.0,0.8052554
0.0,0.023901254
0.0,0.018207282
0.0,0.7773726
0.0,0.20305929
1.0,0.8058367
1.0,0.9828746
0.0,0.41184083
1.0,0.7402531
0.0,0.008491129
0.0,0.011613339
0.0,0.0014370084
1.0,0.53179497
0.0,0.001981914
0.0,0.016364872
1.0,0.9359925
1.0,0.7382459
1.0,0.9009732
0.0,0.5741931
1.0,0.9134562
1.0,0.84531033
0.0,0.00056281686
0.0,0.9106906
0.0,0.5809736
1.0,0.4474433
0.0,0.01614368
0.0,0.18957993
0.0,0.014675796
0.0,0.0151488185
0.0,0.008294314
0.0,0.061435252
0.0,0.20460081
0.0,0.73341566
0.0,0.24793926
1.0,0.5715201
1.0,0.7905601
1.0,0.7876568
0.0,0.0032984614
1.0,0.9927288
0.0,0.21357545
0.0,0.03069678
1.0,0.961431
0.0,0.21357429
0.0,0.006822884
0.0,0.23798078
0.0,0.01245746
0.0,0.17786837
0.0,0.8313641
0.0,0.035750896
1.0,0.89206004
0.0,0.0008048713
0.0,0.007416874
0.0,0.003404975
1.0,0.92916167
1.0,0.9387047
0.0,0.776086
1.0,0.7997031
0.0,0.018829465
1.0,0.12751225
0.0,0.00648278
0.0,0.008656472
1.0,0.034951895
0.0,0.0007110238
0.0,0.0056885183
1.0,0.41635698
0.0,0.03533113
1.0,0.015029311
0.0,0.36653697
0.0,0.007372886
1.0,0.9077565
0.0,0.00606364
0.0,0.53645414
0.0,0.7384733
0.0,0.00536263
0.0,0.0004402697
1.0,0.9032358
0.0,0.0014910102
0.0,0.044578433
0.0,0.011782169
1.0,0.6045928
0.0,0.94140065
0.0,0.027214855
1.0,0.8431098
0.0,0.005038351
0.0,0.001727432
0.0,0.030647755
0.0,0.09540826
1.0,0.32060683
0.0,0.01799798
0.0,0.0011956394
0.0,0.004859805
0.0,0.0016994774
0.0,0.71963257
1.0,0.9630563
1.0,0.7734686
0.0,0.006164491
1.0,0.9221076
0.0,0.012560099
0.0,0.005935788
0.0,0.013424426
0.0,0.10440865
1.0,0.94067264
0.0,0.014262646
0.0,0.006233394
0.0,0.0841485
0.0,0.14293209
0.0,0.16058064
0.0,0.005977869
0.0,0.0011270642
0.0,0.0028024614
0.0,0.0010111332
0.0,0.95247674
1.0,0.35381556
0.0,0.017363608
0.0,0.010715514
0.0,0.006401837
1.0,0.99055403
0.0,0.06457341
1.0,0.9094475
0.0,0.15684739
0.0,0.027689397
0.0,0.16959497
1.0,0.96660554
1.0,0.9938178
1.0,0.92727005
1.0,0.50265235
0.0,0.40405524
0.0,0.0029554665
1.0,0.9806962
1.0,0.948966
0.0,0.009830773
0.0,0.037411034
0.0,0.79261124
1.0,0.96827114
0.0,0.01583746
0.0,0.0030443966
0.0,0.021992564
0.0,0.017759413
1.0,0.5714689
1.0,0.9555794
0.0,0.0007534921
1.0,0.55560464
0.0,0.021257848
0.0,0.020554721
0.0,0.0020512044
0.0,0.018227577
0.0,0.0059601963
1.0,0.9064632
0.0,0.00084272027
0.0,0.027391106
0.0,0.8067397
0.0,0.051370293
0.0,0.76834357
1.0,0.9795102
0.0,0.019006252
0.0,0.02547127
1.0,0.91944194
0.0,0.3891225
0.0,0.00302428
1.0,0.9445358
1.0,0.7511475
0.0,0.073372126
1.0,0.87350196
0.0,0.37027538
1.0,0.8326098
1.0,0.99523604
0.0,0.07062888
1.0,0.94847155
0.0,0.027893811
0.0,0.02209109
0.0,0.3971373
0.0,0.5944352
0.0,0.034534752
0.0,0.004914522
0.0,0.4647402
1.0,0.9486686
0.0,0.066711664
0.0,0.023885757
0.0,0.45700777
0.0,0.18518704
1.0,0.946046
0.0,0.010968208
0.0,0.562074
0.0,0.012488574
0.0,0.005366951
0.0,0.0030851662
0.0,0.94730437
1.0,0.045972854
0.0,0.09583247
1.0,0.8385688
0.0,0.0017357767
1.0,0.15870538
0.0,0.05518827
0.0,0.06086409
0.0,0.019542724
0.0,0.7165224
0.0,0.32209983
0.0,0.046894968
0.0,0.11958715
0.0,0.006264478
0.0,0.5564881
0.0,0.92065793
1.0,0.96945876
0.0,0.55259556
0.0,0.011379182
1.0,0.9856982
0.0,0.0031802952
0.0,0.0042205155
0.0,0.0007724166
1.0,0.75554836
1.0,0.5749649
1.0,0.6993109
1.0,0.96561444
0.0,0.09264663
1.0,0.8934908
0.0,0.09197748
1.0,0.52737135
0.0,0.2910315
0.0,0.9472298
0.0,0.29832545
0.0,0.0026981235
0.0,0.02635321
1.0,0.94556624
1.0,0.27987218
0.0,0.98722696
1.0,0.76554716
0.0,0.005794406
1.0,0.9529396
0.0,0.015145808
0.0,0.01216045
0.0,0.9331352
0.0,0.50095797
0.0,0.09331012
0.0,0.0012935996
1.0,0.99282336
0.0,0.0007133782
1.0,0.98571026
1.0,0.8935266
1.0,0.9644724
0.0,0.002242893
0.0,0.9700254
0.0,0.0038337111
0.0,0.12872145
0.0,0.14877465
1.0,0.25700152
0.0,0.23977122
0.0,0.071210474
0.0,0.11814195
0.0,0.007672459
0.0,0.0017199218
0.0,0.12966093
0.0,0.7802694
0.0,0.0052655637
0.0,0.8602253
1.0,0.9811274
0.0,0.53706604
0.0,0.019837469
0.0,0.005074054
0.0,0.002863109
1.0,0.8769119
0.0,0.6170008
1.0,0.9807745
0.0,0.49415597
1.0,0.99448097
1.0,0.9538126
0.0,0.003504753
0.0,0.04372987
0.0,0.023473114
0.0,0.22943428
0.0,0.029278934
0.0,0.6573935
1.0,0.95680404
0.0,0.0082163215
1.0,0.5723168
0.0,0.5857888
0.0,0.0037139952
0.0,0.012714028
1.0,0.9519696
0.0,0.0055113137
1.0,0.98679507
0.0,0.0019282997
0.0,0.020467937
0.0,0.65435314
0.0,0.6265692
0.0,0.084370494
0.0,0.015592843
1.0,0.7490992
1.0,0.8921328
0.0,0.14252222
0.0,0.017508864
0.0,0.012196213
1.0,0.95999056
0.0,0.030117065
1.0,0.30219445
0.0,0.035696417
1.0,0.8821913
1.0,0.9124223
0.0,0.025150776
0.0,0.020383865
0.0,0.0027667284
1.0,0.9032602
0.0,0.27410588
0.0,0.8309723
1.0,0.9582606
1.0,0.30481058
0.0,0.8001729
0.0,0.015078783
1.0,0.9706391
0.0,0.01059854
0.0,0.009100169
0.0,0.0030389428
1.0,0.5616668
0.0,0.04968193
0.0,0.021598399
1.0,0.9327888
1.0,0.7205868
0.0,0.51248896
0.0,0.0080700815
0.0,0.011072248
1.0,0.9436672
1.0,0.96430063
1.0,0.6881536
0.0,0.051764667
0.0,0.0013546646
0.0,0.0075321496
0.0,0.0007108748
1.0,0.8561044
0.0,0.0009345114
0.0,0.63962567
0.0,0.29594028
0.0,0.33522218
0.0,0.20384818
0.0,0.0058682263
0.0,0.20679078
0.0,0.023096204
0.0,0.0044842362
1.0,0.2926774
1.0,0.8810302
0.0,0.75641525
0.0,0.11005694
1.0,0.018477738
0.0,0.0024197102
1.0,0.913645
0.0,0.01423341
0.0,0.014195651
1.0,0.93587756
1.0,0.967662
0.0,0.3455007
0.0,0.036574394
1.0,0.31424946
0.0,0.1622017
0.0,0.3100823
0.0,0.98194844
0.0,0.020422637
1.0,0.89158714
1.0,0.37345618
0.0,0.35674834
0.0,0.001188159
0.0,0.033435494
1.0,0.90101635
0.0,0.004052311
1.0,0.36922243
0.0,0.03094861
1.0,0.83785856
1.0,0.62289935
0.0,0.6138103
1.0,0.18225342
0.0,0.63705254
0.0,0.0036132932
1.0,0.9755136
1.0,0.17958191
0.0,0.020026505
0.0,0.258866
0.0,0.7951677
0.0,0.9243232
1.0,0.9436039
0.0,0.06980899
0.0,0.27896076
0.0,0.0017885566
1.0,0.96074724
0.0,0.03258404
0.0,0.8494252
1.0,0.93699956
0.0,0.0007404387
0.0,0.8589116
0.0,0.05630803
1.0,0.45685917
0.0,0.14102012
1.0,0.9715481
0.0,0.010315955
1.0,0.05118978
1.0,0.52908635
1.0,0.9610667
1.0,0.89264596
0.0,0.0021969378
1.0,0.45495388
0.0,0.011893719
1.0,0.9760237
1.0,0.8449978
0.0,0.28044158
1.0,0.8199756
0.0,0.0012859106
1.0,0.68959093
1.0,0.6456924
0.0,0.024124056
0.0,0.95905423
1.0,0.99196017
1.0,0.19207409
0.0,0.15443295
0.0,0.3196469
0.0,0.00056761503
0.0,0.009069085
0.0,0.733729
1.0,0.90945256
1.0,0.9465685
1.0,0.45334768
1.0,0.79371214
1.0,0.99038136
1.0,0.9751612
0.0,0.5826389
1.0,0.9256302
0.0,0.0036598444
0.0,0.013148636
0.0,0.08833179
1.0,0.029289186
1.0,0.74467146
0.0,0.021717042
0.0,0.016409248
0.0,0.8870467
1.0,0.85470563
1.0,0.103030205
1.0,0.8835746
0.0,0.0022036433
0.0,0.963591
0.0,0.072549194
0.0,0.13278812
0.0,0.017127573
0.0,0.012546331
1.0,0.9713265
1.0,0.90718967
0.0,0.030680388
0.0,0.027300179
0.0,0.7962921
0.0,0.7389967
0.0,0.66954637
0.0,0.39664686
0.0,0.81966674
1.0,0.81004024
0.0,0.1798281
1.0,0.93865764
0.0,0.0024192035
0.0,0.87885356
0.0,0.066307604
0.0,0.70300245
1.0,0.93893653
1.0,0.8704983
1.0,0.60652804
1.0,0.81673384
0.0,0.0013091862
0.0,0.73573375
1.0,0.6613483
1.0,0.89217025
0.0,0.23598626
0.0,0.005330026
0.0,0.03044942
1.0,0.7612814
0.0,0.008080095
1.0,0.021416634
0.0,0.012687713
0.0,0.049017042
0.0,0.020977736
0.0,0.0149175525
0.0,0.068130255
0.0,0.014401704
0.0,0.15724227
1.0,0.9764299
0.0,0.0029454827
0.0,0.6368387
0.0,0.009509087
1.0,0.37079188
0.0,0.026774824
1.0,0.98123276
0.0,0.0059656203
0.0,0.004968494
0.0,0.004959643
0.0,0.05888471
0.0,0.010331482
0.0,0.014735639
1.0,0.94761455
0.0,0.08652556
1.0,0.85391366
1.0,0.9530847
0.0,0.022956848
0.0,0.019922048
1.0,0.9243908
1.0,0.9921832
0.0,0.37629175
0.0,0.45072797
0.0,0.1380899
0.0,0.05736637
0.0,0.007168323
1.0,0.42551833
0.0,0.017627
1.0,0.6186543
1.0,0.40805066
0.0,0.9611564
0.0,0.08682096
0.0,0.006325394
0.0,0.005461067
0.0,0.88698393
0.0,0.005482346
0.0,0.0062330663
0.0,0.7823118
1.0,0.73763806
1.0,0.7971912
0.0,0.024847895
0.0,0.021025985
0.0,0.099190354
1.0,0.9378289
0.0,0.0015309155
0.0,0.01350683
1.0,0.632096
1.0,0.95554566
0.0,0.23241961
0.0,0.053328514
0.0,0.011928648
1.0,0.94123065
0.0,0.017448694
1.0,0.9543724
1.0,0.7923726
0.0,0.004230827
0.0,0.023766637
0.0,0.017386168
1.0,0.7337565
0.0,0.028003633
1.0,0.70151603
0.0,0.004839301
1.0,0.8060563
0.0,0.047852457
0.0,0.02867034
0.0,0.001321286
1.0,0.98878586
0.0,0.7520263
1.0,0.98094714
1.0,0.956845
0.0,0.002845943
1.0,0.33151728
0.0,0.061369926
1.0,0.30638933
0.0,0.0014324188
1.0,0.9332375
0.0,0.0010748506
1.0,0.7987287
1.0,0.96188927
1.0,0.9754946
0.0,0.010137588
1.0,0.9119336
1.0,0.54402614
0.0,0.010151327
1.0,0.9635026
1.0,0.32117856
1.0,0.053484417
0.0,0.10367378
0.0,0.0054731565
0.0,0.96001214
0.0,0.0901677
