0.0,0.21466482
0.0,0.78097606
1.0,0.34032825
0.0,0.0783622
1.0,0.4733641
0.0,0.041628093
1.0,0.94750047
1.0,0.7630875
1.0,0.7011153
0.0,0.008865625
0.0,0.29603094
1.0,0.911762
0.0,0.014307469
0.0,0.12620622
0.0,0.046176642
0.0,0.006802231
1.0,0.23233882
0.0,0.043459564
0.0,0.013304174
1.0,0.7316
1.0,0.7208743
0.0,0.0076069534
1.0,0.93504834
0.0,0.04165262
0.0,0.0096035
1.0,0.7024229
0.0,0.069024324
1.0,0.879871
0.0,0.03030634
1.0,0.90000415
0.0,0.018989056
0.0,0.22912249
1.0,0.9428448
1.0,0.9826654
1.0,0.8961244
1.0,0.9680071
1.0,0.5108125
0.0,0.040582836
1.0,0.92186
1.0,0.046640992
1.0,0.9376831
1.0,0.96615434
0.0,0.01943633
1.0,0.964018
1.0,0.88349366
0.0,0.038911283
0.0,0.0043185055
0.0,0.10448396
0.0,0.024808288
1.0,0.9892812
0.0,0.25509113
1.0,0.770182
1.0,0.97459596
1.0,0.7264943
0.0,0.020806849
0.0,0.0064956546
0.0,0.07689372
1.0,0.045562
1.0,0.7041845
1.0,0.15990102
1.0,0.975161
0.0,0.2728995
1.0,0.97963685
1.0,0.87471354
1.0,0.9659694
0.0,0.19128227
0.0,0.07834652
1.0,0.9675776
0.0,0.012742549
1.0,0.9186406
0.0,0.27727836
1.0,0.91243875
0.0,0.0036036372
0.0,0.061118543
1.0,0.3936441
0.0,0.06709924
0.0,0.010489941
0.0,0.30261856
0.0,0.012894303
1.0,0.94202924
0.0,0.025268257
1.0,0.97072136
1.0,0.9543799
1.0,0.99303234
1.0,0.9724428
1.0,0.8444991
1.0,0.9734907
0.0,0.17819804
0.0,0.030437917
1.0,0.8079436
0.0,0.006603062
1.0,0.15223166
0.0,0.020001441
0.0,0.71800774
0.0,0.4433402
1.0,0.95521325
0.0,0.03891477
0.0,0.04760769
1.0,0.49986663
1.0,0.97957385
0.0,0.014252335
0.0,0.039101392
1.0,0.03223893
0.0,0.10944918
0.0,0.102250755
1.0,0.8780896
1.0,0.026738375
0.0,0.0307419
1.0,0.015027612
1.0,0.97688425
1.0,0.9204935
0.0,0.08061123
1.0,0.034745723
0.0,0.068100065
0.0,0.04414162
1.0,0.6571352
0.0,0.040780544
1.0,0.34256577
1.0,0.57796496
1.0,0.9678199
0.0,0.32154116
1.0,0.980337
0.0,0.9207146
0.0,0.015399367
0.0,0.23674917
1.0,0.4352582
0.0,0.008695006
0.0,0.09065056
1.0,0.93302137
1.0,0.78937745
1.0,0.97709584
0.0,0.02789712
0.0,0.016475618
1.0,0.2543077
1.0,0.9687377
0.0,0.8188126
0.0,0.020073026
0.0,0.018186748
0.0,0.05114925
0.0,0.029568583
1.0,0.7104978
0.0,0.1636512
1.0,0.16049129
0.0,0.019058675
0.0,0.009438187
0.0,0.003131479
1.0,0.21346956
0.0,0.012467116
0.0,0.019756526
0.0,0.041742593
0.0,0.090434015
0.0,0.007218957
0.0,0.015299231
0.0,0.8754606
0.0,0.13760501
1.0,0.94698346
0.0,0.0048769712
0.0,0.007921904
1.0,0.9880501
0.0,0.016468614
0.0,0.17538801
0.0,0.06436464
0.0,0.022381335
0.0,0.12873372
1.0,0.99077845
0.0,0.082069844
1.0,0.9160273
0.0,0.07062033
0.0,0.0075071156
1.0,0.71497846
0.0,0.9259558
0.0,0.9510784
0.0,0.9451927
0.0,0.0037848651
1.0,0.7600945
1.0,0.87493825
0.0,0.049038798
1.0,0.70451546
0.0,0.33400676
1.0,0.94840777
1.0,0.75775874
1.0,0.95856947
1.0,0.9722638
1.0,0.9690109
0.0,0.8539423
0.0,0.0036298633
0.0,0.009473652
0.0,0.96890247
0.0,0.08691597
0.0,0.034272373
1.0,0.18150997
0.0,0.004225701
0.0,0.8351192
1.0,0.9646778
1.0,0.7722123
1.0,0.98993564
0.0,0.008011252
0.0,0.050765544
0.0,0.0063199997
1.0,0.054776073
0.0,0.2871549
0.0,0.20010594
0.0,0.4715204
0.0,0.41245732
0.0,0.12940392
1.0,0.05073884
0.0,0.03281167
1.0,0.17323208
0.0,0.0039470196
0.0,0.0455648
0.0,0.007193476
1.0,0.92339325
0.0,0.039546132
0.0,0.08627826
0.0,0.039617836
0.0,0.010475308
0.0,0.89073336
0.0,0.20698887
1.0,0.9839965
0.0,0.014597297
0.0,0.011677355
1.0,0.38362202
1.0,0.978707
0.0,0.2432977
0.0,0.02217552
0.0,0.006702125
0.0,0.07576805
0.0,0.032293707
0.0,0.14213827
1.0,0.9583556
0.0,0.062567145
1.0,0.32163203
0.0,0.009872019
1.0,0.2511906
1.0,0.47566622
0.0,0.04764098
0.0,0.0772849
0.0,0.029877484
1.0,0.88309824
1.0,0.804898
1.0,0.97656155
1.0,0.70163584
0.0,0.02448845
0.0,0.8362298
1.0,0.97675407
0.0,0.4991418
0.0,0.008360058
0.0,0.01783821
0.0,0.10346398
0.0,0.07743287
0.0,0.028982103
0.0,0.10850257
1.0,0.51979345
0.0,0.03929594
0.0,0.06317127
0.0,0.06923258
1.0,0.876359
1.0,0.961318
0.0,0.03417483
0.0,0.22355655
0.0,0.038404673
1.0,0.97725356
0.0,0.037855536
0.0,0.004831761
0.0,0.03939262
0.0,0.023314
1.0,0.9777321
1.0,0.87160784
1.0,0.97221863
0.0,0.023142695
1.0,0.9213892
0.0,0.028402776
0.0,0.07367113
0.0,0.41863444
1.0,0.9498265
1.0,0.45761746
0.0,0.0065504313
0.0,0.03390771
1.0,0.8750371
1.0,0.3268168
0.0,0.025955856
1.0,0.09581044
1.0,0.9765693
0.0,0.6883162
0.0,0.14360896
0.0,0.057020992
0.0,0.026697367
0.0,0.37530452
0.0,0.04469791
1.0,0.9807161
0.0,0.024717927
0.0,0.023772359
1.0,0.99330205
0.0,0.013067067
1.0,0.9519216
1.0,0.048724353
1.0,0.9131454
1.0,0.86041844
1.0,0.9593642
0.0,0.041743875
1.0,0.9178574
0.0,0.78483653
1.0,0.98720086
0.0,0.5228007
0.0,0.26480582
0.0,0.032198817
0.0,0.05565533
0.0,0.21388763
1.0,0.97759026
0.0,0.9404336
1.0,0.6928352
0.0,0.8866277
1.0,0.7484681
1.0,0.9781574
0.0,0.022500992
0.0,0.01008302
0.0,0.030320585
1.0,0.9322653
1.0,0.14858273
0.0,0.0037580729
0.0,0.0028570294
0.0,0.011013746
0.0,0.03229189
1.0,0.9149663
1.0,0.7474532
0.0,0.041567147
0.0,0.0943383
1.0,0.7871999
1.0,0.976607
1.0,0.2554832
0.0,0.050742865
0.0,0.8065258
0.0,0.007726252
0.0,0.6541587
1.0,0.9793577
1.0,0.83793443
0.0,0.04774356
0.0,0.041489094
0.0,0.008740187
0.0,0.60300857
0.0,0.0067801774
0.0,0.19654238
1.0,0.42453885
0.0,0.15322575
0.0,0.04155928
0.0,0.07520291
0.0,0.41486838
0.0,0.79720783
0.0,0.036746502
0.0,0.007466316
1.0,0.59753054
0.0,0.042532206
1.0,0.74746037
0.0,0.005752951
0.0,0.14733794
0.0,0.18322682
0.0,0.0032939613
0.0,0.96516
1.0,0.5652341
1.0,0.900105
0.0,0.63121915
1.0,0.8792865
0.0,0.013499588
0.0,0.49055547
0.0,0.4461857
0.0,0.40801048
0.0,0.017290592
0.0,0.0027734041
1.0,0.3347864
0.0,0.018003434
1.0,0.971308
0.0,0.08392233
1.0,0.4523781
0.0,0.13995925
1.0,0.06707057
1.0,0.94237554
1.0,0.945722
0.0,0.0056318045
0.0,0.05139646
1.0,0.9508422
0.0,0.044469982
0.0,0.027546346
1.0,0.02998206
1.0,0.9692626
0.0,0.32074496
1.0,0.9592388
1.0,0.97579813
0.0,0.7102766
0.0,0.039224148
0.0,0.3383441
0.0,0.038401872
0.0,0.028813511
0.0,0.05352491
1.0,0.9720386
0.0,0.15630743
1.0,0.7894417
1.0,0.24218819
0.0,0.018440157
0.0,0.0630863
0.0,0.8298438
1.0,0.9745014
1.0,0.9479383
1.0,0.43386626
0.0,0.2579555
1.0,0.9521756
1.0,0.88658583
0.0,0.00393942
0.0,0.21240199
0.0,0.8825269
0.0,0.78414065
1.0,0.9479934
0.0,0.029730618
1.0,0.3688587
0.0,0.7452152
0.0,0.068306565
0.0,0.043321937
0.0,0.012887925
0.0,0.0130725205
0.0,0.035805315
0.0,0.035844773
0.0,0.0145815015
0.0,0.033023983
0.0,0.43906444
0.0,0.1457242
0.0,0.023805022
0.0,0.3295628
0.0,0.028722584
1.0,0.691798
0.0,0.2824862
1.0,0.94980025
0.0,0.026914656
0.0,0.014793575
0.0,0.008236885
0.0,0.87466764
0.0,0.5816964
0.0,0.08358839
0.0,0.056633502
0.0,0.002770573
0.0,0.024550349
0.0,0.035918623
0.0,0.6217101
1.0,0.9191283
0.0,0.027042598
0.0,0.014159888
0.0,0.6089456
0.0,0.052408397
1.0,0.62301296
0.0,0.7851601
1.0,0.34683788
0.0,0.006629318
0.0,0.18862045
1.0,0.9552506
0.0,0.89312536
1.0,0.73501253
1.0,0.9439825
1.0,0.9268991
1.0,0.95729315
0.0,0.009210378
1.0,0.73859507
0.0,0.01131928
0.0,0.017623544
0.0,0.08853194
1.0,0.99079275
0.0,0.008706063
0.0,0.04064578
1.0,0.46483308
1.0,0.9930526
0.0,0.09991908
0.0,0.0043181777
1.0,0.6975426
0.0,0.0459688
1.0,0.72926605
0.0,0.46784446
0.0,0.23076499
1.0,0.8699658
0.0,0.790203
0.0,0.0059438646
1.0,0.06844467
0.0,0.026724666
1.0,0.98296773
0.0,0.0045980513
1.0,0.5217043
1.0,0.5633285
1.0,0.77284163
1.0,0.9709397
0.0,0.11600852
0.0,0.045406073
1.0,0.7955675
0.0,0.02725482
0.0,0.29565808
1.0,0.67820096
1.0,0.8572177
1.0,0.94056493
0.0,0.007446915
1.0,0.9399462
1.0,0.8831922
0.0,0.15534756
1.0,0.94982016
0.0,0.4029203
1.0,0.8667023
1.0,0.90309745
0.0,0.72207946
0.0,0.5623939
1.0,0.39002392
0.0,0.23399797
1.0,0.9538834
0.0,0.9208922
0.0,0.03861171
0.0,0.8674172
1.0,0.98583984
0.0,0.0043462515
0.0,0.0069688857
0.0,0.76140183
1.0,0.3747673
0.0,0.036270767
0.0,0.007183969
0.0,0.055952072
0.0,0.7651521
1.0,0.54472256
1.0,0.9015688
0.0,0.06591636
0.0,0.52547354
0.0,0.08613193
0.0,0.07903868
0.0,0.024202734
1.0,0.93310565
0.0,0.029786319
1.0,0.94810593
0.0,0.73345727
0.0,0.18552133
1.0,0.7877889
0.0,0.016143024
0.0,0.059855163
0.0,0.03324747
0.0,0.0054506063
0.0,0.09834355
0.0,0.0035440326
0.0,0.026423752
0.0,0.041365087
1.0,0.8574586
1.0,0.97435707
0.0,0.0040526986
0.0,0.04421872
1.0,0.95504206
0.0,0.013474345
1.0,0.9002018
0.0,0.2222763
0.0,0.0028785765
1.0,0.86774695
0.0,0.14873105
1.0,0.66313815
0.0,0.22150037
1.0,0.27115363
0.0,0.0265446
0.0,0.041716427
0.0,0.70730275
1.0,0.9727366
0.0,0.004832357
0.0,0.051092386
0.0,0.015547901
0.0,0.95485836
1.0,0.4301714
0.0,0.01511395
0.0,0.009883016
1.0,0.94616115
1.0,0.03678012
0.0,0.119816154
1.0,0.77558374
0.0,0.04434833
0.0,0.1346193
1.0,0.9393068
1.0,0.9914216
0.0,0.42596784
1.0,0.96036816
1.0,0.96990347
0.0,0.021648526
0.0,0.057644308
0.0,0.048613906
1.0,0.06818545
0.0,0.0037172139
0.0,0.036527902
0.0,0.007843614
1.0,0.9915968
1.0,0.5237768
0.0,0.010565132
1.0,0.609298
1.0,0.05789554
0.0,0.48175636
1.0,0.9176418
0.0,0.052638143
1.0,0.9218265
0.0,0.10248265
1.0,0.90794575
0.0,0.02730152
0.0,0.01634258
1.0,0.7876862
0.0,0.008332282
1.0,0.8834574
0.0,0.036650926
0.0,0.022941351
0.0,0.017326057
1.0,0.7483902
0.0,0.28729573
1.0,0.6274531
0.0,0.004640639
1.0,0.5117704
1.0,0.48754773
0.0,0.0040821135
1.0,0.98055804
1.0,0.9564401
1.0,0.15654814
1.0,0.8619571
0.0,0.031902105
0.0,0.01159516
0.0,0.7941545
1.0,0.92169535
1.0,0.59999394
0.0,0.021769702
0.0,0.03814915
0.0,0.11450952
1.0,0.8740897
0.0,0.32428676
1.0,0.009214044
1.0,0.955991
0.0,0.02010715
0.0,0.050810874
1.0,0.97158563
0.0,0.79157543
1.0,0.97548795
0.0,0.7475767
0.0,0.030052215
0.0,0.020850211
1.0,0.06731698
0.0,0.02758351
1.0,0.97095454
0.0,0.017733306
1.0,0.45737016
0.0,0.528719
0.0,0.0929161
1.0,0.05933526
1.0,0.3326259
1.0,0.65862596
1.0,0.9387667
0.0,0.04357344
0.0,0.031067014
0.0,0.460468
0.0,0.0033905506
1.0,0.94430393
1.0,0.77897143
0.0,0.0033659935
0.0,0.019498765
0.0,0.004440695
1.0,0.76237726
0.0,0.025335848
0.0,0.043684572
0.0,0.053604484
0.0,0.22421634
0.0,0.03754428
0.0,0.17605045
1.0,0.8609523
0.0,0.9290185
1.0,0.35625702
0.0,0.049075425
0.0,0.24331883
1.0,0.70128256
1.0,0.8742006
1.0,0.9433178
0.0,0.03477931
0.0,0.30495822
1.0,0.25790676
0.0,0.004886061
0.0,0.044787824
0.0,0.18033111
1.0,0.87388694
0.0,0.033534467
0.0,0.08514881
1.0,0.97248256
0.0,0.10464364
1.0,0.9903538
1.0,0.9210926
1.0,0.97561675
0.0,0.016450346
1.0,0.966182
1.0,0.7939392
0.0,0.03686127
1.0,0.29292417
0.0,0.0139772
0.0,0.17044923
0.0,0.08897537
0.0,0.0034469366
1.0,0.8806924
1.0,0.37755772
1.0,0.98874146
1.0,0.96248895
1.0,0.9757678
0.0,0.51892024
0.0,0.97290695
1.0,0.9803084
0.0,0.021596283
1.0,0.69722056
1.0,0.98065764
0.0,0.0445818
1.0,0.08783397
1.0,0.41960633
0.0,0.029060036
0.0,0.04752308
0.0,0.011194438
0.0,0.03446579
1.0,0.5189016
1.0,0.97348034
0.0,0.0067874193
0.0,0.023336768
1.0,0.044481814
1.0,0.85360175
1.0,0.052390337
0.0,0.039706796
1.0,0.75132394
1.0,0.14017403
0.0,0.021946162
0.0,0.19848365
1.0,0.8897462
1.0,0.97501993
0.0,0.3920082
1.0,0.84716815
0.0,0.06315184
0.0,0.74408764
1.0,0.96883035
0.0,0.6046647
1.0,0.95294553
0.0,0.7938318
0.0,0.27759123
0.0,0.06924644
1.0,0.9494479
1.0,0.42104742
0.0,0.014074475
0.0,0.01497674
1.0,0.7893462
0.0,0.028550833
1.0,0.9657156
1.0,0.9011744
1.0,0.788661
0.0,0.07512146
0.0,0.81304
0.0,0.81764436
0.0,0.018721998
0.0,0.0033629239
1.0,0.9897999
0.0,0.29856908
0.0,0.017096668
1.0,0.9708186
0.0,0.025036246
1.0,0.063151896
1.0,0.84931755
0.0,0.01630637
0.0,0.31737518
0.0,0.7847602
0.0,0.013986051
0.0,0.0039286315
0.0,0.016428977
0.0,0.016489863
0.0,0.9143013
1.0,0.6064074
1.0,0.92604655
0.0,0.8120632
0.0,0.4040876
0.0,0.014077157
0.0,0.0553284
0.0,0.01597488
1.0,0.03261447
0.0,0.023373663
0.0,0.0053807497
1.0,0.99101424
1.0,0.6480604
0.0,0.0161269
0.0,0.9628682
0.0,0.0033107102
0.0,0.023234278
0.0,0.0031747818
0.0,0.038563937
1.0,0.9099932
1.0,0.7347452
1.0,0.8972466
0.0,0.0033322573
1.0,0.7753515
1.0,0.9487274
0.0,0.07793617
0.0,0.0026718676
1.0,0.7686194
1.0,0.19515884
1.0,0.8753897
1.0,0.9439861
1.0,0.7614609
0.0,0.0894869
0.0,0.1789774
1.0,0.37704816
0.0,0.0117304325
1.0,0.9482367
0.0,0.010341644
1.0,0.4777522
0.0,0.034097463
0.0,0.22934559
0.0,0.015790582
0.0,0.019652545
0.0,0.27268958
0.0,0.0038124025
0.0,0.0040211976
0.0,0.042639166
0.0,0.67343646
0.0,0.0039578676
0.0,0.009525627
1.0,0.9125979
1.0,0.7956693
1.0,0.97487235
0.0,0.9632342
0.0,0.56833607
0.0,0.87888896
0.0,0.036013097
1.0,0.9737468
1.0,0.26528406
1.0,0.89293706
1.0,0.9831151
0.0,0.90818775
0.0,0.017817885
0.0,0.009935766
1.0,0.8019774
0.0,0.013979375
1.0,0.008324951
1.0,0.9707536
0.0,0.10399136
0.0,0.014685333
0.0,0.009144157
0.0,0.76079714
1.0,0.91791767
1.0,0.96024597
0.0,0.034707516
1.0,0.9155104
1.0,0.74678
0.0,0.56379896
0.0,0.03509918
1.0,0.43771264
0.0,0.003298372
0.0,0.077693194
0.0,0.005185485
0.0,0.29549414
0.0,0.030207425
1.0,0.50836706
0.0,0.041778743
0.0,0.5910278
1.0,0.9764393
1.0,0.886556
0.0,0.46061546
0.0,0.53265303
1.0,0.7941117
0.0,0.10128847
0.0,0.0028159618
1.0,0.5180662
0.0,0.07337144
0.0,0.021902919
0.0,0.035212427
1.0,0.96767926
0.0,0.17591119
1.0,0.85974735
1.0,0.9624541
1.0,0.99321175
0.0,0.022507936
1.0,0.81130934
0.0,0.044232756
1.0,0.9382831
0.0,0.09625244
1.0,0.9619739
0.0,0.025762647
0.0,0.030644327
1.0,0.9677396
0.0,0.011441559
0.0,0.010440946
1.0,0.63381106
1.0,0.865645
1.0,0.060435295
1.0,0.79898036
1.0,0.67747873
1.0,0.96659493
1.0,0.80767864
0.0,0.019920617
1.0,0.115216255
1.0,0.98462677
0.0,0.07756451
0.0,0.0062438548
0.0,0.0033547282
1.0,0.6527865
0.0,0.013165802
0.0,0.06452063
0.0,0.25863716
1.0,0.95938563
0.0,0.006858647
0.0,0.097307175
1.0,0.49103555
1.0,0.94171023
1.0,0.889534
1.0,0.09989309
0.0,0.9796771
0.0,0.060611576
0.0,0.07727352
0.0,0.046887577
0.0,0.0041804314
0.0,0.05845219
0.0,0.029446572
1.0,0.045045346
1.0,0.92707103
0.0,0.03299001
1.0,0.8766428
0.0,0.011408031
0.0,0.0030312836
1.0,0.97835374
0.0,0.01916194
0.0,0.8748703
0.0,0.016090631
0.0,0.20089358
0.0,0.03129843
0.0,0.017884642
0.0,0.93089384
1.0,0.81581676
0.0,0.054135114
0.0,0.18168643
1.0,0.90212035
0.0,0.0097166
1.0,0.8069339
0.0,0.036756992
0.0,0.0049076974
0.0,0.021032035
0.0,0.24748021
0.0,0.003765285
0.0,0.009958923
0.0,0.02912578
0.0,0.037570596
0.0,0.7211752
1.0,0.72383803
0.0,0.07070246
1.0,0.7682606
0.0,0.6118652
1.0,0.045643657
0.0,0.08302474
0.0,0.0075330436
0.0,0.09337431
1.0,0.9499482
1.0,0.038149774
1.0,0.23035166
0.0,0.03200966
0.0,0.5485492
1.0,0.697703
0.0,0.013756186
0.0,0.045985818
1.0,0.47047547
0.0,0.0158844
1.0,0.94127715
1.0,0.23926467
0.0,0.013133794
1.0,0.38361365
0.0,0.088362485
1.0,0.21469557
0.0,0.2732965
1.0,0.98611295
0.0,0.0026708245
0.0,0.97284436
0.0,0.043540478
0.0,0.047805935
0.0,0.006010592
0.0,0.049266696
0.0,0.023618251
1.0,0.93997824
0.0,0.0057816207
0.0,0.0035766661
0.0,0.0027253032
0.0,0.09885815
0.0,0.13681507
1.0,0.1457538
0.0,0.5097527
0.0,0.11739707
1.0,0.5498415
0.0,0.5478985
1.0,0.9514117
0.0,0.785437
1.0,0.90682507
1.0,0.9347788
0.0,0.012344301
1.0,0.9933065
0.0,0.45714122
0.0,0.025322914
0.0,0.035423815
0.0,0.12847343
1.0,0.071228355
1.0,0.9826567
0.0,0.062540025
0.0,0.21484607
1.0,0.9850335
0.0,0.045339286
1.0,0.6439009
1.0,0.03023228
1.0,0.7931813
0.0,0.030600786
1.0,0.6395563
0.0,0.025332242
1.0,0.89255464
1.0,0.16928226
0.0,0.34292346
0.0,0.7085603
0.0,0.035882443
0.0,0.17930505
1.0,0.72468567
1.0,0.94202626
1.0,0.98081374
0.0,0.031210959
0.0,0.00344944
1.0,0.94393086
0.0,0.94069445
0.0,0.0037938058
0.0,0.023100287
1.0,0.654399
0.0,0.052968025
0.0,0.019819349
0.0,0.08480477
0.0,0.040741146
1.0,0.7778466
1.0,0.9573402
0.0,0.11073771
0.0,0.042635947
0.0,0.013651878
1.0,0.98118675
0.0,0.035951495
0.0,0.7894001
1.0,0.87666386
0.0,0.009308606
0.0,0.7403861
1.0,0.96132076
0.0,0.045555085
1.0,0.30165988
1.0,0.1585545
0.0,0.042862892
0.0,0.050241858
0.0,0.01027295
0.0,0.014593214
1.0,0.97301537
1.0,0.9938426
1.0,0.9765301
1.0,0.19136167
0.0,0.8509562
0.0,0.048212886
1.0,0.74901104
1.0,0.9852911
0.0,0.06218916
0.0,0.037501246
1.0,0.5364142
0.0,0.0083206
1.0,0.8096119
0.0,0.012036979
0.0,0.16715229
1.0,0.9748533
0.0,0.048267037
0.0,0.0033147335
0.0,0.043980062
0.0,0.039332926
0.0,0.30049652
1.0,0.07518417
0.0,0.030698687
1.0,0.96851844
0.0,0.08886844
1.0,0.95739055
0.0,0.2236095
1.0,0.7868587
1.0,0.95931077
1.0,0.9891224
0.0,0.91460955
0.0,0.0037373602
1.0,0.27791995
0.0,0.094370306
0.0,0.039878637
1.0,0.87592334
1.0,0.23866361
0.0,0.19623098
1.0,0.93154335
1.0,0.97102356
0.0,0.8771239
0.0,0.017804533
0.0,0.8473164
0.0,0.012819529
0.0,0.0032441914
0.0,0.88197243
1.0,0.96853244
1.0,0.9751839
1.0,0.9584429
0.0,0.003251791
0.0,0.018663734
0.0,0.010322005
0.0,0.02763477
0.0,0.046747208
0.0,0.04798436
1.0,0.874805
1.0,0.9372839
1.0,0.66449773
0.0,0.11823663
0.0,0.033259213
1.0,0.8946519
0.0,0.12797111
0.0,0.5063457
1.0,0.86133444
0.0,0.7760056
0.0,0.86784506
1.0,0.7966496
0.0,0.053898454
1.0,0.6942264
1.0,0.9127509
0.0,0.94549215
0.0,0.015038371
1.0,0.99050283
0.0,0.0072413683
0.0,0.4559138
1.0,0.77315164
1.0,0.96089673
1.0,0.7485426
1.0,0.93991816
0.0,0.95984393
0.0,0.028875321
0.0,0.007913947
1.0,0.7890263
0.0,0.9761503
1.0,0.7147784
0.0,0.763865
1.0,0.9159912
1.0,0.7195544
0.0,0.07355186
0.0,0.03877169
0.0,0.007802695
0.0,0.35841617
0.0,0.058177143
0.0,0.012780458
1.0,0.3860267
1.0,0.18123579
0.0,0.8578646
1.0,0.95831954
1.0,0.48758397
0.0,0.0059951246
0.0,0.22146472
1.0,0.87901974
1.0,0.17876393
0.0,0.023328483
0.0,0.11338362
0.0,0.014110714
0.0,0.02615726
1.0,0.5617302
1.0,0.94782186
0.0,0.03571704
0.0,0.0039361715
0.0,0.044842005
0.0,0.13183004
0.0,0.021929562
0.0,0.028595805
0.0,0.92657626
0.0,0.54903764
0.0,0.012643337
0.0,0.035821855
0.0,0.11105168
1.0,0.97906184
1.0,0.8583411
0.0,0.01291436
0.0,0.024487168
0.0,0.0034541786
0.0,0.005865097
0.0,0.087673664
0.0,0.29605323
0.0,0.03337857
0.0,0.3159189
1.0,0.94677484
1.0,0.98880315
1.0,0.8848741
1.0,0.8883469
1.0,0.9785733
0.0,0.48694158
0.0,0.03621611
0.0,0.036560833
0.0,0.05336544
1.0,0.7716223
0.0,0.026641667
1.0,0.9217217
0.0,0.0421831
0.0,0.41445982
0.0,0.84544843
0.0,0.039076507
0.0,0.04564458
0.0,0.14165911
0.0,0.2309452
0.0,0.015788853
1.0,0.884372
1.0,0.31778678
0.0,0.10312483
0.0,0.15379304
0.0,0.01499328
0.0,0.011140019
1.0,0.9662345
0.0,0.012804419
1.0,0.08299002
0.0,0.031428307
1.0,0.2991256
0.0,0.010633171
0.0,0.09868649
1.0,0.9148028
0.0,0.0033585131
1.0,0.95804614
0.0,0.06015396
0.0,0.47355238
0.0,0.21390623
0.0,0.004086256
0.0,0.0045465827
1.0,0.9225679
1.0,0.9798217
0.0,0.38931614
0.0,0.047523916
0.0,0.016872704
0.0,0.25771046
1.0,0.83811915
0.0,0.7490723
1.0,0.19491178
1.0,0.38718507
0.0,0.7221768
0.0,0.031021893
0.0,0.0701344
0.0,0.030251175
0.0,0.08111718
0.0,0.052248985
0.0,0.04181254
0.0,0.7322283
0.0,0.2177333
1.0,0.8981259
0.0,0.9735199
0.0,0.014583558
1.0,0.8918848
0.0,0.027165622
0.0,0.058398128
0.0,0.0036649108
0.0,0.02636823
1.0,0.060730755
1.0,0.9614159
1.0,0.96525294
0.0,0.018246084
0.0,0.0072785914
0.0,0.02236408
0.0,0.41416162
0.0,0.5289768
0.0,0.76171243
1.0,0.9877368
1.0,0.97154486
1.0,0.92983913
0.0,0.02732575
1.0,0.9760267
1.0,0.61683065
0.0,0.034861684
1.0,0.9563509
0.0,0.021160841
0.0,0.013056487
0.0,0.69630396
1.0,0.9760196
1.0,0.95277923
1.0,0.7559006
0.0,0.8931922
0.0,0.22128466
0.0,0.01695159
1.0,0.9629408
1.0,0.96914226
1.0,0.9426434
1.0,0.84036815
0.0,0.048592776
0.0,0.026453823
0.0,0.040024936
0.0,0.38953635
1.0,0.9597105
0.0,0.019372314
0.0,0.066198796
0.0,0.11587462
1.0,0.28403443
0.0,0.03681165
0.0,0.1295408
0.0,0.094180495
0.0,0.3340789
0.0,0.02119562
0.0,0.095473915
0.0,0.021780968
0.0,0.16027185
0.0,0.004123986
1.0,0.9767882
1.0,0.12536243
0.0,0.22252193
0.0,0.977
0.0,0.074303955
1.0,0.9083196
0.0,0.00747627
0.0,0.031683028
0.0,0.5162518
0.0,0.0134011805
1.0,0.93077064
0.0,0.016620249
0.0,0.068980515
1.0,0.46476194
1.0,0.91213655
1.0,0.9359448
0.0,0.039369076
0.0,0.093298584
1.0,0.7948431
1.0,0.96462524
1.0,0.9791677
0.0,0.8576673
0.0,0.4357687
0.0,0.0032592416
1.0,0.07358971
1.0,0.9780438
0.0,0.017219335
0.0,0.7067377
1.0,0.7414145
1.0,0.9697658
0.0,0.010278225
1.0,0.8464195
1.0,0.5017409
0.0,0.02731219
1.0,0.25855127
0.0,0.046870142
0.0,0.009970814
0.0,0.9233952
0.0,0.028981268
1.0,0.76374924
0.0,0.20035487
1.0,0.8408829
1.0,0.7807195
1.0,0.6277863
0.0,0.00549978
0.0,0.46633482
1.0,0.5309525
0.0,0.0031975806
1.0,0.7688097
1.0,0.80162096
0.0,0.95182717
0.0,0.047368348
1.0,0.053765893
1.0,0.9762522
0.0,0.005861461
1.0,0.80239296
1.0,0.2286419
1.0,0.85539293
1.0,0.9899374
1.0,0.4214175
1.0,0.9528527
0.0,0.035232067
0.0,0.27122217
0.0,0.04083827
1.0,0.9378029
1.0,0.4838803
0.0,0.06520757
0.0,0.0386734
1.0,0.14160562
0.0,0.0126206875
1.0,0.97701716
0.0,0.11385962
1.0,0.84688497
1.0,0.9470985
0.0,0.18465748
1.0,0.32550666
0.0,0.04045379
1.0,0.9883731
1.0,0.9446348
1.0,0.17596188
0.0,0.04228878
0.0,0.043832064
1.0,0.8194319
0.0,0.10452372
1.0,0.8909924
0.0,0.026903301
0.0,0.9038025
0.0,0.07395977
0.0,0.31860942
0.0,0.0059557855
0.0,0.22159946
0.0,0.11858645
1.0,0.95032287
1.0,0.12656313
0.0,0.025315613
1.0,0.9765576
1.0,0.8773636
0.0,0.8251689
0.0,0.83914435
0.0,0.07773721
0.0,0.04254523
0.0,0.021713465
0.0,0.05853927
1.0,0.26861662
1.0,0.98115295
0.0,0.007961839
0.0,0.004013717
0.0,0.7374495
0.0,0.9044208
0.0,0.12863153
1.0,0.9352852
0.0,0.15145355
0.0,0.05235347
1.0,0.856807
1.0,0.95176196
0.0,0.030092448
0.0,0.14138854
0.0,0.0089990795
1.0,0.88497317
1.0,0.8931741
0.0,0.040288955
0.0,0.051078737
0.0,0.0072635114
0.0,0.16422594
0.0,0.0070076883
1.0,0.97036374
1.0,0.7471975
1.0,0.18344215
0.0,0.003445506
1.0,0.20352146
0.0,0.4382713
1.0,0.9864346
1.0,0.39382368
0.0,0.005602598
0.0,0.0039563477
0.0,0.007284254
0.0,0.73879206
0.0,0.5053078
1.0,0.99328136
0.0,0.65390825
0.0,0.57361096
0.0,0.022281975
0.0,0.0039324164
0.0,0.26894203
0.0,0.08204943
0.0,0.07537851
1.0,0.8282409
1.0,0.9694184
0.0,0.004229665
0.0,0.7526275
0.0,0.70369285
0.0,0.06510037
1.0,0.9761107
0.0,0.032842726
0.0,0.15494987
1.0,0.4135963
0.0,0.8444501
0.0,0.028918266
0.0,0.014421672
0.0,0.006916791
1.0,0.9877014
1.0,0.9055288
0.0,0.0067610145
1.0,0.40256268
1.0,0.9592755
1.0,0.9560424
0.0,0.16318002
0.0,0.1801368
1.0,0.96462274
1.0,0.9589009
0.0,0.009148687
1.0,0.96037996
0.0,0.04851541
1.0,0.8996196
1.0,0.9194779
1.0,0.83874243
0.0,0.021126628
1.0,0.7358839
1.0,0.372696
0.0,0.09788683
0.0,0.04818222
0.0,0.9788785
0.0,0.04281199
0.0,0.02140683
0.0,0.006339282
1.0,0.9926002
0.0,0.13267592
0.0,0.0714789
0.0,0.2273823
0.0,0.0061549246
0.0,0.07479489
0.0,0.038826674
1.0,0.8346801
0.0,0.01711303
0.0,0.033162624
0.0,0.5786001
1.0,0.8624764
1.0,0.896008
1.0,0.916579
1.0,0.9656377
0.0,0.013366401
0.0,0.06927818
0.0,0.014764637
0.0,0.1346288
0.0,0.8023267
0.0,0.012191385
1.0,0.9593368
0.0,0.7493558
1.0,0.078005284
1.0,0.0541327
1.0,0.7210061
0.0,0.04431072
0.0,0.0137375295
0.0,0.004629433
0.0,0.009222329
1.0,0.43053973
1.0,0.9534998
1.0,0.7698597
1.0,0.8786051
1.0,0.98641264
0.0,0.019817322
0.0,0.049838096
0.0,0.8611567
0.0,0.011621833
1.0,0.9662579
0.0,0.0071281493
0.0,0.83987343
1.0,0.9681184
1.0,0.77129793
0.0,0.019968241
0.0,0.12722307
0.0,0.33768034
0.0,0.41655424
1.0,0.8167974
0.0,0.9779358
0.0,0.4573813
1.0,0.98938
0.0,0.09514922
1.0,0.9671409
1.0,0.96177554
0.0,0.0042541623
0.0,0.7503167
0.0,0.0064963102
0.0,0.023406357
1.0,0.75404996
0.0,0.021039367
0.0,0.045669436
0.0,0.38047385
0.0,0.007704884
1.0,0.97095585
1.0,0.175024
1.0,0.87516195
1.0,0.9164911
0.0,0.67710096
0.0,0.044014752
1.0,0.8397881
0.0,0.019278735
1.0,0.3993936
0.0,0.032835096
1.0,0.92676276
1.0,0.97787136
0.0,0.46971855
0.0,0.14732793
0.0,0.4020871
0.0,0.031027198
0.0,0.011179954
0.0,0.034255773
1.0,0.85998297
0.0,0.011238754
0.0,0.23373029
0.0,0.3546201
0.0,0.069832325
0.0,0.011242628
0.0,0.0038375854
0.0,0.59931743
0.0,0.003602028
0.0,0.0033435524
0.0,0.038449824
0.0,0.10675225
0.0,0.028273642
1.0,0.20951626
0.0,0.059139132
1.0,0.9741335
0.0,0.007016897
0.0,0.0036710799
1.0,0.8334756
0.0,0.013102055
1.0,0.9701749
0.0,0.13910031
1.0,0.9204949
0.0,0.75883645
0.0,0.035705864
1.0,0.7401815
1.0,0.1627573
0.0,0.008438379
0.0,0.052859485
0.0,0.0044653416
0.0,0.003020078
0.0,0.007883817
0.0,0.8076033
1.0,0.93801117
1.0,0.7494643
0.0,0.121194005
0.0,0.012150735
1.0,0.817286
1.0,0.93993646
1.0,0.7752325
0.0,0.0039384365
1.0,0.040646523
0.0,0.29416502
1.0,0.5759667
0.0,0.0032302141
1.0,0.75222355
0.0,0.006895423
0.0,0.1136131
0.0,0.06470698
0.0,0.89213836
1.0,0.9504281
0.0,0.058328092
0.0,0.08768916
1.0,0.9737461
0.0,0.019560724
0.0,0.851933
0.0,0.5658069
1.0,0.9770837
0.0,0.59288627
0.0,0.038942218
0.0,0.9801579
1.0,0.9635532
0.0,0.003607422
0.0,0.8103051
0.0,0.056601554
1.0,0.5545108
0.0,0.045513988
1.0,0.96735764
0.0,0.27893978
1.0,0.8030603
1.0,0.99081314
0.0,0.9539057
1.0,0.9502921
1.0,0.9881455
0.0,0.014970809
0.0,0.93188524
0.0,0.014449388
1.0,0.9743494
0.0,0.34069803
1.0,0.33783332
1.0,0.5896559
0.0,0.026188642
1.0,0.95292795
0.0,0.17482883
1.0,0.49675956
0.0,0.7483468
1.0,0.15488273
0.0,0.7593248
1.0,0.023667991
0.0,0.57271004
0.0,0.017807573
0.0,0.01029247
0.0,0.019058436
0.0,0.02004689
0.0,0.0032018125
0.0,0.005642116
0.0,0.28309867
0.0,0.06892213
0.0,0.44576216
0.0,0.47940043
0.0,0.027395308
1.0,0.9349256
1.0,0.21593246
0.0,0.53181225
1.0,0.027705163
0.0,0.057080895
0.0,0.22081864
0.0,0.79876095
0.0,0.08991712
0.0,0.038668394
0.0,0.18114859
1.0,0.9156368
0.0,0.004406333
0.0,0.011343926
1.0,0.01524812
0.0,0.008615881
1.0,0.9102807
0.0,0.11394602
0.0,0.032228023
1.0,0.84263605
0.0,0.014670223
1.0,0.93083334
0.0,0.008716136
0.0,0.004051566
0.0,0.015466958
1.0,0.96799076
0.0,0.022830248
1.0,0.20217502
1.0,0.77721095
0.0,0.97813183
0.0,0.0030088425
1.0,0.026716888
0.0,0.0057397187
0.0,0.08200571
0.0,0.83361435
0.0,0.003227353
0.0,0.8282681
0.0,0.95178115
1.0,0.6373303
0.0,0.02100283
1.0,0.8704907
0.0,0.0046213865
0.0,0.0044834614
0.0,0.0063536167
1.0,0.8587543
1.0,0.96974385
0.0,0.1793508
0.0,0.37114304
0.0,0.0040365458
0.0,0.097379655
0.0,0.061930478
0.0,0.013264358
0.0,0.0037555397
1.0,0.15256277
1.0,0.90078336
0.0,0.029148996
0.0,0.9739716
1.0,0.21404123
0.0,0.0034382045
1.0,0.938442
0.0,0.007355571
0.0,0.03092891
1.0,0.9298216
0.0,0.68218637
1.0,0.36763173
1.0,0.9567033
1.0,0.9738997
0.0,0.341726
0.0,0.038883924
0.0,0.13846317
1.0,0.9517682
0.0,0.5323123
1.0,0.9759995
0.0,0.030287206
0.0,0.022730857
0.0,0.16877767
1.0,0.91077214
0.0,0.012825817
0.0,0.044866294
0.0,0.39444518
1.0,0.06761131
1.0,0.98814595
0.0,0.0661802
0.0,0.020830005
1.0,0.96518683
1.0,0.9832439
1.0,0.87498355
1.0,0.13939339
0.0,0.0066105425
1.0,0.8865192
0.0,0.23287123
0.0,0.06217763
0.0,0.0059699714
1.0,0.7845965
0.0,0.25514376
0.0,0.0690012
0.0,0.004595816
1.0,0.80076
0.0,0.2224176
1.0,0.9624866
1.0,0.9396688
0.0,0.026113182
1.0,0.74611616
0.0,0.04220602
1.0,0.6970902
0.0,0.5379372
0.0,0.018768102
0.0,0.0401693
0.0,0.05738598
1.0,0.9892865
0.0,0.041244745
0.0,0.28253084
0.0,0.5745176
1.0,0.9926579
1.0,0.9253305
0.0,0.04216191
1.0,0.9386078
1.0,0.97892946
1.0,0.9926225
1.0,0.40054277
0.0,0.12181869
1.0,0.78848904
0.0,0.07708469
0.0,0.5412312
1.0,0.3702866
0.0,0.028648078
0.0,0.01981306
0.0,0.0777908
1.0,0.41533852
0.0,0.42980242
0.0,0.2875492
1.0,0.96249866
0.0,0.01285392
1.0,0.87042046
0.0,0.019400895
0.0,0.9340819
1.0,0.82922405
1.0,0.93469566
0.0,0.011033177
1.0,0.9481356
1.0,0.9749727
0.0,0.7402934
0.0,0.81065524
1.0,0.8502685
0.0,0.03358814
1.0,0.96415746
0.0,0.055312425
0.0,0.051295936
1.0,0.58772266
1.0,0.9175863
0.0,0.05790192
1.0,0.5510989
0.0,0.089370966
0.0,0.0942938
1.0,0.97157156
0.0,0.04036534
0.0,0.07161087
0.0,0.030985057
1.0,0.662938
0.0,0.025611728
0.0,0.017046005
1.0,0.9321056
1.0,0.96727574
0.0,0.02774775
0.0,0.41239774
0.0,0.0060299933
1.0,0.17884281
0.0,0.6858249
0.0,0.004382938
0.0,0.0398058
0.0,0.008100688
0.0,0.005791664
1.0,0.23196134
0.0,0.16330627
0.0,0.003114462
0.0,0.29998794
1.0,0.9319066
1.0,0.98653483
1.0,0.87423426
0.0,0.88027835
0.0,0.01758185
0.0,0.9731356
1.0,0.9654606
0.0,0.039238423
1.0,0.5143083
0.0,0.021607816
1.0,0.9804542
0.0,0.06308386
1.0,0.8938488
0.0,0.8734868
1.0,0.51256377
0.0,0.16409767
0.0,0.10084477
1.0,0.8478357
1.0,0.9329907
1.0,0.9804616
0.0,0.14587367
1.0,0.9495763
1.0,0.6398771
1.0,0.35462034
0.0,0.003741175
1.0,0.77214533
0.0,0.026343644
0.0,0.9222888
1.0,0.67779124
0.0,0.36378804
0.0,0.023488015
0.0,0.025963575
0.0,0.037715793
0.0,0.5664908
1.0,0.968948
1.0,0.9561541
0.0,0.38522342
0.0,0.6925409
0.0,0.017667115
1.0,0.99032533
0.0,0.7881829
0.0,0.24513823
0.0,0.0059531927
0.0,0.030564189
0.0,0.043699473
0.0,0.9547801
1.0,0.9787559
1.0,0.97523737
1.0,0.14423415
0.0,0.41795754
0.0,0.009009868
0.0,0.010214478
0.0,0.030662805
0.0,0.029595435
1.0,0.94593906
0.0,0.0367485
0.0,0.1449886
1.0,0.9887195
0.0,0.097007126
1.0,0.09599349
1.0,0.911139
0.0,0.43861344
0.0,0.009703696
0.0,0.0624142
1.0,0.7081199
0.0,0.12574404
0.0,0.021693647
1.0,0.92591274
1.0,0.51518553
0.0,0.0045739114
0.0,0.084703505
0.0,0.6744331
0.0,0.020866007
0.0,0.28763968
1.0,0.26271927
1.0,0.9277178
0.0,0.01803717
0.0,0.0036203563
0.0,0.81274784
0.0,0.21679327
1.0,0.9416482
0.0,0.03190145
1.0,0.9826709
0.0,0.03504473
1.0,0.9619877
0.0,0.011157572
1.0,0.9559536
1.0,0.76808006
0.0,0.032966256
0.0,0.17472085
0.0,0.009975165
0.0,0.0659942
1.0,0.76055133
1.0,0.006922245
1.0,0.21064645
1.0,0.4666402
1.0,0.7650527
0.0,0.002490729
1.0,0.45688996
1.0,0.7602781
0.0,0.025426745
0.0,0.035876095
0.0,0.028965503
1.0,0.4974048
1.0,0.97533643
0.0,0.89790666
0.0,0.012039393
1.0,0.8931428
0.0,0.01276347
0.0,0.041074604
1.0,0.96084034
0.0,0.49576566
0.0,0.037064016
1.0,0.1900886
1.0,0.93257475
0.0,0.015246779
0.0,0.023291588
0.0,0.026820362
1.0,0.9773923
1.0,0.9519379
0.0,0.79558194
0.0,0.40141332
1.0,0.9870155
1.0,0.75156355
0.0,0.014815599
0.0,0.112526834
0.0,0.09327942
1.0,0.28775626
1.0,0.30209535
0.0,0.03831771
0.0,0.0870325
1.0,0.97120893
0.0,0.0297786
0.0,0.026114732
0.0,0.082983196
0.0,0.8025161
1.0,0.96013904
0.0,0.844296
0.0,0.024870425
0.0,0.91010904
0.0,0.33100104
0.0,0.03798896
1.0,0.7304387
1.0,0.7355447
0.0,0.24786231
1.0,0.9748294
0.0,0.4025912
1.0,0.9479134
1.0,0.055505365
1.0,0.9413487
0.0,0.009650379
0.0,0.30874348
0.0,0.019073516
1.0,0.9905542
0.0,0.008381605
1.0,0.98758113
0.0,0.08085406
0.0,0.0038495362
1.0,0.105336934
1.0,0.95847774
0.0,0.005019486
1.0,0.7856657
0.0,0.038537115
1.0,0.94236445
0.0,0.0033453405
1.0,0.62349325
1.0,0.04468906
0.0,0.041113406
0.0,0.008614302
0.0,0.016809046
0.0,0.025136024
0.0,0.016830504
0.0,0.89241815
0.0,0.065428644
0.0,0.021010697
0.0,0.946777
0.0,0.0069972575
1.0,0.94557184
0.0,0.34140474
0.0,0.44535333
1.0,0.99155986
0.0,0.057427317
1.0,0.9912503
0.0,0.03633669
1.0,0.9812956
0.0,0.011351526
0.0,0.06544337
1.0,0.9859935
0.0,0.055710584
0.0,0.011867315
0.0,0.024668843
1.0,0.9706656
1.0,0.39079592
0.0,0.012367576
1.0,0.96724224
1.0,0.24477157
1.0,0.96945524
0.0,0.38160113
1.0,0.12229967
1.0,0.9184542
0.0,0.23225343
1.0,0.508452
1.0,0.5138176
0.0,0.033027142
0.0,0.0053266585
0.0,0.01752463
0.0,0.039675504
0.0,0.013333172
0.0,0.057811707
0.0,0.030166358
0.0,0.0025001168
1.0,0.8954947
0.0,0.056254357
0.0,0.0068902373
0.0,0.019414663
0.0,0.06266603
1.0,0.8164355
0.0,0.0046700835
1.0,0.8927758
0.0,0.41100544
0.0,0.009955287
1.0,0.5879568
1.0,0.865714
0.0,0.09797567
0.0,0.054082125
1.0,0.879395
0.0,0.9335558
0.0,0.039535195
1.0,0.73708165
1.0,0.7346111
1.0,0.75617975
1.0,0.8394159
0.0,0.021389484
0.0,0.0053115487
1.0,0.62033844
0.0,0.017467648
0.0,0.0037885606
1.0,0.97527826
1.0,0.8063452
1.0,0.9703781
0.0,0.019131392
1.0,0.27335823
1.0,0.949865
1.0,0.95405364
0.0,0.006397128
0.0,0.0063278675
1.0,0.22882295
0.0,0.05054331
0.0,0.8117157
0.0,0.028789908
1.0,0.9839693
0.0,0.021887839
0.0,0.030153185
0.0,0.053860664
0.0,0.18669763
0.0,0.055572182
0.0,0.008207172
0.0,0.86389995
1.0,0.990476
0.0,0.08281845
1.0,0.861514
0.0,0.00615412
0.0,0.7674452
0.0,0.8815365
1.0,0.014546305
0.0,0.8340163
0.0,0.016491354
0.0,0.0039364398
0.0,0.28421322
0.0,0.06306997
1.0,0.9711616
0.0,0.40257335
1.0,0.946313
0.0,0.018419564
0.0,0.056324005
0.0,0.04008144
0.0,0.7091255
0.0,0.0615184
0.0,0.51080513
0.0,0.38749525
0.0,0.2678632
1.0,0.8872307
0.0,0.056401074
1.0,0.6349941
1.0,0.62498564
0.0,0.08565158
0.0,0.024658859
1.0,0.8037852
0.0,0.019831449
1.0,0.7638954
1.0,0.70828897
0.0,0.0069762766
1.0,0.5465018
0.0,0.0088250935
1.0,0.96725154
0.0,0.11780131
0.0,0.15974706
1.0,0.604107
0.0,0.8040832
0.0,0.008524209
0.0,0.629943
1.0,0.71798134
1.0,0.9461343
0.0,0.0034148395
0.0,0.098695844
1.0,0.6086064
0.0,0.8086352
1.0,0.13711447
0.0,0.14205194
1.0,0.09109908
0.0,0.7279258
0.0,0.03804931
0.0,0.7241463
0.0,0.020555407
0.0,0.17400232
1.0,0.034712493
0.0,0.5058573
1.0,0.86266744
0.0,0.025675952
1.0,0.3300825
0.0,0.0095599
0.0,0.0051925182
0.0,0.042155474
0.0,0.03448516
0.0,0.17790484
0.0,0.08880317
0.0,0.077666074
0.0,0.06848952
1.0,0.94342387
0.0,0.022614598
0.0,0.061411053
1.0,0.83704066
1.0,0.45517933
0.0,0.028682321
0.0,0.13038445
1.0,0.8017834
0.0,0.19538301
1.0,0.081739396
1.0,0.9342365
1.0,0.77860814
1.0,0.75383884
0.0,0.037100673
0.0,0.0032247603
1.0,0.263465
0.0,0.2758092
1.0,0.9764702
1.0,0.7607339
1.0,0.9805023
0.0,0.12323266
0.0,0.008061349
0.0,0.1802476
0.0,0.041047603
1.0,0.36060742
1.0,0.898185
0.0,0.09582615
0.0,0.14520705
0.0,0.11123669
0.0,0.22687596
1.0,0.045789808
1.0,0.765877
1.0,0.9408872
0.0,0.9117463
1.0,0.5226641
1.0,0.7626591
1.0,0.26293302
1.0,0.94677615
0.0,0.3238234
0.0,0.7978964
0.0,0.8270054
0.0,0.010689497
1.0,0.8755888
1.0,0.97634315
1.0,0.8894305
1.0,0.849934
0.0,0.044241637
0.0,0.007469833
0.0,0.037403435
0.0,0.06404698
1.0,0.8912835
0.0,0.3043291
0.0,0.030440837
0.0,0.13254687
0.0,0.011587232
1.0,0.71498257
1.0,0.76858556
1.0,0.9452776
0.0,0.09763315
0.0,0.10856643
1.0,0.73372597
1.0,0.98222744
0.0,0.05560386
1.0,0.9159092
0.0,0.7591682
1.0,0.9885641
1.0,0.98538387
1.0,0.6020906
0.0,0.043416232
0.0,0.12647706
1.0,0.97958845
0.0,0.09011266
0.0,0.2909894
1.0,0.9814755
0.0,0.037686557
0.0,0.04006976
0.0,0.106535256
1.0,0.2248632
0.0,0.55110383
0.0,0.38194296
1.0,0.63937694
0.0,0.58739954
0.0,0.03778723
0.0,0.05524096
0.0,0.22675171
1.0,0.7476882
0.0,0.8623636
0.0,0.028756976
0.0,0.0031302273
1.0,0.18178952
0.0,0.05542925
0.0,0.005641818
1.0,0.80704594
0.0,0.4061873
0.0,0.0117293
1.0,0.97489154
1.0,0.81385434
0.0,0.0029674768
1.0,0.28089827
1.0,0.33611023
0.0,0.5591939
0.0,0.5816033
1.0,0.5363939
1.0,0.7347962
0.0,0.016503721
1.0,0.1846089
1.0,0.185116
1.0,0.20813924
0.0,0.13284594
1.0,0.20308623
0.0,0.026205957
1.0,0.8469991
0.0,0.0036486387
1.0,0.941892
0.0,0.7902428
0.0,0.102020174
1.0,0.77218974
0.0,0.033798993
1.0,0.93170726
1.0,0.7771913
1.0,0.95098376
1.0,0.6035447
0.0,0.027671099
1.0,0.038104057
0.0,0.5298916
0.0,0.007975161
0.0,0.047483593
0.0,0.0321528
1.0,0.9462999
0.0,0.014833301
0.0,0.5072758
0.0,0.69058365
0.0,0.57400686
1.0,0.88309836
0.0,0.4436946
0.0,0.013529122
0.0,0.07564315
0.0,0.62022996
1.0,0.7603109
0.0,0.00600031
1.0,0.9527904
1.0,0.96971214
0.0,0.7935845
0.0,0.0065176487
0.0,0.0054929554
1.0,0.94087034
0.0,0.0437738
1.0,0.053314865
1.0,0.8202828
1.0,0.9544795
0.0,0.78156734
0.0,0.3152094
0.0,0.010200828
0.0,0.6404725
0.0,0.0336439
0.0,0.0072377324
0.0,0.38430485
1.0,0.5963417
0.0,0.2549113
1.0,0.88606787
0.0,0.13924399
1.0,0.9166781
1.0,0.9423319
1.0,0.5534557
1.0,0.8634808
0.0,0.19337094
0.0,0.9410927
0.0,0.03479165
1.0,0.77784777
1.0,0.9385092
0.0,0.014952928
1.0,0.40289938
1.0,0.9454353
1.0,0.7356888
1.0,0.3216564
0.0,0.67942244
0.0,0.03672391
1.0,0.90355915
0.0,0.021040201
0.0,0.1053409
1.0,0.97007537
0.0,0.01472187
0.0,0.7048443
0.0,0.10903409
0.0,0.006421894
0.0,0.08139053
1.0,0.97339475
0.0,0.010159075
0.0,0.32495755
1.0,0.16419253
0.0,0.047119856
1.0,0.9352191
0.0,0.2620502
0.0,0.017225415
0.0,0.008035958
0.0,0.40707135
1.0,0.7346524
0.0,0.25510347
0.0,0.103176564
1.0,0.88232654
1.0,0.8697419
0.0,0.029325992
0.0,0.013561875
0.0,0.016142935
1.0,0.47325793
0.0,0.12593967
1.0,0.8999586
1.0,0.8693329
1.0,0.44222474
1.0,0.9539832
1.0,0.87657535
0.0,0.9227226
1.0,0.8678463
1.0,0.9830743
0.0,0.00839901
0.0,0.007299423
0.0,0.0342803
1.0,0.75230974
0.0,0.018667817
0.0,0.013220102
0.0,0.057260126
1.0,0.96204305
0.0,0.03359273
1.0,0.929577
0.0,0.17838183
0.0,0.5516936
0.0,0.068473935
0.0,0.036591113
0.0,0.022858173
1.0,0.7642712
1.0,0.97827286
0.0,0.0439201
0.0,0.06525549
1.0,0.38928807
0.0,0.0026839375
1.0,0.97747964
0.0,0.028122753
0.0,0.012019992
0.0,0.02486369
1.0,0.96411604
1.0,0.83008885
0.0,0.050601363
0.0,0.21033221
1.0,0.7474781
0.0,0.03611642
0.0,0.011080325
1.0,0.90171444
1.0,0.9844694
1.0,0.89209926
0.0,0.03254181
1.0,0.95135605
1.0,0.9194808
0.0,0.28721493
0.0,0.025388837
0.0,0.00912565
0.0,0.059569538
0.0,0.0039194524
0.0,0.035018563
1.0,0.57995534
1.0,0.88584965
0.0,0.077973366
0.0,0.010131776
0.0,0.053004086
0.0,0.119323134
1.0,0.94113743
0.0,0.92779225
0.0,0.03676051
0.0,0.7708219
0.0,0.9584201
1.0,0.06275612
0.0,0.0037817657
0.0,0.7231867
1.0,0.9545887
0.0,0.04152003
0.0,0.13747543
0.0,0.033342153
0.0,0.012225598
1.0,0.8100903
1.0,0.925418
0.0,0.03417635
0.0,0.9528966
0.0,0.0056522787
0.0,0.9357364
0.0,0.9032284
0.0,0.3205946
0.0,0.004303485
0.0,0.14985237
1.0,0.013090938
0.0,0.042993307
1.0,0.24804705
0.0,0.74105346
0.0,0.0037782192
0.0,0.068556696
0.0,0.18696088
0.0,0.14304462
0.0,0.021301806
1.0,0.9766375
0.0,0.0043993294
0.0,0.70498604
0.0,0.084789485
1.0,0.6811084
1.0,0.9008014
0.0,0.043347
0.0,0.49314958
0.0,0.004264027
1.0,0.9918491
1.0,0.77037644
1.0,0.9740156
0.0,0.10895729
1.0,0.97954893
0.0,0.03870949
0.0,0.003163606
0.0,0.033158094
1.0,0.019509166
0.0,0.0034092069
0.0,0.011598676
1.0,0.9907871
1.0,0.34318814
0.0,0.013910711
1.0,0.98897606
0.0,0.042421192
1.0,0.7722367
0.0,0.09817281
1.0,0.9314608
0.0,0.96111226
0.0,0.19024143
1.0,0.8753817
0.0,0.006108433
0.0,0.09870872
0.0,0.027306825
0.0,0.017028868
0.0,0.05199051
0.0,0.024659663
1.0,0.88422525
1.0,0.7344821
0.0,0.5356751
0.0,0.025794238
0.0,0.019400895
0.0,0.09262732
1.0,0.98922044
0.0,0.020463109
0.0,0.07514748
0.0,0.81286985
0.0,0.19990402
0.0,0.0025940835
1.0,0.9476956
1.0,0.9450293
0.0,0.003764987
0.0,0.010807097
0.0,0.024787337
0.0,0.0056000054
1.0,0.7885463
0.0,0.79437387
0.0,0.036792636
0.0,0.017963082
1.0,0.9082017
0.0,0.01541844
0.0,0.24737337
1.0,0.94612753
0.0,0.0138863325
0.0,0.16599858
1.0,0.7606929
1.0,0.6835879
1.0,0.91945606
0.0,0.0045266747
0.0,0.0061437488
0.0,0.21525487
0.0,0.021427363
1.0,0.45544174
0.0,0.19824806
1.0,0.20062834
0.0,0.00483045
0.0,0.009813935
0.0,0.12241301
1.0,0.96942925
0.0,0.769771
0.0,0.11317682
0.0,0.4619316
1.0,0.7373503
0.0,0.025934368
0.0,0.34020966
0.0,0.0034156144
1.0,0.110800445
0.0,0.010240823
0.0,0.0037657619
1.0,0.12021938
1.0,0.9716654
0.0,0.0042586923
1.0,0.9848293
1.0,0.9881715
1.0,0.92935944
1.0,0.8828135
0.0,0.027800202
1.0,0.8918859
0.0,0.988381
1.0,0.051725626
0.0,0.014165103
1.0,0.4031652
0.0,0.81413984
1.0,0.32775158
1.0,0.9862888
1.0,0.7261834
0.0,0.008264124
0.0,0.72152984
0.0,0.7075357
0.0,0.014682323
0.0,0.028043836
0.0,0.17657894
1.0,0.9840797
1.0,0.97870916
1.0,0.17699856
0.0,0.004925877
0.0,0.011573434
0.0,0.051494718
0.0,0.65933967
1.0,0.033800542
0.0,0.06951362
0.0,0.029254317
0.0,0.039131373
0.0,0.27784276
1.0,0.87158036
0.0,0.72294384
0.0,0.8024603
0.0,0.37518728
1.0,0.46504882
0.0,0.044424534
0.0,0.5647406
1.0,0.20029503
0.0,0.2259216
1.0,0.21130115
0.0,0.027214646
0.0,0.31805903
0.0,0.005353868
0.0,0.03561169
0.0,0.0028817058
1.0,0.89952004
0.0,0.091127396
0.0,0.07148445
1.0,0.97571826
1.0,0.96674156
0.0,0.14821038
1.0,0.02004975
0.0,0.1769217
0.0,0.06040591
1.0,0.9589283
0.0,0.00355196
0.0,0.154692
0.0,0.034759164
0.0,0.008494914
1.0,0.9818101
1.0,0.94498426
1.0,0.7251594
1.0,0.96775424
0.0,0.015816778
0.0,0.033082098
0.0,0.055977523
1.0,0.964577
0.0,0.015460074
0.0,0.038541347
1.0,0.9546578
1.0,0.5014001
1.0,0.8881469
0.0,0.0054582953
0.0,0.29287943
0.0,0.5489931
1.0,0.98077476
1.0,0.9437877
1.0,0.8977133
0.0,0.21808788
0.0,0.0038024187
0.0,0.00365296
1.0,0.8822497
1.0,0.16362455
0.0,0.24891204
1.0,0.9572232
1.0,0.5945308
1.0,0.9273691
1.0,0.55622905
0.0,0.43798342
0.0,0.039720833
1.0,0.54696435
1.0,0.80699265
0.0,0.029215336
0.0,0.038431615
0.0,0.013165683
0.0,0.026407957
0.0,0.035084248
0.0,0.69938904
0.0,0.017679662
0.0,0.062285244
1.0,0.88439095
1.0,0.7408618
0.0,0.78616107
1.0,0.9672552
0.0,0.0064222515
1.0,0.9230571
0.0,0.23447302
1.0,0.964332
0.0,0.0047596693
0.0,0.006239295
0.0,0.0071856976
0.0,0.47464696
1.0,0.11520192
1.0,0.98188025
0.0,0.046557307
0.0,0.08607054
1.0,0.2624311
0.0,0.0632506
1.0,0.9723904
1.0,0.7960185
0.0,0.018328369
0.0,0.027049541
0.0,0.25055468
0.0,0.9913907
0.0,0.78256875
0.0,0.013437331
0.0,0.45600897
0.0,0.025524437
1.0,0.9610785
1.0,0.943048
1.0,0.8752338
1.0,0.8195039
0.0,0.011739641
0.0,0.5501846
1.0,0.8650251
0.0,0.46032855
0.0,0.017394364
0.0,0.043200642
1.0,0.3699741
1.0,0.22792822
0.0,0.011442065
1.0,0.9411441
1.0,0.9781356
0.0,0.0030978322
0.0,0.0151546
1.0,0.94716144
0.0,0.018405229
0.0,0.9309708
0.0,0.0028526485
0.0,0.044328183
1.0,0.05660972
0.0,0.024097532
0.0,0.009503692
0.0,0.38390103
1.0,0.30321807
0.0,0.012304276
0.0,0.05537635
1.0,0.8118532
0.0,0.011084735
0.0,0.19768697
0.0,0.92400336
1.0,0.97995543
1.0,0.65586513
1.0,0.13803142
0.0,0.05303228
0.0,0.24211201
1.0,0.27189302
0.0,0.008513421
0.0,0.0037317276
0.0,0.08997455
0.0,0.024573952
1.0,0.5272132
0.0,0.25504348
0.0,0.8537549
1.0,0.6910033
0.0,0.027711928
0.0,0.046498597
0.0,0.7597148
0.0,0.26537877
1.0,0.7652019
1.0,0.98057306
0.0,0.4560489
1.0,0.761204
0.0,0.018708348
0.0,0.023165196
0.0,0.0055536926
1.0,0.52772826
0.0,0.006749153
0.0,0.029917926
1.0,0.9095864
1.0,0.72571313
1.0,0.8542963
0.0,0.6016949
1.0,0.89031035
1.0,0.8485757
0.0,0.0035067499
0.0,0.88857937
0.0,0.58960223
1.0,0.5669154
0.0,0.03277096
0.0,0.21094617
0.0,0.023238838
0.0,0.03537786
0.0,0.023759872
0.0,0.05553159
0.0,0.25736552
0.0,0.8262655
0.0,0.30120987
1.0,0.72033376
1.0,0.8430296
1.0,0.73799556
0.0,0.009690344
1.0,0.9919934
0.0,0.172324
0.0,0.033413887
1.0,0.9401225
0.0,0.24033427
0.0,0.015452296
0.0,0.22288513
0.0,0.022462785
0.0,0.23173845
0.0,0.8366622
0.0,0.05886063
1.0,0.8580973
0.0,0.0023713112
0.0,0.01344201
0.0,0.006731391
1.0,0.9331396
1.0,0.94022334
0.0,0.7569685
1.0,0.7704301
0.0,0.037572622
1.0,0.15477508
0.0,0.012918651
0.0,0.0197452
1.0,0.056336373
0.0,0.0032200515
0.0,0.011696279
1.0,0.45528162
0.0,0.054384828
1.0,0.034734607
0.0,0.3346578
0.0,0.013637304
1.0,0.9002812
0.0,0.015119433
0.0,0.38311526
0.0,0.7677175
0.0,0.0115071535
0.0,0.002934128
1.0,0.8961297
0.0,0.004487157
0.0,0.081980705
0.0,0.057328403
1.0,0.61018693
0.0,0.94300985
0.0,0.040251046
1.0,0.77236664
0.0,0.012173384
0.0,0.006097704
0.0,0.04341644
0.0,0.074759275
1.0,0.42825672
0.0,0.02276358
0.0,0.0039462745
0.0,0.010850459
0.0,0.0067541003
0.0,0.68002176
1.0,0.96268344
1.0,0.76634073
0.0,0.014498264
1.0,0.9278434
0.0,0.021155387
0.0,0.0124819875
0.0,0.047788113
0.0,0.091944456
1.0,0.93627894
0.0,0.03576958
0.0,0.011208206
0.0,0.12646723
0.0,0.14553484
0.0,0.17989582
0.0,0.0136984885
0.0,0.0033734143
0.0,0.00829187
0.0,0.0044461787
0.0,0.94709194
1.0,0.39654312
0.0,0.030256003
0.0,0.016918778
0.0,0.010169119
1.0,0.9914481
0.0,0.1159344
1.0,0.85993326
0.0,0.17535448
0.0,0.032648534
0.0,0.13605714
1.0,0.9708977
1.0,0.99340796
1.0,0.9315512
1.0,0.53042895
0.0,0.24456102
0.0,0.0063327253
1.0,0.9808453
1.0,0.95006347
0.0,0.022967488
0.0,0.062906206
0.0,0.8166251
1.0,0.9690026
0.0,0.024288774
0.0,0.004942924
0.0,0.040405333
0.0,0.041330427
1.0,0.5141631
1.0,0.94473714
0.0,0.0038054883
1.0,0.521467
0.0,0.03305149
0.0,0.032114297
0.0,0.008918226
0.0,0.020785838
0.0,0.019862145
1.0,0.8906876
0.0,0.003293544
0.0,0.04275787
0.0,0.77301335
0.0,0.09043875
0.0,0.7160604
1.0,0.97853863
0.0,0.031532496
0.0,0.038713098
1.0,0.9067271
0.0,0.44706422
0.0,0.00861302
1.0,0.9507898
1.0,0.750594
0.0,0.05917853
1.0,0.87070835
0.0,0.3570631
1.0,0.7781459
1.0,0.9939301
0.0,0.100474656
1.0,0.9326605
0.0,0.043854475
0.0,0.049946666
0.0,0.49778455
0.0,0.5364293
0.0,0.036462694
0.0,0.006939292
0.0,0.47995874
1.0,0.93071026
0.0,0.10382995
0.0,0.029036105
0.0,0.42995584
0.0,0.2395019
1.0,0.9491354
0.0,0.02285871
0.0,0.59072685
0.0,0.023730665
0.0,0.018625885
0.0,0.008334339
0.0,0.94803977
1.0,0.10135177
0.0,0.097607076
1.0,0.8308849
0.0,0.00487414
1.0,0.18841705
0.0,0.055417
0.0,0.07817474
0.0,0.045403272
0.0,0.73349
0.0,0.44145346
0.0,0.059821844
0.0,0.14408791
0.0,0.012384325
0.0,0.5090704
0.0,0.91715366
1.0,0.95583534
0.0,0.5347201
0.0,0.018043667
1.0,0.9859076
0.0,0.01092115
0.0,0.0068941414
0.0,0.0039912164
1.0,0.7539981
1.0,0.60795116
1.0,0.6644772
1.0,0.9677049
0.0,0.09072068
1.0,0.8881532
0.0,0.14294037
1.0,0.5681901
0.0,0.19502273
0.0,0.95624816
0.0,0.16127798
0.0,0.00867188
0.0,0.052636117
1.0,0.94774586
1.0,0.39849752
0.0,0.98868126
1.0,0.6976502
0.0,0.010228008
1.0,0.95840585
0.0,0.029554874
0.0,0.018847346
0.0,0.92681587
0.0,0.45542473
0.0,0.16695419
0.0,0.0041536093
1.0,0.99355423
0.0,0.003321439
1.0,0.9893365
1.0,0.866469
1.0,0.95475525
0.0,0.0071446896
0.0,0.97076416
0.0,0.011760354
0.0,0.12069386
0.0,0.3090616
1.0,0.3395837
0.0,0.22331542
0.0,0.116642386
0.0,0.080985665
0.0,0.017794102
0.0,0.0051578283
0.0,0.09867823
0.0,0.8072061
0.0,0.013739109
0.0,0.75118595
1.0,0.97869945
0.0,0.46104723
0.0,0.045977682
0.0,0.0068505704
0.0,0.009355456
1.0,0.8742981
0.0,0.59194756
1.0,0.97676724
0.0,0.53819185
1.0,0.99340457
1.0,0.94304705
0.0,0.0085169375
0.0,0.072196215
0.0,0.047903687
0.0,0.28298688
0.0,0.03963211
0.0,0.603049
1.0,0.9582535
0.0,0.01889959
1.0,0.6476675
0.0,0.49961963
0.0,0.011003286
0.0,0.02886805
1.0,0.9517678
0.0,0.019918501
1.0,0.98730373
0.0,0.0066311955
0.0,0.048886627
0.0,0.6138038
0.0,0.6378535
0.0,0.1260601
0.0,0.021318555
1.0,0.77443767
1.0,0.88837695
0.0,0.17518413
0.0,0.027359158
0.0,0.038734704
1.0,0.9542825
0.0,0.058454245
1.0,0.3235708
0.0,0.08639753
1.0,0.8799039
1.0,0.9204762
0.0,0.03613025
0.0,0.030798674
0.0,0.010069668
1.0,0.9048676
0.0,0.30412567
0.0,0.7984743
1.0,0.9396636
1.0,0.3705387
0.0,0.8335115
0.0,0.025946915
1.0,0.96283126
0.0,0.018641144
0.0,0.015584201
0.0,0.0082785785
1.0,0.6492417
0.0,0.06482753
0.0,0.04527086
1.0,0.9394597
1.0,0.7503033
0.0,0.5104835
0.0,0.015313804
0.0,0.017045617
1.0,0.9239491
1.0,0.96721435
1.0,0.7025243
0.0,0.08619121
0.0,0.005946398
0.0,0.016624808
0.0,0.00303635
1.0,0.8681176
0.0,0.0038894713
0.0,0.5936207
0.0,0.23269665
0.0,0.46289346
0.0,0.2607668
0.0,0.015509486
0.0,0.1985544
0.0,0.036601275
0.0,0.013659328
1.0,0.2151173
1.0,0.8595705
0.0,0.7419559
0.0,0.20130467
1.0,0.051279992
0.0,0.006166488
1.0,0.9173136
0.0,0.033326358
0.0,0.025883049
1.0,0.91152084
1.0,0.9684106
0.0,0.37564063
0.0,0.059093744
1.0,0.4939369
0.0,0.14896062
0.0,0.15891236
0.0,0.9841102
0.0,0.036704957
1.0,0.8571974
1.0,0.20431745
0.0,0.2695042
0.0,0.0038946867
0.0,0.07861638
1.0,0.9006588
0.0,0.0074133277
1.0,0.3961916
0.0,0.059316933
1.0,0.82012177
1.0,0.6550273
0.0,0.6387802
1.0,0.18842542
0.0,0.74627376
0.0,0.010183811
1.0,0.9785079
1.0,0.2273401
0.0,0.04584378
0.0,0.28397575
0.0,0.7904955
0.0,0.9018222
1.0,0.9391867
0.0,0.07193756
0.0,0.21749279
0.0,0.009385705
1.0,0.96213675
0.0,0.047415763
0.0,0.85045254
1.0,0.94871867
0.0,0.003343314
0.0,0.766616
0.0,0.07401565
1.0,0.4402754
0.0,0.14180198
1.0,0.96475935
0.0,0.018548727
1.0,0.06164667
1.0,0.5497566
1.0,0.9643793
1.0,0.8813964
0.0,0.0074516535
1.0,0.38467807
0.0,0.0184955
1.0,0.9792595
1.0,0.8241006
0.0,0.24663985
1.0,0.83389366
0.0,0.0046272576
1.0,0.6320893
1.0,0.52581304
0.0,0.050045133
0.0,0.95818925
1.0,0.9909301
1.0,0.22818929
0.0,0.14436048
0.0,0.36461228
0.0,0.0027725995
0.0,0.0149900615
0.0,0.68095994
1.0,0.89222956
1.0,0.94402057
1.0,0.48963147
1.0,0.74452055
1.0,0.9880253
1.0,0.9747706
0.0,0.5681819
1.0,0.914322
0.0,0.009783685
0.0,0.03325984
0.0,0.100923
1.0,0.059945554
1.0,0.67435706
0.0,0.028431654
0.0,0.04724306
0.0,0.876555
1.0,0.7480736
1.0,0.104938954
1.0,0.8863596
0.0,0.006714076
0.0,0.9653511
0.0,0.06498852
0.0,0.15929976
0.0,0.04463157
0.0,0.021324605
1.0,0.97049063
1.0,0.9009502
0.0,0.03680986
0.0,0.045729786
0.0,0.7972012
0.0,0.76831067
0.0,0.6951498
0.0,0.24559352
0.0,0.7878084
1.0,0.76160765
0.0,0.12867785
1.0,0.90016985
0.0,0.0051724315
0.0,0.88467324
0.0,0.06602612
0.0,0.68174404
1.0,0.9420818
1.0,0.8052143
1.0,0.69004464
1.0,0.7000049
0.0,0.00453791
0.0,0.5555883
1.0,0.56740975
1.0,0.8864808
0.0,0.29929757
0.0,0.018709421
0.0,0.086212754
1.0,0.778705
0.0,0.012818277
1.0,0.029652297
0.0,0.023646086
0.0,0.06866008
0.0,0.028483003
0.0,0.026180595
0.0,0.12686118
0.0,0.03376648
0.0,0.14662108
1.0,0.9764833
0.0,0.005489677
0.0,0.6686616
0.0,0.018889606
1.0,0.3482126
0.0,0.061116308
1.0,0.98104846
0.0,0.013231128
0.0,0.01296851
0.0,0.00923726
0.0,0.105017304
0.0,0.02487573
0.0,0.023160577
1.0,0.949471
0.0,0.1255526
1.0,0.80920345
1.0,0.94537115
0.0,0.03691265
0.0,0.034754395
1.0,0.89852023
1.0,0.99118185
0.0,0.388411
0.0,0.48259318
0.0,0.18605736
0.0,0.06354478
0.0,0.018033177
1.0,0.4973104
0.0,0.046631396
1.0,0.66123265
1.0,0.42511946
0.0,0.9688446
0.0,0.07493219
0.0,0.013336539
0.0,0.0181441
0.0,0.9124934
0.0,0.018173784
0.0,0.01268366
0.0,0.73846096
1.0,0.7916879
1.0,0.7722274
0.0,0.044511706
0.0,0.026147664
0.0,0.1647602
1.0,0.9262459
0.0,0.004985273
0.0,0.025035888
1.0,0.67846453
1.0,0.96169823
0.0,0.17217097
0.0,0.07012507
0.0,0.02328381
1.0,0.9502679
0.0,0.033035308
1.0,0.9526551
1.0,0.7736945
0.0,0.00972268
0.0,0.06276932
0.0,0.030158818
1.0,0.6958014
0.0,0.06744492
1.0,0.7832351
0.0,0.006664127
1.0,0.8001923
0.0,0.039355785
0.0,0.06389579
0.0,0.0078924
1.0,0.98139024
0.0,0.8056618
1.0,0.9792931
1.0,0.9404756
0.0,0.009284198
1.0,0.2893008
0.0,0.05852747
1.0,0.3029731
0.0,0.007820278
1.0,0.9258892
0.0,0.004052162
1.0,0.81483626
1.0,0.9593105
1.0,0.97935194
0.0,0.016697288
1.0,0.9306878
1.0,0.5131661
0.0,0.024841756
1.0,0.94243485
1.0,0.41105893
1.0,0.07193167
0.0,0.14664407
0.0,0.019389655
0.0,0.9746028
0.0,0.071067184
