0.0,0.1281662
0.0,0.7870102
1.0,0.27173132
0.0,0.07318574
1.0,0.5213342
0.0,0.020950139
1.0,0.95369804
1.0,0.80157447
1.0,0.75125813
0.0,0.0038779974
0.0,0.14345598
1.0,0.92948043
0.0,0.008783609
0.0,0.07562366
0.0,0.02338335
0.0,0.0028013587
1.0,0.16999933
0.0,0.02685523
0.0,0.009417504
1.0,0.67317516
1.0,0.69112575
0.0,0.0052515864
1.0,0.95399076
0.0,0.015199631
0.0,0.0044739842
1.0,0.7638064
0.0,0.053719908
1.0,0.8913944
0.0,0.0119921565
1.0,0.8762777
0.0,0.013890326
0.0,0.26001906
1.0,0.93370414
1.0,0.9868554
1.0,0.9133882
1.0,0.9683733
1.0,0.46917468
0.0,0.021263897
1.0,0.94309664
1.0,0.027345806
1.0,0.9498552
1.0,0.97978485
0.0,0.013286263
1.0,0.96000844
1.0,0.8807792
0.0,0.037365943
0.0,0.0026281774
0.0,0.061402947
0.0,0.017066717
1.0,0.99388945
0.0,0.28138596
1.0,0.79104686
1.0,0.9775679
1.0,0.7328496
0.0,0.012655556
0.0,0.006616473
0.0,0.050472617
1.0,0.047746718
1.0,0.67712194
1.0,0.14220959
1.0,0.9875238
0.0,0.3239231
1.0,0.9810908
1.0,0.88019013
1.0,0.9775822
0.0,0.13985991
0.0,0.054629415
1.0,0.9679524
0.0,0.009846836
1.0,0.93990254
0.0,0.30471277
1.0,0.93894196
0.0,0.0014632344
0.0,0.06252387
1.0,0.52384233
0.0,0.058791846
0.0,0.007852465
0.0,0.30057526
0.0,0.0070894063
1.0,0.93469125
0.0,0.021399915
1.0,0.9791096
1.0,0.961843
1.0,0.996974
1.0,0.9753207
1.0,0.8168101
1.0,0.98128796
0.0,0.12373605
0.0,0.020017505
1.0,0.72784233
0.0,0.004166007
1.0,0.1505025
0.0,0.009279072
0.0,0.76234543
0.0,0.39402556
1.0,0.9612313
0.0,0.027941197
0.0,0.04508847
1.0,0.49783522
1.0,0.9869106
0.0,0.0074588656
0.0,0.034207672
1.0,0.016061008
0.0,0.13896048
0.0,0.108656555
1.0,0.8895035
1.0,0.024971604
0.0,0.022469103
1.0,0.008085519
1.0,0.988425
1.0,0.9484828
0.0,0.046031594
1.0,0.03707981
0.0,0.04024291
0.0,0.020556599
1.0,0.54706764
0.0,0.022550672
1.0,0.3902328
1.0,0.5453749
1.0,0.976625
0.0,0.19967762
1.0,0.9863878
0.0,0.9467907
0.0,0.014046729
0.0,0.2264894
1.0,0.40353328
0.0,0.006435901
0.0,0.08688846
1.0,0.9654913
1.0,0.6964054
1.0,0.9846368
0.0,0.025125206
0.0,0.012229741
1.0,0.25662363
1.0,0.9775896
0.0,0.758845
0.0,0.012136877
0.0,0.01516062
0.0,0.052283317
0.0,0.024211973
1.0,0.7360375
0.0,0.106466204
1.0,0.08715814
0.0,0.007786095
0.0,0.007983893
0.0,0.0018463731
1.0,0.22464877
0.0,0.011165738
0.0,0.019471765
0.0,0.020655751
0.0,0.08384356
0.0,0.0056533515
0.0,0.009935141
0.0,0.9120895
0.0,0.16943997
1.0,0.9600836
0.0,0.0025712252
0.0,0.0058965385
1.0,0.99136484
0.0,0.010394663
0.0,0.12044948
0.0,0.04345438
0.0,0.019924045
0.0,0.15889427
1.0,0.9947736
0.0,0.10579851
1.0,0.9296628
0.0,0.056125402
0.0,0.0044582486
1.0,0.7385145
0.0,0.9595734
0.0,0.96459687
0.0,0.9322335
0.0,0.0014454722
1.0,0.7694574
1.0,0.88829446
0.0,0.047405243
1.0,0.67093134
0.0,0.42265457
1.0,0.9574572
1.0,0.8010053
1.0,0.969241
1.0,0.9760062
1.0,0.9812972
0.0,0.84604603
0.0,0.002354592
0.0,0.0073055625
0.0,0.98092365
0.0,0.07640025
0.0,0.040997863
1.0,0.19458422
0.0,0.0014947057
0.0,0.81531966
1.0,0.9684529
1.0,0.7691492
1.0,0.99360776
0.0,0.0062083304
0.0,0.04196897
0.0,0.0042407513
1.0,0.059245586
0.0,0.2543726
0.0,0.16068864
0.0,0.6356811
0.0,0.36563927
0.0,0.12965813
1.0,0.051457882
0.0,0.022826195
1.0,0.1714145
0.0,0.002495259
0.0,0.03793484
0.0,0.0056963265
1.0,0.9537611
0.0,0.044343114
0.0,0.063899934
0.0,0.029434502
0.0,0.007599175
0.0,0.9264499
0.0,0.18889132
1.0,0.9883553
0.0,0.011631072
0.0,0.009265453
1.0,0.20571709
1.0,0.9880257
0.0,0.33133715
0.0,0.016244143
0.0,0.0023558736
0.0,0.06897569
0.0,0.02412349
0.0,0.114457905
1.0,0.9659294
0.0,0.06381866
1.0,0.3229438
0.0,0.007441491
1.0,0.22894752
1.0,0.4460663
0.0,0.023703754
0.0,0.06608072
0.0,0.022982776
1.0,0.9025935
1.0,0.7628794
1.0,0.98402965
1.0,0.7739913
0.0,0.017856449
0.0,0.8465923
1.0,0.98601675
0.0,0.47429574
0.0,0.004414767
0.0,0.011231363
0.0,0.09343487
0.0,0.08020511
0.0,0.02278307
0.0,0.07444087
1.0,0.43227452
0.0,0.022536218
0.0,0.085900456
0.0,0.045642048
1.0,0.9086409
1.0,0.9688064
0.0,0.023232013
0.0,0.31747627
0.0,0.027509779
1.0,0.983724
0.0,0.04219964
0.0,0.0021855235
0.0,0.022730172
0.0,0.020766884
1.0,0.9887996
1.0,0.8840271
1.0,0.9754714
0.0,0.0153568685
1.0,0.92929757
0.0,0.02221781
0.0,0.058371663
0.0,0.5194227
1.0,0.96470714
1.0,0.4580315
0.0,0.0030078292
0.0,0.026629388
1.0,0.8646032
1.0,0.33301204
0.0,0.026924193
1.0,0.059105992
1.0,0.9819827
0.0,0.7239161
0.0,0.15776375
0.0,0.057331353
0.0,0.019147247
0.0,0.42131442
0.0,0.020679742
1.0,0.98737776
0.0,0.010657251
0.0,0.01811266
1.0,0.99561423
0.0,0.0072825253
1.0,0.9569781
1.0,0.023088336
1.0,0.89711994
1.0,0.8784858
1.0,0.968956
0.0,0.039898336
1.0,0.93274736
0.0,0.8320823
1.0,0.9921266
0.0,0.50445145
0.0,0.2653085
0.0,0.01872003
0.0,0.046371788
0.0,0.35275
1.0,0.98122025
0.0,0.9484168
1.0,0.79577863
0.0,0.9022585
1.0,0.7628814
1.0,0.9847146
0.0,0.017737865
0.0,0.0071749687
0.0,0.015340686
1.0,0.93178976
1.0,0.11420882
0.0,0.002526015
0.0,0.0016202331
0.0,0.0077573657
0.0,0.022144347
1.0,0.93009394
1.0,0.75012815
0.0,0.017749935
0.0,0.0549908
1.0,0.76264274
1.0,0.9812899
1.0,0.25886774
0.0,0.05008626
0.0,0.79255474
0.0,0.0041080117
0.0,0.6528376
1.0,0.9845657
1.0,0.8512181
0.0,0.033012837
0.0,0.037576497
0.0,0.0068521798
0.0,0.55004936
0.0,0.00468421
0.0,0.27565742
1.0,0.59142834
0.0,0.13848254
0.0,0.021115363
0.0,0.04989314
0.0,0.44074818
0.0,0.88144684
0.0,0.024005324
0.0,0.004795432
1.0,0.4473004
0.0,0.03235042
1.0,0.7151786
0.0,0.004121393
0.0,0.1770049
0.0,0.20080122
0.0,0.0016976893
0.0,0.97229373
1.0,0.5753561
1.0,0.9145383
0.0,0.60773855
1.0,0.8658639
0.0,0.009118825
0.0,0.5119996
0.0,0.49195454
0.0,0.30972457
0.0,0.015692323
0.0,0.0012463331
1.0,0.26150814
0.0,0.014860272
1.0,0.9815808
0.0,0.074557334
1.0,0.40078217
0.0,0.15038735
1.0,0.064798385
1.0,0.951712
1.0,0.959337
0.0,0.0026615262
0.0,0.019072503
1.0,0.96398085
0.0,0.030242294
0.0,0.022068769
1.0,0.019810587
1.0,0.9783336
0.0,0.29421413
1.0,0.9735322
1.0,0.98072654
0.0,0.6732962
0.0,0.025940001
0.0,0.22328687
0.0,0.019551635
0.0,0.01149416
0.0,0.042498678
1.0,0.9746253
0.0,0.09550673
1.0,0.8676614
1.0,0.21950477
0.0,0.01424244
0.0,0.07876995
0.0,0.8501203
1.0,0.98335576
1.0,0.95292675
1.0,0.41099524
0.0,0.19622529
1.0,0.9735005
1.0,0.91103435
0.0,0.0024118125
0.0,0.2017335
0.0,0.8961068
0.0,0.8641187
1.0,0.95524275
0.0,0.02346614
1.0,0.41470313
0.0,0.80273324
0.0,0.05806151
0.0,0.025536478
0.0,0.00906226
0.0,0.00929144
0.0,0.022717923
0.0,0.027946532
0.0,0.01254037
0.0,0.020076036
0.0,0.32786477
0.0,0.12889126
0.0,0.014152557
0.0,0.26115847
0.0,0.022240102
1.0,0.7128314
0.0,0.14697859
1.0,0.96680486
0.0,0.011003017
0.0,0.011353791
0.0,0.0038977563
0.0,0.88481545
0.0,0.5595154
0.0,0.08061203
0.0,0.035648614
0.0,0.0015384555
0.0,0.020755619
0.0,0.019287378
0.0,0.62134314
1.0,0.9321829
0.0,0.020008802
0.0,0.011454225
0.0,0.42079714
0.0,0.037737966
1.0,0.67967606
0.0,0.8478564
1.0,0.568959
0.0,0.00363487
0.0,0.17801127
1.0,0.96885693
0.0,0.8884852
1.0,0.83712727
1.0,0.92065054
1.0,0.93894243
1.0,0.9629842
0.0,0.0039395094
1.0,0.7422125
0.0,0.008520484
0.0,0.016479343
0.0,0.08571842
1.0,0.9933672
0.0,0.0047986805
0.0,0.027962089
1.0,0.39114964
1.0,0.99710655
0.0,0.084197044
0.0,0.001960218
1.0,0.7224213
0.0,0.06253296
1.0,0.7603057
0.0,0.55121297
0.0,0.2637455
1.0,0.8847742
0.0,0.7974547
0.0,0.0042873025
1.0,0.076799005
0.0,0.01745522
1.0,0.9877623
0.0,0.0030240119
1.0,0.46148887
1.0,0.52660036
1.0,0.7188305
1.0,0.9754734
0.0,0.13260031
0.0,0.027152628
1.0,0.8388642
0.0,0.01761344
0.0,0.2932243
1.0,0.7913027
1.0,0.87843865
1.0,0.9537915
0.0,0.006092757
1.0,0.95285416
1.0,0.91465974
0.0,0.1319029
1.0,0.9701025
0.0,0.50072426
1.0,0.86170006
1.0,0.9242553
0.0,0.77432334
0.0,0.53742516
1.0,0.3545996
0.0,0.39894184
1.0,0.97494566
0.0,0.93328077
0.0,0.026013464
0.0,0.8895089
1.0,0.99035186
0.0,0.0026831627
0.0,0.0039584935
0.0,0.7786944
1.0,0.3098724
0.0,0.020135283
0.0,0.0032473803
0.0,0.059933543
0.0,0.781278
1.0,0.5761969
1.0,0.9076916
0.0,0.08280313
0.0,0.584825
0.0,0.063491434
0.0,0.047797203
0.0,0.013733149
1.0,0.95009464
0.0,0.025039285
1.0,0.9597684
0.0,0.8200275
0.0,0.16600743
1.0,0.7855381
0.0,0.011335731
0.0,0.046275914
0.0,0.016045421
0.0,0.0042098463
0.0,0.102920115
0.0,0.0020662248
0.0,0.02385971
0.0,0.023630917
1.0,0.910852
1.0,0.983326
0.0,0.0017797351
0.0,0.033462703
1.0,0.9659357
0.0,0.010785341
1.0,0.92408377
0.0,0.19083068
0.0,0.0019464493
1.0,0.88215744
0.0,0.08410326
1.0,0.68465054
0.0,0.23811963
1.0,0.2640879
0.0,0.020775586
0.0,0.033563167
0.0,0.64882797
1.0,0.9773586
0.0,0.0024448931
0.0,0.02189681
0.0,0.011443526
0.0,0.96629083
1.0,0.3727299
0.0,0.014095455
0.0,0.0072084665
1.0,0.96931326
1.0,0.028889954
0.0,0.12582272
1.0,0.7510403
0.0,0.03974673
0.0,0.112336785
1.0,0.9528035
1.0,0.9948422
0.0,0.3121956
1.0,0.9639249
1.0,0.9749565
0.0,0.01530242
0.0,0.03894955
0.0,0.030671924
1.0,0.059287906
0.0,0.0019198954
0.0,0.032851994
0.0,0.0042639077
1.0,0.9954697
1.0,0.41020358
0.0,0.0073171556
1.0,0.5049049
1.0,0.04275295
0.0,0.4516948
1.0,0.9464867
0.0,0.047394633
1.0,0.94860893
0.0,0.06450185
1.0,0.90211713
0.0,0.014957577
0.0,0.012623012
1.0,0.757623
0.0,0.0049260855
1.0,0.897659
0.0,0.029128194
0.0,0.014202744
0.0,0.011597842
1.0,0.81744313
0.0,0.23233145
1.0,0.54708713
0.0,0.0035775006
1.0,0.34336275
1.0,0.40640348
0.0,0.0028470457
1.0,0.98671335
1.0,0.9695448
1.0,0.12047163
1.0,0.87412715
0.0,0.020878166
0.0,0.011300623
0.0,0.80495393
1.0,0.93916905
1.0,0.5333745
0.0,0.01694262
0.0,0.030583352
0.0,0.10552454
1.0,0.89365816
0.0,0.32291588
1.0,0.00660941
1.0,0.9658559
0.0,0.014072925
0.0,0.021532238
1.0,0.98457706
0.0,0.7982017
1.0,0.98433465
0.0,0.68865156
0.0,0.03021732
0.0,0.017255038
1.0,0.060985953
0.0,0.029850245
1.0,0.9750583
0.0,0.011210263
1.0,0.30106252
0.0,0.57243013
0.0,0.0936456
1.0,0.03643009
1.0,0.35782862
1.0,0.72944826
1.0,0.93684834
0.0,0.037340313
0.0,0.01383245
0.0,0.24396914
0.0,0.0010732412
1.0,0.9671667
1.0,0.8051553
0.0,0.0020109117
0.0,0.011751145
0.0,0.0018274188
1.0,0.75665325
0.0,0.01908362
0.0,0.02582091
0.0,0.054320633
0.0,0.1081197
0.0,0.023823023
0.0,0.22892204
1.0,0.8774207
0.0,0.94709873
1.0,0.39124036
0.0,0.025501192
0.0,0.26318675
1.0,0.69074106
1.0,0.9158288
1.0,0.9526717
0.0,0.03323838
0.0,0.25669298
1.0,0.14645234
0.0,0.0033514798
0.0,0.020840675
0.0,0.16093504
1.0,0.87958026
0.0,0.030301273
0.0,0.051765114
1.0,0.9822087
0.0,0.1274209
1.0,0.99449706
1.0,0.92911994
1.0,0.9810318
0.0,0.011948377
1.0,0.96727014
1.0,0.7329048
0.0,0.032298118
1.0,0.2516781
0.0,0.0119178295
0.0,0.21624443
0.0,0.07926065
0.0,0.0026333332
1.0,0.9218148
1.0,0.29281053
1.0,0.99199754
1.0,0.9685028
1.0,0.98567307
0.0,0.53497076
0.0,0.98236465
1.0,0.98476666
0.0,0.019799918
1.0,0.69120306
1.0,0.9846462
0.0,0.038460135
1.0,0.08203012
1.0,0.36992404
0.0,0.016647696
0.0,0.021481365
0.0,0.009886682
0.0,0.031335145
1.0,0.54137594
1.0,0.9732615
0.0,0.0052067637
0.0,0.021514773
1.0,0.04995495
1.0,0.85787785
1.0,0.056204557
0.0,0.021203548
1.0,0.8189547
1.0,0.11194271
0.0,0.017622352
0.0,0.24893272
1.0,0.8930131
1.0,0.9838656
0.0,0.41894588
1.0,0.8464976
0.0,0.078652024
0.0,0.85831654
1.0,0.9858048
0.0,0.6423992
1.0,0.9706201
0.0,0.85378677
0.0,0.29369003
0.0,0.079716325
1.0,0.94953
1.0,0.5164925
0.0,0.009229809
0.0,0.009354562
1.0,0.72207546
0.0,0.013456732
1.0,0.9784999
1.0,0.8914801
1.0,0.7860887
0.0,0.056375235
0.0,0.83852124
0.0,0.83675504
0.0,0.011095792
0.0,0.0017096698
1.0,0.9944608
0.0,0.28620327
0.0,0.013997972
1.0,0.9785937
0.0,0.019156277
1.0,0.043848604
1.0,0.818992
0.0,0.010058314
0.0,0.20537207
0.0,0.83026624
0.0,0.0062698424
0.0,0.0015107989
0.0,0.009919941
0.0,0.0109068155
0.0,0.9197582
1.0,0.5719138
1.0,0.961267
0.0,0.7298568
0.0,0.51093197
0.0,0.00994432
0.0,0.031608194
0.0,0.0146252215
1.0,0.022803158
0.0,0.0154199
0.0,0.0020601451
1.0,0.99444485
1.0,0.740035
0.0,0.011064172
0.0,0.97375596
0.0,0.0012680888
0.0,0.02440989
0.0,0.0025539994
0.0,0.027536243
1.0,0.9199966
1.0,0.6739126
1.0,0.9336573
0.0,0.0023055673
1.0,0.7295804
1.0,0.9563668
0.0,0.0654791
0.0,0.001209408
1.0,0.7963166
1.0,0.18436423
1.0,0.92665887
1.0,0.96137065
1.0,0.7605108
0.0,0.050362647
0.0,0.20756128
1.0,0.31658554
0.0,0.008722216
1.0,0.96094656
0.0,0.007673919
1.0,0.6520511
0.0,0.023635268
0.0,0.11667293
0.0,0.012868106
0.0,0.014915764
0.0,0.22864646
0.0,0.0023259819
0.0,0.0022714138
0.0,0.016379029
0.0,0.6638863
0.0,0.0026694238
0.0,0.0076022744
1.0,0.9341407
1.0,0.749995
1.0,0.9849293
0.0,0.9687003
0.0,0.4271267
0.0,0.81448275
0.0,0.028897107
1.0,0.9876905
1.0,0.23883066
1.0,0.9269143
1.0,0.98646855
0.0,0.9049448
0.0,0.012718022
0.0,0.0032192767
1.0,0.8184936
0.0,0.015973538
1.0,0.0043892264
1.0,0.9784128
0.0,0.14972219
0.0,0.009503901
0.0,0.0077525675
0.0,0.7810924
1.0,0.91562796
1.0,0.97432226
0.0,0.026976854
1.0,0.9543428
1.0,0.74370056
0.0,0.62531805
0.0,0.024633557
1.0,0.46373016
0.0,0.0023213327
0.0,0.08274716
0.0,0.002551943
0.0,0.2800765
0.0,0.028474897
1.0,0.46231064
0.0,0.038775533
0.0,0.5554276
1.0,0.9802258
1.0,0.92102176
0.0,0.54508394
0.0,0.44815257
1.0,0.7302975
0.0,0.10213119
0.0,0.001033932
1.0,0.5122318
0.0,0.060306013
0.0,0.016658247
0.0,0.025730371
1.0,0.97048485
0.0,0.1767165
1.0,0.8527894
1.0,0.9677608
1.0,0.9972787
0.0,0.011993915
1.0,0.8122151
0.0,0.035589427
1.0,0.9637046
0.0,0.07969642
1.0,0.9706311
0.0,0.024799824
0.0,0.0190714
1.0,0.97442436
0.0,0.007922381
0.0,0.0076152384
1.0,0.6249135
1.0,0.8884284
1.0,0.04378459
1.0,0.7832595
1.0,0.6045737
1.0,0.97301316
1.0,0.80144465
0.0,0.013373464
1.0,0.061738282
1.0,0.9914124
0.0,0.06957126
0.0,0.0034110844
0.0,0.001773119
1.0,0.5172984
0.0,0.011357814
0.0,0.06655988
0.0,0.25727952
1.0,0.9652699
0.0,0.006111115
0.0,0.06736097
1.0,0.5690449
1.0,0.9543754
1.0,0.9017389
1.0,0.0976626
0.0,0.98551154
0.0,0.061283797
0.0,0.05575472
0.0,0.032934397
0.0,0.0024696887
0.0,0.039382577
0.0,0.027223438
1.0,0.04733786
1.0,0.96519405
0.0,0.024531752
1.0,0.88581955
0.0,0.00884524
0.0,0.0022019148
1.0,0.9846568
0.0,0.01502949
0.0,0.89353573
0.0,0.010063887
0.0,0.14954841
0.0,0.026794523
0.0,0.011884779
0.0,0.9499711
1.0,0.7251111
0.0,0.028229445
0.0,0.1402157
1.0,0.90276587
0.0,0.005267322
1.0,0.83249974
0.0,0.032452434
0.0,0.0024423897
0.0,0.013421029
0.0,0.2275478
0.0,0.0015733242
0.0,0.007296473
0.0,0.027889818
0.0,0.02791813
0.0,0.66217166
1.0,0.7258675
0.0,0.037910223
1.0,0.8106373
0.0,0.53353745
1.0,0.03625232
0.0,0.063290596
0.0,0.0028737187
0.0,0.058808535
1.0,0.95715415
1.0,0.030159205
1.0,0.19709623
0.0,0.022610724
0.0,0.5626156
1.0,0.7709049
0.0,0.014822185
0.0,0.05792746
1.0,0.21054968
0.0,0.013369739
1.0,0.95267403
1.0,0.20603383
0.0,0.008557469
1.0,0.5267043
0.0,0.13512275
1.0,0.13183367
0.0,0.16480386
1.0,0.99261636
0.0,0.0008532703
0.0,0.98287785
0.0,0.04757139
0.0,0.0364635
0.0,0.0045155287
0.0,0.04653862
0.0,0.01763919
1.0,0.95419693
0.0,0.0043652356
0.0,0.001608491
0.0,0.0012057722
0.0,0.1286538
0.0,0.13243815
1.0,0.11168966
0.0,0.5049597
0.0,0.09897712
1.0,0.51969475
0.0,0.582219
1.0,0.95597136
0.0,0.790321
1.0,0.9340751
1.0,0.9377936
0.0,0.0073155463
1.0,0.9953145
0.0,0.5051751
0.0,0.015005082
0.0,0.027416766
0.0,0.11540142
1.0,0.063355714
1.0,0.98410976
0.0,0.03456089
0.0,0.15568268
1.0,0.992295
0.0,0.046176642
1.0,0.6289081
1.0,0.02304396
1.0,0.81676924
0.0,0.023941249
1.0,0.6507455
0.0,0.016890466
1.0,0.9030764
1.0,0.1573191
0.0,0.2924767
0.0,0.81197107
0.0,0.02013883
0.0,0.18109384
1.0,0.70725644
1.0,0.94716483
1.0,0.98685765
0.0,0.020445615
0.0,0.0020088255
1.0,0.9607003
0.0,0.9350961
0.0,0.0012985468
0.0,0.01706031
1.0,0.64723253
0.0,0.042885005
0.0,0.012791276
0.0,0.10239476
0.0,0.037665814
1.0,0.75580335
1.0,0.9761685
0.0,0.076494336
0.0,0.024971336
0.0,0.009686649
1.0,0.9845406
0.0,0.024313897
0.0,0.82887816
1.0,0.87352306
0.0,0.0065645576
0.0,0.72690964
1.0,0.97513294
0.0,0.06585494
1.0,0.29348114
1.0,0.12537223
0.0,0.022643507
0.0,0.03199482
0.0,0.0066547096
0.0,0.012838453
1.0,0.97407454
1.0,0.9980112
1.0,0.9836502
1.0,0.14531997
0.0,0.91307414
0.0,0.019793242
1.0,0.7550661
1.0,0.9899185
0.0,0.070156336
0.0,0.019900769
1.0,0.46829346
0.0,0.008338034
1.0,0.7502774
0.0,0.0069416165
0.0,0.27426466
1.0,0.98505014
0.0,0.032111496
0.0,0.00258407
0.0,0.025537074
0.0,0.04262492
0.0,0.29641885
1.0,0.08716521
0.0,0.018947005
1.0,0.9709964
0.0,0.09745383
1.0,0.96511877
0.0,0.22203606
1.0,0.83877134
1.0,0.9757967
1.0,0.9939957
0.0,0.94076216
0.0,0.002206862
1.0,0.1541135
0.0,0.06932831
0.0,0.035332352
1.0,0.9000105
1.0,0.30966803
0.0,0.1452629
1.0,0.93372667
1.0,0.9733684
0.0,0.89580905
0.0,0.0141400695
0.0,0.8427581
0.0,0.01151064
0.0,0.0017128587
0.0,0.9047396
1.0,0.978354
1.0,0.98452795
1.0,0.96555275
0.0,0.0015388429
0.0,0.011036873
0.0,0.010006517
0.0,0.02460894
0.0,0.02135846
0.0,0.0332852
1.0,0.8838509
1.0,0.9538921
1.0,0.61458033
0.0,0.08973771
0.0,0.025425643
1.0,0.9009578
0.0,0.15124524
0.0,0.49172857
1.0,0.87558526
0.0,0.7260119
0.0,0.9136956
1.0,0.8016566
0.0,0.030756354
1.0,0.6659361
1.0,0.8923459
0.0,0.9492399
0.0,0.0117786825
1.0,0.99548364
0.0,0.004136026
0.0,0.44053876
1.0,0.81227267
1.0,0.97205627
1.0,0.74913275
1.0,0.94265556
0.0,0.9702378
0.0,0.019807607
0.0,0.004396379
1.0,0.79434514
0.0,0.98263925
1.0,0.7299015
0.0,0.7779918
1.0,0.92588043
1.0,0.7451229
0.0,0.07351217
0.0,0.026544333
0.0,0.0033589303
0.0,0.36401528
0.0,0.027294844
0.0,0.011956602
1.0,0.52890533
1.0,0.11638391
0.0,0.90057033
1.0,0.9632772
1.0,0.6806707
0.0,0.0035660863
0.0,0.18005985
1.0,0.85450995
1.0,0.18817559
0.0,0.013685465
0.0,0.10767561
0.0,0.010068357
0.0,0.021250188
1.0,0.6498274
1.0,0.95185846
0.0,0.038954258
0.0,0.0017381608
0.0,0.04327196
0.0,0.15114829
0.0,0.016248673
0.0,0.025673062
0.0,0.9417416
0.0,0.6347927
0.0,0.009368151
0.0,0.036069095
0.0,0.12568179
1.0,0.9876733
1.0,0.87265027
0.0,0.009079695
0.0,0.027728766
0.0,0.00162521
0.0,0.0036699176
0.0,0.08504972
0.0,0.3174618
0.0,0.01910901
0.0,0.36085886
1.0,0.94052833
1.0,0.99321043
1.0,0.8809687
1.0,0.92283285
1.0,0.98784244
0.0,0.48418567
0.0,0.038127393
0.0,0.019946873
0.0,0.03621155
1.0,0.802775
0.0,0.020293951
1.0,0.9143281
0.0,0.030581266
0.0,0.3863622
0.0,0.89063907
0.0,0.027262509
0.0,0.038149744
0.0,0.104987055
0.0,0.21396938
0.0,0.011283666
1.0,0.88934726
1.0,0.16578731
0.0,0.10433003
0.0,0.16231701
0.0,0.008444667
0.0,0.007745713
1.0,0.98424935
0.0,0.010672122
1.0,0.0647299
0.0,0.032565624
1.0,0.56942177
0.0,0.010197163
0.0,0.11673275
1.0,0.91154385
0.0,0.0016426742
1.0,0.9503505
0.0,0.059474796
0.0,0.5381537
0.0,0.20438498
0.0,0.0025019646
0.0,0.0031956136
1.0,0.93869096
1.0,0.9909637
0.0,0.4550068
0.0,0.0435901
0.0,0.015237659
0.0,0.22891605
1.0,0.832849
0.0,0.77298796
1.0,0.17798975
1.0,0.36693949
0.0,0.8204619
0.0,0.0261482
0.0,0.050042033
0.0,0.017483383
0.0,0.046884
0.0,0.04458356
0.0,0.04466051
0.0,0.77262765
0.0,0.19307396
1.0,0.9055621
0.0,0.977399
0.0,0.008983254
1.0,0.9094176
0.0,0.020202309
0.0,0.044490397
0.0,0.0017049611
0.0,0.022525549
1.0,0.062453866
1.0,0.96919143
1.0,0.96544605
0.0,0.014171898
0.0,0.0053134263
0.0,0.017068386
0.0,0.25394166
0.0,0.48611253
0.0,0.8117887
1.0,0.9924045
1.0,0.9798132
1.0,0.9314679
0.0,0.019406915
1.0,0.98486966
1.0,0.77853453
0.0,0.032970637
1.0,0.96728504
0.0,0.013714105
0.0,0.0100027025
0.0,0.5580357
1.0,0.98772466
1.0,0.9762623
1.0,0.8085984
0.0,0.8795644
0.0,0.2814889
0.0,0.012589872
1.0,0.966465
1.0,0.96763074
1.0,0.95351654
1.0,0.8214077
0.0,0.024903625
0.0,0.020573318
0.0,0.031157315
0.0,0.31154644
1.0,0.97208977
0.0,0.015687674
0.0,0.06548053
0.0,0.105787665
1.0,0.2941029
0.0,0.022043318
0.0,0.17460784
0.0,0.07222399
0.0,0.30261412
0.0,0.014322162
0.0,0.10139847
0.0,0.013907611
0.0,0.21758726
0.0,0.0025611818
1.0,0.98251855
1.0,0.18008175
0.0,0.15935889
0.0,0.97536504
0.0,0.06597245
1.0,0.9022052
0.0,0.0072683096
0.0,0.021915734
0.0,0.5176843
0.0,0.0067847967
1.0,0.95322037
0.0,0.012780786
0.0,0.0581159
1.0,0.4692995
1.0,0.93905234
1.0,0.9380522
0.0,0.036603957
0.0,0.1228365
1.0,0.8473059
1.0,0.96544045
1.0,0.9896495
0.0,0.8837129
0.0,0.48114803
0.0,0.0015648603
1.0,0.10487971
1.0,0.98617685
0.0,0.016026676
0.0,0.8135422
1.0,0.77186763
1.0,0.97295845
0.0,0.010340482
1.0,0.82417214
1.0,0.43511292
0.0,0.013276875
1.0,0.21366256
0.0,0.037431657
0.0,0.0049250424
0.0,0.9354179
0.0,0.033155143
1.0,0.7452258
0.0,0.2569528
1.0,0.831282
1.0,0.80859065
1.0,0.6087555
0.0,0.004318714
0.0,0.43183318
1.0,0.53010213
0.0,0.0016629696
1.0,0.8432857
1.0,0.7851082
0.0,0.96303195
0.0,0.029990941
1.0,0.04599136
1.0,0.98444
0.0,0.002354145
1.0,0.72796875
1.0,0.26715118
1.0,0.889709
1.0,0.993174
1.0,0.29387313
1.0,0.9599849
0.0,0.016428053
0.0,0.18057752
0.0,0.033229798
1.0,0.9467046
1.0,0.5504204
0.0,0.05984038
0.0,0.023833692
1.0,0.13055024
0.0,0.005429417
1.0,0.9864185
0.0,0.094408005
1.0,0.83689886
1.0,0.9590405
0.0,0.20467979
1.0,0.18389353
0.0,0.027866542
1.0,0.9930961
1.0,0.9525285
1.0,0.1533024
0.0,0.027896494
0.0,0.028081805
1.0,0.7164719
0.0,0.08997396
1.0,0.9090979
0.0,0.028560668
0.0,0.93011594
0.0,0.07956663
0.0,0.3266377
0.0,0.0033202767
0.0,0.17909926
0.0,0.13261732
1.0,0.956545
1.0,0.13580987
0.0,0.011648774
1.0,0.98355794
1.0,0.8885882
0.0,0.8932712
0.0,0.7815196
0.0,0.06444752
0.0,0.010055631
0.0,0.019064397
0.0,0.041071594
1.0,0.37710893
1.0,0.98287785
0.0,0.0045993924
0.0,0.0030169785
0.0,0.76845515
0.0,0.93005276
0.0,0.104199976
1.0,0.97701275
0.0,0.104629904
0.0,0.0631631
1.0,0.8785793
1.0,0.9658438
0.0,0.029825866
0.0,0.24256116
0.0,0.005745083
1.0,0.9321901
1.0,0.87489986
0.0,0.018557668
0.0,0.025873393
0.0,0.004533291
0.0,0.11857477
0.0,0.0047630966
1.0,0.97728854
1.0,0.7898139
1.0,0.110313386
0.0,0.0018887818
1.0,0.18417034
0.0,0.41590968
1.0,0.98926854
1.0,0.42225105
0.0,0.0041570365
0.0,0.002083689
0.0,0.003957629
0.0,0.81708384
0.0,0.39979124
1.0,0.99662244
0.0,0.743577
0.0,0.63455874
0.0,0.0149103105
0.0,0.0013124645
0.0,0.19704095
0.0,0.102430105
0.0,0.06488487
1.0,0.80726796
1.0,0.98353165
0.0,0.0023403168
0.0,0.8376543
0.0,0.6774687
0.0,0.059206575
1.0,0.98669726
0.0,0.035838097
0.0,0.12672925
1.0,0.32414395
0.0,0.92775893
0.0,0.012742639
0.0,0.0106393695
0.0,0.0045891106
1.0,0.9921497
1.0,0.92210245
0.0,0.0052158237
1.0,0.36662778
1.0,0.9554826
1.0,0.977245
0.0,0.24401179
0.0,0.0908328
1.0,0.97013056
1.0,0.97051865
0.0,0.0075623095
1.0,0.9662255
0.0,0.026102543
1.0,0.93811655
1.0,0.9170259
1.0,0.8946954
0.0,0.016064286
1.0,0.6686007
1.0,0.3621509
0.0,0.097299874
0.0,0.028104067
0.0,0.98589754
0.0,0.033516943
0.0,0.019232422
0.0,0.003854841
1.0,0.9955973
0.0,0.0800502
0.0,0.08853033
0.0,0.17010024
0.0,0.0050354004
0.0,0.06071639
0.0,0.01995641
1.0,0.8416127
0.0,0.012232393
0.0,0.021226913
0.0,0.48202395
1.0,0.8684068
1.0,0.87390125
1.0,0.93251824
1.0,0.9772429
0.0,0.008628488
0.0,0.033884197
0.0,0.01575324
0.0,0.1579715
0.0,0.74993634
0.0,0.007903218
1.0,0.96897244
0.0,0.6759571
1.0,0.06544924
1.0,0.040919453
1.0,0.8095772
0.0,0.027216524
0.0,0.00986582
0.0,0.0017374754
0.0,0.0062916577
1.0,0.35403085
1.0,0.96833944
1.0,0.8073708
1.0,0.90409875
1.0,0.9927169
0.0,0.013762981
0.0,0.0377011
0.0,0.8934627
0.0,0.008885115
1.0,0.96984684
0.0,0.0034650862
0.0,0.8684267
1.0,0.9758011
1.0,0.7394159
0.0,0.013403475
0.0,0.1057677
0.0,0.42684895
0.0,0.40972328
1.0,0.8224739
0.0,0.9842074
0.0,0.3960855
1.0,0.99401474
0.0,0.055303097
1.0,0.9714031
1.0,0.962251
0.0,0.0020474792
0.0,0.76410306
0.0,0.0051558614
0.0,0.020511776
1.0,0.6945972
0.0,0.0137809515
0.0,0.05647388
0.0,0.28280005
0.0,0.0034132898
1.0,0.9818822
1.0,0.16570288
1.0,0.92315817
1.0,0.92892265
0.0,0.71131116
0.0,0.030578583
1.0,0.8667536
0.0,0.018556595
1.0,0.40452662
0.0,0.027164012
1.0,0.9360144
1.0,0.9885673
0.0,0.6099262
0.0,0.11522317
0.0,0.4161474
0.0,0.023243845
0.0,0.00811848
0.0,0.01845038
1.0,0.8842174
0.0,0.008230537
0.0,0.16046831
0.0,0.2935924
0.0,0.088027894
0.0,0.010318816
0.0,0.0015861392
0.0,0.7013035
0.0,0.00262931
0.0,0.0014589727
0.0,0.02846387
0.0,0.11242455
0.0,0.016256005
1.0,0.157866
0.0,0.08635697
1.0,0.9834082
0.0,0.0043776333
0.0,0.0027191043
1.0,0.7564808
0.0,0.0069516003
1.0,0.9776633
0.0,0.0864363
1.0,0.96333456
0.0,0.7839904
0.0,0.028198898
1.0,0.7688499
1.0,0.14474407
0.0,0.0046671927
0.0,0.052882105
0.0,0.0015093684
0.0,0.0020755231
0.0,0.0050382316
0.0,0.8000111
1.0,0.9606787
1.0,0.84495175
0.0,0.12672919
0.0,0.008479923
1.0,0.7669549
1.0,0.95147234
1.0,0.78066474
0.0,0.0016226172
1.0,0.049459547
0.0,0.18532807
1.0,0.5436029
0.0,0.0015284121
1.0,0.7814045
0.0,0.00573951
0.0,0.113610744
0.0,0.0409081
0.0,0.92236483
1.0,0.9579356
0.0,0.054643482
0.0,0.12155709
1.0,0.98068386
0.0,0.012675941
0.0,0.88743246
0.0,0.59393966
1.0,0.9831625
0.0,0.71550727
0.0,0.022234827
0.0,0.98741925
1.0,0.9668875
0.0,0.0023035705
0.0,0.8387964
0.0,0.055044204
1.0,0.55246305
0.0,0.024415225
1.0,0.9819496
0.0,0.2548557
1.0,0.7504966
1.0,0.99363506
0.0,0.9691061
1.0,0.95295435
1.0,0.9930692
0.0,0.011491865
0.0,0.93740284
0.0,0.008907199
1.0,0.9811264
0.0,0.32961243
1.0,0.27683285
1.0,0.4465956
0.0,0.017775923
1.0,0.95592237
0.0,0.21969497
1.0,0.49732596
0.0,0.7113061
1.0,0.20672596
0.0,0.7642169
1.0,0.017122746
0.0,0.6456161
0.0,0.010402501
0.0,0.005517781
0.0,0.016626745
0.0,0.014323354
0.0,0.0017307103
0.0,0.0032176673
0.0,0.264216
0.0,0.07128823
0.0,0.43092325
0.0,0.44195056
0.0,0.028043568
1.0,0.9653412
1.0,0.25295365
0.0,0.62269855
1.0,0.021611601
0.0,0.03020966
0.0,0.2928829
0.0,0.81185794
0.0,0.065417916
0.0,0.040677458
0.0,0.15934491
1.0,0.92766
0.0,0.0030502975
0.0,0.009711891
1.0,0.012974352
0.0,0.0077778697
1.0,0.9344839
0.0,0.0718855
0.0,0.047558576
1.0,0.88994396
0.0,0.012440145
1.0,0.9472888
0.0,0.00613901
0.0,0.0016988814
0.0,0.00853622
1.0,0.9710594
0.0,0.015225053
1.0,0.15600622
1.0,0.7710027
0.0,0.98496175
0.0,0.0015002787
1.0,0.019891858
0.0,0.0057777464
0.0,0.053640515
0.0,0.8113804
0.0,0.0018642545
0.0,0.84330225
0.0,0.9565871
1.0,0.581069
0.0,0.019274652
1.0,0.84271395
0.0,0.002259642
0.0,0.00198251
0.0,0.0044020712
1.0,0.9112642
1.0,0.976966
0.0,0.30914
0.0,0.42467618
0.0,0.0023203492
0.0,0.09719312
0.0,0.03363225
0.0,0.008532375
0.0,0.0014186203
1.0,0.13916242
1.0,0.91917086
0.0,0.024431825
0.0,0.98650146
1.0,0.17530167
0.0,0.0014486313
1.0,0.9329232
0.0,0.004485905
0.0,0.020635188
1.0,0.9349368
0.0,0.8126054
1.0,0.3687047
1.0,0.9684447
1.0,0.98809993
0.0,0.3169908
0.0,0.02736789
0.0,0.14447376
1.0,0.9582348
0.0,0.5443294
1.0,0.98891103
0.0,0.023759633
0.0,0.018050253
0.0,0.14813453
1.0,0.8997569
0.0,0.009791464
0.0,0.021401644
0.0,0.45773345
1.0,0.031418443
1.0,0.99408126
0.0,0.06049919
0.0,0.013842493
1.0,0.979918
1.0,0.98737705
1.0,0.9235147
1.0,0.0659388
0.0,0.0049028695
1.0,0.9313637
0.0,0.15489036
0.0,0.06706977
0.0,0.0042532384
1.0,0.8233609
0.0,0.13241363
0.0,0.071646184
0.0,0.0028284192
1.0,0.81447256
0.0,0.25206494
1.0,0.9712576
1.0,0.95267177
0.0,0.027426839
1.0,0.76686907
0.0,0.03012976
1.0,0.6614856
0.0,0.5252626
0.0,0.013901025
0.0,0.026551604
0.0,0.06567243
1.0,0.9947269
0.0,0.026909411
0.0,0.27980232
0.0,0.5432885
1.0,0.9969941
1.0,0.9347857
0.0,0.031241834
1.0,0.9453409
1.0,0.98592687
1.0,0.99641776
1.0,0.43135568
0.0,0.21410388
1.0,0.7299611
0.0,0.06558961
0.0,0.73796403
1.0,0.3686721
0.0,0.014022976
0.0,0.014133394
0.0,0.06842983
1.0,0.46348718
0.0,0.51403743
0.0,0.25378186
1.0,0.95831156
0.0,0.008745551
1.0,0.8810984
0.0,0.017707467
0.0,0.953149
1.0,0.82810485
1.0,0.9653853
0.0,0.0061258078
1.0,0.9606763
1.0,0.9843118
0.0,0.8104745
0.0,0.8398281
1.0,0.7634641
0.0,0.03271827
1.0,0.9713215
0.0,0.043109506
0.0,0.057303965
1.0,0.41990322
1.0,0.93180233
0.0,0.044795513
1.0,0.54405916
0.0,0.06698963
0.0,0.07838783
1.0,0.9813447
0.0,0.026937097
0.0,0.07144809
0.0,0.026097149
1.0,0.6178948
0.0,0.01771444
0.0,0.013832271
1.0,0.87864316
1.0,0.9751375
0.0,0.024151534
0.0,0.40805686
0.0,0.0048311055
1.0,0.17029473
0.0,0.755417
0.0,0.0036645234
0.0,0.028689206
0.0,0.0064033866
0.0,0.0046651065
1.0,0.19995007
0.0,0.08772737
0.0,0.0015428364
0.0,0.43455213
1.0,0.9422679
1.0,0.9940147
1.0,0.8711983
0.0,0.8721509
0.0,0.01151368
0.0,0.9731156
1.0,0.9826952
0.0,0.033661216
1.0,0.51039743
0.0,0.015513599
1.0,0.9874056
0.0,0.05759698
1.0,0.8985762
0.0,0.89125216
1.0,0.47738844
0.0,0.08628428
0.0,0.0409621
1.0,0.8864082
1.0,0.9328301
1.0,0.9828683
0.0,0.11824787
1.0,0.9587099
1.0,0.44605306
1.0,0.32674778
0.0,0.0017888844
1.0,0.8349807
0.0,0.018201292
0.0,0.93624854
1.0,0.6536132
0.0,0.32415572
0.0,0.017769814
0.0,0.02605924
0.0,0.048691064
0.0,0.5701143
1.0,0.97359633
1.0,0.9666636
0.0,0.34970212
0.0,0.64647007
0.0,0.0163818
1.0,0.9946333
0.0,0.7379761
0.0,0.25055462
0.0,0.0046066046
0.0,0.017285436
0.0,0.026131272
0.0,0.96868277
1.0,0.9871012
1.0,0.98350024
1.0,0.13718611
0.0,0.40236348
0.0,0.0073775053
0.0,0.0061101615
0.0,0.025003493
0.0,0.031658024
1.0,0.9610035
0.0,0.025138944
0.0,0.20382485
1.0,0.9931296
0.0,0.07400042
1.0,0.08028397
1.0,0.9242801
0.0,0.47390974
0.0,0.00394699
0.0,0.047851622
1.0,0.69448584
0.0,0.094881386
0.0,0.02291739
1.0,0.95083475
1.0,0.3964135
0.0,0.0037764907
0.0,0.051113248
0.0,0.70594007
0.0,0.0096515715
0.0,0.34624678
1.0,0.35477573
1.0,0.9401885
0.0,0.011331081
0.0,0.0013368428
0.0,0.8439239
0.0,0.24363905
1.0,0.9308039
0.0,0.023905247
1.0,0.9865625
0.0,0.030614018
1.0,0.97325397
0.0,0.007053703
1.0,0.965065
1.0,0.79217756
0.0,0.033848375
0.0,0.09065387
0.0,0.0065997243
0.0,0.047118545
1.0,0.77006066
1.0,0.004796207
1.0,0.21295962
1.0,0.4149022
1.0,0.78537047
0.0,0.0013427734
1.0,0.37219918
1.0,0.87693083
0.0,0.02008912
0.0,0.024736017
0.0,0.029602826
1.0,0.53403497
1.0,0.9848714
0.0,0.905509
0.0,0.0077935457
1.0,0.9044343
0.0,0.010350913
0.0,0.03864053
1.0,0.96902335
0.0,0.6072519
0.0,0.026464611
1.0,0.09316507
1.0,0.9365517
0.0,0.013174921
0.0,0.020212203
0.0,0.016970664
1.0,0.9835903
1.0,0.96797276
0.0,0.78859866
0.0,0.27964723
1.0,0.99384844
1.0,0.83465976
0.0,0.00927788
0.0,0.06323835
0.0,0.044702142
1.0,0.17347309
1.0,0.1697742
0.0,0.022031039
0.0,0.09453601
1.0,0.97284436
0.0,0.017448038
0.0,0.019485086
0.0,0.04354468
0.0,0.85516
1.0,0.96632546
0.0,0.8572168
0.0,0.015223533
0.0,0.9188156
0.0,0.3413331
0.0,0.034431815
1.0,0.7949058
1.0,0.84387255
0.0,0.26996678
1.0,0.97902393
0.0,0.43660286
1.0,0.9528553
1.0,0.038401306
1.0,0.949897
0.0,0.0068081617
0.0,0.18382788
0.0,0.01244092
1.0,0.9943336
0.0,0.0044950545
1.0,0.99142617
0.0,0.051809847
0.0,0.0035354197
1.0,0.113974005
1.0,0.97952044
0.0,0.003162384
1.0,0.77050817
0.0,0.022218466
1.0,0.9626399
0.0,0.0014563799
1.0,0.6108664
1.0,0.062710226
0.0,0.02982667
0.0,0.007016331
0.0,0.013186216
0.0,0.014693499
0.0,0.012231767
0.0,0.9128873
0.0,0.079545796
0.0,0.014341056
0.0,0.9524001
0.0,0.0040260255
1.0,0.9565364
0.0,0.38777655
0.0,0.31831765
1.0,0.9952924
0.0,0.065954745
1.0,0.9933148
0.0,0.025825411
1.0,0.9900837
0.0,0.007051766
0.0,0.06010261
1.0,0.9905616
0.0,0.040213376
0.0,0.008080721
0.0,0.017201394
1.0,0.98054385
1.0,0.35807502
0.0,0.009063065
1.0,0.9583605
1.0,0.2603706
1.0,0.97602963
0.0,0.38205627
1.0,0.11863944
1.0,0.9161091
0.0,0.22215444
1.0,0.5218747
1.0,0.58487236
0.0,0.03871399
0.0,0.00380221
0.0,0.015308827
0.0,0.023035735
0.0,0.006443709
0.0,0.05267465
0.0,0.022209793
0.0,0.0013465285
1.0,0.9112042
0.0,0.07713345
0.0,0.0023193955
0.0,0.01673013
0.0,0.0589675
1.0,0.84239036
0.0,0.0017412901
1.0,0.919425
0.0,0.33677796
0.0,0.0051035583
1.0,0.6537187
1.0,0.8685225
0.0,0.14924082
0.0,0.012140542
1.0,0.9243278
0.0,0.9476152
0.0,0.035835087
1.0,0.7464428
1.0,0.74643314
1.0,0.77948344
1.0,0.8253615
0.0,0.032690406
0.0,0.0026389062
1.0,0.65471643
0.0,0.018318355
0.0,0.0018073916
1.0,0.9838531
1.0,0.8507079
1.0,0.9770057
0.0,0.012855411
1.0,0.26728088
1.0,0.9595797
1.0,0.9678201
0.0,0.0035886168
0.0,0.003230393
1.0,0.17356339
0.0,0.035149038
0.0,0.8106712
0.0,0.02180022
1.0,0.98550224
0.0,0.01769641
0.0,0.0194799
0.0,0.04027465
0.0,0.14318526
0.0,0.06466755
0.0,0.003942281
0.0,0.88596094
1.0,0.99514234
0.0,0.05838102
1.0,0.844362
0.0,0.0030539334
0.0,0.80406874
0.0,0.90147245
1.0,0.008492738
0.0,0.7822038
0.0,0.015081972
0.0,0.0017653108
0.0,0.30376637
0.0,0.059758186
1.0,0.98139846
0.0,0.3905013
1.0,0.9573828
0.0,0.017929345
0.0,0.045219332
0.0,0.025557429
0.0,0.7371615
0.0,0.06674215
0.0,0.55128545
0.0,0.2245906
0.0,0.10229778
1.0,0.8980255
0.0,0.0410451
1.0,0.6524286
1.0,0.64032334
0.0,0.057049632
0.0,0.022647023
1.0,0.85581005
0.0,0.013783991
1.0,0.72941315
1.0,0.7204709
0.0,0.0064936876
1.0,0.31669196
0.0,0.0028991103
1.0,0.98004496
0.0,0.10631204
0.0,0.14699912
1.0,0.5713311
0.0,0.8132101
0.0,0.0034245849
0.0,0.7431539
1.0,0.74380136
1.0,0.9704042
0.0,0.0028485656
0.0,0.06403771
1.0,0.5546317
0.0,0.66786194
1.0,0.13404354
0.0,0.09521794
1.0,0.07652077
0.0,0.70296305
0.0,0.025003254
0.0,0.8143461
0.0,0.016712904
0.0,0.19588035
1.0,0.02040124
0.0,0.34837568
1.0,0.90114295
0.0,0.026288897
1.0,0.36066175
0.0,0.0064772666
0.0,0.002996266
0.0,0.02111736
0.0,0.026074558
0.0,0.19362631
0.0,0.115076184
0.0,0.039949507
0.0,0.07369438
1.0,0.96868324
0.0,0.014125884
0.0,0.051402867
1.0,0.8276606
1.0,0.47408465
0.0,0.030468345
0.0,0.10882515
1.0,0.7485311
0.0,0.21238336
1.0,0.0658637
1.0,0.9329833
1.0,0.770428
1.0,0.81304055
0.0,0.023032606
0.0,0.002631545
1.0,0.177966
0.0,0.20936763
1.0,0.97852385
1.0,0.8189291
1.0,0.98829687
0.0,0.09409392
0.0,0.006849557
0.0,0.21870738
0.0,0.021069467
1.0,0.18318743
1.0,0.9350996
0.0,0.082009435
0.0,0.21352658
0.0,0.07943478
0.0,0.3423555
1.0,0.042028338
1.0,0.83808136
1.0,0.951822
0.0,0.9312009
1.0,0.49637896
1.0,0.8122555
1.0,0.24431863
1.0,0.9550677
0.0,0.3653617
0.0,0.80804133
0.0,0.78347313
0.0,0.0065359175
1.0,0.87617475
1.0,0.9847435
1.0,0.9070349
1.0,0.8841931
0.0,0.03591281
0.0,0.0028730333
0.0,0.017854542
0.0,0.05356008
1.0,0.8879278
0.0,0.19014579
0.0,0.013897181
0.0,0.15235206
0.0,0.010790199
1.0,0.79686856
1.0,0.7618213
1.0,0.9603161
0.0,0.09406832
0.0,0.071210474
1.0,0.8066735
1.0,0.9906051
0.0,0.053962022
1.0,0.9276208
0.0,0.8511919
1.0,0.9938307
1.0,0.9921779
1.0,0.7082209
0.0,0.036993206
0.0,0.12741801
1.0,0.9870583
0.0,0.08130708
0.0,0.27001536
1.0,0.988766
0.0,0.028208852
0.0,0.029704392
0.0,0.08904433
1.0,0.2967986
0.0,0.5090484
0.0,0.43519244
1.0,0.61999094
0.0,0.5832417
0.0,0.026708275
0.0,0.03498137
0.0,0.25248125
1.0,0.81589913
0.0,0.90366757
0.0,0.02190727
0.0,0.0020421445
1.0,0.14833361
0.0,0.029208153
0.0,0.0019783676
1.0,0.8437477
0.0,0.54877734
0.0,0.012262583
1.0,0.98108006
1.0,0.8728812
0.0,0.0017306507
1.0,0.27955532
1.0,0.22483411
0.0,0.55374575
0.0,0.6078465
1.0,0.46576178
1.0,0.7758541
0.0,0.012007654
1.0,0.18748254
1.0,0.308882
1.0,0.1244452
0.0,0.21700811
1.0,0.15558204
0.0,0.020646483
1.0,0.8376812
0.0,0.0020830631
1.0,0.94108534
0.0,0.74387527
0.0,0.11246863
1.0,0.78236496
0.0,0.02268228
1.0,0.9434922
1.0,0.81030935
1.0,0.95974386
1.0,0.69991225
0.0,0.02149728
1.0,0.03283325
0.0,0.5478428
0.0,0.0037839115
0.0,0.031901687
0.0,0.013616949
1.0,0.9668143
0.0,0.008964568
0.0,0.58093166
0.0,0.69211644
0.0,0.5762897
1.0,0.9059443
0.0,0.43542022
0.0,0.0073352754
0.0,0.042272538
0.0,0.7895808
1.0,0.7779987
0.0,0.0047804415
1.0,0.96281976
1.0,0.97928864
0.0,0.79595435
0.0,0.003219694
0.0,0.0037577748
1.0,0.9414009
0.0,0.022571146
1.0,0.023553371
1.0,0.74888587
1.0,0.97075164
0.0,0.7983164
0.0,0.27230525
0.0,0.0073699355
0.0,0.6928102
0.0,0.022340864
0.0,0.0055272877
0.0,0.27964586
1.0,0.6328785
0.0,0.2710045
1.0,0.89329624
0.0,0.12703231
1.0,0.9522042
1.0,0.95415986
1.0,0.5625809
1.0,0.92219603
0.0,0.19923967
0.0,0.946172
0.0,0.03687963
1.0,0.7677362
1.0,0.95719206
0.0,0.010866582
1.0,0.22987604
1.0,0.9614723
1.0,0.79872215
1.0,0.15221462
0.0,0.66171825
0.0,0.028929979
1.0,0.9349408
0.0,0.017565936
0.0,0.06537601
1.0,0.9796944
0.0,0.011569649
0.0,0.6763372
0.0,0.12443337
0.0,0.004260808
0.0,0.07350913
1.0,0.9840435
0.0,0.005705148
0.0,0.39819786
1.0,0.108003646
0.0,0.041959047
1.0,0.94798243
0.0,0.2725871
0.0,0.012280405
0.0,0.004724622
0.0,0.2995181
1.0,0.72697955
0.0,0.26905286
0.0,0.11908007
1.0,0.90556145
1.0,0.9042319
0.0,0.031308055
0.0,0.012316048
0.0,0.010425568
1.0,0.4876375
0.0,0.07836285
1.0,0.9174919
1.0,0.84084797
1.0,0.4481605
1.0,0.9583293
1.0,0.9358369
0.0,0.91670704
1.0,0.8837496
1.0,0.9872365
0.0,0.0042091906
0.0,0.005643934
0.0,0.018115014
1.0,0.7837349
0.0,0.0152002275
0.0,0.010957301
0.0,0.052324593
1.0,0.9708414
0.0,0.048714787
1.0,0.939475
0.0,0.18169418
0.0,0.5807846
0.0,0.059319824
0.0,0.021939307
0.0,0.016529977
1.0,0.7533251
1.0,0.98007154
0.0,0.03207752
0.0,0.064272195
1.0,0.44983888
0.0,0.0021877885
1.0,0.9870301
0.0,0.025325
0.0,0.011244774
0.0,0.023774922
1.0,0.96715736
1.0,0.880224
0.0,0.03120324
0.0,0.23342821
1.0,0.7720928
0.0,0.02958411
0.0,0.005391091
1.0,0.91004676
1.0,0.98789644
1.0,0.91597736
0.0,0.018884122
1.0,0.96312046
1.0,0.93371826
0.0,0.26090735
0.0,0.017818242
0.0,0.003815204
0.0,0.03992781
0.0,0.0020318925
0.0,0.023388892
1.0,0.5516486
1.0,0.92804843
0.0,0.09156752
0.0,0.011294186
0.0,0.047287762
0.0,0.066874266
1.0,0.95493054
0.0,0.9546119
0.0,0.025666386
0.0,0.7059337
0.0,0.9716238
1.0,0.03937772
0.0,0.0024970174
0.0,0.8305688
1.0,0.96534634
0.0,0.03500229
0.0,0.07519317
0.0,0.028904736
0.0,0.0077414513
1.0,0.81841874
1.0,0.91664606
0.0,0.031867385
0.0,0.9611938
0.0,0.0034923851
0.0,0.9434245
0.0,0.9235762
0.0,0.42275918
0.0,0.0037147105
0.0,0.13821399
1.0,0.005196482
0.0,0.025491714
1.0,0.2368434
0.0,0.7313491
0.0,0.0013617277
0.0,0.070798635
0.0,0.103884995
0.0,0.14061406
0.0,0.01837185
1.0,0.9822644
0.0,0.003921777
0.0,0.7275665
0.0,0.059913307
1.0,0.7659625
1.0,0.9241302
0.0,0.022028208
0.0,0.66038686
0.0,0.0037063956
1.0,0.9959255
1.0,0.78001106
1.0,0.9789382
0.0,0.09077656
1.0,0.98343647
0.0,0.029895365
0.0,0.0023717582
0.0,0.024108112
1.0,0.01313588
0.0,0.0018203855
0.0,0.0057040453
1.0,0.99394727
1.0,0.33909824
0.0,0.011179328
1.0,0.99445236
0.0,0.028514922
1.0,0.81184524
0.0,0.0828768
1.0,0.94298816
0.0,0.9706116
0.0,0.12540242
1.0,0.898852
0.0,0.004473448
0.0,0.091377795
0.0,0.021971017
0.0,0.013895184
0.0,0.045739353
0.0,0.015025556
1.0,0.8849963
1.0,0.75156486
0.0,0.6092097
0.0,0.032922864
0.0,0.01214245
0.0,0.08225176
1.0,0.9882935
0.0,0.016731054
0.0,0.03884536
0.0,0.87363034
0.0,0.12087157
0.0,0.0020944178
1.0,0.9521401
1.0,0.9494031
0.0,0.0020268261
0.0,0.01042816
0.0,0.015898079
0.0,0.003948599
1.0,0.84506977
0.0,0.7538779
0.0,0.020546436
0.0,0.015622318
1.0,0.9323921
0.0,0.009012848
0.0,0.3021713
1.0,0.9514509
0.0,0.009924114
0.0,0.14458033
1.0,0.7547589
1.0,0.85555327
1.0,0.94416285
0.0,0.0025100112
0.0,0.002902776
0.0,0.21300197
0.0,0.013662219
1.0,0.34323794
0.0,0.19415781
1.0,0.114577144
0.0,0.0016903579
0.0,0.0053978562
0.0,0.1353735
1.0,0.9759184
0.0,0.81959844
0.0,0.05553919
0.0,0.5208203
1.0,0.7453948
0.0,0.016447604
0.0,0.43223235
0.0,0.0021242797
1.0,0.06617293
0.0,0.007766962
0.0,0.0023846328
1.0,0.10019711
1.0,0.97756433
0.0,0.0020062327
1.0,0.9939118
1.0,0.99129564
1.0,0.928035
1.0,0.9058989
0.0,0.02180162
1.0,0.90189636
0.0,0.99523747
1.0,0.05385354
0.0,0.012480587
1.0,0.49785653
0.0,0.84604746
1.0,0.29755336
1.0,0.9901364
1.0,0.6737078
0.0,0.0059407353
0.0,0.79233766
0.0,0.8258078
0.0,0.012825251
0.0,0.02532819
0.0,0.18613443
1.0,0.98997176
1.0,0.9861138
1.0,0.11171237
0.0,0.004239261
0.0,0.009348601
0.0,0.045632273
0.0,0.6892251
1.0,0.027712077
0.0,0.057056576
0.0,0.015303522
0.0,0.025296211
0.0,0.26028806
1.0,0.8759855
0.0,0.6929765
0.0,0.8573853
0.0,0.2758061
1.0,0.42325965
0.0,0.017279595
0.0,0.5341967
1.0,0.22237635
0.0,0.15710258
1.0,0.12672737
0.0,0.018138438
0.0,0.31547958
0.0,0.004040569
0.0,0.021775335
0.0,0.0017894506
1.0,0.9292947
0.0,0.08760163
0.0,0.057435244
1.0,0.98332214
1.0,0.97243774
0.0,0.22327244
1.0,0.018637687
0.0,0.106306374
0.0,0.049971968
1.0,0.9697033
0.0,0.001656115
0.0,0.10932344
0.0,0.02661243
0.0,0.006021738
1.0,0.9878737
1.0,0.9529693
1.0,0.83804417
1.0,0.9805715
0.0,0.009760261
0.0,0.021373957
0.0,0.051868945
1.0,0.97149247
0.0,0.0092381835
0.0,0.029582053
1.0,0.9607802
1.0,0.502274
1.0,0.901865
0.0,0.004599124
0.0,0.26433384
0.0,0.6315644
1.0,0.9898617
1.0,0.95175755
1.0,0.92020774
0.0,0.23288226
0.0,0.0013205409
0.0,0.0027981699
1.0,0.8764085
1.0,0.15890583
0.0,0.26499593
1.0,0.96506155
1.0,0.65466607
1.0,0.94574535
1.0,0.5588575
0.0,0.24626273
0.0,0.02930069
1.0,0.4374073
1.0,0.82109547
0.0,0.030619532
0.0,0.029320627
0.0,0.0075361133
0.0,0.016981453
0.0,0.023641407
0.0,0.71703386
0.0,0.0138641
0.0,0.033960164
1.0,0.8453281
1.0,0.78321815
0.0,0.81087714
1.0,0.9712602
0.0,0.0030595362
1.0,0.93163896
0.0,0.20074657
1.0,0.97941566
0.0,0.0029328763
0.0,0.003279835
0.0,0.004299313
0.0,0.4153803
1.0,0.10489565
1.0,0.98494256
0.0,0.031057388
0.0,0.09326202
1.0,0.23437288
0.0,0.03385809
1.0,0.9797867
1.0,0.73610973
0.0,0.011997223
0.0,0.019179821
0.0,0.26383185
0.0,0.9936584
0.0,0.8558594
0.0,0.0081909
0.0,0.43860388
0.0,0.026681572
1.0,0.9698659
1.0,0.9702798
1.0,0.8818027
1.0,0.83079094
0.0,0.009138435
0.0,0.62516314
1.0,0.91702557
0.0,0.3149375
0.0,0.010670662
0.0,0.02338481
1.0,0.31060293
1.0,0.2854431
0.0,0.004401475
1.0,0.94495946
1.0,0.9881618
0.0,0.0015896261
0.0,0.016961813
1.0,0.9608083
0.0,0.018571913
0.0,0.9385151
0.0,0.0018926859
0.0,0.028283715
1.0,0.06187734
0.0,0.018041462
0.0,0.003936857
0.0,0.21801624
1.0,0.2516726
0.0,0.0087759495
0.0,0.059731692
1.0,0.81326926
0.0,0.0090198815
0.0,0.2171363
0.0,0.95037895
1.0,0.9831102
1.0,0.65208805
1.0,0.10492033
0.0,0.04254654
0.0,0.13562015
1.0,0.18730521
0.0,0.005148977
0.0,0.002704978
0.0,0.06956771
0.0,0.024444968
1.0,0.55508816
0.0,0.27112076
0.0,0.8890469
1.0,0.7885912
0.0,0.022112012
0.0,0.022384226
0.0,0.7772858
0.0,0.22140494
1.0,0.8161428
1.0,0.9839661
0.0,0.37426546
1.0,0.74577785
0.0,0.0139917135
0.0,0.015480489
0.0,0.0022137165
1.0,0.45502746
0.0,0.0024237335
0.0,0.025178254
1.0,0.9547527
1.0,0.7491473
1.0,0.8737582
0.0,0.4355926
1.0,0.9172474
1.0,0.81956345
0.0,0.0011459887
0.0,0.9207923
0.0,0.5515479
1.0,0.40588152
0.0,0.031806916
0.0,0.185447
0.0,0.017596543
0.0,0.019845158
0.0,0.017115474
0.0,0.06862089
0.0,0.2980349
0.0,0.8562618
0.0,0.24473327
1.0,0.615567
1.0,0.7227079
1.0,0.7648183
0.0,0.0074297786
1.0,0.995285
0.0,0.17894551
0.0,0.03502372
1.0,0.96480715
0.0,0.21879259
0.0,0.013148069
0.0,0.21048537
0.0,0.015181512
0.0,0.13555905
0.0,0.8591306
0.0,0.047579437
1.0,0.88724834
0.0,0.0013594031
0.0,0.012032658
0.0,0.0048024356
1.0,0.9414159
1.0,0.9470772
0.0,0.79757357
1.0,0.6036475
0.0,0.01960951
1.0,0.13554442
0.0,0.0089324415
0.0,0.015636504
1.0,0.036084205
0.0,0.0016337931
0.0,0.0076567233
1.0,0.45776296
0.0,0.039523393
1.0,0.0185602
0.0,0.26378486
0.0,0.010935903
1.0,0.9377375
0.0,0.0109905
0.0,0.46476775
0.0,0.7721442
0.0,0.008173764
0.0,0.0013404787
1.0,0.90271825
0.0,0.0030791163
0.0,0.060196012
0.0,0.021022767
1.0,0.59430635
0.0,0.949957
0.0,0.041145205
1.0,0.83088255
0.0,0.010154724
0.0,0.0033597648
0.0,0.033681095
0.0,0.09384245
1.0,0.28109655
0.0,0.02338466
0.0,0.002257198
0.0,0.0067696273
0.0,0.004888147
0.0,0.71193063
1.0,0.97132105
1.0,0.8355191
0.0,0.008692563
1.0,0.9412048
0.0,0.01826933
0.0,0.010795295
0.0,0.026370049
0.0,0.073551536
1.0,0.9512929
0.0,0.025089532
0.0,0.0095354915
0.0,0.1144256
0.0,0.10376355
0.0,0.16640604
0.0,0.008275539
0.0,0.0014367998
0.0,0.0037611127
0.0,0.002631098
0.0,0.96315217
1.0,0.3998206
0.0,0.02920559
0.0,0.012925386
0.0,0.0070872307
1.0,0.9953997
0.0,0.087959915
1.0,0.8830612
0.0,0.18830156
0.0,0.034392834
0.0,0.12052271
1.0,0.98297817
1.0,0.99513423
1.0,0.95179677
1.0,0.43886635
0.0,0.30684692
0.0,0.004557371
1.0,0.98799
1.0,0.9520833
0.0,0.011814117
0.0,0.045793325
0.0,0.8097285
1.0,0.97614485
0.0,0.018937945
0.0,0.005197555
0.0,0.032076627
0.0,0.0343062
1.0,0.5208627
1.0,0.96507275
0.0,0.0016942024
1.0,0.4266204
0.0,0.026392102
0.0,0.03208843
0.0,0.0042468905
0.0,0.02140361
0.0,0.0129651725
1.0,0.9139101
0.0,0.0013089776
0.0,0.04255429
0.0,0.8240416
0.0,0.09362787
0.0,0.7761008
1.0,0.98734945
0.0,0.023666322
0.0,0.023936003
1.0,0.9335791
0.0,0.36775804
0.0,0.0064296722
1.0,0.95976806
1.0,0.7835947
0.0,0.07471758
1.0,0.9093621
0.0,0.27459556
1.0,0.82220864
1.0,0.99791586
0.0,0.083572656
1.0,0.9420763
0.0,0.02613154
0.0,0.03269589
0.0,0.40346587
0.0,0.46510762
0.0,0.026111454
0.0,0.00396049
0.0,0.4110993
1.0,0.9696579
0.0,0.11177403
0.0,0.035123616
0.0,0.4072244
0.0,0.14805901
1.0,0.9552235
0.0,0.01466319
0.0,0.6058569
0.0,0.016472608
0.0,0.008628339
0.0,0.008796424
0.0,0.9606948
1.0,0.07055324
0.0,0.11476219
1.0,0.84626055
0.0,0.0032701194
1.0,0.12709185
0.0,0.06675315
0.0,0.068071276
0.0,0.03324029
0.0,0.7358706
0.0,0.542911
0.0,0.031955987
0.0,0.15425277
0.0,0.008072972
0.0,0.43262136
0.0,0.9283821
1.0,0.97558117
0.0,0.54862654
0.0,0.01597011
1.0,0.9917276
0.0,0.0075196624
0.0,0.0071686804
0.0,0.0021116734
1.0,0.7846633
1.0,0.5927493
1.0,0.66252714
1.0,0.979428
0.0,0.106010675
1.0,0.89261305
0.0,0.17982793
1.0,0.439323
0.0,0.18781209
0.0,0.9560429
0.0,0.18202358
0.0,0.005823016
0.0,0.0424757
1.0,0.95992875
1.0,0.30321652
0.0,0.98956406
1.0,0.7294315
0.0,0.008720368
1.0,0.96352625
0.0,0.016255945
0.0,0.0123485625
0.0,0.94622666
0.0,0.47205773
0.0,0.09560272
0.0,0.003160894
1.0,0.99533665
0.0,0.001304537
1.0,0.99303544
1.0,0.903846
1.0,0.97157305
0.0,0.0042673945
0.0,0.9808151
0.0,0.0070925355
0.0,0.1290428
0.0,0.24536473
1.0,0.18062323
0.0,0.17908627
0.0,0.077031285
0.0,0.086561024
0.0,0.0099494755
0.0,0.003102243
0.0,0.11568999
0.0,0.8271073
0.0,0.010875076
0.0,0.8581086
1.0,0.9839587
0.0,0.5220164
0.0,0.02732262
0.0,0.0047952533
0.0,0.005805999
1.0,0.89304316
0.0,0.6153502
1.0,0.982533
0.0,0.53098077
1.0,0.99694765
1.0,0.9664111
0.0,0.007106155
0.0,0.05449161
0.0,0.03281781
0.0,0.21517578
0.0,0.04328078
0.0,0.6759351
1.0,0.9681127
0.0,0.010915965
1.0,0.59432137
0.0,0.5042215
0.0,0.006159693
0.0,0.017241329
1.0,0.9557762
0.0,0.0108213425
1.0,0.9928452
0.0,0.0041031837
0.0,0.029105872
0.0,0.65583634
0.0,0.53317666
0.0,0.099518925
0.0,0.014445841
1.0,0.71848184
1.0,0.9186268
0.0,0.16006187
0.0,0.042194188
0.0,0.011432141
1.0,0.9562205
0.0,0.046960175
1.0,0.3081494
0.0,0.03963694
1.0,0.8828532
1.0,0.9199647
0.0,0.03636384
0.0,0.031032115
0.0,0.00608629
1.0,0.9068102
0.0,0.18825504
0.0,0.8635142
1.0,0.96051323
1.0,0.24574742
0.0,0.74840236
0.0,0.019438446
1.0,0.9777378
0.0,0.013215423
0.0,0.015106291
0.0,0.0045488775
1.0,0.61052746
0.0,0.06106788
0.0,0.035448223
1.0,0.9407382
1.0,0.7973426
0.0,0.38176322
0.0,0.01060158
0.0,0.0131215155
1.0,0.9425914
1.0,0.97475874
1.0,0.7136299
0.0,0.061763912
0.0,0.004471034
0.0,0.012387782
0.0,0.0017958581
1.0,0.8919033
0.0,0.002419114
0.0,0.65606624
0.0,0.22720268
0.0,0.44260946
0.0,0.24009049
0.0,0.009307295
0.0,0.13802198
0.0,0.029476672
0.0,0.009648532
1.0,0.25817835
1.0,0.9019645
0.0,0.7919954
0.0,0.13704473
1.0,0.02721566
0.0,0.0036115646
1.0,0.92719394
0.0,0.023082525
0.0,0.019685715
1.0,0.9480978
1.0,0.974803
0.0,0.18162549
0.0,0.056964427
1.0,0.46453056
0.0,0.15229064
0.0,0.17639133
0.0,0.9896519
0.0,0.027712107
1.0,0.9166982
1.0,0.32041243
0.0,0.29224473
0.0,0.0018898845
0.0,0.06416696
1.0,0.9030296
0.0,0.007727444
1.0,0.33345473
0.0,0.04308167
1.0,0.81968826
1.0,0.6590632
0.0,0.66837317
1.0,0.17637032
0.0,0.63156223
0.0,0.006370634
1.0,0.9805232
1.0,0.16031513
0.0,0.026673019
0.0,0.27947593
0.0,0.7479484
0.0,0.9105067
1.0,0.9677261
0.0,0.07533437
0.0,0.24503347
0.0,0.004950434
1.0,0.9766445
0.0,0.032329768
0.0,0.8955178
1.0,0.9515964
0.0,0.0020996034
0.0,0.86342955
0.0,0.051087618
1.0,0.30496067
0.0,0.15952796
1.0,0.9713752
0.0,0.014209777
1.0,0.039227158
1.0,0.5885061
1.0,0.97113824
1.0,0.8804641
0.0,0.0043439865
1.0,0.34342703
0.0,0.017416954
1.0,0.9863796
1.0,0.8220916
0.0,0.2219885
1.0,0.87367463
0.0,0.0025182664
1.0,0.60561156
1.0,0.43709943
0.0,0.035067588
0.0,0.96726036
1.0,0.99519587
1.0,0.15090239
0.0,0.1708807
0.0,0.34478623
0.0,0.0010601878
0.0,0.008673161
0.0,0.6291975
1.0,0.9325641
1.0,0.9456675
1.0,0.49830028
1.0,0.7508007
1.0,0.99551105
1.0,0.9816811
0.0,0.62857366
1.0,0.93541217
0.0,0.0046622753
0.0,0.022505641
0.0,0.105165154
1.0,0.041585892
1.0,0.7535194
0.0,0.031703442
0.0,0.031237483
0.0,0.905673
1.0,0.8385122
1.0,0.08406013
1.0,0.89574945
0.0,0.0046083033
0.0,0.9694114
0.0,0.07702443
0.0,0.14667639
0.0,0.02103886
0.0,0.017032415
1.0,0.97873974
1.0,0.9286139
0.0,0.03466767
0.0,0.032133967
0.0,0.7636379
0.0,0.7632332
0.0,0.7473906
0.0,0.36314052
0.0,0.8184252
1.0,0.7946084
0.0,0.16095856
1.0,0.95154
0.0,0.005233884
0.0,0.88004637
0.0,0.07828206
0.0,0.68876415
1.0,0.9631381
1.0,0.8170403
1.0,0.6487902
1.0,0.80082667
0.0,0.0032058358
0.0,0.31952226
1.0,0.52686936
1.0,0.88286865
0.0,0.21237561
0.0,0.011713207
0.0,0.032485366
1.0,0.804931
0.0,0.011143535
1.0,0.038386047
0.0,0.016614735
0.0,0.060950458
0.0,0.019933969
0.0,0.020953476
0.0,0.08246094
0.0,0.020700365
0.0,0.1568411
1.0,0.9821857
0.0,0.004442632
0.0,0.5866271
0.0,0.018346488
1.0,0.31765142
0.0,0.0240781
1.0,0.9866375
0.0,0.0084351
0.0,0.015999466
0.0,0.007130176
0.0,0.070712954
0.0,0.016681701
0.0,0.016537875
1.0,0.96386945
0.0,0.08541155
1.0,0.82498026
1.0,0.9644595
0.0,0.024792075
0.0,0.029962808
1.0,0.935761
1.0,0.9946898
0.0,0.37275082
0.0,0.42310548
0.0,0.2187849
0.0,0.06891942
0.0,0.012443125
1.0,0.26988667
0.0,0.034169286
1.0,0.6307968
1.0,0.4482898
0.0,0.9784472
0.0,0.08061707
0.0,0.009573311
0.0,0.012774944
0.0,0.8982897
0.0,0.008938968
0.0,0.008058041
0.0,0.8011578
1.0,0.7286119
1.0,0.7517192
0.0,0.028015375
0.0,0.021920592
0.0,0.10214695
1.0,0.9361632
0.0,0.0032711923
0.0,0.01439625
1.0,0.5501659
1.0,0.9684102
0.0,0.26631638
0.0,0.057400227
0.0,0.016508877
1.0,0.96134174
0.0,0.024745524
1.0,0.9617926
1.0,0.7652166
0.0,0.0060596466
0.0,0.03291589
0.0,0.021999002
1.0,0.6415023
0.0,0.046537995
1.0,0.723607
0.0,0.0039310157
1.0,0.6774745
0.0,0.0422917
0.0,0.04578659
0.0,0.0041009486
1.0,0.9918872
0.0,0.8101847
1.0,0.98792154
1.0,0.9546105
0.0,0.0060272813
1.0,0.36981878
0.0,0.05569774
1.0,0.30071488
0.0,0.0034155846
1.0,0.94581026
0.0,0.0028639436
1.0,0.8253745
1.0,0.9706264
1.0,0.98245245
0.0,0.01570943
1.0,0.9517836
1.0,0.43617594
0.0,0.016843408
1.0,0.94926065
1.0,0.53151876
1.0,0.06235858
0.0,0.10523812
0.0,0.0096967565
0.0,0.97507113
0.0,0.08387067
