0.0,0.16989738
0.0,0.8058742
1.0,0.23967588
0.0,0.086940706
1.0,0.50844175
0.0,0.032554597
1.0,0.9611695
1.0,0.8057298
1.0,0.76803446
0.0,0.007602155
0.0,0.2636231
1.0,0.9241998
0.0,0.014862478
0.0,0.16374907
0.0,0.037671357
0.0,0.0076487064
1.0,0.19218409
0.0,0.034435898
0.0,0.010871381
1.0,0.41506827
1.0,0.6622079
0.0,0.011656284
1.0,0.94067705
0.0,0.031710356
0.0,0.010799557
1.0,0.728645
0.0,0.06266707
1.0,0.87287855
0.0,0.03870541
1.0,0.89746743
0.0,0.019661933
0.0,0.23762682
1.0,0.9455774
1.0,0.99259114
1.0,0.8538955
1.0,0.9783521
1.0,0.51597726
0.0,0.037468463
1.0,0.95641327
1.0,0.05846113
1.0,0.9762832
1.0,0.9844198
0.0,0.020018667
1.0,0.9774097
1.0,0.86542547
0.0,0.038244277
0.0,0.004625708
0.0,0.099190414
0.0,0.023505121
1.0,0.99330807
0.0,0.2814744
1.0,0.7604728
1.0,0.9853775
1.0,0.7219151
0.0,0.014970094
0.0,0.008456677
0.0,0.0724403
1.0,0.040657938
1.0,0.7317198
1.0,0.15498847
1.0,0.98662686
0.0,0.46176657
1.0,0.98900795
1.0,0.85478795
1.0,0.98086
0.0,0.22924313
0.0,0.099541515
1.0,0.98098576
0.0,0.016024351
1.0,0.9374647
0.0,0.19745132
1.0,0.9336426
0.0,0.0044946373
0.0,0.07573515
1.0,0.4075308
0.0,0.09863326
0.0,0.0152153075
0.0,0.2891537
0.0,0.013878822
1.0,0.94088846
0.0,0.028381854
1.0,0.98828566
1.0,0.98086154
1.0,0.9982492
1.0,0.98707724
1.0,0.81170875
1.0,0.987
0.0,0.16209602
0.0,0.03344509
1.0,0.6918509
0.0,0.010163158
1.0,0.14676613
0.0,0.020474643
0.0,0.74303126
0.0,0.32779437
1.0,0.96058846
0.0,0.025216967
0.0,0.03516358
1.0,0.49111092
1.0,0.98979473
0.0,0.0124441385
0.0,0.04590577
1.0,0.05382794
0.0,0.1161561
0.0,0.07995686
1.0,0.89865464
1.0,0.024444044
0.0,0.025154054
1.0,0.015648216
1.0,0.99023926
1.0,0.9606155
0.0,0.07400289
1.0,0.032908887
0.0,0.03850627
0.0,0.05725184
1.0,0.62949824
0.0,0.05283785
1.0,0.288596
1.0,0.4878055
1.0,0.98065186
0.0,0.37538072
1.0,0.9886519
0.0,0.95784
0.0,0.021389872
0.0,0.21884513
1.0,0.38363177
0.0,0.013556838
0.0,0.08722493
1.0,0.95681536
1.0,0.77481437
1.0,0.98329955
0.0,0.039565355
0.0,0.01961264
1.0,0.27731636
1.0,0.9880257
0.0,0.6906219
0.0,0.023435116
0.0,0.017205954
0.0,0.053311497
0.0,0.03280863
1.0,0.7342885
0.0,0.15479332
1.0,0.1231606
0.0,0.019613266
0.0,0.012591511
0.0,0.003706932
1.0,0.23409343
0.0,0.012633413
0.0,0.017377406
0.0,0.05201754
0.0,0.098733425
0.0,0.007360965
0.0,0.016097963
0.0,0.90191114
0.0,0.18938902
1.0,0.9745258
0.0,0.005019784
0.0,0.009391576
1.0,0.9956236
0.0,0.018688291
0.0,0.15543109
0.0,0.06358597
0.0,0.019148707
0.0,0.13916841
1.0,0.99736404
0.0,0.09161207
1.0,0.9504684
0.0,0.059334368
0.0,0.00998497
1.0,0.7718577
0.0,0.9631207
0.0,0.96762806
0.0,0.9456136
0.0,0.0038918555
1.0,0.759589
1.0,0.8954694
0.0,0.06290054
1.0,0.68593305
0.0,0.40735254
1.0,0.96612406
1.0,0.80312896
1.0,0.9730379
1.0,0.9830181
1.0,0.981039
0.0,0.83341485
0.0,0.006092727
0.0,0.011549175
0.0,0.98576397
0.0,0.0776591
0.0,0.041433424
1.0,0.18652883
0.0,0.0044970512
0.0,0.82773083
1.0,0.97827935
1.0,0.7244923
1.0,0.99548876
0.0,0.009736508
0.0,0.049866736
0.0,0.011274159
1.0,0.0562205
0.0,0.29425618
0.0,0.23690525
0.0,0.7188075
0.0,0.41129747
0.0,0.13554502
1.0,0.05875072
0.0,0.046417058
1.0,0.14848939
0.0,0.0052934885
0.0,0.029527545
0.0,0.009342372
1.0,0.95125544
0.0,0.047995895
0.0,0.06525853
0.0,0.037572354
0.0,0.009962201
0.0,0.88987076
0.0,0.19383588
1.0,0.9940852
0.0,0.013514817
0.0,0.014370769
1.0,0.34870172
1.0,0.9894126
0.0,0.34647366
0.0,0.018548131
0.0,0.006456256
0.0,0.08805245
0.0,0.026009649
0.0,0.16293344
1.0,0.9770323
0.0,0.08792877
1.0,0.3377563
0.0,0.009967595
1.0,0.3243345
1.0,0.51115656
0.0,0.046342075
0.0,0.05714014
0.0,0.03311798
1.0,0.86579514
1.0,0.70539546
1.0,0.98532385
1.0,0.7437726
0.0,0.022024512
0.0,0.8390907
1.0,0.98879886
0.0,0.44188
0.0,0.011556476
0.0,0.021636873
0.0,0.081593126
0.0,0.071379334
0.0,0.024432331
0.0,0.105820775
1.0,0.57435584
0.0,0.03717491
0.0,0.057940125
0.0,0.094239056
1.0,0.89010537
1.0,0.97868925
0.0,0.027684778
0.0,0.17426291
0.0,0.036877036
1.0,0.9894039
0.0,0.053712606
0.0,0.005401194
0.0,0.026306957
0.0,0.01949343
1.0,0.99252987
1.0,0.94691753
1.0,0.9837813
0.0,0.027248502
1.0,0.9369063
0.0,0.039959252
0.0,0.042062253
0.0,0.564542
1.0,0.9718654
1.0,0.40804252
0.0,0.0070752203
0.0,0.04054457
1.0,0.8759433
1.0,0.3319104
0.0,0.050519377
1.0,0.097843945
1.0,0.9909358
0.0,0.71751696
0.0,0.17899334
0.0,0.06570554
0.0,0.028737694
0.0,0.27941543
0.0,0.04346037
1.0,0.9934156
0.0,0.03658405
0.0,0.030523866
1.0,0.99727917
0.0,0.01303789
1.0,0.97003084
1.0,0.037143677
1.0,0.9017371
1.0,0.8761319
1.0,0.97403
0.0,0.046493977
1.0,0.94001997
0.0,0.8103132
1.0,0.99565065
0.0,0.5157984
0.0,0.2579217
0.0,0.040084362
0.0,0.0605222
0.0,0.20572293
1.0,0.9882732
0.0,0.9607346
1.0,0.7469973
0.0,0.88439703
1.0,0.6805988
1.0,0.9843043
0.0,0.026402175
0.0,0.008637369
0.0,0.024241209
1.0,0.9560889
1.0,0.21208695
0.0,0.0061121583
0.0,0.0045136213
0.0,0.013193548
0.0,0.03230235
1.0,0.9499676
1.0,0.72145504
0.0,0.034784973
0.0,0.08624044
1.0,0.789423
1.0,0.98848796
1.0,0.2846644
0.0,0.061714917
0.0,0.8673067
0.0,0.009552896
0.0,0.6556897
1.0,0.98787427
1.0,0.8000126
0.0,0.043661565
0.0,0.04314217
0.0,0.010246247
0.0,0.53754234
0.0,0.008610457
0.0,0.19185433
1.0,0.2624985
0.0,0.1469968
0.0,0.050314367
0.0,0.063619524
0.0,0.46260875
0.0,0.7946212
0.0,0.0401493
0.0,0.0075739026
1.0,0.35224557
0.0,0.054134667
1.0,0.7394357
0.0,0.0058834553
0.0,0.13677266
0.0,0.21034941
0.0,0.0047141016
0.0,0.9811558
1.0,0.48306525
1.0,0.93121386
0.0,0.60293543
1.0,0.906344
0.0,0.014514834
0.0,0.4899849
0.0,0.303773
0.0,0.32751626
0.0,0.020210266
0.0,0.00452888
1.0,0.27995485
0.0,0.014398098
1.0,0.98736537
0.0,0.09696728
1.0,0.28117245
0.0,0.12107125
1.0,0.04210618
1.0,0.95868504
1.0,0.97840893
0.0,0.0064765513
0.0,0.037954003
1.0,0.97646177
0.0,0.037053794
0.0,0.022852123
1.0,0.02437821
1.0,0.9827345
0.0,0.25918722
1.0,0.98103905
1.0,0.99266636
0.0,0.7024718
0.0,0.057260603
0.0,0.29777354
0.0,0.042188764
0.0,0.014021486
0.0,0.063679904
1.0,0.9838355
0.0,0.14287445
1.0,0.91316235
1.0,0.22242433
0.0,0.016855896
0.0,0.062336713
0.0,0.8434715
1.0,0.98873687
1.0,0.9680476
1.0,0.41146567
0.0,0.11020842
1.0,0.978449
1.0,0.8762388
0.0,0.0054656267
0.0,0.17055166
0.0,0.86547697
0.0,0.8866931
1.0,0.9776075
0.0,0.03811422
1.0,0.37571996
0.0,0.76521504
0.0,0.07379469
0.0,0.04679826
0.0,0.01436159
0.0,0.01633823
0.0,0.034184575
0.0,0.041236907
0.0,0.019541115
0.0,0.027158767
0.0,0.49559662
0.0,0.08608776
0.0,0.01894489
0.0,0.24691764
0.0,0.026395708
1.0,0.68691206
0.0,0.29453617
1.0,0.9702655
0.0,0.025875598
0.0,0.012417227
0.0,0.008660048
0.0,0.91810405
0.0,0.48577282
0.0,0.08768287
0.0,0.0555574
0.0,0.0038083494
0.0,0.024301648
0.0,0.024945468
0.0,0.6449303
1.0,0.9457451
0.0,0.028173387
0.0,0.013729334
0.0,0.61138207
0.0,0.041739494
1.0,0.42121273
0.0,0.8464083
1.0,0.41772366
0.0,0.008847237
0.0,0.19473821
1.0,0.9813626
0.0,0.8571449
1.0,0.86562777
1.0,0.9686984
1.0,0.9422627
1.0,0.97960997
0.0,0.009664744
1.0,0.7940599
0.0,0.013323635
0.0,0.017192274
0.0,0.13962373
1.0,0.9965537
0.0,0.012680054
0.0,0.03390363
1.0,0.5106742
1.0,0.9972193
0.0,0.08775914
0.0,0.0046564043
1.0,0.7435112
0.0,0.05805379
1.0,0.7376296
0.0,0.4540264
0.0,0.27867115
1.0,0.879323
0.0,0.7825929
0.0,0.0061931014
1.0,0.0680671
0.0,0.037662834
1.0,0.99557674
0.0,0.007795751
1.0,0.42559057
1.0,0.68184245
1.0,0.7140798
1.0,0.98652196
0.0,0.14444745
0.0,0.04189998
1.0,0.8119504
0.0,0.02416271
0.0,0.29926646
1.0,0.69324744
1.0,0.87002194
1.0,0.9666172
0.0,0.010687888
1.0,0.9678004
1.0,0.87136245
0.0,0.11448911
1.0,0.9801063
0.0,0.52488506
1.0,0.9002394
1.0,0.9237452
0.0,0.79396904
0.0,0.5285767
1.0,0.39646924
0.0,0.36404273
1.0,0.97495836
0.0,0.93683827
0.0,0.05553025
0.0,0.83865964
1.0,0.99559534
0.0,0.0047617853
0.0,0.005354643
0.0,0.7971272
1.0,0.33299267
0.0,0.024484754
0.0,0.0070774257
0.0,0.05076036
0.0,0.8066731
1.0,0.5192514
1.0,0.921841
0.0,0.071463495
0.0,0.5805406
0.0,0.062070638
0.0,0.07139444
0.0,0.027762562
1.0,0.97396314
0.0,0.040577263
1.0,0.973734
0.0,0.75823534
0.0,0.10573083
1.0,0.7832142
0.0,0.018265426
0.0,0.047072887
0.0,0.028795242
0.0,0.007385999
0.0,0.112591416
0.0,0.0045380294
0.0,0.026278108
0.0,0.043786943
1.0,0.8544289
1.0,0.987856
0.0,0.0056246817
0.0,0.03495276
1.0,0.9808048
0.0,0.013301045
1.0,0.91728747
0.0,0.22525084
0.0,0.0044613183
1.0,0.90232253
0.0,0.13670737
1.0,0.5601806
0.0,0.2955943
1.0,0.29678082
0.0,0.026164949
0.0,0.040726513
0.0,0.698163
1.0,0.9858364
0.0,0.006381184
0.0,0.06336343
0.0,0.0142713785
0.0,0.97188795
1.0,0.3716872
0.0,0.017779559
0.0,0.009489715
1.0,0.9749981
1.0,0.042429775
0.0,0.12235856
1.0,0.70245075
0.0,0.05608937
0.0,0.1453048
1.0,0.9646386
1.0,0.99693424
0.0,0.27028
1.0,0.9738691
1.0,0.98240787
0.0,0.015950799
0.0,0.055330396
0.0,0.031324178
1.0,0.040300697
0.0,0.0061647
0.0,0.02882126
0.0,0.008338928
1.0,0.9962803
1.0,0.4893108
0.0,0.011311561
1.0,0.54631734
1.0,0.069113165
0.0,0.3973779
1.0,0.9456307
0.0,0.043555528
1.0,0.96450114
0.0,0.07496387
1.0,0.94830346
0.0,0.026415229
0.0,0.01875469
1.0,0.78455293
0.0,0.011843741
1.0,0.9084635
0.0,0.029153347
0.0,0.026285052
0.0,0.01575464
1.0,0.7112135
0.0,0.24162668
1.0,0.50650585
0.0,0.0065513253
1.0,0.4056087
1.0,0.52460575
0.0,0.005137086
1.0,0.9893398
1.0,0.9736781
1.0,0.17627105
1.0,0.88282454
0.0,0.023369491
0.0,0.012926042
0.0,0.8087257
1.0,0.9511435
1.0,0.5618066
0.0,0.025873601
0.0,0.042260498
0.0,0.12102538
1.0,0.90732765
0.0,0.293872
1.0,0.011849493
1.0,0.97447455
0.0,0.027291983
0.0,0.04665348
1.0,0.9880385
0.0,0.6911124
1.0,0.98662305
0.0,0.7364489
0.0,0.034154683
0.0,0.028699666
1.0,0.07455802
0.0,0.031962812
1.0,0.98633194
0.0,0.023355007
1.0,0.4557039
0.0,0.5504144
0.0,0.07971755
1.0,0.071302116
1.0,0.33575702
1.0,0.6997494
1.0,0.9560456
0.0,0.033798486
0.0,0.05083713
0.0,0.28657186
0.0,0.003880471
1.0,0.9668537
1.0,0.7674223
0.0,0.008026361
0.0,0.022233188
0.0,0.004199803
1.0,0.6733752
0.0,0.023779213
0.0,0.027758867
0.0,0.051697195
0.0,0.17915297
0.0,0.042056054
0.0,0.18377301
1.0,0.8934094
0.0,0.9465698
1.0,0.3960468
0.0,0.05759579
0.0,0.26972222
1.0,0.7454143
1.0,0.8458565
1.0,0.96160704
0.0,0.02616635
0.0,0.22905713
1.0,0.19966382
0.0,0.007522583
0.0,0.048944056
0.0,0.18393865
1.0,0.85911924
0.0,0.031650633
0.0,0.06817636
1.0,0.99071455
0.0,0.11541715
1.0,0.99673545
1.0,0.935966
1.0,0.9840587
0.0,0.01793307
1.0,0.97779393
1.0,0.8412802
0.0,0.032813877
1.0,0.22612444
0.0,0.020600855
0.0,0.15182164
0.0,0.076052964
0.0,0.0067541003
1.0,0.775887
1.0,0.29362294
1.0,0.9962932
1.0,0.975268
1.0,0.9899185
0.0,0.47435224
0.0,0.9856101
1.0,0.9851904
0.0,0.019635439
1.0,0.61488765
1.0,0.9923116
0.0,0.050372273
1.0,0.09996721
1.0,0.39470747
0.0,0.020670593
0.0,0.041550934
0.0,0.011682838
0.0,0.027896345
1.0,0.48848456
1.0,0.98273873
0.0,0.0075047314
0.0,0.027283162
1.0,0.057135582
1.0,0.8475394
1.0,0.075596094
0.0,0.037430555
1.0,0.7102244
1.0,0.11492559
0.0,0.031456858
0.0,0.21554038
1.0,0.899533
1.0,0.99270165
0.0,0.3865373
1.0,0.8641956
0.0,0.08457118
0.0,0.80734
1.0,0.9912002
0.0,0.54111296
1.0,0.983902
0.0,0.81105804
0.0,0.27132228
0.0,0.07515818
1.0,0.9558548
1.0,0.42864782
0.0,0.023493439
0.0,0.013220638
1.0,0.83322847
0.0,0.026471734
1.0,0.9891761
1.0,0.90890795
1.0,0.7861718
0.0,0.07151729
0.0,0.8502139
0.0,0.8088875
0.0,0.018778116
0.0,0.004445076
1.0,0.9967934
0.0,0.28704655
0.0,0.020442545
1.0,0.9782046
0.0,0.036780626
1.0,0.061125427
1.0,0.8659947
0.0,0.020280272
0.0,0.22525033
0.0,0.719995
0.0,0.014117986
0.0,0.0064166784
0.0,0.0153386
0.0,0.02031076
0.0,0.9387291
1.0,0.5885427
1.0,0.95312893
0.0,0.75871044
0.0,0.51663774
0.0,0.017433077
0.0,0.045449167
0.0,0.020972341
1.0,0.043220013
0.0,0.024344414
0.0,0.005190909
1.0,0.9979874
1.0,0.71586704
0.0,0.017140657
0.0,0.983184
0.0,0.0037185848
0.0,0.025440514
0.0,0.004709363
0.0,0.035481453
1.0,0.93225676
1.0,0.72929573
1.0,0.92729914
0.0,0.004371017
1.0,0.8488953
1.0,0.96489424
0.0,0.056061298
0.0,0.0030086637
1.0,0.7615738
1.0,0.17825237
1.0,0.8650198
1.0,0.97387373
1.0,0.7579712
0.0,0.07350016
0.0,0.279338
1.0,0.38081628
0.0,0.012927353
1.0,0.96586025
0.0,0.011459619
1.0,0.4619009
0.0,0.02898255
0.0,0.17651537
0.0,0.019782305
0.0,0.01710242
0.0,0.19919014
0.0,0.00527668
0.0,0.005071044
0.0,0.039539784
0.0,0.67994356
0.0,0.006572813
0.0,0.010241002
1.0,0.94620085
1.0,0.7660832
1.0,0.98469716
0.0,0.9750241
0.0,0.447002
0.0,0.8993883
0.0,0.033296168
1.0,0.99090546
1.0,0.29975796
1.0,0.9180607
1.0,0.989607
0.0,0.9121455
0.0,0.015345901
0.0,0.010290086
1.0,0.82029593
0.0,0.017627269
1.0,0.010285556
1.0,0.98060715
0.0,0.16313735
0.0,0.013610154
0.0,0.010723144
0.0,0.735226
1.0,0.9373125
1.0,0.98105305
0.0,0.030784845
1.0,0.9491545
1.0,0.75946474
0.0,0.51853186
0.0,0.025259614
1.0,0.39340442
0.0,0.0050487816
0.0,0.08899531
0.0,0.0059147477
0.0,0.30641633
0.0,0.028440177
1.0,0.48482692
0.0,0.059765905
0.0,0.6458747
1.0,0.99074286
1.0,0.92210245
0.0,0.45840046
0.0,0.38920444
1.0,0.80882967
0.0,0.09329516
0.0,0.0022245646
1.0,0.58958876
0.0,0.06832871
0.0,0.025060326
0.0,0.03394437
1.0,0.9870751
0.0,0.1992841
1.0,0.8378055
1.0,0.97684836
1.0,0.9985498
0.0,0.016618997
1.0,0.8110144
0.0,0.041639954
1.0,0.9431387
0.0,0.08095449
1.0,0.9821202
0.0,0.029762685
0.0,0.025453895
1.0,0.98712087
0.0,0.012883216
0.0,0.010179371
1.0,0.5883845
1.0,0.8938051
1.0,0.06644881
1.0,0.7580499
1.0,0.54012674
1.0,0.97827375
1.0,0.7538943
0.0,0.021656632
1.0,0.081971705
1.0,0.99211127
0.0,0.06751749
0.0,0.007384151
0.0,0.00463894
1.0,0.57911855
0.0,0.019176066
0.0,0.08285138
0.0,0.26940775
1.0,0.97585094
0.0,0.01399833
0.0,0.098421544
1.0,0.62101
1.0,0.96611583
1.0,0.88669777
1.0,0.118359
0.0,0.9920009
0.0,0.077831805
0.0,0.060946047
0.0,0.044207305
0.0,0.004604876
0.0,0.050324023
0.0,0.027805775
1.0,0.06166327
1.0,0.9626266
0.0,0.04618126
1.0,0.8852235
0.0,0.015097797
0.0,0.004768729
1.0,0.99177825
0.0,0.016530633
0.0,0.8787364
0.0,0.022402108
0.0,0.16314316
0.0,0.03647232
0.0,0.014769614
0.0,0.9604042
1.0,0.74018145
0.0,0.083571166
0.0,0.19053188
1.0,0.9135686
0.0,0.009152621
1.0,0.84583116
0.0,0.03567016
0.0,0.005103439
0.0,0.025327206
0.0,0.22366533
0.0,0.0041098
0.0,0.012113959
0.0,0.032238007
0.0,0.031303793
0.0,0.7301403
1.0,0.7137255
0.0,0.0712702
1.0,0.76485467
0.0,0.6103884
1.0,0.086037725
0.0,0.10312447
0.0,0.00900501
0.0,0.073565155
1.0,0.97012347
1.0,0.034956366
1.0,0.21972057
0.0,0.029600501
0.0,0.5887571
1.0,0.7636057
0.0,0.014464527
0.0,0.054362744
1.0,0.32243344
0.0,0.016176194
1.0,0.9623094
1.0,0.27635616
0.0,0.012735635
1.0,0.5107137
0.0,0.14232993
1.0,0.18608832
0.0,0.22771943
1.0,0.9959732
0.0,0.0042432845
0.0,0.98455226
0.0,0.036320418
0.0,0.035095394
0.0,0.0085428655
0.0,0.045835197
0.0,0.016679347
1.0,0.97129476
0.0,0.01153785
0.0,0.00520131
0.0,0.004897028
0.0,0.146076
0.0,0.12174645
1.0,0.15646535
0.0,0.47728965
0.0,0.10727763
1.0,0.5543385
0.0,0.47025305
1.0,0.97764194
0.0,0.80174065
1.0,0.9361931
1.0,0.9342195
0.0,0.015217036
1.0,0.997892
0.0,0.31725007
0.0,0.0242863
0.0,0.026977748
0.0,0.06298208
1.0,0.11027965
1.0,0.9921186
0.0,0.04601577
0.0,0.16211593
1.0,0.9969138
0.0,0.047971696
1.0,0.6173798
1.0,0.027283013
1.0,0.7844765
0.0,0.030409068
1.0,0.69343996
0.0,0.026025265
1.0,0.89886975
1.0,0.15837955
0.0,0.35625482
0.0,0.8204243
0.0,0.049370974
0.0,0.18479389
1.0,0.7854906
1.0,0.9608818
1.0,0.98981106
0.0,0.035794288
0.0,0.0049624443
1.0,0.97491074
0.0,0.9679539
0.0,0.0059369206
0.0,0.020964593
1.0,0.61426514
0.0,0.049874425
0.0,0.023583442
0.0,0.10993177
0.0,0.043947846
1.0,0.7172498
1.0,0.9776195
0.0,0.06663707
0.0,0.052310467
0.0,0.017982453
1.0,0.99211544
0.0,0.03343749
0.0,0.8260524
1.0,0.88499457
0.0,0.010455251
0.0,0.7098766
1.0,0.9828421
0.0,0.056580633
1.0,0.29186603
1.0,0.12062922
0.0,0.02690646
0.0,0.03920424
0.0,0.008684933
0.0,0.013893902
1.0,0.9863924
1.0,0.99845785
1.0,0.9880359
1.0,0.17280513
0.0,0.89888
0.0,0.06553051
1.0,0.7512698
1.0,0.99242866
0.0,0.07146135
0.0,0.045419753
1.0,0.47375017
0.0,0.010638386
1.0,0.7629323
0.0,0.013027072
0.0,0.23177138
1.0,0.98892295
0.0,0.04729435
0.0,0.005171001
0.0,0.051909894
0.0,0.038912266
0.0,0.34106708
1.0,0.1034928
0.0,0.046034545
1.0,0.98870206
0.0,0.10979265
1.0,0.972017
0.0,0.16959634
1.0,0.69461966
1.0,0.98246384
1.0,0.9953896
0.0,0.9517221
0.0,0.005355358
1.0,0.3126518
0.0,0.046371073
0.0,0.04203245
1.0,0.8709612
1.0,0.24793205
0.0,0.15528175
1.0,0.95489836
1.0,0.9841626
0.0,0.89475054
0.0,0.017098874
0.0,0.70131296
0.0,0.013199687
0.0,0.0036485195
0.0,0.93280566
1.0,0.98279935
1.0,0.99123394
1.0,0.96368265
0.0,0.0055663586
0.0,0.010655642
0.0,0.019555807
0.0,0.023042649
0.0,0.042779505
0.0,0.053748757
1.0,0.89727503
1.0,0.9723129
1.0,0.7090577
0.0,0.10772145
0.0,0.042900443
1.0,0.9098159
0.0,0.20156813
0.0,0.49761495
1.0,0.8674955
0.0,0.75992346
0.0,0.9350058
1.0,0.766659
0.0,0.048182935
1.0,0.6641299
1.0,0.9124967
0.0,0.96043205
0.0,0.016420007
1.0,0.9968198
0.0,0.009108663
0.0,0.5422734
1.0,0.7892976
1.0,0.9802387
1.0,0.7627946
1.0,0.95961916
0.0,0.9794632
0.0,0.03734371
0.0,0.008003205
1.0,0.80355346
0.0,0.9896786
1.0,0.82359594
0.0,0.84540904
1.0,0.9336748
1.0,0.74875104
0.0,0.06753045
0.0,0.038619608
0.0,0.012571573
0.0,0.34153694
0.0,0.05406654
0.0,0.01426506
1.0,0.3769148
1.0,0.15594766
0.0,0.93169177
1.0,0.97924286
1.0,0.5504535
0.0,0.007453054
0.0,0.15650752
1.0,0.90095925
1.0,0.21300575
0.0,0.0192298
0.0,0.13461608
0.0,0.014669806
0.0,0.026673794
1.0,0.5847465
1.0,0.9645747
0.0,0.040871292
0.0,0.0052506328
0.0,0.050182253
0.0,0.13951102
0.0,0.01978141
0.0,0.026964486
0.0,0.94675004
0.0,0.4293797
0.0,0.015470594
0.0,0.038029313
0.0,0.1239565
1.0,0.98794544
1.0,0.8662121
0.0,0.0136627555
0.0,0.02680263
0.0,0.004587233
0.0,0.007435888
0.0,0.10365519
0.0,0.32173875
0.0,0.034954846
0.0,0.38881788
1.0,0.9352639
1.0,0.99460566
1.0,0.89874893
1.0,0.8658149
1.0,0.990105
0.0,0.54370075
0.0,0.028882176
0.0,0.048279107
0.0,0.05163145
1.0,0.76694095
0.0,0.02342558
1.0,0.94030833
0.0,0.037356794
0.0,0.45007476
0.0,0.88936955
0.0,0.027371794
0.0,0.04929194
0.0,0.122160256
0.0,0.20345196
0.0,0.01619944
1.0,0.89139116
1.0,0.21573702
0.0,0.10225484
0.0,0.13791433
0.0,0.0131628215
0.0,0.01364249
1.0,0.9903803
0.0,0.017011553
1.0,0.0829044
0.0,0.034073353
1.0,0.48455897
0.0,0.013350725
0.0,0.09654063
1.0,0.9164963
0.0,0.004758626
1.0,0.9719726
0.0,0.062163413
0.0,0.4277488
0.0,0.22943631
0.0,0.0057564676
0.0,0.007209033
1.0,0.9431766
1.0,0.99380064
0.0,0.4705935
0.0,0.031624854
0.0,0.015898794
0.0,0.3404857
1.0,0.8200058
0.0,0.7415428
1.0,0.18916148
1.0,0.42853174
0.0,0.72306144
0.0,0.045065254
0.0,0.06382859
0.0,0.027257621
0.0,0.049173504
0.0,0.049666375
0.0,0.04753834
0.0,0.7803656
0.0,0.22296375
1.0,0.93780816
0.0,0.98855746
0.0,0.016649514
1.0,0.908471
0.0,0.025423497
0.0,0.03642735
0.0,0.0057899356
0.0,0.023894727
1.0,0.059648395
1.0,0.9782043
1.0,0.98422253
0.0,0.023522198
0.0,0.008797765
0.0,0.025746286
0.0,0.40768242
0.0,0.4170204
0.0,0.7638158
1.0,0.99563897
1.0,0.9885251
1.0,0.9452565
0.0,0.030402988
1.0,0.99369335
1.0,0.6705294
0.0,0.041089296
1.0,0.975654
0.0,0.020937562
0.0,0.015285283
0.0,0.7197119
1.0,0.9918958
1.0,0.9725722
1.0,0.8062304
0.0,0.8750243
0.0,0.30620748
0.0,0.01792118
1.0,0.98095083
1.0,0.9862516
1.0,0.96691334
1.0,0.9000411
0.0,0.061785102
0.0,0.03387782
0.0,0.037356228
0.0,0.32723632
1.0,0.9793446
0.0,0.022656322
0.0,0.08120006
0.0,0.10879621
1.0,0.27666703
0.0,0.033927888
0.0,0.17612064
0.0,0.08090475
0.0,0.31883958
0.0,0.025486052
0.0,0.10845485
0.0,0.01587072
0.0,0.14906749
0.0,0.0045008063
1.0,0.99259067
1.0,0.32203835
0.0,0.18870333
0.0,0.98880965
0.0,0.07382539
1.0,0.9092933
0.0,0.00814271
0.0,0.0489029
0.0,0.51613915
0.0,0.014228255
1.0,0.9620905
0.0,0.019396663
0.0,0.06763852
1.0,0.55954343
1.0,0.9582794
1.0,0.9572137
0.0,0.039456546
0.0,0.07838431
1.0,0.85021234
1.0,0.9819216
1.0,0.9897338
0.0,0.8281552
0.0,0.4406074
0.0,0.00407207
1.0,0.07156852
1.0,0.9923384
0.0,0.02349019
0.0,0.8514149
1.0,0.79805994
1.0,0.98316956
0.0,0.012280047
1.0,0.8278013
1.0,0.3396561
0.0,0.03239599
1.0,0.25914007
0.0,0.0440585
0.0,0.010255307
0.0,0.96473837
0.0,0.0338718
1.0,0.7429544
0.0,0.2453878
1.0,0.81762683
1.0,0.76637363
1.0,0.62579775
0.0,0.00735116
0.0,0.4529883
1.0,0.5194529
0.0,0.0054949224
1.0,0.6752423
1.0,0.90005124
0.0,0.9737776
0.0,0.03493327
1.0,0.05199191
1.0,0.9916774
0.0,0.006553471
1.0,0.7493892
1.0,0.22326455
1.0,0.9144883
1.0,0.9954095
1.0,0.25817245
1.0,0.9734738
0.0,0.047372818
0.0,0.24263307
0.0,0.03885728
1.0,0.95360035
1.0,0.5328315
0.0,0.0402613
0.0,0.031882346
1.0,0.18442854
0.0,0.013345182
1.0,0.9898684
0.0,0.105416596
1.0,0.8543662
1.0,0.97709894
0.0,0.16698638
1.0,0.28128436
0.0,0.03326723
1.0,0.99670076
1.0,0.97114646
1.0,0.15631038
0.0,0.033930182
0.0,0.041799843
1.0,0.74677956
0.0,0.07092333
1.0,0.91509265
0.0,0.026103348
0.0,0.9273013
0.0,0.093293905
0.0,0.2564711
0.0,0.0061012805
0.0,0.25855246
0.0,0.15587646
1.0,0.9766217
1.0,0.12913457
0.0,0.018931746
1.0,0.9912371
1.0,0.8410047
0.0,0.8707063
0.0,0.6871301
0.0,0.06989461
0.0,0.044687033
0.0,0.023081928
0.0,0.046177894
1.0,0.36186075
1.0,0.9913242
0.0,0.0090743005
0.0,0.004912704
0.0,0.80209446
0.0,0.92493045
0.0,0.08045417
1.0,0.8929589
0.0,0.11184445
0.0,0.060153395
1.0,0.8993025
1.0,0.9692097
0.0,0.031807065
0.0,0.17406753
0.0,0.013185054
1.0,0.95250624
1.0,0.9110732
0.0,0.024616867
0.0,0.040966272
0.0,0.008626699
0.0,0.1397984
0.0,0.007142633
1.0,0.9826844
1.0,0.69290173
1.0,0.15560058
0.0,0.008445233
1.0,0.21993482
0.0,0.44004357
1.0,0.99646544
1.0,0.36034188
0.0,0.009918958
0.0,0.005376011
0.0,0.011030793
0.0,0.8866348
0.0,0.45154998
1.0,0.99834776
0.0,0.6852537
0.0,0.648409
0.0,0.02355659
0.0,0.004854381
0.0,0.2056028
0.0,0.0804421
0.0,0.07563746
1.0,0.8070353
1.0,0.98346245
0.0,0.006920308
0.0,0.77171224
0.0,0.5257604
0.0,0.043349028
1.0,0.98620355
0.0,0.0407027
0.0,0.13188866
1.0,0.2431925
0.0,0.9125143
0.0,0.05226496
0.0,0.014544576
0.0,0.009955764
1.0,0.99562794
1.0,0.91967934
0.0,0.008113533
1.0,0.3571396
1.0,0.9757626
1.0,0.970268
0.0,0.27949876
0.0,0.15867737
1.0,0.9766494
1.0,0.98656285
0.0,0.009143621
1.0,0.9832156
0.0,0.04284641
1.0,0.92323536
1.0,0.9403857
1.0,0.9265782
0.0,0.022231966
1.0,0.6708851
1.0,0.39851022
0.0,0.110821664
0.0,0.0541977
0.0,0.98906934
0.0,0.06297827
0.0,0.019542694
0.0,0.0072798133
1.0,0.9974084
0.0,0.10972366
0.0,0.07739434
0.0,0.25871408
0.0,0.006667644
0.0,0.059518337
0.0,0.043471664
1.0,0.824577
0.0,0.018141955
0.0,0.026938587
0.0,0.45873627
1.0,0.87718976
1.0,0.87268853
1.0,0.94644666
1.0,0.98340553
0.0,0.01627183
0.0,0.05903524
0.0,0.016859084
0.0,0.2245287
0.0,0.7534727
0.0,0.011911511
1.0,0.9784452
0.0,0.60974675
1.0,0.09512144
1.0,0.050881058
1.0,0.7781368
0.0,0.038932145
0.0,0.012602866
0.0,0.0061896145
0.0,0.009819329
1.0,0.2998693
1.0,0.97830725
1.0,0.7803769
1.0,0.87906516
1.0,0.99629647
0.0,0.017220438
0.0,0.03756559
0.0,0.8954258
0.0,0.0121333
1.0,0.9729935
0.0,0.00755316
0.0,0.8645679
1.0,0.9859655
1.0,0.7436618
0.0,0.021449894
0.0,0.13053048
0.0,0.27121595
0.0,0.24988833
1.0,0.8259131
0.0,0.9933928
0.0,0.46202642
1.0,0.9971131
0.0,0.06933227
1.0,0.9810432
1.0,0.9759033
0.0,0.005032629
0.0,0.75941193
0.0,0.008412361
0.0,0.02608183
1.0,0.7600871
0.0,0.0150897205
0.0,0.054375827
0.0,0.3099491
0.0,0.0064967573
1.0,0.9860227
1.0,0.17794847
1.0,0.8856487
1.0,0.9487778
0.0,0.75659406
0.0,0.05113396
1.0,0.84972155
0.0,0.016283154
1.0,0.37461624
0.0,0.041475326
1.0,0.97149634
1.0,0.99131155
0.0,0.60041183
0.0,0.13718137
0.0,0.42623234
0.0,0.029224485
0.0,0.013444692
0.0,0.028357118
1.0,0.8978062
0.0,0.01106903
0.0,0.1380052
0.0,0.30474102
0.0,0.08994949
0.0,0.016981483
0.0,0.0066976845
0.0,0.5470577
0.0,0.0044964254
0.0,0.006298274
0.0,0.030899346
0.0,0.13510665
0.0,0.03475356
1.0,0.18126011
0.0,0.07892305
1.0,0.98968124
0.0,0.009070873
0.0,0.0046389103
1.0,0.7593401
0.0,0.015948623
1.0,0.98107564
0.0,0.11653325
1.0,0.95968866
0.0,0.7244151
0.0,0.041799933
1.0,0.74001443
1.0,0.17250714
0.0,0.011218816
0.0,0.054314315
0.0,0.0062461793
0.0,0.0037657022
0.0,0.008237302
0.0,0.7437395
1.0,0.97007143
1.0,0.8323226
0.0,0.13509393
0.0,0.014405549
1.0,0.809553
1.0,0.85848784
1.0,0.7873018
0.0,0.004652709
1.0,0.05076334
0.0,0.35068697
1.0,0.38570458
0.0,0.0038190782
1.0,0.81183183
0.0,0.008017987
0.0,0.114442915
0.0,0.061558664
0.0,0.90655106
1.0,0.97071934
0.0,0.06534946
0.0,0.085971445
1.0,0.9920746
0.0,0.017490506
0.0,0.8542712
0.0,0.62688136
1.0,0.9879839
0.0,0.63125
0.0,0.05394566
0.0,0.9899514
1.0,0.9744969
0.0,0.0054115355
0.0,0.8559985
0.0,0.05623141
1.0,0.517326
0.0,0.04522434
1.0,0.9865614
0.0,0.3361009
1.0,0.66223824
1.0,0.99657005
0.0,0.9732183
1.0,0.973137
1.0,0.99411154
0.0,0.012670517
0.0,0.9572725
0.0,0.017751426
1.0,0.98913765
0.0,0.31280333
1.0,0.3588216
1.0,0.48498398
0.0,0.028125167
1.0,0.9764452
0.0,0.18930426
1.0,0.51932573
0.0,0.55596286
1.0,0.14893934
0.0,0.7949843
1.0,0.027824521
0.0,0.5650078
0.0,0.016108245
0.0,0.012606651
0.0,0.032799333
0.0,0.019497275
0.0,0.005133301
0.0,0.0077236593
0.0,0.30184633
0.0,0.06407857
0.0,0.47995186
0.0,0.407531
0.0,0.030611694
1.0,0.96321094
1.0,0.3387372
0.0,0.5872009
1.0,0.026309788
0.0,0.052393496
0.0,0.2870143
0.0,0.82385063
0.0,0.08687946
0.0,0.04443714
0.0,0.1626102
1.0,0.9437636
0.0,0.0053599477
0.0,0.0104313195
1.0,0.017190665
0.0,0.009235054
1.0,0.95420563
0.0,0.1293813
0.0,0.044024706
1.0,0.8203018
0.0,0.014049321
1.0,0.95216155
0.0,0.008683234
0.0,0.0054395497
0.0,0.015373319
1.0,0.9803784
0.0,0.025433064
1.0,0.14915323
1.0,0.7155787
0.0,0.9862612
0.0,0.0056949556
1.0,0.020358205
0.0,0.009639591
0.0,0.06440598
0.0,0.8247336
0.0,0.0038527548
0.0,0.8789507
0.0,0.9709135
1.0,0.5418373
0.0,0.023555994
1.0,0.8604708
0.0,0.0061535537
0.0,0.006915152
0.0,0.007929683
1.0,0.91776884
1.0,0.9873022
0.0,0.20798364
0.0,0.38145363
0.0,0.0056158006
0.0,0.08370674
0.0,0.054142296
0.0,0.014906824
0.0,0.002922535
1.0,0.12942585
1.0,0.9504163
0.0,0.03267631
0.0,0.9854108
1.0,0.22766638
0.0,0.008012563
1.0,0.9527963
0.0,0.008559614
0.0,0.04803428
1.0,0.95992243
0.0,0.7139161
1.0,0.38778552
1.0,0.98029625
1.0,0.990427
0.0,0.35287428
0.0,0.027610302
0.0,0.21681243
1.0,0.96356875
0.0,0.56803375
1.0,0.98852897
0.0,0.03298989
0.0,0.021780998
0.0,0.17523825
1.0,0.90798306
0.0,0.011700749
0.0,0.04273364
0.0,0.45878878
1.0,0.06414488
1.0,0.99759793
0.0,0.09303975
0.0,0.025173903
1.0,0.98609453
1.0,0.98934764
1.0,0.94723165
1.0,0.12232602
0.0,0.012453258
1.0,0.92485327
0.0,0.16890892
0.0,0.05940634
0.0,0.007187575
1.0,0.8496562
0.0,0.19365731
0.0,0.063550234
0.0,0.0049468577
1.0,0.8268481
0.0,0.21308023
1.0,0.9861598
1.0,0.9705918
0.0,0.027775764
1.0,0.82857037
0.0,0.027179003
1.0,0.65942687
0.0,0.5553539
0.0,0.017367214
0.0,0.03652042
0.0,0.07764846
1.0,0.9963798
0.0,0.029480636
0.0,0.24182466
0.0,0.5853145
1.0,0.9978893
1.0,0.9150541
0.0,0.032925397
1.0,0.9623474
1.0,0.9880973
1.0,0.99801433
1.0,0.44168416
0.0,0.14775354
1.0,0.76811695
0.0,0.060341746
0.0,0.76378036
1.0,0.41288257
0.0,0.024026245
0.0,0.019499928
0.0,0.098469436
1.0,0.45864037
0.0,0.60671955
0.0,0.3073225
1.0,0.9790137
0.0,0.0186283
1.0,0.7764888
0.0,0.020952433
0.0,0.9605346
1.0,0.8269046
1.0,0.9626578
0.0,0.008502483
1.0,0.9712719
1.0,0.98717844
0.0,0.8400358
0.0,0.8258296
1.0,0.845863
0.0,0.04182622
1.0,0.98782027
0.0,0.041480273
0.0,0.06127149
1.0,0.5194804
1.0,0.893528
0.0,0.054636955
1.0,0.58655834
0.0,0.1093936
0.0,0.061182737
1.0,0.9818757
0.0,0.04665488
0.0,0.050841153
0.0,0.03377363
1.0,0.6812607
0.0,0.022420764
0.0,0.01932475
1.0,0.9368312
1.0,0.9830955
0.0,0.034246713
0.0,0.45068988
0.0,0.007122308
1.0,0.17013693
0.0,0.7375494
0.0,0.0067695677
0.0,0.0370228
0.0,0.010654837
0.0,0.0071270466
1.0,0.26759145
0.0,0.13475868
0.0,0.0047332346
0.0,0.31982714
1.0,0.93927217
1.0,0.9972134
1.0,0.8678872
0.0,0.8719616
0.0,0.02081865
0.0,0.98179114
1.0,0.9895735
0.0,0.035658777
1.0,0.5649194
0.0,0.021723092
1.0,0.98882234
0.0,0.050590783
1.0,0.9036108
0.0,0.9269526
1.0,0.5068511
0.0,0.11258727
0.0,0.060025275
1.0,0.8671188
1.0,0.95123184
1.0,0.9891138
0.0,0.13913366
1.0,0.9748694
1.0,0.40081403
1.0,0.28924888
0.0,0.0052619874
1.0,0.77116853
0.0,0.021426588
0.0,0.9452977
1.0,0.69297266
0.0,0.3340609
0.0,0.020876944
0.0,0.030746996
0.0,0.05325854
0.0,0.5213941
1.0,0.98792756
1.0,0.97625315
0.0,0.42004454
0.0,0.6359422
0.0,0.020417392
1.0,0.9971093
0.0,0.8108163
0.0,0.25056097
0.0,0.0095721185
0.0,0.02892524
0.0,0.031307876
0.0,0.96954644
1.0,0.9907716
1.0,0.9929184
1.0,0.13378286
0.0,0.3749277
0.0,0.009686619
0.0,0.015065968
0.0,0.025427312
0.0,0.032025695
1.0,0.9744868
0.0,0.03856358
0.0,0.19160813
1.0,0.99647033
0.0,0.0736385
1.0,0.10078114
1.0,0.91289514
0.0,0.480537
0.0,0.010170341
0.0,0.06161806
1.0,0.7083425
0.0,0.14582577
0.0,0.018777072
1.0,0.94744027
1.0,0.36105415
0.0,0.0059790313
0.0,0.07210553
0.0,0.7236258
0.0,0.017400801
0.0,0.24649128
1.0,0.32308745
1.0,0.9281127
0.0,0.026282042
0.0,0.005015999
0.0,0.82360816
0.0,0.36008537
1.0,0.9593684
0.0,0.029388845
1.0,0.99377084
0.0,0.034677178
1.0,0.98650897
0.0,0.012550414
1.0,0.96903604
1.0,0.7888143
0.0,0.02887714
0.0,0.15732259
0.0,0.01248318
0.0,0.054539382
1.0,0.73173404
1.0,0.012011379
1.0,0.20024839
1.0,0.31588486
1.0,0.7923986
0.0,0.0049503744
1.0,0.34133345
1.0,0.7947432
0.0,0.02176714
0.0,0.030574113
0.0,0.032868356
1.0,0.5537269
1.0,0.9909542
0.0,0.9455906
0.0,0.014183402
1.0,0.91494966
0.0,0.014622927
0.0,0.041519046
1.0,0.97155905
0.0,0.5973778
0.0,0.03022322
1.0,0.14971897
1.0,0.91943836
0.0,0.019332856
0.0,0.01997608
0.0,0.027012438
1.0,0.98809505
1.0,0.98096704
0.0,0.78953236
0.0,0.31791317
1.0,0.9942617
1.0,0.83210886
0.0,0.012701422
0.0,0.087123126
0.0,0.07699886
1.0,0.22678486
1.0,0.1992965
0.0,0.039786726
0.0,0.084558845
1.0,0.97849494
0.0,0.032966614
0.0,0.02638048
0.0,0.06872612
0.0,0.82807267
1.0,0.9740298
0.0,0.8665023
0.0,0.020008892
0.0,0.9360784
0.0,0.31966513
0.0,0.039386094
1.0,0.80167496
1.0,0.6942221
0.0,0.21092781
1.0,0.9871665
0.0,0.37643194
1.0,0.97094333
1.0,0.0657416
1.0,0.9647969
0.0,0.012108684
0.0,0.29650953
0.0,0.016703486
1.0,0.9967516
0.0,0.0117816925
1.0,0.9942956
0.0,0.056303024
0.0,0.006054759
1.0,0.10438219
1.0,0.97582686
0.0,0.0073379576
1.0,0.78172565
0.0,0.047094554
1.0,0.96629953
0.0,0.0050704777
1.0,0.6685548
1.0,0.04649204
0.0,0.03483826
0.0,0.00958401
0.0,0.01582703
0.0,0.019410878
0.0,0.019463062
0.0,0.92317045
0.0,0.071666986
0.0,0.02888745
0.0,0.97134995
0.0,0.009646952
1.0,0.9735007
0.0,0.38320798
0.0,0.41440755
1.0,0.9958524
0.0,0.052951485
1.0,0.9956357
0.0,0.034820884
1.0,0.99210805
0.0,0.013564527
0.0,0.04188475
1.0,0.9944098
0.0,0.04302615
0.0,0.014780343
0.0,0.030287385
1.0,0.9876733
1.0,0.38854265
0.0,0.012545139
1.0,0.9739794
1.0,0.2346622
1.0,0.98368704
0.0,0.41410255
1.0,0.13933691
1.0,0.953694
0.0,0.27491546
1.0,0.57998806
1.0,0.5365175
0.0,0.033210576
0.0,0.006584853
0.0,0.026962966
0.0,0.046295404
0.0,0.010292351
0.0,0.047012925
0.0,0.04736963
0.0,0.0029405653
1.0,0.93100685
0.0,0.07537556
0.0,0.009320587
0.0,0.025964528
0.0,0.067317426
1.0,0.8892936
0.0,0.005585313
1.0,0.9292299
0.0,0.34731957
0.0,0.00869149
1.0,0.5911981
1.0,0.89239943
0.0,0.19005102
0.0,0.05197507
1.0,0.8600851
0.0,0.95836395
0.0,0.03333363
1.0,0.71475196
1.0,0.7535831
1.0,0.80300474
1.0,0.8518536
0.0,0.03528899
0.0,0.00507614
1.0,0.6967104
0.0,0.018368572
0.0,0.00445053
1.0,0.98683643
1.0,0.9075169
1.0,0.9865999
0.0,0.017745346
1.0,0.106067985
1.0,0.9706344
1.0,0.9803876
0.0,0.0065212846
0.0,0.007943124
1.0,0.35212982
0.0,0.036527455
0.0,0.7361961
0.0,0.033847034
1.0,0.99417293
0.0,0.020210117
0.0,0.02824387
0.0,0.05096656
0.0,0.19871202
0.0,0.071464896
0.0,0.009167045
0.0,0.85808665
1.0,0.9968489
0.0,0.06637022
1.0,0.84062004
0.0,0.008196771
0.0,0.7907406
0.0,0.90124214
1.0,0.014788598
0.0,0.73760957
0.0,0.019946516
0.0,0.005589336
0.0,0.31795752
0.0,0.05453229
1.0,0.9885353
0.0,0.29652023
1.0,0.95149136
0.0,0.02167964
0.0,0.045783103
0.0,0.031332344
0.0,0.72863173
0.0,0.05596742
0.0,0.61644346
0.0,0.2934758
0.0,0.12228036
1.0,0.92870176
0.0,0.05720347
1.0,0.6565391
1.0,0.6554734
0.0,0.080822736
0.0,0.024800599
1.0,0.8751743
0.0,0.021169335
1.0,0.7334515
1.0,0.7711251
0.0,0.0097102225
1.0,0.60952663
0.0,0.009816408
1.0,0.98354876
0.0,0.16554493
0.0,0.16575363
1.0,0.50941074
0.0,0.7339166
0.0,0.006599337
0.0,0.6728426
1.0,0.7240956
1.0,0.96842784
0.0,0.0044195354
0.0,0.074626684
1.0,0.5898171
0.0,0.7746301
1.0,0.103556484
0.0,0.134273
1.0,0.07878727
0.0,0.7143364
0.0,0.05322501
0.0,0.6735296
0.0,0.019332767
0.0,0.13613197
1.0,0.043766588
0.0,0.3681326
1.0,0.90551996
0.0,0.03267625
1.0,0.4298277
0.0,0.010033637
0.0,0.008071572
0.0,0.04969108
0.0,0.037595958
0.0,0.18651032
0.0,0.09505001
0.0,0.10169819
0.0,0.07604709
1.0,0.97241175
0.0,0.025811285
0.0,0.05417177
1.0,0.8615805
1.0,0.47591564
0.0,0.028867394
0.0,0.08173871
1.0,0.7066355
0.0,0.23440292
1.0,0.07438877
1.0,0.944234
1.0,0.7470616
1.0,0.6873687
0.0,0.050003737
0.0,0.005556017
1.0,0.19524083
0.0,0.24942365
1.0,0.98717403
1.0,0.73527384
1.0,0.9863135
0.0,0.15529862
0.0,0.00945124
0.0,0.15904126
0.0,0.04298541
1.0,0.22902995
1.0,0.9329404
0.0,0.081460714
0.0,0.20554125
0.0,0.096625745
0.0,0.29436222
1.0,0.04685408
1.0,0.733929
1.0,0.97698504
0.0,0.9252306
1.0,0.49679756
1.0,0.8161807
1.0,0.27582043
1.0,0.9534238
0.0,0.3376304
0.0,0.8621088
0.0,0.75804454
0.0,0.0138916075
1.0,0.8920772
1.0,0.9907154
1.0,0.9283141
1.0,0.91545177
0.0,0.051962227
0.0,0.007475227
0.0,0.037070602
0.0,0.049271703
1.0,0.90783864
0.0,0.2515673
0.0,0.026969224
0.0,0.11856258
0.0,0.013616413
1.0,0.68563503
1.0,0.7334915
1.0,0.9700921
0.0,0.09066397
0.0,0.113520175
1.0,0.72775054
1.0,0.9938358
0.0,0.051483482
1.0,0.93356466
0.0,0.86045945
1.0,0.99670124
1.0,0.99531615
1.0,0.6540401
0.0,0.039375603
0.0,0.120789945
1.0,0.9936986
0.0,0.08604348
0.0,0.27763596
1.0,0.99308133
0.0,0.042249978
0.0,0.041051477
0.0,0.10821888
1.0,0.3454911
0.0,0.53772444
0.0,0.42628914
1.0,0.63868195
0.0,0.59668463
0.0,0.042868674
0.0,0.038301915
0.0,0.265261
1.0,0.7715061
0.0,0.91842896
0.0,0.023216248
0.0,0.00457114
1.0,0.16643327
0.0,0.046734214
0.0,0.008613318
1.0,0.8296206
0.0,0.3773982
0.0,0.014113516
1.0,0.9885256
1.0,0.9102043
0.0,0.00420627
1.0,0.32450902
1.0,0.26732713
0.0,0.5901817
0.0,0.6350608
1.0,0.6801853
1.0,0.7823444
0.0,0.015337467
1.0,0.21963707
1.0,0.17469838
1.0,0.2123715
0.0,0.19252738
1.0,0.11237791
0.0,0.031337768
1.0,0.8411045
0.0,0.004566759
1.0,0.9438298
0.0,0.7929917
0.0,0.12466651
1.0,0.68185264
0.0,0.057354808
1.0,0.94670534
1.0,0.7872367
1.0,0.97014606
1.0,0.63983506
0.0,0.03948486
1.0,0.033706427
0.0,0.5059968
0.0,0.011481345
0.0,0.035978347
0.0,0.03192848
1.0,0.979329
0.0,0.015837938
0.0,0.5002674
0.0,0.6318465
0.0,0.5908681
1.0,0.92045504
0.0,0.33959514
0.0,0.011821002
0.0,0.07515535
0.0,0.7495477
1.0,0.7908331
0.0,0.009788245
1.0,0.96121037
1.0,0.98629755
0.0,0.80264044
0.0,0.007138163
0.0,0.007840037
1.0,0.95283127
0.0,0.045538366
1.0,0.052519917
1.0,0.7850824
1.0,0.97294676
0.0,0.8123233
0.0,0.36699468
0.0,0.01145491
0.0,0.7157687
0.0,0.025642335
0.0,0.010522157
0.0,0.24047443
1.0,0.6047659
0.0,0.27052844
1.0,0.8946631
0.0,0.15199277
1.0,0.90710366
1.0,0.96311986
1.0,0.5280729
1.0,0.8856452
0.0,0.23050228
0.0,0.97337997
0.0,0.031832784
1.0,0.7545519
1.0,0.9682047
0.0,0.01427269
1.0,0.27239984
1.0,0.9612155
1.0,0.80628955
1.0,0.2068724
0.0,0.60532296
0.0,0.037052453
1.0,0.93142766
0.0,0.02513215
0.0,0.1215322
1.0,0.9876883
0.0,0.015431464
0.0,0.6815754
0.0,0.13153195
0.0,0.008671582
0.0,0.07315454
1.0,0.99322784
0.0,0.011755884
0.0,0.37094283
1.0,0.13637158
0.0,0.04142338
1.0,0.97029185
0.0,0.2675446
0.0,0.01658693
0.0,0.0129419565
0.0,0.21446806
1.0,0.7547263
0.0,0.2649504
0.0,0.11139482
1.0,0.8875779
1.0,0.8952197
0.0,0.035518825
0.0,0.014216632
0.0,0.016089797
1.0,0.5032176
0.0,0.0719738
1.0,0.9362565
1.0,0.86725533
1.0,0.48593572
1.0,0.9727633
1.0,0.9046415
0.0,0.9385407
1.0,0.88962245
1.0,0.9914334
0.0,0.0063890517
0.0,0.009381115
0.0,0.020238876
1.0,0.8382801
0.0,0.017479986
0.0,0.01899162
0.0,0.06681448
1.0,0.9842478
0.0,0.04951161
1.0,0.97126925
0.0,0.16055325
0.0,0.50923365
0.0,0.059346706
0.0,0.050426275
0.0,0.018318057
1.0,0.7139902
1.0,0.98896736
0.0,0.032838076
0.0,0.060527116
1.0,0.44936046
0.0,0.0034751296
1.0,0.9907799
0.0,0.035158575
0.0,0.015937597
0.0,0.029922128
1.0,0.9799187
1.0,0.8813797
0.0,0.034636825
0.0,0.14883453
1.0,0.7611822
0.0,0.048050314
0.0,0.009804308
1.0,0.9337636
1.0,0.9951866
1.0,0.8766729
0.0,0.023798108
1.0,0.96863043
1.0,0.9522009
0.0,0.19775298
0.0,0.01795435
0.0,0.011214107
0.0,0.044473976
0.0,0.00587219
0.0,0.028147489
1.0,0.5887625
1.0,0.7690697
0.0,0.082609594
0.0,0.0299474
0.0,0.06298092
0.0,0.09857574
1.0,0.9687145
0.0,0.9677874
0.0,0.051597595
0.0,0.78417516
0.0,0.97911334
1.0,0.06656939
0.0,0.0057950914
0.0,0.8219099
1.0,0.9770936
0.0,0.040899903
0.0,0.10024914
0.0,0.031110525
0.0,0.012764245
1.0,0.83821154
1.0,0.935011
0.0,0.041683525
0.0,0.971164
0.0,0.007265717
0.0,0.9681943
0.0,0.93230355
0.0,0.3146115
0.0,0.007129103
0.0,0.1404762
1.0,0.011280119
0.0,0.029325604
1.0,0.31124735
0.0,0.7466511
0.0,0.0035109222
0.0,0.072140634
0.0,0.16221339
0.0,0.1269581
0.0,0.038884223
1.0,0.9875467
0.0,0.006109774
0.0,0.66148484
0.0,0.06280309
1.0,0.75662595
1.0,0.94319963
0.0,0.039391726
0.0,0.44315475
0.0,0.005678147
1.0,0.99629307
1.0,0.6655632
1.0,0.98662233
0.0,0.095096886
1.0,0.99232864
0.0,0.040391147
0.0,0.0059433877
0.0,0.018425554
1.0,0.028313369
0.0,0.0051463246
0.0,0.008205563
1.0,0.9962328
1.0,0.3318971
0.0,0.015481681
1.0,0.9969303
0.0,0.030384302
1.0,0.77041864
0.0,0.09804371
1.0,0.963585
0.0,0.97788334
0.0,0.2679293
1.0,0.9008335
0.0,0.008924365
0.0,0.09683502
0.0,0.021632075
0.0,0.020701349
0.0,0.055120558
0.0,0.01779443
1.0,0.8672261
1.0,0.8547548
0.0,0.50876135
0.0,0.034256786
0.0,0.02132678
0.0,0.07507914
1.0,0.99414814
0.0,0.017777145
0.0,0.065464824
0.0,0.82276917
0.0,0.19340283
0.0,0.0048621893
1.0,0.9634707
1.0,0.93405604
0.0,0.005739808
0.0,0.012775958
0.0,0.027227193
0.0,0.0066705644
1.0,0.79859257
0.0,0.8031385
0.0,0.03460613
0.0,0.017636597
1.0,0.9351225
0.0,0.015369028
0.0,0.29807165
1.0,0.973632
0.0,0.015235573
0.0,0.23996207
1.0,0.80372983
1.0,0.7210221
1.0,0.95743
0.0,0.0041935444
0.0,0.008410484
0.0,0.24861452
0.0,0.017322063
1.0,0.4532244
0.0,0.17450875
1.0,0.20689261
0.0,0.00846374
0.0,0.011065543
0.0,0.12560505
1.0,0.9862227
0.0,0.805505
0.0,0.09550774
0.0,0.42482588
1.0,0.7137198
0.0,0.026803792
0.0,0.33454156
0.0,0.006314218
1.0,0.09133163
0.0,0.013663977
0.0,0.0047916174
1.0,0.111937374
1.0,0.9864663
0.0,0.004629016
1.0,0.99688435
1.0,0.994521
1.0,0.9386697
1.0,0.8906234
0.0,0.050810486
1.0,0.9020284
0.0,0.99728227
1.0,0.05571592
0.0,0.014063984
1.0,0.3956922
0.0,0.8381102
1.0,0.2062493
1.0,0.9957084
1.0,0.7387652
0.0,0.010018885
0.0,0.7550646
0.0,0.8040424
0.0,0.013606548
0.0,0.03606066
0.0,0.18996629
1.0,0.99527663
1.0,0.99028206
1.0,0.21368533
0.0,0.008287311
0.0,0.017158628
0.0,0.03555882
0.0,0.65538967
1.0,0.031153202
0.0,0.06787196
0.0,0.02518019
0.0,0.03922212
0.0,0.3152538
1.0,0.8924717
0.0,0.6934816
0.0,0.88209087
0.0,0.281164
1.0,0.42042288
0.0,0.039929032
0.0,0.44718695
1.0,0.25314206
0.0,0.1868465
1.0,0.17439565
0.0,0.02046606
0.0,0.3304647
0.0,0.0069239438
0.0,0.03024745
0.0,0.005988151
1.0,0.92422235
0.0,0.073531
0.0,0.07843512
1.0,0.99143946
1.0,0.9797131
0.0,0.19983438
1.0,0.029864132
0.0,0.14871243
0.0,0.05172059
1.0,0.97765577
0.0,0.0047113
0.0,0.16932216
0.0,0.029165298
0.0,0.013154954
1.0,0.99246824
1.0,0.96563816
1.0,0.7512164
1.0,0.985615
0.0,0.013967186
0.0,0.03697732
0.0,0.043845743
1.0,0.9793073
0.0,0.012781471
0.0,0.03522536
1.0,0.97286063
1.0,0.5072201
1.0,0.92481446
0.0,0.0067783
0.0,0.3216406
0.0,0.6012678
1.0,0.9937591
1.0,0.9729109
1.0,0.9518659
0.0,0.21949598
0.0,0.00434348
0.0,0.0049799085
1.0,0.86538684
1.0,0.16517562
0.0,0.2519596
1.0,0.9682554
1.0,0.5607554
1.0,0.969579
1.0,0.48933908
0.0,0.20160106
0.0,0.034272224
1.0,0.50695765
1.0,0.71947205
0.0,0.03571382
0.0,0.029145151
0.0,0.016931295
0.0,0.019179136
0.0,0.035491496
0.0,0.6865109
0.0,0.0183523
0.0,0.06629279
1.0,0.90138865
1.0,0.777917
0.0,0.87215954
1.0,0.9804449
0.0,0.008883178
1.0,0.9465573
0.0,0.25786138
1.0,0.98743725
0.0,0.00564754
0.0,0.009168118
0.0,0.009620339
0.0,0.5358517
1.0,0.12910506
1.0,0.99141175
0.0,0.051329732
0.0,0.07202706
1.0,0.24651295
0.0,0.054008663
1.0,0.98723495
1.0,0.7479583
0.0,0.01574424
0.0,0.027257115
0.0,0.27831304
0.0,0.9970404
0.0,0.84700495
0.0,0.012064099
0.0,0.4546928
0.0,0.028210819
1.0,0.9774252
1.0,0.9642155
1.0,0.8789104
1.0,0.85346293
0.0,0.013903469
0.0,0.71457046
1.0,0.8857348
0.0,0.3869686
0.0,0.017995924
0.0,0.03797695
1.0,0.34606457
1.0,0.22422954
0.0,0.010531485
1.0,0.9595107
1.0,0.9907938
0.0,0.006108463
0.0,0.018083006
1.0,0.96931493
0.0,0.023709416
0.0,0.9434205
0.0,0.0036803186
0.0,0.030352145
1.0,0.0728918
0.0,0.021737933
0.0,0.011223137
0.0,0.27362758
1.0,0.23420492
0.0,0.011410624
0.0,0.06564915
1.0,0.85296285
0.0,0.012544036
0.0,0.17947683
0.0,0.96082
1.0,0.9895798
1.0,0.59470326
1.0,0.13893947
0.0,0.04116097
0.0,0.2943573
1.0,0.33317158
0.0,0.012200177
0.0,0.005234629
0.0,0.080159634
0.0,0.024495453
1.0,0.46912962
0.0,0.222597
0.0,0.8732003
1.0,0.76500094
0.0,0.03766358
0.0,0.032913715
0.0,0.80879295
0.0,0.21797967
1.0,0.8495156
1.0,0.98850036
0.0,0.40588087
1.0,0.76835346
0.0,0.023152977
0.0,0.026624292
0.0,0.0067216754
1.0,0.4802849
0.0,0.0066645145
0.0,0.028497934
1.0,0.95589364
1.0,0.7552655
1.0,0.8674517
0.0,0.6822288
1.0,0.9446693
1.0,0.88449204
0.0,0.0041240156
0.0,0.9132122
0.0,0.6723177
1.0,0.4642626
0.0,0.029125363
0.0,0.2381342
0.0,0.027521998
0.0,0.044109523
0.0,0.021744281
0.0,0.063257426
0.0,0.21235129
0.0,0.80929327
0.0,0.31325448
1.0,0.68524414
1.0,0.774621
1.0,0.7422715
0.0,0.013009101
1.0,0.9969622
0.0,0.20700851
0.0,0.037507266
1.0,0.96703935
0.0,0.20173576
0.0,0.01697141
0.0,0.20291549
0.0,0.020213276
0.0,0.16192031
0.0,0.84897304
0.0,0.042406052
1.0,0.9311775
0.0,0.005716294
0.0,0.013341874
0.0,0.008199215
1.0,0.9524055
1.0,0.95885843
0.0,0.78425324
1.0,0.7359933
0.0,0.025493562
1.0,0.22575146
0.0,0.013304174
0.0,0.015998006
1.0,0.039362907
0.0,0.004911989
0.0,0.016900778
1.0,0.48417273
0.0,0.045025736
1.0,0.026213855
0.0,0.22089323
0.0,0.013889521
1.0,0.9301965
0.0,0.017166883
0.0,0.40218896
0.0,0.7966758
0.0,0.014647365
0.0,0.0035442114
1.0,0.9187585
0.0,0.0054761767
0.0,0.09185031
0.0,0.046835393
1.0,0.64716494
0.0,0.96256924
0.0,0.038606167
1.0,0.75027156
0.0,0.01308465
0.0,0.0069442987
0.0,0.047965884
0.0,0.090717494
1.0,0.3234297
0.0,0.023713082
0.0,0.0064423084
0.0,0.014541745
0.0,0.0069493353
0.0,0.6791002
1.0,0.98319584
1.0,0.65977407
0.0,0.015876532
1.0,0.9520655
0.0,0.02526009
0.0,0.014825642
0.0,0.037077278
0.0,0.08310354
1.0,0.96742636
0.0,0.02654627
0.0,0.016236335
0.0,0.10471296
0.0,0.09833467
0.0,0.20238882
0.0,0.016605943
0.0,0.004919082
0.0,0.011461198
0.0,0.005827427
0.0,0.9742008
1.0,0.42942008
0.0,0.034154326
0.0,0.016896784
0.0,0.01439783
1.0,0.9972936
0.0,0.072366506
1.0,0.8845965
0.0,0.100126415
0.0,0.030770868
0.0,0.17462742
1.0,0.98521173
1.0,0.9973203
1.0,0.9594817
1.0,0.5285694
0.0,0.29939815
0.0,0.010857254
1.0,0.99074113
1.0,0.96200615
0.0,0.020682871
0.0,0.0472582
0.0,0.8214139
1.0,0.9840665
0.0,0.025769979
0.0,0.008014202
0.0,0.0384517
0.0,0.03557381
1.0,0.53720737
1.0,0.97068334
0.0,0.0049248636
1.0,0.52080566
0.0,0.03410679
0.0,0.046283305
0.0,0.009074986
0.0,0.020891964
0.0,0.019361973
1.0,0.9166508
0.0,0.005962789
0.0,0.054219335
0.0,0.83618635
0.0,0.094402015
0.0,0.79193044
1.0,0.9938114
0.0,0.023085713
0.0,0.018024236
1.0,0.92152536
0.0,0.3960648
0.0,0.01079309
1.0,0.97239804
1.0,0.773366
0.0,0.07792163
1.0,0.895422
0.0,0.18934566
1.0,0.7172964
1.0,0.99849516
0.0,0.12617594
1.0,0.95604146
0.0,0.04225269
0.0,0.05266702
0.0,0.46862525
0.0,0.4144618
0.0,0.03985414
0.0,0.015095413
0.0,0.43184382
1.0,0.958179
0.0,0.09672597
0.0,0.03545165
0.0,0.3947124
0.0,0.3299281
1.0,0.9558424
0.0,0.016934067
0.0,0.6426489
0.0,0.023986459
0.0,0.014780253
0.0,0.013797283
0.0,0.96895206
1.0,0.095657796
0.0,0.12849987
1.0,0.84259164
0.0,0.0068041086
1.0,0.1663174
0.0,0.06654078
0.0,0.08642429
0.0,0.033216715
0.0,0.7686578
0.0,0.48131433
0.0,0.04583627
0.0,0.17552683
0.0,0.013832331
0.0,0.51197046
0.0,0.9325831
1.0,0.97934353
0.0,0.55105
0.0,0.018151343
1.0,0.99642324
0.0,0.009900153
0.0,0.009044111
0.0,0.005072713
1.0,0.8056873
1.0,0.5587036
1.0,0.6130826
1.0,0.9794878
0.0,0.12240893
1.0,0.91912794
0.0,0.19404238
1.0,0.613707
0.0,0.23144001
0.0,0.9647443
0.0,0.1778282
0.0,0.010386169
0.0,0.048749685
1.0,0.9702153
1.0,0.2920193
0.0,0.9941871
1.0,0.66474986
0.0,0.012347788
1.0,0.97644484
0.0,0.025510758
0.0,0.023082823
0.0,0.9539448
0.0,0.43772012
0.0,0.087280005
0.0,0.00597471
1.0,0.9981761
0.0,0.0042150915
1.0,0.99571294
1.0,0.90902346
1.0,0.9764234
0.0,0.0062556267
0.0,0.9891404
0.0,0.013085604
0.0,0.17746449
0.0,0.27567053
1.0,0.27945954
0.0,0.22789535
0.0,0.10414818
0.0,0.08171931
0.0,0.016183197
0.0,0.007202089
0.0,0.09221771
0.0,0.7908996
0.0,0.014553219
0.0,0.81719255
1.0,0.991838
0.0,0.47958428
0.0,0.025915712
0.0,0.009116888
0.0,0.009258479
1.0,0.86973006
0.0,0.55614114
1.0,0.9864544
0.0,0.57440674
1.0,0.9978746
1.0,0.9752302
0.0,0.012078017
0.0,0.093814164
0.0,0.031247258
0.0,0.2069251
0.0,0.04428765
0.0,0.6410068
1.0,0.9833117
0.0,0.01730907
1.0,0.73280835
0.0,0.51692533
0.0,0.012029946
0.0,0.030542701
1.0,0.97304857
0.0,0.014698476
1.0,0.99692565
0.0,0.0075703263
0.0,0.038073152
0.0,0.6304486
0.0,0.5537349
0.0,0.1679121
0.0,0.018898487
1.0,0.6799895
1.0,0.89221835
0.0,0.12684095
0.0,0.0508734
0.0,0.050514758
1.0,0.97315085
0.0,0.030632883
1.0,0.29509708
0.0,0.06535098
1.0,0.8613257
1.0,0.9359776
0.0,0.03139493
0.0,0.039191723
0.0,0.011063635
1.0,0.9246428
0.0,0.3436141
0.0,0.8694892
1.0,0.9655024
1.0,0.27032363
0.0,0.80255234
0.0,0.024697423
1.0,0.9829209
0.0,0.017065972
0.0,0.016002417
0.0,0.011972219
1.0,0.65873086
0.0,0.07104629
0.0,0.050497264
1.0,0.9557964
1.0,0.74061894
0.0,0.39343974
0.0,0.01519832
0.0,0.015920252
1.0,0.95176244
1.0,0.98827684
1.0,0.7309771
0.0,0.06723541
0.0,0.0071020126
0.0,0.013459295
0.0,0.0043549836
1.0,0.89204127
0.0,0.0064709783
0.0,0.6826485
0.0,0.17959645
0.0,0.52510387
0.0,0.22301206
0.0,0.015375346
0.0,0.21933016
0.0,0.048187524
0.0,0.012806594
1.0,0.26277888
1.0,0.89788544
0.0,0.74818826
0.0,0.160296
1.0,0.03435281
0.0,0.008390307
1.0,0.933514
0.0,0.028665036
0.0,0.024625689
1.0,0.94313383
1.0,0.9880981
0.0,0.30277967
0.0,0.054997027
1.0,0.32803118
0.0,0.16510203
0.0,0.12984431
0.0,0.9943705
0.0,0.04145515
1.0,0.8843585
1.0,0.22091952
0.0,0.22403705
0.0,0.0055867136
0.0,0.055684924
1.0,0.91676265
0.0,0.011684269
1.0,0.3375165
0.0,0.035145044
1.0,0.84581137
1.0,0.6582239
0.0,0.6866835
1.0,0.25273547
0.0,0.6067689
0.0,0.011172801
1.0,0.989171
1.0,0.2387169
0.0,0.038640648
0.0,0.29729706
0.0,0.6860606
0.0,0.89761114
1.0,0.9590088
0.0,0.08013013
0.0,0.33775902
0.0,0.010349005
1.0,0.97750187
0.0,0.046358824
0.0,0.8220288
1.0,0.96608686
0.0,0.0048218966
0.0,0.86408806
0.0,0.04466334
1.0,0.45008495
0.0,0.15544239
1.0,0.97824526
0.0,0.01909098
1.0,0.041118294
1.0,0.58782315
1.0,0.9787873
1.0,0.86980563
0.0,0.009533107
1.0,0.38757804
0.0,0.021579385
1.0,0.9918045
1.0,0.81330496
0.0,0.21850792
1.0,0.80446935
0.0,0.004893273
1.0,0.6345637
1.0,0.41762018
0.0,0.044734806
0.0,0.9731775
1.0,0.99838233
1.0,0.18832183
0.0,0.13081458
0.0,0.398726
0.0,0.003990501
0.0,0.01491335
0.0,0.55132616
1.0,0.9182431
1.0,0.97058535
1.0,0.47995117
1.0,0.75683725
1.0,0.9975767
1.0,0.9877949
0.0,0.60041165
1.0,0.9511323
0.0,0.010499775
0.0,0.0418424
0.0,0.13065201
1.0,0.042323858
1.0,0.6896393
0.0,0.031587005
0.0,0.034117103
0.0,0.91027355
1.0,0.7786587
1.0,0.12120071
1.0,0.8821431
0.0,0.007503718
0.0,0.98031425
0.0,0.10430038
0.0,0.14038017
0.0,0.047548115
0.0,0.020182282
1.0,0.98798287
1.0,0.9146955
0.0,0.03442934
0.0,0.03268525
0.0,0.79708433
0.0,0.7500671
0.0,0.68862134
0.0,0.22765225
0.0,0.8131826
1.0,0.7696417
0.0,0.11447173
1.0,0.9349861
0.0,0.008343309
0.0,0.86213124
0.0,0.0701614
0.0,0.68124294
1.0,0.97841007
1.0,0.8436136
1.0,0.75208145
1.0,0.80995035
0.0,0.0045898855
0.0,0.3714165
1.0,0.5633068
1.0,0.9104744
0.0,0.28323153
0.0,0.019394815
0.0,0.08085221
1.0,0.7090523
0.0,0.016796052
1.0,0.042296857
0.0,0.025018424
0.0,0.07283172
0.0,0.03268656
0.0,0.024552315
0.0,0.11919135
0.0,0.050526887
0.0,0.14481446
1.0,0.98607427
0.0,0.009862989
0.0,0.6424042
0.0,0.018535078
1.0,0.49203166
0.0,0.05214995
1.0,0.99442255
0.0,0.02271679
0.0,0.013210714
0.0,0.013084441
0.0,0.08835316
0.0,0.024981529
0.0,0.022631586
1.0,0.9674697
0.0,0.13071215
1.0,0.81663996
1.0,0.97824943
0.0,0.03876254
0.0,0.033501238
1.0,0.95468926
1.0,0.9980837
0.0,0.41556972
0.0,0.42953432
0.0,0.103441685
0.0,0.080280155
0.0,0.018100977
1.0,0.3211146
0.0,0.037618846
1.0,0.63708234
1.0,0.4675996
0.0,0.9773243
0.0,0.061565638
0.0,0.015820831
0.0,0.0170556
0.0,0.90758854
0.0,0.013975948
0.0,0.01311335
0.0,0.81566143
1.0,0.8316598
1.0,0.7284478
0.0,0.03287548
0.0,0.035539508
0.0,0.12690252
1.0,0.94377065
0.0,0.0053927004
0.0,0.02297157
1.0,0.5985132
1.0,0.9829639
0.0,0.23972142
0.0,0.061338276
0.0,0.028885543
1.0,0.9734998
0.0,0.03324443
1.0,0.9797653
1.0,0.77585506
0.0,0.011343241
0.0,0.064006835
0.0,0.02238828
1.0,0.6407628
0.0,0.06638339
1.0,0.7359177
0.0,0.010594368
1.0,0.72228444
0.0,0.05438757
0.0,0.0440374
0.0,0.014170617
1.0,0.99512255
0.0,0.8227544
1.0,0.99433327
1.0,0.96709454
0.0,0.015321851
1.0,0.2295489
0.0,0.053678542
1.0,0.32534432
0.0,0.009214044
1.0,0.9538065
0.0,0.0054326355
1.0,0.82203496
1.0,0.9845971
1.0,0.99162275
0.0,0.018786013
1.0,0.9505584
1.0,0.40655243
0.0,0.022141874
1.0,0.9515523
1.0,0.42014447
1.0,0.06735551
0.0,0.12442007
0.0,0.016424078
0.0,0.9856801
0.0,0.08193904
