0.0,0.1377826
0.0,0.82645273
1.0,0.28564185
0.0,0.080770224
1.0,0.52762556
0.0,0.020540863
1.0,0.9555198
1.0,0.66191244
1.0,0.70827556
0.0,0.0041454732
0.0,0.27003202
1.0,0.9341542
0.0,0.0077523887
0.0,0.08144149
0.0,0.028093308
0.0,0.0020581782
1.0,0.14048168
0.0,0.025811434
0.0,0.009626985
1.0,0.68985355
1.0,0.7229872
0.0,0.0039260983
1.0,0.9550178
0.0,0.024531096
0.0,0.0063134134
1.0,0.7041124
0.0,0.03757447
1.0,0.9014472
0.0,0.017299354
1.0,0.8765007
0.0,0.01182422
0.0,0.25284755
1.0,0.9383093
1.0,0.989782
1.0,0.887789
1.0,0.97763866
1.0,0.491207
0.0,0.020784557
1.0,0.9448086
1.0,0.023068279
1.0,0.96505797
1.0,0.9822646
0.0,0.010451615
1.0,0.97133964
1.0,0.86637086
0.0,0.032345593
0.0,0.0023401678
0.0,0.076885164
0.0,0.014454991
1.0,0.9921427
0.0,0.2714366
1.0,0.79771364
1.0,0.9799398
1.0,0.69297236
0.0,0.010389358
0.0,0.004633516
0.0,0.034798443
1.0,0.038928837
1.0,0.6433325
1.0,0.14274028
1.0,0.9892547
0.0,0.4063041
1.0,0.9863052
1.0,0.89038885
1.0,0.9805036
0.0,0.22575009
0.0,0.0751389
1.0,0.97489494
0.0,0.011298418
1.0,0.93862176
0.0,0.2582417
1.0,0.93460506
0.0,0.0014029443
0.0,0.051339418
1.0,0.4837758
0.0,0.0738537
0.0,0.007041186
0.0,0.29834795
0.0,0.0064049363
1.0,0.9356871
0.0,0.019714206
1.0,0.9805922
1.0,0.9730911
1.0,0.99792266
1.0,0.98290354
1.0,0.83388835
1.0,0.98652077
0.0,0.14360848
0.0,0.021718651
1.0,0.7432869
0.0,0.0033435822
1.0,0.15654004
0.0,0.00896275
0.0,0.7540251
0.0,0.29866248
1.0,0.9601477
0.0,0.017948478
0.0,0.026417285
1.0,0.50500375
1.0,0.9856657
0.0,0.008797467
0.0,0.04165563
1.0,0.018026948
0.0,0.13977349
0.0,0.10682893
1.0,0.8727975
1.0,0.020845711
0.0,0.023995817
1.0,0.009583026
1.0,0.9896324
1.0,0.9552182
0.0,0.048473
1.0,0.029296666
0.0,0.035230786
0.0,0.023068666
1.0,0.6847854
0.0,0.018825352
1.0,0.26399416
1.0,0.55507183
1.0,0.97575927
0.0,0.21774596
1.0,0.9908321
0.0,0.956447
0.0,0.0138053
0.0,0.24474591
1.0,0.38869256
0.0,0.006100476
0.0,0.07406473
1.0,0.95977145
1.0,0.7574756
1.0,0.986724
0.0,0.02415198
0.0,0.01463753
1.0,0.27346146
1.0,0.9813448
0.0,0.80105793
0.0,0.013357967
0.0,0.013492882
0.0,0.046514034
0.0,0.023585469
1.0,0.6855164
0.0,0.1150797
1.0,0.06665757
0.0,0.008733779
0.0,0.006475866
0.0,0.0014523864
1.0,0.1975945
0.0,0.0096774995
0.0,0.014856786
0.0,0.020267665
0.0,0.07932225
0.0,0.00415951
0.0,0.009972155
0.0,0.9093039
0.0,0.13389808
1.0,0.9666859
0.0,0.002780199
0.0,0.005569041
1.0,0.9946774
0.0,0.014044315
0.0,0.14936042
0.0,0.030394614
0.0,0.015757352
0.0,0.14090025
1.0,0.9966366
0.0,0.0989005
1.0,0.90253365
0.0,0.052506298
0.0,0.0046007335
1.0,0.7340444
0.0,0.9557977
0.0,0.96654797
0.0,0.957167
0.0,0.0014334321
1.0,0.72130966
1.0,0.9001456
0.0,0.046228737
1.0,0.7149755
0.0,0.3841712
1.0,0.96431565
1.0,0.77139544
1.0,0.9784443
1.0,0.97862434
1.0,0.9833982
0.0,0.85236335
0.0,0.0021906495
0.0,0.009302825
0.0,0.9866805
0.0,0.07366431
0.0,0.034362346
1.0,0.2060656
0.0,0.0015594065
0.0,0.80650306
1.0,0.97480047
1.0,0.7084197
1.0,0.9949535
0.0,0.0056558847
0.0,0.030773312
0.0,0.0046806335
1.0,0.061878115
0.0,0.30227268
0.0,0.11244547
0.0,0.70166
0.0,0.3890832
0.0,0.12677315
1.0,0.048508972
0.0,0.022551715
1.0,0.1498363
0.0,0.0019683242
0.0,0.03508255
0.0,0.0048669577
1.0,0.94866866
0.0,0.03509307
0.0,0.055745274
0.0,0.023775727
0.0,0.007471174
0.0,0.8725076
0.0,0.23151267
1.0,0.9923626
0.0,0.010979861
0.0,0.0070284307
1.0,0.21883214
1.0,0.9889678
0.0,0.1969401
0.0,0.015988916
0.0,0.0020072758
0.0,0.06759226
0.0,0.018237442
0.0,0.11461097
1.0,0.97039735
0.0,0.06258789
1.0,0.2960394
0.0,0.008221626
1.0,0.23790056
1.0,0.4537843
0.0,0.028066069
0.0,0.039096266
0.0,0.020817578
1.0,0.8874061
1.0,0.76991427
1.0,0.9863602
1.0,0.7919107
0.0,0.019709796
0.0,0.8589675
1.0,0.98463076
0.0,0.4594024
0.0,0.004337162
0.0,0.00961861
0.0,0.10025418
0.0,0.07893291
0.0,0.023539186
0.0,0.092309415
1.0,0.48893842
0.0,0.02449134
0.0,0.06724158
0.0,0.032265812
1.0,0.880301
1.0,0.9713009
0.0,0.01901263
0.0,0.2141689
0.0,0.023697257
1.0,0.9854405
0.0,0.039397717
0.0,0.0017780066
0.0,0.026618063
0.0,0.011866748
1.0,0.9872085
1.0,0.91263795
1.0,0.98292625
0.0,0.01335004
1.0,0.9362515
0.0,0.024494588
0.0,0.033566475
0.0,0.47035763
1.0,0.9564572
1.0,0.42648804
0.0,0.0037392378
0.0,0.021518469
1.0,0.8687973
1.0,0.31003213
0.0,0.017354995
1.0,0.057291478
1.0,0.9853779
0.0,0.7236402
0.0,0.13969386
0.0,0.052027553
0.0,0.021010697
0.0,0.37462848
0.0,0.021135211
1.0,0.9883971
0.0,0.011392295
0.0,0.017897367
1.0,0.99648273
0.0,0.0066739917
1.0,0.96255696
1.0,0.020341814
1.0,0.92466354
1.0,0.8794296
1.0,0.9765841
0.0,0.039658904
1.0,0.9442054
0.0,0.8367652
1.0,0.9950999
0.0,0.49230152
0.0,0.24142891
0.0,0.02058062
0.0,0.040469438
0.0,0.30147016
1.0,0.98393583
0.0,0.96534157
1.0,0.8179529
0.0,0.8706217
1.0,0.7767285
1.0,0.98325133
0.0,0.016694486
0.0,0.007831186
0.0,0.01663956
1.0,0.9500842
1.0,0.13009015
0.0,0.0019263923
0.0,0.0015077591
0.0,0.007193476
0.0,0.02103582
1.0,0.9393542
1.0,0.7405317
0.0,0.025078773
0.0,0.056934804
1.0,0.7711327
1.0,0.98660237
1.0,0.28033972
0.0,0.045329362
0.0,0.78717
0.0,0.0040183067
0.0,0.70399785
1.0,0.982288
1.0,0.85169363
0.0,0.029766113
0.0,0.03053689
0.0,0.0051693916
0.0,0.5054781
0.0,0.0039682686
0.0,0.17677009
1.0,0.428186
0.0,0.15372196
0.0,0.020947367
0.0,0.053823918
0.0,0.36051047
0.0,0.84610534
0.0,0.020571262
0.0,0.004719287
1.0,0.4367027
0.0,0.029316515
1.0,0.7624202
0.0,0.0027956963
0.0,0.15524754
0.0,0.17897901
0.0,0.0015984774
0.0,0.98167956
1.0,0.55801064
1.0,0.9265598
0.0,0.71753657
1.0,0.8634374
0.0,0.008626282
0.0,0.3049556
0.0,0.38843998
0.0,0.35415035
0.0,0.017709106
0.0,0.0012457371
1.0,0.27793884
0.0,0.012510657
1.0,0.981657
0.0,0.07794669
1.0,0.39359707
0.0,0.16190797
1.0,0.045107156
1.0,0.95197046
1.0,0.97089946
0.0,0.0033382475
0.0,0.021010906
1.0,0.9611914
0.0,0.025515705
0.0,0.02250442
1.0,0.014811814
1.0,0.9859172
0.0,0.1983693
1.0,0.9766325
1.0,0.98738056
0.0,0.73164606
0.0,0.021020979
0.0,0.39303264
0.0,0.024817318
0.0,0.0145125985
0.0,0.04426682
1.0,0.97781837
0.0,0.096880645
1.0,0.89025426
1.0,0.22823259
0.0,0.01229763
0.0,0.07701802
0.0,0.8471928
1.0,0.98352504
1.0,0.9662093
1.0,0.41954228
0.0,0.2011061
1.0,0.9754344
1.0,0.8962755
0.0,0.0019835234
0.0,0.19394282
0.0,0.8732243
0.0,0.86743927
1.0,0.9649608
0.0,0.025765538
1.0,0.33172804
0.0,0.7858331
0.0,0.042546004
0.0,0.018807411
0.0,0.010558665
0.0,0.014456302
0.0,0.019489974
0.0,0.019185036
0.0,0.012049198
0.0,0.023890197
0.0,0.46387398
0.0,0.120179504
0.0,0.014396578
0.0,0.27316582
0.0,0.016442955
1.0,0.690969
0.0,0.15849006
1.0,0.96220046
0.0,0.016309977
0.0,0.009494245
0.0,0.004475951
0.0,0.9172096
0.0,0.56236494
0.0,0.086423814
0.0,0.049804807
0.0,0.0015347898
0.0,0.016245782
0.0,0.01913035
0.0,0.6388253
1.0,0.9417957
0.0,0.017983675
0.0,0.011410564
0.0,0.5040392
0.0,0.03044197
1.0,0.62803173
0.0,0.85532403
1.0,0.5210284
0.0,0.003031224
0.0,0.16074559
1.0,0.9667959
0.0,0.89291036
1.0,0.83201134
1.0,0.94551253
1.0,0.9413971
1.0,0.968531
0.0,0.0040555894
1.0,0.7869834
0.0,0.006618768
0.0,0.018483967
0.0,0.061253995
1.0,0.99586415
0.0,0.0044501424
0.0,0.021343112
1.0,0.48626575
1.0,0.99708635
0.0,0.08098364
0.0,0.0022049546
1.0,0.7305485
0.0,0.056307673
1.0,0.7551923
0.0,0.42274627
0.0,0.24358433
1.0,0.89079875
0.0,0.79735136
0.0,0.0047070086
1.0,0.079035014
0.0,0.014197707
1.0,0.99113464
0.0,0.0025641024
1.0,0.453769
1.0,0.6441952
1.0,0.7755487
1.0,0.97993195
0.0,0.14137244
0.0,0.027101576
1.0,0.84836066
0.0,0.016965538
0.0,0.2931569
1.0,0.74149764
1.0,0.881007
1.0,0.9656048
0.0,0.006062001
1.0,0.9620634
1.0,0.8982023
0.0,0.13785273
1.0,0.97288775
0.0,0.4620996
1.0,0.8619201
1.0,0.93230164
0.0,0.8047546
0.0,0.53925246
1.0,0.3206094
0.0,0.25665632
1.0,0.9804702
0.0,0.9486636
0.0,0.025692523
0.0,0.87045276
1.0,0.99262446
0.0,0.0015422702
0.0,0.0046575963
0.0,0.7986356
1.0,0.3603294
0.0,0.021319449
0.0,0.003265977
0.0,0.038443297
0.0,0.75490856
1.0,0.5731827
1.0,0.92367876
0.0,0.08481255
0.0,0.6794515
0.0,0.056158543
0.0,0.055045485
0.0,0.014185071
1.0,0.96370494
0.0,0.030368775
1.0,0.97151875
0.0,0.68559456
0.0,0.1444236
1.0,0.7831533
0.0,0.012643099
0.0,0.049637526
0.0,0.022109836
0.0,0.0034032464
0.0,0.12947911
0.0,0.0018435121
0.0,0.021708429
0.0,0.026617765
1.0,0.899842
1.0,0.9873192
0.0,0.0020291507
0.0,0.024762213
1.0,0.9746446
0.0,0.010998547
1.0,0.92504543
0.0,0.22850055
0.0,0.0015043318
1.0,0.8911575
0.0,0.09052345
1.0,0.5930034
0.0,0.25979024
1.0,0.2528986
0.0,0.023858994
0.0,0.02447021
0.0,0.704422
1.0,0.98401946
0.0,0.00182724
0.0,0.0326764
0.0,0.008859396
0.0,0.9744891
1.0,0.35985672
0.0,0.011019349
0.0,0.007572174
1.0,0.9590771
1.0,0.024212092
0.0,0.12873277
1.0,0.71266437
0.0,0.028886318
0.0,0.086790144
1.0,0.9635477
1.0,0.9960835
0.0,0.32560182
1.0,0.96680677
1.0,0.980886
0.0,0.012002587
0.0,0.033962697
0.0,0.028095365
1.0,0.056269497
0.0,0.002283156
0.0,0.027320474
0.0,0.0057277083
1.0,0.9953925
1.0,0.42441127
0.0,0.0068203807
1.0,0.54501134
1.0,0.0530836
0.0,0.44145364
1.0,0.95089245
0.0,0.028348267
1.0,0.94964385
0.0,0.04837188
1.0,0.95071924
0.0,0.015293598
0.0,0.010372311
1.0,0.79264265
0.0,0.004679531
1.0,0.88499296
0.0,0.030027151
0.0,0.014120787
0.0,0.013406128
1.0,0.7888162
0.0,0.23888376
1.0,0.5743207
0.0,0.003026992
1.0,0.41031605
1.0,0.3096636
0.0,0.0027739704
1.0,0.987022
1.0,0.9759697
1.0,0.116494596
1.0,0.8780407
0.0,0.0143117905
0.0,0.011064082
0.0,0.8031916
1.0,0.9507034
1.0,0.65033406
0.0,0.012443751
0.0,0.025993198
0.0,0.10920188
1.0,0.8961215
0.0,0.32297045
1.0,0.00537467
1.0,0.968354
0.0,0.01541087
0.0,0.025554001
1.0,0.98274815
0.0,0.7731071
1.0,0.9830564
0.0,0.7096172
0.0,0.024899006
0.0,0.014214635
1.0,0.05932054
0.0,0.027183175
1.0,0.9834937
0.0,0.011051387
1.0,0.45858416
0.0,0.66481626
0.0,0.074368656
1.0,0.032805115
1.0,0.34947404
1.0,0.7334038
1.0,0.9549879
0.0,0.03875041
0.0,0.01839748
0.0,0.30381566
0.0,0.0017586052
1.0,0.95842767
1.0,0.8328022
0.0,0.002024889
0.0,0.011063695
0.0,0.0020777583
1.0,0.8451446
0.0,0.018552661
0.0,0.022020131
0.0,0.043921888
0.0,0.15420923
0.0,0.023590356
0.0,0.21507883
1.0,0.88421607
0.0,0.95776844
1.0,0.3789618
0.0,0.024591506
0.0,0.26777637
1.0,0.73318213
1.0,0.8796419
1.0,0.95329416
0.0,0.022273868
0.0,0.1865919
1.0,0.15080273
0.0,0.0024819374
0.0,0.027653903
0.0,0.17561665
1.0,0.9274001
0.0,0.025759846
0.0,0.064207345
1.0,0.9855167
0.0,0.10527599
1.0,0.9963784
1.0,0.93262947
1.0,0.98423177
0.0,0.010576904
1.0,0.9727171
1.0,0.8091049
0.0,0.037495434
1.0,0.2654101
0.0,0.011072904
0.0,0.18352854
0.0,0.06799254
0.0,0.0026842356
1.0,0.9230801
1.0,0.35274547
1.0,0.9961262
1.0,0.97509915
1.0,0.9916929
0.0,0.32401246
0.0,0.9863069
1.0,0.9778071
0.0,0.017957926
1.0,0.7231482
1.0,0.9905597
0.0,0.03479746
1.0,0.062829524
1.0,0.3349914
0.0,0.016234815
0.0,0.017261982
0.0,0.0067785084
0.0,0.019253343
1.0,0.52786297
1.0,0.98195595
0.0,0.0044472516
0.0,0.022195011
1.0,0.05820763
1.0,0.8219363
1.0,0.048229128
0.0,0.0201118
1.0,0.8421364
1.0,0.12632594
0.0,0.018813103
0.0,0.31215423
1.0,0.88893473
1.0,0.9870069
0.0,0.36474442
1.0,0.8212954
0.0,0.07938224
0.0,0.83434373
1.0,0.98427474
0.0,0.64004815
1.0,0.97760403
0.0,0.85291785
0.0,0.28613752
0.0,0.081154436
1.0,0.95278484
1.0,0.30704874
0.0,0.009006292
0.0,0.009307593
1.0,0.79155236
0.0,0.019990176
1.0,0.98473686
1.0,0.91603553
1.0,0.7813464
0.0,0.042330116
0.0,0.82842696
0.0,0.82407606
0.0,0.009826064
0.0,0.001611203
1.0,0.9971266
0.0,0.29600102
0.0,0.012878776
1.0,0.9733419
0.0,0.021468788
1.0,0.045461416
1.0,0.78635514
0.0,0.011400282
0.0,0.18097097
0.0,0.81339663
0.0,0.009162724
0.0,0.001006186
0.0,0.010609835
0.0,0.01046291
0.0,0.9333546
1.0,0.6146359
1.0,0.95884573
0.0,0.73654443
0.0,0.5069019
0.0,0.010681719
0.0,0.033121735
0.0,0.0129421055
1.0,0.032859534
0.0,0.014927477
0.0,0.0016578138
1.0,0.99600226
1.0,0.7191739
0.0,0.009549975
0.0,0.9756756
0.0,0.0015038848
0.0,0.02467966
0.0,0.0016045868
0.0,0.034651637
1.0,0.9315717
1.0,0.7865124
1.0,0.9321165
0.0,0.0023157299
1.0,0.73490465
1.0,0.95692575
0.0,0.053922117
0.0,0.0016733706
1.0,0.79151946
1.0,0.1729877
1.0,0.8950503
1.0,0.9548798
1.0,0.75542974
0.0,0.050791442
0.0,0.203424
1.0,0.3262088
0.0,0.007712662
1.0,0.95375276
0.0,0.007789433
1.0,0.6363768
0.0,0.02261743
0.0,0.127814
0.0,0.01377359
0.0,0.013607621
0.0,0.24755597
0.0,0.0022383034
0.0,0.0028355718
0.0,0.02302128
0.0,0.6413068
0.0,0.0022651851
0.0,0.0072261393
1.0,0.942037
1.0,0.760199
1.0,0.98201025
0.0,0.9787411
0.0,0.4456772
0.0,0.83720076
0.0,0.024868846
1.0,0.9889009
1.0,0.24192566
1.0,0.9386925
1.0,0.9882955
0.0,0.9117764
0.0,0.009085834
0.0,0.0053127706
1.0,0.8354243
0.0,0.012638271
1.0,0.0046346188
1.0,0.9844713
0.0,0.13539973
0.0,0.00961867
0.0,0.007085085
0.0,0.76100606
1.0,0.923491
1.0,0.9723151
0.0,0.02128157
1.0,0.9473975
1.0,0.75695026
0.0,0.61368924
0.0,0.030290067
1.0,0.31422126
0.0,0.0018086731
0.0,0.07539055
0.0,0.0030458868
0.0,0.28456822
0.0,0.01629591
1.0,0.5005613
0.0,0.029829025
0.0,0.55608803
1.0,0.98550195
1.0,0.9304682
0.0,0.44264764
0.0,0.655317
1.0,0.7793635
0.0,0.10632315
0.0,0.0012529194
1.0,0.5431097
0.0,0.054442883
0.0,0.014731437
0.0,0.021404445
1.0,0.9838927
0.0,0.14740899
1.0,0.8390703
1.0,0.97730297
1.0,0.9975083
0.0,0.011650234
1.0,0.80884707
0.0,0.025355548
1.0,0.9574515
0.0,0.06969574
1.0,0.97745204
0.0,0.022001207
0.0,0.018561631
1.0,0.9810852
0.0,0.0073828697
0.0,0.006520778
1.0,0.6369304
1.0,0.8805846
1.0,0.05661747
1.0,0.6740911
1.0,0.59788984
1.0,0.97895837
1.0,0.78324693
0.0,0.01105243
1.0,0.053876072
1.0,0.9929993
0.0,0.05889064
0.0,0.004367858
0.0,0.0017967522
1.0,0.60685414
0.0,0.010589033
0.0,0.06004113
0.0,0.24645999
1.0,0.9711034
0.0,0.006088227
0.0,0.066966176
1.0,0.60447186
1.0,0.9638676
1.0,0.90643406
1.0,0.10700631
0.0,0.98763204
0.0,0.056381762
0.0,0.04767868
0.0,0.023128897
0.0,0.0030062199
0.0,0.039340764
0.0,0.023183078
1.0,0.04434192
1.0,0.95152503
0.0,0.023273021
1.0,0.89039534
0.0,0.007797092
0.0,0.0025554597
1.0,0.98740757
0.0,0.014732808
0.0,0.9094322
0.0,0.008603603
0.0,0.12805241
0.0,0.027735442
0.0,0.009727597
0.0,0.95773447
1.0,0.79961395
0.0,0.039290607
0.0,0.14749372
1.0,0.91376483
0.0,0.0048026145
1.0,0.84575295
0.0,0.027861118
0.0,0.0031253994
0.0,0.015040815
0.0,0.23745063
0.0,0.0018487573
0.0,0.0064055324
0.0,0.026060969
0.0,0.02182272
0.0,0.6916554
1.0,0.7427921
0.0,0.039038986
1.0,0.718868
0.0,0.5182253
1.0,0.03558728
0.0,0.065740615
0.0,0.0044787824
0.0,0.050300688
1.0,0.9631968
1.0,0.02352199
1.0,0.18916434
0.0,0.017243952
0.0,0.57972306
1.0,0.8013449
0.0,0.008767933
0.0,0.0469608
1.0,0.21412072
0.0,0.012816101
1.0,0.96104723
1.0,0.17498684
0.0,0.008458316
1.0,0.43573707
0.0,0.118367136
1.0,0.15429887
0.0,0.22463405
1.0,0.9938912
0.0,0.0012333989
0.0,0.98812443
0.0,0.032756567
0.0,0.025867492
0.0,0.004855901
0.0,0.047302455
0.0,0.016114444
1.0,0.96533376
0.0,0.0042719245
0.0,0.0014541745
0.0,0.0011414587
0.0,0.14917931
0.0,0.13263169
1.0,0.10194421
0.0,0.44819304
0.0,0.089708924
1.0,0.55464005
0.0,0.5008177
1.0,0.9714371
0.0,0.7150378
1.0,0.9235519
1.0,0.9508258
0.0,0.008405477
1.0,0.9968995
0.0,0.40704376
0.0,0.015065908
0.0,0.02016139
0.0,0.080394745
1.0,0.061932206
1.0,0.9900795
0.0,0.03288898
0.0,0.210134
1.0,0.9953312
0.0,0.029161125
1.0,0.6192198
1.0,0.023220986
1.0,0.86667055
0.0,0.0258134
1.0,0.589317
0.0,0.020592123
1.0,0.9259582
1.0,0.14968753
0.0,0.21510068
0.0,0.72437316
0.0,0.02218631
0.0,0.16980699
1.0,0.7675921
1.0,0.95108163
1.0,0.98649967
0.0,0.026929647
0.0,0.0018355846
1.0,0.96140456
0.0,0.96827435
0.0,0.001331389
0.0,0.015479803
1.0,0.65196574
0.0,0.043647766
0.0,0.014386117
0.0,0.10656232
0.0,0.03385526
1.0,0.6990623
1.0,0.9794699
0.0,0.064941674
0.0,0.02438876
0.0,0.008830547
1.0,0.9904188
0.0,0.021004796
0.0,0.85399705
1.0,0.8904701
0.0,0.0072329342
0.0,0.7302897
1.0,0.98288673
0.0,0.051271617
1.0,0.27794993
1.0,0.13045883
0.0,0.027762502
0.0,0.030212939
0.0,0.0056778193
0.0,0.007685393
1.0,0.9845413
1.0,0.99772894
1.0,0.9841912
1.0,0.11692834
0.0,0.9060066
0.0,0.03372407
1.0,0.7708322
1.0,0.9926698
0.0,0.0674983
0.0,0.018277794
1.0,0.5364841
0.0,0.0064429343
1.0,0.7272566
0.0,0.008954763
0.0,0.18775609
1.0,0.9839957
0.0,0.029381752
0.0,0.0022145808
0.0,0.02279681
0.0,0.030317605
0.0,0.3296336
1.0,0.057583153
0.0,0.020150721
1.0,0.9812793
0.0,0.095615834
1.0,0.9758231
0.0,0.1882542
1.0,0.7289186
1.0,0.9769672
1.0,0.99412954
0.0,0.9423281
0.0,0.0020224154
1.0,0.26220304
0.0,0.042063624
0.0,0.035781533
1.0,0.9073456
1.0,0.2373369
0.0,0.14951879
1.0,0.94790685
1.0,0.9813256
0.0,0.87253547
0.0,0.012341201
0.0,0.78242034
0.0,0.008078784
0.0,0.0015310943
0.0,0.9214612
1.0,0.9825566
1.0,0.9858074
1.0,0.9694452
0.0,0.0014222264
0.0,0.009325862
0.0,0.01237458
0.0,0.015348196
0.0,0.024114639
0.0,0.03197834
1.0,0.9186233
1.0,0.95898545
1.0,0.6160108
0.0,0.090023935
0.0,0.019977808
1.0,0.89145523
0.0,0.15425801
0.0,0.50792664
1.0,0.8852558
0.0,0.7661276
0.0,0.90409136
1.0,0.817289
0.0,0.03324029
1.0,0.6720639
1.0,0.91575354
0.0,0.9671346
0.0,0.0104162395
1.0,0.9968438
0.0,0.005794555
0.0,0.5143788
1.0,0.834308
1.0,0.9773581
1.0,0.7378142
1.0,0.95986587
0.0,0.97873217
0.0,0.02704963
0.0,0.004164219
1.0,0.81869876
0.0,0.9863023
1.0,0.7422827
0.0,0.76668966
1.0,0.9263592
1.0,0.76751095
0.0,0.057513624
0.0,0.01997301
0.0,0.003601849
0.0,0.3053397
0.0,0.033780605
0.0,0.011306435
1.0,0.43578368
1.0,0.107513666
0.0,0.91567016
1.0,0.96939945
1.0,0.6778765
0.0,0.0027922988
0.0,0.160988
1.0,0.8736021
1.0,0.1814476
0.0,0.013734281
0.0,0.10274094
0.0,0.008870691
0.0,0.018723637
1.0,0.65432453
1.0,0.97023547
0.0,0.034320086
0.0,0.0016292036
0.0,0.038082063
0.0,0.14382005
0.0,0.0130318105
0.0,0.018964708
0.0,0.9489314
0.0,0.5826428
0.0,0.00975132
0.0,0.0298118
0.0,0.13286799
1.0,0.9897712
1.0,0.87795293
0.0,0.007698059
0.0,0.022868901
0.0,0.0011996627
0.0,0.0033507347
0.0,0.08705598
0.0,0.34134153
0.0,0.022160918
0.0,0.26355422
1.0,0.94140613
1.0,0.99545324
1.0,0.8971883
1.0,0.88170207
1.0,0.9922242
0.0,0.48186532
0.0,0.03013295
0.0,0.021585256
0.0,0.045799166
1.0,0.7395771
0.0,0.018110693
1.0,0.9267399
0.0,0.027467847
0.0,0.3071987
0.0,0.8991983
0.0,0.024119794
0.0,0.037573606
0.0,0.09034139
0.0,0.20177016
0.0,0.011253029
1.0,0.8916411
1.0,0.19123018
0.0,0.10914776
0.0,0.14957952
0.0,0.0112912655
0.0,0.0072805583
1.0,0.9861395
0.0,0.010593176
1.0,0.06528908
0.0,0.032895207
1.0,0.4023014
0.0,0.005739212
0.0,0.11505401
1.0,0.91557646
0.0,0.001408279
1.0,0.9725017
0.0,0.055119365
0.0,0.47363117
0.0,0.2123819
0.0,0.0027120411
0.0,0.0020949543
1.0,0.93958324
1.0,0.9923084
0.0,0.41483042
0.0,0.024630368
0.0,0.008910239
0.0,0.16496155
1.0,0.8590247
0.0,0.72740316
1.0,0.17801467
1.0,0.38108492
0.0,0.78297323
0.0,0.025503516
0.0,0.045905113
0.0,0.022019535
0.0,0.047565043
0.0,0.046066225
0.0,0.038808882
0.0,0.7889569
0.0,0.20104882
1.0,0.9220792
0.0,0.98511004
0.0,0.0093247
1.0,0.92599833
0.0,0.022966474
0.0,0.038303107
0.0,0.0018162429
0.0,0.019803762
1.0,0.056520075
1.0,0.97588605
1.0,0.9700223
0.0,0.013862163
0.0,0.0047654808
0.0,0.011768043
0.0,0.336108
0.0,0.4631692
0.0,0.73205924
1.0,0.9935976
1.0,0.98501813
1.0,0.9404385
0.0,0.01805839
1.0,0.98758423
1.0,0.5966772
0.0,0.03176251
1.0,0.9792404
0.0,0.012799889
0.0,0.01170522
0.0,0.70792806
1.0,0.9891116
1.0,0.97526336
1.0,0.800083
0.0,0.87148976
0.0,0.2971209
0.0,0.010251254
1.0,0.9671282
1.0,0.9835342
1.0,0.96279585
1.0,0.8614434
0.0,0.02861923
0.0,0.026825279
0.0,0.027510881
0.0,0.3069842
1.0,0.9760098
0.0,0.013422936
0.0,0.07152906
0.0,0.11245927
1.0,0.28987023
0.0,0.02096489
0.0,0.14113072
0.0,0.074873
0.0,0.37223813
0.0,0.017347693
0.0,0.09714466
0.0,0.015339941
0.0,0.19313663
0.0,0.002023667
1.0,0.98852193
1.0,0.23778564
0.0,0.13918647
0.0,0.9848428
0.0,0.05086872
1.0,0.88833857
0.0,0.0055549443
0.0,0.026389897
0.0,0.51285416
0.0,0.0075922906
1.0,0.9471947
0.0,0.008661807
0.0,0.051891714
1.0,0.52366817
1.0,0.9520605
1.0,0.94195735
0.0,0.027478456
0.0,0.085090816
1.0,0.84010154
1.0,0.9783228
1.0,0.98730236
0.0,0.87056935
0.0,0.4900239
0.0,0.0017654002
1.0,0.06942144
1.0,0.9881082
0.0,0.011709154
0.0,0.8366883
1.0,0.7281429
1.0,0.9803846
0.0,0.008504748
1.0,0.85805255
1.0,0.38604596
0.0,0.015753716
1.0,0.2119456
0.0,0.028313816
0.0,0.0048145056
0.0,0.94909203
0.0,0.026681721
1.0,0.77417254
0.0,0.25384417
1.0,0.8321794
1.0,0.7322045
1.0,0.6243339
0.0,0.003639698
0.0,0.4825783
1.0,0.52533215
0.0,0.0013783574
1.0,0.76627195
1.0,0.73353
0.0,0.97092724
0.0,0.035109103
1.0,0.04394254
1.0,0.98611933
0.0,0.0033234954
1.0,0.6400695
1.0,0.21922901
1.0,0.9084216
1.0,0.99403346
1.0,0.23350933
1.0,0.9682177
0.0,0.024280995
0.0,0.22173345
0.0,0.026638806
1.0,0.95041823
1.0,0.44172037
0.0,0.03689775
0.0,0.026131213
1.0,0.08626813
0.0,0.0099488795
1.0,0.9905676
0.0,0.10635525
1.0,0.81106985
1.0,0.9661069
0.0,0.1876348
1.0,0.27497625
0.0,0.022538334
1.0,0.9945675
1.0,0.9594604
1.0,0.1530883
0.0,0.023990333
0.0,0.023128867
1.0,0.7728243
0.0,0.07941878
1.0,0.9151912
0.0,0.016533673
0.0,0.9227326
0.0,0.086094975
0.0,0.390271
0.0,0.0026493073
0.0,0.16747218
0.0,0.12572077
1.0,0.972515
1.0,0.121703416
0.0,0.015811294
1.0,0.98628616
1.0,0.87563825
0.0,0.9000695
0.0,0.8217851
0.0,0.04531297
0.0,0.012458891
0.0,0.015171766
0.0,0.039628476
1.0,0.37347662
1.0,0.98766124
0.0,0.004474759
0.0,0.002199322
0.0,0.8122382
0.0,0.93654275
0.0,0.10056731
1.0,0.96850336
0.0,0.09320304
0.0,0.06945354
1.0,0.9063342
1.0,0.97111475
0.0,0.022151679
0.0,0.17640439
0.0,0.0073294938
1.0,0.92603326
1.0,0.90880954
0.0,0.023194402
0.0,0.025567949
0.0,0.0037074685
0.0,0.12699503
0.0,0.0063940287
1.0,0.9789634
1.0,0.8197457
1.0,0.11049059
0.0,0.0019669235
1.0,0.20187446
0.0,0.44283715
1.0,0.993237
1.0,0.4693236
0.0,0.0039333403
0.0,0.0015783012
0.0,0.0034107566
0.0,0.8560344
0.0,0.42833215
1.0,0.997597
0.0,0.7392748
0.0,0.6613252
0.0,0.014482915
0.0,0.0010394156
0.0,0.19604239
0.0,0.07290733
0.0,0.04973495
1.0,0.8219042
1.0,0.9837072
0.0,0.0029051602
0.0,0.8573806
0.0,0.67992556
0.0,0.02672422
1.0,0.9872273
0.0,0.03804502
0.0,0.11067411
1.0,0.30527872
0.0,0.92043984
0.0,0.013240397
0.0,0.007922739
0.0,0.0036287308
1.0,0.9937831
1.0,0.8954191
0.0,0.005019754
1.0,0.38813597
1.0,0.96644974
1.0,0.9793154
0.0,0.2421537
0.0,0.09196547
1.0,0.9701191
1.0,0.98198205
0.0,0.006009668
1.0,0.971941
0.0,0.019667536
1.0,0.9353633
1.0,0.9257918
1.0,0.9072989
0.0,0.015204638
1.0,0.6883718
1.0,0.310925
0.0,0.10496563
0.0,0.031497657
0.0,0.9888232
0.0,0.04574752
0.0,0.014409274
0.0,0.00394997
1.0,0.99661094
0.0,0.052205503
0.0,0.07197663
0.0,0.13160378
0.0,0.0045915246
0.0,0.040924132
0.0,0.026616514
1.0,0.8432859
0.0,0.014265716
0.0,0.022852302
0.0,0.39061373
1.0,0.8693274
1.0,0.88023293
1.0,0.93766963
1.0,0.98043454
0.0,0.008794427
0.0,0.029393286
0.0,0.012811333
0.0,0.08808696
0.0,0.69508624
0.0,0.009121418
1.0,0.9748403
0.0,0.724553
1.0,0.05919701
1.0,0.03129506
1.0,0.72388804
0.0,0.025950223
0.0,0.0077364147
0.0,0.0018530786
0.0,0.0060744286
1.0,0.28881598
1.0,0.9734913
1.0,0.790993
1.0,0.8689933
1.0,0.9964627
0.0,0.0134194195
0.0,0.028081357
0.0,0.9150076
0.0,0.008799583
1.0,0.97029686
0.0,0.00334993
0.0,0.84569335
1.0,0.9840716
1.0,0.6950191
0.0,0.014940947
0.0,0.130972
0.0,0.39660954
0.0,0.511623
1.0,0.86112404
0.0,0.9910113
0.0,0.4374937
1.0,0.99409133
0.0,0.058254033
1.0,0.9748347
1.0,0.9679251
0.0,0.001860112
0.0,0.7618097
0.0,0.0031369627
0.0,0.017890573
1.0,0.8106757
0.0,0.010922432
0.0,0.039441854
0.0,0.25159842
0.0,0.0030587912
1.0,0.9852389
1.0,0.17128995
1.0,0.9034809
1.0,0.93691474
0.0,0.78447604
0.0,0.02460128
1.0,0.88432103
0.0,0.010440052
1.0,0.3684088
0.0,0.0277614
1.0,0.9511775
1.0,0.99164885
0.0,0.5457952
0.0,0.14405859
0.0,0.3763989
0.0,0.024900168
0.0,0.0073206127
0.0,0.020789713
1.0,0.89786595
0.0,0.007775545
0.0,0.17339584
0.0,0.31163824
0.0,0.087693125
0.0,0.010905325
0.0,0.0013362765
0.0,0.6912488
0.0,0.0021149516
0.0,0.0015522242
0.0,0.029506654
0.0,0.07496837
0.0,0.016463816
1.0,0.12996995
0.0,0.05720657
1.0,0.9852246
0.0,0.0039958954
0.0,0.0020813346
1.0,0.75291395
0.0,0.00938493
1.0,0.98078275
0.0,0.06259641
1.0,0.95145994
0.0,0.75304055
0.0,0.021898717
1.0,0.71376765
1.0,0.24152103
0.0,0.0038647652
0.0,0.053695768
0.0,0.0014900565
0.0,0.0019609332
0.0,0.0037052631
0.0,0.7669722
1.0,0.96154755
1.0,0.8113896
0.0,0.11578387
0.0,0.010221779
1.0,0.80719084
1.0,0.900799
1.0,0.7825135
0.0,0.0012038946
1.0,0.043871343
0.0,0.24188596
1.0,0.5325237
0.0,0.0013112128
1.0,0.74223596
0.0,0.0055372715
0.0,0.10045341
0.0,0.035322815
0.0,0.91979945
1.0,0.96250755
0.0,0.051517606
0.0,0.10287839
1.0,0.98639417
0.0,0.009070009
0.0,0.8845951
0.0,0.66389996
1.0,0.98609626
0.0,0.6702826
0.0,0.025634527
0.0,0.98996073
1.0,0.9730948
0.0,0.001566261
0.0,0.7468326
0.0,0.04692951
1.0,0.54604304
0.0,0.03315121
1.0,0.9828357
0.0,0.23675099
1.0,0.72039545
1.0,0.99530065
0.0,0.9643634
1.0,0.9638665
1.0,0.9948452
0.0,0.01153785
0.0,0.9485141
0.0,0.009385556
1.0,0.98497176
0.0,0.29679057
1.0,0.33532578
1.0,0.50680274
0.0,0.015836477
1.0,0.9591602
0.0,0.20272887
1.0,0.48753583
0.0,0.6931703
1.0,0.14285529
0.0,0.7927078
1.0,0.011250496
0.0,0.62639415
0.0,0.010572463
0.0,0.0077361465
0.0,0.015638351
0.0,0.01360628
0.0,0.0015769005
0.0,0.0028847158
0.0,0.2672271
0.0,0.058674693
0.0,0.49246997
0.0,0.3685037
0.0,0.025974214
1.0,0.9585277
1.0,0.19374272
0.0,0.6360735
1.0,0.02041331
0.0,0.031495422
0.0,0.26443303
0.0,0.8358886
0.0,0.045820355
0.0,0.03699678
0.0,0.13493848
1.0,0.9371867
0.0,0.0033817291
0.0,0.008677363
1.0,0.008435726
0.0,0.004821807
1.0,0.93129075
0.0,0.08355054
0.0,0.033084422
1.0,0.89223677
0.0,0.010150015
1.0,0.9555234
0.0,0.0052016973
0.0,0.0016450286
0.0,0.010083944
1.0,0.9765304
0.0,0.012998313
1.0,0.18138045
1.0,0.7695621
0.0,0.98584604
0.0,0.0014239848
1.0,0.016142279
0.0,0.004691094
0.0,0.0722692
0.0,0.83720374
0.0,0.001974672
0.0,0.84293413
0.0,0.95744574
1.0,0.66910326
0.0,0.015478909
1.0,0.82989454
0.0,0.0024124384
0.0,0.0021502376
0.0,0.0031862855
1.0,0.9286847
1.0,0.98352265
0.0,0.2322143
0.0,0.34458208
0.0,0.0023466349
0.0,0.085368305
0.0,0.030815184
0.0,0.010227919
0.0,0.0017311871
1.0,0.1498079
1.0,0.927478
0.0,0.024088204
0.0,0.9887773
1.0,0.1599119
0.0,0.0013510883
1.0,0.94168806
0.0,0.004856646
0.0,0.023282588
1.0,0.95294976
0.0,0.71154916
1.0,0.26140776
1.0,0.97818744
1.0,0.9893483
0.0,0.3447824
0.0,0.022057056
0.0,0.1487945
1.0,0.9526588
0.0,0.63115335
1.0,0.98946106
0.0,0.026130468
0.0,0.014978498
0.0,0.15098631
1.0,0.89480567
0.0,0.011763543
0.0,0.026846886
0.0,0.51688653
1.0,0.037558466
1.0,0.9960524
0.0,0.07322529
0.0,0.013186574
1.0,0.981743
1.0,0.9871489
1.0,0.93348014
1.0,0.11339903
0.0,0.004886776
1.0,0.92274237
0.0,0.19181311
0.0,0.058259636
0.0,0.0033077598
1.0,0.8043784
0.0,0.16679698
0.0,0.06728959
0.0,0.0016714633
1.0,0.84486973
0.0,0.24282098
1.0,0.978268
1.0,0.95997655
0.0,0.018063515
1.0,0.7829738
0.0,0.022622377
1.0,0.720688
0.0,0.4769309
0.0,0.013981938
0.0,0.020781606
0.0,0.065396875
1.0,0.9945843
0.0,0.024143368
0.0,0.25044665
0.0,0.5212242
1.0,0.9969763
1.0,0.9052763
0.0,0.028679997
1.0,0.9636359
1.0,0.98753345
1.0,0.99680924
1.0,0.45503893
0.0,0.14879245
1.0,0.7459796
0.0,0.0529387
0.0,0.62820315
1.0,0.36238658
0.0,0.014436841
0.0,0.015507072
0.0,0.049605966
1.0,0.5236937
0.0,0.49024713
0.0,0.23844123
1.0,0.970906
0.0,0.009120941
1.0,0.8339483
0.0,0.015882969
0.0,0.95525956
1.0,0.8424239
1.0,0.9439355
0.0,0.008167714
1.0,0.96497875
1.0,0.99030185
0.0,0.81882894
0.0,0.8111156
1.0,0.79254115
0.0,0.0270167
1.0,0.9807004
0.0,0.040590316
0.0,0.058918417
1.0,0.5184754
1.0,0.9039897
0.0,0.028198034
1.0,0.54492044
0.0,0.07024789
0.0,0.049722403
1.0,0.98479754
0.0,0.031009167
0.0,0.044757098
0.0,0.027103156
1.0,0.60797393
0.0,0.0144265
0.0,0.011901915
1.0,0.90363157
1.0,0.97915256
0.0,0.018831432
0.0,0.39972574
0.0,0.0031655133
1.0,0.17334321
0.0,0.765118
0.0,0.0023827553
0.0,0.026846796
0.0,0.004380405
0.0,0.0032941997
1.0,0.20369041
0.0,0.10506216
0.0,0.001499027
0.0,0.4176288
1.0,0.9518386
1.0,0.99545324
1.0,0.8718121
0.0,0.8947146
0.0,0.0133591
0.0,0.9764581
1.0,0.9851329
0.0,0.034633398
1.0,0.55625695
0.0,0.013317019
1.0,0.99112797
0.0,0.049547434
1.0,0.8967217
0.0,0.9146066
1.0,0.5212629
0.0,0.10105282
0.0,0.06389192
1.0,0.8971124
1.0,0.93428344
1.0,0.9880477
0.0,0.12882477
1.0,0.9671111
1.0,0.48658058
1.0,0.3300102
0.0,0.0015775263
1.0,0.76487637
0.0,0.015032113
0.0,0.94544715
1.0,0.69176376
0.0,0.33859536
0.0,0.013676405
0.0,0.021152794
0.0,0.046673656
0.0,0.6279712
1.0,0.98506284
1.0,0.9742985
0.0,0.39555106
0.0,0.61848223
0.0,0.01573819
1.0,0.9961282
0.0,0.75811243
0.0,0.21976343
0.0,0.0038075745
0.0,0.014983892
0.0,0.03341496
0.0,0.9715713
1.0,0.9836037
1.0,0.9884894
1.0,0.15568638
0.0,0.38476244
0.0,0.0055658817
0.0,0.0064373016
0.0,0.021417886
0.0,0.026184678
1.0,0.9564314
0.0,0.025559336
0.0,0.1951856
1.0,0.99463654
0.0,0.07101256
1.0,0.08460301
1.0,0.8973799
0.0,0.43540803
0.0,0.005098045
0.0,0.034322917
1.0,0.66813385
0.0,0.107761234
0.0,0.021485835
1.0,0.9477937
1.0,0.48229825
0.0,0.0031155646
0.0,0.057121843
0.0,0.6976321
0.0,0.0122689605
0.0,0.29452878
1.0,0.25818244
1.0,0.9204998
0.0,0.011263818
0.0,0.0016175508
0.0,0.77786726
0.0,0.3032261
1.0,0.9499675
0.0,0.018532544
1.0,0.9920006
0.0,0.031065226
1.0,0.98061156
0.0,0.0069521964
1.0,0.96396506
1.0,0.8176147
0.0,0.025167048
0.0,0.10778588
0.0,0.0064860582
0.0,0.05902359
1.0,0.67457277
1.0,0.0024065375
1.0,0.20872396
1.0,0.40684623
1.0,0.7779197
0.0,0.0014578998
1.0,0.3616733
1.0,0.86332965
0.0,0.019278407
0.0,0.021912515
0.0,0.024387002
1.0,0.4806523
1.0,0.98652375
0.0,0.92300224
0.0,0.007519543
1.0,0.87163275
0.0,0.008477092
0.0,0.029203773
1.0,0.97491854
0.0,0.61611515
0.0,0.027367026
1.0,0.1286541
1.0,0.920993
0.0,0.008853763
0.0,0.016735286
0.0,0.013953656
1.0,0.9888294
1.0,0.973881
0.0,0.71192193
0.0,0.18814
1.0,0.9915243
1.0,0.7443724
0.0,0.008615732
0.0,0.09883401
0.0,0.04119408
1.0,0.19486499
1.0,0.15277937
0.0,0.025268763
0.0,0.08724117
1.0,0.97722137
0.0,0.0165129
0.0,0.017562479
0.0,0.039239407
0.0,0.8748851
1.0,0.974646
0.0,0.8697842
0.0,0.015351772
0.0,0.9293488
0.0,0.33068705
0.0,0.03609523
1.0,0.82703954
1.0,0.7555187
0.0,0.2598909
1.0,0.98179716
0.0,0.4763292
1.0,0.96001935
1.0,0.043534577
1.0,0.94624794
0.0,0.0059435666
0.0,0.24472305
0.0,0.016068935
1.0,0.99663144
0.0,0.0043461323
1.0,0.9918885
0.0,0.051518947
0.0,0.002301395
1.0,0.119485885
1.0,0.97314626
0.0,0.0028893948
1.0,0.733856
0.0,0.022203237
1.0,0.96841335
0.0,0.0016723275
1.0,0.6868235
1.0,0.03894213
0.0,0.029955626
0.0,0.0038677156
0.0,0.014326602
0.0,0.012867928
0.0,0.009133548
0.0,0.91553056
0.0,0.07569131
0.0,0.011852741
0.0,0.9596261
0.0,0.0043624938
1.0,0.9627008
0.0,0.38479358
0.0,0.41937006
1.0,0.99635386
0.0,0.052883774
1.0,0.9942745
0.0,0.018838972
1.0,0.9896121
0.0,0.0064105988
0.0,0.052805126
1.0,0.99264
0.0,0.039585292
0.0,0.0054737926
0.0,0.01802054
1.0,0.9812646
1.0,0.34121668
0.0,0.010550648
1.0,0.9682541
1.0,0.17282268
1.0,0.97987735
0.0,0.35960412
1.0,0.116796464
1.0,0.93991876
0.0,0.2523554
1.0,0.53645045
1.0,0.4801378
0.0,0.026985526
0.0,0.004404664
0.0,0.016381025
0.0,0.02773869
0.0,0.0066500604
0.0,0.04026112
0.0,0.02570492
0.0,0.0016617179
1.0,0.9337271
0.0,0.053587407
0.0,0.0039761364
0.0,0.016832829
0.0,0.05040139
1.0,0.875252
0.0,0.0028975308
1.0,0.92139995
0.0,0.3603776
0.0,0.005852729
1.0,0.5875632
1.0,0.8737265
0.0,0.15294138
0.0,0.014460564
1.0,0.89768636
0.0,0.95550287
0.0,0.024988145
1.0,0.7327846
1.0,0.7439106
1.0,0.7591572
1.0,0.84168935
0.0,0.029492319
0.0,0.0025249422
1.0,0.7050313
0.0,0.014633715
0.0,0.0015466213
1.0,0.9851415
1.0,0.88525546
1.0,0.9799464
0.0,0.015020877
1.0,0.16304934
1.0,0.9638432
1.0,0.967154
0.0,0.00263232
0.0,0.003376305
1.0,0.2727342
0.0,0.019994855
0.0,0.79186964
0.0,0.017010301
1.0,0.991186
0.0,0.01752299
0.0,0.015329152
0.0,0.031377524
0.0,0.14487696
0.0,0.06789303
0.0,0.00397256
0.0,0.8827405
1.0,0.99650216
0.0,0.045606077
1.0,0.83730745
0.0,0.0031052828
0.0,0.7971958
0.0,0.9044466
1.0,0.007970482
0.0,0.7807331
0.0,0.012339115
0.0,0.0016892254
0.0,0.31188998
0.0,0.051958382
1.0,0.9885981
0.0,0.2941817
1.0,0.948912
0.0,0.015589863
0.0,0.042043924
0.0,0.020955503
0.0,0.7678964
0.0,0.045366377
0.0,0.6298034
0.0,0.18442434
0.0,0.10156757
1.0,0.903594
0.0,0.034357995
1.0,0.64116216
1.0,0.61565423
0.0,0.049574763
0.0,0.01967889
1.0,0.8050271
0.0,0.012655109
1.0,0.7412809
1.0,0.7103097
0.0,0.0064271092
1.0,0.4908689
0.0,0.0046477616
1.0,0.9825269
0.0,0.1633532
0.0,0.15227976
1.0,0.5195267
0.0,0.8497635
0.0,0.004070431
0.0,0.77261156
1.0,0.69996715
1.0,0.9679934
0.0,0.0015824437
0.0,0.06101522
1.0,0.51476866
0.0,0.6981233
1.0,0.111059636
0.0,0.09960288
1.0,0.06446421
0.0,0.76178515
0.0,0.020311385
0.0,0.80310106
0.0,0.01213029
0.0,0.22405064
1.0,0.020870924
0.0,0.45329067
1.0,0.90891397
0.0,0.017543882
1.0,0.36809564
0.0,0.008334935
0.0,0.0033248663
0.0,0.023762941
0.0,0.024021775
0.0,0.20403597
0.0,0.11346519
0.0,0.059826702
0.0,0.057423353
1.0,0.9624505
0.0,0.011723787
0.0,0.04638931
1.0,0.80745983
1.0,0.47607452
0.0,0.026880443
0.0,0.09953079
1.0,0.73627853
0.0,0.21365905
1.0,0.05371219
1.0,0.93319535
1.0,0.80743766
1.0,0.8036618
0.0,0.01980701
0.0,0.002389878
1.0,0.14816225
0.0,0.35717922
1.0,0.9865952
1.0,0.7938867
1.0,0.98865247
0.0,0.10900676
0.0,0.0044927
0.0,0.19843802
0.0,0.032037407
1.0,0.27081358
1.0,0.92428553
0.0,0.06865263
0.0,0.209479
0.0,0.06374624
0.0,0.36261427
1.0,0.035655886
1.0,0.7795372
1.0,0.9741903
0.0,0.92913544
1.0,0.54545915
1.0,0.73729265
1.0,0.19298118
1.0,0.95893526
0.0,0.3413027
0.0,0.8547448
0.0,0.77371347
0.0,0.0081346035
1.0,0.9002668
1.0,0.9878763
1.0,0.9179772
1.0,0.9090171
0.0,0.03688878
0.0,0.0023748875
0.0,0.02220884
0.0,0.036144704
1.0,0.89686185
0.0,0.17635787
0.0,0.018645406
0.0,0.11568597
0.0,0.009209722
1.0,0.8207154
1.0,0.72558564
1.0,0.96276546
0.0,0.09962717
0.0,0.08640534
1.0,0.71742845
1.0,0.993032
0.0,0.058903873
1.0,0.93597907
0.0,0.81660503
1.0,0.9945284
1.0,0.99372625
1.0,0.6854266
0.0,0.034101546
0.0,0.11295086
1.0,0.98897296
0.0,0.06985474
0.0,0.2676806
1.0,0.9913683
0.0,0.030029893
0.0,0.027954996
0.0,0.072696745
1.0,0.28425735
0.0,0.54516214
0.0,0.3752355
1.0,0.60199106
0.0,0.5562482
0.0,0.026021153
0.0,0.036785454
0.0,0.26298586
1.0,0.78449595
0.0,0.8998157
0.0,0.019842982
0.0,0.0014693439
1.0,0.1200777
0.0,0.03200075
0.0,0.0013929904
1.0,0.8517614
0.0,0.46969482
0.0,0.008562803
1.0,0.98426116
1.0,0.8797332
0.0,0.0015933514
1.0,0.2656976
1.0,0.31527317
0.0,0.53675157
0.0,0.61108017
1.0,0.5556531
1.0,0.81362057
0.0,0.009264857
1.0,0.19131607
1.0,0.21425226
1.0,0.15776628
0.0,0.13447934
1.0,0.15359315
0.0,0.016269684
1.0,0.8109872
0.0,0.0022144914
1.0,0.91218495
0.0,0.75897497
0.0,0.11934072
1.0,0.7778012
0.0,0.020373821
1.0,0.95259786
1.0,0.7830516
1.0,0.9580797
1.0,0.6617219
0.0,0.02111432
1.0,0.022718519
0.0,0.53032887
0.0,0.004258424
0.0,0.024366885
0.0,0.017926633
1.0,0.97258306
0.0,0.007990003
0.0,0.3053385
0.0,0.4876229
0.0,0.5486841
1.0,0.89899117
0.0,0.41919544
0.0,0.007597685
0.0,0.046773642
0.0,0.7454542
1.0,0.72371924
0.0,0.0035695136
1.0,0.9605665
1.0,0.98021793
0.0,0.80244637
0.0,0.0024555624
0.0,0.0045513213
1.0,0.945361
0.0,0.019637913
1.0,0.02636695
1.0,0.7998598
1.0,0.9743168
0.0,0.8202108
0.0,0.2839443
0.0,0.008171201
0.0,0.7188116
0.0,0.017478526
0.0,0.0041274726
0.0,0.39124233
1.0,0.61985564
0.0,0.36899853
1.0,0.8920671
0.0,0.12655765
1.0,0.93449247
1.0,0.9590528
1.0,0.56464654
1.0,0.9145529
0.0,0.18897
0.0,0.959545
0.0,0.024599522
1.0,0.7718383
1.0,0.9617736
0.0,0.009142637
1.0,0.2805621
1.0,0.9560044
1.0,0.8196348
1.0,0.1511119
0.0,0.67694134
0.0,0.028718144
1.0,0.9279593
0.0,0.015319586
0.0,0.07811293
1.0,0.98271286
0.0,0.006832689
0.0,0.6904873
0.0,0.1284962
0.0,0.0047186315
0.0,0.08203769
1.0,0.9856907
0.0,0.0066482723
0.0,0.2741078
1.0,0.12974727
0.0,0.034280002
1.0,0.9623593
0.0,0.26016748
0.0,0.01049006
0.0,0.0037826896
0.0,0.41964248
1.0,0.7845713
0.0,0.3028507
0.0,0.08021343
1.0,0.89378387
1.0,0.86722374
0.0,0.029276699
0.0,0.009964347
0.0,0.014457464
1.0,0.4525137
0.0,0.06394783
1.0,0.9283179
1.0,0.8091336
1.0,0.46095395
1.0,0.9642663
1.0,0.90711224
0.0,0.9166156
1.0,0.90169036
1.0,0.9916111
0.0,0.004600972
0.0,0.004763454
0.0,0.016405642
1.0,0.83358943
0.0,0.011681259
0.0,0.010285646
0.0,0.046302587
1.0,0.9781341
0.0,0.033035845
1.0,0.9603645
0.0,0.17300421
0.0,0.5553396
0.0,0.060646802
0.0,0.023332924
0.0,0.0137426555
1.0,0.7692817
1.0,0.9856334
0.0,0.027232826
0.0,0.058775127
1.0,0.40007398
0.0,0.0015514493
1.0,0.990744
0.0,0.019986838
0.0,0.009821564
0.0,0.026131272
1.0,0.97399676
1.0,0.8381206
0.0,0.032166183
0.0,0.24720776
1.0,0.75205445
0.0,0.032831818
0.0,0.0055008233
1.0,0.93704426
1.0,0.9905778
1.0,0.8933986
0.0,0.018806398
1.0,0.9729121
1.0,0.947568
0.0,0.21974465
0.0,0.012663364
0.0,0.003979385
0.0,0.032013208
0.0,0.002034396
0.0,0.02170059
1.0,0.5679244
1.0,0.93273306
0.0,0.11497927
0.0,0.00987038
0.0,0.03628996
0.0,0.083094865
1.0,0.9581635
0.0,0.95741403
0.0,0.02353245
0.0,0.75960815
0.0,0.97846067
1.0,0.062441915
0.0,0.0022163093
0.0,0.8109658
1.0,0.9698348
0.0,0.0333277
0.0,0.09735179
0.0,0.021022052
0.0,0.009623408
1.0,0.82262284
1.0,0.921515
0.0,0.03254655
0.0,0.9669076
0.0,0.0030180514
0.0,0.9578446
0.0,0.9270363
0.0,0.44023553
0.0,0.0023515224
0.0,0.1313884
1.0,0.0054981112
0.0,0.025689572
1.0,0.16608956
0.0,0.74873346
0.0,0.0013549924
0.0,0.056822896
0.0,0.15700552
0.0,0.15988821
0.0,0.019180208
1.0,0.98343515
0.0,0.0027086139
0.0,0.7399303
0.0,0.044572383
1.0,0.7469256
1.0,0.93387055
0.0,0.02159813
0.0,0.44339812
0.0,0.0024324656
1.0,0.9964038
1.0,0.79368186
1.0,0.9829285
0.0,0.09226194
1.0,0.9888892
0.0,0.02743116
0.0,0.002348274
0.0,0.01588279
1.0,0.008323103
0.0,0.0018366873
0.0,0.004732907
1.0,0.9960655
1.0,0.33291936
0.0,0.011440933
1.0,0.9961369
0.0,0.029606342
1.0,0.8058944
0.0,0.072515756
1.0,0.94077337
0.0,0.97787195
0.0,0.15215567
1.0,0.9060953
0.0,0.004308462
0.0,0.09492469
0.0,0.016426891
0.0,0.0141278505
0.0,0.042678863
0.0,0.016396344
1.0,0.88563955
1.0,0.835309
0.0,0.522068
0.0,0.028059244
0.0,0.012700498
0.0,0.07644698
1.0,0.99197215
0.0,0.015364289
0.0,0.059223235
0.0,0.8722731
0.0,0.14903319
0.0,0.0012816787
1.0,0.9536494
1.0,0.94154644
0.0,0.0020020604
0.0,0.012075365
0.0,0.018108547
0.0,0.0047532916
1.0,0.812842
0.0,0.8282347
0.0,0.025738895
0.0,0.01205197
1.0,0.9339529
0.0,0.009428799
0.0,0.3020771
1.0,0.96405053
0.0,0.010931522
0.0,0.17784464
1.0,0.7161903
1.0,0.8113961
1.0,0.9349706
0.0,0.0032895207
0.0,0.0027868152
0.0,0.22383744
0.0,0.013051331
1.0,0.3990058
0.0,0.19033495
1.0,0.12911132
0.0,0.0021425188
0.0,0.0072545707
0.0,0.10936761
1.0,0.9840286
0.0,0.7931986
0.0,0.064513266
0.0,0.45938304
1.0,0.75492525
0.0,0.015090287
0.0,0.4134826
0.0,0.002263248
1.0,0.0759103
0.0,0.0064029694
0.0,0.0021488965
1.0,0.09436536
1.0,0.98177826
0.0,0.0017721057
1.0,0.9938279
1.0,0.99363875
1.0,0.93934804
1.0,0.906699
0.0,0.02366361
1.0,0.90262914
0.0,0.99515915
1.0,0.04604408
0.0,0.012697607
1.0,0.4595794
0.0,0.8441233
1.0,0.29587328
1.0,0.9935631
1.0,0.69278514
0.0,0.0059889555
0.0,0.74019843
0.0,0.7934951
0.0,0.010185301
0.0,0.021550834
0.0,0.16980943
1.0,0.99103546
1.0,0.9875438
1.0,0.168845
0.0,0.0033296347
0.0,0.006593555
0.0,0.040031433
0.0,0.69665813
1.0,0.025498152
0.0,0.047873944
0.0,0.01573813
0.0,0.022625774
0.0,0.26387167
1.0,0.880093
0.0,0.63343596
0.0,0.8724172
0.0,0.3113423
1.0,0.39852232
0.0,0.030592144
0.0,0.59254754
1.0,0.20651495
0.0,0.13388145
1.0,0.13828051
0.0,0.015841216
0.0,0.3545971
0.0,0.004664719
0.0,0.022783816
0.0,0.0011743605
1.0,0.9250177
0.0,0.08342549
0.0,0.055018544
1.0,0.9908911
1.0,0.97624683
0.0,0.22160563
1.0,0.018779635
0.0,0.12699187
0.0,0.046687096
1.0,0.9726206
0.0,0.0018569827
0.0,0.13191941
0.0,0.024508536
0.0,0.0055303574
1.0,0.99258196
1.0,0.9637474
1.0,0.81979686
1.0,0.982163
0.0,0.010332674
0.0,0.023648173
0.0,0.034137756
1.0,0.9781691
0.0,0.008717805
0.0,0.031169891
1.0,0.9611932
1.0,0.49682498
1.0,0.9115676
0.0,0.0046447217
0.0,0.18431276
0.0,0.6583821
1.0,0.9907706
1.0,0.9606316
1.0,0.93297875
0.0,0.23770171
0.0,0.0016527474
0.0,0.0021191537
1.0,0.886251
1.0,0.1618652
0.0,0.22148949
1.0,0.96869165
1.0,0.64627755
1.0,0.96164703
1.0,0.5391019
0.0,0.16789186
0.0,0.030683517
1.0,0.4560266
1.0,0.78237796
0.0,0.024120629
0.0,0.025391161
0.0,0.008798122
0.0,0.017678529
0.0,0.02296257
0.0,0.70757836
0.0,0.013452172
0.0,0.037189186
1.0,0.863242
1.0,0.71463406
0.0,0.8653685
1.0,0.9797888
0.0,0.0033385754
1.0,0.9458487
0.0,0.16333675
1.0,0.9787741
0.0,0.0022260547
0.0,0.0031315088
0.0,0.004412204
0.0,0.49017054
1.0,0.10551262
1.0,0.98930573
0.0,0.020135194
0.0,0.07773939
1.0,0.23896196
0.0,0.036581665
1.0,0.98558724
1.0,0.7456451
0.0,0.012463748
0.0,0.02075842
0.0,0.25884396
0.0,0.996072
0.0,0.8399675
0.0,0.007956058
0.0,0.4090689
0.0,0.02238983
1.0,0.97953784
1.0,0.9704453
1.0,0.89436543
1.0,0.85356927
0.0,0.007830709
0.0,0.6807803
1.0,0.89134586
0.0,0.39253452
0.0,0.00894472
0.0,0.025070876
1.0,0.27141216
1.0,0.21133938
0.0,0.0053058565
1.0,0.9594962
1.0,0.9900675
0.0,0.0017226338
0.0,0.014867038
1.0,0.96778905
0.0,0.016086191
0.0,0.95004153
0.0,0.0018053353
0.0,0.030514687
1.0,0.060284823
0.0,0.0206393
0.0,0.0045072734
0.0,0.1951972
1.0,0.2511019
0.0,0.0072630346
0.0,0.055777133
1.0,0.80694264
0.0,0.008719534
0.0,0.21540815
0.0,0.9339025
1.0,0.9895164
1.0,0.6247619
1.0,0.09297356
0.0,0.039364338
0.0,0.20332283
1.0,0.25914246
0.0,0.0051999986
0.0,0.0022301972
0.0,0.054032087
0.0,0.015924096
1.0,0.5146976
0.0,0.27157718
0.0,0.8897549
1.0,0.80955714
0.0,0.021954805
0.0,0.02418086
0.0,0.78955734
0.0,0.27488914
1.0,0.82215136
1.0,0.98758745
0.0,0.4712208
1.0,0.8349004
0.0,0.009460449
0.0,0.013667762
0.0,0.0030972362
1.0,0.49412492
0.0,0.002581209
0.0,0.02205488
1.0,0.9456607
1.0,0.75278044
1.0,0.9182495
0.0,0.53927433
1.0,0.9221406
1.0,0.87634724
0.0,0.0011122525
0.0,0.929559
0.0,0.5798402
1.0,0.3198939
0.0,0.017974973
0.0,0.198966
0.0,0.0151589215
0.0,0.021490663
0.0,0.014146209
0.0,0.06626332
0.0,0.22335044
0.0,0.8092628
0.0,0.2840944
1.0,0.563495
1.0,0.71810955
1.0,0.80005884
0.0,0.006910354
1.0,0.9970617
0.0,0.18412623
0.0,0.028198183
1.0,0.9663764
0.0,0.23871124
0.0,0.011941373
0.0,0.24357724
0.0,0.012393892
0.0,0.12827748
0.0,0.87848496
0.0,0.03459865
1.0,0.9037086
0.0,0.0014268756
0.0,0.007416606
0.0,0.004882574
1.0,0.95380527
1.0,0.955569
0.0,0.80418766
1.0,0.8356274
0.0,0.02905637
1.0,0.12278819
0.0,0.009917647
0.0,0.010881722
1.0,0.038571388
0.0,0.0015805364
0.0,0.007922381
1.0,0.45508632
0.0,0.0440574
1.0,0.014574051
0.0,0.24388319
0.0,0.009832501
1.0,0.9191803
0.0,0.009704292
0.0,0.5526364
0.0,0.79324305
0.0,0.006808728
0.0,0.0015622079
1.0,0.9178742
0.0,0.0025521219
0.0,0.054569393
0.0,0.018680334
1.0,0.5980994
0.0,0.95556766
0.0,0.031672955
1.0,0.80688787
0.0,0.0061582327
0.0,0.0030696392
0.0,0.030954748
0.0,0.09277743
1.0,0.2607782
0.0,0.018889248
0.0,0.0026317239
0.0,0.006231874
0.0,0.004055351
0.0,0.70121646
1.0,0.9776176
1.0,0.74356097
0.0,0.011787385
1.0,0.95366263
0.0,0.014600247
0.0,0.007963628
0.0,0.031677544
0.0,0.08531806
1.0,0.96901953
0.0,0.020142704
0.0,0.008313239
0.0,0.11354926
0.0,0.11104143
0.0,0.17816716
0.0,0.0072481334
0.0,0.0018692911
0.0,0.005366683
0.0,0.0019580126
0.0,0.9732078
1.0,0.2676341
0.0,0.024248421
0.0,0.0123129785
0.0,0.008041799
1.0,0.9957515
0.0,0.06898239
1.0,0.8929368
0.0,0.16375065
0.0,0.03063503
0.0,0.12190959
1.0,0.979602
1.0,0.9951455
1.0,0.9508765
1.0,0.49380836
0.0,0.2841798
0.0,0.0039199293
1.0,0.9888135
1.0,0.9540747
0.0,0.01420027
0.0,0.05234593
0.0,0.8444829
1.0,0.9825709
0.0,0.015144378
0.0,0.0037326813
0.0,0.030779898
0.0,0.028721303
1.0,0.5313176
1.0,0.9691993
0.0,0.0018891096
1.0,0.5026043
0.0,0.022434235
0.0,0.02603522
0.0,0.0050795376
0.0,0.016862363
0.0,0.011357516
1.0,0.92449534
0.0,0.0012303591
0.0,0.034458756
0.0,0.8533286
0.0,0.10184765
0.0,0.82065
1.0,0.9884661
0.0,0.021525651
0.0,0.014977932
1.0,0.91427934
0.0,0.42239755
0.0,0.005367309
1.0,0.96233284
1.0,0.7825605
0.0,0.09774843
1.0,0.8865839
0.0,0.2537272
1.0,0.79153395
1.0,0.9980334
0.0,0.07731515
1.0,0.94801855
0.0,0.025785
0.0,0.027158678
0.0,0.37705448
0.0,0.40493286
0.0,0.026441813
0.0,0.0036869645
0.0,0.6064018
1.0,0.9560239
0.0,0.07797274
0.0,0.035856247
0.0,0.4069262
0.0,0.26905662
1.0,0.9537187
0.0,0.01225242
0.0,0.5695666
0.0,0.013216794
0.0,0.0068551004
0.0,0.0070025325
0.0,0.9655366
1.0,0.061514914
0.0,0.10368699
1.0,0.8536041
0.0,0.0023640394
1.0,0.11958665
0.0,0.062145084
0.0,0.07344517
0.0,0.027935654
0.0,0.7566061
0.0,0.38355863
0.0,0.055864155
0.0,0.14539275
0.0,0.0076266825
0.0,0.42702234
0.0,0.9350846
1.0,0.98136413
0.0,0.5365133
0.0,0.011941165
1.0,0.99464
0.0,0.0056731403
0.0,0.006503105
0.0,0.0020497143
1.0,0.80231
1.0,0.6064976
1.0,0.6358766
1.0,0.9731289
0.0,0.11807853
1.0,0.9085081
0.0,0.20320597
1.0,0.6190361
0.0,0.20955071
0.0,0.96781826
0.0,0.161473
0.0,0.0037658513
0.0,0.03608048
1.0,0.9657265
1.0,0.34135097
0.0,0.99331105
1.0,0.7361955
0.0,0.0072059035
1.0,0.96670806
0.0,0.016142666
0.0,0.011309952
0.0,0.9552894
0.0,0.45183465
0.0,0.07061833
0.0,0.0026521385
1.0,0.99653864
0.0,0.0012176931
1.0,0.9950059
1.0,0.8938042
1.0,0.97437143
0.0,0.005856633
0.0,0.9876264
0.0,0.007863462
0.0,0.144761
0.0,0.22445029
1.0,0.22539338
0.0,0.21731779
0.0,0.09280872
0.0,0.09232685
0.0,0.0097331405
0.0,0.0030166209
0.0,0.12163496
0.0,0.8442223
0.0,0.010355204
0.0,0.84651446
1.0,0.987458
0.0,0.50739574
0.0,0.022519112
0.0,0.004922807
0.0,0.004196435
1.0,0.89927155
0.0,0.62402195
1.0,0.9822521
0.0,0.57054067
1.0,0.997496
1.0,0.9743345
0.0,0.0063290894
0.0,0.075252235
0.0,0.031060427
0.0,0.15153456
0.0,0.034677684
0.0,0.69797754
1.0,0.97233295
0.0,0.011055499
1.0,0.6198324
0.0,0.5399411
0.0,0.0071413815
0.0,0.018099308
1.0,0.9628774
0.0,0.011080056
1.0,0.9937945
0.0,0.004740119
0.0,0.027263671
0.0,0.5775001
0.0,0.6354632
0.0,0.09969801
0.0,0.013418913
1.0,0.74268126
1.0,0.87448967
0.0,0.13347277
0.0,0.0322493
0.0,0.013145268
1.0,0.9768533
0.0,0.031308204
1.0,0.28920445
0.0,0.048946053
1.0,0.90806377
1.0,0.93127763
0.0,0.01992616
0.0,0.027142972
0.0,0.0060009956
1.0,0.9264208
0.0,0.2530092
0.0,0.8805404
1.0,0.96489507
1.0,0.2527383
0.0,0.8384483
0.0,0.017520577
1.0,0.9869626
0.0,0.014345318
0.0,0.011160165
0.0,0.0052728355
1.0,0.66541606
0.0,0.06588298
0.0,0.032446116
1.0,0.9486991
1.0,0.81016076
0.0,0.53077567
0.0,0.012247741
0.0,0.010375053
1.0,0.95374334
1.0,0.983492
1.0,0.71692485
0.0,0.06957433
0.0,0.0034828782
0.0,0.01170671
0.0,0.0014593303
1.0,0.8886857
0.0,0.002515316
0.0,0.66251326
0.0,0.21607503
0.0,0.550571
0.0,0.27828747
0.0,0.009455204
0.0,0.21229509
0.0,0.025257826
0.0,0.008791119
1.0,0.19162872
1.0,0.8923061
0.0,0.72995484
0.0,0.13815096
1.0,0.024432987
0.0,0.004074514
1.0,0.93102145
0.0,0.019289404
0.0,0.016161323
1.0,0.95412576
1.0,0.98446655
0.0,0.2548713
0.0,0.04131943
1.0,0.43918136
0.0,0.16221258
0.0,0.17326152
0.0,0.9932295
0.0,0.022005677
1.0,0.90542424
1.0,0.22939631
0.0,0.2632814
0.0,0.0017579794
0.0,0.047531813
1.0,0.9166167
0.0,0.00585258
1.0,0.35157126
0.0,0.04163897
1.0,0.84411216
1.0,0.6444237
0.0,0.7082256
1.0,0.13267782
0.0,0.68892777
0.0,0.004631847
1.0,0.9902251
1.0,0.19347778
0.0,0.02976209
0.0,0.2643327
0.0,0.7394153
0.0,0.9133452
1.0,0.9599819
0.0,0.067794204
0.0,0.3336441
0.0,0.0040406287
1.0,0.97075385
0.0,0.029774755
0.0,0.8663173
1.0,0.9597474
0.0,0.0017330945
0.0,0.87049377
0.0,0.04929772
1.0,0.3707272
0.0,0.15911594
1.0,0.9802792
0.0,0.009371638
1.0,0.03747773
1.0,0.5620638
1.0,0.97681767
1.0,0.87127197
0.0,0.00347808
1.0,0.34184402
0.0,0.014834344
1.0,0.9871739
1.0,0.85073614
0.0,0.2756003
1.0,0.78219473
0.0,0.0022101998
1.0,0.64680797
1.0,0.54550946
0.0,0.032368004
0.0,0.9736049
1.0,0.9965968
1.0,0.16833782
0.0,0.13287377
0.0,0.37017503
0.0,0.00091156363
0.0,0.0130521655
0.0,0.55864125
1.0,0.9219376
1.0,0.95359176
1.0,0.46512693
1.0,0.71704316
1.0,0.99724233
1.0,0.98427576
0.0,0.51248497
1.0,0.94780195
0.0,0.0045754015
0.0,0.02480194
0.0,0.101937175
1.0,0.026828498
1.0,0.7333626
0.0,0.030415267
0.0,0.030023754
0.0,0.90683925
1.0,0.74540555
1.0,0.080632776
1.0,0.9117737
0.0,0.0035716593
0.0,0.97612697
0.0,0.0678094
0.0,0.13865808
0.0,0.026481092
0.0,0.020556122
1.0,0.98500025
1.0,0.92280924
0.0,0.041205734
0.0,0.028771132
0.0,0.79249394
0.0,0.73008
0.0,0.6668749
0.0,0.18391234
0.0,0.82829535
1.0,0.7646566
0.0,0.1568326
1.0,0.93184125
0.0,0.004565656
0.0,0.8784038
0.0,0.062056065
0.0,0.70642716
1.0,0.9670038
1.0,0.8504213
1.0,0.6607263
1.0,0.7701075
0.0,0.002868086
0.0,0.30851567
1.0,0.6567922
1.0,0.8950096
0.0,0.18065983
0.0,0.010802031
0.0,0.052643597
1.0,0.7815047
0.0,0.009533584
1.0,0.027162433
0.0,0.01581809
0.0,0.050212115
0.0,0.02029702
0.0,0.022252023
0.0,0.074631095
0.0,0.02130434
0.0,0.16129419
1.0,0.9866186
0.0,0.0034206212
0.0,0.5902499
0.0,0.014116406
1.0,0.470796
0.0,0.02904892
1.0,0.99131644
0.0,0.008042246
0.0,0.0140582025
0.0,0.0059057474
0.0,0.062471807
0.0,0.019085646
0.0,0.019058496
1.0,0.9655866
0.0,0.097504735
1.0,0.84492934
1.0,0.97122604
0.0,0.019477755
0.0,0.019218594
1.0,0.9356294
1.0,0.99610484
0.0,0.33770728
0.0,0.33550704
0.0,0.120800555
0.0,0.06033075
0.0,0.012882918
1.0,0.41890374
0.0,0.028189927
1.0,0.68588465
1.0,0.45597327
0.0,0.9775949
0.0,0.070712805
0.0,0.007627368
0.0,0.010454446
0.0,0.8762423
0.0,0.008193135
0.0,0.006066203
0.0,0.82325625
1.0,0.7880598
1.0,0.6652604
0.0,0.027137816
0.0,0.019404978
0.0,0.09543264
1.0,0.94566286
0.0,0.0031619072
0.0,0.01499179
1.0,0.46822882
1.0,0.97517514
0.0,0.2368756
0.0,0.049993336
0.0,0.014199197
1.0,0.96616346
0.0,0.024167985
1.0,0.9746518
1.0,0.7784865
0.0,0.0056818426
0.0,0.03783697
0.0,0.022592157
1.0,0.7061323
0.0,0.043589413
1.0,0.7809403
0.0,0.0039004683
1.0,0.79521966
0.0,0.033480704
0.0,0.04335949
0.0,0.0036147535
1.0,0.99349535
0.0,0.82734853
1.0,0.9882871
1.0,0.9663855
0.0,0.0052383244
1.0,0.33548775
0.0,0.04526493
1.0,0.2818337
0.0,0.00446862
1.0,0.95061123
0.0,0.0022896528
1.0,0.8170266
1.0,0.9775753
1.0,0.9874896
0.0,0.011157244
1.0,0.94935894
1.0,0.4694814
0.0,0.016454935
1.0,0.97237974
1.0,0.52438533
1.0,0.048112687
0.0,0.09728111
0.0,0.010329293
0.0,0.9796871
0.0,0.08471296
