0.0,0.2096956
0.0,0.85611784
1.0,0.23858345
0.0,0.0829418
1.0,0.5196641
0.0,0.046238303
1.0,0.9579057
1.0,0.8458339
1.0,0.7917838
0.0,0.010416806
0.0,0.18067667
1.0,0.95778036
0.0,0.021145463
0.0,0.09610474
0.0,0.05424142
0.0,0.0076830685
1.0,0.19903734
0.0,0.04677397
0.0,0.01531902
1.0,0.6366156
1.0,0.66752046
0.0,0.011307746
1.0,0.9696783
0.0,0.024466217
0.0,0.011491448
1.0,0.7243817
0.0,0.062098384
1.0,0.91959274
0.0,0.023984164
1.0,0.8867097
0.0,0.026565462
0.0,0.2372112
1.0,0.9433069
1.0,0.9938655
1.0,0.9081323
1.0,0.97791433
1.0,0.51802546
0.0,0.048817933
1.0,0.94950724
1.0,0.049034715
1.0,0.97291005
1.0,0.9879926
0.0,0.030181855
1.0,0.9747349
1.0,0.8780247
0.0,0.03932312
0.0,0.0072074533
0.0,0.087792605
0.0,0.027732313
1.0,0.99497354
0.0,0.27610838
1.0,0.7870264
1.0,0.9820777
1.0,0.7139805
0.0,0.01979056
0.0,0.009356499
0.0,0.0770393
1.0,0.05240649
1.0,0.6521762
1.0,0.15276733
1.0,0.993763
0.0,0.34787932
1.0,0.99047405
1.0,0.8707843
1.0,0.9866743
0.0,0.1533516
0.0,0.109690726
1.0,0.97816455
0.0,0.021047592
1.0,0.9357511
0.0,0.27855298
1.0,0.93986595
0.0,0.004399687
0.0,0.077745795
1.0,0.4320013
0.0,0.080527335
0.0,0.015405595
0.0,0.26057008
0.0,0.01567313
1.0,0.9367969
0.0,0.035221785
1.0,0.9892671
1.0,0.9805731
1.0,0.99917424
1.0,0.99129975
1.0,0.8093364
1.0,0.9885175
0.0,0.1640048
0.0,0.033981472
1.0,0.74211437
0.0,0.012202978
1.0,0.17403525
0.0,0.020879328
0.0,0.7650747
0.0,0.33339518
1.0,0.96491265
0.0,0.03115648
0.0,0.05383867
1.0,0.48478898
1.0,0.99351454
0.0,0.015059859
0.0,0.04499054
1.0,0.041303635
0.0,0.12893441
0.0,0.121982574
1.0,0.8949471
1.0,0.043749213
0.0,0.031236619
1.0,0.02255258
1.0,0.99399877
1.0,0.95878994
0.0,0.07151577
1.0,0.0386239
0.0,0.052437633
0.0,0.0472925
1.0,0.5579054
0.0,0.05249673
1.0,0.20208028
1.0,0.47816288
1.0,0.98390234
0.0,0.2154428
1.0,0.9910204
0.0,0.9615722
0.0,0.023689061
0.0,0.21410277
1.0,0.6318878
0.0,0.015761197
0.0,0.12751976
1.0,0.96987617
1.0,0.7719729
1.0,0.99008286
0.0,0.04326719
0.0,0.022706836
1.0,0.28823376
1.0,0.98897624
0.0,0.7983352
0.0,0.025102973
0.0,0.024734348
0.0,0.057172716
0.0,0.033027858
1.0,0.72234136
0.0,0.11288479
1.0,0.08856934
0.0,0.021119654
0.0,0.0146971345
0.0,0.0056723654
1.0,0.21101311
0.0,0.014807075
0.0,0.023934007
0.0,0.05133614
0.0,0.098575205
0.0,0.010840774
0.0,0.023919284
0.0,0.9024486
0.0,0.1636804
1.0,0.975347
0.0,0.006824851
0.0,0.011437029
1.0,0.9964239
0.0,0.022827417
0.0,0.12247467
0.0,0.046573162
0.0,0.026886195
0.0,0.1397512
1.0,0.99849594
0.0,0.08998135
1.0,0.9362222
0.0,0.053098112
0.0,0.012241989
1.0,0.76737416
0.0,0.9716177
0.0,0.9805954
0.0,0.9613256
0.0,0.005048692
1.0,0.8687679
1.0,0.9224902
0.0,0.053108305
1.0,0.6968391
0.0,0.43715155
1.0,0.97972107
1.0,0.80798316
1.0,0.9810984
1.0,0.98483264
1.0,0.9886761
0.0,0.82478386
0.0,0.006017506
0.0,0.012484729
0.0,0.9897294
0.0,0.076732635
0.0,0.0424532
1.0,0.20355919
0.0,0.006119579
0.0,0.776315
1.0,0.98480135
1.0,0.8082421
1.0,0.99811554
0.0,0.012852848
0.0,0.058261335
0.0,0.010445535
1.0,0.05570081
0.0,0.2659106
0.0,0.105235755
0.0,0.6805439
0.0,0.4070087
0.0,0.10643101
1.0,0.055993944
0.0,0.050225556
1.0,0.17054698
0.0,0.008797377
0.0,0.037730694
0.0,0.010984689
1.0,0.9680648
0.0,0.06159544
0.0,0.07463911
0.0,0.04366821
0.0,0.013649344
0.0,0.92058957
0.0,0.18620118
1.0,0.99482477
0.0,0.019449115
0.0,0.018656522
1.0,0.34623408
1.0,0.99391556
0.0,0.309752
0.0,0.020751506
0.0,0.0054982007
0.0,0.08471936
0.0,0.031276017
0.0,0.1309905
1.0,0.97558707
0.0,0.07894105
1.0,0.40438628
0.0,0.0144068
1.0,0.252968
1.0,0.47196236
0.0,0.04658386
0.0,0.08047876
0.0,0.037783146
1.0,0.91789025
1.0,0.8483807
1.0,0.99152553
1.0,0.6951245
0.0,0.028082043
0.0,0.8504563
1.0,0.9899827
0.0,0.41154087
0.0,0.009879291
0.0,0.020983756
0.0,0.11706227
0.0,0.093206465
0.0,0.031738758
0.0,0.13495767
1.0,0.53614694
0.0,0.035631955
0.0,0.085914195
0.0,0.04751569
1.0,0.91313624
1.0,0.9811312
0.0,0.029142857
0.0,0.19522548
0.0,0.038328916
1.0,0.9921788
0.0,0.04697129
0.0,0.0061818063
0.0,0.039543092
0.0,0.02836731
1.0,0.9955164
1.0,0.90940213
1.0,0.98705363
0.0,0.02846694
1.0,0.94250983
0.0,0.04819736
0.0,0.051833928
0.0,0.44198772
1.0,0.9778677
1.0,0.42126697
0.0,0.0080834925
0.0,0.044927716
1.0,0.8972615
1.0,0.3264261
0.0,0.038867414
1.0,0.12973067
1.0,0.99362123
0.0,0.7351492
0.0,0.14663625
0.0,0.06861013
0.0,0.033501953
0.0,0.31479365
0.0,0.04913506
1.0,0.9939821
0.0,0.027367562
0.0,0.034116626
1.0,0.9981376
0.0,0.018221945
1.0,0.9707395
1.0,0.03516677
1.0,0.8991138
1.0,0.8704183
1.0,0.9743402
0.0,0.05030325
1.0,0.9347703
0.0,0.8566007
1.0,0.99725914
0.0,0.5019874
0.0,0.22933951
0.0,0.043488592
0.0,0.052433044
0.0,0.3441452
1.0,0.98840225
0.0,0.967039
1.0,0.86687124
0.0,0.8748381
1.0,0.81219125
1.0,0.9911795
0.0,0.024089396
0.0,0.010805219
0.0,0.026843935
1.0,0.9464345
1.0,0.1554698
0.0,0.0076702833
0.0,0.0058583617
0.0,0.017649144
0.0,0.031234145
1.0,0.9687691
1.0,0.7429302
0.0,0.042651623
0.0,0.06277704
1.0,0.7580267
1.0,0.99097383
1.0,0.23298451
0.0,0.061301142
0.0,0.79077494
0.0,0.011494309
0.0,0.6694178
1.0,0.98449427
1.0,0.78538835
0.0,0.04907757
0.0,0.048526764
0.0,0.0116536915
0.0,0.5818537
0.0,0.010765374
0.0,0.17992437
1.0,0.48126623
0.0,0.1439352
0.0,0.03942886
0.0,0.06667036
0.0,0.29864728
0.0,0.82591736
0.0,0.04280144
0.0,0.009949595
1.0,0.39304483
0.0,0.043867856
1.0,0.7164231
0.0,0.0058550537
0.0,0.13224486
0.0,0.21281403
0.0,0.0059187114
0.0,0.98464924
1.0,0.4499997
1.0,0.91297805
0.0,0.7381845
1.0,0.8623328
0.0,0.019025594
0.0,0.5828241
0.0,0.25204882
0.0,0.23222372
0.0,0.025039911
0.0,0.005695164
1.0,0.26758033
0.0,0.023288816
1.0,0.9891362
0.0,0.052143514
1.0,0.28344536
0.0,0.1691283
1.0,0.06503728
1.0,0.9819076
1.0,0.97177744
0.0,0.007267177
0.0,0.050186485
1.0,0.9753962
0.0,0.046943903
0.0,0.029605925
1.0,0.027543336
1.0,0.98721075
0.0,0.2299042
1.0,0.9816174
1.0,0.9937345
0.0,0.7359828
0.0,0.040549517
0.0,0.33823025
0.0,0.04759428
0.0,0.018384457
0.0,0.07555869
1.0,0.9855006
0.0,0.11716986
1.0,0.8865285
1.0,0.24617845
0.0,0.02294001
0.0,0.07748705
0.0,0.87676525
1.0,0.9909829
1.0,0.96209633
1.0,0.39902303
0.0,0.20687559
1.0,0.9828701
1.0,0.8970287
0.0,0.0082503855
0.0,0.18530357
0.0,0.9246836
0.0,0.85136235
1.0,0.9742212
0.0,0.039798766
1.0,0.43800884
0.0,0.8594799
0.0,0.066724986
0.0,0.057153583
0.0,0.018890351
0.0,0.017929554
0.0,0.028608948
0.0,0.047130704
0.0,0.02091685
0.0,0.037852436
0.0,0.48447552
0.0,0.09414494
0.0,0.027145654
0.0,0.25558776
0.0,0.040743113
1.0,0.6513374
0.0,0.18629542
1.0,0.98533136
0.0,0.020354211
0.0,0.023256123
0.0,0.011144012
0.0,0.9093702
0.0,0.4575082
0.0,0.089770705
0.0,0.061804384
0.0,0.0046688914
0.0,0.027567357
0.0,0.029766738
0.0,0.66216105
1.0,0.9651581
0.0,0.030221641
0.0,0.017636865
0.0,0.487061
0.0,0.052322716
1.0,0.568436
0.0,0.8382193
1.0,0.47972208
0.0,0.009943455
0.0,0.1554974
1.0,0.9827732
0.0,0.9170868
1.0,0.84362113
1.0,0.94816947
1.0,0.9547516
1.0,0.97657377
0.0,0.010294467
1.0,0.795961
0.0,0.012176603
0.0,0.0227471
0.0,0.11967629
1.0,0.9978734
0.0,0.012618214
0.0,0.044433653
1.0,0.4717583
1.0,0.9992592
0.0,0.08612087
0.0,0.006611973
1.0,0.74735475
0.0,0.06895718
1.0,0.74426615
0.0,0.37137038
0.0,0.2707647
1.0,0.89027834
0.0,0.81746155
0.0,0.008850515
1.0,0.0902558
0.0,0.036462545
1.0,0.9962622
0.0,0.011048317
1.0,0.50039756
1.0,0.6160392
1.0,0.8054435
1.0,0.9901842
0.0,0.17247176
0.0,0.04632148
1.0,0.8297384
0.0,0.02392602
0.0,0.29318708
1.0,0.80151105
1.0,0.8657094
1.0,0.96513224
0.0,0.010867745
1.0,0.9716088
1.0,0.90865755
0.0,0.15270227
1.0,0.98580456
0.0,0.6664275
1.0,0.899615
1.0,0.93363094
0.0,0.7766694
0.0,0.54816353
1.0,0.28862277
0.0,0.3074363
1.0,0.9850115
0.0,0.94687426
0.0,0.048048466
0.0,0.8750514
1.0,0.9956929
0.0,0.005695164
0.0,0.008359045
0.0,0.80608857
1.0,0.37720972
0.0,0.02849412
0.0,0.011126548
0.0,0.06294146
0.0,0.80113703
1.0,0.5493252
1.0,0.9390696
0.0,0.07045132
0.0,0.66054416
0.0,0.08102998
0.0,0.06030032
0.0,0.03041777
1.0,0.96920115
0.0,0.030862272
1.0,0.97439986
0.0,0.82649577
0.0,0.20295799
1.0,0.8161479
0.0,0.023235619
0.0,0.063956946
0.0,0.033691674
0.0,0.008547574
0.0,0.123048365
0.0,0.0052657723
0.0,0.030733466
0.0,0.05361551
1.0,0.9425527
1.0,0.9920187
0.0,0.0058243573
0.0,0.050975144
1.0,0.9872072
0.0,0.018364012
1.0,0.93404806
0.0,0.24499393
0.0,0.005567819
1.0,0.9147872
0.0,0.10823411
1.0,0.6701825
0.0,0.2800205
1.0,0.2715807
0.0,0.027201295
0.0,0.04466167
0.0,0.6952136
1.0,0.9925323
0.0,0.008758843
0.0,0.06304014
0.0,0.016614497
0.0,0.97576904
1.0,0.29286423
0.0,0.019935519
0.0,0.011520356
1.0,0.9779286
1.0,0.04695058
0.0,0.13750339
1.0,0.7285618
0.0,0.06284246
0.0,0.12705731
1.0,0.97074866
1.0,0.9982339
0.0,0.28951657
1.0,0.97251487
1.0,0.9899403
0.0,0.020146638
0.0,0.053874046
0.0,0.033437103
1.0,0.048252285
0.0,0.005580902
0.0,0.039216608
0.0,0.009896249
1.0,0.9975046
1.0,0.49617973
0.0,0.01329726
1.0,0.5189416
1.0,0.051271796
0.0,0.29658854
1.0,0.9463471
0.0,0.07879537
1.0,0.9698976
0.0,0.07213411
1.0,0.9360411
0.0,0.028110206
0.0,0.019860387
1.0,0.7650333
0.0,0.01284349
1.0,0.8937763
0.0,0.02889523
0.0,0.030333817
0.0,0.02230829
1.0,0.8083738
0.0,0.25944483
1.0,0.42497382
0.0,0.007838994
1.0,0.36164078
1.0,0.24687442
0.0,0.0070488453
1.0,0.9931539
1.0,0.98444617
1.0,0.12911314
1.0,0.8787004
0.0,0.033246607
0.0,0.018982142
0.0,0.79780865
1.0,0.9545212
1.0,0.6199403
0.0,0.026467621
0.0,0.04468721
0.0,0.10830596
1.0,0.9235661
0.0,0.35755515
1.0,0.013053775
1.0,0.97996974
0.0,0.028297424
0.0,0.050154448
1.0,0.9856839
0.0,0.6803214
1.0,0.98895967
0.0,0.7230184
0.0,0.03374529
0.0,0.024877846
1.0,0.071682036
0.0,0.038096517
1.0,0.9913112
0.0,0.020937502
1.0,0.47582042
0.0,0.5250554
0.0,0.076921225
1.0,0.054309845
1.0,0.31662518
1.0,0.6706672
1.0,0.9476633
0.0,0.04269746
0.0,0.031114012
0.0,0.25400233
0.0,0.0049051344
1.0,0.9841831
1.0,0.8156385
0.0,0.0069982708
0.0,0.026454806
0.0,0.007032782
1.0,0.8099519
0.0,0.029147953
0.0,0.03626609
0.0,0.050456733
0.0,0.12767199
0.0,0.054905325
0.0,0.1662527
1.0,0.8899616
0.0,0.9514624
1.0,0.403658
0.0,0.052044094
0.0,0.23636806
1.0,0.774418
1.0,0.9318589
1.0,0.95699215
0.0,0.03057602
0.0,0.23352173
1.0,0.10413459
0.0,0.010135651
0.0,0.04200405
0.0,0.2001862
1.0,0.9036125
0.0,0.042927057
0.0,0.0716266
1.0,0.99078286
0.0,0.10511586
1.0,0.9984251
1.0,0.9519576
1.0,0.98891455
0.0,0.018865645
1.0,0.98613185
1.0,0.78979933
0.0,0.053971946
1.0,0.21272704
0.0,0.023583114
0.0,0.21097824
0.0,0.093052566
0.0,0.008337438
1.0,0.8621383
1.0,0.32488716
1.0,0.99786764
1.0,0.97742105
1.0,0.9921576
0.0,0.42505404
0.0,0.98989743
1.0,0.9893585
0.0,0.024009734
1.0,0.6555302
1.0,0.99597263
0.0,0.050586313
1.0,0.11266735
1.0,0.51424354
0.0,0.040182114
0.0,0.051697373
0.0,0.020662308
0.0,0.036898464
1.0,0.43295944
1.0,0.98715734
0.0,0.00923726
0.0,0.029570311
1.0,0.06115496
1.0,0.8031223
1.0,0.06595558
0.0,0.040510386
1.0,0.8426659
1.0,0.13119754
0.0,0.031541675
0.0,0.23581243
1.0,0.9158646
1.0,0.9942343
0.0,0.33681017
1.0,0.8044265
0.0,0.11078277
0.0,0.8285719
1.0,0.9909189
0.0,0.60974956
1.0,0.9842142
0.0,0.8421749
0.0,0.34824398
0.0,0.08543867
1.0,0.95565975
1.0,0.3847422
0.0,0.028484583
0.0,0.015455216
1.0,0.82143104
0.0,0.03072095
1.0,0.9923029
1.0,0.91426635
1.0,0.7465504
0.0,0.06369889
0.0,0.8161627
0.0,0.82198596
0.0,0.024019897
0.0,0.0062283874
1.0,0.9986482
0.0,0.28434938
0.0,0.021983415
1.0,0.9888145
0.0,0.028966844
1.0,0.05848062
1.0,0.8010124
0.0,0.02320236
0.0,0.2717288
0.0,0.82201463
0.0,0.0145894885
0.0,0.0049515665
0.0,0.018844754
0.0,0.02123937
0.0,0.94037545
1.0,0.6239738
1.0,0.9717685
0.0,0.67383134
0.0,0.49201924
0.0,0.02170223
0.0,0.041203886
0.0,0.027504921
1.0,0.046847552
0.0,0.0301812
0.0,0.008322418
1.0,0.9984817
1.0,0.73630106
0.0,0.019479364
0.0,0.9819019
0.0,0.004660368
0.0,0.049681783
0.0,0.0066786706
0.0,0.041262567
1.0,0.94132876
1.0,0.8097253
1.0,0.93805707
0.0,0.005782306
1.0,0.7880007
1.0,0.983523
0.0,0.06387985
0.0,0.0043340027
1.0,0.7777679
1.0,0.18553409
1.0,0.90083337
1.0,0.9717015
1.0,0.7606632
0.0,0.068454355
0.0,0.17161843
1.0,0.3556106
0.0,0.017743021
1.0,0.961653
0.0,0.020168304
1.0,0.5880489
0.0,0.041025907
0.0,0.16726762
0.0,0.019455522
0.0,0.02208364
0.0,0.2564585
0.0,0.0069034994
0.0,0.007513106
0.0,0.053224117
0.0,0.6710995
0.0,0.007090032
0.0,0.014381379
1.0,0.9566353
1.0,0.71624947
1.0,0.98748624
0.0,0.9808969
0.0,0.44297162
0.0,0.8775706
0.0,0.039818794
1.0,0.9944104
1.0,0.24969372
1.0,0.92041945
1.0,0.9917516
0.0,0.904915
0.0,0.02188757
0.0,0.009981662
1.0,0.8368336
0.0,0.023930341
1.0,0.011717081
1.0,0.99063385
0.0,0.1375609
0.0,0.025000215
0.0,0.012954146
0.0,0.74608195
1.0,0.93119967
1.0,0.98436683
0.0,0.034624785
1.0,0.95542943
1.0,0.73093545
0.0,0.59885126
0.0,0.033308774
1.0,0.3436218
0.0,0.0064186454
0.0,0.0880703
0.0,0.008850217
0.0,0.28374946
0.0,0.036692858
1.0,0.46862075
0.0,0.06023568
0.0,0.5269969
1.0,0.9926915
1.0,0.95106244
0.0,0.4932818
0.0,0.5188549
1.0,0.7722051
0.0,0.08837864
0.0,0.0045520067
1.0,0.56679225
0.0,0.06787345
0.0,0.030663222
0.0,0.033349633
1.0,0.9861979
0.0,0.18837145
1.0,0.8237085
1.0,0.982648
1.0,0.99892825
0.0,0.018242836
1.0,0.7837977
0.0,0.043665707
1.0,0.9678216
0.0,0.07836604
1.0,0.983109
0.0,0.03350866
0.0,0.04022482
1.0,0.98880374
0.0,0.019450098
0.0,0.0144329965
1.0,0.63603425
1.0,0.8752392
1.0,0.085531205
1.0,0.83759934
1.0,0.46676826
1.0,0.9808436
1.0,0.732807
0.0,0.02355668
1.0,0.09267962
1.0,0.99654865
0.0,0.08693817
0.0,0.011096954
0.0,0.0062197447
1.0,0.5717116
0.0,0.019555002
0.0,0.07601762
0.0,0.28860092
1.0,0.9843534
0.0,0.0126030445
0.0,0.09415561
1.0,0.62803143
1.0,0.9627223
1.0,0.8997996
1.0,0.101790994
0.0,0.9925279
0.0,0.08246112
0.0,0.0874778
0.0,0.064633936
0.0,0.0062328875
0.0,0.07164121
0.0,0.03562358
1.0,0.069067806
1.0,0.96278965
0.0,0.046476573
1.0,0.89026
0.0,0.017932057
0.0,0.0060605407
1.0,0.99340516
0.0,0.02274847
0.0,0.8983766
0.0,0.02377233
0.0,0.1375309
0.0,0.041339874
0.0,0.025460303
0.0,0.96762604
1.0,0.8233938
0.0,0.047171623
0.0,0.15927929
1.0,0.91124976
0.0,0.013065696
1.0,0.84838045
0.0,0.041950643
0.0,0.006795168
0.0,0.024811357
0.0,0.18107516
0.0,0.0065535903
0.0,0.016518861
0.0,0.036412388
0.0,0.040533215
0.0,0.7925328
1.0,0.7120259
0.0,0.051693738
1.0,0.7134399
0.0,0.5967646
1.0,0.05324036
0.0,0.063857436
0.0,0.009431571
0.0,0.097326666
1.0,0.9746107
1.0,0.03711155
1.0,0.18851742
0.0,0.031148195
0.0,0.61684966
1.0,0.8305675
0.0,0.019830227
0.0,0.06672239
1.0,0.23385197
0.0,0.016368419
1.0,0.9672158
1.0,0.21150306
0.0,0.018591523
1.0,0.6031609
0.0,0.11740771
1.0,0.1484594
0.0,0.26449144
1.0,0.9971624
0.0,0.004378915
0.0,0.99165696
0.0,0.052579254
0.0,0.056449056
0.0,0.0132623315
0.0,0.052467495
0.0,0.028639495
1.0,0.9734064
0.0,0.01121375
0.0,0.0060217083
0.0,0.0049087405
0.0,0.15761957
0.0,0.107171446
1.0,0.13796824
0.0,0.5774367
0.0,0.081508815
1.0,0.5256505
0.0,0.4408304
1.0,0.98196733
0.0,0.862159
1.0,0.9379997
1.0,0.96755207
0.0,0.016781181
1.0,0.99818826
0.0,0.43976817
0.0,0.026248097
0.0,0.035333067
0.0,0.08019832
1.0,0.084397495
1.0,0.9940101
0.0,0.055226356
0.0,0.24177125
1.0,0.9977215
0.0,0.05226913
1.0,0.62100196
1.0,0.039163917
1.0,0.82131493
0.0,0.038545936
1.0,0.596154
0.0,0.024736732
1.0,0.8700303
1.0,0.16052672
0.0,0.17912284
0.0,0.7650746
0.0,0.04893121
0.0,0.13109839
1.0,0.77146024
1.0,0.9580176
1.0,0.99312663
0.0,0.03293255
0.0,0.007968783
1.0,0.9811485
0.0,0.96795356
0.0,0.006180495
0.0,0.029434294
1.0,0.6149775
0.0,0.05199963
0.0,0.020577848
0.0,0.12309715
0.0,0.061730653
1.0,0.81750953
1.0,0.9877937
0.0,0.06989747
0.0,0.04959798
0.0,0.02004397
1.0,0.9927205
0.0,0.03736815
0.0,0.8192316
1.0,0.88420385
0.0,0.01439631
0.0,0.72240126
1.0,0.9904626
0.0,0.045679837
1.0,0.27280864
1.0,0.122148514
0.0,0.03584948
0.0,0.055667013
0.0,0.013842702
0.0,0.023126006
1.0,0.99013066
1.0,0.99891955
1.0,0.9896877
1.0,0.14421004
0.0,0.91192937
0.0,0.06838748
1.0,0.82109046
1.0,0.99505377
0.0,0.09850824
0.0,0.056937605
1.0,0.48437175
0.0,0.014017671
1.0,0.7764796
0.0,0.015431941
0.0,0.22441947
1.0,0.9920685
0.0,0.049005568
0.0,0.0072743297
0.0,0.05398673
0.0,0.04312578
0.0,0.34643802
1.0,0.105621815
0.0,0.038087666
1.0,0.9893016
0.0,0.11969042
1.0,0.98026097
0.0,0.18394765
1.0,0.78750443
1.0,0.985216
1.0,0.99753547
0.0,0.95244217
0.0,0.0079675615
1.0,0.22052127
0.0,0.068721205
0.0,0.04556766
1.0,0.91585445
1.0,0.26826307
0.0,0.19372427
1.0,0.95152235
1.0,0.9897988
0.0,0.9151647
0.0,0.024203986
0.0,0.80915517
0.0,0.017492175
0.0,0.0042624176
0.0,0.92417145
1.0,0.98749226
1.0,0.99290586
1.0,0.9673788
0.0,0.0052188337
0.0,0.013934642
0.0,0.02832076
0.0,0.032022387
0.0,0.057921022
0.0,0.054880828
1.0,0.9346257
1.0,0.9708648
1.0,0.7379242
0.0,0.10615188
0.0,0.046205997
1.0,0.9030367
0.0,0.15266177
0.0,0.52087253
1.0,0.89421445
0.0,0.8308429
0.0,0.90175706
1.0,0.7969214
0.0,0.052031428
1.0,0.6552595
1.0,0.9057902
0.0,0.97659385
0.0,0.022772014
1.0,0.9988835
0.0,0.011485666
0.0,0.5112924
1.0,0.7724806
1.0,0.9837968
1.0,0.8199198
1.0,0.97038877
0.0,0.9832174
0.0,0.05104071
0.0,0.010931313
1.0,0.7837487
0.0,0.9896215
1.0,0.7947093
0.0,0.73853743
1.0,0.9273048
1.0,0.75786614
0.0,0.06507468
0.0,0.03937018
0.0,0.010288447
0.0,0.33316052
0.0,0.053937346
0.0,0.018796682
1.0,0.32649165
1.0,0.11032012
0.0,0.9242209
1.0,0.98289835
1.0,0.6933796
0.0,0.009037316
0.0,0.13545749
1.0,0.83733
1.0,0.20090616
0.0,0.021046937
0.0,0.12598851
0.0,0.021572858
0.0,0.02880624
1.0,0.49563843
1.0,0.97132444
0.0,0.047000915
0.0,0.006374091
0.0,0.054395825
0.0,0.15887874
0.0,0.02674976
0.0,0.03485033
0.0,0.95451796
0.0,0.6854251
0.0,0.018669158
0.0,0.04290971
0.0,0.13727927
1.0,0.994133
1.0,0.8855219
0.0,0.017203122
0.0,0.028897256
0.0,0.004831046
0.0,0.008941382
0.0,0.10096446
0.0,0.2837075
0.0,0.034145504
0.0,0.25549364
1.0,0.9633925
1.0,0.99768317
1.0,0.8930249
1.0,0.9186312
1.0,0.9956063
0.0,0.5339122
0.0,0.044555485
0.0,0.040964693
0.0,0.050566167
1.0,0.78447783
0.0,0.031873286
1.0,0.9285989
0.0,0.03874764
0.0,0.31849873
0.0,0.9136957
0.0,0.034463674
0.0,0.05297458
0.0,0.1384491
0.0,0.22530028
0.0,0.023050368
1.0,0.86844826
1.0,0.1722107
0.0,0.11514652
0.0,0.12926438
0.0,0.017242134
0.0,0.01154837
1.0,0.99186003
0.0,0.02094078
1.0,0.10833287
0.0,0.042103916
1.0,0.75530636
0.0,0.019309342
0.0,0.10420793
1.0,0.9030874
0.0,0.006593466
1.0,0.9773914
0.0,0.05817619
0.0,0.4550912
0.0,0.21729302
0.0,0.0063948333
0.0,0.0076901913
1.0,0.95576537
1.0,0.99482036
0.0,0.47042036
0.0,0.050439715
0.0,0.020454437
0.0,0.1562222
1.0,0.8555132
0.0,0.701862
1.0,0.16894832
1.0,0.22441038
0.0,0.82648706
0.0,0.046265393
0.0,0.06205052
0.0,0.028371036
0.0,0.07803574
0.0,0.04832232
0.0,0.049447507
0.0,0.8143462
0.0,0.2028769
1.0,0.9323783
0.0,0.9926367
0.0,0.017454356
1.0,0.9131446
0.0,0.031116873
0.0,0.061570585
0.0,0.007530123
0.0,0.03414786
1.0,0.061877012
1.0,0.9860643
1.0,0.9722464
0.0,0.02742201
0.0,0.009866893
0.0,0.023276925
0.0,0.32658368
0.0,0.4061708
0.0,0.76272607
1.0,0.9973816
1.0,0.99105585
1.0,0.9338951
0.0,0.033143073
1.0,0.99418926
1.0,0.58168375
0.0,0.042589575
1.0,0.980757
0.0,0.029016346
0.0,0.017594457
0.0,0.7309241
1.0,0.99300134
1.0,0.98317176
1.0,0.791493
0.0,0.9353316
0.0,0.27907175
0.0,0.019106299
1.0,0.9812573
1.0,0.98631537
1.0,0.9768308
1.0,0.82263803
0.0,0.05065471
0.0,0.0345228
0.0,0.045871556
0.0,0.29230535
1.0,0.9831552
0.0,0.025191247
0.0,0.076675445
0.0,0.11174697
1.0,0.28268614
0.0,0.047084212
0.0,0.26349398
0.0,0.08490023
0.0,0.27219474
0.0,0.02521351
0.0,0.10359442
0.0,0.021306127
0.0,0.15347654
0.0,0.0070831776
1.0,0.99365103
1.0,0.21492016
0.0,0.14373064
0.0,0.98977
0.0,0.072637886
1.0,0.9064963
0.0,0.013777375
0.0,0.043615192
0.0,0.531122
0.0,0.016469002
1.0,0.95981824
0.0,0.019643456
0.0,0.07052228
1.0,0.5237715
1.0,0.96711516
1.0,0.9533086
0.0,0.056991756
0.0,0.09188682
1.0,0.8590334
1.0,0.98664534
1.0,0.99285424
0.0,0.8628682
0.0,0.57080567
0.0,0.0053964257
1.0,0.0904775
1.0,0.993382
0.0,0.023196638
0.0,0.87369806
1.0,0.7867298
1.0,0.98727196
0.0,0.017379642
1.0,0.8413194
1.0,0.38342676
0.0,0.025096774
1.0,0.1882804
0.0,0.059058696
0.0,0.013592273
0.0,0.961472
0.0,0.033595413
1.0,0.72556114
0.0,0.21041557
1.0,0.81391644
1.0,0.8093399
1.0,0.6667682
0.0,0.008883148
0.0,0.4547631
1.0,0.504887
0.0,0.00574708
1.0,0.7088462
1.0,0.80344594
0.0,0.97417855
0.0,0.04034576
1.0,0.08148509
1.0,0.9934268
0.0,0.0073140264
1.0,0.85537773
1.0,0.20383787
1.0,0.91223776
1.0,0.99693894
1.0,0.23100162
1.0,0.98199713
0.0,0.04861638
0.0,0.20300925
0.0,0.04494211
1.0,0.95174
1.0,0.57958436
0.0,0.062200963
0.0,0.031639963
1.0,0.10677293
0.0,0.013610065
1.0,0.9935317
0.0,0.09354845
1.0,0.88047457
1.0,0.9764483
0.0,0.17317384
1.0,0.31264764
0.0,0.031992435
1.0,0.99712956
1.0,0.9666537
1.0,0.15019569
0.0,0.033524394
0.0,0.044652343
1.0,0.8120195
0.0,0.096084625
1.0,0.92703
0.0,0.03446436
0.0,0.9313849
0.0,0.09170559
0.0,0.27741334
0.0,0.010508031
0.0,0.20500419
0.0,0.12618819
1.0,0.9752548
1.0,0.13371992
0.0,0.023533434
1.0,0.99344635
1.0,0.8402776
0.0,0.8969171
0.0,0.8105939
0.0,0.0775975
0.0,0.023074508
0.0,0.02637422
0.0,0.05434656
1.0,0.3816565
1.0,0.99359965
0.0,0.012292534
0.0,0.007868946
0.0,0.79614246
0.0,0.9388455
0.0,0.10923743
1.0,0.91241765
0.0,0.13688591
0.0,0.077884614
1.0,0.9236419
1.0,0.9725922
0.0,0.051919848
0.0,0.18998784
0.0,0.012772113
1.0,0.944529
1.0,0.8895036
0.0,0.03341052
0.0,0.0403786
0.0,0.011086941
0.0,0.0892781
0.0,0.011029512
1.0,0.98405594
1.0,0.7842206
1.0,0.17048106
0.0,0.0075217485
1.0,0.20591778
0.0,0.42526576
1.0,0.99625206
1.0,0.31655407
0.0,0.010471553
0.0,0.006526649
0.0,0.012629807
0.0,0.840005
0.0,0.3882104
1.0,0.9985732
0.0,0.75391865
0.0,0.6278536
0.0,0.022826463
0.0,0.005464852
0.0,0.17785269
0.0,0.08050698
0.0,0.057091504
1.0,0.8022408
1.0,0.98974913
0.0,0.009109467
0.0,0.8092315
0.0,0.54039145
0.0,0.06415701
1.0,0.9939439
0.0,0.041243315
0.0,0.116763264
1.0,0.2563022
0.0,0.926383
0.0,0.029695362
0.0,0.019443452
0.0,0.009669334
1.0,0.9970633
1.0,0.94738996
0.0,0.011862725
1.0,0.43171364
1.0,0.9726722
1.0,0.98233753
0.0,0.28235495
0.0,0.12060025
1.0,0.97731984
1.0,0.98444366
0.0,0.016165018
1.0,0.98324716
0.0,0.039882272
1.0,0.95602214
1.0,0.9386755
1.0,0.93149555
0.0,0.028376758
1.0,0.64287674
1.0,0.29716784
0.0,0.14252415
0.0,0.060024798
0.0,0.99337745
0.0,0.049815625
0.0,0.02663663
0.0,0.012040734
1.0,0.9983033
0.0,0.080711246
0.0,0.10556948
0.0,0.19587573
0.0,0.008927703
0.0,0.079627335
0.0,0.04825306
1.0,0.8991036
0.0,0.021786958
0.0,0.045042813
0.0,0.4225941
1.0,0.8536631
1.0,0.8821317
1.0,0.94139624
1.0,0.98833454
0.0,0.02026543
0.0,0.055556178
0.0,0.020058244
0.0,0.121590406
0.0,0.7738031
0.0,0.014583766
1.0,0.976519
0.0,0.7305496
1.0,0.098264754
1.0,0.06504062
1.0,0.81229305
0.0,0.0391829
0.0,0.017422974
0.0,0.006859094
0.0,0.013729811
1.0,0.3057689
1.0,0.97988963
1.0,0.79365766
1.0,0.89224184
1.0,0.9975736
0.0,0.021728456
0.0,0.034632385
0.0,0.92408043
0.0,0.014649868
1.0,0.9743891
0.0,0.012825757
0.0,0.8739836
1.0,0.9881818
1.0,0.6743745
0.0,0.01919797
0.0,0.164015
0.0,0.30156493
0.0,0.51718855
1.0,0.7891364
0.0,0.9948325
0.0,0.4712359
1.0,0.9971162
0.0,0.0589453
1.0,0.9813935
1.0,0.9687911
0.0,0.006067246
0.0,0.76298237
0.0,0.011073202
0.0,0.031152189
1.0,0.8080921
0.0,0.027283967
0.0,0.065330684
0.0,0.33495528
0.0,0.010658532
1.0,0.9897224
1.0,0.18201849
1.0,0.9150549
1.0,0.94552773
0.0,0.681425
0.0,0.052732974
1.0,0.8473178
0.0,0.021849245
1.0,0.37644467
0.0,0.041892648
1.0,0.97002524
1.0,0.9939225
0.0,0.58505905
0.0,0.17525429
0.0,0.42749086
0.0,0.039024085
0.0,0.018594086
0.0,0.03093952
1.0,0.88779896
0.0,0.013355166
0.0,0.19274387
0.0,0.35180235
0.0,0.091136485
0.0,0.01877603
0.0,0.0063036084
0.0,0.5468098
0.0,0.006010413
0.0,0.005797863
0.0,0.037762612
0.0,0.15718663
0.0,0.03371197
1.0,0.11415085
0.0,0.0872646
1.0,0.9911061
0.0,0.009804308
0.0,0.0065493286
1.0,0.78414166
0.0,0.015495777
1.0,0.9873527
0.0,0.08506295
1.0,0.9350203
0.0,0.7426811
0.0,0.048642933
1.0,0.8203458
1.0,0.2265248
0.0,0.010403842
0.0,0.06362364
0.0,0.0065221786
0.0,0.00602597
0.0,0.008521944
0.0,0.86898184
1.0,0.9661886
1.0,0.80990446
0.0,0.12119448
0.0,0.016123414
1.0,0.8080344
1.0,0.94061446
1.0,0.80307686
0.0,0.0055014193
1.0,0.06519711
0.0,0.19271553
1.0,0.41096348
0.0,0.0053554475
1.0,0.7918749
0.0,0.009901196
0.0,0.13323143
0.0,0.06936726
0.0,0.90611935
1.0,0.96501327
0.0,0.059550703
0.0,0.113247305
1.0,0.9888001
0.0,0.020656139
0.0,0.882758
0.0,0.5331858
1.0,0.9908745
0.0,0.61641955
0.0,0.043732792
0.0,0.9936642
1.0,0.98105955
0.0,0.0058904886
0.0,0.8356912
0.0,0.06344941
1.0,0.5070338
0.0,0.04731679
1.0,0.9894709
0.0,0.246032
1.0,0.81955504
1.0,0.9966026
0.0,0.9760523
1.0,0.9796351
1.0,0.9963666
0.0,0.016422063
0.0,0.9604492
0.0,0.021540284
1.0,0.99175423
0.0,0.3482316
1.0,0.30249202
1.0,0.48376846
0.0,0.037303984
1.0,0.98098785
0.0,0.20462379
1.0,0.58342963
0.0,0.6518928
1.0,0.11737731
0.0,0.79780495
1.0,0.031284004
0.0,0.5867332
0.0,0.01733175
0.0,0.0131649375
0.0,0.034842312
0.0,0.02725014
0.0,0.005428672
0.0,0.009852082
0.0,0.33064935
0.0,0.08560181
0.0,0.49779183
0.0,0.3593329
0.0,0.035421938
1.0,0.98375905
1.0,0.18871292
0.0,0.61332005
1.0,0.036027312
0.0,0.048756123
0.0,0.3109946
0.0,0.81470406
0.0,0.09358242
0.0,0.045145392
0.0,0.14816302
1.0,0.94127786
0.0,0.008473605
0.0,0.019337595
1.0,0.02761817
0.0,0.013821632
1.0,0.9585385
0.0,0.10556954
0.0,0.06018576
1.0,0.90436804
0.0,0.016944975
1.0,0.9654957
0.0,0.016290277
0.0,0.0060532093
0.0,0.017088503
1.0,0.98543024
0.0,0.03594768
1.0,0.13129574
1.0,0.69963396
0.0,0.989022
0.0,0.006267071
1.0,0.03353429
0.0,0.011040449
0.0,0.07162538
0.0,0.8174808
0.0,0.005534172
0.0,0.83739996
0.0,0.9669949
1.0,0.63845426
0.0,0.03245136
1.0,0.898968
0.0,0.008708864
0.0,0.008177578
0.0,0.010096818
1.0,0.9223764
1.0,0.9896283
0.0,0.22663379
0.0,0.34644148
0.0,0.007923156
0.0,0.07922757
0.0,0.058803916
0.0,0.015944391
0.0,0.005622864
1.0,0.13108262
1.0,0.9286113
0.0,0.037775964
0.0,0.9891983
1.0,0.13569707
0.0,0.0059914887
1.0,0.94147587
0.0,0.010343254
0.0,0.054549158
1.0,0.9726273
0.0,0.7528255
1.0,0.22902703
1.0,0.9876137
1.0,0.9934064
0.0,0.33197916
0.0,0.0312424
0.0,0.11235547
1.0,0.9691989
0.0,0.62508285
1.0,0.9935712
0.0,0.036368877
0.0,0.022243798
0.0,0.11429736
1.0,0.90721047
0.0,0.01972884
0.0,0.045925736
0.0,0.40900892
1.0,0.06257427
1.0,0.99833417
0.0,0.096951604
0.0,0.023314208
1.0,0.9871497
1.0,0.9927114
1.0,0.9389491
1.0,0.11308393
0.0,0.011231542
1.0,0.95220494
0.0,0.17429769
0.0,0.07876262
0.0,0.009634674
1.0,0.8028251
0.0,0.16596895
0.0,0.07407713
0.0,0.0073561966
1.0,0.8275729
0.0,0.15720326
1.0,0.9861977
1.0,0.97249055
0.0,0.038056582
1.0,0.8239429
0.0,0.03600788
1.0,0.6475572
0.0,0.532621
0.0,0.019946665
0.0,0.04021427
0.0,0.10188055
1.0,0.99743956
0.0,0.0354757
0.0,0.26849076
0.0,0.54804295
1.0,0.9991834
1.0,0.9335212
0.0,0.037961602
1.0,0.9730002
1.0,0.99078965
1.0,0.99882567
1.0,0.39728585
0.0,0.16908106
1.0,0.77481705
0.0,0.08601034
0.0,0.61392426
1.0,0.3113233
0.0,0.027090311
0.0,0.023669332
0.0,0.086387604
1.0,0.44975394
0.0,0.66382265
0.0,0.27608854
1.0,0.9784831
0.0,0.021829188
1.0,0.8465324
0.0,0.026738852
0.0,0.96007514
1.0,0.83607006
1.0,0.9742923
0.0,0.012022376
1.0,0.9689933
1.0,0.99388254
0.0,0.7567575
0.0,0.85836995
1.0,0.82864714
0.0,0.0566445
1.0,0.9888146
0.0,0.053985387
0.0,0.0688006
1.0,0.42316836
1.0,0.9337088
0.0,0.07978746
1.0,0.52941805
0.0,0.09387791
0.0,0.08997291
1.0,0.9926283
0.0,0.051209986
0.0,0.063056916
0.0,0.040446997
1.0,0.6667143
0.0,0.026615888
0.0,0.020206481
1.0,0.9032117
1.0,0.9879075
0.0,0.037329286
0.0,0.42543682
0.0,0.01199767
1.0,0.18035349
0.0,0.7350865
0.0,0.012044936
0.0,0.043718934
0.0,0.01161167
0.0,0.007839888
1.0,0.25075728
0.0,0.10579124
0.0,0.0058061182
0.0,0.37558955
1.0,0.95467746
1.0,0.9982553
1.0,0.85078555
0.0,0.867446
0.0,0.022312343
0.0,0.9799037
1.0,0.99222594
0.0,0.04630366
1.0,0.45791638
0.0,0.02439329
1.0,0.99075776
0.0,0.06285223
1.0,0.894992
0.0,0.93520945
1.0,0.51721084
0.0,0.11777419
0.0,0.08132571
1.0,0.91707605
1.0,0.9480634
1.0,0.9927356
0.0,0.1451425
1.0,0.9700403
1.0,0.49693528
1.0,0.26544356
0.0,0.0056646764
1.0,0.68626046
0.0,0.030325294
0.0,0.9489528
1.0,0.67256814
0.0,0.3018555
0.0,0.021543741
0.0,0.038337827
0.0,0.056999087
0.0,0.5005689
1.0,0.98474455
1.0,0.97772175
0.0,0.35634702
0.0,0.65956503
0.0,0.024335593
1.0,0.9975995
0.0,0.8248259
0.0,0.24700949
0.0,0.009606063
0.0,0.031799853
0.0,0.036069423
0.0,0.9801537
1.0,0.99367905
1.0,0.9932775
1.0,0.15725696
0.0,0.37342072
0.0,0.01268509
0.0,0.01782915
0.0,0.037184298
0.0,0.03619978
1.0,0.97782975
0.0,0.040377706
0.0,0.17248282
1.0,0.9975748
0.0,0.0868364
1.0,0.12623075
1.0,0.8924502
0.0,0.3925736
0.0,0.010758847
0.0,0.05665219
1.0,0.7120297
0.0,0.11849904
0.0,0.031264096
1.0,0.96006715
1.0,0.58699
0.0,0.008876383
0.0,0.043436915
0.0,0.7198651
0.0,0.0200603
0.0,0.25095838
1.0,0.43233678
1.0,0.9299335
0.0,0.025608093
0.0,0.0055701137
0.0,0.80035007
0.0,0.33559915
1.0,0.952141
0.0,0.032734185
1.0,0.9945358
0.0,0.037548095
1.0,0.9885292
0.0,0.015431166
1.0,0.9785222
1.0,0.7869568
0.0,0.036918163
0.0,0.12845919
0.0,0.014721483
0.0,0.06566596
1.0,0.69096285
1.0,0.008845389
1.0,0.19948229
1.0,0.3078951
1.0,0.7990249
0.0,0.0067993104
1.0,0.26886427
1.0,0.8302519
0.0,0.029565692
0.0,0.03929013
0.0,0.040539086
1.0,0.53019893
1.0,0.99315256
0.0,0.9277761
0.0,0.020198435
1.0,0.9341842
0.0,0.026337057
0.0,0.046173602
1.0,0.9809238
0.0,0.6063898
0.0,0.045612574
1.0,0.12514609
1.0,0.918705
0.0,0.01872325
0.0,0.034015924
0.0,0.03573668
1.0,0.99311584
1.0,0.98277
0.0,0.76222074
0.0,0.25835836
1.0,0.99456894
1.0,0.8135346
0.0,0.023771793
0.0,0.11435214
0.0,0.08498436
1.0,0.18203458
1.0,0.18376696
0.0,0.05064884
0.0,0.09174049
1.0,0.98020005
0.0,0.031161964
0.0,0.030254692
0.0,0.06998792
0.0,0.8659106
1.0,0.9802644
0.0,0.86619633
0.0,0.024696857
0.0,0.9461548
0.0,0.3186474
0.0,0.052217454
1.0,0.8262316
1.0,0.7833196
0.0,0.17687634
1.0,0.98845017
0.0,0.41868684
1.0,0.98315525
1.0,0.04989186
1.0,0.9743376
0.0,0.014370799
0.0,0.19682506
0.0,0.022219002
1.0,0.99760705
0.0,0.011503607
1.0,0.99500316
0.0,0.06746331
0.0,0.007837236
1.0,0.112694025
1.0,0.9839369
0.0,0.009876698
1.0,0.8014844
0.0,0.05202177
1.0,0.9757188
0.0,0.0061318576
1.0,0.6281871
1.0,0.05140683
0.0,0.042351395
0.0,0.010885537
0.0,0.020858735
0.0,0.022989482
0.0,0.020374626
0.0,0.9105449
0.0,0.08622211
0.0,0.022922993
0.0,0.97647035
0.0,0.009498924
1.0,0.97144115
0.0,0.3762985
0.0,0.40578306
1.0,0.99739105
0.0,0.06889254
1.0,0.9969812
0.0,0.028396487
1.0,0.9959669
0.0,0.019345105
0.0,0.06995982
1.0,0.9963893
0.0,0.056544393
0.0,0.014342636
0.0,0.028148413
1.0,0.99176747
1.0,0.41231042
0.0,0.017058164
1.0,0.9775168
1.0,0.25883526
1.0,0.98391765
0.0,0.3561234
1.0,0.13829353
1.0,0.94393116
0.0,0.22323
1.0,0.56549615
1.0,0.5241307
0.0,0.045212805
0.0,0.009593129
0.0,0.023829728
0.0,0.048119694
0.0,0.014246494
0.0,0.052809566
0.0,0.041612506
0.0,0.004719585
1.0,0.95005083
0.0,0.08031672
0.0,0.009632647
0.0,0.03270179
0.0,0.076705605
1.0,0.8574406
0.0,0.006627947
1.0,0.9218229
0.0,0.43892196
0.0,0.00985685
1.0,0.590421
1.0,0.8797679
0.0,0.21898258
0.0,0.030448228
1.0,0.9191682
0.0,0.9566343
0.0,0.04020989
1.0,0.7384888
1.0,0.7540809
1.0,0.77567255
1.0,0.8367057
0.0,0.030109972
0.0,0.0076059997
1.0,0.69856083
0.0,0.024420649
0.0,0.0053940713
1.0,0.9935558
1.0,0.87683105
1.0,0.9894962
0.0,0.022343457
1.0,0.18646866
1.0,0.9645602
1.0,0.9788852
0.0,0.0066145957
0.0,0.0072054267
1.0,0.19911095
0.0,0.055078596
0.0,0.81998515
0.0,0.044686347
1.0,0.99191535
0.0,0.026305676
0.0,0.03592643
0.0,0.06635344
0.0,0.1568332
0.0,0.07378715
0.0,0.010379881
0.0,0.881997
1.0,0.99841356
0.0,0.069081664
1.0,0.8715488
0.0,0.009798557
0.0,0.8901772
0.0,0.90243447
1.0,0.019601822
0.0,0.78059757
0.0,0.024590433
0.0,0.0054353178
0.0,0.3179406
0.0,0.06633997
1.0,0.9894848
0.0,0.46507663
1.0,0.958597
0.0,0.036770016
0.0,0.049441844
0.0,0.04466456
0.0,0.7391239
0.0,0.07171139
0.0,0.44746506
0.0,0.3919387
0.0,0.22436726
1.0,0.9330743
0.0,0.056321353
1.0,0.64954793
1.0,0.695331
0.0,0.077531934
0.0,0.032137245
1.0,0.8151749
0.0,0.024338871
1.0,0.6831372
1.0,0.7659868
0.0,0.0140297115
1.0,0.41122603
0.0,0.008788109
1.0,0.98684907
0.0,0.1133157
0.0,0.1598542
1.0,0.48512805
0.0,0.87408584
0.0,0.0065594316
0.0,0.68786913
1.0,0.7785711
1.0,0.98416495
0.0,0.006744653
0.0,0.08640516
1.0,0.54410326
0.0,0.7325816
1.0,0.13210031
0.0,0.1541734
1.0,0.09417838
0.0,0.6679226
0.0,0.045830905
0.0,0.82782733
0.0,0.025684953
0.0,0.16271022
1.0,0.04244554
0.0,0.384861
1.0,0.93911666
0.0,0.030113786
1.0,0.37481466
0.0,0.0127005875
0.0,0.007092446
0.0,0.051916033
0.0,0.04137069
0.0,0.19079515
0.0,0.11119464
0.0,0.10803616
0.0,0.0967291
1.0,0.9752664
0.0,0.0286932
0.0,0.06261027
1.0,0.85148466
1.0,0.5524717
0.0,0.039423376
0.0,0.12487516
1.0,0.69145215
0.0,0.23134762
1.0,0.079067886
1.0,0.93934953
1.0,0.84767044
1.0,0.82637984
0.0,0.037792653
0.0,0.0069074333
1.0,0.16841504
0.0,0.31282544
1.0,0.99007845
1.0,0.7598692
1.0,0.9922872
0.0,0.10596341
0.0,0.01249361
0.0,0.19357926
0.0,0.042133927
1.0,0.18538845
1.0,0.92778534
0.0,0.09406543
0.0,0.17233384
0.0,0.09051108
0.0,0.25053114
1.0,0.044804096
1.0,0.8367052
1.0,0.972418
0.0,0.92302656
1.0,0.505051
1.0,0.79543734
1.0,0.30277133
1.0,0.97755337
0.0,0.25833517
0.0,0.8616913
0.0,0.7274591
0.0,0.017582417
1.0,0.9448838
1.0,0.9951669
1.0,0.9386292
1.0,0.91799295
0.0,0.054005235
0.0,0.008576602
0.0,0.03518033
0.0,0.06430343
1.0,0.9024997
0.0,0.1986166
0.0,0.027840972
0.0,0.12952921
0.0,0.016097635
1.0,0.78635085
1.0,0.77352655
1.0,0.9730489
0.0,0.09162465
0.0,0.087271005
1.0,0.8347609
1.0,0.9945036
0.0,0.062419176
1.0,0.94373375
0.0,0.8401964
1.0,0.9972521
1.0,0.99706066
1.0,0.6646112
0.0,0.042728454
0.0,0.10264447
1.0,0.9948555
0.0,0.08881861
0.0,0.34065259
1.0,0.99417853
0.0,0.039428204
0.0,0.04661122
0.0,0.09896064
1.0,0.3047044
0.0,0.60104376
0.0,0.41647887
1.0,0.67373
0.0,0.5785354
0.0,0.0521906
0.0,0.04253629
0.0,0.22384515
1.0,0.82133555
0.0,0.8858577
0.0,0.031501234
0.0,0.006976843
1.0,0.14680576
0.0,0.045294285
0.0,0.0062251985
1.0,0.85015666
0.0,0.43432704
0.0,0.015708864
1.0,0.9891064
1.0,0.9005606
0.0,0.007391572
1.0,0.29027897
1.0,0.33111447
0.0,0.54115057
0.0,0.6503124
1.0,0.7341606
1.0,0.715063
0.0,0.020049363
1.0,0.16482198
1.0,0.22254297
1.0,0.17850143
0.0,0.17810172
1.0,0.1202302
0.0,0.032951325
1.0,0.8714798
0.0,0.005642742
1.0,0.9600381
0.0,0.76801884
0.0,0.10047087
1.0,0.8443527
0.0,0.039166152
1.0,0.95875204
1.0,0.7946727
1.0,0.9604391
1.0,0.61715555
0.0,0.053823262
1.0,0.049644172
0.0,0.51543784
0.0,0.009968609
0.0,0.050360143
0.0,0.02861622
1.0,0.98007095
0.0,0.018114686
0.0,0.49353978
0.0,0.721122
0.0,0.60646856
1.0,0.9321518
0.0,0.57860696
0.0,0.01799941
0.0,0.068760455
0.0,0.7446218
1.0,0.8056594
0.0,0.011060536
1.0,0.9656215
1.0,0.9876596
0.0,0.7936932
0.0,0.009887099
0.0,0.009478986
1.0,0.96271735
0.0,0.04958108
1.0,0.05660543
1.0,0.85524464
1.0,0.9809939
0.0,0.79077345
0.0,0.25014615
0.0,0.015260607
0.0,0.71081996
0.0,0.035601437
0.0,0.008790821
0.0,0.16439861
1.0,0.59708506
0.0,0.35682708
1.0,0.919502
0.0,0.16890249
1.0,0.9518116
1.0,0.97220874
1.0,0.58342296
1.0,0.91653866
0.0,0.21957508
0.0,0.9640997
0.0,0.04661277
1.0,0.768655
1.0,0.97482145
0.0,0.021529704
1.0,0.26336598
1.0,0.9748415
1.0,0.8408861
1.0,0.21659705
0.0,0.6372837
0.0,0.050258875
1.0,0.93906844
0.0,0.02693069
0.0,0.082157135
1.0,0.98814964
0.0,0.02214706
0.0,0.6653815
0.0,0.14557615
0.0,0.009760261
0.0,0.0771856
1.0,0.9917402
0.0,0.014593452
0.0,0.44131473
1.0,0.1313237
0.0,0.055400968
1.0,0.9670004
0.0,0.28320312
0.0,0.021254957
0.0,0.00907281
0.0,0.45056343
1.0,0.839571
0.0,0.26485017
0.0,0.11766893
1.0,0.9345822
1.0,0.9347028
0.0,0.037810475
0.0,0.018850446
0.0,0.023444027
1.0,0.48656934
0.0,0.09636477
1.0,0.9440669
1.0,0.8009498
1.0,0.43204036
1.0,0.97800386
1.0,0.94672424
0.0,0.93908155
1.0,0.8962986
1.0,0.993997
0.0,0.0098076165
0.0,0.009570569
0.0,0.030518323
1.0,0.8585341
0.0,0.02355674
0.0,0.022054762
0.0,0.076419085
1.0,0.9875752
0.0,0.0473046
1.0,0.95820546
0.0,0.18283314
0.0,0.5450698
0.0,0.061443925
0.0,0.046560615
0.0,0.028899014
1.0,0.67670584
1.0,0.9925586
0.0,0.0436334
0.0,0.08778593
1.0,0.553595
0.0,0.004789412
1.0,0.99418706
0.0,0.03965056
0.0,0.020543069
0.0,0.0343028
1.0,0.97925544
1.0,0.81875086
0.0,0.054295093
0.0,0.17561218
1.0,0.76478386
0.0,0.058365285
0.0,0.015123725
1.0,0.95157075
1.0,0.9942874
1.0,0.9191162
0.0,0.025804788
1.0,0.97790664
1.0,0.9570697
0.0,0.25543678
0.0,0.031407923
0.0,0.014072925
0.0,0.057059288
0.0,0.006506175
0.0,0.03939715
1.0,0.5478157
1.0,0.8808669
0.0,0.08976427
0.0,0.021952987
0.0,0.069176644
0.0,0.12677747
1.0,0.97309744
0.0,0.96714246
0.0,0.055024683
0.0,0.8271046
0.0,0.98710394
1.0,0.0651308
0.0,0.008532584
0.0,0.8254913
1.0,0.97524035
0.0,0.06248501
0.0,0.11487824
0.0,0.035927147
0.0,0.017185748
1.0,0.79598427
1.0,0.9279663
0.0,0.049656898
0.0,0.9797243
0.0,0.008750588
0.0,0.9691752
0.0,0.9570545
0.0,0.40476644
0.0,0.01316458
0.0,0.14144146
1.0,0.0163185
0.0,0.03991586
1.0,0.2470324
0.0,0.78884745
0.0,0.005999297
0.0,0.076321214
0.0,0.12621564
0.0,0.25231338
0.0,0.051240087
1.0,0.99190134
0.0,0.009820938
0.0,0.6754677
0.0,0.083804846
1.0,0.8406381
1.0,0.9489317
0.0,0.06116876
0.0,0.5766225
0.0,0.006331384
1.0,0.99876547
1.0,0.7952596
1.0,0.99120545
0.0,0.1177935
1.0,0.99419516
0.0,0.048834413
0.0,0.006191969
0.0,0.032606483
1.0,0.02703479
0.0,0.005335778
0.0,0.012216449
1.0,0.9975443
1.0,0.2778988
0.0,0.020538926
1.0,0.9982215
0.0,0.03674671
1.0,0.7744006
0.0,0.08045113
1.0,0.9552119
0.0,0.9852319
0.0,0.19935429
1.0,0.9157908
0.0,0.012294561
0.0,0.10832983
0.0,0.03297612
0.0,0.026631594
0.0,0.0489662
0.0,0.021824777
1.0,0.87578875
1.0,0.83189166
0.0,0.5777258
0.0,0.03580758
0.0,0.026143163
0.0,0.07225844
1.0,0.9938643
0.0,0.02299738
0.0,0.08042312
0.0,0.8604574
0.0,0.13869554
0.0,0.005538374
1.0,0.9580931
1.0,0.95381725
0.0,0.0067647696
0.0,0.016490996
0.0,0.031244576
0.0,0.008598447
1.0,0.63625914
0.0,0.83137155
0.0,0.038024426
0.0,0.022834927
1.0,0.9525722
0.0,0.016251922
0.0,0.3850882
1.0,0.9759019
0.0,0.015492648
0.0,0.17847556
1.0,0.8104324
1.0,0.7850934
1.0,0.96381557
0.0,0.0065609515
0.0,0.011152536
0.0,0.2245102
0.0,0.022641063
1.0,0.300283
0.0,0.23799124
1.0,0.14780405
0.0,0.0072003305
0.0,0.01241678
0.0,0.11907527
1.0,0.9911939
0.0,0.860852
0.0,0.08781406
0.0,0.32067126
1.0,0.7434312
0.0,0.031504303
0.0,0.31347612
0.0,0.006561905
1.0,0.12180677
0.0,0.015421033
0.0,0.006104052
1.0,0.10897088
1.0,0.9894006
0.0,0.0046964884
1.0,0.997465
1.0,0.9962083
1.0,0.92972684
1.0,0.9194764
0.0,0.048386484
1.0,0.89663947
0.0,0.99802285
1.0,0.066529214
0.0,0.019642144
1.0,0.43077272
0.0,0.8783447
1.0,0.21473959
1.0,0.9961959
1.0,0.80359054
0.0,0.014604241
0.0,0.72276217
0.0,0.85186106
0.0,0.016604155
0.0,0.03641671
0.0,0.1717192
1.0,0.99512494
1.0,0.99431986
1.0,0.15262052
0.0,0.00947386
0.0,0.016281068
0.0,0.05677238
0.0,0.7554451
1.0,0.03223926
0.0,0.073587954
0.0,0.026027799
0.0,0.046903104
0.0,0.28800848
1.0,0.9095651
0.0,0.52501
0.0,0.8353459
0.0,0.2127319
1.0,0.4315031
0.0,0.03881669
0.0,0.52970254
1.0,0.17977476
0.0,0.14973298
1.0,0.13955194
0.0,0.025763422
0.0,0.35594362
0.0,0.009377509
0.0,0.037567884
0.0,0.005716473
1.0,0.94080746
0.0,0.07685748
0.0,0.061590493
1.0,0.99377394
1.0,0.9803476
0.0,0.20192069
1.0,0.030007303
0.0,0.18082047
0.0,0.057938844
1.0,0.97858393
0.0,0.006372988
0.0,0.13760251
0.0,0.037900925
0.0,0.010687292
1.0,0.99184525
1.0,0.9666657
1.0,0.76132476
1.0,0.9892256
0.0,0.020502001
0.0,0.04245442
0.0,0.054496646
1.0,0.9866687
0.0,0.014329344
0.0,0.03949076
1.0,0.9733933
1.0,0.5513979
1.0,0.9213282
0.0,0.008957356
0.0,0.22625402
0.0,0.6179864
1.0,0.99348354
1.0,0.96622074
1.0,0.9500253
0.0,0.27976575
0.0,0.0063905716
0.0,0.005581081
1.0,0.8825506
1.0,0.18329048
0.0,0.26535246
1.0,0.96417403
1.0,0.5603218
1.0,0.9703512
1.0,0.5331256
0.0,0.30173528
0.0,0.04434493
1.0,0.46999514
1.0,0.81755126
0.0,0.044563115
0.0,0.040807396
0.0,0.015416801
0.0,0.025399178
0.0,0.039049834
0.0,0.72461265
0.0,0.023298234
0.0,0.06549105
1.0,0.8463752
1.0,0.8017864
0.0,0.83813554
1.0,0.9856381
0.0,0.011836886
1.0,0.9392444
0.0,0.2677095
1.0,0.9890772
0.0,0.0066200197
0.0,0.010839015
0.0,0.010699034
0.0,0.3821286
1.0,0.11287877
1.0,0.99325246
0.0,0.04717329
0.0,0.090812474
1.0,0.2443029
0.0,0.060101718
1.0,0.9865178
1.0,0.766278
0.0,0.016213894
0.0,0.03415498
0.0,0.2705121
0.0,0.99814415
0.0,0.86778295
0.0,0.017548054
0.0,0.51188916
0.0,0.03052044
1.0,0.9814271
1.0,0.98237175
1.0,0.89184403
1.0,0.86237335
0.0,0.017451942
0.0,0.6388864
1.0,0.92368543
0.0,0.28952068
0.0,0.02161169
0.0,0.04949361
1.0,0.23444206
1.0,0.22238353
0.0,0.015260428
1.0,0.97096217
1.0,0.99286234
0.0,0.007238865
0.0,0.024988472
1.0,0.9793677
0.0,0.025878966
0.0,0.9563571
0.0,0.005323738
0.0,0.039944917
1.0,0.07304454
0.0,0.021496087
0.0,0.01442337
0.0,0.29735088
1.0,0.23753026
0.0,0.015166581
0.0,0.065500796
1.0,0.8094932
0.0,0.015837103
0.0,0.19036531
0.0,0.9642079
1.0,0.99342847
1.0,0.5985596
1.0,0.08970812
0.0,0.043619394
0.0,0.16729751
1.0,0.20638773
0.0,0.009710699
0.0,0.007791966
0.0,0.07737437
0.0,0.036039054
1.0,0.49747634
0.0,0.3031814
0.0,0.8930182
1.0,0.793069
0.0,0.036937565
0.0,0.039750934
0.0,0.7987703
0.0,0.203819
1.0,0.83029944
1.0,0.9929875
0.0,0.39748943
1.0,0.8077965
0.0,0.034093946
0.0,0.03218314
0.0,0.0070957243
1.0,0.46263686
0.0,0.008202761
0.0,0.033869207
1.0,0.9644247
1.0,0.7772229
1.0,0.9078615
0.0,0.50900584
1.0,0.942037
1.0,0.8536838
0.0,0.0048618615
0.0,0.92830306
0.0,0.5969067
1.0,0.35471463
0.0,0.03201893
0.0,0.2292242
0.0,0.025409698
0.0,0.040142804
0.0,0.024979115
0.0,0.074707985
0.0,0.21604314
0.0,0.8616973
0.0,0.28960562
1.0,0.6109147
1.0,0.77647007
1.0,0.81699073
0.0,0.015693128
1.0,0.99828035
0.0,0.22997296
0.0,0.03592983
1.0,0.98271585
0.0,0.21225116
0.0,0.022130966
0.0,0.22203323
0.0,0.02665937
0.0,0.12677905
0.0,0.8618506
0.0,0.049545407
1.0,0.8988114
0.0,0.0059266686
0.0,0.018709213
0.0,0.0119873285
1.0,0.9624924
1.0,0.9644848
0.0,0.7893528
1.0,0.81598663
0.0,0.041619778
1.0,0.15092605
0.0,0.013463229
0.0,0.019865781
1.0,0.05192107
0.0,0.0053943694
0.0,0.018179238
1.0,0.4833912
0.0,0.056197107
1.0,0.029954314
0.0,0.17061108
0.0,0.021236748
1.0,0.9419718
0.0,0.01648593
0.0,0.41636646
0.0,0.80458176
0.0,0.01596725
0.0,0.004123509
1.0,0.9135231
0.0,0.007511735
0.0,0.06849983
0.0,0.058268905
1.0,0.58623374
0.0,0.9684595
0.0,0.044030964
1.0,0.8067671
0.0,0.017763048
0.0,0.009773254
0.0,0.04486516
0.0,0.09228808
1.0,0.31361276
0.0,0.030405462
0.0,0.008018583
0.0,0.016365588
0.0,0.0082244575
0.0,0.70443225
1.0,0.9831847
1.0,0.8267501
0.0,0.017980576
1.0,0.9519648
0.0,0.03224981
0.0,0.022480488
0.0,0.04379952
0.0,0.08612156
1.0,0.9730998
0.0,0.031588733
0.0,0.018074185
0.0,0.120633006
0.0,0.09364429
0.0,0.19405514
0.0,0.018799126
0.0,0.006229192
0.0,0.011528611
0.0,0.008246332
0.0,0.9804157
1.0,0.33414388
0.0,0.043070048
0.0,0.01880619
0.0,0.01532653
1.0,0.9978272
0.0,0.09321198
1.0,0.9131675
0.0,0.16408542
0.0,0.04571861
0.0,0.11905393
1.0,0.98379743
1.0,0.9982823
1.0,0.95929563
1.0,0.43467453
0.0,0.34819263
0.0,0.009231955
1.0,0.99507755
1.0,0.9599577
0.0,0.025114506
0.0,0.057083607
0.0,0.8456953
1.0,0.98640686
0.0,0.02828446
0.0,0.007999778
0.0,0.03649175
0.0,0.048444897
1.0,0.5325785
1.0,0.97558296
0.0,0.0061564744
1.0,0.5444722
0.0,0.035030276
0.0,0.04360071
0.0,0.011039108
0.0,0.02481556
0.0,0.02299729
1.0,0.9269503
0.0,0.0049903095
0.0,0.067157865
0.0,0.838076
0.0,0.12615627
0.0,0.8219235
1.0,0.99384236
0.0,0.03310147
0.0,0.029567093
1.0,0.926437
0.0,0.3501418
0.0,0.013731509
1.0,0.9744248
1.0,0.7936022
0.0,0.07799372
1.0,0.9227856
0.0,0.29164732
1.0,0.83270794
1.0,0.9990008
0.0,0.11272922
1.0,0.96928155
0.0,0.049362004
0.0,0.06418422
0.0,0.40276697
0.0,0.54270595
0.0,0.045075268
0.0,0.01605609
0.0,0.4770272
1.0,0.9700489
0.0,0.14127275
0.0,0.05038333
0.0,0.38952774
0.0,0.19627303
1.0,0.95876396
0.0,0.02083835
0.0,0.68030256
0.0,0.027475178
0.0,0.019680291
0.0,0.020525515
0.0,0.97698784
1.0,0.09288865
0.0,0.11615983
1.0,0.8493153
0.0,0.008829743
1.0,0.13425925
0.0,0.07053965
0.0,0.094785064
0.0,0.04571238
0.0,0.7910033
0.0,0.473148
0.0,0.052062154
0.0,0.16938064
0.0,0.012449443
0.0,0.3121087
0.0,0.9379951
1.0,0.9816889
0.0,0.57456625
0.0,0.02226317
1.0,0.99599695
0.0,0.014771819
0.0,0.012947619
0.0,0.0071105957
1.0,0.8160038
1.0,0.5388491
1.0,0.60258937
1.0,0.9880861
0.0,0.106185675
1.0,0.88989824
0.0,0.17780554
1.0,0.4750761
0.0,0.2524293
0.0,0.97744787
0.0,0.2547586
0.0,0.012553692
0.0,0.07012582
1.0,0.97691107
1.0,0.32027256
0.0,0.9951234
1.0,0.70746684
0.0,0.016712874
1.0,0.9733611
0.0,0.034633815
0.0,0.025006086
0.0,0.9630706
0.0,0.40199947
0.0,0.104216546
0.0,0.008059561
1.0,0.9985019
0.0,0.005486399
1.0,0.99729973
1.0,0.9227923
1.0,0.9869715
0.0,0.010164082
0.0,0.9939424
0.0,0.020683318
0.0,0.14841059
0.0,0.30011165
1.0,0.21390876
0.0,0.23428994
0.0,0.10996774
0.0,0.095837384
0.0,0.019125223
0.0,0.0071464777
0.0,0.09833372
0.0,0.83138126
0.0,0.017545223
0.0,0.79380894
1.0,0.9943907
0.0,0.50696063
0.0,0.037329823
0.0,0.010755628
0.0,0.009762853
1.0,0.90733874
0.0,0.5827958
1.0,0.9897358
0.0,0.59257543
1.0,0.9990338
1.0,0.98280495
0.0,0.015736312
0.0,0.08110505
0.0,0.0414066
0.0,0.19586101
0.0,0.04532039
0.0,0.6979292
1.0,0.9842566
0.0,0.020911723
1.0,0.6097072
0.0,0.4247915
0.0,0.021023989
0.0,0.023841053
1.0,0.9746214
0.0,0.024220228
1.0,0.9970336
0.0,0.010148525
0.0,0.049153388
0.0,0.6938264
0.0,0.59167325
0.0,0.116693854
0.0,0.025982022
1.0,0.7003568
1.0,0.9321643
0.0,0.12746122
0.0,0.046296507
0.0,0.029151231
1.0,0.9716624
0.0,0.04475361
1.0,0.38217795
0.0,0.07248157
1.0,0.9209034
1.0,0.9384492
0.0,0.052455038
0.0,0.04443699
0.0,0.01423198
1.0,0.91327024
0.0,0.2006891
0.0,0.8861898
1.0,0.9782471
1.0,0.18211558
0.0,0.82271695
0.0,0.031846344
1.0,0.9853092
0.0,0.021835834
0.0,0.021620274
0.0,0.012863666
1.0,0.6780926
0.0,0.07208493
0.0,0.04957512
1.0,0.955137
1.0,0.79215974
0.0,0.3210802
0.0,0.018467009
0.0,0.025363028
1.0,0.96596974
1.0,0.9890868
1.0,0.7337499
0.0,0.0759753
0.0,0.011703908
0.0,0.024757445
0.0,0.0053720474
1.0,0.9083755
0.0,0.0061996877
0.0,0.6684526
0.0,0.18645525
0.0,0.42721644
0.0,0.2570303
0.0,0.018449694
0.0,0.23193714
0.0,0.038735837
0.0,0.015549839
1.0,0.24491757
1.0,0.9233849
0.0,0.7509841
0.0,0.1290276
1.0,0.052132696
0.0,0.008929998
1.0,0.9371975
0.0,0.041148722
0.0,0.02646041
1.0,0.9532404
1.0,0.99095225
0.0,0.26719338
0.0,0.07556924
1.0,0.41175473
0.0,0.12474465
0.0,0.23642775
0.0,0.99706316
0.0,0.048501313
1.0,0.91974247
1.0,0.33959097
0.0,0.2254807
0.0,0.006905973
0.0,0.074272275
1.0,0.91285086
0.0,0.01153934
1.0,0.3433842
0.0,0.052052587
1.0,0.83093905
1.0,0.68685
0.0,0.7357349
1.0,0.17552462
0.0,0.6673127
0.0,0.014385641
1.0,0.99221116
1.0,0.1315921
0.0,0.042939454
0.0,0.3186278
0.0,0.8121678
0.0,0.9384902
1.0,0.97067094
0.0,0.07615626
0.0,0.29110265
0.0,0.01586926
1.0,0.97634345
0.0,0.048830986
0.0,0.9041455
1.0,0.96360695
0.0,0.0070074797
0.0,0.8773756
0.0,0.05015275
1.0,0.44268048
0.0,0.17530105
1.0,0.9838593
0.0,0.024991661
1.0,0.046470165
1.0,0.58078706
1.0,0.98640853
1.0,0.9085888
0.0,0.009370685
1.0,0.263565
0.0,0.025605798
1.0,0.9939859
1.0,0.8379867
0.0,0.3268572
1.0,0.8218339
0.0,0.006006211
1.0,0.57938945
1.0,0.48680204
0.0,0.04880646
0.0,0.98266697
1.0,0.9985277
1.0,0.16725257
0.0,0.18363535
0.0,0.4467171
0.0,0.004487872
0.0,0.018789977
0.0,0.5093479
1.0,0.9267064
1.0,0.9621693
1.0,0.49211046
1.0,0.86278105
1.0,0.99804354
1.0,0.99363244
0.0,0.5880384
1.0,0.9609121
0.0,0.012935311
0.0,0.036969036
0.0,0.14127731
1.0,0.04705721
1.0,0.76171136
0.0,0.043851286
0.0,0.04925722
0.0,0.8840232
1.0,0.696067
1.0,0.11572477
1.0,0.90465474
0.0,0.011007637
0.0,0.9861747
0.0,0.106366515
0.0,0.14030004
0.0,0.042039573
0.0,0.02519244
1.0,0.9889066
1.0,0.932874
0.0,0.046618223
0.0,0.048628777
0.0,0.81436133
0.0,0.74438643
0.0,0.74695265
0.0,0.26743558
0.0,0.83165824
1.0,0.77550197
0.0,0.14018393
1.0,0.8849109
0.0,0.010282755
0.0,0.8817064
0.0,0.107308626
0.0,0.68888116
1.0,0.97867703
1.0,0.82309365
1.0,0.6981242
1.0,0.8066231
0.0,0.006093174
0.0,0.22050294
1.0,0.68445694
1.0,0.90632117
0.0,0.2728498
0.0,0.028722733
0.0,0.056285888
1.0,0.7252031
0.0,0.018773377
1.0,0.06257215
0.0,0.033369184
0.0,0.06735596
0.0,0.039996415
0.0,0.033989638
0.0,0.084682584
0.0,0.038287073
0.0,0.1375159
1.0,0.99061024
0.0,0.008256704
0.0,0.71389484
0.0,0.019190788
1.0,0.42779672
0.0,0.042666316
1.0,0.9935902
0.0,0.023781985
0.0,0.019677639
0.0,0.014464915
0.0,0.10341358
0.0,0.033934474
0.0,0.023937017
1.0,0.98042357
0.0,0.087473154
1.0,0.8078715
1.0,0.97947395
0.0,0.037047
0.0,0.037443936
1.0,0.9491627
1.0,0.99826616
0.0,0.40299198
0.0,0.4672137
0.0,0.15462524
0.0,0.08765921
0.0,0.020748705
1.0,0.32319042
0.0,0.051335245
1.0,0.6455535
1.0,0.44512647
0.0,0.9861119
0.0,0.08463356
0.0,0.021533996
0.0,0.025526702
0.0,0.87131083
0.0,0.015927643
0.0,0.017233163
0.0,0.80122983
1.0,0.8136356
1.0,0.8231986
0.0,0.040122062
0.0,0.040590137
0.0,0.1373536
1.0,0.95958066
0.0,0.0076851845
0.0,0.02256912
1.0,0.51400125
1.0,0.98203236
0.0,0.22563407
0.0,0.07195449
0.0,0.033466637
1.0,0.9772185
0.0,0.034511298
1.0,0.98353887
1.0,0.76565856
0.0,0.011326969
0.0,0.06839582
0.0,0.03298366
1.0,0.63366807
0.0,0.05263689
1.0,0.81637526
0.0,0.011024833
1.0,0.74963844
0.0,0.05009815
0.0,0.05971101
0.0,0.010492623
1.0,0.9961537
0.0,0.8618192
1.0,0.9940478
1.0,0.97359985
0.0,0.014256448
1.0,0.32137558
0.0,0.06098938
1.0,0.3075403
0.0,0.010636717
1.0,0.97036314
0.0,0.0071179867
1.0,0.828802
1.0,0.98351836
1.0,0.9947312
0.0,0.025581717
1.0,0.9654666
1.0,0.35892183
0.0,0.030493677
1.0,0.9748385
1.0,0.60009354
1.0,0.08780579
0.0,0.13398711
0.0,0.020105518
0.0,0.979521
0.0,0.08115953
