0.0,0.10552111
0.0,0.8084469
1.0,0.16977918
0.0,0.08016735
1.0,0.5421803
0.0,0.021074265
1.0,0.9538429
1.0,0.763661
1.0,0.6543684
0.0,0.005856931
0.0,0.19107294
1.0,0.94729614
0.0,0.012588143
0.0,0.11057514
0.0,0.026683003
0.0,0.004534155
1.0,0.14103898
0.0,0.029029101
0.0,0.014392465
1.0,0.44338173
1.0,0.6480444
0.0,0.009826422
1.0,0.9625017
0.0,0.028731376
0.0,0.0112992525
1.0,0.68796897
0.0,0.049840003
1.0,0.9222967
0.0,0.016753465
1.0,0.82868993
0.0,0.01368475
0.0,0.2629397
1.0,0.9380236
1.0,0.99616086
1.0,0.92531383
1.0,0.9834627
1.0,0.49385947
0.0,0.036158264
1.0,0.9752008
1.0,0.04373449
1.0,0.9825267
1.0,0.9927727
0.0,0.014581859
1.0,0.9866226
1.0,0.8423984
0.0,0.03567013
0.0,0.0038083792
0.0,0.09550172
0.0,0.020149738
1.0,0.99764776
0.0,0.21374777
1.0,0.79417604
1.0,0.9817493
1.0,0.79471254
0.0,0.01562202
0.0,0.0077474117
0.0,0.07643047
1.0,0.04936737
1.0,0.6193737
1.0,0.16069603
1.0,0.9949733
0.0,0.41286075
1.0,0.99429655
1.0,0.8593699
1.0,0.9906318
0.0,0.20943397
0.0,0.062077045
1.0,0.9821867
0.0,0.013402671
1.0,0.9609442
0.0,0.19466034
1.0,0.95587695
0.0,0.0035139918
0.0,0.055920005
1.0,0.4519649
0.0,0.07414207
0.0,0.011924416
0.0,0.26650012
0.0,0.0112606585
1.0,0.94774234
0.0,0.024548888
1.0,0.9910139
1.0,0.9863508
1.0,0.9996191
1.0,0.9936133
1.0,0.7869811
1.0,0.99157894
0.0,0.13003767
0.0,0.02527073
1.0,0.8573337
0.0,0.0064098835
1.0,0.15505084
0.0,0.013113737
0.0,0.7628496
0.0,0.20787817
1.0,0.95911324
0.0,0.022391707
0.0,0.03288868
1.0,0.46029112
1.0,0.9948113
0.0,0.014522493
0.0,0.04276532
1.0,0.02669704
0.0,0.09712306
0.0,0.11334723
1.0,0.87506354
1.0,0.033941686
0.0,0.023293376
1.0,0.010552317
1.0,0.99478817
1.0,0.97049296
0.0,0.04788181
1.0,0.029245704
0.0,0.039018154
0.0,0.032411307
1.0,0.5318903
0.0,0.035746217
1.0,0.265521
1.0,0.42228964
1.0,0.98411524
0.0,0.17100209
1.0,0.99495745
0.0,0.9761748
0.0,0.015147388
0.0,0.25562283
1.0,0.4261288
0.0,0.011048198
0.0,0.11963692
1.0,0.9776061
1.0,0.83242965
1.0,0.9933006
0.0,0.029504627
0.0,0.015265733
1.0,0.22807762
1.0,0.99321556
0.0,0.7914624
0.0,0.019002438
0.0,0.017361194
0.0,0.05554697
0.0,0.022290409
1.0,0.6766739
0.0,0.10114798
1.0,0.111900896
0.0,0.014246672
0.0,0.010346413
0.0,0.002494812
1.0,0.21282947
0.0,0.0106475055
0.0,0.018843502
0.0,0.035458416
0.0,0.09442118
0.0,0.007571429
0.0,0.01380524
0.0,0.9065778
0.0,0.15164915
1.0,0.9804312
0.0,0.0036068857
0.0,0.008812785
1.0,0.99800324
0.0,0.014573336
0.0,0.14090356
0.0,0.0613786
0.0,0.023152232
0.0,0.07510331
1.0,0.99900746
0.0,0.08739674
1.0,0.9505662
0.0,0.045432806
0.0,0.007042736
1.0,0.75553524
0.0,0.97630167
0.0,0.98406625
0.0,0.975942
0.0,0.0030279756
1.0,0.83820987
1.0,0.89093494
0.0,0.066123664
1.0,0.6315842
0.0,0.46635234
1.0,0.98187864
1.0,0.843248
1.0,0.97918856
1.0,0.98726326
1.0,0.98935014
0.0,0.814188
0.0,0.004441589
0.0,0.0094356835
0.0,0.99272484
0.0,0.0769428
0.0,0.041973412
1.0,0.18760425
0.0,0.0033032
0.0,0.7871722
1.0,0.9856822
1.0,0.82913697
1.0,0.9988146
0.0,0.005793959
0.0,0.028379023
0.0,0.007869899
1.0,0.05722335
0.0,0.22606361
0.0,0.10944536
0.0,0.66829205
0.0,0.35098392
0.0,0.11341849
1.0,0.045945436
0.0,0.028556168
1.0,0.14498714
0.0,0.003875196
0.0,0.03223899
0.0,0.008735627
1.0,0.9798302
0.0,0.03904134
0.0,0.045894265
0.0,0.030701458
0.0,0.008821934
0.0,0.93612707
0.0,0.22799215
1.0,0.9979906
0.0,0.013510942
0.0,0.012096345
1.0,0.24649626
1.0,0.99526095
0.0,0.21901986
0.0,0.016630232
0.0,0.0033646226
0.0,0.07520363
0.0,0.021150887
0.0,0.12762007
1.0,0.98045635
0.0,0.06097704
1.0,0.36340833
0.0,0.00804016
1.0,0.21630996
1.0,0.47028998
0.0,0.032188714
0.0,0.051464558
0.0,0.031067193
1.0,0.914425
1.0,0.7927104
1.0,0.9900447
1.0,0.6929672
0.0,0.017039359
0.0,0.8616582
1.0,0.9926951
0.0,0.38180935
0.0,0.0071406066
0.0,0.01569447
0.0,0.056426466
0.0,0.12276864
0.0,0.02149123
0.0,0.09248111
1.0,0.5622003
0.0,0.036750615
0.0,0.05391881
0.0,0.044493973
1.0,0.9137416
1.0,0.98695076
0.0,0.025840461
0.0,0.16787824
0.0,0.031805545
1.0,0.99568176
0.0,0.055910826
0.0,0.003917098
0.0,0.020496756
0.0,0.020261258
1.0,0.99620235
1.0,0.9706042
1.0,0.9904536
0.0,0.020391434
1.0,0.942593
0.0,0.04518363
0.0,0.032006055
0.0,0.32078558
1.0,0.9829943
1.0,0.30482626
0.0,0.0071451366
0.0,0.032348573
1.0,0.8651136
1.0,0.33337015
0.0,0.02960822
1.0,0.09078348
1.0,0.99517316
0.0,0.7522229
0.0,0.20342377
0.0,0.07054645
0.0,0.030446768
0.0,0.24395946
0.0,0.021535277
1.0,0.99570674
0.0,0.018339336
0.0,0.020998746
1.0,0.9991512
0.0,0.010707527
1.0,0.9735417
1.0,0.025251836
1.0,0.9167963
1.0,0.8846494
1.0,0.97744673
0.0,0.044091225
1.0,0.9605508
0.0,0.8805493
1.0,0.9987676
0.0,0.50390637
0.0,0.24781543
0.0,0.027581632
0.0,0.06229046
0.0,0.26888973
1.0,0.99321955
0.0,0.9802334
1.0,0.81193906
0.0,0.8781668
1.0,0.8393972
1.0,0.99255157
0.0,0.023538679
0.0,0.005839765
0.0,0.024814129
1.0,0.9579039
1.0,0.13576785
0.0,0.0044965744
0.0,0.0033305883
0.0,0.010287046
0.0,0.025118828
1.0,0.97163045
1.0,0.6970709
0.0,0.026971698
0.0,0.07839283
1.0,0.77724755
1.0,0.9928985
1.0,0.2820942
0.0,0.07025525
0.0,0.8956401
0.0,0.007303655
0.0,0.66775906
1.0,0.9930233
1.0,0.78123033
0.0,0.03474784
0.0,0.0371958
0.0,0.0071835816
0.0,0.43233356
0.0,0.006893754
0.0,0.24326226
1.0,0.24325478
0.0,0.13052538
0.0,0.037785202
0.0,0.058169007
0.0,0.40448865
0.0,0.8637971
0.0,0.02605173
0.0,0.00680542
1.0,0.4058298
0.0,0.049214214
1.0,0.7637099
0.0,0.0039294064
0.0,0.11927426
0.0,0.21573627
0.0,0.004278809
0.0,0.9897038
1.0,0.55497974
1.0,0.9495418
0.0,0.7827203
1.0,0.90270174
0.0,0.010634154
0.0,0.3928843
0.0,0.2528923
0.0,0.24371436
0.0,0.018083453
0.0,0.0031180084
1.0,0.1949924
0.0,0.013147563
1.0,0.9910877
0.0,0.088082105
1.0,0.2636679
0.0,0.15059194
1.0,0.048033625
1.0,0.9818816
1.0,0.9822576
0.0,0.0044956803
0.0,0.03299907
1.0,0.98659086
0.0,0.029533088
0.0,0.022926211
1.0,0.022632003
1.0,0.99314797
0.0,0.2690766
1.0,0.9868581
1.0,0.9956058
0.0,0.66246635
0.0,0.037414253
0.0,0.22296375
0.0,0.037806123
0.0,0.015448898
0.0,0.046234697
1.0,0.9858293
0.0,0.0921945
1.0,0.9252707
1.0,0.18823135
0.0,0.013252199
0.0,0.07509327
0.0,0.8939042
1.0,0.9937363
1.0,0.9775497
1.0,0.36780393
0.0,0.116758674
1.0,0.98901206
1.0,0.93089294
0.0,0.0034761727
0.0,0.16397297
0.0,0.88692915
0.0,0.92539394
1.0,0.9808569
0.0,0.026504815
1.0,0.36362177
0.0,0.79569376
0.0,0.050990075
0.0,0.03203103
0.0,0.013327718
0.0,0.01575777
0.0,0.022159576
0.0,0.03505197
0.0,0.014953256
0.0,0.01782322
0.0,0.40105513
0.0,0.098911196
0.0,0.013873309
0.0,0.20769933
0.0,0.025309682
1.0,0.6029307
0.0,0.27732304
1.0,0.99067676
0.0,0.01800862
0.0,0.0131319165
0.0,0.007163614
0.0,0.94915223
0.0,0.5144576
0.0,0.081737846
0.0,0.041341722
0.0,0.003950715
0.0,0.021123797
0.0,0.028419316
0.0,0.6497364
1.0,0.95980185
0.0,0.029629469
0.0,0.01255855
0.0,0.5214409
0.0,0.03339666
1.0,0.5667649
0.0,0.88970643
1.0,0.4826546
0.0,0.0053302646
0.0,0.13876227
1.0,0.98723847
0.0,0.93086064
1.0,0.8951297
1.0,0.9774294
1.0,0.95888484
1.0,0.98457265
0.0,0.004742354
1.0,0.81253934
0.0,0.011970043
0.0,0.01893884
0.0,0.10763323
1.0,0.99888706
0.0,0.010251641
0.0,0.033170372
1.0,0.51630276
1.0,0.9996791
0.0,0.0592362
0.0,0.0033118427
1.0,0.7826841
0.0,0.045879483
1.0,0.7708338
0.0,0.3519994
0.0,0.31881818
1.0,0.89933205
0.0,0.80707467
0.0,0.0049970746
1.0,0.06684333
0.0,0.031729877
1.0,0.99772924
0.0,0.0053342283
1.0,0.4607937
1.0,0.64601004
1.0,0.7850769
1.0,0.992104
0.0,0.16607583
0.0,0.030720115
1.0,0.85354817
0.0,0.02523294
0.0,0.25537455
1.0,0.81421036
1.0,0.8869707
1.0,0.9757316
0.0,0.0070619583
1.0,0.9793585
1.0,0.9313868
0.0,0.07704571
1.0,0.9919115
0.0,0.5745677
1.0,0.9073589
1.0,0.95043135
0.0,0.84813774
0.0,0.4087386
1.0,0.3389727
0.0,0.3390053
1.0,0.9873549
0.0,0.96999454
0.0,0.037448883
0.0,0.8798779
1.0,0.9970736
0.0,0.0037352443
0.0,0.0041289628
0.0,0.7990475
1.0,0.31573522
0.0,0.02371782
0.0,0.0038825572
0.0,0.062151194
0.0,0.8225446
1.0,0.47245246
1.0,0.94033676
0.0,0.06838861
0.0,0.6805321
0.0,0.055687875
0.0,0.05960071
0.0,0.017610282
1.0,0.98430634
0.0,0.033712685
1.0,0.97703636
0.0,0.8335272
0.0,0.12913007
1.0,0.80674636
0.0,0.01897499
0.0,0.039752424
0.0,0.027835935
0.0,0.0059361756
0.0,0.13360521
0.0,0.0037582517
0.0,0.029008925
0.0,0.026563138
1.0,0.9025917
1.0,0.9957346
0.0,0.0032304525
0.0,0.028030396
1.0,0.98775154
0.0,0.009877175
1.0,0.95536786
0.0,0.18431428
0.0,0.003825754
1.0,0.91241485
0.0,0.12251368
1.0,0.63790315
0.0,0.3445152
1.0,0.29425374
0.0,0.023248106
0.0,0.032399446
0.0,0.6987013
1.0,0.99383235
0.0,0.004122913
0.0,0.035643965
0.0,0.011351645
0.0,0.9885083
1.0,0.34198654
0.0,0.017186612
0.0,0.008781821
1.0,0.9892991
1.0,0.032445878
0.0,0.12902734
1.0,0.8012044
0.0,0.049114317
0.0,0.10888919
1.0,0.98546314
1.0,0.9990299
0.0,0.28707755
1.0,0.97230357
1.0,0.98963785
0.0,0.017739713
0.0,0.03963515
0.0,0.032973558
1.0,0.045649767
0.0,0.0051546097
0.0,0.026840538
0.0,0.005648464
1.0,0.99872243
1.0,0.26151246
0.0,0.007399738
1.0,0.5208582
1.0,0.04873711
0.0,0.31682932
1.0,0.9655837
0.0,0.043945402
1.0,0.9737215
0.0,0.04437223
1.0,0.96402025
0.0,0.023001462
0.0,0.01343438
1.0,0.67229825
0.0,0.005906284
1.0,0.91397035
0.0,0.030915678
0.0,0.018446743
0.0,0.014476329
1.0,0.8044118
0.0,0.19384935
1.0,0.38623556
0.0,0.004048437
1.0,0.3111452
1.0,0.2313472
0.0,0.004226625
1.0,0.9952982
1.0,0.98965085
1.0,0.14550933
1.0,0.89698803
0.0,0.019473165
0.0,0.014327556
0.0,0.79055685
1.0,0.9698599
1.0,0.62272954
0.0,0.024144113
0.0,0.033369273
0.0,0.13156581
1.0,0.92860234
0.0,0.24259454
1.0,0.009120852
1.0,0.9853294
0.0,0.02368486
0.0,0.0424695
1.0,0.9907354
0.0,0.668024
1.0,0.99328834
0.0,0.72973657
0.0,0.03097865
0.0,0.033581346
1.0,0.06586164
0.0,0.031187594
1.0,0.9916314
0.0,0.016953737
1.0,0.3420511
0.0,0.57102126
0.0,0.06654379
1.0,0.05331394
1.0,0.3763975
1.0,0.7910631
1.0,0.9717384
0.0,0.03789261
0.0,0.022107631
0.0,0.16896248
0.0,0.0035237372
1.0,0.9871026
1.0,0.90297866
0.0,0.0036908388
0.0,0.01740709
0.0,0.0033504963
1.0,0.78563905
0.0,0.020829827
0.0,0.029305637
0.0,0.05776888
0.0,0.11205569
0.0,0.031445146
0.0,0.21127728
1.0,0.9032171
0.0,0.975687
1.0,0.46111387
0.0,0.03420019
0.0,0.26700568
1.0,0.76968735
1.0,0.88685167
1.0,0.9584023
0.0,0.0279243
0.0,0.16491002
1.0,0.11569902
0.0,0.0053016245
0.0,0.031894445
0.0,0.12384635
1.0,0.9227029
0.0,0.035000026
0.0,0.05075988
1.0,0.9939773
0.0,0.17015916
1.0,0.99881136
1.0,0.9512224
1.0,0.9922667
0.0,0.012625515
1.0,0.9893352
1.0,0.7911341
0.0,0.036545932
1.0,0.16115373
0.0,0.0127007365
0.0,0.13376799
0.0,0.079286456
0.0,0.004088998
1.0,0.81466615
1.0,0.25610542
1.0,0.99909985
1.0,0.98421144
1.0,0.9949882
0.0,0.41508
0.0,0.9918533
1.0,0.99396515
0.0,0.021958798
1.0,0.59386116
1.0,0.997568
0.0,0.051005304
1.0,0.07928458
1.0,0.3761472
0.0,0.02238524
0.0,0.026345938
0.0,0.01292944
0.0,0.029894352
1.0,0.3682676
1.0,0.99216557
0.0,0.006344974
0.0,0.023527652
1.0,0.051910967
1.0,0.8593242
1.0,0.06531197
0.0,0.024386287
1.0,0.83272636
1.0,0.10724011
0.0,0.025461197
0.0,0.1754334
1.0,0.9371946
1.0,0.9959503
0.0,0.3081951
1.0,0.8311155
0.0,0.08226761
0.0,0.8734336
1.0,0.99643826
0.0,0.63934183
1.0,0.9926209
0.0,0.9077306
0.0,0.19696149
0.0,0.07326892
1.0,0.9578333
1.0,0.42409468
0.0,0.0183779
0.0,0.012518376
1.0,0.8741651
0.0,0.01908034
1.0,0.9933238
1.0,0.92748064
1.0,0.8494276
0.0,0.07816908
0.0,0.90880376
0.0,0.91499025
0.0,0.013546556
0.0,0.0029551685
1.0,0.99921405
0.0,0.29915246
0.0,0.024481803
1.0,0.98826075
0.0,0.028429061
1.0,0.06832838
1.0,0.84627813
0.0,0.015545726
0.0,0.2813568
0.0,0.7810066
0.0,0.012185812
0.0,0.003586173
0.0,0.013071775
0.0,0.015057266
0.0,0.9470376
1.0,0.604028
1.0,0.9791242
0.0,0.7560631
0.0,0.53696746
0.0,0.013096422
0.0,0.035545826
0.0,0.014465064
1.0,0.033832937
0.0,0.020272285
0.0,0.004553467
1.0,0.99929786
1.0,0.81005895
0.0,0.012722373
0.0,0.9902303
0.0,0.0043462515
0.0,0.02872169
0.0,0.003362447
0.0,0.03275177
1.0,0.9480089
1.0,0.87077236
1.0,0.9496583
0.0,0.00480783
1.0,0.7699287
1.0,0.98615503
0.0,0.04039246
0.0,0.00230968
1.0,0.8012384
1.0,0.16385147
1.0,0.9065244
1.0,0.9849869
1.0,0.7451454
0.0,0.05369261
0.0,0.24788338
1.0,0.32912716
0.0,0.011555135
1.0,0.98219943
0.0,0.011566877
1.0,0.3363455
0.0,0.021832705
0.0,0.10193923
0.0,0.02195242
0.0,0.0155240595
0.0,0.12431279
0.0,0.0038276315
0.0,0.0054458976
0.0,0.018495917
0.0,0.70171124
0.0,0.0044436753
0.0,0.010447711
1.0,0.9683326
1.0,0.70592374
1.0,0.99065053
0.0,0.9857371
0.0,0.43633673
0.0,0.9185679
0.0,0.026982367
1.0,0.9958104
1.0,0.24989668
1.0,0.93438506
1.0,0.9952418
0.0,0.90984386
0.0,0.013912886
0.0,0.0075022876
1.0,0.87290287
0.0,0.016620874
1.0,0.007341683
1.0,0.99114937
0.0,0.08571303
0.0,0.014713883
0.0,0.01272276
0.0,0.7693989
1.0,0.93659246
1.0,0.9778167
0.0,0.034913898
1.0,0.96267253
1.0,0.74347216
0.0,0.6478318
0.0,0.023923814
1.0,0.32284242
0.0,0.003052324
0.0,0.10431132
0.0,0.0037726164
0.0,0.31767774
0.0,0.028958887
1.0,0.42171782
0.0,0.049896
0.0,0.67509925
1.0,0.99635327
1.0,0.9578686
0.0,0.40438575
0.0,0.52035284
1.0,0.83960736
0.0,0.09979305
0.0,0.0018172264
1.0,0.61607015
0.0,0.045062065
0.0,0.0222722
0.0,0.030629873
1.0,0.99470246
0.0,0.1858621
1.0,0.81294394
1.0,0.98597264
1.0,0.99943244
0.0,0.016939461
1.0,0.7963098
0.0,0.035515726
1.0,0.97808075
0.0,0.07702711
1.0,0.984002
0.0,0.02752158
0.0,0.021540642
1.0,0.99376416
0.0,0.010596812
0.0,0.006309688
1.0,0.6198837
1.0,0.88656664
1.0,0.06834319
1.0,0.81085265
1.0,0.6040152
1.0,0.98777723
1.0,0.7336769
0.0,0.014610082
1.0,0.0623596
1.0,0.99725914
0.0,0.059212506
0.0,0.005353987
0.0,0.0043340027
1.0,0.5587095
0.0,0.013283849
0.0,0.093023956
0.0,0.26045096
1.0,0.98875463
0.0,0.009964883
0.0,0.085780025
1.0,0.6694035
1.0,0.9764998
1.0,0.9101474
1.0,0.10969266
0.0,0.99453944
0.0,0.08499813
0.0,0.04696983
0.0,0.042782128
0.0,0.0028629005
0.0,0.0356268
0.0,0.028992444
1.0,0.05414012
1.0,0.97318435
0.0,0.03508374
1.0,0.89940226
0.0,0.012588471
0.0,0.0042060316
1.0,0.9946257
0.0,0.01566279
0.0,0.9039328
0.0,0.016912818
0.0,0.11639196
0.0,0.03556171
0.0,0.012776881
0.0,0.9769746
1.0,0.81346965
0.0,0.050113976
0.0,0.12526849
1.0,0.90688086
0.0,0.009521782
1.0,0.89200956
0.0,0.04500544
0.0,0.0042832494
0.0,0.015948296
0.0,0.18795449
0.0,0.002970785
0.0,0.010095626
0.0,0.02420488
0.0,0.032769054
0.0,0.8669892
1.0,0.70830435
0.0,0.058259726
1.0,0.67022896
0.0,0.6195245
1.0,0.056573123
0.0,0.068983495
0.0,0.005592555
0.0,0.054442108
1.0,0.9771999
1.0,0.039277375
1.0,0.20709348
0.0,0.024290353
0.0,0.5155641
1.0,0.7457671
0.0,0.017757416
0.0,0.04781854
1.0,0.22932538
0.0,0.011322707
1.0,0.967976
1.0,0.16279197
0.0,0.016182482
1.0,0.38549465
0.0,0.10214919
1.0,0.122000724
0.0,0.20869085
1.0,0.998677
0.0,0.003927499
0.0,0.99347585
0.0,0.046074063
0.0,0.032910556
0.0,0.006826848
0.0,0.049602747
0.0,0.021296293
1.0,0.97720474
0.0,0.0057738423
0.0,0.0026907027
0.0,0.003620565
0.0,0.15640792
0.0,0.10084227
1.0,0.11539468
0.0,0.31784916
0.0,0.114200205
1.0,0.5071434
0.0,0.38950828
1.0,0.9817221
0.0,0.7988104
1.0,0.96926355
1.0,0.97159326
0.0,0.011907101
1.0,0.99939156
0.0,0.35613692
0.0,0.020767123
0.0,0.021774292
0.0,0.046904743
1.0,0.08037266
1.0,0.9972755
0.0,0.055154026
0.0,0.13109097
1.0,0.9988038
0.0,0.041231126
1.0,0.5784605
1.0,0.031561553
1.0,0.82472515
0.0,0.02402097
1.0,0.63080096
0.0,0.021502346
1.0,0.90014327
1.0,0.16122636
0.0,0.2812231
0.0,0.7882877
0.0,0.029074252
0.0,0.1507411
1.0,0.7565385
1.0,0.9636209
1.0,0.99401677
0.0,0.022651702
0.0,0.003587097
1.0,0.9892291
0.0,0.9764712
0.0,0.0025157928
0.0,0.020031035
1.0,0.61561674
0.0,0.05971989
0.0,0.016677886
0.0,0.08727571
0.0,0.054460794
1.0,0.86819804
1.0,0.9899433
0.0,0.07590899
0.0,0.03483969
0.0,0.011784494
1.0,0.9954879
0.0,0.028351158
0.0,0.85277504
1.0,0.9342643
0.0,0.0087993145
0.0,0.72829086
1.0,0.9919658
0.0,0.046728075
1.0,0.27468947
1.0,0.10448861
0.0,0.023750693
0.0,0.031564295
0.0,0.007533729
0.0,0.013164014
1.0,0.9942224
1.0,0.9996326
1.0,0.9944793
1.0,0.13177752
0.0,0.9035486
0.0,0.03585723
1.0,0.798181
1.0,0.9970027
0.0,0.083212376
0.0,0.037350148
1.0,0.47138602
0.0,0.012634695
1.0,0.8114277
0.0,0.012470633
0.0,0.30556026
1.0,0.9894857
0.0,0.052948892
0.0,0.0032081008
0.0,0.034623414
0.0,0.033786386
0.0,0.34356123
1.0,0.10287595
0.0,0.03188312
1.0,0.991866
0.0,0.11307073
1.0,0.9856522
0.0,0.12842163
1.0,0.82496315
1.0,0.99083555
1.0,0.9982126
0.0,0.97107875
0.0,0.003088057
1.0,0.18168777
0.0,0.044941217
0.0,0.041036457
1.0,0.91724515
1.0,0.118864655
0.0,0.17675123
1.0,0.96310997
1.0,0.990235
0.0,0.91862965
0.0,0.016020387
0.0,0.8211522
0.0,0.0122559965
0.0,0.0040479004
0.0,0.94275844
1.0,0.9908943
1.0,0.9950915
1.0,0.9810727
0.0,0.003363669
0.0,0.009520799
0.0,0.014631689
0.0,0.023442686
0.0,0.025577337
0.0,0.05693704
1.0,0.9468414
1.0,0.9780661
1.0,0.59593713
0.0,0.09425941
0.0,0.031460106
1.0,0.88847685
0.0,0.18652466
0.0,0.4889578
1.0,0.9018678
0.0,0.7279969
0.0,0.958796
1.0,0.7875768
0.0,0.040403068
1.0,0.6686441
1.0,0.8872552
0.0,0.9792386
0.0,0.0105498135
1.0,0.9994136
0.0,0.009085238
0.0,0.5188785
1.0,0.8674615
1.0,0.98067313
1.0,0.7490211
1.0,0.9740103
0.0,0.9870062
0.0,0.049437076
0.0,0.0047490597
1.0,0.80467564
0.0,0.9932724
1.0,0.7982482
0.0,0.84720427
1.0,0.9363718
1.0,0.7824863
0.0,0.06187284
0.0,0.025895178
0.0,0.007922471
0.0,0.43478596
0.0,0.04966551
0.0,0.013083965
1.0,0.44478253
1.0,0.14138275
0.0,0.96353924
1.0,0.984329
1.0,0.71693873
0.0,0.0054143965
0.0,0.096567005
1.0,0.9130302
1.0,0.2132324
0.0,0.018305033
0.0,0.11111313
0.0,0.013423413
0.0,0.01854965
1.0,0.6383946
1.0,0.98233604
0.0,0.04342571
0.0,0.0030965507
0.0,0.049787194
0.0,0.13963503
0.0,0.013083249
0.0,0.024938136
0.0,0.96483815
0.0,0.62657464
0.0,0.016869187
0.0,0.04027334
0.0,0.13927352
1.0,0.99346673
1.0,0.90403104
0.0,0.01462853
0.0,0.026292443
0.0,0.003811866
0.0,0.004588425
0.0,0.08264533
0.0,0.37827992
0.0,0.029208958
0.0,0.26508677
1.0,0.97415376
1.0,0.99846137
1.0,0.90351105
1.0,0.9281895
1.0,0.9963005
0.0,0.64232713
0.0,0.035136998
0.0,0.031992614
0.0,0.04296574
1.0,0.7349603
0.0,0.018697768
1.0,0.9469621
0.0,0.031665772
0.0,0.36773753
0.0,0.9261507
0.0,0.03466049
0.0,0.047126144
0.0,0.095843494
0.0,0.19380066
0.0,0.012130499
1.0,0.8754316
1.0,0.16638917
0.0,0.1169956
0.0,0.1436167
0.0,0.0110373795
0.0,0.0066665113
1.0,0.99144197
0.0,0.012276351
1.0,0.07735348
0.0,0.042865276
1.0,0.41421306
0.0,0.012018472
0.0,0.097607136
1.0,0.9130982
0.0,0.0028617382
1.0,0.98217446
0.0,0.06492522
0.0,0.47416258
0.0,0.21417955
0.0,0.0039213896
0.0,0.003950566
1.0,0.95562863
1.0,0.99572086
0.0,0.5341118
0.0,0.03139296
0.0,0.013899058
0.0,0.26274848
1.0,0.8848915
0.0,0.65875745
1.0,0.1883834
1.0,0.24057356
0.0,0.84814256
0.0,0.035726815
0.0,0.047671705
0.0,0.023792237
0.0,0.055283636
0.0,0.044368953
0.0,0.057611644
0.0,0.715765
0.0,0.1656889
1.0,0.9615079
0.0,0.99478936
0.0,0.015602529
1.0,0.93343097
0.0,0.021709263
0.0,0.045152843
0.0,0.002898991
0.0,0.028617144
1.0,0.06145209
1.0,0.9871912
1.0,0.99022144
0.0,0.019575387
0.0,0.0059545934
0.0,0.014756888
0.0,0.3083868
0.0,0.37849146
0.0,0.8307326
1.0,0.9980777
1.0,0.9937693
1.0,0.9454213
0.0,0.023257881
1.0,0.99595815
1.0,0.7305155
0.0,0.034210563
1.0,0.9841825
0.0,0.01801765
0.0,0.01877889
0.0,0.62180924
1.0,0.9957478
1.0,0.98757946
1.0,0.80620825
0.0,0.8994102
0.0,0.30656224
0.0,0.017208755
1.0,0.98986435
1.0,0.98912084
1.0,0.9744575
1.0,0.88257027
0.0,0.04223594
0.0,0.020880044
0.0,0.027390301
0.0,0.23146695
1.0,0.9857828
0.0,0.019456983
0.0,0.0665544
0.0,0.10506013
1.0,0.2190375
0.0,0.024709195
0.0,0.16624302
0.0,0.073533535
0.0,0.31700432
0.0,0.021234542
0.0,0.10677549
0.0,0.013501316
0.0,0.1833382
0.0,0.0031301677
1.0,0.99680245
1.0,0.23911136
0.0,0.13506597
0.0,0.99260753
0.0,0.051202387
1.0,0.8762785
0.0,0.009798944
0.0,0.027474701
0.0,0.5025337
0.0,0.013147235
1.0,0.9678285
0.0,0.013085693
0.0,0.08231065
1.0,0.503679
1.0,0.9676907
1.0,0.9517981
0.0,0.03486833
0.0,0.10791376
1.0,0.8849954
1.0,0.99254453
1.0,0.99545944
0.0,0.8728339
0.0,0.5248818
0.0,0.0042594373
1.0,0.07612312
1.0,0.99541414
0.0,0.014815986
0.0,0.90015817
1.0,0.8006401
1.0,0.99247706
0.0,0.014480919
1.0,0.839005
1.0,0.17315301
0.0,0.016931564
1.0,0.24267554
0.0,0.039955616
0.0,0.00810957
0.0,0.9821421
0.0,0.029188603
1.0,0.8233056
0.0,0.30056927
1.0,0.841822
1.0,0.8199046
1.0,0.73429
0.0,0.0056348443
0.0,0.4019146
1.0,0.5405364
0.0,0.003321141
1.0,0.7427796
1.0,0.8460673
0.0,0.983443
0.0,0.023215353
1.0,0.062832
1.0,0.99598163
0.0,0.004019588
1.0,0.80680305
1.0,0.1933139
1.0,0.9390832
1.0,0.99784696
1.0,0.16448656
1.0,0.9880458
0.0,0.03677997
0.0,0.2153773
0.0,0.027691811
1.0,0.95357525
1.0,0.44049463
0.0,0.037908882
0.0,0.027078092
1.0,0.11412528
0.0,0.010243565
1.0,0.9954514
0.0,0.109304875
1.0,0.88456917
1.0,0.98425007
0.0,0.1525743
1.0,0.21514976
0.0,0.045678258
1.0,0.9984875
1.0,0.97788453
1.0,0.13774067
0.0,0.031464368
0.0,0.034554034
1.0,0.8427595
0.0,0.06122428
1.0,0.9209554
0.0,0.025678188
0.0,0.95852554
0.0,0.083276
0.0,0.22748154
0.0,0.0070737004
0.0,0.19056353
0.0,0.103140354
1.0,0.98917985
1.0,0.14331853
0.0,0.020296544
1.0,0.99470043
1.0,0.8857368
0.0,0.9435444
0.0,0.85542214
0.0,0.069554955
0.0,0.018208742
0.0,0.02351436
0.0,0.03319156
1.0,0.454459
1.0,0.994044
0.0,0.00646317
0.0,0.004026532
0.0,0.8192136
0.0,0.957299
0.0,0.09579572
1.0,0.89010906
0.0,0.10725808
0.0,0.06758809
1.0,0.946468
1.0,0.9799203
0.0,0.02852872
0.0,0.17461193
0.0,0.010284722
1.0,0.9641723
1.0,0.9168785
0.0,0.027732372
0.0,0.030904531
0.0,0.0066018105
0.0,0.06873289
0.0,0.0066040456
1.0,0.9898145
1.0,0.7288029
1.0,0.1640108
0.0,0.0040964484
1.0,0.20687035
0.0,0.44306213
1.0,0.99803126
1.0,0.36149776
0.0,0.0056040883
0.0,0.0034903586
0.0,0.00860399
0.0,0.9392958
0.0,0.38556692
1.0,0.99944115
0.0,0.8352866
0.0,0.74379677
0.0,0.017269075
0.0,0.0028099716
0.0,0.16486281
0.0,0.06464049
0.0,0.0743047
1.0,0.8289523
1.0,0.99162376
0.0,0.004037857
0.0,0.89810336
0.0,0.508892
0.0,0.04541281
1.0,0.9961854
0.0,0.0395827
0.0,0.1186243
1.0,0.19351915
0.0,0.95548487
0.0,0.020190477
0.0,0.011514306
0.0,0.0076571703
1.0,0.998458
1.0,0.9547328
0.0,0.008108318
1.0,0.29989505
1.0,0.9840299
1.0,0.9813948
0.0,0.36842394
0.0,0.12574485
1.0,0.9866675
1.0,0.9903841
0.0,0.0076185167
1.0,0.97796047
0.0,0.04751998
1.0,0.9603021
1.0,0.9345094
1.0,0.9581475
0.0,0.017048568
1.0,0.6436043
1.0,0.37123412
0.0,0.109093964
0.0,0.04474786
0.0,0.995198
0.0,0.04884243
0.0,0.020498842
0.0,0.0059092343
1.0,0.99898744
0.0,0.081787795
0.0,0.08780649
0.0,0.15543732
0.0,0.005451858
0.0,0.044121593
0.0,0.035859406
1.0,0.8919406
0.0,0.015107632
0.0,0.029286027
0.0,0.49000886
1.0,0.87725323
1.0,0.8503715
1.0,0.9569869
1.0,0.99064064
0.0,0.012567669
0.0,0.04184574
0.0,0.014151037
0.0,0.16641447
0.0,0.70866096
0.0,0.0133268535
1.0,0.9814745
0.0,0.7493984
1.0,0.092834055
1.0,0.043534845
1.0,0.8528298
0.0,0.0357666
0.0,0.011288673
0.0,0.004151225
0.0,0.007135242
1.0,0.2870347
1.0,0.9855151
1.0,0.81808305
1.0,0.92277443
1.0,0.99883825
0.0,0.015543848
0.0,0.03376749
0.0,0.92427146
0.0,0.011938065
1.0,0.97529536
0.0,0.005815357
0.0,0.9116381
1.0,0.99323606
1.0,0.6791764
0.0,0.014472932
0.0,0.13341573
0.0,0.19529799
0.0,0.3714283
1.0,0.726442
0.0,0.9980016
0.0,0.37439728
1.0,0.99868697
0.0,0.06708446
1.0,0.9851198
1.0,0.9687027
0.0,0.003003031
0.0,0.76482844
0.0,0.005995333
0.0,0.021107286
1.0,0.79848355
0.0,0.014391065
0.0,0.059606314
0.0,0.20308125
0.0,0.0041771233
1.0,0.9929997
1.0,0.16098398
1.0,0.9510213
1.0,0.96129715
0.0,0.8546808
0.0,0.030425698
1.0,0.8692155
0.0,0.01799497
1.0,0.36355212
0.0,0.031592816
1.0,0.98659945
1.0,0.9962454
0.0,0.5330963
0.0,0.14500695
0.0,0.42624414
0.0,0.023013473
0.0,0.012998641
0.0,0.030200869
1.0,0.93678117
0.0,0.008630782
0.0,0.1940507
0.0,0.2835878
0.0,0.08946341
0.0,0.008071482
0.0,0.0024365485
0.0,0.7131472
0.0,0.0045383275
0.0,0.0040902495
0.0,0.024487704
0.0,0.13784814
0.0,0.022425741
1.0,0.13708714
0.0,0.08063194
1.0,0.9946653
0.0,0.005102575
0.0,0.00288105
1.0,0.82596064
0.0,0.0155949
1.0,0.9890137
0.0,0.10591
1.0,0.9585632
0.0,0.7141477
0.0,0.041960895
1.0,0.7077158
1.0,0.2132344
0.0,0.005260527
0.0,0.049250513
0.0,0.0037979186
0.0,0.00499174
0.0,0.006424576
0.0,0.8148562
1.0,0.9841759
1.0,0.8511963
0.0,0.13794929
0.0,0.013870537
1.0,0.83496344
1.0,0.9439713
1.0,0.8475063
0.0,0.0029091537
1.0,0.06083542
0.0,0.20300296
1.0,0.37517965
0.0,0.003469497
1.0,0.79828453
0.0,0.006218165
0.0,0.10720363
0.0,0.049108535
0.0,0.9358604
1.0,0.9830258
0.0,0.08289185
0.0,0.11658749
1.0,0.9942697
0.0,0.024881482
0.0,0.9196534
0.0,0.72601557
1.0,0.9949956
0.0,0.7891787
0.0,0.033210397
0.0,0.9957143
1.0,0.98165774
0.0,0.0032996535
0.0,0.90870947
0.0,0.068496466
1.0,0.4842175
0.0,0.039905548
1.0,0.99300754
0.0,0.33837783
1.0,0.8314401
1.0,0.99781317
0.0,0.9889649
1.0,0.98621297
1.0,0.9979824
0.0,0.013258308
0.0,0.9659605
0.0,0.012211442
1.0,0.9936889
0.0,0.24497673
1.0,0.2777596
1.0,0.40633672
0.0,0.020506173
1.0,0.9838827
0.0,0.16609317
1.0,0.53008974
0.0,0.6137792
1.0,0.1175192
0.0,0.8513262
1.0,0.035352618
0.0,0.59259564
0.0,0.015564442
0.0,0.011558175
0.0,0.025093675
0.0,0.019748688
0.0,0.0034295917
0.0,0.0054478645
0.0,0.3206991
0.0,0.062217027
0.0,0.47619605
0.0,0.35807723
0.0,0.0368568
1.0,0.9852023
1.0,0.26331532
0.0,0.73564315
1.0,0.02999571
0.0,0.047692597
0.0,0.31103197
0.0,0.8959822
0.0,0.063759565
0.0,0.04316649
0.0,0.14485511
1.0,0.9480245
0.0,0.0046129823
0.0,0.009780794
1.0,0.017518312
0.0,0.009987116
1.0,0.97762567
0.0,0.11218211
0.0,0.037155062
1.0,0.8691649
0.0,0.015434116
1.0,0.9803364
0.0,0.00734064
0.0,0.004051447
0.0,0.013727307
1.0,0.98463213
0.0,0.018417329
1.0,0.12187809
1.0,0.703508
0.0,0.9941629
0.0,0.0033417046
1.0,0.018921673
0.0,0.007297784
0.0,0.059078783
0.0,0.80670536
0.0,0.0039715767
0.0,0.8933419
0.0,0.97546375
1.0,0.71129996
0.0,0.026468396
1.0,0.86853707
0.0,0.005418122
0.0,0.0041132867
0.0,0.0046401024
1.0,0.947007
1.0,0.9945717
0.0,0.21384126
0.0,0.29984105
0.0,0.004737824
0.0,0.07350269
0.0,0.04071659
0.0,0.011408299
0.0,0.0025290847
1.0,0.114696145
1.0,0.9577055
0.0,0.03149575
0.0,0.99312234
1.0,0.12075865
0.0,0.0028454065
1.0,0.9312383
0.0,0.008253187
0.0,0.028728306
1.0,0.98240006
0.0,0.74160254
1.0,0.26241347
1.0,0.9899965
1.0,0.9943534
0.0,0.38838598
0.0,0.023156911
0.0,0.10752478
1.0,0.97909236
0.0,0.61898273
1.0,0.9957924
0.0,0.028271168
0.0,0.020623177
0.0,0.1442892
1.0,0.8592814
0.0,0.011300147
0.0,0.03053525
0.0,0.591259
1.0,0.057179928
1.0,0.9991493
0.0,0.07653001
0.0,0.02705884
1.0,0.9926515
1.0,0.9935625
1.0,0.9690116
1.0,0.074807644
0.0,0.009021819
1.0,0.96615136
0.0,0.12960666
0.0,0.07960376
0.0,0.006138295
1.0,0.82322955
0.0,0.12728107
0.0,0.062475264
0.0,0.0038954616
1.0,0.87300944
0.0,0.20729709
1.0,0.99103904
1.0,0.9810743
0.0,0.034176826
1.0,0.82443136
0.0,0.023354262
1.0,0.6558971
0.0,0.65160596
0.0,0.013809651
0.0,0.027457684
0.0,0.084946424
1.0,0.99874943
0.0,0.03054893
0.0,0.1691618
0.0,0.53676575
1.0,0.99975526
1.0,0.9284687
0.0,0.027309328
1.0,0.9790107
1.0,0.9942746
1.0,0.9994432
1.0,0.42647016
0.0,0.116511464
1.0,0.8181381
0.0,0.06352013
0.0,0.750106
1.0,0.35983843
0.0,0.019781888
0.0,0.019453079
0.0,0.08104187
1.0,0.43003735
0.0,0.4913822
0.0,0.297935
1.0,0.98127955
0.0,0.011856765
1.0,0.79258794
0.0,0.021703303
0.0,0.9741987
1.0,0.80154294
1.0,0.97109354
0.0,0.008406609
1.0,0.9744537
1.0,0.9946078
0.0,0.8821184
0.0,0.7617314
1.0,0.83756006
0.0,0.032188118
1.0,0.993592
0.0,0.035527825
0.0,0.06773016
1.0,0.48798814
1.0,0.9538752
0.0,0.046688884
1.0,0.5496845
0.0,0.05897665
0.0,0.079773515
1.0,0.9930873
0.0,0.04418236
0.0,0.051846355
0.0,0.035381228
1.0,0.64361054
0.0,0.021373242
0.0,0.01837805
1.0,0.94602585
1.0,0.98871064
0.0,0.026505321
0.0,0.4392016
0.0,0.0068388283
1.0,0.16096291
0.0,0.8213217
0.0,0.0058785975
0.0,0.02876687
0.0,0.0069023967
0.0,0.0058997273
1.0,0.15881619
0.0,0.12412509
0.0,0.0034373403
0.0,0.20728692
1.0,0.97431636
1.0,0.9990648
1.0,0.8570036
0.0,0.8722854
0.0,0.017794132
0.0,0.9795048
1.0,0.9970974
0.0,0.037539274
1.0,0.44415605
0.0,0.017181188
1.0,0.9941136
0.0,0.054546952
1.0,0.93653274
0.0,0.94176984
1.0,0.5314799
0.0,0.103444815
0.0,0.052618623
1.0,0.9490617
1.0,0.95425117
1.0,0.99433875
0.0,0.12905681
1.0,0.9778874
1.0,0.38429344
1.0,0.4405388
0.0,0.003808409
1.0,0.7907484
0.0,0.023544818
0.0,0.954146
1.0,0.66920197
0.0,0.25890285
0.0,0.01831913
0.0,0.02779615
0.0,0.043005258
0.0,0.5841331
1.0,0.9912692
1.0,0.98762906
0.0,0.26054245
0.0,0.6165929
0.0,0.015303016
1.0,0.99924254
0.0,0.8610598
0.0,0.22761342
0.0,0.005569756
0.0,0.027902603
0.0,0.026309371
0.0,0.9858833
1.0,0.9949237
1.0,0.99670434
1.0,0.10003555
0.0,0.2954369
0.0,0.011664689
0.0,0.011713058
0.0,0.022329211
0.0,0.03481698
1.0,0.98491883
0.0,0.048653066
0.0,0.11490503
1.0,0.99879634
0.0,0.08599901
1.0,0.10533595
1.0,0.9502975
0.0,0.3725807
0.0,0.006466359
0.0,0.04602346
1.0,0.6873929
0.0,0.087773085
0.0,0.022021264
1.0,0.9764845
1.0,0.4700536
0.0,0.005379021
0.0,0.060811877
0.0,0.68070406
0.0,0.016835064
0.0,0.27055204
1.0,0.242513
1.0,0.9518172
0.0,0.018711448
0.0,0.0036978126
0.0,0.8909522
0.0,0.25646076
1.0,0.9693773
0.0,0.021746129
1.0,0.9976742
0.0,0.043813586
1.0,0.9929814
0.0,0.0119301975
1.0,0.97872984
1.0,0.82792544
0.0,0.03505829
0.0,0.11886671
0.0,0.009165525
0.0,0.049926132
1.0,0.6031926
1.0,0.007933885
1.0,0.21800408
1.0,0.30212387
1.0,0.7964658
0.0,0.002537787
1.0,0.22315979
1.0,0.8543102
0.0,0.023855627
0.0,0.028002024
0.0,0.030442059
1.0,0.52786374
1.0,0.99620336
0.0,0.9584304
0.0,0.015322357
1.0,0.9190756
0.0,0.017628253
0.0,0.04391274
1.0,0.9768899
0.0,0.64452523
0.0,0.02982688
1.0,0.11568877
1.0,0.8982943
0.0,0.012764871
0.0,0.024531305
0.0,0.01759848
1.0,0.99458826
1.0,0.9908607
0.0,0.86427104
0.0,0.35405284
1.0,0.99782574
1.0,0.71546984
0.0,0.011153489
0.0,0.08846182
0.0,0.03813827
1.0,0.20006558
1.0,0.14534947
0.0,0.03391087
0.0,0.07128289
1.0,0.98887146
0.0,0.026064456
0.0,0.021020204
0.0,0.048921257
0.0,0.9107883
1.0,0.9788661
0.0,0.88776803
0.0,0.019398928
0.0,0.9590153
0.0,0.35704902
0.0,0.03956902
1.0,0.6899483
1.0,0.77450746
0.0,0.19022772
1.0,0.99129343
0.0,0.5514832
1.0,0.9831175
1.0,0.060912907
1.0,0.9763955
0.0,0.010639608
0.0,0.17210898
0.0,0.016457468
1.0,0.998937
0.0,0.0070872903
1.0,0.99737847
0.0,0.038951814
0.0,0.004747361
1.0,0.088467
1.0,0.99162185
0.0,0.0053263605
1.0,0.7821965
0.0,0.029866755
1.0,0.98088443
0.0,0.003575772
1.0,0.63886875
1.0,0.047400147
0.0,0.029996991
0.0,0.0070302486
0.0,0.011138231
0.0,0.016553432
0.0,0.012451857
0.0,0.9414828
0.0,0.08293077
0.0,0.016900778
0.0,0.9791585
0.0,0.005225718
1.0,0.98121953
0.0,0.40770757
0.0,0.43574318
1.0,0.99932015
0.0,0.064777106
1.0,0.99830866
0.0,0.024737358
1.0,0.99590445
0.0,0.010978192
0.0,0.051644146
1.0,0.9971639
0.0,0.037429214
0.0,0.010104567
0.0,0.023939788
1.0,0.99357504
1.0,0.35252964
0.0,0.010785133
1.0,0.98146474
1.0,0.2378732
1.0,0.98156357
0.0,0.38267353
1.0,0.12316531
1.0,0.95345175
0.0,0.172977
1.0,0.5919879
1.0,0.56465924
0.0,0.03829044
0.0,0.0055191517
0.0,0.021659404
0.0,0.024910718
0.0,0.009049773
0.0,0.041184217
0.0,0.029082417
0.0,0.002904147
1.0,0.9537798
0.0,0.07538551
0.0,0.006135285
0.0,0.033189654
0.0,0.07363582
1.0,0.9198587
0.0,0.004474044
1.0,0.95280623
0.0,0.53045034
0.0,0.008064538
1.0,0.5249889
1.0,0.8952608
0.0,0.18474478
0.0,0.02176553
1.0,0.92765796
0.0,0.965681
0.0,0.023814082
1.0,0.7275974
1.0,0.79303193
1.0,0.7572471
1.0,0.84116375
0.0,0.026007205
0.0,0.0039486885
1.0,0.72420114
0.0,0.022358626
0.0,0.0037803948
1.0,0.9942934
1.0,0.9282609
1.0,0.99120325
0.0,0.013806134
1.0,0.07757926
1.0,0.9792677
1.0,0.98159677
0.0,0.00474146
0.0,0.0050606728
1.0,0.16553631
0.0,0.03824407
0.0,0.83270174
0.0,0.0277507
1.0,0.9971092
0.0,0.019539267
0.0,0.021739632
0.0,0.04694134
0.0,0.12184164
0.0,0.07463893
0.0,0.007629186
0.0,0.9052628
1.0,0.9987824
0.0,0.060361385
1.0,0.86626434
0.0,0.0054139495
0.0,0.9204371
0.0,0.92035335
1.0,0.011337042
0.0,0.71829885
0.0,0.022641122
0.0,0.0032624304
0.0,0.29180422
0.0,0.06590572
1.0,0.9928688
0.0,0.3514792
1.0,0.9585374
0.0,0.019370824
0.0,0.04188201
0.0,0.024098516
0.0,0.75109434
0.0,0.058818012
0.0,0.59467155
0.0,0.22986138
0.0,0.12831417
1.0,0.9370688
0.0,0.04297644
1.0,0.56144917
1.0,0.64940906
0.0,0.05508578
0.0,0.026710898
1.0,0.85040146
0.0,0.019255877
1.0,0.6985109
1.0,0.80201447
0.0,0.007652849
1.0,0.5048779
0.0,0.007892311
1.0,0.9881432
0.0,0.10561216
0.0,0.1537117
1.0,0.41940224
0.0,0.8469069
0.0,0.005399585
0.0,0.70523727
1.0,0.74343514
1.0,0.9893503
0.0,0.003718555
0.0,0.084622055
1.0,0.5476385
0.0,0.78296304
1.0,0.11132532
0.0,0.12738737
1.0,0.05691144
0.0,0.67815226
0.0,0.04056409
0.0,0.786115
0.0,0.015908897
0.0,0.1277183
1.0,0.028155178
0.0,0.32064682
1.0,0.9441824
0.0,0.034813374
1.0,0.45880884
0.0,0.009044528
0.0,0.0063205957
0.0,0.035248548
0.0,0.030743927
0.0,0.18717632
0.0,0.0817903
0.0,0.06518939
0.0,0.072241396
1.0,0.98124003
0.0,0.020863324
0.0,0.047808737
1.0,0.9195682
1.0,0.33614397
0.0,0.024030507
0.0,0.05721724
1.0,0.6546241
0.0,0.27078664
1.0,0.09501466
1.0,0.9357006
1.0,0.8498149
1.0,0.8102629
0.0,0.033469588
0.0,0.0036755204
1.0,0.11915541
0.0,0.21449742
1.0,0.9940788
1.0,0.7923199
1.0,0.99462485
0.0,0.13578
0.0,0.007873088
0.0,0.13862315
0.0,0.040236562
1.0,0.17148492
1.0,0.95134044
0.0,0.06637782
0.0,0.2560302
0.0,0.076788425
0.0,0.41342098
1.0,0.049663246
1.0,0.8369404
1.0,0.9771849
0.0,0.93457603
1.0,0.50356
1.0,0.7312101
1.0,0.20002034
1.0,0.97917867
0.0,0.22224727
0.0,0.9085848
0.0,0.73434806
0.0,0.007326305
1.0,0.90983635
1.0,0.9960633
1.0,0.95461565
1.0,0.9412735
0.0,0.03854367
0.0,0.006447345
0.0,0.02541688
0.0,0.038235158
1.0,0.9045
0.0,0.201296
0.0,0.024140686
0.0,0.13060623
0.0,0.014179587
1.0,0.78530955
1.0,0.7652135
1.0,0.97940165
0.0,0.06889349
0.0,0.08169395
1.0,0.73524886
1.0,0.9976815
0.0,0.05208522
1.0,0.932355
0.0,0.9010842
1.0,0.99864626
1.0,0.9982585
1.0,0.78298914
0.0,0.03533405
0.0,0.10253507
1.0,0.99617684
0.0,0.084276944
0.0,0.25461265
1.0,0.9952973
0.0,0.04491836
0.0,0.034249246
0.0,0.09449121
1.0,0.3383186
0.0,0.53246933
0.0,0.32897437
1.0,0.65366405
0.0,0.5204706
0.0,0.030913562
0.0,0.047022432
0.0,0.27074578
1.0,0.7848369
0.0,0.9488381
0.0,0.020364285
0.0,0.003673017
1.0,0.12001696
0.0,0.04483196
0.0,0.004396975
1.0,0.89614713
0.0,0.35798407
0.0,0.010065049
1.0,0.9940234
1.0,0.9156877
0.0,0.003232479
1.0,0.30783546
1.0,0.23640436
0.0,0.6102473
0.0,0.69145685
1.0,0.6077499
1.0,0.7827039
0.0,0.010852456
1.0,0.16458032
1.0,0.1307359
1.0,0.13777372
0.0,0.16605985
1.0,0.11394468
0.0,0.024164885
1.0,0.8886639
0.0,0.0037213862
1.0,0.95241946
0.0,0.72994983
0.0,0.11458534
1.0,0.7876185
0.0,0.033909798
1.0,0.9692
1.0,0.7724556
1.0,0.9788508
1.0,0.6105238
0.0,0.050074488
1.0,0.031094462
0.0,0.5289873
0.0,0.008733869
0.0,0.03209117
0.0,0.0319345
1.0,0.98690546
0.0,0.015492469
0.0,0.55086774
0.0,0.5305936
0.0,0.45732304
1.0,0.9231033
0.0,0.44890633
0.0,0.014780551
0.0,0.06038928
0.0,0.8249884
1.0,0.8133259
0.0,0.0067706704
1.0,0.96902657
1.0,0.9917331
0.0,0.81439036
0.0,0.004576564
0.0,0.0060477555
1.0,0.9729455
0.0,0.029214054
1.0,0.046940237
1.0,0.7955783
1.0,0.98233193
0.0,0.83119935
0.0,0.29790196
0.0,0.007916182
0.0,0.7203273
0.0,0.020991117
0.0,0.0070270896
0.0,0.13303211
1.0,0.5839081
0.0,0.23958346
1.0,0.9210282
0.0,0.12309918
1.0,0.96815234
1.0,0.97500217
1.0,0.505087
1.0,0.93115544
0.0,0.17760509
0.0,0.981143
0.0,0.037477255
1.0,0.6933849
1.0,0.9852849
0.0,0.011617124
1.0,0.20262769
1.0,0.9789612
1.0,0.8852247
1.0,0.11869463
0.0,0.6719128
0.0,0.03623584
1.0,0.9519987
0.0,0.019338846
0.0,0.085299075
1.0,0.9930477
0.0,0.016539097
0.0,0.596401
0.0,0.13459218
0.0,0.0075809658
0.0,0.08163443
1.0,0.9970381
0.0,0.011068732
0.0,0.40678075
1.0,0.14206383
0.0,0.0463607
1.0,0.970662
0.0,0.26982728
0.0,0.017731518
0.0,0.0061027408
0.0,0.21896178
1.0,0.82564294
0.0,0.32600784
0.0,0.07529315
1.0,0.9307157
1.0,0.89750814
0.0,0.03472644
0.0,0.016872108
0.0,0.014420003
1.0,0.46318915
0.0,0.0724079
1.0,0.9573474
1.0,0.8682137
1.0,0.50007105
1.0,0.9807598
1.0,0.9510771
0.0,0.93930554
1.0,0.9219992
1.0,0.996179
0.0,0.008108497
0.0,0.006140262
0.0,0.025337636
1.0,0.87609506
0.0,0.019888192
0.0,0.015597463
0.0,0.06260511
1.0,0.9925107
0.0,0.03964621
1.0,0.979205
0.0,0.174234
0.0,0.56750333
0.0,0.059285194
0.0,0.027772427
0.0,0.018871576
1.0,0.71155995
1.0,0.9938364
0.0,0.029267967
0.0,0.047510058
1.0,0.5305262
0.0,0.0033357441
1.0,0.9947041
0.0,0.027038068
0.0,0.012934715
0.0,0.02391538
1.0,0.9826454
1.0,0.8498409
0.0,0.0350793
0.0,0.14218855
1.0,0.7780348
0.0,0.04604301
0.0,0.009204924
1.0,0.950886
1.0,0.99745667
1.0,0.929135
0.0,0.026366234
1.0,0.9842839
1.0,0.9652908
0.0,0.22145963
0.0,0.021873444
0.0,0.008266747
0.0,0.03487733
0.0,0.0045998394
0.0,0.021816641
1.0,0.55959535
1.0,0.81661046
0.0,0.09921962
0.0,0.017620862
0.0,0.047338694
0.0,0.08396223
1.0,0.9793721
0.0,0.9741423
0.0,0.03494215
0.0,0.8315355
0.0,0.9838685
1.0,0.06369749
0.0,0.0034906864
0.0,0.79100937
1.0,0.98559594
0.0,0.033339888
0.0,0.063734174
0.0,0.02905786
0.0,0.009788781
1.0,0.73424685
1.0,0.9228914
0.0,0.036551416
0.0,0.97919416
0.0,0.0048671365
0.0,0.97974086
0.0,0.95348066
0.0,0.29710132
0.0,0.0066682994
0.0,0.11139688
1.0,0.009290278
0.0,0.026709259
1.0,0.2555129
0.0,0.81573105
0.0,0.0027133226
0.0,0.08873907
0.0,0.13295913
0.0,0.16618687
0.0,0.022954345
1.0,0.9943524
0.0,0.0061053038
0.0,0.67405534
0.0,0.048209816
1.0,0.7646719
1.0,0.9568049
0.0,0.02683121
0.0,0.39606154
0.0,0.0037813783
1.0,0.9993776
1.0,0.8587514
1.0,0.9924217
0.0,0.09726921
1.0,0.99697423
0.0,0.027858913
0.0,0.0043982267
0.0,0.02242133
1.0,0.025574714
0.0,0.0037391484
0.0,0.0065591037
1.0,0.99903715
1.0,0.25984246
0.0,0.018368304
1.0,0.9993284
0.0,0.036402076
1.0,0.8090806
0.0,0.0670546
1.0,0.96832514
0.0,0.988001
0.0,0.20924383
1.0,0.9434541
0.0,0.010164022
0.0,0.07791558
0.0,0.021909237
0.0,0.02184096
0.0,0.055877596
0.0,0.020029068
1.0,0.8723037
1.0,0.79574883
0.0,0.50267476
0.0,0.032236814
0.0,0.019385904
0.0,0.06302309
1.0,0.9961883
0.0,0.018478572
0.0,0.07101199
0.0,0.83493006
0.0,0.16177088
0.0,0.0040806234
1.0,0.95057034
1.0,0.9404261
0.0,0.0039643645
0.0,0.00884518
0.0,0.019645423
0.0,0.0063375235
1.0,0.7123008
0.0,0.8578327
0.0,0.031212628
0.0,0.016801268
1.0,0.9615925
0.0,0.016469061
0.0,0.18292156
1.0,0.9836443
0.0,0.014834255
0.0,0.18867469
1.0,0.7783226
1.0,0.79966325
1.0,0.9704616
0.0,0.0036781728
0.0,0.0058650672
0.0,0.22643033
0.0,0.014962375
1.0,0.24561572
0.0,0.15495652
1.0,0.1872671
0.0,0.0040138066
0.0,0.010167152
0.0,0.09961879
1.0,0.9911393
0.0,0.88363004
0.0,0.05519545
0.0,0.5219968
1.0,0.71259755
0.0,0.023750484
0.0,0.49656314
0.0,0.0044689775
1.0,0.08277622
0.0,0.010926068
0.0,0.0038014352
1.0,0.107076794
1.0,0.993983
0.0,0.003873825
1.0,0.9986137
1.0,0.99715674
1.0,0.9414392
1.0,0.9018533
0.0,0.032997906
1.0,0.9159707
0.0,0.99912155
1.0,0.056930006
0.0,0.011428535
1.0,0.2862301
0.0,0.8494041
1.0,0.21007931
1.0,0.9979062
1.0,0.7201394
0.0,0.0064513087
0.0,0.8197729
0.0,0.8512468
0.0,0.01326555
0.0,0.027074128
0.0,0.19593686
1.0,0.9979706
1.0,0.995399
1.0,0.10821113
0.0,0.0056588054
0.0,0.0107629895
0.0,0.046473056
0.0,0.8442201
1.0,0.028336406
0.0,0.054374784
0.0,0.022734225
0.0,0.031306565
0.0,0.25998944
1.0,0.9161619
0.0,0.57447386
0.0,0.8293401
0.0,0.1974881
1.0,0.37334657
0.0,0.022138327
0.0,0.66118616
1.0,0.19735542
0.0,0.11552295
1.0,0.10378355
0.0,0.019929707
0.0,0.30279517
0.0,0.0071516037
0.0,0.03056857
0.0,0.003542453
1.0,0.9538996
0.0,0.07369679
0.0,0.050789922
1.0,0.99401164
1.0,0.98578894
0.0,0.15572295
1.0,0.019747853
0.0,0.13348201
0.0,0.0514116
1.0,0.9817801
0.0,0.0032671392
0.0,0.10655287
0.0,0.029344797
0.0,0.008504957
1.0,0.99562943
1.0,0.9768547
1.0,0.8302894
1.0,0.99345016
0.0,0.013080388
0.0,0.02741471
0.0,0.044107616
1.0,0.98850036
0.0,0.014580995
0.0,0.030778766
1.0,0.9840336
1.0,0.54279685
1.0,0.9332305
0.0,0.0080235
0.0,0.16128904
0.0,0.64876413
1.0,0.9952524
1.0,0.9790952
1.0,0.96495914
0.0,0.18687227
0.0,0.003186375
0.0,0.004732549
1.0,0.87147015
1.0,0.17546782
0.0,0.23742664
1.0,0.9807659
1.0,0.5896456
1.0,0.9782933
1.0,0.53222
0.0,0.21047026
0.0,0.044041783
1.0,0.4633953
1.0,0.84641606
0.0,0.041214526
0.0,0.022711009
0.0,0.014287025
0.0,0.019836158
0.0,0.02725026
0.0,0.72368836
0.0,0.015054613
0.0,0.043049514
1.0,0.89082015
1.0,0.7903174
0.0,0.9092921
1.0,0.9889176
0.0,0.008732051
1.0,0.957887
0.0,0.22942665
1.0,0.9932245
0.0,0.0046069324
0.0,0.005363196
0.0,0.0072940886
0.0,0.40641397
1.0,0.12546554
1.0,0.997661
0.0,0.033783227
0.0,0.07818374
1.0,0.20199409
0.0,0.057679087
1.0,0.9931276
1.0,0.7563745
0.0,0.007870734
0.0,0.032078594
0.0,0.28719008
0.0,0.99899316
0.0,0.87691516
0.0,0.009263158
0.0,0.6154979
0.0,0.027577788
1.0,0.9845439
1.0,0.98739326
1.0,0.88447547
1.0,0.9207603
0.0,0.012001753
0.0,0.688448
1.0,0.9438069
0.0,0.34730226
0.0,0.016084045
0.0,0.02921307
1.0,0.22290635
1.0,0.27089667
0.0,0.008092374
1.0,0.97519606
1.0,0.9943938
0.0,0.0032732785
0.0,0.017558664
1.0,0.97823215
0.0,0.023699671
0.0,0.96013904
0.0,0.0026552975
0.0,0.030213654
1.0,0.05662945
0.0,0.026394099
0.0,0.008066386
0.0,0.29798722
1.0,0.15261185
0.0,0.0078068674
0.0,0.07158968
1.0,0.8241247
0.0,0.009352535
0.0,0.15421712
0.0,0.9764714
1.0,0.99564433
1.0,0.5855829
1.0,0.1032514
0.0,0.036683828
0.0,0.171577
1.0,0.16997597
0.0,0.0077028275
0.0,0.0036410391
0.0,0.06281486
0.0,0.032673568
1.0,0.4934059
0.0,0.18666142
0.0,0.91980636
1.0,0.79753506
0.0,0.03656867
0.0,0.03210613
0.0,0.8527875
0.0,0.13711876
1.0,0.86342263
1.0,0.9941919
0.0,0.30527592
1.0,0.7104416
0.0,0.02343589
0.0,0.01969251
0.0,0.0046799183
1.0,0.43498144
0.0,0.004370749
0.0,0.03500405
1.0,0.97203517
1.0,0.78598714
1.0,0.9342685
0.0,0.6150154
1.0,0.9556711
1.0,0.89867496
0.0,0.0027103424
0.0,0.9520035
0.0,0.61021405
1.0,0.3046366
0.0,0.027632982
0.0,0.22648993
0.0,0.021098971
0.0,0.03831762
0.0,0.01925829
0.0,0.06362885
0.0,0.24645185
0.0,0.8432033
0.0,0.27757853
1.0,0.5166589
1.0,0.8063206
1.0,0.7471552
0.0,0.011554807
1.0,0.9993163
0.0,0.19140512
0.0,0.03211057
1.0,0.98839056
0.0,0.227005
0.0,0.013252556
0.0,0.23284289
0.0,0.017908454
0.0,0.13066375
0.0,0.8918391
0.0,0.038840503
1.0,0.9449698
0.0,0.0029453933
0.0,0.013775557
0.0,0.006737441
1.0,0.96843505
1.0,0.9585887
0.0,0.86878085
1.0,0.76726794
0.0,0.024094164
1.0,0.15588307
0.0,0.009853572
0.0,0.012373537
1.0,0.046705455
0.0,0.0039834976
0.0,0.012935609
1.0,0.43243158
0.0,0.034153074
1.0,0.020144671
0.0,0.23017561
0.0,0.011845946
1.0,0.957196
0.0,0.016097575
0.0,0.3257848
0.0,0.83586717
0.0,0.012250483
0.0,0.0021854043
1.0,0.9043089
0.0,0.004119396
0.0,0.070889235
0.0,0.029454201
1.0,0.61179733
0.0,0.96472144
0.0,0.031370014
1.0,0.8936069
0.0,0.01369521
0.0,0.0059956014
0.0,0.047749758
0.0,0.082342565
1.0,0.2800513
0.0,0.023979396
0.0,0.0040889382
0.0,0.011641651
0.0,0.0061156154
0.0,0.6813767
1.0,0.99352413
1.0,0.8528483
0.0,0.013322562
1.0,0.9699356
0.0,0.0235371
0.0,0.013004988
0.0,0.034473717
0.0,0.07594791
1.0,0.98389196
0.0,0.029061496
0.0,0.014234513
0.0,0.11510366
0.0,0.10593602
0.0,0.13959163
0.0,0.013192862
0.0,0.0034691393
0.0,0.009032786
0.0,0.00527817
0.0,0.9875226
1.0,0.28710163
0.0,0.038641572
0.0,0.016256481
0.0,0.011259705
1.0,0.998286
0.0,0.08578217
1.0,0.92613983
0.0,0.1242587
0.0,0.03595698
0.0,0.103651136
1.0,0.9891765
1.0,0.9991991
1.0,0.96741223
1.0,0.6148382
0.0,0.37427264
0.0,0.005669296
1.0,0.9959127
1.0,0.95670485
0.0,0.02266875
0.0,0.05560863
0.0,0.8596287
1.0,0.9945761
0.0,0.022793114
0.0,0.007121384
0.0,0.04156691
0.0,0.028615624
1.0,0.5281486
1.0,0.9832778
0.0,0.0037629306
1.0,0.52392644
0.0,0.031840026
0.0,0.033755064
0.0,0.0104343
0.0,0.01626572
0.0,0.013377309
1.0,0.94744277
0.0,0.0032972395
0.0,0.043581337
0.0,0.88562363
0.0,0.09273121
0.0,0.83522916
1.0,0.997272
0.0,0.02110517
0.0,0.02039215
1.0,0.94205064
0.0,0.35655177
0.0,0.010630071
1.0,0.9727044
1.0,0.812023
0.0,0.058586895
1.0,0.93492585
0.0,0.17810354
1.0,0.71238506
1.0,0.9997206
0.0,0.10722241
1.0,0.97771007
0.0,0.026403666
0.0,0.040614963
0.0,0.34009147
0.0,0.40366882
0.0,0.031971306
0.0,0.006639451
0.0,0.37025595
1.0,0.97514397
0.0,0.08401963
0.0,0.03242159
0.0,0.39195114
0.0,0.193088
1.0,0.9593426
0.0,0.0193246
0.0,0.7072109
0.0,0.017834187
0.0,0.008749127
0.0,0.011447132
0.0,0.98256516
1.0,0.09505579
0.0,0.13099357
1.0,0.85038936
0.0,0.0051366687
1.0,0.11801717
0.0,0.05751878
0.0,0.077486515
0.0,0.029086173
0.0,0.76138246
0.0,0.3740211
0.0,0.031518757
0.0,0.18467861
0.0,0.010745883
0.0,0.3130009
0.0,0.9447017
1.0,0.9877894
0.0,0.3868212
0.0,0.021217883
1.0,0.9972341
0.0,0.0078055263
0.0,0.010232717
0.0,0.003956914
1.0,0.8247292
1.0,0.48231807
1.0,0.5764745
1.0,0.98890686
0.0,0.1379394
1.0,0.94097054
0.0,0.124679
1.0,0.41819447
0.0,0.15550697
0.0,0.976264
0.0,0.124022245
0.0,0.0062636435
0.0,0.033298105
1.0,0.98237634
1.0,0.30910328
0.0,0.9965648
1.0,0.6753044
0.0,0.0145738125
1.0,0.9704314
0.0,0.030227631
0.0,0.01857397
0.0,0.9764824
0.0,0.43965757
0.0,0.080827415
0.0,0.004934758
1.0,0.9992293
0.0,0.0033355653
1.0,0.9985702
1.0,0.9114952
1.0,0.9871715
0.0,0.0076271594
0.0,0.9961287
0.0,0.0128104985
0.0,0.18754533
0.0,0.18444386
1.0,0.16595468
0.0,0.19833195
0.0,0.10755929
0.0,0.07224476
0.0,0.015561968
0.0,0.004372686
0.0,0.09085554
0.0,0.80806094
0.0,0.012573421
0.0,0.9401238
1.0,0.99545896
0.0,0.52618563
0.0,0.027690828
0.0,0.00599128
0.0,0.0059268475
1.0,0.8871887
0.0,0.57334447
1.0,0.99299127
0.0,0.5839582
1.0,0.99954146
1.0,0.9826229
0.0,0.009779513
0.0,0.062177777
0.0,0.029634356
0.0,0.25272754
0.0,0.05295658
0.0,0.71620405
1.0,0.988889
0.0,0.014882833
1.0,0.6120592
0.0,0.5445276
0.0,0.012364149
0.0,0.02478385
1.0,0.9822979
0.0,0.01151517
1.0,0.99803257
0.0,0.008893043
0.0,0.04761657
0.0,0.6249494
0.0,0.48308808
0.0,0.08129844
0.0,0.022480339
1.0,0.65266156
1.0,0.92174023
0.0,0.09120563
0.0,0.041943997
0.0,0.02169025
1.0,0.9788546
0.0,0.035135
1.0,0.20978382
0.0,0.06644374
1.0,0.9351721
1.0,0.945831
0.0,0.040821373
0.0,0.048145294
0.0,0.009078532
1.0,0.93793297
0.0,0.21920541
0.0,0.9227238
1.0,0.98857194
1.0,0.25912967
0.0,0.8481826
0.0,0.025127918
1.0,0.98972476
0.0,0.018709242
0.0,0.01952821
0.0,0.0077024996
1.0,0.66397786
0.0,0.07144225
0.0,0.04556036
1.0,0.9522855
1.0,0.7953757
0.0,0.5917249
0.0,0.013472497
0.0,0.01861918
1.0,0.980343
1.0,0.9934976
1.0,0.71405846
0.0,0.07455507
0.0,0.0069725215
0.0,0.02186212
0.0,0.0033101141
1.0,0.91891587
0.0,0.004184246
0.0,0.71055746
0.0,0.10992432
0.0,0.5544257
0.0,0.26749492
0.0,0.016897142
0.0,0.16863501
0.0,0.043037087
0.0,0.012572408
1.0,0.18505737
1.0,0.9024842
0.0,0.7591181
0.0,0.13058895
1.0,0.040905148
0.0,0.0052485764
1.0,0.94113135
0.0,0.026491046
0.0,0.02124232
1.0,0.96639574
1.0,0.9963351
0.0,0.21763173
0.0,0.06565401
1.0,0.39586067
0.0,0.13218808
0.0,0.30641294
0.0,0.9979693
0.0,0.040864825
1.0,0.9198054
1.0,0.23005953
0.0,0.20176771
0.0,0.002881229
0.0,0.044262707
1.0,0.90963674
0.0,0.011041135
1.0,0.3137129
0.0,0.04313633
1.0,0.84548306
1.0,0.67434305
0.0,0.7503626
1.0,0.30300957
0.0,0.6981167
0.0,0.008050501
1.0,0.99436426
1.0,0.1366055
0.0,0.037801415
0.0,0.29441774
0.0,0.7948723
0.0,0.9428656
1.0,0.9735702
0.0,0.08488706
0.0,0.3035515
0.0,0.006305337
1.0,0.98712075
0.0,0.03646353
0.0,0.8990611
1.0,0.9702326
0.0,0.003220588
0.0,0.91463387
0.0,0.041730344
1.0,0.32832086
0.0,0.17457405
1.0,0.98503906
0.0,0.014722884
1.0,0.038749218
1.0,0.6089798
1.0,0.98920536
1.0,0.92905295
0.0,0.008572131
1.0,0.24742597
0.0,0.02020815
1.0,0.9966036
1.0,0.8650242
0.0,0.26921684
1.0,0.86841625
0.0,0.004077345
1.0,0.6481271
1.0,0.48189816
0.0,0.035099685
0.0,0.9856354
1.0,0.9992746
1.0,0.12561235
0.0,0.13901079
0.0,0.4129305
0.0,0.0021766424
0.0,0.013829201
0.0,0.4935034
1.0,0.9398559
1.0,0.9714395
1.0,0.5698454
1.0,0.8257665
1.0,0.99933594
1.0,0.994246
0.0,0.69532573
1.0,0.9732832
0.0,0.008010715
0.0,0.03695333
0.0,0.1421634
1.0,0.031690776
1.0,0.80511963
0.0,0.029041022
0.0,0.028616935
0.0,0.9216796
1.0,0.6031715
1.0,0.092586786
1.0,0.92349875
0.0,0.0066717863
0.0,0.98685473
0.0,0.071698874
0.0,0.11879921
0.0,0.030657232
0.0,0.019890964
1.0,0.9947072
1.0,0.95676506
0.0,0.041372567
0.0,0.02872637
0.0,0.7587951
0.0,0.74415296
0.0,0.65651476
0.0,0.19627362
0.0,0.90796983
1.0,0.7279121
0.0,0.11640325
1.0,0.91800946
0.0,0.0054198205
0.0,0.8771353
0.0,0.07671136
0.0,0.69265306
1.0,0.9863036
1.0,0.83053404
1.0,0.8293489
1.0,0.77648354
0.0,0.003298819
0.0,0.27836895
1.0,0.7502148
1.0,0.92121327
0.0,0.37566206
0.0,0.014185727
0.0,0.04412359
1.0,0.83424973
0.0,0.013838321
1.0,0.03636375
0.0,0.02353546
0.0,0.07436657
0.0,0.024332762
0.0,0.015991032
0.0,0.087433636
0.0,0.035367817
0.0,0.10763529
1.0,0.9949565
0.0,0.0061846375
0.0,0.5968955
0.0,0.015385121
1.0,0.31007767
0.0,0.039076567
1.0,0.9976397
0.0,0.014469951
0.0,0.01262328
0.0,0.010980904
0.0,0.098153114
0.0,0.022144556
0.0,0.023139983
1.0,0.97924507
0.0,0.081098765
1.0,0.834437
1.0,0.9832471
0.0,0.025309324
0.0,0.025461078
1.0,0.9559449
1.0,0.9991878
0.0,0.42837906
0.0,0.3430392
0.0,0.085386395
0.0,0.07644516
0.0,0.013787657
1.0,0.31153023
0.0,0.038743764
1.0,0.6882858
1.0,0.5529409
0.0,0.98521864
0.0,0.06487426
0.0,0.013889194
0.0,0.014665306
0.0,0.9098326
0.0,0.014285296
0.0,0.013509303
0.0,0.83384216
1.0,0.8758752
1.0,0.7143614
0.0,0.029027224
0.0,0.02666542
0.0,0.12427208
1.0,0.96854925
0.0,0.0039486587
0.0,0.018402845
1.0,0.6442108
1.0,0.99286413
0.0,0.33057874
0.0,0.036879927
0.0,0.023045957
1.0,0.9875166
0.0,0.03151962
1.0,0.98626935
1.0,0.7862821
0.0,0.009444147
0.0,0.042120934
0.0,0.024903268
1.0,0.6403591
0.0,0.059427172
1.0,0.78649724
0.0,0.007127404
1.0,0.75849605
0.0,0.057364076
0.0,0.03710988
0.0,0.007674396
1.0,0.9985532
0.0,0.88597965
1.0,0.99814
1.0,0.98165286
0.0,0.013507307
1.0,0.21650067
0.0,0.034585476
1.0,0.2735191
0.0,0.010019988
1.0,0.97368956
0.0,0.0035006404
1.0,0.8695675
1.0,0.98878133
1.0,0.99648744
0.0,0.019417763
1.0,0.97982824
1.0,0.28900403
0.0,0.022078991
1.0,0.98344076
1.0,0.56823575
1.0,0.07548806
0.0,0.11251839
0.0,0.012303753
0.0,0.992747
0.0,0.0670651
