0.0,0.22286546
0.0,0.7611712
1.0,0.26842573
0.0,0.084986895
1.0,0.4876985
0.0,0.02781099
1.0,0.9539684
1.0,0.7533356
1.0,0.5927001
0.0,0.005522907
0.0,0.237537
1.0,0.9087446
0.0,0.009037763
0.0,0.1515947
0.0,0.032480836
0.0,0.0033035278
1.0,0.19524038
0.0,0.03593111
0.0,0.011642277
1.0,0.4781475
1.0,0.7017547
0.0,0.0073340237
1.0,0.9411216
0.0,0.040991127
0.0,0.007631749
1.0,0.77449983
0.0,0.060035586
1.0,0.8874153
0.0,0.030057162
1.0,0.86574304
0.0,0.013017476
0.0,0.24182394
1.0,0.9449289
1.0,0.98949593
1.0,0.89234984
1.0,0.970243
1.0,0.5028386
0.0,0.036396116
1.0,0.9465936
1.0,0.028455168
1.0,0.9619389
1.0,0.98065424
0.0,0.0117172
1.0,0.9748246
1.0,0.85623336
0.0,0.03215027
0.0,0.0030011535
0.0,0.06907749
0.0,0.017257959
1.0,0.99032694
0.0,0.2606352
1.0,0.7861314
1.0,0.97984785
1.0,0.7160492
0.0,0.013668895
0.0,0.0053550303
0.0,0.047837913
1.0,0.037308782
1.0,0.7780427
1.0,0.17367053
1.0,0.98751295
0.0,0.29609427
1.0,0.98659253
1.0,0.8745338
1.0,0.97286606
0.0,0.195028
0.0,0.05271706
1.0,0.9727049
0.0,0.013971925
1.0,0.93178093
0.0,0.19917217
1.0,0.92435336
0.0,0.0019762218
0.0,0.07420713
1.0,0.44325313
0.0,0.05992502
0.0,0.007814735
0.0,0.287261
0.0,0.008826554
1.0,0.9393999
0.0,0.021557122
1.0,0.9803951
1.0,0.9679394
1.0,0.9982312
1.0,0.98333246
1.0,0.8494667
1.0,0.9714303
0.0,0.11830872
0.0,0.026221871
1.0,0.7449229
0.0,0.0060099363
1.0,0.14092344
0.0,0.013408631
0.0,0.7301026
0.0,0.32574034
1.0,0.9591793
0.0,0.023295522
0.0,0.038915962
1.0,0.49051133
1.0,0.985116
0.0,0.00864023
0.0,0.035721958
1.0,0.03575179
0.0,0.1231167
0.0,0.06740761
1.0,0.8828975
1.0,0.020978868
0.0,0.023091674
1.0,0.010727853
1.0,0.98028564
1.0,0.94463384
0.0,0.060646683
1.0,0.027766466
0.0,0.049889773
0.0,0.034843564
1.0,0.4884883
0.0,0.027293414
1.0,0.37448674
1.0,0.52299577
1.0,0.9711587
0.0,0.24842316
1.0,0.9887195
0.0,0.9562118
0.0,0.015977532
0.0,0.24214217
1.0,0.31028783
0.0,0.008531868
0.0,0.06731731
1.0,0.9578803
1.0,0.7588364
1.0,0.9851554
0.0,0.030057669
0.0,0.0153362155
1.0,0.24415809
1.0,0.97861016
0.0,0.7779378
0.0,0.018871307
0.0,0.019229442
0.0,0.042540967
0.0,0.023654759
1.0,0.67110693
0.0,0.09611374
1.0,0.107308894
0.0,0.0142847
0.0,0.009200603
0.0,0.0019641519
1.0,0.20107898
0.0,0.010651708
0.0,0.018042654
0.0,0.034888297
0.0,0.090516806
0.0,0.005356312
0.0,0.010669708
0.0,0.89618766
0.0,0.20669258
1.0,0.96235704
0.0,0.0050893724
0.0,0.00578627
1.0,0.9934119
0.0,0.0141379535
0.0,0.13475695
0.0,0.041849375
0.0,0.01668498
0.0,0.10683438
1.0,0.9952333
0.0,0.086708754
1.0,0.9160597
0.0,0.047938168
0.0,0.0051805973
1.0,0.73618287
0.0,0.95506966
0.0,0.96676534
0.0,0.9344262
0.0,0.001795888
1.0,0.75797784
1.0,0.9034277
0.0,0.05423835
1.0,0.7157486
0.0,0.34791136
1.0,0.9612446
1.0,0.7973063
1.0,0.9672202
1.0,0.9788736
1.0,0.98164904
0.0,0.86493266
0.0,0.002638489
0.0,0.007684499
0.0,0.9841828
0.0,0.080902874
0.0,0.034480095
1.0,0.17662737
0.0,0.0021383464
0.0,0.8267684
1.0,0.97172356
1.0,0.7388716
1.0,0.9945923
0.0,0.0062110424
0.0,0.047242522
0.0,0.005803585
1.0,0.052013308
0.0,0.3152976
0.0,0.1260072
0.0,0.54823744
0.0,0.3939726
0.0,0.1248973
1.0,0.05365026
0.0,0.029699057
1.0,0.1876834
0.0,0.0028035343
0.0,0.026601583
0.0,0.007022649
1.0,0.9631527
0.0,0.033845156
0.0,0.06443906
0.0,0.03007257
0.0,0.01002574
0.0,0.8965155
0.0,0.21668398
1.0,0.991629
0.0,0.011508107
0.0,0.013054758
1.0,0.37385762
1.0,0.9848796
0.0,0.27573234
0.0,0.017846823
0.0,0.0023838282
0.0,0.0775083
0.0,0.023697168
0.0,0.14460373
1.0,0.9712164
0.0,0.0771161
1.0,0.36191836
0.0,0.0063453615
1.0,0.23425746
1.0,0.46651158
0.0,0.031165302
0.0,0.06114471
0.0,0.034531623
1.0,0.8645436
1.0,0.7791954
1.0,0.9795686
1.0,0.7056928
0.0,0.023066431
0.0,0.8566682
1.0,0.98608744
0.0,0.4345038
0.0,0.007799089
0.0,0.012855232
0.0,0.08961293
0.0,0.08213386
0.0,0.023476392
0.0,0.12447354
1.0,0.52177393
0.0,0.029722303
0.0,0.08105007
0.0,0.07166511
1.0,0.8962071
1.0,0.9711739
0.0,0.028018147
0.0,0.2105774
0.0,0.026911616
1.0,0.9846996
0.0,0.023210198
0.0,0.0032529235
0.0,0.025546432
0.0,0.018874496
1.0,0.9876961
1.0,0.91427636
1.0,0.98077214
0.0,0.01888457
1.0,0.933524
0.0,0.024152786
0.0,0.04204184
0.0,0.4233608
1.0,0.9644283
1.0,0.40126535
0.0,0.0039690137
0.0,0.03509003
1.0,0.87158835
1.0,0.32491595
0.0,0.03208238
1.0,0.093557
1.0,0.98456395
0.0,0.73676056
0.0,0.11971083
0.0,0.05427316
0.0,0.02951321
0.0,0.34568095
0.0,0.027667105
1.0,0.99042946
0.0,0.022759706
0.0,0.02215013
1.0,0.99640286
0.0,0.009481698
1.0,0.9616889
1.0,0.023407012
1.0,0.9020791
1.0,0.8787283
1.0,0.9624514
0.0,0.042954028
1.0,0.93202066
0.0,0.80952555
1.0,0.9932158
0.0,0.5459071
0.0,0.27738062
0.0,0.025305122
0.0,0.048118055
0.0,0.26089445
1.0,0.9820988
0.0,0.960395
1.0,0.75872725
0.0,0.887467
1.0,0.77681744
1.0,0.98452616
0.0,0.022687793
0.0,0.00940308
0.0,0.018234402
1.0,0.95125973
1.0,0.14589748
0.0,0.0030846894
0.0,0.0020626187
0.0,0.0071054697
0.0,0.02387166
1.0,0.93346334
1.0,0.74133337
0.0,0.024792194
0.0,0.0697656
1.0,0.78056085
1.0,0.9859166
1.0,0.3886044
0.0,0.04682678
0.0,0.814046
0.0,0.0056147277
0.0,0.6534163
1.0,0.98505294
1.0,0.8324424
0.0,0.03892392
0.0,0.041846186
0.0,0.006941825
0.0,0.56238216
0.0,0.0049236417
0.0,0.22600377
1.0,0.49035227
0.0,0.13601536
0.0,0.030657053
0.0,0.05833584
0.0,0.388655
0.0,0.84186864
0.0,0.026044577
0.0,0.006311536
1.0,0.56341565
0.0,0.047157586
1.0,0.6785427
0.0,0.003664881
0.0,0.16915411
0.0,0.20427242
0.0,0.0023527145
0.0,0.9676981
1.0,0.62249196
1.0,0.9188782
0.0,0.6722765
1.0,0.8810505
0.0,0.009608865
0.0,0.46478742
0.0,0.4220759
0.0,0.38661036
0.0,0.014701635
0.0,0.002032131
1.0,0.2909058
0.0,0.015976071
1.0,0.98062104
0.0,0.082453966
1.0,0.4073724
0.0,0.10259715
1.0,0.042464375
1.0,0.9656477
1.0,0.9610622
0.0,0.0043705404
0.0,0.04102707
1.0,0.96662045
0.0,0.02856496
0.0,0.024024576
1.0,0.020552754
1.0,0.9818109
0.0,0.37066627
1.0,0.9702511
1.0,0.98842514
0.0,0.6297363
0.0,0.035346
0.0,0.3032799
0.0,0.032840163
0.0,0.015270352
0.0,0.043842822
1.0,0.9785775
0.0,0.12157193
1.0,0.8315381
1.0,0.21542022
0.0,0.013177723
0.0,0.06323394
0.0,0.8615953
1.0,0.9802624
1.0,0.95744276
1.0,0.43227178
0.0,0.19635436
1.0,0.9768664
1.0,0.8685104
0.0,0.0032637417
0.0,0.21337625
0.0,0.89262444
0.0,0.8694304
1.0,0.96744645
0.0,0.028906554
1.0,0.46680215
0.0,0.75638163
0.0,0.062354386
0.0,0.03353256
0.0,0.013270199
0.0,0.011554629
0.0,0.024120718
0.0,0.024026513
0.0,0.013063371
0.0,0.026796073
0.0,0.4097178
0.0,0.12125525
0.0,0.012892842
0.0,0.2782384
0.0,0.022450149
1.0,0.67360985
0.0,0.2680357
1.0,0.95717895
0.0,0.02775222
0.0,0.010203928
0.0,0.009665936
0.0,0.9004165
0.0,0.58455026
0.0,0.08129901
0.0,0.046863884
0.0,0.0018088222
0.0,0.017632663
0.0,0.025625527
0.0,0.5992115
1.0,0.9356806
0.0,0.023557156
0.0,0.01041761
0.0,0.49472275
0.0,0.03970185
1.0,0.5705532
0.0,0.8282634
1.0,0.39444134
0.0,0.004315108
0.0,0.1863235
1.0,0.9708537
0.0,0.8658677
1.0,0.8027214
1.0,0.96211684
1.0,0.9308851
1.0,0.973791
0.0,0.005434513
1.0,0.78778255
0.0,0.008538812
0.0,0.015511066
0.0,0.09897122
1.0,0.99353755
0.0,0.006713003
0.0,0.038117707
1.0,0.35964707
1.0,0.99716735
0.0,0.087771
0.0,0.004261613
1.0,0.73584664
0.0,0.042093962
1.0,0.7504067
0.0,0.51864344
0.0,0.2659758
1.0,0.8909906
0.0,0.78819454
0.0,0.0053270757
1.0,0.062403023
0.0,0.026394308
1.0,0.9906318
0.0,0.0037716925
1.0,0.43660817
1.0,0.6477816
1.0,0.7987674
1.0,0.976053
0.0,0.12671798
0.0,0.036205858
1.0,0.8299685
0.0,0.021912187
0.0,0.27989587
1.0,0.74890834
1.0,0.88863784
1.0,0.95325875
0.0,0.007203251
1.0,0.9488634
1.0,0.89450026
0.0,0.113624156
1.0,0.96992284
0.0,0.4755675
1.0,0.87521434
1.0,0.92487454
0.0,0.74762857
0.0,0.47116882
1.0,0.36131394
0.0,0.26315963
1.0,0.9696944
0.0,0.9331616
0.0,0.027142406
0.0,0.844638
1.0,0.9910793
0.0,0.0031379163
0.0,0.0048464835
0.0,0.77317154
1.0,0.35810474
0.0,0.025820583
0.0,0.0044151545
0.0,0.053013146
0.0,0.7837397
1.0,0.5196689
1.0,0.9183741
0.0,0.07447407
0.0,0.56557727
0.0,0.08752811
0.0,0.05085218
0.0,0.02234283
1.0,0.9545912
0.0,0.03798479
1.0,0.9605103
0.0,0.7400851
0.0,0.1377396
1.0,0.7821996
0.0,0.013936639
0.0,0.053646743
0.0,0.020635933
0.0,0.005553931
0.0,0.11209378
0.0,0.0021541119
0.0,0.024080038
0.0,0.03293428
1.0,0.8795492
1.0,0.9852985
0.0,0.0022048056
0.0,0.03118363
1.0,0.9676807
0.0,0.009332627
1.0,0.9169374
0.0,0.173868
0.0,0.0023159385
1.0,0.88571143
0.0,0.11299509
1.0,0.6715317
0.0,0.27052712
1.0,0.27231544
0.0,0.022721618
0.0,0.034324646
0.0,0.69239956
1.0,0.98333144
0.0,0.0032375157
0.0,0.0422574
0.0,0.011089504
0.0,0.9659823
1.0,0.43388602
0.0,0.013857156
0.0,0.009899884
1.0,0.9561583
1.0,0.024763614
0.0,0.10857397
1.0,0.8055234
0.0,0.041765213
0.0,0.11691126
1.0,0.9616751
1.0,0.9942469
0.0,0.3715517
1.0,0.96675223
1.0,0.9779229
0.0,0.016496927
0.0,0.027347594
0.0,0.03524667
1.0,0.053058952
0.0,0.002880752
0.0,0.032752067
0.0,0.0073230565
1.0,0.99470234
1.0,0.46821117
0.0,0.009669542
1.0,0.5314974
1.0,0.046242774
0.0,0.42212832
1.0,0.9337312
0.0,0.047261626
1.0,0.94733036
0.0,0.0696165
1.0,0.9356404
0.0,0.020246148
0.0,0.012054145
1.0,0.8024671
0.0,0.005976945
1.0,0.8732821
0.0,0.03344655
0.0,0.016896337
0.0,0.01052022
1.0,0.79091215
0.0,0.24103272
1.0,0.549717
0.0,0.0043599904
1.0,0.45530412
1.0,0.3495163
0.0,0.0028303266
1.0,0.98367745
1.0,0.9693646
1.0,0.14106455
1.0,0.8791163
0.0,0.01761514
0.0,0.012393564
0.0,0.79385805
1.0,0.9494095
1.0,0.5009674
0.0,0.015989304
0.0,0.02935353
0.0,0.10227257
1.0,0.89873755
0.0,0.25264776
1.0,0.00798443
1.0,0.9672745
0.0,0.0196338
0.0,0.043273747
1.0,0.9837103
0.0,0.76391494
1.0,0.9791609
0.0,0.6409801
0.0,0.028557241
0.0,0.015722454
1.0,0.05232495
0.0,0.030673206
1.0,0.9814944
0.0,0.015190214
1.0,0.5669783
0.0,0.47420135
0.0,0.07529473
1.0,0.037572026
1.0,0.32946903
1.0,0.7383144
1.0,0.93414915
0.0,0.038072973
0.0,0.030941129
0.0,0.34777194
0.0,0.0015769899
1.0,0.95598835
1.0,0.82312393
0.0,0.0032882094
0.0,0.0151185095
0.0,0.0029453933
1.0,0.81954163
0.0,0.024834782
0.0,0.025310487
0.0,0.049455523
0.0,0.13764766
0.0,0.02328664
0.0,0.21605235
1.0,0.89219385
0.0,0.94648606
1.0,0.36382404
0.0,0.054335773
0.0,0.23509878
1.0,0.71225464
1.0,0.9007444
1.0,0.957946
0.0,0.022886992
0.0,0.24049586
1.0,0.15897971
0.0,0.0034264922
0.0,0.036407173
0.0,0.16817573
1.0,0.90590936
0.0,0.03517884
0.0,0.049244523
1.0,0.9832034
0.0,0.10805121
1.0,0.994248
1.0,0.92382514
1.0,0.9836805
0.0,0.01339227
1.0,0.9776714
1.0,0.678971
0.0,0.030295104
1.0,0.23641565
0.0,0.014543384
0.0,0.15969577
0.0,0.076345414
0.0,0.003574878
1.0,0.8400579
1.0,0.35750008
1.0,0.9937631
1.0,0.9723058
1.0,0.98412895
0.0,0.5787372
0.0,0.9809406
1.0,0.9829267
0.0,0.017187715
1.0,0.69627786
1.0,0.987802
0.0,0.040491372
1.0,0.08590394
1.0,0.44138753
0.0,0.02091387
0.0,0.02980256
0.0,0.010835767
0.0,0.027835608
1.0,0.5057822
1.0,0.98017204
0.0,0.0049793124
0.0,0.021582037
1.0,0.039831012
1.0,0.846923
1.0,0.0502128
0.0,0.030523688
1.0,0.8289875
1.0,0.13130224
0.0,0.022099495
0.0,0.25531173
1.0,0.85780704
1.0,0.98680556
0.0,0.37380826
1.0,0.86230606
0.0,0.062814265
0.0,0.80569196
1.0,0.9849038
0.0,0.6196302
1.0,0.97602403
0.0,0.81029516
0.0,0.32011595
0.0,0.06289601
1.0,0.954357
1.0,0.3526177
0.0,0.012815475
0.0,0.00913021
1.0,0.7889204
0.0,0.025367081
1.0,0.9806887
1.0,0.9191719
1.0,0.71677554
0.0,0.06848213
0.0,0.8524124
0.0,0.8125136
0.0,0.011693805
0.0,0.0019780397
1.0,0.9943832
0.0,0.2530618
0.0,0.01753813
1.0,0.9726709
0.0,0.030096471
1.0,0.05868894
1.0,0.8594839
0.0,0.014719099
0.0,0.20841259
0.0,0.7281352
0.0,0.01005277
0.0,0.0019313097
0.0,0.0102157295
0.0,0.012401074
0.0,0.9125622
1.0,0.5901813
1.0,0.95507
0.0,0.7099776
0.0,0.476505
0.0,0.014234722
0.0,0.038394153
0.0,0.014238089
1.0,0.025980204
0.0,0.018969685
0.0,0.0030235648
1.0,0.9958391
1.0,0.66061735
0.0,0.013856649
0.0,0.9746436
0.0,0.0017484128
0.0,0.018679798
0.0,0.0031206012
0.0,0.030470878
1.0,0.92394364
1.0,0.82909334
1.0,0.9282596
0.0,0.002155602
1.0,0.7547592
1.0,0.9568949
0.0,0.062472016
0.0,0.0017353892
1.0,0.7917517
1.0,0.19089982
1.0,0.8823397
1.0,0.95926625
1.0,0.75918067
0.0,0.05477354
0.0,0.19935423
1.0,0.39802414
0.0,0.010525733
1.0,0.9620489
0.0,0.008162826
1.0,0.48982584
0.0,0.023786038
0.0,0.24349731
0.0,0.016477615
0.0,0.016353726
0.0,0.16192585
0.0,0.0023978055
0.0,0.0034725666
0.0,0.027584821
0.0,0.6358168
0.0,0.002871722
0.0,0.007643193
1.0,0.9381921
1.0,0.7677847
1.0,0.9824214
0.0,0.9762355
0.0,0.40820524
0.0,0.83874846
0.0,0.03073743
1.0,0.9835667
1.0,0.24582165
1.0,0.91587436
1.0,0.9872838
0.0,0.91153497
0.0,0.01031971
0.0,0.006235391
1.0,0.8251715
0.0,0.014475554
1.0,0.0052012503
1.0,0.97760355
0.0,0.13141888
0.0,0.014299393
0.0,0.009004921
0.0,0.7774337
1.0,0.929327
1.0,0.96298933
0.0,0.029593676
1.0,0.9401529
1.0,0.7431962
0.0,0.60640985
0.0,0.024198413
1.0,0.43107855
0.0,0.0031544566
0.0,0.083170146
0.0,0.0037682652
0.0,0.29225183
0.0,0.028330058
1.0,0.45676515
0.0,0.038083225
0.0,0.5795164
1.0,0.9831677
1.0,0.9384427
0.0,0.44301143
0.0,0.47141325
1.0,0.8236022
0.0,0.09759876
0.0,0.0015886724
1.0,0.56168157
0.0,0.064430535
0.0,0.026916236
0.0,0.03276074
1.0,0.98223376
0.0,0.17672724
1.0,0.8418591
1.0,0.97345114
1.0,0.99703443
0.0,0.0130806565
1.0,0.82747686
0.0,0.031499445
1.0,0.9559998
0.0,0.08726263
1.0,0.9723038
0.0,0.025570542
0.0,0.02011022
1.0,0.9820628
0.0,0.008530319
0.0,0.006594032
1.0,0.63514507
1.0,0.87305224
1.0,0.05162233
1.0,0.7921329
1.0,0.62324464
1.0,0.9683499
1.0,0.80176395
0.0,0.014516383
1.0,0.08648655
1.0,0.991446
0.0,0.065442204
0.0,0.0040257573
0.0,0.00245592
1.0,0.57154495
0.0,0.013866693
0.0,0.07446355
0.0,0.26003224
1.0,0.9768419
0.0,0.007044792
0.0,0.07934332
1.0,0.5777393
1.0,0.961864
1.0,0.8769951
1.0,0.10156205
0.0,0.9859184
0.0,0.06200245
0.0,0.05354789
0.0,0.048701257
0.0,0.0038965344
0.0,0.041740775
0.0,0.025209904
1.0,0.044143945
1.0,0.95990264
0.0,0.027962208
1.0,0.8872062
0.0,0.010204315
0.0,0.0032679737
1.0,0.9863786
0.0,0.013105005
0.0,0.8836143
0.0,0.011856049
0.0,0.20284617
0.0,0.028413445
0.0,0.010626495
0.0,0.94729483
1.0,0.79760844
0.0,0.06668016
0.0,0.1437423
1.0,0.91124356
0.0,0.007411957
1.0,0.82509583
0.0,0.038330138
0.0,0.0030240715
0.0,0.017446697
0.0,0.21785921
0.0,0.0017517805
0.0,0.008663148
0.0,0.028047651
0.0,0.029584497
0.0,0.7734591
1.0,0.7108255
0.0,0.063806236
1.0,0.7892069
0.0,0.5805085
1.0,0.06428161
0.0,0.07436457
0.0,0.0033974648
0.0,0.07157722
1.0,0.96111023
1.0,0.026708037
1.0,0.21240821
0.0,0.022207677
0.0,0.55068165
1.0,0.79252315
0.0,0.01693064
0.0,0.037608236
1.0,0.2439068
0.0,0.010592759
1.0,0.95095444
1.0,0.24725336
0.0,0.009885609
1.0,0.51503515
0.0,0.09761131
1.0,0.16855645
0.0,0.28569123
1.0,0.9936168
0.0,0.0017613769
0.0,0.980444
0.0,0.036076188
0.0,0.036841184
0.0,0.006085634
0.0,0.045149714
0.0,0.019380748
1.0,0.95684874
0.0,0.006698042
0.0,0.0020760894
0.0,0.001988411
0.0,0.13890785
0.0,0.1304003
1.0,0.11978555
0.0,0.4709877
0.0,0.11588141
1.0,0.5237889
0.0,0.5237806
1.0,0.95313823
0.0,0.786813
1.0,0.9337886
1.0,0.94311905
0.0,0.010062039
1.0,0.9949393
0.0,0.39912152
0.0,0.018534869
0.0,0.03483963
0.0,0.071722984
1.0,0.08227095
1.0,0.9892971
0.0,0.03930047
0.0,0.16716185
1.0,0.99289715
0.0,0.048777968
1.0,0.6565693
1.0,0.021065265
1.0,0.80898595
0.0,0.022188634
1.0,0.6748534
0.0,0.018618226
1.0,0.8563115
1.0,0.1501528
0.0,0.25543332
0.0,0.8243249
0.0,0.03640631
0.0,0.1850028
1.0,0.7922008
1.0,0.952309
1.0,0.98654443
0.0,0.021299183
0.0,0.0023763776
1.0,0.9566804
0.0,0.95936847
0.0,0.002778262
0.0,0.017790884
1.0,0.6279857
0.0,0.053218395
0.0,0.016637266
0.0,0.07024756
0.0,0.04151991
1.0,0.7955532
1.0,0.967999
0.0,0.091807574
0.0,0.037937373
0.0,0.011082798
1.0,0.9887934
0.0,0.024529994
0.0,0.8210968
1.0,0.90045667
0.0,0.00865674
0.0,0.7284961
1.0,0.97475314
0.0,0.053670436
1.0,0.26078585
1.0,0.121405065
0.0,0.028202951
0.0,0.033944845
0.0,0.006312579
0.0,0.013137221
1.0,0.98128533
1.0,0.997615
1.0,0.98577416
1.0,0.21545771
0.0,0.87764955
0.0,0.046328276
1.0,0.77544427
1.0,0.99087167
0.0,0.056756824
0.0,0.036829293
1.0,0.4332192
0.0,0.0074947476
1.0,0.8255422
0.0,0.008583516
0.0,0.2394158
1.0,0.9791297
0.0,0.036420017
0.0,0.0032165349
0.0,0.038377553
0.0,0.036381096
0.0,0.32897356
1.0,0.08044246
0.0,0.027780443
1.0,0.9821045
0.0,0.087878585
1.0,0.96464205
0.0,0.19705385
1.0,0.82967246
1.0,0.97879606
1.0,0.993891
0.0,0.9319437
0.0,0.002752602
1.0,0.24599817
0.0,0.056420684
0.0,0.03537941
1.0,0.88347733
1.0,0.22617617
0.0,0.1102466
1.0,0.9448185
1.0,0.97856426
0.0,0.8776375
0.0,0.01740545
0.0,0.8220304
0.0,0.010460615
0.0,0.0019096434
0.0,0.91768193
1.0,0.9761746
1.0,0.9871874
1.0,0.96956825
0.0,0.0029536784
0.0,0.010699213
0.0,0.013519049
0.0,0.025134653
0.0,0.02861461
0.0,0.04331827
1.0,0.90458333
1.0,0.95856476
1.0,0.61210483
0.0,0.09455475
0.0,0.026299387
1.0,0.88732326
0.0,0.1489577
0.0,0.5312749
1.0,0.8752981
0.0,0.8081964
0.0,0.873927
1.0,0.77209103
0.0,0.04155022
1.0,0.6771873
1.0,0.914937
0.0,0.9609078
0.0,0.01726994
1.0,0.9959382
0.0,0.004956275
0.0,0.48989317
1.0,0.828856
1.0,0.9740852
1.0,0.7900499
1.0,0.95570564
0.0,0.9783657
0.0,0.021810085
0.0,0.004683614
1.0,0.8121035
0.0,0.98635834
1.0,0.8034599
0.0,0.81836426
1.0,0.91662526
1.0,0.7677255
0.0,0.083487004
0.0,0.023504734
0.0,0.00825271
0.0,0.33645517
0.0,0.05341196
0.0,0.011195809
1.0,0.44919336
1.0,0.12885153
0.0,0.9005519
1.0,0.9720868
1.0,0.7311615
0.0,0.00383237
0.0,0.19143057
1.0,0.90059733
1.0,0.17071232
0.0,0.01675868
0.0,0.11624548
0.0,0.014544457
0.0,0.021226227
1.0,0.64924824
1.0,0.96755224
0.0,0.039324164
0.0,0.002622664
0.0,0.040796667
0.0,0.14470083
0.0,0.02257657
0.0,0.021953076
0.0,0.9461651
0.0,0.58509856
0.0,0.016653538
0.0,0.035487473
0.0,0.120052844
1.0,0.9874282
1.0,0.86138016
0.0,0.01033327
0.0,0.021783471
0.0,0.0023410916
0.0,0.004169792
0.0,0.07735032
0.0,0.30377644
0.0,0.028159618
0.0,0.35610563
1.0,0.9562308
1.0,0.99274397
1.0,0.89297616
1.0,0.90400124
1.0,0.9898473
0.0,0.4951713
0.0,0.029141307
0.0,0.039363742
0.0,0.04488519
1.0,0.77143776
0.0,0.021928668
1.0,0.9382479
0.0,0.03872174
0.0,0.41539454
0.0,0.8859898
0.0,0.033249795
0.0,0.042964548
0.0,0.11838505
0.0,0.20323643
0.0,0.0110788345
1.0,0.88892305
1.0,0.26281065
0.0,0.10783389
0.0,0.14571783
0.0,0.011275023
0.0,0.0078878105
1.0,0.98260945
0.0,0.013051212
1.0,0.099497855
0.0,0.029604375
1.0,0.48340985
0.0,0.010134578
0.0,0.093862325
1.0,0.9155909
0.0,0.0021786094
1.0,0.96920097
0.0,0.05359432
0.0,0.5439638
0.0,0.21454847
0.0,0.0034533143
0.0,0.0039431453
1.0,0.9365883
1.0,0.9904439
0.0,0.45531574
0.0,0.041345477
0.0,0.013123244
0.0,0.20177877
1.0,0.8510754
0.0,0.7384482
1.0,0.16679648
1.0,0.47950047
0.0,0.7985505
0.0,0.040558875
0.0,0.05222717
0.0,0.023971915
0.0,0.041553944
0.0,0.032222956
0.0,0.039474726
0.0,0.733954
0.0,0.18269074
1.0,0.9099349
0.0,0.98537254
0.0,0.012113631
1.0,0.91032565
0.0,0.02124983
0.0,0.036325544
0.0,0.0036558807
0.0,0.021359026
1.0,0.054492444
1.0,0.97270805
1.0,0.9777219
0.0,0.016729385
0.0,0.0049278736
0.0,0.016423464
0.0,0.40113384
0.0,0.49635872
0.0,0.79014844
1.0,0.9921301
1.0,0.9814265
1.0,0.9399302
0.0,0.02263233
1.0,0.98895156
1.0,0.6405312
0.0,0.033361346
1.0,0.9721242
0.0,0.015800357
0.0,0.01532194
0.0,0.7708717
1.0,0.98829305
1.0,0.9679501
1.0,0.7418614
0.0,0.8962004
0.0,0.26933363
0.0,0.014776975
1.0,0.96995234
1.0,0.9815469
1.0,0.9565933
1.0,0.88813394
0.0,0.028789312
0.0,0.029144913
0.0,0.03403631
0.0,0.3350033
1.0,0.9731474
0.0,0.015216619
0.0,0.07221514
0.0,0.11223656
1.0,0.26809686
0.0,0.027497888
0.0,0.13771772
0.0,0.057287812
0.0,0.42521638
0.0,0.021364927
0.0,0.103048146
0.0,0.017629921
0.0,0.1642822
0.0,0.0039696097
1.0,0.98574054
1.0,0.18726096
0.0,0.21204904
0.0,0.9849472
0.0,0.067964375
1.0,0.89692545
0.0,0.0053148866
0.0,0.032150447
0.0,0.49135464
0.0,0.009705722
1.0,0.95267326
0.0,0.014349729
0.0,0.06136456
1.0,0.48444405
1.0,0.9377832
1.0,0.94796884
0.0,0.034917325
0.0,0.08935633
1.0,0.81999606
1.0,0.9818834
1.0,0.9828373
0.0,0.83000714
0.0,0.45642787
0.0,0.002270043
1.0,0.08882171
1.0,0.98719287
0.0,0.014592886
0.0,0.83722055
1.0,0.7181407
1.0,0.97683734
0.0,0.009863198
1.0,0.86058545
1.0,0.40486062
0.0,0.020068854
1.0,0.19058508
0.0,0.03954175
0.0,0.006556958
0.0,0.94925237
0.0,0.027385771
1.0,0.84467816
0.0,0.24014884
1.0,0.87611485
1.0,0.8305788
1.0,0.60927254
0.0,0.0047434866
0.0,0.4542424
1.0,0.52644396
0.0,0.0023966432
1.0,0.77392745
1.0,0.7847258
0.0,0.95381975
0.0,0.035615772
1.0,0.04035589
1.0,0.98595405
0.0,0.0047771335
1.0,0.8331555
1.0,0.21501532
1.0,0.88838255
1.0,0.9934625
1.0,0.31781548
1.0,0.96682763
0.0,0.03834051
0.0,0.3150875
0.0,0.032559603
1.0,0.9424277
1.0,0.35365507
0.0,0.0520972
0.0,0.025854677
1.0,0.12202996
0.0,0.00890407
1.0,0.9886321
0.0,0.15475962
1.0,0.7700492
1.0,0.97078985
0.0,0.17959014
1.0,0.40935338
0.0,0.033497572
1.0,0.9922341
1.0,0.96136177
1.0,0.16848138
0.0,0.02690968
0.0,0.039494216
1.0,0.8037901
0.0,0.08606979
1.0,0.8999915
0.0,0.023527175
0.0,0.92447877
0.0,0.058897138
0.0,0.2705808
0.0,0.003919959
0.0,0.19588965
0.0,0.16305399
1.0,0.96917343
1.0,0.11582655
0.0,0.018386483
1.0,0.9877403
1.0,0.85913515
0.0,0.88529193
0.0,0.8391712
0.0,0.07376596
0.0,0.024066597
0.0,0.018820435
0.0,0.04542926
1.0,0.33342648
1.0,0.98773664
0.0,0.0064748824
0.0,0.0032663345
0.0,0.79653597
0.0,0.92434824
0.0,0.095354915
1.0,0.9284916
0.0,0.116335124
0.0,0.050759822
1.0,0.9034245
1.0,0.9617572
0.0,0.025298625
0.0,0.1561471
0.0,0.009008646
1.0,0.939585
1.0,0.9121869
0.0,0.02277419
0.0,0.027437925
0.0,0.0053005815
0.0,0.12847865
0.0,0.0060696006
1.0,0.9759861
1.0,0.8023393
1.0,0.15367648
0.0,0.0025361776
1.0,0.19891113
0.0,0.3565213
1.0,0.99147666
1.0,0.4784082
0.0,0.0065657496
0.0,0.002637148
0.0,0.0071052015
0.0,0.7910336
0.0,0.43887067
1.0,0.9970345
0.0,0.8117897
0.0,0.63640034
0.0,0.016175807
0.0,0.0019120574
0.0,0.1986146
0.0,0.07272208
0.0,0.058036745
1.0,0.83439213
1.0,0.9777517
0.0,0.004321724
0.0,0.86022705
0.0,0.64479804
0.0,0.04936269
1.0,0.9842126
0.0,0.029575765
0.0,0.1463646
1.0,0.32946485
0.0,0.8809859
0.0,0.018526942
0.0,0.012269914
0.0,0.005830854
1.0,0.99318135
1.0,0.91617787
0.0,0.0050065517
1.0,0.35036945
1.0,0.97243214
1.0,0.9717537
0.0,0.23066369
0.0,0.14184073
1.0,0.9665909
1.0,0.9796288
0.0,0.008596778
1.0,0.97158885
0.0,0.030283839
1.0,0.9249338
1.0,0.9259745
1.0,0.92093384
0.0,0.021368623
1.0,0.6879047
1.0,0.2783501
0.0,0.09440538
0.0,0.033777565
0.0,0.98736024
0.0,0.05022624
0.0,0.01695916
0.0,0.004472196
1.0,0.9959954
0.0,0.08414215
0.0,0.07285109
0.0,0.20340273
0.0,0.004719734
0.0,0.055860758
0.0,0.03174588
1.0,0.8383488
0.0,0.013238013
0.0,0.019734144
0.0,0.49999732
1.0,0.8758646
1.0,0.87599254
1.0,0.93676746
1.0,0.9756433
0.0,0.011367232
0.0,0.049475074
0.0,0.01472345
0.0,0.12173933
0.0,0.730594
0.0,0.0103473365
1.0,0.96090066
0.0,0.75321144
1.0,0.07304555
1.0,0.04363963
1.0,0.7679828
0.0,0.04674673
0.0,0.00824663
0.0,0.0027999878
0.0,0.006185204
1.0,0.27033573
1.0,0.9740782
1.0,0.7759415
1.0,0.8718492
1.0,0.9937087
0.0,0.01581055
0.0,0.034850657
0.0,0.8959371
0.0,0.008012742
1.0,0.9694221
0.0,0.004320711
0.0,0.8540064
1.0,0.98218334
1.0,0.7725837
0.0,0.013563067
0.0,0.14718524
0.0,0.25179833
0.0,0.37568805
1.0,0.8479029
0.0,0.99008554
0.0,0.39350826
1.0,0.9937786
0.0,0.07648942
1.0,0.9717
1.0,0.96975905
0.0,0.0029463768
0.0,0.75318855
0.0,0.0050204694
0.0,0.018805623
1.0,0.7001465
0.0,0.017759234
0.0,0.04969573
0.0,0.33280927
0.0,0.0054237843
1.0,0.98507917
1.0,0.17046458
1.0,0.89631784
1.0,0.94158816
0.0,0.6838931
0.0,0.04597187
1.0,0.86036354
0.0,0.017974079
1.0,0.38732025
0.0,0.030062437
1.0,0.95512444
1.0,0.9888682
0.0,0.47144362
0.0,0.08576691
0.0,0.39458105
0.0,0.028479218
0.0,0.011279136
0.0,0.026792318
1.0,0.9005482
0.0,0.008203834
0.0,0.18347019
0.0,0.3041618
0.0,0.08498725
0.0,0.010784626
0.0,0.0027572215
0.0,0.6676036
0.0,0.0030381083
0.0,0.0028338134
0.0,0.033556372
0.0,0.10717538
0.0,0.02173841
1.0,0.15860587
0.0,0.06587699
1.0,0.9828445
0.0,0.0044489205
0.0,0.0040694177
1.0,0.7609421
0.0,0.012342006
1.0,0.9752524
0.0,0.12760401
1.0,0.9425184
0.0,0.7402287
0.0,0.021654248
1.0,0.80845463
1.0,0.15909544
0.0,0.0040637255
0.0,0.059227526
0.0,0.0028913915
0.0,0.0023732781
0.0,0.0054561794
0.0,0.6801371
1.0,0.9492924
1.0,0.7842333
0.0,0.1287699
0.0,0.013135612
1.0,0.8140528
1.0,0.922843
1.0,0.8042833
0.0,0.001726687
1.0,0.037729114
0.0,0.27518398
1.0,0.5060393
0.0,0.002420485
1.0,0.754409
0.0,0.006497234
0.0,0.10412344
0.0,0.04886529
0.0,0.9195634
1.0,0.96614206
0.0,0.062369227
0.0,0.08229402
1.0,0.9815902
0.0,0.0137652755
0.0,0.8722962
0.0,0.70030594
1.0,0.98347557
0.0,0.6902926
0.0,0.028101325
0.0,0.9866446
1.0,0.9631365
0.0,0.0024229884
0.0,0.77115583
0.0,0.050979286
1.0,0.5462161
0.0,0.03977418
1.0,0.9793721
0.0,0.2628252
1.0,0.77998686
1.0,0.9923775
0.0,0.96826327
1.0,0.96446526
1.0,0.992625
0.0,0.009893835
0.0,0.95490587
0.0,0.01579684
1.0,0.98414636
0.0,0.2765774
1.0,0.35459086
1.0,0.54998285
0.0,0.021217912
1.0,0.9668541
0.0,0.1773035
1.0,0.53020716
0.0,0.7771187
1.0,0.16684961
0.0,0.78257847
1.0,0.024887115
0.0,0.6070827
0.0,0.012084097
0.0,0.008098066
0.0,0.023352772
0.0,0.014619827
0.0,0.0021766424
0.0,0.004218161
0.0,0.25750697
0.0,0.061374217
0.0,0.45494017
0.0,0.3274588
0.0,0.030232847
1.0,0.9479822
1.0,0.29026133
0.0,0.5881127
1.0,0.01826328
0.0,0.044487298
0.0,0.22023931
0.0,0.8327066
0.0,0.08240867
0.0,0.036274433
0.0,0.15658683
1.0,0.9371474
0.0,0.0032321513
0.0,0.009228885
1.0,0.014218599
0.0,0.008150727
1.0,0.92864764
0.0,0.095591426
0.0,0.03249079
1.0,0.8760674
0.0,0.011056393
1.0,0.9483918
0.0,0.00499925
0.0,0.0028793216
0.0,0.009879172
1.0,0.9743282
0.0,0.020402104
1.0,0.16621181
1.0,0.77067584
0.0,0.98349273
0.0,0.0026383698
1.0,0.01619497
0.0,0.005411893
0.0,0.07976413
0.0,0.8419505
0.0,0.0018627048
0.0,0.8309769
0.0,0.95277154
1.0,0.7216803
0.0,0.017439485
1.0,0.87637275
0.0,0.0028038025
0.0,0.0035575628
0.0,0.0048871636
1.0,0.9290009
1.0,0.97843057
0.0,0.22050345
0.0,0.3712012
0.0,0.003437817
0.0,0.09163317
0.0,0.044424534
0.0,0.013694078
0.0,0.001654774
1.0,0.15265614
1.0,0.93487895
0.0,0.029518604
0.0,0.98158836
1.0,0.27012956
0.0,0.0033394992
1.0,0.94227934
0.0,0.005294353
0.0,0.0326038
1.0,0.9477484
0.0,0.7093868
1.0,0.43703315
1.0,0.97351706
1.0,0.9866522
0.0,0.3136376
0.0,0.025038898
0.0,0.12713268
1.0,0.950693
0.0,0.5917176
1.0,0.9866774
0.0,0.028886765
0.0,0.015636146
0.0,0.14726731
1.0,0.88514084
0.0,0.0112991035
0.0,0.032596856
0.0,0.5740925
1.0,0.040399045
1.0,0.99364257
0.0,0.06596866
0.0,0.015661359
1.0,0.9775651
1.0,0.98832405
1.0,0.93835247
1.0,0.10505366
0.0,0.0068705976
1.0,0.9062507
0.0,0.20729682
0.0,0.048858047
0.0,0.0041699708
1.0,0.8811485
0.0,0.16237557
0.0,0.060351193
0.0,0.0035810769
1.0,0.825249
0.0,0.25068867
1.0,0.97328484
1.0,0.9552386
0.0,0.025254726
1.0,0.7212478
0.0,0.02804634
1.0,0.6728586
0.0,0.5204453
0.0,0.011954725
0.0,0.02864489
0.0,0.062704265
1.0,0.99480563
0.0,0.033437014
0.0,0.27936792
0.0,0.5435047
1.0,0.9966421
1.0,0.9299305
0.0,0.037372112
1.0,0.9676237
1.0,0.98623264
1.0,0.99660367
1.0,0.36527157
0.0,0.118879914
1.0,0.80242646
0.0,0.05682832
0.0,0.5440258
1.0,0.43488365
0.0,0.019285738
0.0,0.021807373
0.0,0.073702306
1.0,0.42659673
0.0,0.47714385
0.0,0.30267292
1.0,0.9725971
0.0,0.012189627
1.0,0.8465152
0.0,0.012527406
0.0,0.954123
1.0,0.8338887
1.0,0.9613255
0.0,0.010853738
1.0,0.96750927
1.0,0.98742586
0.0,0.8396113
0.0,0.8445538
1.0,0.81770885
0.0,0.028850406
1.0,0.97327244
0.0,0.045531124
0.0,0.050382853
1.0,0.38033637
1.0,0.92115676
0.0,0.061756343
1.0,0.5699922
0.0,0.08780372
0.0,0.066070914
1.0,0.97606385
0.0,0.030982822
0.0,0.06722662
0.0,0.027714789
1.0,0.6405266
0.0,0.016480684
0.0,0.013433069
1.0,0.9392592
1.0,0.97386134
0.0,0.02377674
0.0,0.4664897
0.0,0.006659627
1.0,0.1856063
0.0,0.70395494
0.0,0.004770577
0.0,0.034276366
0.0,0.0064079463
0.0,0.0050465465
1.0,0.19201446
0.0,0.2145603
0.0,0.0033719838
0.0,0.28717715
1.0,0.9458924
1.0,0.99444425
1.0,0.8666332
0.0,0.8855748
0.0,0.013891637
0.0,0.9752251
1.0,0.9820293
0.0,0.029242247
1.0,0.44892526
0.0,0.016003758
1.0,0.98705435
0.0,0.051273853
1.0,0.9022089
0.0,0.92189425
1.0,0.50414634
0.0,0.10426092
0.0,0.06641802
1.0,0.8817704
1.0,0.94413656
1.0,0.984344
0.0,0.1428706
1.0,0.9577936
1.0,0.5366168
1.0,0.34851056
0.0,0.0027113557
1.0,0.7706232
0.0,0.01994297
0.0,0.94085187
1.0,0.6868788
0.0,0.3204918
0.0,0.016657233
0.0,0.023788422
0.0,0.04429987
0.0,0.57990384
1.0,0.9832438
1.0,0.9713894
0.0,0.37315875
0.0,0.6402225
0.0,0.01748094
1.0,0.99458194
0.0,0.7431245
0.0,0.2176311
0.0,0.0059664845
0.0,0.026635319
0.0,0.028971463
0.0,0.9647937
1.0,0.98552
1.0,0.9830231
1.0,0.13672033
0.0,0.383895
0.0,0.0067722797
0.0,0.008945614
0.0,0.027294964
0.0,0.031130642
1.0,0.9669149
0.0,0.027643532
0.0,0.11193514
1.0,0.9913002
0.0,0.08320549
1.0,0.094869375
1.0,0.9360709
0.0,0.30880022
0.0,0.0057136416
0.0,0.054177284
1.0,0.7167067
0.0,0.112093925
0.0,0.02095306
1.0,0.93181586
1.0,0.5753936
0.0,0.0043079853
0.0,0.06930539
0.0,0.6873355
0.0,0.011293232
0.0,0.2629144
1.0,0.35693973
1.0,0.92200005
0.0,0.019726545
0.0,0.002349168
0.0,0.8782827
0.0,0.20331892
1.0,0.9550959
0.0,0.027608186
1.0,0.99088204
0.0,0.036031604
1.0,0.97583133
0.0,0.0080396235
1.0,0.9579946
1.0,0.7838697
0.0,0.02793175
0.0,0.17261395
0.0,0.006801933
0.0,0.068556994
1.0,0.7235854
1.0,0.0045648515
1.0,0.206299
1.0,0.39591914
1.0,0.7672425
0.0,0.002100587
1.0,0.44179156
1.0,0.79092467
0.0,0.019538939
0.0,0.029523551
0.0,0.028949648
1.0,0.48490155
1.0,0.9861647
0.0,0.9310552
0.0,0.012394905
1.0,0.8997786
0.0,0.01253888
0.0,0.0328407
1.0,0.9677266
0.0,0.56525016
0.0,0.033049554
1.0,0.12576908
1.0,0.9268706
0.0,0.013183236
0.0,0.019250095
0.0,0.024490416
1.0,0.9879044
1.0,0.9727379
0.0,0.77414024
0.0,0.31965482
1.0,0.9914415
1.0,0.7321733
0.0,0.008669108
0.0,0.08671355
0.0,0.061078995
1.0,0.29122266
1.0,0.2391626
0.0,0.04214713
0.0,0.08871126
1.0,0.9710755
0.0,0.021674126
0.0,0.020641953
0.0,0.05504906
0.0,0.8483776
1.0,0.96665114
0.0,0.8585404
0.0,0.015566826
0.0,0.933089
0.0,0.34377313
0.0,0.033190876
1.0,0.79720575
1.0,0.79446167
0.0,0.25808764
1.0,0.97957325
0.0,0.44084364
1.0,0.9578521
1.0,0.0721066
1.0,0.9479723
0.0,0.007911801
0.0,0.30116594
0.0,0.014502943
1.0,0.9958905
0.0,0.0052578747
1.0,0.99272656
0.0,0.059025675
0.0,0.0039030015
1.0,0.093690544
1.0,0.966563
0.0,0.0036062896
1.0,0.8154127
0.0,0.032916427
1.0,0.95984936
0.0,0.0024330318
1.0,0.6231295
1.0,0.042545885
0.0,0.032065034
0.0,0.008159101
0.0,0.0112915635
0.0,0.016499966
0.0,0.013331145
0.0,0.91941476
0.0,0.060436368
0.0,0.01956752
0.0,0.9662831
0.0,0.0045781434
1.0,0.96302724
0.0,0.37039638
0.0,0.33921894
1.0,0.9961265
0.0,0.05381137
1.0,0.9937568
0.0,0.025429785
1.0,0.9905169
0.0,0.00887531
0.0,0.05239451
1.0,0.9929615
0.0,0.058983624
0.0,0.009048134
0.0,0.022203594
1.0,0.981197
1.0,0.3807826
0.0,0.012396574
1.0,0.9607042
1.0,0.23785779
1.0,0.97817147
0.0,0.3700654
1.0,0.114959866
1.0,0.9196545
0.0,0.15982702
1.0,0.52924687
1.0,0.49837226
0.0,0.030637443
0.0,0.004999995
0.0,0.021155149
0.0,0.029434413
0.0,0.0061254203
0.0,0.04577768
0.0,0.03666967
0.0,0.0022111535
1.0,0.9267233
0.0,0.053430498
0.0,0.0053578913
0.0,0.019398868
0.0,0.05791846
1.0,0.85302055
0.0,0.0033928156
1.0,0.92102706
0.0,0.34884483
0.0,0.005256057
1.0,0.44990528
1.0,0.8778331
0.0,0.15002364
0.0,0.032234997
1.0,0.9193417
0.0,0.9369981
0.0,0.031957775
1.0,0.73132396
1.0,0.72393835
1.0,0.7857673
1.0,0.83814275
0.0,0.030320615
0.0,0.0034254491
1.0,0.7009831
0.0,0.014710456
0.0,0.0018030405
1.0,0.9869571
1.0,0.85021937
1.0,0.9807072
0.0,0.016594857
1.0,0.13474089
1.0,0.9678803
1.0,0.9664453
0.0,0.0031870902
0.0,0.0047356486
1.0,0.21611694
0.0,0.035842746
0.0,0.8040465
0.0,0.01980406
1.0,0.99069923
0.0,0.018751293
0.0,0.021843046
0.0,0.058951914
0.0,0.1925357
0.0,0.06610528
0.0,0.006049931
0.0,0.8690985
1.0,0.9950382
0.0,0.057189405
1.0,0.8569513
0.0,0.0062190294
0.0,0.8117913
0.0,0.89946485
1.0,0.009038359
0.0,0.72437745
0.0,0.015350372
0.0,0.0022292137
0.0,0.29392344
0.0,0.05632916
1.0,0.9854441
0.0,0.4544422
1.0,0.94933647
0.0,0.012969375
0.0,0.04548061
0.0,0.024931878
0.0,0.71380085
0.0,0.060258567
0.0,0.5797262
0.0,0.24410126
0.0,0.2010561
1.0,0.9163722
0.0,0.04652217
1.0,0.6550633
1.0,0.6344756
0.0,0.060728878
0.0,0.021884978
1.0,0.8634401
0.0,0.017711818
1.0,0.74934345
1.0,0.74777603
0.0,0.00595966
1.0,0.45965588
0.0,0.0066913962
1.0,0.9753632
0.0,0.12592614
0.0,0.14332598
1.0,0.55167425
0.0,0.8365306
0.0,0.0049826205
0.0,0.7313706
1.0,0.7286904
1.0,0.9681381
0.0,0.003142774
0.0,0.071008295
1.0,0.5668807
0.0,0.7633049
1.0,0.10423088
0.0,0.10257611
1.0,0.09865466
0.0,0.7268238
0.0,0.030916154
0.0,0.8031068
0.0,0.015927106
0.0,0.16573247
1.0,0.036923736
0.0,0.4154939
1.0,0.8938468
0.0,0.024398386
1.0,0.38155353
0.0,0.010193974
0.0,0.0038416088
0.0,0.040094584
0.0,0.031513125
0.0,0.19202328
0.0,0.09011668
0.0,0.07286316
0.0,0.07113835
1.0,0.9607563
0.0,0.015370518
0.0,0.058223218
1.0,0.8339734
1.0,0.5097437
0.0,0.0262537
0.0,0.11807871
1.0,0.751907
0.0,0.17579907
1.0,0.06103161
1.0,0.9350477
1.0,0.7419046
1.0,0.79956913
0.0,0.027141958
0.0,0.0030679703
1.0,0.1561085
0.0,0.27534163
1.0,0.9829972
1.0,0.7615979
1.0,0.9868177
0.0,0.13118893
0.0,0.007087052
0.0,0.15257093
0.0,0.02486363
1.0,0.36126313
1.0,0.93354416
0.0,0.075220436
0.0,0.17786184
0.0,0.077688664
0.0,0.30185533
1.0,0.039575547
1.0,0.7242768
1.0,0.9616467
0.0,0.9327186
1.0,0.49761245
1.0,0.7522292
1.0,0.2648647
1.0,0.95753384
0.0,0.31158423
0.0,0.7952144
0.0,0.78999686
0.0,0.008694053
1.0,0.86747587
1.0,0.9901377
1.0,0.9179469
1.0,0.89316636
0.0,0.028679729
0.0,0.003789574
0.0,0.030816287
0.0,0.054383814
1.0,0.89661837
0.0,0.1668137
0.0,0.031400084
0.0,0.13072625
0.0,0.010212392
1.0,0.66718
1.0,0.7788172
1.0,0.95954335
0.0,0.100058675
0.0,0.10602033
1.0,0.7245828
1.0,0.99003947
0.0,0.0587112
1.0,0.9205576
0.0,0.8135121
1.0,0.99212784
1.0,0.99401647
1.0,0.6615425
0.0,0.04075086
0.0,0.10830161
1.0,0.98836875
0.0,0.083399296
0.0,0.27428502
1.0,0.9893589
0.0,0.040180743
0.0,0.041024
0.0,0.121032566
1.0,0.28669935
0.0,0.53032076
0.0,0.43777236
1.0,0.6854283
0.0,0.52229255
0.0,0.036585152
0.0,0.050007224
0.0,0.22188431
1.0,0.76761734
0.0,0.87841225
0.0,0.025650531
0.0,0.0028499067
1.0,0.14670956
0.0,0.056214243
0.0,0.0029371977
1.0,0.85327256
0.0,0.3914726
0.0,0.011769921
1.0,0.9840984
1.0,0.85442334
0.0,0.0015364587
1.0,0.27692294
1.0,0.34235346
0.0,0.5777619
0.0,0.6100351
1.0,0.68862414
1.0,0.7998612
0.0,0.011632144
1.0,0.20566091
1.0,0.16217893
1.0,0.19456843
0.0,0.14019722
1.0,0.14651105
0.0,0.021255791
1.0,0.83537245
0.0,0.0021305382
1.0,0.9244691
0.0,0.76014984
0.0,0.09567633
1.0,0.8096034
0.0,0.028291434
1.0,0.94120693
1.0,0.8172649
1.0,0.9610766
1.0,0.695704
0.0,0.023537457
1.0,0.02787295
0.0,0.54160833
0.0,0.007353574
0.0,0.04187131
0.0,0.026680827
1.0,0.96508026
0.0,0.013194144
0.0,0.5094004
0.0,0.64254034
0.0,0.5567581
1.0,0.90397084
0.0,0.3709795
0.0,0.0096107125
0.0,0.057210684
0.0,0.63609654
1.0,0.8157064
0.0,0.0065086484
1.0,0.95887434
1.0,0.9826731
0.0,0.8034965
0.0,0.005868435
0.0,0.0046193004
1.0,0.9399728
0.0,0.037335098
1.0,0.031148434
1.0,0.6899576
1.0,0.9661757
0.0,0.79671645
0.0,0.35778353
0.0,0.00998646
0.0,0.68034434
0.0,0.020218581
0.0,0.004320413
0.0,0.27388316
1.0,0.6316122
0.0,0.3409739
1.0,0.9002383
0.0,0.11274651
1.0,0.9502338
1.0,0.9517982
1.0,0.538684
1.0,0.88669777
0.0,0.17306486
0.0,0.9686477
0.0,0.040509343
1.0,0.79911804
1.0,0.9593688
0.0,0.010098577
1.0,0.27821687
1.0,0.9675625
1.0,0.82504195
1.0,0.24741831
0.0,0.6743794
0.0,0.026496738
1.0,0.92473644
0.0,0.016881734
0.0,0.08663282
1.0,0.9817039
0.0,0.012096673
0.0,0.6655432
0.0,0.105596036
0.0,0.0044374764
0.0,0.086739
1.0,0.98599917
0.0,0.006835848
0.0,0.3059473
1.0,0.15441167
0.0,0.040423423
1.0,0.953408
0.0,0.25722328
0.0,0.014901042
0.0,0.004470706
0.0,0.31103703
1.0,0.75946766
0.0,0.265256
0.0,0.096820384
1.0,0.88541013
1.0,0.8976958
0.0,0.0311791
0.0,0.010483563
0.0,0.014410436
1.0,0.49684212
0.0,0.07588908
1.0,0.92167985
1.0,0.8826405
1.0,0.5165092
1.0,0.9668616
1.0,0.9105885
0.0,0.92239267
1.0,0.88907135
1.0,0.99049366
0.0,0.0074649453
0.0,0.0056017935
0.0,0.021271944
1.0,0.866073
0.0,0.013291359
0.0,0.012602389
0.0,0.047312766
1.0,0.9722135
0.0,0.02961269
1.0,0.9517285
0.0,0.1524112
0.0,0.56485486
0.0,0.06506419
0.0,0.033900738
0.0,0.018061787
1.0,0.7054854
1.0,0.98566127
0.0,0.043198675
0.0,0.056105494
1.0,0.37206972
0.0,0.0020884871
1.0,0.9894383
0.0,0.026911825
0.0,0.013078332
0.0,0.025271237
1.0,0.97691864
1.0,0.8926876
0.0,0.04072699
0.0,0.19909668
1.0,0.78641224
0.0,0.02610156
0.0,0.007871211
1.0,0.92522293
1.0,0.990857
1.0,0.8999267
0.0,0.024606764
1.0,0.9634005
1.0,0.9419242
0.0,0.20109099
0.0,0.02067709
0.0,0.0065357685
0.0,0.038081646
0.0,0.0033302307
0.0,0.025038064
1.0,0.57669574
1.0,0.85911036
0.0,0.103809565
0.0,0.011816829
0.0,0.04122734
0.0,0.094341695
1.0,0.9561908
0.0,0.9645313
0.0,0.03758478
0.0,0.7578567
0.0,0.9693863
1.0,0.052996904
0.0,0.0032958686
0.0,0.7930373
1.0,0.9686533
0.0,0.03660381
0.0,0.13653186
0.0,0.024790883
0.0,0.010692835
1.0,0.8245179
1.0,0.9262239
0.0,0.04065782
0.0,0.9655595
0.0,0.0036869347
0.0,0.9314345
0.0,0.9219228
0.0,0.38790578
0.0,0.0048244596
0.0,0.13759714
1.0,0.010340929
0.0,0.03546375
1.0,0.15377036
0.0,0.8083831
0.0,0.0017647147
0.0,0.07119915
0.0,0.152235
0.0,0.15270269
0.0,0.030510962
1.0,0.9828351
0.0,0.0033112466
0.0,0.6990737
0.0,0.05121869
1.0,0.7352318
1.0,0.9317696
0.0,0.022993982
0.0,0.30518115
0.0,0.003457427
1.0,0.99525476
1.0,0.78047764
1.0,0.98391885
0.0,0.082753986
1.0,0.9895898
0.0,0.036157995
0.0,0.0030467212
0.0,0.0210343
1.0,0.017986536
0.0,0.0028377175
0.0,0.0064091384
1.0,0.99475306
1.0,0.2852401
0.0,0.015374631
1.0,0.9959891
0.0,0.03552276
1.0,0.77743447
0.0,0.08638722
1.0,0.9219298
0.0,0.97275853
0.0,0.2013641
1.0,0.90102303
0.0,0.0045756698
0.0,0.085036606
0.0,0.019589663
0.0,0.017314374
0.0,0.045110792
0.0,0.014266014
1.0,0.87118655
1.0,0.7539687
0.0,0.5025409
0.0,0.025732309
0.0,0.013771296
0.0,0.06388363
1.0,0.9899019
0.0,0.0136998
0.0,0.0554457
0.0,0.7510413
0.0,0.14564985
0.0,0.0023486018
1.0,0.9549507
1.0,0.93370533
0.0,0.003460765
0.0,0.008155286
0.0,0.023721665
0.0,0.004876435
1.0,0.80452156
0.0,0.73328936
0.0,0.03645271
0.0,0.014033139
1.0,0.9340799
0.0,0.011505574
0.0,0.20109996
1.0,0.95179296
0.0,0.013967097
0.0,0.20005739
1.0,0.7436365
1.0,0.7195368
1.0,0.9326491
0.0,0.0032312274
0.0,0.0047109425
0.0,0.24927375
0.0,0.01628682
1.0,0.44033915
0.0,0.1672802
1.0,0.15857843
0.0,0.0029567778
0.0,0.005969703
0.0,0.102995545
1.0,0.98119867
0.0,0.8062453
0.0,0.08026403
0.0,0.49176368
1.0,0.7225082
0.0,0.021989584
0.0,0.38157097
0.0,0.002904445
1.0,0.08700076
0.0,0.00920707
0.0,0.0029416382
1.0,0.10195741
1.0,0.9804734
0.0,0.0020620823
1.0,0.9932114
1.0,0.9937773
1.0,0.93655586
1.0,0.8956978
0.0,0.033599526
1.0,0.89042795
0.0,0.99540925
1.0,0.04222995
0.0,0.01221931
1.0,0.43268117
0.0,0.87476283
1.0,0.25987884
1.0,0.99364716
1.0,0.8567555
0.0,0.0062451065
0.0,0.7910985
0.0,0.70477796
0.0,0.010553151
0.0,0.02614221
0.0,0.16472793
1.0,0.99137366
1.0,0.9859506
1.0,0.15332863
0.0,0.004506856
0.0,0.011175692
0.0,0.044235438
0.0,0.71060944
1.0,0.025562435
0.0,0.070626765
0.0,0.023104846
0.0,0.0295223
0.0,0.26293176
1.0,0.88675296
0.0,0.7351171
0.0,0.7850325
0.0,0.3147288
1.0,0.414191
0.0,0.03361687
0.0,0.5744565
1.0,0.2423037
0.0,0.1721671
1.0,0.17821747
0.0,0.021509618
0.0,0.30396935
0.0,0.00428015
0.0,0.01912129
0.0,0.0024304986
1.0,0.9255345
0.0,0.078446
0.0,0.05990672
1.0,0.9844529
1.0,0.9695819
0.0,0.18963778
1.0,0.016846836
0.0,0.1495176
0.0,0.051625103
1.0,0.97056025
0.0,0.0023400486
0.0,0.15391573
0.0,0.027128428
0.0,0.007904887
1.0,0.9873673
1.0,0.9512702
1.0,0.74054044
1.0,0.98203826
0.0,0.017199725
0.0,0.027687222
0.0,0.04244882
1.0,0.9748559
0.0,0.013854474
0.0,0.034467906
1.0,0.96887666
1.0,0.5178182
1.0,0.9148396
0.0,0.0055091977
0.0,0.25896797
0.0,0.62710106
1.0,0.9907521
1.0,0.96529686
1.0,0.9268127
0.0,0.2715401
0.0,0.0021348298
0.0,0.0024558008
1.0,0.88976204
1.0,0.1488103
0.0,0.24914709
1.0,0.9704539
1.0,0.5824079
1.0,0.956335
1.0,0.5431638
0.0,0.2841298
0.0,0.04031968
1.0,0.47333497
1.0,0.79083526
0.0,0.03571269
0.0,0.04298514
0.0,0.011527449
0.0,0.015290171
0.0,0.024910063
0.0,0.705249
0.0,0.015111208
0.0,0.0500865
1.0,0.899589
1.0,0.77754766
0.0,0.8121522
1.0,0.97795016
0.0,0.005716771
1.0,0.9400915
0.0,0.19614208
1.0,0.980834
0.0,0.0043774843
0.0,0.004749328
0.0,0.005059898
0.0,0.51842946
1.0,0.10413891
1.0,0.99101114
0.0,0.03154704
0.0,0.07928568
1.0,0.24548897
0.0,0.04272127
1.0,0.9822662
1.0,0.76739657
0.0,0.0146897435
0.0,0.022049397
0.0,0.26437712
0.0,0.9945627
0.0,0.8382564
0.0,0.007435769
0.0,0.33175397
0.0,0.02810052
1.0,0.9717516
1.0,0.96610737
1.0,0.8785287
1.0,0.8598594
0.0,0.009962827
0.0,0.6173277
1.0,0.8769258
0.0,0.38675362
0.0,0.010772854
0.0,0.03006363
1.0,0.43453622
1.0,0.15918842
0.0,0.0074232817
1.0,0.95038235
1.0,0.98506534
0.0,0.003265947
0.0,0.018559128
1.0,0.9593197
0.0,0.021416754
0.0,0.91981924
0.0,0.0027462244
0.0,0.029375046
1.0,0.06629804
0.0,0.019086778
0.0,0.007933915
0.0,0.2313213
1.0,0.24282625
0.0,0.010350585
0.0,0.054320008
1.0,0.79638165
0.0,0.009900212
0.0,0.19829953
0.0,0.93104005
1.0,0.9879177
1.0,0.63947845
1.0,0.10704851
0.0,0.043483973
0.0,0.21668926
1.0,0.21373731
0.0,0.004680723
0.0,0.0032432973
0.0,0.05638632
0.0,0.021479428
1.0,0.52190864
0.0,0.2344279
0.0,0.88457596
1.0,0.7135757
0.0,0.026867658
0.0,0.02871409
0.0,0.80817485
0.0,0.23583859
1.0,0.7728778
1.0,0.98662174
0.0,0.3945545
1.0,0.84574735
0.0,0.01928696
0.0,0.020786554
0.0,0.0030508935
1.0,0.47080305
0.0,0.0030459166
0.0,0.029632539
1.0,0.9498994
1.0,0.7526137
1.0,0.8988189
0.0,0.44392574
1.0,0.92509633
1.0,0.87545
0.0,0.0017473996
0.0,0.91634756
0.0,0.571538
1.0,0.5087468
0.0,0.031565428
0.0,0.2145761
0.0,0.015317351
0.0,0.026779354
0.0,0.01634577
0.0,0.06727001
0.0,0.17695642
0.0,0.79730415
0.0,0.23355481
1.0,0.67576087
1.0,0.8258147
1.0,0.74472064
0.0,0.008265078
1.0,0.9952702
0.0,0.18979293
0.0,0.02891934
1.0,0.96325576
0.0,0.21681967
0.0,0.013925672
0.0,0.22672859
0.0,0.014370471
0.0,0.20671543
0.0,0.86120427
0.0,0.036186725
1.0,0.90073115
0.0,0.0023114085
0.0,0.011172414
0.0,0.005567968
1.0,0.94198984
1.0,0.9476075
0.0,0.80095464
1.0,0.7474029
0.0,0.032597005
1.0,0.15287536
0.0,0.009075135
0.0,0.012650996
1.0,0.039842367
0.0,0.0026726127
0.0,0.008479387
1.0,0.42132074
0.0,0.045024604
1.0,0.022681504
0.0,0.43757495
0.0,0.010954112
1.0,0.9182743
0.0,0.011335701
0.0,0.4601047
0.0,0.78434813
0.0,0.008673459
0.0,0.0020068586
1.0,0.90239984
0.0,0.0040382743
0.0,0.09150526
0.0,0.02391386
1.0,0.66495574
0.0,0.9510839
0.0,0.030825436
1.0,0.78874683
0.0,0.010237515
0.0,0.0036652386
0.0,0.047820956
0.0,0.088591725
1.0,0.42044055
0.0,0.019489974
0.0,0.0041943192
0.0,0.008130968
0.0,0.0060763955
0.0,0.67660546
1.0,0.97065544
1.0,0.7934356
0.0,0.010635257
1.0,0.9408017
0.0,0.024815708
0.0,0.010530114
0.0,0.040686697
0.0,0.096398264
1.0,0.96435106
0.0,0.024371743
0.0,0.010158926
0.0,0.113468975
0.0,0.113164276
0.0,0.21282384
0.0,0.0099769235
0.0,0.002122283
0.0,0.006916851
0.0,0.004156351
0.0,0.9712717
1.0,0.3846527
0.0,0.027998447
0.0,0.017181367
0.0,0.007662356
1.0,0.99614644
0.0,0.056880385
1.0,0.89438504
0.0,0.16002563
0.0,0.030086786
0.0,0.12289178
1.0,0.9803177
1.0,0.99460375
1.0,0.93462884
1.0,0.5424325
0.0,0.3307782
0.0,0.0061418116
1.0,0.9874183
1.0,0.9562469
0.0,0.014463782
0.0,0.04986477
0.0,0.8374958
1.0,0.9778037
0.0,0.021671861
0.0,0.004536003
0.0,0.04217094
0.0,0.028269023
1.0,0.5293785
1.0,0.97079474
0.0,0.0029374957
1.0,0.5980491
0.0,0.027979106
0.0,0.030530035
0.0,0.0051433146
0.0,0.016192466
0.0,0.012918681
1.0,0.9204093
0.0,0.00238052
0.0,0.024168134
0.0,0.79890203
0.0,0.06488028
0.0,0.7788493
1.0,0.988844
0.0,0.022558004
0.0,0.02585271
1.0,0.9301146
0.0,0.40711018
0.0,0.006644845
1.0,0.9622551
1.0,0.7850802
0.0,0.07552078
1.0,0.8997756
0.0,0.318352
1.0,0.7889519
1.0,0.9976396
0.0,0.119317144
1.0,0.9403671
0.0,0.029743046
0.0,0.03324175
0.0,0.46159863
0.0,0.45849615
0.0,0.028569818
0.0,0.008084774
0.0,0.49592683
1.0,0.9456446
0.0,0.057278365
0.0,0.023608893
0.0,0.44680488
0.0,0.23917922
1.0,0.95178103
0.0,0.01611653
0.0,0.6322609
0.0,0.017541379
0.0,0.008314759
0.0,0.0070376694
0.0,0.96316946
1.0,0.066783965
0.0,0.11171439
1.0,0.8592821
0.0,0.0057604015
1.0,0.14791599
0.0,0.052018374
0.0,0.07245073
0.0,0.031068563
0.0,0.72648114
0.0,0.39658678
0.0,0.046081334
0.0,0.15915087
0.0,0.008613557
0.0,0.5886426
0.0,0.9319091
1.0,0.9744702
0.0,0.6709224
0.0,0.014219761
1.0,0.99371326
0.0,0.007342905
0.0,0.0058508813
0.0,0.0028581023
1.0,0.7933007
1.0,0.6143732
1.0,0.6687539
1.0,0.9723085
0.0,0.118626654
1.0,0.9176512
0.0,0.1888369
1.0,0.5739143
0.0,0.14687026
0.0,0.96639574
0.0,0.19263515
0.0,0.0073310435
0.0,0.040243894
1.0,0.9617584
1.0,0.29082495
0.0,0.9895657
1.0,0.6793797
0.0,0.008322269
1.0,0.96874225
0.0,0.01878044
0.0,0.016172469
0.0,0.9475721
0.0,0.44908592
0.0,0.086707115
0.0,0.004670739
1.0,0.9956551
0.0,0.002248317
1.0,0.9929366
1.0,0.87360454
1.0,0.97105324
0.0,0.0053557456
0.0,0.9865946
0.0,0.00835979
0.0,0.114314675
0.0,0.19846684
1.0,0.29330838
0.0,0.18131456
0.0,0.09461513
0.0,0.09414467
0.0,0.013125598
0.0,0.0041116774
0.0,0.10623458
0.0,0.8463547
0.0,0.011768043
0.0,0.8273138
1.0,0.9872463
0.0,0.5321264
0.0,0.03322783
0.0,0.005423486
0.0,0.0060504377
1.0,0.8938752
0.0,0.5855628
1.0,0.97890556
0.0,0.54337364
1.0,0.99711645
1.0,0.9608898
0.0,0.008459568
0.0,0.050421804
0.0,0.028696328
0.0,0.24693194
0.0,0.037315458
0.0,0.6294925
1.0,0.97223246
0.0,0.012674868
1.0,0.6801171
0.0,0.5031558
0.0,0.008993119
0.0,0.022128493
1.0,0.96858716
0.0,0.010965049
1.0,0.9939859
0.0,0.0063117743
0.0,0.027234733
0.0,0.71028566
0.0,0.5003774
0.0,0.10975292
0.0,0.020442188
1.0,0.76184416
1.0,0.8860205
0.0,0.11943084
0.0,0.027192682
0.0,0.026640058
1.0,0.9576752
0.0,0.040718645
1.0,0.352461
0.0,0.04945627
1.0,0.86271536
1.0,0.918687
0.0,0.023556054
0.0,0.02806896
0.0,0.007945925
1.0,0.9149872
0.0,0.26228762
0.0,0.8485788
1.0,0.96332633
1.0,0.28846294
0.0,0.7928773
0.0,0.027800113
1.0,0.9737067
0.0,0.017424613
0.0,0.0139914155
0.0,0.006588638
1.0,0.6594603
0.0,0.061691135
0.0,0.03422028
1.0,0.94197714
1.0,0.777333
0.0,0.48650128
0.0,0.011535466
0.0,0.018080562
1.0,0.94073874
1.0,0.9793759
1.0,0.70052946
0.0,0.07834521
0.0,0.0046994984
0.0,0.020386577
0.0,0.0018736124
1.0,0.89427435
0.0,0.0031201243
0.0,0.63991845
0.0,0.1474362
0.0,0.53644896
0.0,0.22546715
0.0,0.012034357
0.0,0.2817936
0.0,0.035996974
0.0,0.010960728
1.0,0.25560546
1.0,0.8894557
0.0,0.6628697
0.0,0.18664986
1.0,0.029789954
0.0,0.0048212707
1.0,0.9251317
0.0,0.025166094
0.0,0.024168193
1.0,0.937562
1.0,0.9833227
0.0,0.20873901
0.0,0.05004978
1.0,0.4248195
0.0,0.1455251
0.0,0.1760174
0.0,0.9931682
0.0,0.030217648
1.0,0.88730544
1.0,0.16490278
0.0,0.23572567
0.0,0.0033212602
0.0,0.043967664
1.0,0.89825416
0.0,0.0071208477
1.0,0.33647838
0.0,0.041290194
1.0,0.8623119
1.0,0.6695149
0.0,0.6744358
1.0,0.19430226
0.0,0.6309105
0.0,0.007961333
1.0,0.9855716
1.0,0.1905204
0.0,0.03169498
0.0,0.28182065
0.0,0.7859135
0.0,0.9280861
1.0,0.95442903
0.0,0.07295591
0.0,0.3031818
0.0,0.0053563416
1.0,0.9649027
0.0,0.037365973
0.0,0.851977
1.0,0.96090555
0.0,0.0023633242
0.0,0.85809124
0.0,0.04624039
1.0,0.3383413
0.0,0.1572527
1.0,0.9704442
0.0,0.017382562
1.0,0.043804765
1.0,0.5840038
1.0,0.97304666
1.0,0.9056306
0.0,0.0062578917
1.0,0.36620972
0.0,0.016201615
1.0,0.984977
1.0,0.8299068
0.0,0.25809062
1.0,0.8084818
0.0,0.0029760897
1.0,0.62914175
1.0,0.4008092
0.0,0.042468667
0.0,0.9675312
1.0,0.9960826
1.0,0.17490739
0.0,0.17406428
0.0,0.31369483
0.0,0.0014909804
0.0,0.015578777
0.0,0.5019474
1.0,0.9198741
1.0,0.9610193
1.0,0.48622727
1.0,0.7510741
1.0,0.9939289
1.0,0.986804
0.0,0.71576875
1.0,0.9292455
0.0,0.007412374
0.0,0.030653745
0.0,0.094634265
1.0,0.033301353
1.0,0.7382785
0.0,0.030941159
0.0,0.025455058
0.0,0.90026546
1.0,0.8307628
1.0,0.100081176
1.0,0.8679805
0.0,0.0056239367
0.0,0.97889394
0.0,0.07642183
0.0,0.1300036
0.0,0.034532815
0.0,0.017568082
1.0,0.9818896
1.0,0.9240091
0.0,0.036662817
0.0,0.036897838
0.0,0.7833729
0.0,0.7702013
0.0,0.68383896
0.0,0.20818236
0.0,0.81344527
1.0,0.7498914
0.0,0.1360783
1.0,0.92981374
0.0,0.0055167377
0.0,0.8769586
0.0,0.044440567
0.0,0.6994067
1.0,0.9652853
1.0,0.80854833
1.0,0.68444103
1.0,0.8051804
0.0,0.004026115
0.0,0.4258263
1.0,0.6101173
1.0,0.91154885
0.0,0.17680183
0.0,0.012189329
0.0,0.07894841
1.0,0.7937101
0.0,0.011356205
1.0,0.026812553
0.0,0.020073414
0.0,0.07214561
0.0,0.023780316
0.0,0.023676872
0.0,0.12839594
0.0,0.04071182
0.0,0.16430119
1.0,0.98236763
0.0,0.0046937466
0.0,0.64380604
0.0,0.01869142
1.0,0.2818182
0.0,0.031685144
1.0,0.9887678
0.0,0.010926485
0.0,0.014925659
0.0,0.007754594
0.0,0.10561162
0.0,0.021196246
0.0,0.019875556
1.0,0.96323955
0.0,0.106081665
1.0,0.8169666
1.0,0.9605867
0.0,0.025257379
0.0,0.034170717
1.0,0.9333217
1.0,0.9952328
0.0,0.38940558
0.0,0.47910148
0.0,0.15824392
0.0,0.06246215
0.0,0.017574847
1.0,0.48707312
0.0,0.034910083
1.0,0.65173745
1.0,0.41874954
0.0,0.96679944
0.0,0.07028395
0.0,0.01184687
0.0,0.01316759
0.0,0.90535843
0.0,0.011897624
0.0,0.008465767
0.0,0.7992585
1.0,0.7922869
1.0,0.78092504
0.0,0.03634265
0.0,0.026334375
0.0,0.16144836
1.0,0.9397433
0.0,0.0033402145
0.0,0.019174993
1.0,0.6006739
1.0,0.9734741
0.0,0.19229245
0.0,0.059788406
0.0,0.018037885
1.0,0.9560941
0.0,0.032848775
1.0,0.9763086
1.0,0.7658859
0.0,0.010624677
0.0,0.0324229
0.0,0.023643702
1.0,0.6997027
0.0,0.04825875
1.0,0.7639669
0.0,0.0054838955
1.0,0.8396102
0.0,0.045004576
0.0,0.05196461
0.0,0.008191198
1.0,0.9906635
0.0,0.82588995
1.0,0.9871459
1.0,0.9463682
0.0,0.008860141
1.0,0.24508616
0.0,0.055502325
1.0,0.28591973
0.0,0.0063501
1.0,0.9476894
0.0,0.003463775
1.0,0.82476556
1.0,0.97574425
1.0,0.98537374
0.0,0.01245147
1.0,0.95051646
1.0,0.4633481
0.0,0.017515987
1.0,0.9657895
1.0,0.48763424
1.0,0.07260214
0.0,0.15090367
0.0,0.011245213
0.0,0.98003894
0.0,0.06588308
