0.0,0.12570167
0.0,0.8145491
1.0,0.17426261
0.0,0.06426528
1.0,0.5758931
0.0,0.018600762
1.0,0.9499886
1.0,0.780128
1.0,0.73735344
0.0,0.0031434
0.0,0.15112814
1.0,0.9516792
0.0,0.0062089562
0.0,0.1464018
0.0,0.027141094
0.0,0.0026713014
1.0,0.11903581
0.0,0.013451844
0.0,0.008767366
1.0,0.561849
1.0,0.66388434
0.0,0.005968988
1.0,0.9582
0.0,0.022479773
0.0,0.0064444244
1.0,0.72103107
0.0,0.027197719
1.0,0.890862
0.0,0.018384457
1.0,0.8233433
0.0,0.0073862076
0.0,0.28080636
1.0,0.94059056
1.0,0.99491155
1.0,0.90479386
1.0,0.98018104
1.0,0.45958132
0.0,0.022500992
1.0,0.9706067
1.0,0.036637634
1.0,0.9772514
1.0,0.987822
0.0,0.0081757605
1.0,0.98642975
1.0,0.794842
0.0,0.027709246
0.0,0.001960814
0.0,0.057742
0.0,0.014030039
1.0,0.9968582
0.0,0.29036176
1.0,0.7983948
1.0,0.98176146
1.0,0.73754966
0.0,0.008880943
0.0,0.004283458
0.0,0.04400876
1.0,0.037227005
1.0,0.6490937
1.0,0.16958728
1.0,0.99435407
0.0,0.3226839
1.0,0.9942663
1.0,0.8706389
1.0,0.987594
0.0,0.20181781
0.0,0.04160005
1.0,0.98726535
0.0,0.011913091
1.0,0.95440596
0.0,0.29018766
1.0,0.9605816
0.0,0.002102971
0.0,0.05301225
1.0,0.40521187
0.0,0.038558155
0.0,0.007805139
0.0,0.29284102
0.0,0.006270498
1.0,0.94835657
0.0,0.01912418
1.0,0.9925802
1.0,0.98212063
1.0,0.9994939
1.0,0.99194014
1.0,0.8102922
1.0,0.9909655
0.0,0.091932684
0.0,0.022381902
1.0,0.694622
0.0,0.003150642
1.0,0.14686596
0.0,0.009842992
0.0,0.7766588
0.0,0.3274244
1.0,0.9589309
0.0,0.013039947
0.0,0.02363813
1.0,0.4645446
1.0,0.9949623
0.0,0.0058753192
0.0,0.027957171
1.0,0.026565015
0.0,0.10395524
0.0,0.1092118
1.0,0.8127313
1.0,0.015936077
0.0,0.017157346
1.0,0.005614251
1.0,0.993053
1.0,0.97097987
0.0,0.038887978
1.0,0.01744157
0.0,0.029602975
0.0,0.02523753
1.0,0.6155046
0.0,0.028586447
1.0,0.28515425
1.0,0.45452783
1.0,0.98478913
0.0,0.28072327
1.0,0.9938954
0.0,0.9751161
0.0,0.010387212
0.0,0.26378715
1.0,0.25848764
0.0,0.005863905
0.0,0.12541088
1.0,0.97631586
1.0,0.77356863
1.0,0.9869758
0.0,0.020919502
0.0,0.00948289
1.0,0.25466615
1.0,0.99030924
0.0,0.81531715
0.0,0.015562445
0.0,0.014192462
0.0,0.040557504
0.0,0.021447122
1.0,0.6770669
0.0,0.06538096
1.0,0.08263025
0.0,0.009225577
0.0,0.0070630014
0.0,0.0012526512
1.0,0.18701783
0.0,0.0068781376
0.0,0.012940824
0.0,0.037003428
0.0,0.074573874
0.0,0.0041798353
0.0,0.007014066
0.0,0.9204506
0.0,0.14154476
1.0,0.97210276
0.0,0.0015036166
0.0,0.0048072636
1.0,0.9978523
0.0,0.014117569
0.0,0.11401856
0.0,0.043183714
0.0,0.011309624
0.0,0.1235095
1.0,0.9983836
0.0,0.07676932
1.0,0.9524656
0.0,0.034943104
0.0,0.0048971176
1.0,0.76365185
0.0,0.9825251
0.0,0.98135626
0.0,0.9789784
0.0,0.0014930665
1.0,0.7101598
1.0,0.91820395
0.0,0.056952745
1.0,0.6374136
0.0,0.44837445
1.0,0.9798854
1.0,0.8267633
1.0,0.97786033
1.0,0.9853741
1.0,0.9907422
0.0,0.8362724
0.0,0.001875937
0.0,0.007812679
0.0,0.989052
0.0,0.080041915
0.0,0.03635645
1.0,0.18562657
0.0,0.001142323
0.0,0.79335725
1.0,0.98387694
1.0,0.83560157
1.0,0.9984005
0.0,0.005651146
0.0,0.029609501
0.0,0.004473239
1.0,0.04884398
0.0,0.14040798
0.0,0.09863633
0.0,0.7902887
0.0,0.30904853
0.0,0.13673806
1.0,0.027597278
0.0,0.027110904
1.0,0.1283789
0.0,0.0015576482
0.0,0.029447675
0.0,0.0060636103
1.0,0.9800743
0.0,0.026564807
0.0,0.03809488
0.0,0.02421385
0.0,0.0043002367
0.0,0.921969
0.0,0.20052138
1.0,0.997052
0.0,0.007655084
0.0,0.0070816875
1.0,0.30532545
1.0,0.9946512
0.0,0.27149802
0.0,0.012802303
0.0,0.0021195114
0.0,0.08025733
0.0,0.01114586
0.0,0.12558809
1.0,0.9745155
0.0,0.056694925
1.0,0.32835114
0.0,0.0075519383
1.0,0.19764602
1.0,0.46583173
0.0,0.02221039
0.0,0.037042886
0.0,0.02014494
1.0,0.88803077
1.0,0.7077449
1.0,0.9910269
1.0,0.71965945
0.0,0.009497553
0.0,0.8667388
1.0,0.9926739
0.0,0.36691865
0.0,0.0036309063
0.0,0.011437625
0.0,0.05890596
0.0,0.08037275
0.0,0.010245323
0.0,0.071358025
1.0,0.4900476
0.0,0.015735954
0.0,0.039286822
0.0,0.05993727
1.0,0.9302241
1.0,0.9829919
0.0,0.017971545
0.0,0.15729666
0.0,0.023306578
1.0,0.9933842
0.0,0.03653565
0.0,0.0025476217
0.0,0.015722692
0.0,0.012382895
1.0,0.99529386
1.0,0.96302146
1.0,0.9921938
0.0,0.017363995
1.0,0.94236004
0.0,0.025430173
0.0,0.017332762
0.0,0.39583057
1.0,0.9823457
1.0,0.31300443
0.0,0.0023891032
0.0,0.025213957
1.0,0.85781187
1.0,0.30115446
0.0,0.017117143
1.0,0.07689753
1.0,0.9929757
0.0,0.7445601
0.0,0.20467022
0.0,0.04975292
0.0,0.01903668
0.0,0.35555607
0.0,0.016691417
1.0,0.9948157
0.0,0.018911034
0.0,0.015461057
1.0,0.99907434
0.0,0.008478522
1.0,0.97016084
1.0,0.025929838
1.0,0.9270196
1.0,0.88312304
1.0,0.9727044
0.0,0.033252627
1.0,0.95779055
0.0,0.88715434
1.0,0.9977244
0.0,0.49957922
0.0,0.2446777
0.0,0.019559532
0.0,0.052114367
0.0,0.23942101
1.0,0.9918724
0.0,0.97784877
1.0,0.7768986
0.0,0.8883634
1.0,0.807392
1.0,0.99259835
0.0,0.009703398
0.0,0.0036667883
0.0,0.010406941
1.0,0.95537746
1.0,0.120872706
0.0,0.002193749
0.0,0.0014484227
0.0,0.0055508018
0.0,0.025192827
1.0,0.9780841
1.0,0.70582265
0.0,0.0150156915
0.0,0.06659454
1.0,0.76770985
1.0,0.9914709
1.0,0.20705459
0.0,0.04614836
0.0,0.8129894
0.0,0.0059640408
0.0,0.67115194
1.0,0.99307334
1.0,0.77873576
0.0,0.024370074
0.0,0.021213055
0.0,0.0053232014
0.0,0.44751835
0.0,0.0047700703
0.0,0.24144962
1.0,0.25970387
0.0,0.13731956
0.0,0.022969127
0.0,0.03990832
0.0,0.39932168
0.0,0.87716246
0.0,0.016832292
0.0,0.003187418
1.0,0.28539675
0.0,0.020883322
1.0,0.75062853
0.0,0.0019645095
0.0,0.14679807
0.0,0.1779516
0.0,0.0020321906
0.0,0.9863696
1.0,0.6967939
1.0,0.94931644
0.0,0.6891712
1.0,0.894019
0.0,0.0057845116
0.0,0.49163988
0.0,0.30293775
0.0,0.3698573
0.0,0.015638232
0.0,0.0017187297
1.0,0.19132939
0.0,0.008973271
1.0,0.9922606
0.0,0.065392226
1.0,0.23573622
0.0,0.13226882
1.0,0.032676756
1.0,0.9777756
1.0,0.98103726
0.0,0.0031213164
0.0,0.026245505
1.0,0.98415804
0.0,0.01872176
0.0,0.021494865
1.0,0.011930615
1.0,0.99108726
0.0,0.33295214
1.0,0.98289037
1.0,0.9937778
0.0,0.74729574
0.0,0.022730142
0.0,0.27237195
0.0,0.02966547
0.0,0.0065497756
0.0,0.03513953
1.0,0.98588806
0.0,0.10343081
1.0,0.8908068
1.0,0.1927338
0.0,0.010991186
0.0,0.061990738
0.0,0.8926126
1.0,0.99257463
1.0,0.98350495
1.0,0.3812894
0.0,0.08023712
1.0,0.98952144
1.0,0.93589723
0.0,0.001981318
0.0,0.16685197
0.0,0.9027281
0.0,0.91946405
1.0,0.98328125
0.0,0.020494878
1.0,0.5829035
0.0,0.8322265
0.0,0.04471919
0.0,0.024701804
0.0,0.011243284
0.0,0.0104497075
0.0,0.011539131
0.0,0.021266937
0.0,0.012321204
0.0,0.011698127
0.0,0.43150854
0.0,0.0746721
0.0,0.007514775
0.0,0.22941619
0.0,0.018682271
1.0,0.6133937
0.0,0.12811077
1.0,0.97927254
0.0,0.016806245
0.0,0.00683403
0.0,0.0048242807
0.0,0.95126075
0.0,0.5994795
0.0,0.07506204
0.0,0.03138846
0.0,0.0015121698
0.0,0.01157704
0.0,0.014741778
0.0,0.628539
1.0,0.9625584
0.0,0.019907087
0.0,0.0069844127
0.0,0.58923423
0.0,0.02635914
1.0,0.6020894
0.0,0.89168066
1.0,0.45084676
0.0,0.004415512
0.0,0.15649682
1.0,0.98899376
0.0,0.9293071
1.0,0.8809019
1.0,0.9774133
1.0,0.9528272
1.0,0.98636746
0.0,0.0026559234
1.0,0.77338064
0.0,0.007179439
0.0,0.01336959
0.0,0.07865703
1.0,0.9985584
0.0,0.0043048263
0.0,0.015899628
1.0,0.45334792
1.0,0.999594
0.0,0.0685727
0.0,0.001960218
1.0,0.7750927
0.0,0.031979322
1.0,0.7749335
0.0,0.53850013
0.0,0.30557942
1.0,0.8905039
0.0,0.79134965
0.0,0.002273649
1.0,0.061609864
0.0,0.014920533
1.0,0.9958809
0.0,0.0023114085
1.0,0.4758794
1.0,0.5376365
1.0,0.8249785
1.0,0.98840106
0.0,0.14361784
0.0,0.021052063
1.0,0.8556295
0.0,0.018865436
0.0,0.27041486
1.0,0.7248536
1.0,0.9017377
1.0,0.9806473
0.0,0.004084915
1.0,0.975994
1.0,0.9118646
0.0,0.061751693
1.0,0.9900673
0.0,0.5224768
1.0,0.8731432
1.0,0.9527229
0.0,0.7598603
0.0,0.46716
1.0,0.39261937
0.0,0.3891358
1.0,0.98770773
0.0,0.96280825
0.0,0.031143636
0.0,0.8445895
1.0,0.9956256
0.0,0.0021640956
0.0,0.002395749
0.0,0.79945254
1.0,0.28484368
0.0,0.013525575
0.0,0.0026785135
0.0,0.038131088
0.0,0.79113317
1.0,0.51529074
1.0,0.9318993
0.0,0.059708416
0.0,0.6719935
0.0,0.04897979
0.0,0.060398966
0.0,0.013121963
1.0,0.9853271
0.0,0.039895207
1.0,0.97372794
0.0,0.78292274
0.0,0.110744625
1.0,0.7864182
0.0,0.0140104
0.0,0.028494328
0.0,0.012779921
0.0,0.002919197
0.0,0.088875055
0.0,0.001257807
0.0,0.014213085
0.0,0.020406187
1.0,0.91302717
1.0,0.994527
0.0,0.002415955
0.0,0.019557416
1.0,0.9863787
0.0,0.0059690475
1.0,0.94897354
0.0,0.19349623
0.0,0.0014517605
1.0,0.9029755
0.0,0.098442435
1.0,0.46750307
0.0,0.28079763
1.0,0.2608848
0.0,0.012287527
0.0,0.028768688
0.0,0.6680808
1.0,0.993295
0.0,0.0016863942
0.0,0.03132218
0.0,0.006634116
0.0,0.9885882
1.0,0.39848456
0.0,0.007938325
0.0,0.004696429
1.0,0.9839288
1.0,0.020720363
0.0,0.1122981
1.0,0.6934248
0.0,0.03493148
0.0,0.085090846
1.0,0.9843812
1.0,0.9986095
0.0,0.39042893
1.0,0.9705734
1.0,0.99060947
0.0,0.010150999
0.0,0.028578103
0.0,0.028019965
1.0,0.03768584
0.0,0.0012832582
0.0,0.016261935
0.0,0.004940778
1.0,0.9984327
1.0,0.36257315
0.0,0.005984664
1.0,0.4386277
1.0,0.045707762
0.0,0.41625708
1.0,0.96236074
0.0,0.025226235
1.0,0.9772227
0.0,0.03626409
1.0,0.9654161
0.0,0.015036553
0.0,0.011248648
1.0,0.83739215
0.0,0.004595965
1.0,0.9256033
0.0,0.02990222
0.0,0.010280728
0.0,0.009667128
1.0,0.83058757
0.0,0.2001814
1.0,0.44238305
0.0,0.0033394396
1.0,0.3790431
1.0,0.26322836
0.0,0.0021137
1.0,0.994401
1.0,0.9860282
1.0,0.13009319
1.0,0.8899027
0.0,0.013357073
0.0,0.008821517
0.0,0.802829
1.0,0.9711758
1.0,0.42797527
0.0,0.011357397
0.0,0.028073221
0.0,0.10988864
1.0,0.91870713
0.0,0.19395974
1.0,0.005216092
1.0,0.9797987
0.0,0.016086549
0.0,0.031148344
1.0,0.9913057
0.0,0.6920408
1.0,0.9931996
0.0,0.75715065
0.0,0.025151014
0.0,0.016354054
1.0,0.049116105
0.0,0.020335197
1.0,0.9939991
0.0,0.013376117
1.0,0.51730907
0.0,0.48047444
0.0,0.062325865
1.0,0.047611117
1.0,0.32107395
1.0,0.7573348
1.0,0.9781916
0.0,0.041942984
0.0,0.026910305
0.0,0.26595104
0.0,0.0012649894
1.0,0.98373616
1.0,0.9246446
0.0,0.0026394129
0.0,0.010563999
0.0,0.0018214285
1.0,0.64172995
0.0,0.012342751
0.0,0.010728896
0.0,0.0545429
0.0,0.13310033
0.0,0.026128203
0.0,0.21731895
1.0,0.8979304
0.0,0.9768096
1.0,0.4109373
0.0,0.022244185
0.0,0.28429788
1.0,0.74120694
1.0,0.8927897
1.0,0.95906085
0.0,0.018769145
0.0,0.16886657
1.0,0.11242911
0.0,0.0026083887
0.0,0.021748185
0.0,0.17434162
1.0,0.9094095
0.0,0.022304296
0.0,0.038074523
1.0,0.99481857
0.0,0.1924246
1.0,0.998164
1.0,0.93822765
1.0,0.9923684
0.0,0.009677172
1.0,0.98523724
1.0,0.75968933
0.0,0.021538466
1.0,0.16118008
0.0,0.010316461
0.0,0.117370814
0.0,0.05688724
0.0,0.0032997727
1.0,0.8307154
1.0,0.2981388
1.0,0.9984114
1.0,0.9841409
1.0,0.99469626
0.0,0.5998816
0.0,0.9917619
1.0,0.99089056
0.0,0.010227412
1.0,0.6385373
1.0,0.997661
0.0,0.025909603
1.0,0.05091411
1.0,0.46097735
0.0,0.014228135
0.0,0.017587185
0.0,0.0074953437
0.0,0.018688172
1.0,0.40849698
1.0,0.9912406
0.0,0.0031481981
0.0,0.015357703
1.0,0.046432555
1.0,0.81873345
1.0,0.04497531
0.0,0.026016325
1.0,0.8100079
1.0,0.10692379
0.0,0.016517967
0.0,0.28522456
1.0,0.9091939
1.0,0.99617505
0.0,0.3692078
1.0,0.8042575
0.0,0.057513624
0.0,0.9013599
1.0,0.9956559
0.0,0.6051379
1.0,0.990113
0.0,0.9160579
0.0,0.16166821
0.0,0.072152704
1.0,0.95791566
1.0,0.46801457
0.0,0.009959012
0.0,0.011623383
1.0,0.77420974
0.0,0.014461607
1.0,0.9926819
1.0,0.91925573
1.0,0.7886348
0.0,0.05436787
0.0,0.8867679
0.0,0.8905568
0.0,0.008142829
0.0,0.0014962256
1.0,0.998973
0.0,0.24294162
0.0,0.015802145
1.0,0.983905
0.0,0.03243801
1.0,0.048684597
1.0,0.8677801
0.0,0.010786653
0.0,0.29510224
0.0,0.80705345
0.0,0.0069877803
0.0,0.0018904805
0.0,0.0065222085
0.0,0.011147767
0.0,0.9324678
1.0,0.5799094
1.0,0.97720885
0.0,0.7138068
0.0,0.5652909
0.0,0.011732131
0.0,0.025309712
0.0,0.010313064
1.0,0.022895545
0.0,0.012448728
0.0,0.0018431842
1.0,0.99867237
1.0,0.7772642
0.0,0.009095907
0.0,0.9903258
0.0,0.0014880598
0.0,0.014270544
0.0,0.0021245778
0.0,0.018929034
1.0,0.9474727
1.0,0.7139856
1.0,0.94824255
0.0,0.0018039048
1.0,0.7976531
1.0,0.9738552
0.0,0.039432615
0.0,0.0009824634
1.0,0.8168973
1.0,0.17681709
1.0,0.8985106
1.0,0.9826996
1.0,0.74138165
0.0,0.046779186
0.0,0.29385364
1.0,0.31924462
0.0,0.006444961
1.0,0.98089993
0.0,0.011555344
1.0,0.49126822
0.0,0.015693933
0.0,0.13990852
0.0,0.013060629
0.0,0.009886056
0.0,0.10391715
0.0,0.001331836
0.0,0.0016920269
0.0,0.015823126
0.0,0.71582496
0.0,0.0026891828
0.0,0.005203545
1.0,0.9673228
1.0,0.7217647
1.0,0.99179816
0.0,0.9826499
0.0,0.5452499
0.0,0.8678272
0.0,0.024155349
1.0,0.99476457
1.0,0.23770463
1.0,0.9388492
1.0,0.99481195
0.0,0.90535057
0.0,0.0073433816
0.0,0.0047364235
1.0,0.84852475
0.0,0.010938972
1.0,0.004568815
1.0,0.98765755
0.0,0.049632102
0.0,0.009362549
0.0,0.007978708
0.0,0.79024875
1.0,0.93222547
1.0,0.98334265
0.0,0.029708177
1.0,0.96184397
1.0,0.7304229
0.0,0.7061124
0.0,0.015573621
1.0,0.41639093
0.0,0.0016748607
0.0,0.090503305
0.0,0.0021475554
0.0,0.29559377
0.0,0.019702256
1.0,0.46734083
0.0,0.023301631
0.0,0.6922405
1.0,0.9963568
1.0,0.9662448
0.0,0.49479195
0.0,0.4771168
1.0,0.77243733
0.0,0.09269807
0.0,0.0010057986
1.0,0.6027935
0.0,0.043649703
0.0,0.015408516
0.0,0.012769401
1.0,0.9927972
0.0,0.18395999
1.0,0.81438595
1.0,0.9840727
1.0,0.9994833
0.0,0.012014717
1.0,0.827404
0.0,0.01884976
1.0,0.9756638
0.0,0.057491213
1.0,0.98479366
0.0,0.015913218
0.0,0.012755513
1.0,0.9893771
0.0,0.0067982674
0.0,0.0031892955
1.0,0.59730345
1.0,0.8863567
1.0,0.050155014
1.0,0.76204884
1.0,0.67111516
1.0,0.98902917
1.0,0.72691154
0.0,0.009611398
1.0,0.054748118
1.0,0.99698126
0.0,0.04013315
0.0,0.003157854
0.0,0.0015619397
1.0,0.50799227
0.0,0.00844267
0.0,0.09540436
0.0,0.2283495
1.0,0.9839219
0.0,0.0050744414
0.0,0.06839931
1.0,0.6692111
1.0,0.9703483
1.0,0.9164465
1.0,0.10755223
0.0,0.9935981
0.0,0.06188512
0.0,0.0324713
0.0,0.02396223
0.0,0.0016286969
0.0,0.02858156
0.0,0.015082359
1.0,0.031131268
1.0,0.97748744
0.0,0.023367673
1.0,0.8975292
0.0,0.007829785
0.0,0.0024359822
1.0,0.9952071
0.0,0.009315193
0.0,0.91925126
0.0,0.012177438
0.0,0.13558188
0.0,0.027410299
0.0,0.007839888
0.0,0.973055
1.0,0.742088
0.0,0.061549336
0.0,0.13321963
1.0,0.9133669
0.0,0.0051413476
1.0,0.8865605
0.0,0.032138884
0.0,0.0021867454
0.0,0.011844844
0.0,0.21889296
0.0,0.0013843179
0.0,0.0063760877
0.0,0.024919897
0.0,0.016371638
0.0,0.70869887
1.0,0.7089146
0.0,0.028089702
1.0,0.6335193
0.0,0.6636562
1.0,0.04444194
0.0,0.048345566
0.0,0.0028425753
0.0,0.041404605
1.0,0.97809744
1.0,0.021669596
1.0,0.2753745
0.0,0.01596278
0.0,0.49105945
1.0,0.80218416
0.0,0.007869065
0.0,0.030756384
1.0,0.22147658
0.0,0.012321502
1.0,0.96685714
1.0,0.16975924
0.0,0.009564787
1.0,0.37818778
0.0,0.06656882
1.0,0.13735962
0.0,0.23644146
1.0,0.9982008
0.0,0.0013337135
0.0,0.9937099
0.0,0.026872277
0.0,0.024877489
0.0,0.004285395
0.0,0.04202676
0.0,0.017772466
1.0,0.9757196
0.0,0.0057151914
0.0,0.0020736754
0.0,0.0011198223
0.0,0.12268153
0.0,0.10245538
1.0,0.09532654
0.0,0.32036918
0.0,0.1436252
1.0,0.53542596
0.0,0.37157282
1.0,0.9761056
0.0,0.7466366
1.0,0.9622538
1.0,0.96443963
0.0,0.0050041378
1.0,0.9990642
0.0,0.32710427
0.0,0.014798701
0.0,0.0141248405
0.0,0.027321965
1.0,0.07324308
1.0,0.9976963
0.0,0.019324481
0.0,0.119565606
1.0,0.99709463
0.0,0.020898402
1.0,0.58101857
1.0,0.020121515
1.0,0.8085015
0.0,0.012600392
1.0,0.6607001
0.0,0.012135267
1.0,0.90512913
1.0,0.14696819
0.0,0.35035253
0.0,0.7972374
0.0,0.023746759
0.0,0.1903708
1.0,0.80195683
1.0,0.9615511
1.0,0.992239
0.0,0.014534891
0.0,0.0015824735
1.0,0.97869897
0.0,0.97918516
0.0,0.0015558302
0.0,0.014515698
1.0,0.6442186
0.0,0.05739671
0.0,0.009696186
0.0,0.11238754
0.0,0.027598888
1.0,0.76563954
1.0,0.98589015
0.0,0.058354974
0.0,0.024579465
0.0,0.009938747
1.0,0.99426806
0.0,0.016282946
0.0,0.8576125
1.0,0.91839504
0.0,0.004722744
0.0,0.7178885
1.0,0.9890242
0.0,0.038003176
1.0,0.2663939
1.0,0.08852586
0.0,0.018048018
0.0,0.019453108
0.0,0.0051938593
0.0,0.007817805
1.0,0.9922371
1.0,0.99955285
1.0,0.9941558
1.0,0.114026695
0.0,0.91118276
0.0,0.027846903
1.0,0.8130379
1.0,0.99698675
0.0,0.06809023
0.0,0.022924632
1.0,0.65582377
0.0,0.005324036
1.0,0.80505764
0.0,0.005779654
0.0,0.2450772
1.0,0.9923326
0.0,0.03883624
0.0,0.0021297038
0.0,0.030782133
0.0,0.029797763
0.0,0.3488764
1.0,0.0594621
0.0,0.0273467
1.0,0.99325097
0.0,0.14626762
1.0,0.9816624
0.0,0.19902956
1.0,0.8195002
1.0,0.9906709
1.0,0.99780273
0.0,0.9711311
0.0,0.0018626153
1.0,0.34010902
0.0,0.031593382
0.0,0.02635768
1.0,0.9238461
1.0,0.11854309
0.0,0.15160748
1.0,0.9669054
1.0,0.98923993
0.0,0.8884176
0.0,0.00951162
0.0,0.83609676
0.0,0.0064673424
0.0,0.0016911626
0.0,0.94377816
1.0,0.98979825
1.0,0.99507624
1.0,0.96608675
0.0,0.0017621815
0.0,0.0048617423
0.0,0.009248555
0.0,0.01813671
0.0,0.016925007
0.0,0.042899817
1.0,0.89396894
1.0,0.978977
1.0,0.70451105
0.0,0.0866518
0.0,0.024348885
1.0,0.88426507
0.0,0.13587913
0.0,0.51958317
1.0,0.9135344
0.0,0.8524425
0.0,0.95934856
1.0,0.73945165
0.0,0.019656241
1.0,0.6579107
1.0,0.8974472
0.0,0.9763659
0.0,0.008788288
1.0,0.99932474
0.0,0.0034948587
0.0,0.48334512
1.0,0.8998685
1.0,0.9852678
1.0,0.7895795
1.0,0.9720629
0.0,0.98764825
0.0,0.03592953
0.0,0.0027798414
1.0,0.8065611
0.0,0.9925548
1.0,0.8060848
0.0,0.8773912
1.0,0.9400953
1.0,0.7692662
0.0,0.036365986
0.0,0.01895973
0.0,0.0063010156
0.0,0.36204553
0.0,0.0243375
0.0,0.008952677
1.0,0.41060343
1.0,0.11350337
0.0,0.9532689
1.0,0.9836425
1.0,0.7668578
0.0,0.0029773414
0.0,0.09580138
1.0,0.9144199
1.0,0.16779438
0.0,0.013674915
0.0,0.09356016
0.0,0.0053598583
0.0,0.016870826
1.0,0.64927924
1.0,0.9797077
0.0,0.0287368
0.0,0.001375705
0.0,0.03608647
0.0,0.12561366
0.0,0.00849843
0.0,0.014975399
0.0,0.956825
0.0,0.40118694
0.0,0.011490852
0.0,0.028502315
0.0,0.117420435
1.0,0.99379075
1.0,0.88640344
0.0,0.008548647
0.0,0.027722895
0.0,0.0014943779
0.0,0.0031023622
0.0,0.06465179
0.0,0.35943162
0.0,0.012856036
0.0,0.18498051
1.0,0.9627067
1.0,0.99825794
1.0,0.89273393
1.0,0.9242214
1.0,0.9948586
0.0,0.5438086
0.0,0.020706683
0.0,0.025529206
0.0,0.029104471
1.0,0.7272849
0.0,0.014469266
1.0,0.94934404
0.0,0.022862434
0.0,0.29715014
0.0,0.9174211
0.0,0.019852549
0.0,0.036565244
0.0,0.12806791
0.0,0.2109246
0.0,0.0071212947
1.0,0.86401314
1.0,0.2284317
0.0,0.10915953
0.0,0.14143077
0.0,0.006382078
0.0,0.0032344759
1.0,0.9906781
0.0,0.008214921
1.0,0.07596475
0.0,0.045309722
1.0,0.6177806
0.0,0.0073551536
0.0,0.07539889
1.0,0.90780216
0.0,0.0012815893
1.0,0.98355144
0.0,0.059728205
0.0,0.5910557
0.0,0.22778451
0.0,0.0022163093
0.0,0.0023511946
1.0,0.9499475
1.0,0.9951414
0.0,0.550924
0.0,0.02125445
0.0,0.00868386
0.0,0.268301
1.0,0.8921365
0.0,0.64716685
1.0,0.17340958
1.0,0.34550023
0.0,0.7107157
0.0,0.018508434
0.0,0.042794764
0.0,0.018683761
0.0,0.03540957
0.0,0.025892496
0.0,0.04171461
0.0,0.7064212
0.0,0.18170452
1.0,0.95989585
0.0,0.99493885
0.0,0.0062461793
1.0,0.9365028
0.0,0.015996069
0.0,0.02526924
0.0,0.0020900667
0.0,0.014426559
1.0,0.056698292
1.0,0.9835534
1.0,0.9887709
0.0,0.013420522
0.0,0.0056814253
0.0,0.011374742
0.0,0.3740492
0.0,0.37027076
0.0,0.82187724
1.0,0.9972148
1.0,0.990399
1.0,0.94562346
0.0,0.020806462
1.0,0.99616706
1.0,0.73930407
0.0,0.031183213
1.0,0.9773711
0.0,0.011274755
0.0,0.013168663
0.0,0.6944807
1.0,0.9957754
1.0,0.982399
1.0,0.8212929
0.0,0.9144378
0.0,0.3438117
0.0,0.00989601
1.0,0.98952127
1.0,0.98989844
1.0,0.9780814
1.0,0.90853846
0.0,0.03469497
0.0,0.011597693
0.0,0.017925143
0.0,0.27919763
1.0,0.98922545
0.0,0.015123427
0.0,0.068733424
0.0,0.10665372
1.0,0.246869
0.0,0.018489689
0.0,0.18883225
0.0,0.07292533
0.0,0.3292839
0.0,0.014476448
0.0,0.0943788
0.0,0.0069657564
0.0,0.20672518
0.0,0.0019695759
1.0,0.9968672
1.0,0.1463589
0.0,0.13216558
0.0,0.9909233
0.0,0.031438947
1.0,0.8946988
0.0,0.004589379
0.0,0.020969212
0.0,0.47130084
0.0,0.0057114363
1.0,0.9730143
0.0,0.009040177
0.0,0.07578528
1.0,0.510031
1.0,0.97452736
1.0,0.9508132
0.0,0.020712286
0.0,0.108941525
1.0,0.8987874
1.0,0.99313843
1.0,0.9922795
0.0,0.8360565
0.0,0.39670593
0.0,0.0014275014
1.0,0.086027384
1.0,0.9951077
0.0,0.011016756
0.0,0.82890433
1.0,0.7685478
1.0,0.9922638
0.0,0.006303847
1.0,0.8480911
1.0,0.27674484
0.0,0.0119072795
1.0,0.23294657
0.0,0.03220859
0.0,0.003491789
0.0,0.9819487
0.0,0.025878906
1.0,0.80855215
0.0,0.3007393
1.0,0.85641384
1.0,0.7326754
1.0,0.6883993
0.0,0.0029786527
0.0,0.4253096
1.0,0.52471644
0.0,0.0018052757
1.0,0.6864753
1.0,0.794135
0.0,0.98151803
0.0,0.021802098
1.0,0.04137239
1.0,0.9960718
0.0,0.002158016
1.0,0.82449937
1.0,0.17205623
1.0,0.9488048
1.0,0.997115
1.0,0.18309662
1.0,0.9833698
0.0,0.020861208
0.0,0.26772082
0.0,0.023034811
1.0,0.9596931
1.0,0.46663302
0.0,0.03958112
0.0,0.018302888
1.0,0.09989479
0.0,0.009501457
1.0,0.9940078
0.0,0.099503934
1.0,0.9012964
1.0,0.9824881
0.0,0.14609104
1.0,0.32086027
0.0,0.02488789
1.0,0.998103
1.0,0.97816813
1.0,0.1365225
0.0,0.016076982
0.0,0.01967606
1.0,0.83043265
0.0,0.042944163
1.0,0.9204529
0.0,0.016533881
0.0,0.9649594
0.0,0.07480338
0.0,0.31003708
0.0,0.003076017
0.0,0.14887142
0.0,0.10620749
1.0,0.9878163
1.0,0.10825795
0.0,0.01265505
1.0,0.99479055
1.0,0.86428845
0.0,0.9330245
0.0,0.79809666
0.0,0.057314664
0.0,0.024509996
0.0,0.014025211
0.0,0.022939444
1.0,0.46515974
1.0,0.99314314
0.0,0.0036716163
0.0,0.0019037127
0.0,0.80810237
0.0,0.94418716
0.0,0.080789
1.0,0.9096191
0.0,0.08393887
0.0,0.043972343
1.0,0.9393141
1.0,0.98048955
0.0,0.028113961
0.0,0.110060245
0.0,0.008682847
1.0,0.9737602
1.0,0.9217096
0.0,0.021847874
0.0,0.016829312
0.0,0.0026850402
0.0,0.11456153
0.0,0.004764527
1.0,0.98918045
1.0,0.7922785
1.0,0.14484504
0.0,0.0025528073
1.0,0.20143664
0.0,0.40780717
1.0,0.9974506
1.0,0.40647337
0.0,0.0031521022
0.0,0.0019614398
0.0,0.0033960342
0.0,0.9092563
0.0,0.44251844
1.0,0.9993957
0.0,0.8498462
0.0,0.7438898
0.0,0.01047942
0.0,0.0015679598
0.0,0.103594184
0.0,0.0650394
0.0,0.04513651
1.0,0.8304842
1.0,0.99115187
0.0,0.0020726323
0.0,0.8886653
0.0,0.4914933
0.0,0.031065255
1.0,0.9955556
0.0,0.030035049
0.0,0.14457378
1.0,0.19233707
0.0,0.96591496
0.0,0.01413852
0.0,0.0075317025
0.0,0.0037800074
1.0,0.9983082
1.0,0.9486519
0.0,0.0039404333
1.0,0.28245002
1.0,0.9849278
1.0,0.9750619
0.0,0.35501468
0.0,0.10498232
1.0,0.98524284
1.0,0.99114996
0.0,0.00503996
1.0,0.9807233
0.0,0.031446844
1.0,0.9646245
1.0,0.93983424
1.0,0.948233
0.0,0.01713705
1.0,0.6526916
1.0,0.48799112
0.0,0.09877214
0.0,0.023321062
0.0,0.9944279
0.0,0.043964863
0.0,0.01044634
0.0,0.0030139387
1.0,0.99854624
0.0,0.06650236
0.0,0.06568909
0.0,0.15092242
0.0,0.0037578046
0.0,0.030427694
0.0,0.025295317
1.0,0.76559854
0.0,0.014040202
0.0,0.024860442
0.0,0.60166496
1.0,0.8622899
1.0,0.85570747
1.0,0.9505346
1.0,0.98878455
0.0,0.006659925
0.0,0.034136653
0.0,0.016044796
0.0,0.11492759
0.0,0.77868915
0.0,0.009326249
1.0,0.9745296
0.0,0.7089784
1.0,0.05992019
1.0,0.026275665
1.0,0.7957021
0.0,0.017558157
0.0,0.006145984
0.0,0.002409488
0.0,0.006410241
1.0,0.26875645
1.0,0.9835366
1.0,0.7799173
1.0,0.91685665
1.0,0.99888474
0.0,0.012571305
0.0,0.025132716
0.0,0.92173517
0.0,0.006919533
1.0,0.97438073
0.0,0.002685964
0.0,0.8635787
1.0,0.99303293
1.0,0.72285515
0.0,0.009000242
0.0,0.1462102
0.0,0.31662166
0.0,0.4907668
1.0,0.79896545
0.0,0.99786884
0.0,0.3901541
1.0,0.9976363
0.0,0.048644572
1.0,0.9810879
1.0,0.96971107
0.0,0.002126187
0.0,0.76683146
0.0,0.0035621822
0.0,0.017284423
1.0,0.82511324
0.0,0.010294437
0.0,0.043703258
0.0,0.3602215
0.0,0.0030871332
1.0,0.99187374
1.0,0.16236827
1.0,0.932523
1.0,0.9550428
0.0,0.82541347
0.0,0.020949781
1.0,0.87635463
0.0,0.014638275
1.0,0.37246543
0.0,0.018434584
1.0,0.98484427
1.0,0.99433476
0.0,0.44788477
0.0,0.08331427
0.0,0.42295143
0.0,0.01945275
0.0,0.0121486485
0.0,0.022740424
1.0,0.9051545
0.0,0.0041433573
0.0,0.1781109
0.0,0.31836015
0.0,0.08781165
0.0,0.007867068
0.0,0.0013635159
0.0,0.7894616
0.0,0.0017229021
0.0,0.001282543
0.0,0.013498217
0.0,0.10705656
0.0,0.017228276
1.0,0.093040794
0.0,0.07145664
1.0,0.992783
0.0,0.0033979416
0.0,0.0018626451
1.0,0.77408653
0.0,0.008093923
1.0,0.98834753
0.0,0.07549277
1.0,0.96535486
0.0,0.69609684
0.0,0.021221638
1.0,0.7945188
1.0,0.24566525
0.0,0.002827406
0.0,0.05666578
0.0,0.0021860003
0.0,0.0012559295
0.0,0.004827976
0.0,0.81872916
1.0,0.98828125
1.0,0.81855154
0.0,0.1397321
0.0,0.0107239485
1.0,0.7641538
1.0,0.95903534
1.0,0.84097326
0.0,0.0012285411
1.0,0.033839315
0.0,0.27380136
1.0,0.34515628
0.0,0.0014375746
1.0,0.8181525
0.0,0.0030869246
0.0,0.096464455
0.0,0.0358665
0.0,0.94578874
1.0,0.9805342
0.0,0.081123084
0.0,0.11041519
1.0,0.99461275
0.0,0.015647888
0.0,0.899332
0.0,0.7570232
1.0,0.9934221
0.0,0.7421987
0.0,0.030096948
0.0,0.9953207
1.0,0.9819168
0.0,0.001737982
0.0,0.9061868
0.0,0.05808857
1.0,0.5042499
0.0,0.024848998
1.0,0.9923074
0.0,0.339754
1.0,0.7162071
1.0,0.9977629
0.0,0.98878473
1.0,0.9831194
1.0,0.9980055
0.0,0.00692603
0.0,0.9745562
0.0,0.009116739
1.0,0.99211717
0.0,0.28814983
1.0,0.3308222
1.0,0.41106257
0.0,0.015278727
1.0,0.98362505
0.0,0.15530851
1.0,0.46800488
0.0,0.6406994
1.0,0.113568515
0.0,0.8210546
1.0,0.018054932
0.0,0.6028818
0.0,0.008551657
0.0,0.0052116215
0.0,0.015017122
0.0,0.010842174
0.0,0.002107352
0.0,0.00263834
0.0,0.28996626
0.0,0.04877332
0.0,0.46263647
0.0,0.35909954
0.0,0.025185734
1.0,0.9799217
1.0,0.2955519
0.0,0.68404156
1.0,0.015263617
0.0,0.017804712
0.0,0.2022458
0.0,0.8866874
0.0,0.05018717
0.0,0.040809125
0.0,0.12369689
1.0,0.9487932
0.0,0.002647698
0.0,0.007552743
1.0,0.00985229
0.0,0.0054505765
1.0,0.96671945
0.0,0.06171167
0.0,0.023519367
1.0,0.91391826
0.0,0.009207755
1.0,0.97945786
0.0,0.0040530264
0.0,0.0013417304
0.0,0.0073213875
1.0,0.9818378
0.0,0.01914674
1.0,0.11260456
1.0,0.7229644
0.0,0.99263644
0.0,0.00159958
1.0,0.01161778
0.0,0.0039846003
0.0,0.047683418
0.0,0.80144703
0.0,0.0015680492
0.0,0.8609879
0.0,0.9765703
1.0,0.73671216
0.0,0.012039244
1.0,0.8542272
0.0,0.0016925633
0.0,0.002762705
0.0,0.0026581585
1.0,0.94362366
1.0,0.9926411
0.0,0.26501286
0.0,0.37167245
0.0,0.0022220612
0.0,0.06696716
0.0,0.032836825
0.0,0.006778091
0.0,0.0015279353
1.0,0.12454265
1.0,0.96137154
0.0,0.028168827
0.0,0.99042463
1.0,0.09664944
0.0,0.0017017126
1.0,0.9396323
0.0,0.003403753
0.0,0.024091274
1.0,0.97316825
0.0,0.7607147
1.0,0.25575453
1.0,0.98688805
1.0,0.9958426
0.0,0.28982764
0.0,0.02061534
0.0,0.12778533
1.0,0.969067
0.0,0.6247034
1.0,0.99534905
0.0,0.020150483
0.0,0.010980904
0.0,0.093171805
1.0,0.86172104
0.0,0.012462586
0.0,0.015822232
0.0,0.51659745
1.0,0.043364406
1.0,0.99818206
0.0,0.056081593
0.0,0.017741233
1.0,0.99141777
1.0,0.99188495
1.0,0.9745971
1.0,0.05732456
0.0,0.0038917959
1.0,0.9561116
0.0,0.13491192
0.0,0.05800259
0.0,0.0035526156
1.0,0.7695623
0.0,0.09036645
0.0,0.060197324
0.0,0.0018143952
1.0,0.87510073
0.0,0.29603374
1.0,0.99021393
1.0,0.9757339
0.0,0.01814887
1.0,0.81331336
0.0,0.016379386
1.0,0.7033529
0.0,0.55658996
0.0,0.008210659
0.0,0.021211386
0.0,0.067420304
1.0,0.9986011
0.0,0.023153067
0.0,0.21118861
0.0,0.5034442
1.0,0.99943423
1.0,0.94039077
0.0,0.015648842
1.0,0.98423576
1.0,0.99349856
1.0,0.99912506
1.0,0.4752173
0.0,0.10181534
1.0,0.8520606
0.0,0.036989897
0.0,0.8522157
1.0,0.37812284
0.0,0.016430855
0.0,0.020309538
0.0,0.057824492
1.0,0.41327894
0.0,0.4211179
0.0,0.28143477
1.0,0.9807687
0.0,0.008814484
1.0,0.74124074
0.0,0.012464583
0.0,0.97066694
1.0,0.81054044
1.0,0.97266203
0.0,0.0055078864
1.0,0.97757673
1.0,0.993631
0.0,0.86633456
0.0,0.7756485
1.0,0.8544664
0.0,0.030655146
1.0,0.9911211
0.0,0.02127242
0.0,0.05378416
1.0,0.59237754
1.0,0.9580014
0.0,0.027455747
1.0,0.5455122
0.0,0.04826781
0.0,0.06117481
1.0,0.99255216
0.0,0.029864043
0.0,0.040076435
0.0,0.022181809
1.0,0.62246895
0.0,0.01087001
0.0,0.007124424
1.0,0.94514835
1.0,0.9868622
0.0,0.020723343
0.0,0.4072986
0.0,0.0034194589
1.0,0.17925602
0.0,0.8079896
0.0,0.0022697747
0.0,0.018200248
0.0,0.004930109
0.0,0.003294021
1.0,0.29315817
0.0,0.14269927
0.0,0.0018160939
0.0,0.34070778
1.0,0.96753854
1.0,0.9989848
1.0,0.84450567
0.0,0.857848
0.0,0.014204681
0.0,0.97718763
1.0,0.9956727
0.0,0.030150265
1.0,0.47308215
0.0,0.012256771
1.0,0.99368703
0.0,0.034326524
1.0,0.92270404
0.0,0.94590795
1.0,0.5297342
0.0,0.0774824
0.0,0.037567973
1.0,0.9602953
1.0,0.95252025
1.0,0.99420524
0.0,0.1118651
1.0,0.97723144
1.0,0.45595065
1.0,0.26402056
0.0,0.0015999377
1.0,0.8246055
0.0,0.015761614
0.0,0.94881904
1.0,0.6652902
0.0,0.30540788
0.0,0.012251705
0.0,0.016384512
0.0,0.0423705
0.0,0.571314
1.0,0.9898158
1.0,0.98455
0.0,0.34394318
0.0,0.6067342
0.0,0.014020771
1.0,0.99870634
0.0,0.7671472
0.0,0.30837008
0.0,0.0035567582
0.0,0.012521893
0.0,0.018615037
0.0,0.98054326
1.0,0.9934715
1.0,0.994945
1.0,0.2179667
0.0,0.28850907
0.0,0.0050807
0.0,0.0067721605
0.0,0.011018544
0.0,0.025039464
1.0,0.986663
0.0,0.03496766
0.0,0.11903086
1.0,0.9969533
0.0,0.068650365
1.0,0.07966685
1.0,0.9730495
0.0,0.4707878
0.0,0.0069127083
0.0,0.020146608
1.0,0.7080732
0.0,0.06945717
0.0,0.014633775
1.0,0.9717704
1.0,0.6034807
0.0,0.0034923255
0.0,0.044935018
0.0,0.6747791
0.0,0.007849753
0.0,0.37115806
1.0,0.21280774
1.0,0.9221257
0.0,0.011249274
0.0,0.0017751157
0.0,0.91496766
0.0,0.36006522
1.0,0.9689957
0.0,0.015732706
1.0,0.99639356
0.0,0.039102346
1.0,0.98906976
0.0,0.0072304904
1.0,0.98086804
1.0,0.8539777
0.0,0.01942566
0.0,0.11953083
0.0,0.005199641
0.0,0.038408518
1.0,0.53144
1.0,0.0040561557
1.0,0.2162317
1.0,0.27493978
1.0,0.8027041
0.0,0.001219362
1.0,0.28363675
1.0,0.8542588
0.0,0.01461485
0.0,0.021021247
0.0,0.022224039
1.0,0.53698796
1.0,0.995281
0.0,0.94278824
0.0,0.011872888
1.0,0.8980838
0.0,0.007419586
0.0,0.028756201
1.0,0.97196865
0.0,0.6426389
0.0,0.017971158
1.0,0.09743875
1.0,0.8960315
0.0,0.009180725
0.0,0.01813677
0.0,0.016961008
1.0,0.9946599
1.0,0.98919344
0.0,0.7927506
0.0,0.3463198
1.0,0.9970691
1.0,0.72250223
0.0,0.0056418777
0.0,0.074763596
0.0,0.026918381
1.0,0.28153813
1.0,0.13463256
0.0,0.027289778
0.0,0.05907935
1.0,0.98498607
0.0,0.017276675
0.0,0.01860851
0.0,0.035818845
0.0,0.89325994
1.0,0.97687346
0.0,0.8889066
0.0,0.011135548
0.0,0.9681003
0.0,0.38650098
0.0,0.021045238
1.0,0.7642777
1.0,0.7357056
0.0,0.2596334
1.0,0.98659533
0.0,0.5967877
1.0,0.9787818
1.0,0.056758553
1.0,0.9786497
0.0,0.006724417
0.0,0.2383138
0.0,0.012714267
1.0,0.99835765
0.0,0.0045028627
1.0,0.99735695
0.0,0.0352135
0.0,0.0023531616
1.0,0.07742494
1.0,0.9902057
0.0,0.0030352175
1.0,0.8546314
0.0,0.02207458
1.0,0.977764
0.0,0.0018039942
1.0,0.6814347
1.0,0.034394532
0.0,0.018587887
0.0,0.004211068
0.0,0.0054570436
0.0,0.009084135
0.0,0.007982761
0.0,0.9509584
0.0,0.061594814
0.0,0.014210224
0.0,0.98089427
0.0,0.0030735135
1.0,0.98170364
0.0,0.38449734
0.0,0.50715894
1.0,0.99897
0.0,0.04244104
1.0,0.99779737
0.0,0.014611423
1.0,0.9952509
0.0,0.0061113834
0.0,0.048553526
1.0,0.9971506
0.0,0.033961684
0.0,0.0067089796
0.0,0.01462698
1.0,0.9901025
1.0,0.33187616
0.0,0.006244004
1.0,0.9791396
1.0,0.1724939
1.0,0.9814876
0.0,0.38420248
1.0,0.11373976
1.0,0.9522761
0.0,0.19120026
1.0,0.59304595
1.0,0.58728755
0.0,0.020308763
0.0,0.0026990175
0.0,0.013957173
0.0,0.025156885
0.0,0.00560382
0.0,0.025470138
0.0,0.025555551
0.0,0.0007867813
1.0,0.9539262
0.0,0.04858473
0.0,0.003674984
0.0,0.013230085
0.0,0.058039427
1.0,0.93739897
0.0,0.0019624233
1.0,0.9423129
0.0,0.2844484
0.0,0.0038148463
1.0,0.5670638
1.0,0.8836285
0.0,0.10143009
0.0,0.031741887
1.0,0.9221553
0.0,0.9631274
0.0,0.01767093
1.0,0.6787429
1.0,0.74925137
1.0,0.8189062
1.0,0.8322912
0.0,0.02508846
0.0,0.0017608404
1.0,0.7044108
0.0,0.01219359
0.0,0.0013745129
1.0,0.9941255
1.0,0.9049119
1.0,0.99463856
0.0,0.009870738
1.0,0.05085379
1.0,0.9840766
1.0,0.98431396
0.0,0.0026326776
0.0,0.0021006465
1.0,0.2939132
0.0,0.02051434
0.0,0.7366099
0.0,0.016187906
1.0,0.99651814
0.0,0.010120153
0.0,0.016367644
0.0,0.030660957
0.0,0.12747645
0.0,0.08555144
0.0,0.003557086
0.0,0.91389835
1.0,0.99874043
0.0,0.03640479
1.0,0.8540499
0.0,0.0026432276
0.0,0.9219152
0.0,0.9217072
1.0,0.005877912
0.0,0.7435015
0.0,0.009412557
0.0,0.0015641749
0.0,0.32149523
0.0,0.042863727
1.0,0.98999417
0.0,0.34576875
1.0,0.9567212
0.0,0.010490745
0.0,0.026152283
0.0,0.013754427
0.0,0.72562283
0.0,0.035108864
0.0,0.55127716
0.0,0.21178395
0.0,0.10775417
1.0,0.92280936
0.0,0.03581521
1.0,0.5372141
1.0,0.6522191
0.0,0.0466803
0.0,0.016794413
1.0,0.85243607
0.0,0.009366721
1.0,0.7571176
1.0,0.73700655
0.0,0.006446719
1.0,0.53807783
0.0,0.0026431978
1.0,0.9870877
0.0,0.10963288
0.0,0.15010837
1.0,0.41001925
0.0,0.8452343
0.0,0.0026060045
0.0,0.80183434
1.0,0.7384389
1.0,0.986564
0.0,0.0017911196
0.0,0.06447524
1.0,0.5699482
0.0,0.7652228
1.0,0.07774928
0.0,0.092852175
1.0,0.05590388
0.0,0.6947254
0.0,0.033414185
0.0,0.7730485
0.0,0.008789986
0.0,0.12540573
1.0,0.023038685
0.0,0.3938724
1.0,0.8963444
0.0,0.019496888
1.0,0.44032326
0.0,0.005971968
0.0,0.0018188357
0.0,0.028736264
0.0,0.021485776
0.0,0.18816742
0.0,0.08307263
0.0,0.048320442
0.0,0.05035627
1.0,0.98337454
0.0,0.013875961
0.0,0.0525105
1.0,0.92236364
1.0,0.3188944
0.0,0.016031027
0.0,0.050283283
1.0,0.67782724
0.0,0.20523214
1.0,0.070592254
1.0,0.93869483
1.0,0.6863438
1.0,0.8272163
0.0,0.02380094
0.0,0.002652675
1.0,0.102153
0.0,0.28573507
1.0,0.9939071
1.0,0.76445353
1.0,0.9930364
0.0,0.14956674
0.0,0.005525738
0.0,0.16591346
0.0,0.024550885
1.0,0.22417691
1.0,0.947052
0.0,0.05347514
0.0,0.26598513
0.0,0.049064487
0.0,0.47639695
1.0,0.038282067
1.0,0.779075
1.0,0.97902626
0.0,0.9386673
1.0,0.47709766
1.0,0.65139925
1.0,0.1670179
1.0,0.9765556
0.0,0.20284227
0.0,0.92755353
0.0,0.7461095
0.0,0.005362034
1.0,0.9138601
1.0,0.9956963
1.0,0.9438509
1.0,0.93741274
0.0,0.032120645
0.0,0.0027676225
0.0,0.021074295
0.0,0.038124293
1.0,0.8885664
0.0,0.065868765
0.0,0.014130205
0.0,0.13028833
0.0,0.006548375
1.0,0.7484076
1.0,0.78783464
1.0,0.98328763
0.0,0.04367721
0.0,0.08251539
1.0,0.7684634
1.0,0.99727386
0.0,0.045333892
1.0,0.91920125
0.0,0.9187799
1.0,0.99651575
1.0,0.99835664
1.0,0.75189245
0.0,0.027044237
0.0,0.09583703
1.0,0.9966464
0.0,0.06438807
0.0,0.2865572
1.0,0.9959499
0.0,0.03767118
0.0,0.026907533
0.0,0.06753597
1.0,0.34452015
0.0,0.51934516
0.0,0.40712276
1.0,0.6180892
0.0,0.58522636
0.0,0.021606266
0.0,0.033461213
0.0,0.28102672
1.0,0.73695076
0.0,0.9203784
0.0,0.009717286
0.0,0.0021225214
1.0,0.114392936
0.0,0.030583799
0.0,0.0025134087
1.0,0.87788916
0.0,0.33749312
0.0,0.0048240125
1.0,0.99251676
1.0,0.9404316
0.0,0.001663655
1.0,0.28079146
1.0,0.21959719
0.0,0.6110849
0.0,0.6424629
1.0,0.6307893
1.0,0.82227653
0.0,0.008109897
1.0,0.2107178
1.0,0.13739505
1.0,0.14268935
0.0,0.18431523
1.0,0.09601873
0.0,0.01672411
1.0,0.8478851
0.0,0.0019430816
1.0,0.93700755
0.0,0.7459164
0.0,0.12853026
1.0,0.79754585
0.0,0.026075661
1.0,0.9726327
1.0,0.7837755
1.0,0.9798163
1.0,0.58269066
0.0,0.032665968
1.0,0.01737383
0.0,0.5277739
0.0,0.0038506389
0.0,0.013136625
0.0,0.025140941
1.0,0.98705614
0.0,0.008628726
0.0,0.4538424
0.0,0.6400564
0.0,0.65155244
1.0,0.91835195
0.0,0.45752704
0.0,0.007001817
0.0,0.029058129
0.0,0.8706933
1.0,0.6991079
0.0,0.0059502423
1.0,0.9636147
1.0,0.9909672
0.0,0.81719667
0.0,0.002399385
0.0,0.0038399398
1.0,0.9700781
0.0,0.025790274
1.0,0.033335418
1.0,0.7867538
1.0,0.98092777
0.0,0.8417071
0.0,0.32933015
0.0,0.005027652
0.0,0.71951777
0.0,0.011379331
0.0,0.0032021403
0.0,0.25247657
1.0,0.57347995
0.0,0.28433764
1.0,0.9068111
0.0,0.122116864
1.0,0.96315217
1.0,0.9748002
1.0,0.5255915
1.0,0.91392934
0.0,0.18509331
0.0,0.9776337
0.0,0.02147746
1.0,0.75951815
1.0,0.98546964
0.0,0.0064812005
1.0,0.18590352
1.0,0.97507185
1.0,0.8938841
1.0,0.12867403
0.0,0.68387884
0.0,0.024599195
1.0,0.95039785
0.0,0.01586017
0.0,0.08352816
1.0,0.9932358
0.0,0.008229852
0.0,0.6554029
0.0,0.17563424
0.0,0.0045415163
0.0,0.09086543
1.0,0.9957603
0.0,0.006534189
0.0,0.3318447
1.0,0.08082202
0.0,0.03613648
1.0,0.96879077
0.0,0.26598397
0.0,0.014852703
0.0,0.0039801598
0.0,0.175215
1.0,0.81661224
0.0,0.33244595
0.0,0.070427865
1.0,0.9189949
1.0,0.89894605
0.0,0.028323025
0.0,0.00779441
0.0,0.008691043
1.0,0.4717337
0.0,0.037990272
1.0,0.9502606
1.0,0.8928261
1.0,0.3964495
1.0,0.97946
1.0,0.9471061
0.0,0.9352516
1.0,0.91096056
1.0,0.9964056
0.0,0.003916383
0.0,0.004591882
0.0,0.01642856
1.0,0.8409195
0.0,0.009595573
0.0,0.008780748
0.0,0.0471313
1.0,0.9887161
0.0,0.026044458
1.0,0.97692645
0.0,0.17779014
0.0,0.6103729
0.0,0.041830122
0.0,0.026378095
0.0,0.013740838
1.0,0.68022275
1.0,0.9930426
0.0,0.022642761
0.0,0.04273343
1.0,0.35100186
0.0,0.0014189482
1.0,0.9939766
0.0,0.016172647
0.0,0.008533657
0.0,0.018764943
1.0,0.97953165
1.0,0.8625798
0.0,0.025554925
0.0,0.14463046
1.0,0.7480337
0.0,0.032521546
0.0,0.0045879185
1.0,0.9506726
1.0,0.99708736
1.0,0.9102248
0.0,0.018290311
1.0,0.9756751
1.0,0.96663713
0.0,0.20658973
0.0,0.015372992
0.0,0.0031977892
0.0,0.022270203
0.0,0.0015130341
0.0,0.020647466
1.0,0.5366536
1.0,0.82798374
0.0,0.0655767
0.0,0.010035038
0.0,0.031526923
0.0,0.059957415
1.0,0.97701794
0.0,0.97815686
0.0,0.027603537
0.0,0.7501694
0.0,0.9860296
1.0,0.050393075
0.0,0.0020409822
0.0,0.6422539
1.0,0.9841127
0.0,0.034850895
0.0,0.06839645
0.0,0.012618482
0.0,0.005446762
1.0,0.77925664
1.0,0.9199997
0.0,0.03065309
0.0,0.97653943
0.0,0.0026860237
0.0,0.98087364
0.0,0.9200281
0.0,0.440561
0.0,0.0022515059
0.0,0.1126335
1.0,0.005126655
0.0,0.021008551
1.0,0.23527959
0.0,0.7475685
0.0,0.0019962788
0.0,0.07205033
0.0,0.102556646
0.0,0.13782501
0.0,0.018978804
1.0,0.9924451
0.0,0.0020979345
0.0,0.66480875
0.0,0.028146237
1.0,0.7352052
1.0,0.97768605
0.0,0.017041773
0.0,0.4040627
0.0,0.0025196075
1.0,0.9990023
1.0,0.6860658
1.0,0.99192643
0.0,0.09155226
1.0,0.9949888
0.0,0.020401984
0.0,0.0021999776
0.0,0.014213204
1.0,0.014053762
0.0,0.0014423728
0.0,0.004125625
1.0,0.9986745
1.0,0.2977103
0.0,0.01632452
1.0,0.9991581
0.0,0.01905629
1.0,0.78710973
0.0,0.07680559
1.0,0.97995275
0.0,0.98488593
0.0,0.19051787
1.0,0.9470633
0.0,0.0067355037
0.0,0.084310114
0.0,0.013152689
0.0,0.0141405165
0.0,0.041416734
0.0,0.013101488
1.0,0.86157775
1.0,0.8543983
0.0,0.63317174
0.0,0.02388072
0.0,0.010107905
0.0,0.037181914
1.0,0.99659175
0.0,0.008505166
0.0,0.04989016
0.0,0.8430357
0.0,0.13321653
0.0,0.0013881922
1.0,0.9475093
1.0,0.93477845
0.0,0.0018984079
0.0,0.008395404
0.0,0.016915381
0.0,0.0032772124
1.0,0.7315537
0.0,0.77951616
0.0,0.02204752
0.0,0.0077409446
1.0,0.9536551
0.0,0.0061938465
0.0,0.20040384
1.0,0.9731252
0.0,0.013618827
0.0,0.17582208
1.0,0.7319644
1.0,0.7737757
1.0,0.9723273
0.0,0.0018237829
0.0,0.004018098
0.0,0.2331751
0.0,0.006980896
1.0,0.39263612
0.0,0.17023963
1.0,0.19957614
0.0,0.0025494397
0.0,0.004935831
0.0,0.07497057
1.0,0.9931083
0.0,0.84711516
0.0,0.061248332
0.0,0.63216347
1.0,0.73670113
0.0,0.015268296
0.0,0.521705
0.0,0.0016621947
1.0,0.06569961
0.0,0.006553203
0.0,0.0019457042
1.0,0.0987618
1.0,0.9928812
0.0,0.002035886
1.0,0.9976169
1.0,0.9969797
1.0,0.9435938
1.0,0.9122735
0.0,0.022447169
1.0,0.9269172
0.0,0.99881077
1.0,0.03666398
0.0,0.010050654
1.0,0.44134355
0.0,0.8793641
1.0,0.16675743
1.0,0.9964652
1.0,0.77111745
0.0,0.005500406
0.0,0.78695303
0.0,0.8753763
0.0,0.009664148
0.0,0.020105988
0.0,0.17234728
1.0,0.9977081
1.0,0.9935378
1.0,0.1693627
0.0,0.0036583245
0.0,0.008584559
0.0,0.03223738
0.0,0.84346616
1.0,0.031101048
0.0,0.042220563
0.0,0.013027996
0.0,0.020798326
0.0,0.25286353
1.0,0.9069468
0.0,0.7914314
0.0,0.84654254
0.0,0.27355093
1.0,0.35203046
0.0,0.016371965
0.0,0.5424177
1.0,0.2393384
0.0,0.10599527
1.0,0.1133343
0.0,0.0134780705
0.0,0.27916372
0.0,0.0035760999
0.0,0.01937583
0.0,0.0017262399
1.0,0.94698244
0.0,0.07040292
0.0,0.037259668
1.0,0.99391294
1.0,0.98143715
0.0,0.20977467
1.0,0.013864607
0.0,0.11607444
0.0,0.03989923
1.0,0.9801214
0.0,0.0015488565
0.0,0.12224132
0.0,0.019130528
0.0,0.0036002994
1.0,0.99536616
1.0,0.9754188
1.0,0.82669747
1.0,0.9918864
0.0,0.011025041
0.0,0.017381907
0.0,0.0331752
1.0,0.9869986
0.0,0.011036992
0.0,0.019403368
1.0,0.9854081
1.0,0.5575364
1.0,0.9275078
0.0,0.0037015378
0.0,0.24373329
0.0,0.65097916
1.0,0.9942678
1.0,0.9787835
1.0,0.95899487
0.0,0.17816606
0.0,0.0012601614
0.0,0.0014574528
1.0,0.8590369
1.0,0.15170887
0.0,0.23858702
1.0,0.9789579
1.0,0.568897
1.0,0.9795329
1.0,0.5395295
0.0,0.21896884
0.0,0.03498462
1.0,0.38752317
1.0,0.7952894
0.0,0.029199809
0.0,0.01773715
0.0,0.0055746436
0.0,0.011352897
0.0,0.019652694
0.0,0.70483947
0.0,0.009921312
0.0,0.03475523
1.0,0.8962675
1.0,0.83971494
0.0,0.8863874
1.0,0.99022955
0.0,0.005546659
1.0,0.959429
0.0,0.27609292
1.0,0.99299586
0.0,0.002723813
0.0,0.0039135814
0.0,0.0039050877
0.0,0.5620905
1.0,0.096769094
1.0,0.99553585
0.0,0.027742654
0.0,0.05833757
1.0,0.21944603
0.0,0.01893887
1.0,0.990034
1.0,0.7665582
0.0,0.007818997
0.0,0.018997818
0.0,0.27175832
0.0,0.99869406
0.0,0.89600587
0.0,0.00517419
0.0,0.33333817
0.0,0.019440204
1.0,0.9855031
1.0,0.98545635
1.0,0.8545009
1.0,0.8879978
0.0,0.008220702
0.0,0.7996768
1.0,0.9545112
0.0,0.37975416
0.0,0.010868788
0.0,0.01947689
1.0,0.277093
1.0,0.27205384
0.0,0.004633814
1.0,0.9731842
1.0,0.9946631
0.0,0.0015732944
0.0,0.012357086
1.0,0.97676206
0.0,0.014921784
0.0,0.96001047
0.0,0.0011144578
0.0,0.021287978
1.0,0.065416306
0.0,0.01433593
0.0,0.0051596463
0.0,0.28008103
1.0,0.16268584
0.0,0.00306952
0.0,0.045138985
1.0,0.717971
0.0,0.007128358
0.0,0.1732575
0.0,0.97738135
1.0,0.995412
1.0,0.6239612
1.0,0.09449586
0.0,0.04136935
0.0,0.24326366
1.0,0.23933494
0.0,0.004642904
0.0,0.0022580028
0.0,0.047153562
0.0,0.01751116
1.0,0.438814
0.0,0.17969257
0.0,0.92189956
1.0,0.80937827
0.0,0.022101969
0.0,0.024587214
0.0,0.85015035
0.0,0.11005005
1.0,0.86240405
1.0,0.9930644
0.0,0.34279433
1.0,0.82492685
0.0,0.01073572
0.0,0.015173227
0.0,0.0023275018
1.0,0.45173898
0.0,0.0033714473
0.0,0.02417469
1.0,0.97079027
1.0,0.77257764
1.0,0.93163526
0.0,0.7223396
1.0,0.9600038
1.0,0.9234836
0.0,0.0015674531
0.0,0.9386647
0.0,0.7933075
1.0,0.3181026
0.0,0.01714325
0.0,0.23027456
0.0,0.011683822
0.0,0.018845975
0.0,0.013053
0.0,0.059670568
0.0,0.27640575
0.0,0.8298962
0.0,0.24441954
1.0,0.548485
1.0,0.74309516
1.0,0.78782487
0.0,0.007933259
1.0,0.9991673
0.0,0.2427653
0.0,0.024646431
1.0,0.9831495
0.0,0.20683819
0.0,0.008518696
0.0,0.21243301
0.0,0.012708843
0.0,0.12526292
0.0,0.8944234
0.0,0.019762218
1.0,0.9478069
0.0,0.0017176569
0.0,0.00784871
0.0,0.004626274
1.0,0.9626781
1.0,0.9600844
0.0,0.85768247
1.0,0.84071636
0.0,0.020664752
1.0,0.11100915
0.0,0.008653492
0.0,0.009180844
1.0,0.023640543
0.0,0.0017118454
0.0,0.009399474
1.0,0.45221815
0.0,0.027815938
1.0,0.011781961
0.0,0.2835225
0.0,0.0077964067
1.0,0.9407808
0.0,0.006975472
0.0,0.4858721
0.0,0.8165308
0.0,0.007722914
0.0,0.0007879436
1.0,0.8826838
0.0,0.0026363432
0.0,0.055860758
0.0,0.015775323
1.0,0.6230016
0.0,0.9572176
0.0,0.029206604
1.0,0.90355897
0.0,0.007077545
0.0,0.0033334792
0.0,0.037439317
0.0,0.089544
1.0,0.30568582
0.0,0.014005721
0.0,0.0019235909
0.0,0.007638037
0.0,0.002281487
0.0,0.70042616
1.0,0.9891372
1.0,0.7935428
0.0,0.011229068
1.0,0.9675114
0.0,0.015961438
0.0,0.007814884
0.0,0.02147469
0.0,0.091153115
1.0,0.98727286
0.0,0.014557391
0.0,0.00899601
0.0,0.07954246
0.0,0.09155676
0.0,0.14820942
0.0,0.00800541
0.0,0.00172773
0.0,0.0038012266
0.0,0.0025286973
0.0,0.9858379
1.0,0.31663084
0.0,0.024968177
0.0,0.016432136
0.0,0.007679701
1.0,0.9987296
0.0,0.056750298
1.0,0.9081985
0.0,0.07630044
0.0,0.033180684
0.0,0.114860415
1.0,0.9894204
1.0,0.9986949
1.0,0.9452356
1.0,0.60460716
0.0,0.3004791
0.0,0.0046387315
1.0,0.9945303
1.0,0.95733434
0.0,0.009931207
0.0,0.037960917
0.0,0.8539421
1.0,0.9911908
0.0,0.013788313
0.0,0.002254337
0.0,0.02862513
0.0,0.017507821
1.0,0.5131587
1.0,0.9810554
0.0,0.0013694167
1.0,0.5033439
0.0,0.020323068
0.0,0.02787295
0.0,0.004124254
0.0,0.013984382
0.0,0.007864982
1.0,0.94777215
0.0,0.0018835962
0.0,0.02989909
0.0,0.87026983
0.0,0.06742555
0.0,0.8382388
1.0,0.99693966
0.0,0.018000364
0.0,0.010726482
1.0,0.91904336
0.0,0.31095302
0.0,0.0054824054
1.0,0.97025514
1.0,0.8079684
0.0,0.074252665
1.0,0.88814545
0.0,0.17308408
1.0,0.6708602
1.0,0.9996265
0.0,0.10007298
1.0,0.96961254
0.0,0.02297473
0.0,0.03259036
0.0,0.33084506
0.0,0.6591739
0.0,0.01814574
0.0,0.0058074594
0.0,0.5190874
1.0,0.9772713
0.0,0.07445064
0.0,0.029958248
0.0,0.39465928
0.0,0.23808047
1.0,0.954535
0.0,0.0107828975
0.0,0.6421933
0.0,0.012961835
0.0,0.0054553747
0.0,0.0053761303
0.0,0.9766383
1.0,0.071555555
0.0,0.1060614
1.0,0.854975
0.0,0.0032604635
1.0,0.09576839
0.0,0.03764072
0.0,0.08372936
0.0,0.018855155
0.0,0.74706763
0.0,0.33665285
0.0,0.0346148
0.0,0.14927849
0.0,0.00689438
0.0,0.2696946
0.0,0.9466864
1.0,0.98720473
0.0,0.3922729
0.0,0.009803951
1.0,0.997278
0.0,0.004235983
0.0,0.0043300986
0.0,0.0021026433
1.0,0.7998185
1.0,0.54579747
1.0,0.5594599
1.0,0.98961085
0.0,0.12976715
1.0,0.93231684
0.0,0.13214856
1.0,0.53820974
0.0,0.1213516
0.0,0.98423636
0.0,0.1081315
0.0,0.0046178997
0.0,0.025407553
1.0,0.9797551
1.0,0.4565233
0.0,0.99711215
1.0,0.66297746
0.0,0.0068385005
1.0,0.9721788
0.0,0.009391606
0.0,0.01079309
0.0,0.9664128
0.0,0.42176816
0.0,0.025451005
0.0,0.0024487972
1.0,0.9989988
0.0,0.0014470816
1.0,0.99850386
1.0,0.9271192
1.0,0.9830291
0.0,0.003520012
0.0,0.9944234
0.0,0.0058740973
0.0,0.22858778
0.0,0.19698194
1.0,0.15538454
0.0,0.22043577
0.0,0.08390579
0.0,0.09988549
0.0,0.01218006
0.0,0.0025165677
0.0,0.09026709
0.0,0.83395493
0.0,0.010834515
0.0,0.9435036
1.0,0.99371064
0.0,0.5884241
0.0,0.013666987
0.0,0.005036354
0.0,0.003681928
1.0,0.9211308
0.0,0.5647391
1.0,0.98838603
0.0,0.57522863
1.0,0.99943304
1.0,0.9816053
0.0,0.005205035
0.0,0.05070573
0.0,0.017214626
0.0,0.337268
0.0,0.042782307
0.0,0.7312372
1.0,0.9871868
0.0,0.0104494095
1.0,0.67509234
0.0,0.5222843
0.0,0.0066515207
0.0,0.014101088
1.0,0.9836161
0.0,0.0053173304
1.0,0.997984
0.0,0.0067080557
0.0,0.027566522
0.0,0.78982276
0.0,0.6061516
0.0,0.07102257
0.0,0.015683979
1.0,0.6757047
1.0,0.90099835
0.0,0.08653605
0.0,0.0292418
0.0,0.015720248
1.0,0.97973275
0.0,0.025322288
1.0,0.17418846
0.0,0.049854666
1.0,0.8962736
1.0,0.93742055
0.0,0.020686299
0.0,0.03084156
0.0,0.0076645613
1.0,0.93775356
0.0,0.30113775
0.0,0.91855824
1.0,0.9842012
1.0,0.25540644
0.0,0.7768699
0.0,0.019164443
1.0,0.99036694
0.0,0.011927873
0.0,0.009160191
0.0,0.005295038
1.0,0.64451754
0.0,0.06656352
0.0,0.032960534
1.0,0.94776225
1.0,0.8450199
0.0,0.36838073
0.0,0.007879227
0.0,0.010942847
1.0,0.9684626
1.0,0.99333966
1.0,0.68617654
0.0,0.07002598
0.0,0.0034623146
0.0,0.007418871
0.0,0.0016347766
1.0,0.8974745
0.0,0.0016329885
0.0,0.7438748
0.0,0.14084026
0.0,0.46988887
0.0,0.33008847
0.0,0.010192722
0.0,0.19371608
0.0,0.022150934
0.0,0.0070756376
1.0,0.2526406
1.0,0.910185
0.0,0.71328235
0.0,0.107081324
1.0,0.038107783
0.0,0.0031140149
1.0,0.93978083
0.0,0.01833257
0.0,0.017274946
1.0,0.97093964
1.0,0.99545336
0.0,0.24389085
0.0,0.037406147
1.0,0.37400478
0.0,0.14284605
0.0,0.25654805
0.0,0.9979849
0.0,0.022249818
1.0,0.9276985
1.0,0.33411688
0.0,0.22946647
0.0,0.0023587048
0.0,0.031959027
1.0,0.91302127
0.0,0.0055078566
1.0,0.3154285
0.0,0.029447883
1.0,0.8476242
1.0,0.66177213
0.0,0.7059155
1.0,0.32455912
0.0,0.6767956
0.0,0.0042266846
1.0,0.9930943
1.0,0.10171616
0.0,0.020018816
0.0,0.28099638
0.0,0.7057583
0.0,0.9477204
1.0,0.98114043
0.0,0.06706965
0.0,0.27702385
0.0,0.0035189986
1.0,0.979722
0.0,0.027827293
0.0,0.8596642
1.0,0.97007763
0.0,0.0016259849
0.0,0.9042848
0.0,0.035479784
1.0,0.31860125
0.0,0.18585914
1.0,0.98293245
0.0,0.012692779
1.0,0.022609532
1.0,0.55445385
1.0,0.9878883
1.0,0.8975431
0.0,0.0047395527
1.0,0.35716075
0.0,0.019710928
1.0,0.9969284
1.0,0.82965803
0.0,0.25085533
1.0,0.89254785
0.0,0.0022176206
1.0,0.6274152
1.0,0.32327685
0.0,0.017961353
0.0,0.98753667
1.0,0.99916315
1.0,0.13067433
0.0,0.1724928
0.0,0.35981774
0.0,0.0014362633
0.0,0.010350496
0.0,0.50744385
1.0,0.93782413
1.0,0.974328
1.0,0.5099599
1.0,0.7821971
1.0,0.9992075
1.0,0.99436855
0.0,0.7354624
1.0,0.95887864
0.0,0.0054059327
0.0,0.024694175
0.0,0.1154387
1.0,0.018594325
1.0,0.75694907
0.0,0.023380816
0.0,0.0171732
0.0,0.9202771
1.0,0.7057636
1.0,0.06283337
1.0,0.9354473
0.0,0.0038312972
0.0,0.98672086
0.0,0.054260314
0.0,0.12350315
0.0,0.02704823
0.0,0.013489127
1.0,0.994344
1.0,0.9501435
0.0,0.053846717
0.0,0.021972328
0.0,0.87010896
0.0,0.7062608
0.0,0.70994616
0.0,0.25624532
0.0,0.8819194
1.0,0.7926079
0.0,0.11566889
1.0,0.92340404
0.0,0.0037920475
0.0,0.856676
0.0,0.05461371
0.0,0.7040477
1.0,0.9886383
1.0,0.7830851
1.0,0.8127005
1.0,0.77050066
0.0,0.0018019378
0.0,0.37830764
1.0,0.6448961
1.0,0.9297911
0.0,0.2856514
0.0,0.0071768165
0.0,0.031217426
1.0,0.8583732
0.0,0.008711904
1.0,0.029931247
0.0,0.0201177
0.0,0.060996115
0.0,0.018369257
0.0,0.01628673
0.0,0.09568736
0.0,0.01657316
0.0,0.123853475
1.0,0.99309766
0.0,0.002802819
0.0,0.58336186
0.0,0.007892728
1.0,0.3097306
0.0,0.040367275
1.0,0.9974518
0.0,0.011044294
0.0,0.010464221
0.0,0.006614417
0.0,0.07397279
0.0,0.0107785165
0.0,0.0126338005
1.0,0.97856486
0.0,0.06561667
1.0,0.8701154
1.0,0.98744583
0.0,0.015648872
0.0,0.019696504
1.0,0.9711678
1.0,0.99848676
0.0,0.35144055
0.0,0.5065471
0.0,0.06975007
0.0,0.057005227
0.0,0.008828402
1.0,0.2830624
0.0,0.020014375
1.0,0.6945909
1.0,0.55204517
0.0,0.9778755
0.0,0.05181256
0.0,0.009175867
0.0,0.008094132
0.0,0.90130854
0.0,0.007932097
0.0,0.0066298544
0.0,0.8467462
1.0,0.77942884
1.0,0.86799675
0.0,0.027463704
0.0,0.018307626
0.0,0.105843216
1.0,0.9605214
0.0,0.0022744834
0.0,0.014644653
1.0,0.6443073
1.0,0.9912625
0.0,0.25867411
0.0,0.031892866
0.0,0.014932603
1.0,0.98583984
0.0,0.015518218
1.0,0.9873659
1.0,0.77461743
0.0,0.006338656
0.0,0.035014868
0.0,0.0215891
1.0,0.6650324
0.0,0.03918785
1.0,0.78154427
0.0,0.004582584
1.0,0.7281582
0.0,0.03149584
0.0,0.022748917
0.0,0.0055253804
1.0,0.9980296
0.0,0.84002674
1.0,0.99726
1.0,0.97591305
0.0,0.005767733
1.0,0.28544402
0.0,0.037484407
1.0,0.28893283
0.0,0.0051084757
1.0,0.9624728
0.0,0.002020359
1.0,0.83748233
1.0,0.99059653
1.0,0.99588794
0.0,0.009252429
1.0,0.98051125
1.0,0.39916468
0.0,0.014045805
1.0,0.9774689
1.0,0.46755448
1.0,0.04862889
0.0,0.09326737
0.0,0.012174499
0.0,0.9891132
0.0,0.05016709
