0.0,0.21503404
0.0,0.8336068
1.0,0.27650994
0.0,0.064827055
1.0,0.5125873
0.0,0.021938294
1.0,0.95576334
1.0,0.7492409
1.0,0.6627303
0.0,0.0030339956
0.0,0.20766023
1.0,0.9300386
0.0,0.005418062
0.0,0.081511855
0.0,0.02973327
0.0,0.002252698
1.0,0.14100906
0.0,0.023025125
0.0,0.009059399
1.0,0.66932046
1.0,0.6998819
0.0,0.003024727
1.0,0.9437403
0.0,0.013749421
0.0,0.0056448877
1.0,0.71689457
0.0,0.045203954
1.0,0.8809294
0.0,0.01326254
1.0,0.8946166
0.0,0.009970367
0.0,0.25118995
1.0,0.93954515
1.0,0.98466146
1.0,0.9073449
1.0,0.9732483
1.0,0.43260893
0.0,0.017226994
1.0,0.94033635
1.0,0.020461679
1.0,0.94425
1.0,0.9779524
0.0,0.00879398
1.0,0.9638574
1.0,0.8845725
0.0,0.032802522
0.0,0.0015865564
0.0,0.08241528
0.0,0.017755061
1.0,0.99079376
0.0,0.2764266
1.0,0.7938081
1.0,0.9740274
1.0,0.6862592
0.0,0.013990194
0.0,0.004193485
0.0,0.046838313
1.0,0.042680502
1.0,0.7158593
1.0,0.13893428
1.0,0.98425347
0.0,0.41010082
1.0,0.9812803
1.0,0.8732332
1.0,0.9797023
0.0,0.15882215
0.0,0.046679705
1.0,0.96900654
0.0,0.008096427
1.0,0.9186585
0.0,0.36401203
1.0,0.9353999
0.0,0.0011841953
0.0,0.06451577
1.0,0.48763782
0.0,0.062725484
0.0,0.0066586137
0.0,0.28777924
0.0,0.006657034
1.0,0.94081783
0.0,0.016611308
1.0,0.9772563
1.0,0.9665462
1.0,0.9966317
1.0,0.9734758
1.0,0.8194268
1.0,0.9779334
0.0,0.18236849
0.0,0.023171395
1.0,0.7131208
0.0,0.0038078427
1.0,0.15782264
0.0,0.009169847
0.0,0.7248585
0.0,0.4696917
1.0,0.9618387
0.0,0.023334265
0.0,0.03270638
1.0,0.5376736
1.0,0.98067605
0.0,0.008461386
0.0,0.04115364
1.0,0.018804103
0.0,0.1334255
0.0,0.13194531
1.0,0.85562813
1.0,0.020531595
0.0,0.019716054
1.0,0.0068145096
1.0,0.98432493
1.0,0.93918097
0.0,0.05094284
1.0,0.02732572
0.0,0.032309324
0.0,0.023626506
1.0,0.45770428
0.0,0.037059903
1.0,0.38402843
1.0,0.54176444
1.0,0.9710139
0.0,0.23359603
1.0,0.9847652
0.0,0.94404984
0.0,0.021703154
0.0,0.2954007
1.0,0.5094792
0.0,0.0062693357
0.0,0.10358426
1.0,0.949013
1.0,0.782114
1.0,0.9796039
0.0,0.029030979
0.0,0.011716962
1.0,0.26400152
1.0,0.9766467
0.0,0.8063389
0.0,0.015687078
0.0,0.012389988
0.0,0.04531172
0.0,0.020976424
1.0,0.70724803
0.0,0.1131815
1.0,0.06773442
0.0,0.0064464808
0.0,0.0068740845
0.0,0.0010514259
1.0,0.17998898
0.0,0.007217765
0.0,0.010930747
0.0,0.031333268
0.0,0.07797006
0.0,0.0038594306
0.0,0.006236255
0.0,0.91069657
0.0,0.18557182
1.0,0.95994544
0.0,0.0018805265
0.0,0.0037784576
1.0,0.99126697
0.0,0.011914939
0.0,0.15206406
0.0,0.028678685
0.0,0.016373694
0.0,0.1018596
1.0,0.99465966
0.0,0.10138449
1.0,0.9422682
0.0,0.04502061
0.0,0.0038970113
1.0,0.7345818
0.0,0.9537975
0.0,0.9597095
0.0,0.9435248
0.0,0.0008431673
1.0,0.74646646
1.0,0.88825274
0.0,0.042076766
1.0,0.72437125
0.0,0.3960129
1.0,0.9491967
1.0,0.80096775
1.0,0.9604573
1.0,0.9757916
1.0,0.972476
0.0,0.851704
0.0,0.0013592839
0.0,0.006631255
0.0,0.98019105
0.0,0.08474684
0.0,0.031603336
1.0,0.19211748
0.0,0.00095915794
0.0,0.8441432
1.0,0.9670241
1.0,0.71828556
1.0,0.99302316
0.0,0.0038186908
0.0,0.030984312
0.0,0.0028713644
1.0,0.06290814
0.0,0.25441083
0.0,0.12021041
0.0,0.6600881
0.0,0.40567702
0.0,0.12886548
1.0,0.052725345
0.0,0.028785855
1.0,0.20120016
0.0,0.0011340976
0.0,0.031127244
0.0,0.004535675
1.0,0.94866526
0.0,0.03599614
0.0,0.06788933
0.0,0.031122029
0.0,0.0050991774
0.0,0.9186497
0.0,0.19273329
1.0,0.9860245
0.0,0.007954925
0.0,0.00688383
1.0,0.41491103
1.0,0.98535013
0.0,0.34431976
0.0,0.011974633
0.0,0.0014155805
0.0,0.07419029
0.0,0.014754534
0.0,0.123242676
1.0,0.9661224
0.0,0.0632914
1.0,0.3216074
0.0,0.0047459006
1.0,0.18290973
1.0,0.50499755
0.0,0.02805537
0.0,0.05257243
0.0,0.018413395
1.0,0.89273345
1.0,0.76619506
1.0,0.9770366
1.0,0.7606143
0.0,0.014793813
0.0,0.86169004
1.0,0.97988784
0.0,0.45673677
0.0,0.0030265152
0.0,0.010700554
0.0,0.057826042
0.0,0.0708189
0.0,0.013082236
0.0,0.07001391
1.0,0.4392657
0.0,0.021318704
0.0,0.056711763
0.0,0.030558884
1.0,0.9125904
1.0,0.9686819
0.0,0.017654061
0.0,0.26186773
0.0,0.029747844
1.0,0.9868434
0.0,0.023841053
0.0,0.0015780032
0.0,0.019049942
0.0,0.01655677
1.0,0.9854051
1.0,0.9064568
1.0,0.9767657
0.0,0.017825723
1.0,0.92878723
0.0,0.022402734
0.0,0.034506798
0.0,0.40726256
1.0,0.95843816
1.0,0.4460646
0.0,0.0028282702
0.0,0.022469878
1.0,0.85468864
1.0,0.3103921
0.0,0.013977557
1.0,0.079587996
1.0,0.9751197
0.0,0.6908204
0.0,0.16048253
0.0,0.054845124
0.0,0.017665982
0.0,0.41008914
0.0,0.02180034
1.0,0.98454857
0.0,0.0145608485
0.0,0.019738078
1.0,0.99426305
0.0,0.0068068504
1.0,0.9518496
1.0,0.021169782
1.0,0.9022651
1.0,0.8756057
1.0,0.9627326
0.0,0.040789843
1.0,0.9217634
0.0,0.8338833
1.0,0.992967
0.0,0.48984414
0.0,0.27661413
0.0,0.018061638
0.0,0.029498875
0.0,0.2852348
1.0,0.9817312
0.0,0.9499277
1.0,0.8208041
0.0,0.8911193
1.0,0.77793574
1.0,0.9821413
0.0,0.015359402
0.0,0.00528723
0.0,0.018668443
1.0,0.9299804
1.0,0.10958624
0.0,0.0015925169
0.0,0.0011552572
0.0,0.0047486722
0.0,0.024792999
1.0,0.9231553
1.0,0.7595138
0.0,0.02480781
0.0,0.052279115
1.0,0.75384855
1.0,0.98272157
1.0,0.3126396
0.0,0.040498078
0.0,0.8364253
0.0,0.0029406548
0.0,0.68979216
1.0,0.98358095
1.0,0.85241467
0.0,0.035880804
0.0,0.028347045
0.0,0.006606847
0.0,0.5206607
0.0,0.0035211742
0.0,0.29066476
1.0,0.6398556
0.0,0.15541416
0.0,0.02561161
0.0,0.042734623
0.0,0.46611267
0.0,0.86393213
0.0,0.025500596
0.0,0.0029659271
1.0,0.45800278
0.0,0.029375046
1.0,0.7503604
0.0,0.0015489161
0.0,0.18540767
0.0,0.17404956
0.0,0.0014040172
0.0,0.9722966
1.0,0.6979646
1.0,0.9041337
0.0,0.7180084
1.0,0.8727785
0.0,0.0066717863
0.0,0.41757146
0.0,0.41539124
0.0,0.3947759
0.0,0.011182606
0.0,0.0010995865
1.0,0.26170212
0.0,0.0111631155
1.0,0.9791417
0.0,0.061484247
1.0,0.48600286
0.0,0.13099623
1.0,0.041042328
1.0,0.9546014
1.0,0.9525522
0.0,0.002490133
0.0,0.024189383
1.0,0.94878805
0.0,0.023269534
0.0,0.020810217
1.0,0.012846142
1.0,0.978453
0.0,0.2658397
1.0,0.9692987
1.0,0.9814831
0.0,0.71787184
0.0,0.018515587
0.0,0.27229685
0.0,0.020591617
0.0,0.016133338
0.0,0.05343166
1.0,0.9747305
0.0,0.09607348
1.0,0.8771904
1.0,0.22700632
0.0,0.009521663
0.0,0.069021046
0.0,0.86251473
1.0,0.9793105
1.0,0.96122664
1.0,0.41724253
0.0,0.14187369
1.0,0.9651927
1.0,0.9007869
0.0,0.0014814138
0.0,0.23699683
0.0,0.91188395
0.0,0.85705054
1.0,0.95847154
0.0,0.025997669
1.0,0.34225637
0.0,0.8024261
0.0,0.057192802
0.0,0.028133035
0.0,0.0062627494
0.0,0.011179268
0.0,0.01834628
0.0,0.027937412
0.0,0.010977209
0.0,0.017095268
0.0,0.48451054
0.0,0.14786261
0.0,0.009944499
0.0,0.32352185
0.0,0.015129805
1.0,0.7412405
0.0,0.18266565
1.0,0.9673464
0.0,0.0113351345
0.0,0.0111216605
0.0,0.003912568
0.0,0.90466416
0.0,0.62275904
0.0,0.08795738
0.0,0.04953459
0.0,0.00085669756
0.0,0.015355974
0.0,0.019099295
0.0,0.6004411
1.0,0.94352245
0.0,0.01602903
0.0,0.008467644
0.0,0.4780166
0.0,0.041594088
1.0,0.6544116
0.0,0.8234664
1.0,0.2846604
0.0,0.0032958984
0.0,0.16003832
1.0,0.9615305
0.0,0.9025934
1.0,0.8112123
1.0,0.938951
1.0,0.9331274
1.0,0.9607378
0.0,0.00290367
1.0,0.7328924
0.0,0.005366683
0.0,0.016621083
0.0,0.0593642
1.0,0.993352
0.0,0.0035066903
0.0,0.023256868
1.0,0.49950793
1.0,0.9962732
0.0,0.09231946
0.0,0.0019095838
1.0,0.73287797
0.0,0.049265087
1.0,0.73197687
0.0,0.50419486
0.0,0.23989388
1.0,0.88007927
0.0,0.814788
0.0,0.0025177598
1.0,0.058725685
0.0,0.015006065
1.0,0.988714
0.0,0.002753526
1.0,0.49787742
1.0,0.68551415
1.0,0.75060683
1.0,0.97359574
0.0,0.11678293
0.0,0.02990383
1.0,0.838583
0.0,0.014647901
0.0,0.31793514
1.0,0.70184696
1.0,0.8874902
1.0,0.95719314
0.0,0.0043370724
1.0,0.9514012
1.0,0.8920866
0.0,0.10187051
1.0,0.9677149
0.0,0.37043998
1.0,0.86233974
1.0,0.91924727
0.0,0.8073833
0.0,0.48098442
1.0,0.24538964
0.0,0.35942632
1.0,0.96871114
0.0,0.9426556
0.0,0.02700013
0.0,0.88274586
1.0,0.9892415
0.0,0.0018362999
0.0,0.0021847785
0.0,0.7884444
1.0,0.32866067
0.0,0.01905337
0.0,0.0023308992
0.0,0.06886682
0.0,0.7710577
1.0,0.56580144
1.0,0.9011367
0.0,0.08391628
0.0,0.7093733
0.0,0.05920437
0.0,0.04643336
0.0,0.018696249
1.0,0.9525865
0.0,0.022787333
1.0,0.9594966
0.0,0.75115293
0.0,0.17585623
1.0,0.7954793
0.0,0.009163171
0.0,0.048749894
0.0,0.020988405
0.0,0.0034367442
0.0,0.094016254
0.0,0.0009089112
0.0,0.019564152
0.0,0.028097212
1.0,0.89994955
1.0,0.9810584
0.0,0.0015250742
0.0,0.02284187
1.0,0.9715272
0.0,0.007610917
1.0,0.9136881
0.0,0.20593908
0.0,0.00076568127
1.0,0.8942109
0.0,0.1179629
1.0,0.6795931
0.0,0.22834882
1.0,0.26102304
0.0,0.0191575
0.0,0.03201157
0.0,0.645821
1.0,0.97877467
0.0,0.0012144446
0.0,0.029718041
0.0,0.009557515
0.0,0.9551338
1.0,0.43769562
0.0,0.0105832815
0.0,0.0051545203
1.0,0.9700086
1.0,0.023424536
0.0,0.11420709
1.0,0.82241523
0.0,0.037244678
0.0,0.122009635
1.0,0.9505386
1.0,0.9932641
0.0,0.5684766
1.0,0.9634303
1.0,0.9706713
0.0,0.018122107
0.0,0.026695281
0.0,0.0440374
1.0,0.066557944
0.0,0.0009910166
0.0,0.02365613
0.0,0.004116446
1.0,0.99372876
1.0,0.4547881
0.0,0.004717827
1.0,0.50687075
1.0,0.041365802
0.0,0.44143435
1.0,0.9416822
0.0,0.038481385
1.0,0.9347275
0.0,0.056705236
1.0,0.9341779
0.0,0.01499939
0.0,0.012789041
1.0,0.8167971
0.0,0.004110843
1.0,0.90703595
0.0,0.02532652
0.0,0.010826081
0.0,0.0089381635
1.0,0.72507745
0.0,0.2785259
1.0,0.6267629
0.0,0.0031814277
1.0,0.50457317
1.0,0.3675683
0.0,0.0017135739
1.0,0.9864799
1.0,0.96795475
1.0,0.11656606
1.0,0.8760741
0.0,0.014552861
0.0,0.009939998
0.0,0.8180886
1.0,0.9396765
1.0,0.65248734
0.0,0.009326041
0.0,0.036468983
0.0,0.12254429
1.0,0.89111745
0.0,0.31613138
1.0,0.0045999885
1.0,0.955968
0.0,0.015271217
0.0,0.026694953
1.0,0.9824518
0.0,0.8179783
1.0,0.97916687
0.0,0.7310036
0.0,0.026854903
0.0,0.009779334
1.0,0.047795266
0.0,0.020511359
1.0,0.9715381
0.0,0.0112991035
1.0,0.49004632
0.0,0.68356097
0.0,0.062477857
1.0,0.0288755
1.0,0.34723967
1.0,0.74850583
1.0,0.9472635
0.0,0.039781272
0.0,0.017171025
0.0,0.3137941
0.0,0.001190126
1.0,0.9393059
1.0,0.87014747
0.0,0.0016832352
0.0,0.011763215
0.0,0.0014894009
1.0,0.80712813
0.0,0.015506953
0.0,0.029064327
0.0,0.0489524
0.0,0.13271484
0.0,0.018072754
0.0,0.22907773
1.0,0.87798446
0.0,0.96522284
1.0,0.37012696
0.0,0.03287083
0.0,0.26626912
1.0,0.7012985
1.0,0.8933767
1.0,0.9510294
0.0,0.020210743
0.0,0.31613338
1.0,0.14044943
0.0,0.0029504895
0.0,0.02209568
0.0,0.17826837
1.0,0.8924507
0.0,0.03274107
0.0,0.04371518
1.0,0.9734516
0.0,0.10674167
1.0,0.99504983
1.0,0.9225012
1.0,0.9806571
0.0,0.011842698
1.0,0.9613633
1.0,0.73839784
0.0,0.033163935
1.0,0.25390798
0.0,0.019800395
0.0,0.15521213
0.0,0.11970693
0.0,0.001590848
1.0,0.94268453
1.0,0.35897166
1.0,0.9942314
1.0,0.97019196
1.0,0.985819
0.0,0.5099688
0.0,0.9815904
1.0,0.9830191
0.0,0.016520739
1.0,0.7286545
1.0,0.98230267
0.0,0.031980306
1.0,0.068656
1.0,0.51622206
0.0,0.015177906
0.0,0.016560853
0.0,0.0065146387
0.0,0.025840342
1.0,0.5741118
1.0,0.9753777
0.0,0.0029605627
0.0,0.01882127
1.0,0.046109796
1.0,0.83884335
1.0,0.043028086
0.0,0.030617058
1.0,0.763114
1.0,0.11676991
0.0,0.021402746
0.0,0.299346
1.0,0.9042268
1.0,0.9845878
0.0,0.43802226
1.0,0.8256423
0.0,0.07077581
0.0,0.8531039
1.0,0.9812318
0.0,0.6462539
1.0,0.9621725
0.0,0.84800774
0.0,0.305808
0.0,0.084501445
1.0,0.9509323
1.0,0.5184558
0.0,0.007946074
0.0,0.0066494048
1.0,0.8178628
0.0,0.017562687
1.0,0.9767468
1.0,0.8978343
1.0,0.81458795
0.0,0.040520906
0.0,0.8232312
0.0,0.8228091
0.0,0.0076402426
0.0,0.0006826818
1.0,0.9948272
0.0,0.26366407
0.0,0.0126113
1.0,0.97395474
0.0,0.016609043
1.0,0.043486744
1.0,0.8652159
0.0,0.009994566
0.0,0.3984327
0.0,0.7569366
0.0,0.0059016943
0.0,0.00094658136
0.0,0.008518577
0.0,0.011289626
0.0,0.9135467
1.0,0.580686
1.0,0.96077347
0.0,0.7024904
0.0,0.48482385
0.0,0.0075125396
0.0,0.025999695
0.0,0.010026455
1.0,0.013890773
0.0,0.016585916
0.0,0.0015714169
1.0,0.9929166
1.0,0.7944175
0.0,0.010576665
0.0,0.9688461
0.0,0.0012337863
0.0,0.018959671
0.0,0.0015977323
0.0,0.03606972
1.0,0.92224467
1.0,0.7732303
1.0,0.91694736
0.0,0.0015609264
1.0,0.74908143
1.0,0.9544091
0.0,0.060494035
0.0,0.0008151829
1.0,0.81455815
1.0,0.16984448
1.0,0.89148074
1.0,0.9387677
1.0,0.75988233
0.0,0.055897534
0.0,0.25529712
1.0,0.31373754
0.0,0.007848412
1.0,0.9544509
0.0,0.0040871203
1.0,0.54467314
0.0,0.016108453
0.0,0.22029993
0.0,0.011243612
0.0,0.011353016
0.0,0.2480978
0.0,0.0009679198
0.0,0.0014807284
0.0,0.013904959
0.0,0.6708161
0.0,0.0019282401
0.0,0.005971372
1.0,0.9325949
1.0,0.814793
1.0,0.977116
0.0,0.97160006
0.0,0.3181349
0.0,0.85162234
0.0,0.031035721
1.0,0.98660016
1.0,0.22780824
1.0,0.9087042
1.0,0.9854275
0.0,0.90763795
0.0,0.008886218
0.0,0.0028542876
1.0,0.8108551
0.0,0.010515451
1.0,0.004012078
1.0,0.9781381
0.0,0.0828675
0.0,0.008183658
0.0,0.0063364506
0.0,0.7584625
1.0,0.90972173
1.0,0.96681607
0.0,0.016759217
1.0,0.9352017
1.0,0.74614096
0.0,0.65414274
0.0,0.02094999
1.0,0.35538945
0.0,0.0019844174
0.0,0.08443719
0.0,0.0016329288
0.0,0.3022363
0.0,0.024098694
1.0,0.49799708
0.0,0.043475688
0.0,0.57653916
1.0,0.9815783
1.0,0.9010989
0.0,0.5229739
0.0,0.53848034
1.0,0.7593627
0.0,0.10039359
0.0,0.0005720854
1.0,0.5063805
0.0,0.065044135
0.0,0.018292695
0.0,0.021744967
1.0,0.9683098
0.0,0.17783672
1.0,0.84890467
1.0,0.9655874
1.0,0.99618244
0.0,0.010211796
1.0,0.84213805
0.0,0.025615007
1.0,0.95560646
0.0,0.08102849
1.0,0.9648789
0.0,0.025562286
0.0,0.013786346
1.0,0.97308064
0.0,0.004987806
0.0,0.004622042
1.0,0.6108695
1.0,0.8948324
1.0,0.046070307
1.0,0.7951404
1.0,0.62849617
1.0,0.9732796
1.0,0.8211356
0.0,0.0130726695
1.0,0.054867357
1.0,0.9905976
0.0,0.053391784
0.0,0.0025106072
0.0,0.0012278557
1.0,0.5307629
0.0,0.017369956
0.0,0.06811845
0.0,0.27001327
1.0,0.96078014
0.0,0.0044303536
0.0,0.057335824
1.0,0.56977904
1.0,0.9510468
1.0,0.9052936
1.0,0.09859377
0.0,0.97998774
0.0,0.058541656
0.0,0.042262703
0.0,0.027712941
0.0,0.0016646385
0.0,0.04526207
0.0,0.02429682
1.0,0.036897272
1.0,0.9566797
0.0,0.026381552
1.0,0.8903312
0.0,0.007749349
0.0,0.0015082061
1.0,0.9821743
0.0,0.011033833
0.0,0.89509535
0.0,0.006850779
0.0,0.1756117
0.0,0.025042742
0.0,0.0075922906
0.0,0.9495793
1.0,0.80826867
0.0,0.032741576
0.0,0.13503703
1.0,0.9079757
0.0,0.004104793
1.0,0.8541601
0.0,0.024969786
0.0,0.0016969442
0.0,0.016122758
0.0,0.264436
0.0,0.0010333955
0.0,0.0053717494
0.0,0.028912842
0.0,0.021285325
0.0,0.75635386
1.0,0.7220044
0.0,0.037105232
1.0,0.7079761
0.0,0.53104925
1.0,0.029714763
0.0,0.05110076
0.0,0.002116561
0.0,0.07302329
1.0,0.9560255
1.0,0.039494693
1.0,0.22384116
0.0,0.022815138
0.0,0.56164956
1.0,0.7789587
0.0,0.007684231
0.0,0.039889157
1.0,0.32221043
0.0,0.007995099
1.0,0.95236766
1.0,0.21406579
0.0,0.0060071647
1.0,0.47510657
0.0,0.10539213
1.0,0.14776856
0.0,0.26605025
1.0,0.99072134
0.0,0.000792712
0.0,0.97835505
0.0,0.0392718
0.0,0.042887866
0.0,0.0033035278
0.0,0.044639587
0.0,0.017798573
1.0,0.9497758
0.0,0.00388363
0.0,0.0012461543
0.0,0.0008995533
0.0,0.11420432
0.0,0.13690236
1.0,0.10867989
0.0,0.5042944
0.0,0.117524594
1.0,0.5277084
0.0,0.47776973
1.0,0.96161276
0.0,0.8036189
1.0,0.9263977
1.0,0.9383975
0.0,0.005812973
1.0,0.99560666
0.0,0.45743307
0.0,0.018271625
0.0,0.0322448
0.0,0.060171366
1.0,0.058955997
1.0,0.98429537
0.0,0.0398477
0.0,0.23654729
1.0,0.9923693
0.0,0.030218154
1.0,0.67717296
1.0,0.01799947
1.0,0.8356739
0.0,0.020170033
1.0,0.7105996
0.0,0.012900859
1.0,0.90387547
1.0,0.12416288
0.0,0.23474833
0.0,0.7832003
0.0,0.027947664
0.0,0.20085141
1.0,0.8145375
1.0,0.94683576
1.0,0.98721254
0.0,0.016988724
0.0,0.0013419092
1.0,0.96030086
0.0,0.93869424
0.0,0.0006107688
0.0,0.016257137
1.0,0.67708385
0.0,0.034197956
0.0,0.014137268
0.0,0.106384546
0.0,0.05020207
1.0,0.72476244
1.0,0.96100235
0.0,0.10368827
0.0,0.026210278
0.0,0.01066798
1.0,0.9816659
0.0,0.021122247
0.0,0.7906396
1.0,0.88596594
0.0,0.004467994
0.0,0.76163137
1.0,0.9762365
0.0,0.055265605
1.0,0.27544314
1.0,0.124589205
0.0,0.0243603
0.0,0.02855137
0.0,0.004097879
0.0,0.008963734
1.0,0.9744307
1.0,0.9967395
1.0,0.9805615
1.0,0.16045898
0.0,0.8979248
0.0,0.027783424
1.0,0.68536496
1.0,0.9877273
0.0,0.05193767
0.0,0.019437134
1.0,0.40225613
0.0,0.0061882734
1.0,0.73978114
0.0,0.007410437
0.0,0.2373366
1.0,0.98099756
0.0,0.02290985
0.0,0.0019606054
0.0,0.020308822
0.0,0.027680755
0.0,0.29908663
1.0,0.09492561
0.0,0.025190234
1.0,0.97379375
0.0,0.11259103
1.0,0.97013265
0.0,0.29299745
1.0,0.78784823
1.0,0.965925
1.0,0.99333763
0.0,0.9377916
0.0,0.0012927353
1.0,0.20111701
0.0,0.057062626
0.0,0.032612175
1.0,0.89212686
1.0,0.31608042
0.0,0.22067472
1.0,0.9321032
1.0,0.9748991
0.0,0.8759228
0.0,0.01208806
0.0,0.8340893
0.0,0.008194029
0.0,0.0010906756
0.0,0.905547
1.0,0.97073686
1.0,0.9848515
1.0,0.9610028
0.0,0.00079002976
0.0,0.00986895
0.0,0.008187026
0.0,0.02076459
0.0,0.020485252
0.0,0.033686906
1.0,0.8902115
1.0,0.95075923
1.0,0.7086209
0.0,0.09813517
0.0,0.022554725
1.0,0.88137126
0.0,0.12631127
0.0,0.4590856
1.0,0.8968935
0.0,0.7741879
0.0,0.8691431
1.0,0.83931065
0.0,0.027082086
1.0,0.68031114
1.0,0.905094
0.0,0.9430305
0.0,0.015114695
1.0,0.9936814
0.0,0.00468415
0.0,0.453649
1.0,0.7672284
1.0,0.9685003
1.0,0.7421899
1.0,0.9437015
0.0,0.9680915
0.0,0.028672725
0.0,0.0022898912
1.0,0.79857624
0.0,0.9808567
1.0,0.7549535
0.0,0.84986633
1.0,0.9195358
1.0,0.75649214
0.0,0.08633533
0.0,0.027636051
0.0,0.0020253658
0.0,0.32128835
0.0,0.03508413
0.0,0.009089261
1.0,0.31593686
1.0,0.12585202
0.0,0.89544743
1.0,0.96782666
1.0,0.69455606
0.0,0.0025318265
0.0,0.16069916
1.0,0.88261867
1.0,0.18413153
0.0,0.015746146
0.0,0.09548047
0.0,0.006942719
0.0,0.02156809
1.0,0.6733397
1.0,0.95826906
0.0,0.038153946
0.0,0.001137644
0.0,0.03813511
0.0,0.15465021
0.0,0.01850292
0.0,0.02036187
0.0,0.94155055
0.0,0.68688846
0.0,0.008143157
0.0,0.030651242
0.0,0.1108979
1.0,0.98527884
1.0,0.8616158
0.0,0.0059642196
0.0,0.019748509
0.0,0.0008594692
0.0,0.002740115
0.0,0.10163885
0.0,0.31052232
0.0,0.01912269
0.0,0.28815162
1.0,0.94892555
1.0,0.9911305
1.0,0.8794677
1.0,0.9061446
1.0,0.98800886
0.0,0.4427267
0.0,0.029283285
0.0,0.027936578
0.0,0.048995286
1.0,0.78271806
0.0,0.015583515
1.0,0.91685903
0.0,0.025580883
0.0,0.397735
0.0,0.8825035
0.0,0.022735
0.0,0.03938815
0.0,0.10299751
0.0,0.22676927
0.0,0.008358896
1.0,0.8788507
1.0,0.2128424
0.0,0.1022262
0.0,0.15352312
0.0,0.0073702037
0.0,0.0051756203
1.0,0.9851701
0.0,0.009525001
1.0,0.060775787
0.0,0.024754882
1.0,0.44893816
0.0,0.0072880387
0.0,0.11139044
1.0,0.91486406
0.0,0.00059196353
1.0,0.9537722
0.0,0.054062515
0.0,0.5060821
0.0,0.20554581
0.0,0.0017360449
0.0,0.0027692914
1.0,0.9333654
1.0,0.9909297
0.0,0.44564041
0.0,0.035933435
0.0,0.011580139
0.0,0.14312378
1.0,0.8482965
0.0,0.70460564
1.0,0.17600784
1.0,0.36731103
0.0,0.75004685
0.0,0.016530514
0.0,0.05324757
0.0,0.016821682
0.0,0.0374358
0.0,0.02578199
0.0,0.03520903
0.0,0.74545926
0.0,0.19490895
1.0,0.92504543
0.0,0.98077863
0.0,0.007420987
1.0,0.89519083
0.0,0.016968846
0.0,0.03669697
0.0,0.0019377768
0.0,0.01776436
1.0,0.06357801
1.0,0.96926457
1.0,0.966984
0.0,0.013202876
0.0,0.0040397644
0.0,0.016207784
0.0,0.2804208
0.0,0.4517368
0.0,0.7403321
1.0,0.99191636
1.0,0.9812074
1.0,0.9268808
0.0,0.020314425
1.0,0.9863001
1.0,0.6890629
0.0,0.026122749
1.0,0.9665693
0.0,0.013240784
0.0,0.00835374
0.0,0.717731
1.0,0.98453325
1.0,0.9681008
1.0,0.8538768
0.0,0.8808251
0.0,0.28438598
0.0,0.010833591
1.0,0.9674116
1.0,0.97314656
1.0,0.9500114
1.0,0.88051784
0.0,0.02765268
0.0,0.017760158
0.0,0.03175202
0.0,0.3558248
1.0,0.97376204
0.0,0.01413694
0.0,0.08209193
0.0,0.12019923
1.0,0.33432394
0.0,0.026139557
0.0,0.15465093
0.0,0.070680976
0.0,0.34848583
0.0,0.013599187
0.0,0.099013716
0.0,0.011784315
0.0,0.20336911
0.0,0.0019744337
1.0,0.9811286
1.0,0.18333691
0.0,0.18257025
0.0,0.97610295
0.0,0.066034675
1.0,0.9137378
0.0,0.004932761
0.0,0.028909802
0.0,0.5303806
0.0,0.0055808723
1.0,0.94131446
0.0,0.011172742
0.0,0.05478373
1.0,0.5054765
1.0,0.92884666
1.0,0.9397572
0.0,0.027099133
0.0,0.12578335
1.0,0.834078
1.0,0.96455705
1.0,0.9866973
0.0,0.8769975
0.0,0.35915464
0.0,0.001082629
1.0,0.08883628
1.0,0.9806646
0.0,0.013087958
0.0,0.7873276
1.0,0.78689086
1.0,0.97161126
0.0,0.007140696
1.0,0.8265352
1.0,0.5912306
0.0,0.014516264
1.0,0.18844992
0.0,0.026093125
0.0,0.0041533113
0.0,0.9425688
0.0,0.028609097
1.0,0.8447821
0.0,0.3000642
1.0,0.86030215
1.0,0.8244518
1.0,0.611516
0.0,0.0019233823
0.0,0.4569841
1.0,0.5525845
0.0,0.0008314252
1.0,0.8030235
1.0,0.84717065
0.0,0.9614728
0.0,0.03255841
1.0,0.03908959
1.0,0.9776745
0.0,0.0022153258
1.0,0.71001035
1.0,0.22697362
1.0,0.8831491
1.0,0.99153864
1.0,0.26296166
1.0,0.96002305
0.0,0.025042206
0.0,0.23280635
0.0,0.036156982
1.0,0.9446529
1.0,0.37406236
0.0,0.062047184
0.0,0.02034548
1.0,0.10230824
0.0,0.00642246
1.0,0.9835962
0.0,0.12692562
1.0,0.81824505
1.0,0.9596839
0.0,0.21402034
1.0,0.30462974
0.0,0.013919264
1.0,0.9908561
1.0,0.9492124
1.0,0.15961367
0.0,0.021885991
0.0,0.025616735
1.0,0.741277
0.0,0.07007584
1.0,0.90598655
0.0,0.022081196
0.0,0.92171335
0.0,0.05602321
0.0,0.50034153
0.0,0.0018492639
0.0,0.25333244
0.0,0.11245963
1.0,0.9546572
1.0,0.103853464
0.0,0.013106972
1.0,0.9768808
1.0,0.88461006
0.0,0.8786381
0.0,0.79940856
0.0,0.05330816
0.0,0.012206972
0.0,0.014361113
0.0,0.042890638
1.0,0.37577468
1.0,0.98418367
0.0,0.0036346316
0.0,0.0032365322
0.0,0.7590021
0.0,0.9249464
0.0,0.08918375
1.0,0.9723233
0.0,0.08684337
0.0,0.065460324
1.0,0.89108145
1.0,0.9616452
0.0,0.021304637
0.0,0.19851795
0.0,0.006151378
1.0,0.93523926
1.0,0.89350325
0.0,0.027377337
0.0,0.02200836
0.0,0.0025301576
0.0,0.14959043
0.0,0.0028605163
1.0,0.976898
1.0,0.73307776
1.0,0.15230381
0.0,0.0013137162
1.0,0.19929668
0.0,0.40872225
1.0,0.9900769
1.0,0.45191967
0.0,0.0042019784
0.0,0.0014536679
0.0,0.0033523142
0.0,0.80086136
0.0,0.39503855
1.0,0.9961245
0.0,0.76802146
0.0,0.62662196
0.0,0.012455106
0.0,0.0010010302
0.0,0.34977967
0.0,0.06586328
0.0,0.05452773
1.0,0.8197775
1.0,0.9726198
0.0,0.0014009774
0.0,0.8673719
0.0,0.70291275
0.0,0.045617163
1.0,0.9834418
0.0,0.03203231
0.0,0.14455718
1.0,0.3326763
0.0,0.9131143
0.0,0.014382333
0.0,0.009612352
0.0,0.0035510361
1.0,0.98998207
1.0,0.9305492
0.0,0.003589958
1.0,0.36234772
1.0,0.961265
1.0,0.9657818
0.0,0.2432555
0.0,0.11902714
1.0,0.973983
1.0,0.96595633
0.0,0.0076029003
1.0,0.9645259
0.0,0.018241405
1.0,0.9307792
1.0,0.92423403
1.0,0.9143759
0.0,0.017339677
1.0,0.7375146
1.0,0.3496884
0.0,0.09395483
0.0,0.039506048
0.0,0.98675054
0.0,0.032062322
0.0,0.013935983
0.0,0.0023095906
1.0,0.99500835
0.0,0.06881401
0.0,0.08009979
0.0,0.14021501
0.0,0.0038416088
0.0,0.04065001
0.0,0.028897285
1.0,0.8079827
0.0,0.0115964115
0.0,0.013872147
0.0,0.49012446
1.0,0.85583633
1.0,0.88919866
1.0,0.9176582
1.0,0.9746525
0.0,0.0097236335
0.0,0.026788712
0.0,0.010656446
0.0,0.10743368
0.0,0.8431088
0.0,0.0074784756
1.0,0.9625986
0.0,0.76664287
1.0,0.08121276
1.0,0.043231696
1.0,0.788162
0.0,0.026559263
0.0,0.007115662
0.0,0.001457721
0.0,0.0050340593
1.0,0.38033608
1.0,0.96485543
1.0,0.79361165
1.0,0.8702042
1.0,0.9917904
0.0,0.012398124
0.0,0.027793229
0.0,0.8967049
0.0,0.007511139
1.0,0.9684874
0.0,0.002400726
0.0,0.800319
1.0,0.9773091
1.0,0.79431224
0.0,0.010188103
0.0,0.1533773
0.0,0.4274269
0.0,0.41283894
1.0,0.7619134
0.0,0.9858568
0.0,0.4318108
1.0,0.9942265
0.0,0.054831535
1.0,0.9676164
1.0,0.95942926
0.0,0.0014173388
0.0,0.7722868
0.0,0.0035173297
0.0,0.0136708915
1.0,0.7731497
0.0,0.010910392
0.0,0.03936544
0.0,0.3214434
0.0,0.002524525
1.0,0.97881675
1.0,0.18671012
1.0,0.8994793
1.0,0.9252423
0.0,0.6783229
0.0,0.027279496
1.0,0.8602487
0.0,0.012254983
1.0,0.38093364
0.0,0.022038072
1.0,0.9510298
1.0,0.9874357
0.0,0.55955803
0.0,0.12986818
0.0,0.38283357
0.0,0.023317963
0.0,0.0055298805
0.0,0.01831922
1.0,0.8620969
0.0,0.005705714
0.0,0.14847821
0.0,0.35908955
0.0,0.10199177
0.0,0.009273142
0.0,0.0006842315
0.0,0.7268249
0.0,0.0014463663
0.0,0.00079488754
0.0,0.021651536
0.0,0.0946444
0.0,0.017695159
1.0,0.15778881
0.0,0.05109918
1.0,0.979753
0.0,0.002660364
0.0,0.0027357936
1.0,0.7446523
0.0,0.005803287
1.0,0.9737824
0.0,0.06535223
1.0,0.95795333
0.0,0.7737626
0.0,0.017570704
1.0,0.74652743
1.0,0.15038627
0.0,0.0024417639
0.0,0.067587614
0.0,0.0015010834
0.0,0.0011307895
0.0,0.0030813813
0.0,0.82769823
1.0,0.96729743
1.0,0.77648
0.0,0.13769272
0.0,0.008284479
1.0,0.8107593
1.0,0.9493561
1.0,0.7169541
0.0,0.0006631315
1.0,0.031415164
0.0,0.25992447
1.0,0.587394
0.0,0.0010345876
1.0,0.69561934
0.0,0.0043016076
0.0,0.10620397
0.0,0.032724917
0.0,0.9222665
1.0,0.9586476
0.0,0.04316312
0.0,0.102051854
1.0,0.97643876
0.0,0.008203626
0.0,0.8864796
0.0,0.7185924
1.0,0.98095083
0.0,0.6600964
0.0,0.03394711
0.0,0.9832718
1.0,0.9675127
0.0,0.0015316904
0.0,0.7714326
0.0,0.045245677
1.0,0.5312477
0.0,0.023326278
1.0,0.9772153
0.0,0.23665625
1.0,0.8211142
1.0,0.9930459
0.0,0.97116905
1.0,0.95944804
1.0,0.99137735
0.0,0.008590668
0.0,0.9578124
0.0,0.006591767
1.0,0.9751843
0.0,0.44246665
1.0,0.38452742
1.0,0.4881785
0.0,0.0150254965
1.0,0.96353674
0.0,0.16879833
1.0,0.5244843
0.0,0.8175522
1.0,0.21962616
0.0,0.7708655
1.0,0.00989753
0.0,0.5870989
0.0,0.009306848
0.0,0.0049815774
0.0,0.010912776
0.0,0.012200266
0.0,0.0009589195
0.0,0.0023626983
0.0,0.26117373
0.0,0.061032206
0.0,0.42756286
0.0,0.44411176
0.0,0.025447726
1.0,0.9564053
1.0,0.28447825
0.0,0.59113455
1.0,0.015849113
0.0,0.029152155
0.0,0.39391708
0.0,0.83553815
0.0,0.05659768
0.0,0.041031927
0.0,0.1648666
1.0,0.9215244
0.0,0.002270162
0.0,0.0065414608
1.0,0.010455757
0.0,0.0057679117
1.0,0.94798464
0.0,0.07855961
0.0,0.03971383
1.0,0.92870104
0.0,0.009453207
1.0,0.9459754
0.0,0.0038170218
0.0,0.00105986
0.0,0.010509014
1.0,0.9678453
0.0,0.011533707
1.0,0.14388156
1.0,0.79092246
0.0,0.9842298
0.0,0.00077572465
1.0,0.01409623
0.0,0.0048285425
0.0,0.05710113
0.0,0.83092654
0.0,0.0013366342
0.0,0.85120213
0.0,0.95524037
1.0,0.6322566
0.0,0.015039176
1.0,0.9031501
0.0,0.0024202168
0.0,0.0015607774
0.0,0.0027326047
1.0,0.90756303
1.0,0.9713386
0.0,0.26370734
0.0,0.41945773
0.0,0.001437515
0.0,0.0990375
0.0,0.03572017
0.0,0.00637421
0.0,0.0008481741
1.0,0.12780192
1.0,0.92547804
0.0,0.024855673
0.0,0.97978187
1.0,0.12777063
0.0,0.0008966327
1.0,0.9371398
0.0,0.0024366379
0.0,0.026910245
1.0,0.93718183
0.0,0.7952894
1.0,0.36970845
1.0,0.9746765
1.0,0.9832066
0.0,0.30756396
0.0,0.02534017
0.0,0.11210209
1.0,0.9586344
0.0,0.62238955
1.0,0.9838754
0.0,0.021720558
0.0,0.011725277
0.0,0.108335674
1.0,0.9106444
0.0,0.006212443
0.0,0.022082448
0.0,0.429833
1.0,0.03409612
1.0,0.9933578
0.0,0.07401967
0.0,0.011579007
1.0,0.9771236
1.0,0.98541045
1.0,0.93525195
1.0,0.07550892
0.0,0.0032495856
1.0,0.9231745
0.0,0.30102122
0.0,0.050286442
0.0,0.0030359626
1.0,0.8565171
0.0,0.24845955
0.0,0.07703796
0.0,0.0017856956
1.0,0.8134811
0.0,0.2768392
1.0,0.9701365
1.0,0.9528636
0.0,0.026208282
1.0,0.72450715
0.0,0.026386708
1.0,0.68639296
0.0,0.50807744
0.0,0.010961145
0.0,0.029347748
0.0,0.06773144
1.0,0.9930966
0.0,0.036300033
0.0,0.2822029
0.0,0.53220695
1.0,0.9958454
1.0,0.9255775
0.0,0.023829252
1.0,0.9472847
1.0,0.9802191
1.0,0.9955276
1.0,0.57823396
0.0,0.17402896
1.0,0.7628702
0.0,0.06316081
0.0,0.6618258
1.0,0.3727867
0.0,0.014259875
0.0,0.01293695
0.0,0.04822588
1.0,0.46373522
0.0,0.62011534
0.0,0.27007383
1.0,0.9565231
0.0,0.009960771
1.0,0.84053534
0.0,0.011721194
0.0,0.94452304
1.0,0.8439429
1.0,0.9535956
0.0,0.0055418313
1.0,0.9545752
1.0,0.9845235
0.0,0.80718505
0.0,0.8103659
1.0,0.83310664
0.0,0.022735566
1.0,0.97575545
0.0,0.031368554
0.0,0.05683431
1.0,0.48947203
1.0,0.91751856
0.0,0.03905028
1.0,0.5245945
0.0,0.060862005
0.0,0.07739875
1.0,0.97417605
0.0,0.019740969
0.0,0.052555025
0.0,0.021367073
1.0,0.6387002
0.0,0.015741378
0.0,0.010906905
1.0,0.9043846
1.0,0.97326106
0.0,0.022778511
0.0,0.40470538
0.0,0.0031075478
1.0,0.15688208
0.0,0.75835633
0.0,0.0025390685
0.0,0.027994066
0.0,0.0041965544
0.0,0.0036824942
1.0,0.24366152
0.0,0.098217934
0.0,0.001375258
0.0,0.47069982
1.0,0.9551693
1.0,0.99468017
1.0,0.86877847
0.0,0.86194134
0.0,0.0108855665
0.0,0.97068214
1.0,0.9816048
0.0,0.034929007
1.0,0.45612672
0.0,0.0126564205
1.0,0.99008906
0.0,0.04968527
1.0,0.8916007
0.0,0.9140379
1.0,0.49643174
0.0,0.08012384
0.0,0.040715426
1.0,0.91038287
1.0,0.93110263
1.0,0.9804559
0.0,0.10657498
1.0,0.95366824
1.0,0.49900255
1.0,0.32279396
0.0,0.00081947446
1.0,0.77106524
0.0,0.01981169
0.0,0.928957
1.0,0.6591644
0.0,0.3534639
0.0,0.011713594
0.0,0.028363347
0.0,0.049620926
0.0,0.5953568
1.0,0.97626245
1.0,0.96844864
0.0,0.3801044
0.0,0.6754006
0.0,0.014854491
1.0,0.9934889
0.0,0.70977277
0.0,0.25351703
0.0,0.004502207
0.0,0.019050956
0.0,0.022157311
0.0,0.963954
1.0,0.9837344
1.0,0.982508
1.0,0.16149631
0.0,0.3990103
0.0,0.0048565567
0.0,0.0058376193
0.0,0.017472923
0.0,0.027941853
1.0,0.9558022
0.0,0.02182895
0.0,0.1734783
1.0,0.99312687
0.0,0.07197097
1.0,0.06563431
1.0,0.9291879
0.0,0.3962063
0.0,0.00391227
0.0,0.04055649
1.0,0.6875459
0.0,0.084444016
0.0,0.022069663
1.0,0.94649696
1.0,0.52625316
0.0,0.0033689737
0.0,0.040916443
0.0,0.69982004
0.0,0.012082398
0.0,0.31112033
1.0,0.29210478
1.0,0.93430686
0.0,0.010343313
0.0,0.0011754334
0.0,0.7778005
0.0,0.29756418
1.0,0.94895184
0.0,0.016904444
1.0,0.9855148
0.0,0.029895604
1.0,0.97365487
0.0,0.0065195262
1.0,0.94962656
1.0,0.8130044
0.0,0.026705444
0.0,0.1079939
0.0,0.0052299798
0.0,0.04602498
1.0,0.6245363
1.0,0.0022864044
1.0,0.20641533
1.0,0.47691348
1.0,0.76075566
0.0,0.0005789101
1.0,0.2980129
1.0,0.7458689
0.0,0.017825544
0.0,0.028201133
0.0,0.022832453
1.0,0.5190406
1.0,0.98269093
0.0,0.8626914
0.0,0.0062651634
1.0,0.89041257
0.0,0.00738889
0.0,0.031601757
1.0,0.9682982
0.0,0.54336464
0.0,0.024298966
1.0,0.115355074
1.0,0.9332707
0.0,0.01077953
0.0,0.018499613
0.0,0.013267845
1.0,0.98314
1.0,0.96459144
0.0,0.8195828
0.0,0.2438612
1.0,0.99197286
1.0,0.7935717
0.0,0.005502194
0.0,0.07132891
0.0,0.038459867
1.0,0.14424846
1.0,0.19190216
0.0,0.020237386
0.0,0.07443628
1.0,0.9737651
0.0,0.01825416
0.0,0.017354846
0.0,0.045876294
0.0,0.85499895
1.0,0.9638672
0.0,0.8561382
0.0,0.012952656
0.0,0.9130068
0.0,0.37384847
0.0,0.03478393
1.0,0.7862005
1.0,0.7272831
0.0,0.28613612
1.0,0.97979116
0.0,0.47447893
1.0,0.94862235
1.0,0.029146701
1.0,0.9429935
0.0,0.00654912
0.0,0.21375546
0.0,0.010045975
1.0,0.9916449
0.0,0.003537625
1.0,0.9915074
0.0,0.05315587
0.0,0.0020258725
1.0,0.110121876
1.0,0.955568
0.0,0.0024041831
1.0,0.8105217
0.0,0.020764709
1.0,0.9527184
0.0,0.0009823442
1.0,0.64541495
1.0,0.04849735
0.0,0.028329104
0.0,0.0059358478
0.0,0.009402394
0.0,0.012668371
0.0,0.012855679
0.0,0.9150044
0.0,0.09557998
0.0,0.013945162
0.0,0.96275556
0.0,0.0028051436
1.0,0.956231
0.0,0.3619535
0.0,0.40671474
1.0,0.993346
0.0,0.05862254
1.0,0.9926157
0.0,0.01925981
1.0,0.9869506
0.0,0.005711496
0.0,0.052383304
1.0,0.9884356
0.0,0.025778562
0.0,0.0065152645
0.0,0.012916356
1.0,0.97661746
1.0,0.34166104
0.0,0.006453544
1.0,0.9694868
1.0,0.22125965
1.0,0.97137666
0.0,0.36383498
1.0,0.10922971
1.0,0.91564333
0.0,0.17729703
1.0,0.4543224
1.0,0.50826246
0.0,0.031281352
0.0,0.0028422773
0.0,0.015204221
0.0,0.017014861
0.0,0.004420966
0.0,0.028690428
0.0,0.020388246
0.0,0.00068956614
1.0,0.9242302
0.0,0.05296099
0.0,0.0031484067
0.0,0.012000531
0.0,0.0480479
1.0,0.8622215
0.0,0.0018803179
1.0,0.91092455
0.0,0.4444577
0.0,0.003937602
1.0,0.5852199
1.0,0.8671074
0.0,0.12651238
0.0,0.012823701
1.0,0.9106952
0.0,0.92682797
0.0,0.024625987
1.0,0.73641145
1.0,0.7319213
1.0,0.8189852
1.0,0.83850765
0.0,0.019053042
0.0,0.0018026233
1.0,0.65457535
0.0,0.01303336
0.0,0.0007109046
1.0,0.9796071
1.0,0.8767035
1.0,0.9773563
0.0,0.012383133
1.0,0.1168921
1.0,0.9568612
1.0,0.96538705
0.0,0.0031697154
0.0,0.0021395683
1.0,0.25266287
0.0,0.028534412
0.0,0.7944261
0.0,0.020882487
1.0,0.9869511
0.0,0.012975752
0.0,0.01692608
0.0,0.03546807
0.0,0.15783969
0.0,0.07584059
0.0,0.0030566752
0.0,0.87611914
1.0,0.9937042
0.0,0.03903818
1.0,0.8602121
0.0,0.003121823
0.0,0.8896527
0.0,0.8913222
1.0,0.0052764416
0.0,0.70611584
0.0,0.011465222
0.0,0.0009869039
0.0,0.31354463
0.0,0.054548085
1.0,0.97820836
0.0,0.34340894
1.0,0.95056975
0.0,0.011285633
0.0,0.041079372
0.0,0.019794106
0.0,0.79754984
0.0,0.054977655
0.0,0.56654465
0.0,0.29929727
0.0,0.16210482
1.0,0.9044546
0.0,0.04580885
1.0,0.64427245
1.0,0.6715135
0.0,0.06332663
0.0,0.018737793
1.0,0.8448863
0.0,0.016985536
1.0,0.76445234
1.0,0.66472316
0.0,0.005654663
1.0,0.43617934
0.0,0.0029853284
1.0,0.9746869
0.0,0.11098504
0.0,0.16975892
1.0,0.6028935
0.0,0.80167127
0.0,0.0024254024
0.0,0.80204105
1.0,0.72805476
1.0,0.9658774
0.0,0.0019709468
0.0,0.050510854
1.0,0.58414596
0.0,0.78834534
1.0,0.10622987
0.0,0.12489557
1.0,0.09073067
0.0,0.7254278
0.0,0.022725403
0.0,0.6508647
0.0,0.009240866
0.0,0.24493098
1.0,0.023392946
0.0,0.54837376
1.0,0.9154909
0.0,0.013127655
1.0,0.42002508
0.0,0.0044757724
0.0,0.0022784173
0.0,0.029043138
0.0,0.02678296
0.0,0.16363856
0.0,0.09202513
0.0,0.04672295
0.0,0.06815517
1.0,0.96044725
0.0,0.013898283
0.0,0.060240865
1.0,0.85896635
1.0,0.5772885
0.0,0.019238532
0.0,0.09500739
1.0,0.76015985
0.0,0.1894081
1.0,0.049233794
1.0,0.93068707
1.0,0.83645207
1.0,0.75832236
0.0,0.02464509
0.0,0.001686126
1.0,0.18178949
0.0,0.23032999
1.0,0.97830117
1.0,0.7921051
1.0,0.9857687
0.0,0.0945645
0.0,0.0037914813
0.0,0.19430313
0.0,0.021710068
1.0,0.26661938
1.0,0.9213779
0.0,0.08073762
0.0,0.20875007
0.0,0.05223608
0.0,0.30968535
1.0,0.038080662
1.0,0.7248087
1.0,0.9675207
0.0,0.93156123
1.0,0.51988685
1.0,0.6342103
1.0,0.32025912
1.0,0.95934737
0.0,0.29584146
0.0,0.831011
0.0,0.8162321
0.0,0.0051596165
1.0,0.86484575
1.0,0.98078513
1.0,0.9102839
1.0,0.88425076
0.0,0.04410556
0.0,0.0023997724
0.0,0.027834326
0.0,0.05524534
1.0,0.87646663
0.0,0.19343436
0.0,0.012192279
0.0,0.11241722
0.0,0.008614838
1.0,0.8138036
1.0,0.8082819
1.0,0.94743854
0.0,0.0670529
0.0,0.07039103
1.0,0.7758871
1.0,0.98561376
0.0,0.06847921
1.0,0.9303831
0.0,0.8513345
1.0,0.9921611
1.0,0.9910052
1.0,0.69207597
0.0,0.032115877
0.0,0.12312746
1.0,0.98348206
0.0,0.06393254
0.0,0.27200532
1.0,0.98870206
0.0,0.026303679
0.0,0.028654724
0.0,0.10102627
1.0,0.28726876
0.0,0.50761336
0.0,0.4575232
1.0,0.6327278
0.0,0.55729
0.0,0.028012037
0.0,0.035832465
0.0,0.22028023
1.0,0.8044331
0.0,0.88123995
0.0,0.0153259635
0.0,0.0015150309
1.0,0.14215538
0.0,0.021461219
0.0,0.0019298494
1.0,0.84364486
0.0,0.5403041
0.0,0.0071712434
1.0,0.97239304
1.0,0.871765
0.0,0.0007329285
1.0,0.28784508
1.0,0.33727983
0.0,0.4977126
0.0,0.62297094
1.0,0.5736496
1.0,0.81245005
0.0,0.010906994
1.0,0.20909011
1.0,0.25243407
1.0,0.12293419
0.0,0.20902142
1.0,0.19193691
0.0,0.019123703
1.0,0.84210217
0.0,0.0014046133
1.0,0.9456494
0.0,0.79462695
0.0,0.13449842
1.0,0.6923706
0.0,0.024293035
1.0,0.9362339
1.0,0.75172365
1.0,0.95839834
1.0,0.7305697
0.0,0.026102453
1.0,0.022871494
0.0,0.52283853
0.0,0.0039524734
0.0,0.024553806
0.0,0.016903877
1.0,0.9630554
0.0,0.007261485
0.0,0.55003
0.0,0.6309096
0.0,0.65265596
1.0,0.88242245
0.0,0.38491452
0.0,0.0057998598
0.0,0.040436983
0.0,0.69954073
1.0,0.7079814
0.0,0.0030189753
1.0,0.95718884
1.0,0.9707282
0.0,0.8156306
0.0,0.0020793974
0.0,0.0025450885
1.0,0.95206094
0.0,0.022786587
1.0,0.024199009
1.0,0.8087625
1.0,0.96041965
0.0,0.8182285
0.0,0.24612728
0.0,0.006016463
0.0,0.66114414
0.0,0.016248584
0.0,0.0031567812
0.0,0.35740176
1.0,0.6513189
0.0,0.43470338
1.0,0.88348436
0.0,0.18284175
1.0,0.96043825
1.0,0.9494668
1.0,0.52687293
1.0,0.9005711
0.0,0.18073717
0.0,0.9300152
0.0,0.031213343
1.0,0.78978443
1.0,0.9520538
0.0,0.007249236
1.0,0.25270462
1.0,0.9595103
1.0,0.84415346
1.0,0.16499281
0.0,0.65986174
0.0,0.02823013
1.0,0.9217499
0.0,0.017608464
0.0,0.06730619
1.0,0.9749116
0.0,0.0074815154
0.0,0.7162295
0.0,0.12902102
0.0,0.003293395
0.0,0.093032956
1.0,0.9813011
0.0,0.005191982
0.0,0.2890274
1.0,0.104521155
0.0,0.037160486
1.0,0.9487736
0.0,0.2711258
0.0,0.009846926
0.0,0.0034270287
0.0,0.30020875
1.0,0.7445059
0.0,0.28350544
0.0,0.12513089
1.0,0.8992028
1.0,0.90327823
0.0,0.02563265
0.0,0.008668065
0.0,0.010375202
1.0,0.46469325
0.0,0.063444525
1.0,0.91458285
1.0,0.88349986
1.0,0.41176403
1.0,0.9663946
1.0,0.93226254
0.0,0.92341524
1.0,0.87292707
1.0,0.98525
0.0,0.0043352246
0.0,0.0038154125
0.0,0.012623191
1.0,0.8295672
0.0,0.011612028
0.0,0.008853555
0.0,0.03033349
1.0,0.9730694
0.0,0.042467773
1.0,0.93388605
0.0,0.22843018
0.0,0.6734691
0.0,0.06388092
0.0,0.02660188
0.0,0.011434644
1.0,0.7282276
1.0,0.97986573
0.0,0.030391008
0.0,0.05616492
1.0,0.4464942
0.0,0.00135988
1.0,0.98544246
0.0,0.01815325
0.0,0.014158547
0.0,0.016193628
1.0,0.9635372
1.0,0.8740015
0.0,0.032019913
0.0,0.26199096
1.0,0.78678644
0.0,0.028410167
0.0,0.0035854876
1.0,0.9171965
1.0,0.9864391
1.0,0.90944254
0.0,0.02656418
1.0,0.9647182
1.0,0.9480901
0.0,0.25595567
0.0,0.011487693
0.0,0.0029737651
0.0,0.030312419
0.0,0.0016327798
0.0,0.015630484
1.0,0.5316586
1.0,0.94667333
0.0,0.08840293
0.0,0.008363396
0.0,0.039669216
0.0,0.07262215
1.0,0.9440495
0.0,0.94403875
0.0,0.019213617
0.0,0.8117621
0.0,0.9699005
1.0,0.044612855
0.0,0.0020850599
0.0,0.75050384
1.0,0.9631711
0.0,0.02705121
0.0,0.08012596
0.0,0.02425155
0.0,0.005887449
1.0,0.8476011
1.0,0.9182874
0.0,0.03759569
0.0,0.9599208
0.0,0.002441913
0.0,0.94650614
0.0,0.9238133
0.0,0.4430195
0.0,0.0018061996
0.0,0.14775544
1.0,0.008582503
0.0,0.025288582
1.0,0.18235263
0.0,0.72009075
0.0,0.001018703
0.0,0.05343485
0.0,0.12916845
0.0,0.15126356
0.0,0.017160743
1.0,0.9781765
0.0,0.002717793
0.0,0.72579634
0.0,0.040569156
1.0,0.79991215
1.0,0.9318019
0.0,0.01852104
0.0,0.4249191
0.0,0.0020577312
1.0,0.99319494
1.0,0.75921655
1.0,0.9806313
0.0,0.0995684
1.0,0.9823599
0.0,0.033495277
0.0,0.0012949407
0.0,0.016868204
1.0,0.0077156126
0.0,0.0014027953
0.0,0.005120367
1.0,0.9925561
1.0,0.38865152
0.0,0.011997759
1.0,0.993984
0.0,0.027020276
1.0,0.78708243
0.0,0.10097319
1.0,0.93994105
0.0,0.96576846
0.0,0.14511085
1.0,0.90023804
0.0,0.002429992
0.0,0.10293543
0.0,0.027117193
0.0,0.01154384
0.0,0.040923983
0.0,0.012686223
1.0,0.89749795
1.0,0.7709445
0.0,0.6367971
0.0,0.023783535
0.0,0.013697863
0.0,0.08018857
1.0,0.98960906
0.0,0.012828261
0.0,0.053088337
0.0,0.842
0.0,0.09140062
0.0,0.0010103285
1.0,0.9539838
1.0,0.94538784
0.0,0.0014653802
0.0,0.0053292215
0.0,0.017227232
0.0,0.0037990212
1.0,0.8673769
0.0,0.7494084
0.0,0.020685017
0.0,0.0120511055
1.0,0.9163657
0.0,0.007528901
0.0,0.4271366
1.0,0.95551026
0.0,0.008540332
0.0,0.13700518
1.0,0.74032044
1.0,0.6699978
1.0,0.9343544
0.0,0.0018936098
0.0,0.003679365
0.0,0.18496644
0.0,0.008419484
1.0,0.47053728
0.0,0.20666942
1.0,0.12976843
0.0,0.0019168556
0.0,0.0058612227
0.0,0.12785551
1.0,0.97331196
0.0,0.8122531
0.0,0.07113269
0.0,0.5696104
1.0,0.7307897
0.0,0.018042535
0.0,0.40971282
0.0,0.0012684166
1.0,0.047284484
0.0,0.009829968
0.0,0.0016926825
1.0,0.10600585
1.0,0.97106683
0.0,0.0010897815
1.0,0.9938599
1.0,0.9895961
1.0,0.9259228
1.0,0.8989469
0.0,0.02586162
1.0,0.8953214
0.0,0.9948914
1.0,0.033830434
0.0,0.008719981
1.0,0.45883974
0.0,0.84750915
1.0,0.33734664
1.0,0.98833096
1.0,0.76342225
0.0,0.004377514
0.0,0.7586378
0.0,0.7946215
0.0,0.011883944
0.0,0.024387956
0.0,0.17073071
1.0,0.9879683
1.0,0.9836824
1.0,0.1868042
0.0,0.0028145015
0.0,0.007901669
0.0,0.04131019
0.0,0.84101677
1.0,0.022353262
0.0,0.059964836
0.0,0.017291695
0.0,0.027781397
0.0,0.25897735
1.0,0.87324387
0.0,0.73527867
0.0,0.8292657
0.0,0.39189106
1.0,0.41272736
0.0,0.018449605
0.0,0.5994389
1.0,0.25717527
0.0,0.18600565
1.0,0.11460441
0.0,0.01816994
0.0,0.28499624
0.0,0.0032458007
0.0,0.02237904
0.0,0.0010970235
1.0,0.9141993
0.0,0.09143001
0.0,0.049604416
1.0,0.98673636
1.0,0.9656467
0.0,0.13912284
1.0,0.011697054
0.0,0.10568476
0.0,0.051355243
1.0,0.96944404
0.0,0.0014970005
0.0,0.14165345
0.0,0.024323225
0.0,0.004299253
1.0,0.9884459
1.0,0.9516548
1.0,0.78941303
1.0,0.97808886
0.0,0.008153111
0.0,0.023727626
0.0,0.060929775
1.0,0.9649705
0.0,0.012304902
0.0,0.027456999
1.0,0.9547696
1.0,0.528557
1.0,0.90398353
0.0,0.0032711327
0.0,0.35539418
0.0,0.5989011
1.0,0.989958
1.0,0.95408463
1.0,0.9326414
0.0,0.3259213
0.0,0.0008369684
0.0,0.0016654432
1.0,0.8802228
1.0,0.1847423
0.0,0.25247437
1.0,0.96321905
1.0,0.6132183
1.0,0.9419245
1.0,0.5780285
0.0,0.34887952
0.0,0.035018444
1.0,0.4198429
1.0,0.81782997
0.0,0.030534506
0.0,0.036421984
0.0,0.006829977
0.0,0.01597339
0.0,0.02572143
0.0,0.7224492
0.0,0.013138354
0.0,0.04246229
1.0,0.8814783
1.0,0.78703904
0.0,0.7768557
1.0,0.97286546
0.0,0.0033682883
1.0,0.923067
0.0,0.19669756
1.0,0.9790851
0.0,0.002378285
0.0,0.003075838
0.0,0.0041142404
0.0,0.49334443
1.0,0.10362458
1.0,0.9862147
0.0,0.033064395
0.0,0.103805184
1.0,0.2487497
0.0,0.040916055
1.0,0.97299206
1.0,0.78580695
0.0,0.012113303
0.0,0.020118773
0.0,0.2556628
0.0,0.9942288
0.0,0.8218552
0.0,0.005430937
0.0,0.4164667
0.0,0.019209921
1.0,0.9657047
1.0,0.9590236
1.0,0.9031944
1.0,0.8333638
0.0,0.007608086
0.0,0.5589182
1.0,0.9024085
0.0,0.33755696
0.0,0.010673046
0.0,0.032993257
1.0,0.3056054
1.0,0.18349671
0.0,0.006125152
1.0,0.9482829
1.0,0.98276377
0.0,0.0010407567
0.0,0.012384176
1.0,0.95320845
0.0,0.014816821
0.0,0.9330146
0.0,0.0012580752
0.0,0.028274149
1.0,0.06573236
0.0,0.014844477
0.0,0.0056919754
0.0,0.4541605
1.0,0.26646334
0.0,0.0058059096
0.0,0.05547005
1.0,0.80009234
0.0,0.0073902905
0.0,0.14653781
0.0,0.9550389
1.0,0.98519945
1.0,0.6456069
1.0,0.08704001
0.0,0.039037853
0.0,0.17759717
1.0,0.26931226
0.0,0.0028024018
0.0,0.0026243627
0.0,0.056620628
0.0,0.023430467
1.0,0.5337516
0.0,0.31848472
0.0,0.88979626
1.0,0.8083467
0.0,0.023244113
0.0,0.026078254
0.0,0.8018134
0.0,0.19759488
1.0,0.8096647
1.0,0.9837812
0.0,0.396547
1.0,0.7401081
0.0,0.009138674
0.0,0.014933616
0.0,0.0022039413
1.0,0.5014453
0.0,0.002452165
0.0,0.021126926
1.0,0.93234164
1.0,0.7419385
1.0,0.8840629
0.0,0.56625754
1.0,0.9203794
1.0,0.8889696
0.0,0.0007992685
0.0,0.91565263
0.0,0.44850966
1.0,0.4518228
0.0,0.026554346
0.0,0.2033624
0.0,0.018257618
0.0,0.015119731
0.0,0.0105575025
0.0,0.052791446
0.0,0.19856605
0.0,0.7747532
0.0,0.24762413
1.0,0.58950746
1.0,0.75645244
1.0,0.70494366
0.0,0.004622072
1.0,0.99432003
0.0,0.22333822
0.0,0.029377013
1.0,0.9648336
0.0,0.21957427
0.0,0.010809362
0.0,0.23479092
0.0,0.014177531
0.0,0.13227808
0.0,0.8475045
0.0,0.02315393
1.0,0.9044503
0.0,0.00081318617
0.0,0.008286476
0.0,0.0041404366
1.0,0.9370297
1.0,0.94683075
0.0,0.8068509
1.0,0.7486967
0.0,0.022836328
1.0,0.13482279
0.0,0.0056150854
0.0,0.013074845
1.0,0.035937846
0.0,0.0010570288
0.0,0.0072191656
1.0,0.43534252
0.0,0.041985303
1.0,0.013484925
0.0,0.24019477
0.0,0.007615179
1.0,0.9357014
0.0,0.007846594
0.0,0.4873234
0.0,0.7592404
0.0,0.0072904825
0.0,0.0005542636
1.0,0.91275704
0.0,0.0020701885
0.0,0.055266947
0.0,0.016338736
1.0,0.52982163
0.0,0.945189
0.0,0.030570596
1.0,0.8263375
0.0,0.006690055
0.0,0.002550155
0.0,0.02748838
0.0,0.09495419
1.0,0.30762124
0.0,0.019498765
0.0,0.0013452172
0.0,0.006253779
0.0,0.002025932
0.0,0.70050216
1.0,0.9674468
1.0,0.7113491
0.0,0.0077066123
1.0,0.93202627
0.0,0.016582489
0.0,0.011927038
0.0,0.022303134
0.0,0.11077517
1.0,0.95640486
0.0,0.023837239
0.0,0.0068900287
0.0,0.0738157
0.0,0.12077594
0.0,0.11966118
0.0,0.0077753663
0.0,0.0013541877
0.0,0.0029682517
0.0,0.0019467771
0.0,0.9619444
1.0,0.2863344
0.0,0.021200866
0.0,0.010943681
0.0,0.005962968
1.0,0.9928876
0.0,0.07502833
1.0,0.89724386
0.0,0.19417885
0.0,0.034922242
0.0,0.1320411
1.0,0.9782911
1.0,0.9946948
1.0,0.9450667
1.0,0.49115777
0.0,0.23449695
0.0,0.0038347244
1.0,0.98709595
1.0,0.9528795
0.0,0.013976842
0.0,0.061004877
0.0,0.81505287
1.0,0.97297204
0.0,0.01862216
0.0,0.002558589
0.0,0.043583155
0.0,0.023867786
1.0,0.58768076
1.0,0.9599122
0.0,0.0012476742
1.0,0.37988198
0.0,0.0253326
0.0,0.017486632
0.0,0.0037600994
0.0,0.013522118
0.0,0.009804517
1.0,0.9071586
0.0,0.0013334155
0.0,0.030437708
0.0,0.81559575
0.0,0.06357995
0.0,0.76172215
1.0,0.9850545
0.0,0.016960293
0.0,0.020116687
1.0,0.9348302
0.0,0.4290439
0.0,0.0044317245
1.0,0.9537685
1.0,0.77758443
0.0,0.080961525
1.0,0.86651313
0.0,0.23795232
1.0,0.7868475
1.0,0.996395
0.0,0.09493789
1.0,0.95662296
0.0,0.030375421
0.0,0.022247612
0.0,0.41794372
0.0,0.4241164
0.0,0.021613657
0.0,0.0044876635
0.0,0.4577917
1.0,0.961959
0.0,0.07778627
0.0,0.021872967
0.0,0.45730758
0.0,0.19187641
1.0,0.95041347
0.0,0.016795456
0.0,0.56814575
0.0,0.015114844
0.0,0.0050237775
0.0,0.0045859814
0.0,0.95384663
1.0,0.06357068
0.0,0.0967398
1.0,0.84932995
0.0,0.003023833
1.0,0.115936875
0.0,0.07171771
0.0,0.061478317
0.0,0.023433387
0.0,0.7074347
0.0,0.41518694
0.0,0.049581677
0.0,0.12368372
0.0,0.0059483945
0.0,0.376069
0.0,0.9267435
1.0,0.970923
0.0,0.4685741
0.0,0.012017548
1.0,0.98900306
0.0,0.004886836
0.0,0.00525856
0.0,0.0014069676
1.0,0.77700174
1.0,0.5883135
1.0,0.69238585
1.0,0.96880484
0.0,0.106532216
1.0,0.91506666
0.0,0.1532844
1.0,0.47842264
0.0,0.22073579
0.0,0.94896424
0.0,0.22302225
0.0,0.0033880174
0.0,0.030186206
1.0,0.95406914
1.0,0.23476446
0.0,0.9906142
1.0,0.7406956
0.0,0.0069544315
1.0,0.9588244
0.0,0.016766548
0.0,0.012173951
0.0,0.9388374
0.0,0.4807019
0.0,0.077092975
0.0,0.0022802055
1.0,0.9953397
0.0,0.0010361075
1.0,0.99132466
1.0,0.9102328
1.0,0.969141
0.0,0.0038738847
0.0,0.97642076
0.0,0.007860303
0.0,0.13516808
0.0,0.14992228
1.0,0.2666671
0.0,0.21338242
0.0,0.07683718
0.0,0.1070835
0.0,0.007615775
0.0,0.0029207468
0.0,0.11932552
0.0,0.8029984
0.0,0.0073152184
0.0,0.8608993
1.0,0.9872174
0.0,0.49822897
0.0,0.021898717
0.0,0.0037702918
0.0,0.003947258
1.0,0.90903836
0.0,0.615364
1.0,0.98396665
0.0,0.5238778
1.0,0.9958786
1.0,0.9671782
0.0,0.0048170686
0.0,0.059619844
0.0,0.028646737
0.0,0.20016107
0.0,0.036224872
0.0,0.6616503
1.0,0.96420884
0.0,0.01062119
1.0,0.62889767
0.0,0.50407434
0.0,0.005077213
0.0,0.013190478
1.0,0.9600954
0.0,0.008072257
1.0,0.99211085
0.0,0.0026360452
0.0,0.02808708
0.0,0.5912865
0.0,0.59716296
0.0,0.093505085
0.0,0.016720474
1.0,0.7309235
1.0,0.8878215
0.0,0.111032814
0.0,0.023045152
0.0,0.018361002
1.0,0.96246165
0.0,0.0365718
1.0,0.3836995
0.0,0.04331249
1.0,0.90806425
1.0,0.91468346
0.0,0.027466327
0.0,0.02238521
0.0,0.0029979944
1.0,0.91791725
0.0,0.24213114
0.0,0.841167
1.0,0.955616
1.0,0.31936795
0.0,0.8363546
0.0,0.019931644
1.0,0.9780524
0.0,0.008812964
0.0,0.009878397
0.0,0.0038280785
1.0,0.5952156
0.0,0.05877167
0.0,0.028948516
1.0,0.9370867
1.0,0.7986121
0.0,0.70900553
0.0,0.009169817
0.0,0.008373737
1.0,0.9327375
1.0,0.96810806
1.0,0.70063853
0.0,0.061011612
0.0,0.0023542345
0.0,0.012010932
0.0,0.0012380779
1.0,0.8708303
0.0,0.0013328791
0.0,0.61646396
0.0,0.19280908
0.0,0.5735903
0.0,0.20305851
0.0,0.0060097277
0.0,0.21016455
0.0,0.025905639
0.0,0.0061594546
1.0,0.19152144
1.0,0.9072529
0.0,0.7921237
0.0,0.13866213
1.0,0.022184521
0.0,0.001886636
1.0,0.92405343
0.0,0.026873171
0.0,0.020457715
1.0,0.94566876
1.0,0.9803722
0.0,0.22158909
0.0,0.0458712
1.0,0.39848787
0.0,0.15184477
0.0,0.2675031
0.0,0.98916674
0.0,0.02888009
1.0,0.9016818
1.0,0.22868735
0.0,0.33131897
0.0,0.0020765364
0.0,0.03878939
1.0,0.9015318
0.0,0.0059773326
1.0,0.35479462
0.0,0.037894398
1.0,0.84742665
1.0,0.6295561
0.0,0.6573459
1.0,0.15575752
0.0,0.69071263
0.0,0.0038968325
1.0,0.98035383
1.0,0.19313169
0.0,0.033949584
0.0,0.27431196
0.0,0.7887579
0.0,0.91333807
1.0,0.95565295
0.0,0.067204475
0.0,0.22860244
0.0,0.002959907
1.0,0.9743962
0.0,0.039919525
0.0,0.8594011
1.0,0.9508239
0.0,0.0011701882
0.0,0.8869092
0.0,0.042170584
1.0,0.3575074
0.0,0.13887662
1.0,0.97526085
0.0,0.012625873
1.0,0.04853505
1.0,0.56706923
1.0,0.9682802
1.0,0.9040142
0.0,0.0029021204
1.0,0.3504931
0.0,0.014613092
1.0,0.98011833
1.0,0.8283719
0.0,0.30618644
1.0,0.8515003
0.0,0.001915276
1.0,0.6012795
1.0,0.5934189
0.0,0.030275404
0.0,0.96319926
1.0,0.9950799
1.0,0.16586953
0.0,0.14436814
0.0,0.40452588
0.0,0.00069764256
0.0,0.007692218
0.0,0.6557431
1.0,0.9070674
1.0,0.9471725
1.0,0.4690422
1.0,0.7971364
1.0,0.9947437
1.0,0.9777628
0.0,0.521836
1.0,0.9383012
0.0,0.0031916797
0.0,0.017692864
0.0,0.08945608
1.0,0.027344614
1.0,0.75110877
0.0,0.03233838
0.0,0.021771222
0.0,0.90183496
1.0,0.786093
1.0,0.09103197
1.0,0.88304865
0.0,0.00270015
0.0,0.9732892
0.0,0.09691879
0.0,0.12772608
0.0,0.022575319
0.0,0.015331358
1.0,0.97232497
1.0,0.9154285
0.0,0.033213437
0.0,0.023294687
0.0,0.7542538
0.0,0.7092298
0.0,0.7077538
0.0,0.22234398
0.0,0.83519113
1.0,0.8317573
0.0,0.18150645
1.0,0.945215
0.0,0.005062759
0.0,0.89111936
0.0,0.074905306
0.0,0.7022956
1.0,0.95352185
1.0,0.8331733
1.0,0.66102177
1.0,0.77762353
0.0,0.0014901161
0.0,0.34162864
1.0,0.6682668
1.0,0.9036236
0.0,0.2934397
0.0,0.00811252
0.0,0.04438725
1.0,0.8193754
0.0,0.010925949
1.0,0.032414526
0.0,0.012033641
0.0,0.04924217
0.0,0.02262041
0.0,0.019933164
0.0,0.07614601
0.0,0.016382098
0.0,0.16406214
1.0,0.9799417
0.0,0.0027777255
0.0,0.64571667
0.0,0.019221991
1.0,0.3068935
0.0,0.030036747
1.0,0.98453844
0.0,0.0081296265
0.0,0.0095026195
0.0,0.006716281
0.0,0.07414919
0.0,0.012864202
0.0,0.01961431
1.0,0.958192
0.0,0.10175687
1.0,0.85361147
1.0,0.9605843
0.0,0.026364386
0.0,0.032324523
1.0,0.932856
1.0,0.99513096
0.0,0.3971303
0.0,0.4030269
0.0,0.112973094
0.0,0.052362382
0.0,0.008803219
1.0,0.41144556
0.0,0.027175367
1.0,0.6734685
1.0,0.4562251
0.0,0.9741745
0.0,0.08996397
0.0,0.0077534616
0.0,0.0076525807
0.0,0.8981822
0.0,0.006393194
0.0,0.009065777
0.0,0.79117405
1.0,0.80627525
1.0,0.82029617
0.0,0.027389228
0.0,0.021007895
0.0,0.10570365
1.0,0.9332764
0.0,0.0024362803
0.0,0.015810102
1.0,0.5198408
1.0,0.96642333
0.0,0.167463
0.0,0.06133917
0.0,0.016309828
1.0,0.9556749
0.0,0.021410316
1.0,0.96883035
1.0,0.78860617
0.0,0.004906833
0.0,0.026780367
0.0,0.02722928
1.0,0.66740686
0.0,0.030337662
1.0,0.8281248
0.0,0.0039630234
1.0,0.804533
0.0,0.03401372
0.0,0.033245593
0.0,0.002268523
1.0,0.98988175
0.0,0.78984046
1.0,0.98211616
1.0,0.95431757
0.0,0.004337281
1.0,0.33367175
0.0,0.05995962
1.0,0.3209328
0.0,0.0027742982
1.0,0.93312335
0.0,0.0023076534
1.0,0.8032221
1.0,0.9636148
1.0,0.9780997
0.0,0.011348039
1.0,0.93821895
1.0,0.5267333
0.0,0.012291551
1.0,0.95485973
1.0,0.41827488
1.0,0.055294935
0.0,0.11635934
0.0,0.0072485073
0.0,0.9734157
0.0,0.080547586
