0.0,0.15821338
0.0,0.8452226
1.0,0.21298394
0.0,0.0859378
1.0,0.5161957
0.0,0.03553623
1.0,0.95672244
1.0,0.80853695
1.0,0.69752055
0.0,0.009003401
0.0,0.2135908
1.0,0.94354093
0.0,0.01281625
0.0,0.12553686
0.0,0.042140126
0.0,0.0090280175
1.0,0.1803
0.0,0.0383794
0.0,0.015078902
1.0,0.591229
1.0,0.67407304
0.0,0.009163469
1.0,0.95656633
0.0,0.034111887
0.0,0.009321153
1.0,0.7879722
0.0,0.064415544
1.0,0.88884336
0.0,0.019458294
1.0,0.86892027
0.0,0.018871218
0.0,0.23179778
1.0,0.93962884
1.0,0.99356306
1.0,0.9198514
1.0,0.97811174
1.0,0.5521935
0.0,0.03319013
1.0,0.95286405
1.0,0.048468858
1.0,0.9708381
1.0,0.984829
0.0,0.01871705
1.0,0.98397017
1.0,0.86011124
0.0,0.038321406
0.0,0.003889203
0.0,0.07112411
0.0,0.0318833
1.0,0.9963345
0.0,0.20131207
1.0,0.79830897
1.0,0.9826122
1.0,0.76572275
0.0,0.017680138
0.0,0.010100484
0.0,0.0886271
1.0,0.042980283
1.0,0.74171066
1.0,0.15905336
1.0,0.99369025
0.0,0.33955377
1.0,0.9905728
1.0,0.8666403
1.0,0.9836727
0.0,0.13232008
0.0,0.085018635
1.0,0.97823375
0.0,0.018040895
1.0,0.94756144
0.0,0.22023278
1.0,0.9592092
0.0,0.004360616
0.0,0.0726625
1.0,0.35819963
0.0,0.082817495
0.0,0.017256558
0.0,0.29293406
0.0,0.01249963
1.0,0.94410986
0.0,0.02331248
1.0,0.9873185
1.0,0.97723174
1.0,0.9986096
1.0,0.98869944
1.0,0.8190066
1.0,0.9871361
0.0,0.10832998
0.0,0.026188314
1.0,0.8633603
0.0,0.007537931
1.0,0.14673936
0.0,0.015516877
0.0,0.7455335
0.0,0.38344023
1.0,0.95978236
0.0,0.031419516
0.0,0.051294863
1.0,0.49413025
1.0,0.9933933
0.0,0.012579352
0.0,0.056939393
1.0,0.034330547
0.0,0.10169563
0.0,0.08472127
1.0,0.8472754
1.0,0.026545763
0.0,0.028359741
1.0,0.011382818
1.0,0.98941326
1.0,0.96067774
0.0,0.0571779
1.0,0.04011351
0.0,0.050333202
0.0,0.05160597
1.0,0.57897353
0.0,0.04767689
1.0,0.26317686
1.0,0.47838688
1.0,0.98174536
0.0,0.21182722
1.0,0.99257076
0.0,0.96603966
0.0,0.02269584
0.0,0.17195544
1.0,0.5129049
0.0,0.011920631
0.0,0.104890466
1.0,0.97599506
1.0,0.84892035
1.0,0.9872998
0.0,0.030026883
0.0,0.020094424
1.0,0.24296385
1.0,0.98756135
0.0,0.8037329
0.0,0.020233601
0.0,0.025992185
0.0,0.05034551
0.0,0.029850513
1.0,0.7036676
0.0,0.11715233
1.0,0.111528635
0.0,0.013580412
0.0,0.012074679
0.0,0.0034190416
1.0,0.19848824
0.0,0.01200977
0.0,0.025703609
0.0,0.03868729
0.0,0.10305613
0.0,0.009386778
0.0,0.015042067
0.0,0.9045807
0.0,0.14954036
1.0,0.9665884
0.0,0.0068480372
0.0,0.012171656
1.0,0.99678415
0.0,0.018473715
0.0,0.12085408
0.0,0.062637925
0.0,0.027783722
0.0,0.09373912
1.0,0.9974786
0.0,0.07834196
1.0,0.9318766
0.0,0.057739973
0.0,0.010981023
1.0,0.7419668
0.0,0.95832765
0.0,0.9747901
0.0,0.9652738
0.0,0.0031255782
1.0,0.8441436
1.0,0.91219044
0.0,0.06079948
1.0,0.70251215
0.0,0.42103237
1.0,0.97122025
1.0,0.82620347
1.0,0.9665265
1.0,0.98678356
1.0,0.98514557
0.0,0.8336772
0.0,0.007464409
0.0,0.011933088
0.0,0.9853817
0.0,0.070700556
0.0,0.04412943
1.0,0.19866094
0.0,0.0031552017
0.0,0.81125665
1.0,0.97944164
1.0,0.8042575
1.0,0.9974694
0.0,0.00765875
0.0,0.04597795
0.0,0.0072372556
1.0,0.055550188
0.0,0.30561155
0.0,0.15265799
0.0,0.66474736
0.0,0.3494332
0.0,0.12280208
1.0,0.04894367
0.0,0.059616417
1.0,0.16150534
0.0,0.005046457
0.0,0.041050285
0.0,0.010577232
1.0,0.9793362
0.0,0.04628709
0.0,0.05844021
0.0,0.04987201
0.0,0.012727499
0.0,0.8936082
0.0,0.19904605
1.0,0.99495137
0.0,0.017030507
0.0,0.016353637
1.0,0.21916535
1.0,0.99082196
0.0,0.21431273
0.0,0.022004515
0.0,0.004220575
0.0,0.075600415
0.0,0.025351882
0.0,0.120648116
1.0,0.97071755
0.0,0.07553661
1.0,0.40062708
0.0,0.009108424
1.0,0.18864849
1.0,0.49328983
0.0,0.044305325
0.0,0.07120243
0.0,0.03678286
1.0,0.8927196
1.0,0.752573
1.0,0.9827697
1.0,0.7947277
0.0,0.027459294
0.0,0.85539514
1.0,0.9921412
0.0,0.41919595
0.0,0.007809162
0.0,0.023585945
0.0,0.06585467
0.0,0.09857017
0.0,0.03495249
0.0,0.116603106
1.0,0.5272157
0.0,0.031471312
0.0,0.0661954
0.0,0.0706307
1.0,0.9021133
1.0,0.98310494
0.0,0.02680567
0.0,0.17865536
0.0,0.04262674
1.0,0.99253976
0.0,0.040473282
0.0,0.006189227
0.0,0.030074507
0.0,0.027564973
1.0,0.991037
1.0,0.9553015
1.0,0.9882444
0.0,0.031894863
1.0,0.9400002
0.0,0.03339669
0.0,0.04452911
0.0,0.42610133
1.0,0.97141945
1.0,0.34119797
0.0,0.005880028
0.0,0.04891634
1.0,0.873922
1.0,0.31902766
0.0,0.035207212
1.0,0.080313265
1.0,0.9903424
0.0,0.7494635
0.0,0.17528495
0.0,0.07461676
0.0,0.031751096
0.0,0.3369003
0.0,0.03158623
1.0,0.9952438
0.0,0.031616837
0.0,0.025909543
1.0,0.99802226
0.0,0.015561074
1.0,0.96932197
1.0,0.023944885
1.0,0.93804884
1.0,0.87882674
1.0,0.9644513
0.0,0.048971146
1.0,0.94416845
0.0,0.8405292
1.0,0.99591994
0.0,0.51280546
0.0,0.2527659
0.0,0.032218665
0.0,0.05169061
0.0,0.2648893
1.0,0.9903034
0.0,0.9699603
1.0,0.85592914
0.0,0.88705075
1.0,0.7826065
1.0,0.9874505
0.0,0.02268657
0.0,0.01071921
0.0,0.021689236
1.0,0.95543396
1.0,0.16636837
0.0,0.007035166
0.0,0.003924638
0.0,0.012414485
0.0,0.03357038
1.0,0.9452858
1.0,0.71912897
0.0,0.027411819
0.0,0.082199275
1.0,0.7735636
1.0,0.98901623
1.0,0.26345462
0.0,0.051920205
0.0,0.83357036
0.0,0.008936405
0.0,0.67671025
1.0,0.98949265
1.0,0.80922455
0.0,0.040257573
0.0,0.041382134
0.0,0.009087294
0.0,0.66308594
0.0,0.011002094
0.0,0.19583824
1.0,0.30200267
0.0,0.15599036
0.0,0.057626486
0.0,0.048723638
0.0,0.40587288
0.0,0.8676767
0.0,0.031621546
0.0,0.009880185
1.0,0.32777548
0.0,0.043477207
1.0,0.7292239
0.0,0.0066360235
0.0,0.12555847
0.0,0.22714081
0.0,0.0045083165
0.0,0.9797188
1.0,0.46280697
1.0,0.93072444
0.0,0.71398926
1.0,0.8932059
0.0,0.013734877
0.0,0.3795337
0.0,0.29843324
0.0,0.22840929
0.0,0.019015998
0.0,0.0048660636
1.0,0.26964182
0.0,0.018979251
1.0,0.9873339
0.0,0.073756814
1.0,0.36136088
0.0,0.11694339
1.0,0.057845443
1.0,0.9664701
1.0,0.9770788
0.0,0.009125233
0.0,0.04569441
1.0,0.9744879
0.0,0.036159664
0.0,0.033542335
1.0,0.024698615
1.0,0.9881098
0.0,0.30594704
1.0,0.98016
1.0,0.9921536
0.0,0.75150275
0.0,0.048624277
0.0,0.30855948
0.0,0.059589773
0.0,0.01849085
0.0,0.05275029
1.0,0.98123807
0.0,0.10714513
1.0,0.8883529
1.0,0.19310305
0.0,0.013886005
0.0,0.07037771
0.0,0.8718539
1.0,0.9917762
1.0,0.96781623
1.0,0.40389103
0.0,0.17267239
1.0,0.9867238
1.0,0.8630796
0.0,0.006422311
0.0,0.16871792
0.0,0.87369126
0.0,0.88404477
1.0,0.9741677
0.0,0.034041792
1.0,0.5247758
0.0,0.8229018
0.0,0.0873445
0.0,0.045143664
0.0,0.013757616
0.0,0.020277977
0.0,0.02922368
0.0,0.04944408
0.0,0.016111046
0.0,0.031295568
0.0,0.33733374
0.0,0.11781901
0.0,0.018622905
0.0,0.19481686
0.0,0.03412643
1.0,0.68150836
0.0,0.2073197
1.0,0.9743389
0.0,0.019571692
0.0,0.013728738
0.0,0.010329902
0.0,0.9271403
0.0,0.50551426
0.0,0.08883664
0.0,0.058511585
0.0,0.0042947233
0.0,0.02628398
0.0,0.03264773
0.0,0.62636316
1.0,0.9537412
0.0,0.030999452
0.0,0.015907943
0.0,0.55776364
0.0,0.0545817
1.0,0.5889001
0.0,0.8687074
1.0,0.25155282
0.0,0.0084373355
0.0,0.18793246
1.0,0.9812396
0.0,0.89117885
1.0,0.86696184
1.0,0.9653071
1.0,0.9494535
1.0,0.9811121
0.0,0.008706182
1.0,0.8000076
0.0,0.013831705
0.0,0.020290196
0.0,0.109690785
1.0,0.9972706
0.0,0.01145643
0.0,0.050392568
1.0,0.39454383
1.0,0.99873453
0.0,0.06943491
0.0,0.0046857
1.0,0.77569854
0.0,0.050315857
1.0,0.7594167
0.0,0.43944955
0.0,0.2932425
1.0,0.8864298
0.0,0.7843181
0.0,0.00880897
1.0,0.07809684
0.0,0.02654177
1.0,0.99568397
0.0,0.006252438
1.0,0.3389551
1.0,0.58419114
1.0,0.78442264
1.0,0.9866301
0.0,0.14868313
0.0,0.03639579
1.0,0.85282034
0.0,0.025330693
0.0,0.2732013
1.0,0.7229203
1.0,0.87352556
1.0,0.96484435
0.0,0.009078622
1.0,0.965472
1.0,0.89612806
0.0,0.11421895
1.0,0.9851495
0.0,0.5369154
1.0,0.8966137
1.0,0.943301
0.0,0.77932554
0.0,0.4665233
1.0,0.36211318
0.0,0.27014297
1.0,0.9827709
0.0,0.95265937
0.0,0.053545356
0.0,0.8703312
1.0,0.99509907
0.0,0.0043408275
0.0,0.0076091886
0.0,0.79477215
1.0,0.36085874
0.0,0.029680103
0.0,0.0067575276
0.0,0.051659733
0.0,0.8274199
1.0,0.50389
1.0,0.9263967
0.0,0.065704405
0.0,0.6113145
0.0,0.07307336
0.0,0.06092733
0.0,0.019967616
1.0,0.97443795
0.0,0.03121519
1.0,0.97094077
0.0,0.72460324
0.0,0.12054801
1.0,0.79698956
0.0,0.020826578
0.0,0.047528207
0.0,0.0240663
0.0,0.006813526
0.0,0.11111745
0.0,0.0046099126
0.0,0.030905724
0.0,0.03559822
1.0,0.9004659
1.0,0.9916216
0.0,0.0049785078
0.0,0.037496507
1.0,0.97995144
0.0,0.013948053
1.0,0.9281845
0.0,0.210879
0.0,0.00432387
1.0,0.8936374
0.0,0.103573084
1.0,0.45480776
0.0,0.27412745
1.0,0.28847942
0.0,0.027875751
0.0,0.051610082
0.0,0.70216286
1.0,0.98905957
0.0,0.00590384
0.0,0.055095762
0.0,0.016547263
0.0,0.98153
1.0,0.38900888
0.0,0.0244219
0.0,0.012803167
1.0,0.9776039
1.0,0.031482488
0.0,0.1287106
1.0,0.7230228
0.0,0.04467824
0.0,0.14400047
1.0,0.97438693
1.0,0.9975102
0.0,0.23371077
1.0,0.971942
1.0,0.9802396
0.0,0.018849611
0.0,0.047251135
0.0,0.03078118
1.0,0.058184475
0.0,0.0054585636
0.0,0.037274867
0.0,0.008514851
1.0,0.99791753
1.0,0.35102195
0.0,0.010204345
1.0,0.4298191
1.0,0.06270981
0.0,0.4314142
1.0,0.9513228
0.0,0.04886684
1.0,0.96683896
0.0,0.074337035
1.0,0.9542798
0.0,0.023857474
0.0,0.022035152
1.0,0.8352354
0.0,0.011276573
1.0,0.86775875
0.0,0.034866005
0.0,0.0182195
0.0,0.01669532
1.0,0.75408036
0.0,0.2060509
1.0,0.47557428
0.0,0.0051770806
1.0,0.32586572
1.0,0.3947576
0.0,0.0057034492
1.0,0.99221146
1.0,0.9784752
1.0,0.14576441
1.0,0.8807212
0.0,0.022220045
0.0,0.015674561
0.0,0.7875496
1.0,0.959529
1.0,0.5434389
0.0,0.020588785
0.0,0.047607154
0.0,0.123463154
1.0,0.91650605
0.0,0.28427485
1.0,0.010582715
1.0,0.97355914
0.0,0.029189736
0.0,0.041133285
1.0,0.9811209
0.0,0.7308131
1.0,0.9892909
0.0,0.72644895
0.0,0.030684948
0.0,0.023628622
1.0,0.063954264
0.0,0.029880852
1.0,0.98764586
0.0,0.025490493
1.0,0.4690679
0.0,0.6527568
0.0,0.09918702
1.0,0.061562687
1.0,0.34041584
1.0,0.74808455
1.0,0.95876217
0.0,0.05457285
0.0,0.039574355
0.0,0.2685359
0.0,0.0034170747
1.0,0.97647506
1.0,0.85714597
0.0,0.0071827173
0.0,0.018764138
0.0,0.0050380826
1.0,0.7721316
0.0,0.03181508
0.0,0.041363418
0.0,0.061278313
0.0,0.11916876
0.0,0.0381597
0.0,0.20248109
1.0,0.8867986
0.0,0.9575335
1.0,0.41377902
0.0,0.045888215
0.0,0.2638813
1.0,0.7571611
1.0,0.8761801
1.0,0.9567251
0.0,0.029106468
0.0,0.21046233
1.0,0.13822988
0.0,0.008061498
0.0,0.061126858
0.0,0.14069301
1.0,0.9140217
0.0,0.033462018
0.0,0.038832188
1.0,0.9916295
0.0,0.14204392
1.0,0.9975377
1.0,0.9350388
1.0,0.98924494
0.0,0.014106482
1.0,0.9819837
1.0,0.8334218
0.0,0.048555702
1.0,0.20079729
0.0,0.018286794
0.0,0.14778176
0.0,0.08534306
0.0,0.005123943
1.0,0.83931106
1.0,0.33343995
1.0,0.99745154
1.0,0.9749056
1.0,0.9905212
0.0,0.5706799
0.0,0.98895586
1.0,0.98844016
0.0,0.02553606
1.0,0.62785375
1.0,0.9937792
0.0,0.05433339
1.0,0.09635016
1.0,0.4601903
0.0,0.028000325
0.0,0.03211537
0.0,0.014762402
0.0,0.03716141
1.0,0.47545448
1.0,0.98855674
0.0,0.009256184
0.0,0.030770242
1.0,0.056313127
1.0,0.8077297
1.0,0.056541115
0.0,0.04894954
1.0,0.80213505
1.0,0.13532427
0.0,0.023178607
0.0,0.2169773
1.0,0.8980782
1.0,0.9933243
0.0,0.34981132
1.0,0.8432934
0.0,0.08028939
0.0,0.80802613
1.0,0.9940449
0.0,0.5838798
1.0,0.98818296
0.0,0.88191783
0.0,0.20335922
0.0,0.06566915
1.0,0.95547295
1.0,0.52417386
0.0,0.01769507
0.0,0.016942441
1.0,0.72303873
0.0,0.023678035
1.0,0.989196
1.0,0.91904724
1.0,0.7826894
0.0,0.07877225
0.0,0.86725736
0.0,0.85291433
0.0,0.016998678
0.0,0.0030328333
1.0,0.99824095
0.0,0.2633196
0.0,0.022920042
1.0,0.97836244
0.0,0.028289258
1.0,0.072476774
1.0,0.86344665
0.0,0.0151518285
0.0,0.20615157
0.0,0.84377396
0.0,0.011898369
0.0,0.0042256117
0.0,0.015332729
0.0,0.025720924
0.0,0.939353
1.0,0.6039302
1.0,0.9713696
0.0,0.7594234
0.0,0.53228444
0.0,0.015621483
0.0,0.052680135
0.0,0.018438697
1.0,0.036099017
0.0,0.024862647
0.0,0.0052031875
1.0,0.99734473
1.0,0.76636
0.0,0.014655679
0.0,0.9872425
0.0,0.0034460425
0.0,0.033569813
0.0,0.0060794055
0.0,0.045478553
1.0,0.93873405
1.0,0.7670043
1.0,0.94506013
0.0,0.004381746
1.0,0.8514486
1.0,0.97635984
0.0,0.055090785
0.0,0.0039148927
1.0,0.7887497
1.0,0.1786595
1.0,0.93135124
1.0,0.9706498
1.0,0.7630887
0.0,0.073408395
0.0,0.1657629
1.0,0.37026584
0.0,0.012952417
1.0,0.97829175
0.0,0.015718997
1.0,0.5393678
0.0,0.03081131
0.0,0.15814269
0.0,0.022922695
0.0,0.017657906
0.0,0.1310615
0.0,0.005354941
0.0,0.004278779
0.0,0.025789827
0.0,0.6902154
0.0,0.006997615
0.0,0.012525916
1.0,0.95871377
1.0,0.7284485
1.0,0.98931754
0.0,0.97893727
0.0,0.39457572
0.0,0.9081476
0.0,0.029592335
1.0,0.99295795
1.0,0.24241725
1.0,0.92960215
1.0,0.99050725
0.0,0.9152322
0.0,0.017047167
0.0,0.0073958933
1.0,0.83994293
0.0,0.019206792
1.0,0.011630684
1.0,0.98680544
0.0,0.113012105
0.0,0.019464433
0.0,0.013623387
0.0,0.74958694
1.0,0.93068737
1.0,0.9712705
0.0,0.03906077
1.0,0.9637787
1.0,0.7308716
0.0,0.5643977
0.0,0.029325545
1.0,0.3272035
0.0,0.0038143992
0.0,0.092847615
0.0,0.0056006312
0.0,0.31039342
0.0,0.04034227
1.0,0.44966772
0.0,0.03633997
0.0,0.6251146
1.0,0.99381405
1.0,0.94824445
0.0,0.3796533
0.0,0.42674893
1.0,0.7742442
0.0,0.0928964
0.0,0.0029687881
1.0,0.59439826
0.0,0.053953588
0.0,0.02595529
0.0,0.0298841
1.0,0.9871197
0.0,0.2041893
1.0,0.84036255
1.0,0.98306763
1.0,0.99801016
0.0,0.019559413
1.0,0.80134964
0.0,0.041174382
1.0,0.9729223
0.0,0.078155726
1.0,0.9819577
0.0,0.027073264
0.0,0.027284175
1.0,0.98648083
0.0,0.01357013
0.0,0.010103971
1.0,0.60671353
1.0,0.88571584
1.0,0.068680316
1.0,0.7933706
1.0,0.66092205
1.0,0.9839599
1.0,0.74428785
0.0,0.0237948
1.0,0.08549106
1.0,0.9946182
0.0,0.06267056
0.0,0.006828636
0.0,0.004395902
1.0,0.4929572
0.0,0.01885277
0.0,0.08233613
0.0,0.24827272
1.0,0.9808749
0.0,0.007298827
0.0,0.090836376
1.0,0.6460716
1.0,0.96843374
1.0,0.890381
1.0,0.116437316
0.0,0.98989004
0.0,0.07627785
0.0,0.059235156
0.0,0.04890877
0.0,0.005229205
0.0,0.0453341
0.0,0.034896284
1.0,0.048588425
1.0,0.9778338
0.0,0.053003013
1.0,0.89436334
0.0,0.017997473
0.0,0.004339397
1.0,0.9929198
0.0,0.019626677
0.0,0.91962594
0.0,0.01941365
0.0,0.14282787
0.0,0.02697292
0.0,0.017439991
0.0,0.9669262
1.0,0.7035147
0.0,0.060061216
0.0,0.16043046
1.0,0.9089169
0.0,0.008084536
1.0,0.85733056
0.0,0.04470527
0.0,0.005984515
0.0,0.019330382
0.0,0.18998384
0.0,0.0041352212
0.0,0.014003158
0.0,0.030236125
0.0,0.041751713
0.0,0.80129397
1.0,0.7116942
0.0,0.071845174
1.0,0.7876326
0.0,0.62474847
1.0,0.06515625
0.0,0.08483696
0.0,0.0074049532
0.0,0.07161692
1.0,0.96942765
1.0,0.034911245
1.0,0.20952436
0.0,0.036148578
0.0,0.5748909
1.0,0.8047099
0.0,0.01587814
0.0,0.04471141
1.0,0.1521242
0.0,0.014892101
1.0,0.96414495
1.0,0.19254145
0.0,0.016085327
1.0,0.45815337
0.0,0.089793205
1.0,0.15098739
0.0,0.2284325
1.0,0.99663246
0.0,0.0029060245
0.0,0.98654234
0.0,0.047875553
0.0,0.037896454
0.0,0.010276914
0.0,0.054968297
0.0,0.02556923
1.0,0.9722674
0.0,0.010541499
0.0,0.004684925
0.0,0.0026884377
0.0,0.16180864
0.0,0.10830465
1.0,0.109600365
0.0,0.37449992
0.0,0.1086773
1.0,0.49996808
0.0,0.4681303
1.0,0.97813356
0.0,0.7487584
1.0,0.93909204
1.0,0.9573807
0.0,0.012511075
1.0,0.9982229
0.0,0.4422335
0.0,0.029703736
0.0,0.028300136
0.0,0.06355438
1.0,0.097536445
1.0,0.994404
0.0,0.042277843
0.0,0.15398824
1.0,0.99690604
0.0,0.04404813
1.0,0.60868007
1.0,0.03010887
1.0,0.81470907
0.0,0.032452106
1.0,0.6501252
0.0,0.022558093
1.0,0.9075676
1.0,0.14086694
0.0,0.1943821
0.0,0.8160292
0.0,0.0369367
0.0,0.16000047
1.0,0.7684995
1.0,0.961431
1.0,0.9902091
0.0,0.029350966
0.0,0.0046055615
1.0,0.9691043
0.0,0.9690364
0.0,0.004282832
0.0,0.01914835
1.0,0.62489605
0.0,0.06296179
0.0,0.019927979
0.0,0.108983696
0.0,0.051541656
1.0,0.77476716
1.0,0.9804432
0.0,0.0765138
0.0,0.048689336
0.0,0.01850921
1.0,0.99395823
0.0,0.028486907
0.0,0.81950116
1.0,0.9026526
0.0,0.013807893
0.0,0.7342436
1.0,0.984079
0.0,0.060861826
1.0,0.2840311
1.0,0.10944253
0.0,0.029926717
0.0,0.043743968
0.0,0.009212524
0.0,0.020788014
1.0,0.9889067
1.0,0.99932563
1.0,0.991463
1.0,0.12448245
0.0,0.8960403
0.0,0.04319185
1.0,0.7461908
1.0,0.99431694
0.0,0.08004326
0.0,0.039077967
1.0,0.3743052
0.0,0.013341963
1.0,0.7463598
0.0,0.013386577
0.0,0.24051848
1.0,0.9857236
0.0,0.051226854
0.0,0.005352795
0.0,0.03272435
0.0,0.035252184
0.0,0.3462845
1.0,0.06237653
0.0,0.04443729
1.0,0.9880826
0.0,0.10122037
1.0,0.9705404
0.0,0.13773772
1.0,0.75791967
1.0,0.9896318
1.0,0.99713737
0.0,0.9631853
0.0,0.005025953
1.0,0.18519479
0.0,0.06407076
0.0,0.0456945
1.0,0.92916995
1.0,0.12899166
0.0,0.20720837
1.0,0.95571786
1.0,0.9845646
0.0,0.8910779
0.0,0.017632276
0.0,0.8189213
0.0,0.018598586
0.0,0.003786087
0.0,0.92448574
1.0,0.9859128
1.0,0.9916147
1.0,0.97026384
0.0,0.005186707
0.0,0.016630083
0.0,0.018129885
0.0,0.031841338
0.0,0.03171453
0.0,0.05902189
1.0,0.9002987
1.0,0.97160447
1.0,0.6806262
0.0,0.09802765
0.0,0.037466377
1.0,0.9038383
0.0,0.11915523
0.0,0.51334006
1.0,0.89092433
0.0,0.7808496
0.0,0.9307873
1.0,0.7734319
0.0,0.0434286
1.0,0.65862083
1.0,0.9029398
0.0,0.9720122
0.0,0.014433205
1.0,0.99839234
0.0,0.00838545
0.0,0.49674928
1.0,0.86080873
1.0,0.97263324
1.0,0.7661874
1.0,0.9628539
0.0,0.98294276
0.0,0.036153227
0.0,0.007648617
1.0,0.7926711
0.0,0.9907392
1.0,0.79681885
0.0,0.8193427
1.0,0.938979
1.0,0.76924074
0.0,0.06890452
0.0,0.040471435
0.0,0.011379063
0.0,0.4033237
0.0,0.04651761
0.0,0.017334878
1.0,0.5198002
1.0,0.13329163
0.0,0.9429631
1.0,0.9850086
1.0,0.62977946
0.0,0.00893718
0.0,0.119754314
1.0,0.8959856
1.0,0.20761675
0.0,0.030311882
0.0,0.11828342
0.0,0.01723221
0.0,0.021188915
1.0,0.619235
1.0,0.9738862
0.0,0.04831618
0.0,0.005879283
0.0,0.04923275
0.0,0.14767021
0.0,0.01857683
0.0,0.03153056
0.0,0.94463325
0.0,0.37995386
0.0,0.016885102
0.0,0.039392233
0.0,0.13310006
1.0,0.99005127
1.0,0.87712586
0.0,0.016981661
0.0,0.027144432
0.0,0.0039082468
0.0,0.004989028
0.0,0.085229665
0.0,0.30889547
0.0,0.029512435
0.0,0.2699365
1.0,0.9740509
1.0,0.995958
1.0,0.90705514
1.0,0.89761746
1.0,0.99306417
0.0,0.5916463
0.0,0.039957732
0.0,0.061045587
0.0,0.05526954
1.0,0.8167344
0.0,0.0234209
1.0,0.9480356
0.0,0.036687165
0.0,0.44325566
0.0,0.8848281
0.0,0.031166345
0.0,0.05466035
0.0,0.10022265
0.0,0.22690281
0.0,0.01655224
1.0,0.88756835
1.0,0.13098687
0.0,0.14638469
0.0,0.14176229
0.0,0.013785034
0.0,0.0113149285
1.0,0.99001896
0.0,0.018414348
1.0,0.08675611
0.0,0.042613864
1.0,0.61400276
0.0,0.017489076
0.0,0.08912507
1.0,0.9124224
0.0,0.0035698414
1.0,0.9768025
0.0,0.061437607
0.0,0.5186383
0.0,0.21481311
0.0,0.005574316
0.0,0.0047423244
1.0,0.9479641
1.0,0.994673
0.0,0.53206414
0.0,0.047659934
0.0,0.01972568
0.0,0.1274918
1.0,0.86468244
0.0,0.7129057
1.0,0.17832497
1.0,0.37861255
0.0,0.6263715
0.0,0.032342225
0.0,0.0738354
0.0,0.03185907
0.0,0.046383798
0.0,0.037845403
0.0,0.048888057
0.0,0.61160195
0.0,0.1775741
1.0,0.9425709
0.0,0.99397755
0.0,0.015103608
1.0,0.91958237
0.0,0.029596567
0.0,0.04325068
0.0,0.0050091743
0.0,0.032881826
1.0,0.05544439
1.0,0.9795408
1.0,0.9864837
0.0,0.023563147
0.0,0.009180307
0.0,0.019596279
0.0,0.3342687
0.0,0.43247446
0.0,0.74052906
1.0,0.99520934
1.0,0.9882848
1.0,0.9449562
0.0,0.038134128
1.0,0.99258363
1.0,0.61666375
0.0,0.03095892
1.0,0.9725068
0.0,0.021808296
0.0,0.018431991
0.0,0.7192511
1.0,0.99486285
1.0,0.9765599
1.0,0.6924442
0.0,0.9176898
0.0,0.32094026
0.0,0.022140265
1.0,0.9825822
1.0,0.98581654
1.0,0.96913826
1.0,0.8810828
0.0,0.053228945
0.0,0.03810975
0.0,0.034887046
0.0,0.27355874
1.0,0.97881114
0.0,0.030228227
0.0,0.06436974
0.0,0.10244721
1.0,0.2612723
0.0,0.027341127
0.0,0.20777461
0.0,0.07253811
0.0,0.3163085
0.0,0.024825811
0.0,0.118162245
0.0,0.023063034
0.0,0.16255066
0.0,0.0048481524
1.0,0.99394345
1.0,0.17235163
0.0,0.1296438
0.0,0.98912144
0.0,0.056676894
1.0,0.8993386
0.0,0.011115342
0.0,0.041340858
0.0,0.5063569
0.0,0.012305766
1.0,0.96741223
0.0,0.016117722
0.0,0.07498774
1.0,0.49916536
1.0,0.96671844
1.0,0.94732904
0.0,0.050049514
0.0,0.08977568
1.0,0.88101184
1.0,0.98749685
1.0,0.9892845
0.0,0.8731203
0.0,0.503194
0.0,0.0046989024
1.0,0.075247645
1.0,0.9931715
0.0,0.019048005
0.0,0.89720094
1.0,0.7974496
1.0,0.9890635
0.0,0.015654415
1.0,0.8376874
1.0,0.23676911
0.0,0.023279428
1.0,0.18493104
0.0,0.05358836
0.0,0.009739667
0.0,0.9672667
0.0,0.032294035
1.0,0.7503952
0.0,0.27726746
1.0,0.8341845
1.0,0.74567354
1.0,0.66096133
0.0,0.008020997
0.0,0.46898153
1.0,0.5524954
0.0,0.004979551
1.0,0.8363458
1.0,0.7206075
0.0,0.9706398
0.0,0.037371397
1.0,0.06347448
1.0,0.9920527
0.0,0.0047222674
1.0,0.80987096
1.0,0.2017909
1.0,0.92455816
1.0,0.9952569
1.0,0.27231574
1.0,0.97905695
0.0,0.04929456
0.0,0.21599108
0.0,0.044748545
1.0,0.9494618
1.0,0.52936316
0.0,0.04201877
0.0,0.027617037
1.0,0.14304155
0.0,0.013133347
1.0,0.99098754
0.0,0.1156764
1.0,0.81650573
1.0,0.97644776
0.0,0.16459867
1.0,0.34153065
0.0,0.04210475
1.0,0.99759555
1.0,0.97189236
1.0,0.13639626
0.0,0.033842057
0.0,0.04844117
1.0,0.8262758
0.0,0.07887936
1.0,0.920129
0.0,0.038602054
0.0,0.9480948
0.0,0.059313297
0.0,0.31717885
0.0,0.007370323
0.0,0.16198215
0.0,0.13624632
1.0,0.97592366
1.0,0.116601944
0.0,0.027655631
1.0,0.9905535
1.0,0.88204753
0.0,0.91191113
0.0,0.726106
0.0,0.0785951
0.0,0.03203562
0.0,0.029793888
0.0,0.043893635
1.0,0.40327814
1.0,0.9941275
0.0,0.008112252
0.0,0.0038829446
0.0,0.7507176
0.0,0.93627846
0.0,0.08776176
1.0,0.9304533
0.0,0.102138996
0.0,0.05395302
1.0,0.9194189
1.0,0.9702958
0.0,0.03242755
0.0,0.18840075
0.0,0.013833135
1.0,0.9400668
1.0,0.9186176
0.0,0.030757844
0.0,0.0446499
0.0,0.008767188
0.0,0.13588238
0.0,0.009915978
1.0,0.98394173
1.0,0.70535153
1.0,0.13379416
0.0,0.0067773163
1.0,0.22261438
0.0,0.41720042
1.0,0.99688596
1.0,0.39117494
0.0,0.007223904
0.0,0.0066581666
0.0,0.009108186
0.0,0.85916793
0.0,0.47087476
1.0,0.99853957
0.0,0.7684051
0.0,0.6964568
0.0,0.019800037
0.0,0.0047492683
0.0,0.13974273
0.0,0.108127385
0.0,0.083782464
1.0,0.81847733
1.0,0.9883592
0.0,0.0056305826
0.0,0.8029331
0.0,0.6252864
0.0,0.05360365
1.0,0.9909537
0.0,0.040656894
0.0,0.11024663
1.0,0.21288598
0.0,0.94644004
0.0,0.03155461
0.0,0.012839615
0.0,0.01220423
1.0,0.9957662
1.0,0.93009794
0.0,0.009542555
1.0,0.40582672
1.0,0.98019165
1.0,0.9708475
0.0,0.30047306
0.0,0.15324327
1.0,0.98164165
1.0,0.9866271
0.0,0.009958893
1.0,0.9758339
0.0,0.042689085
1.0,0.9427048
1.0,0.92952013
1.0,0.9328798
0.0,0.024052173
1.0,0.62850094
1.0,0.43795052
0.0,0.13124359
0.0,0.048744112
0.0,0.9904437
0.0,0.06612301
0.0,0.027248114
0.0,0.0076491535
1.0,0.99779916
0.0,0.107097894
0.0,0.0796437
0.0,0.18153936
0.0,0.005025238
0.0,0.060658157
0.0,0.057511806
1.0,0.8802906
0.0,0.015943408
0.0,0.029996544
0.0,0.50504524
1.0,0.8579292
1.0,0.8866706
1.0,0.9304409
1.0,0.98071814
0.0,0.01456669
0.0,0.061497927
0.0,0.018112272
0.0,0.1412631
0.0,0.7422291
0.0,0.012114614
1.0,0.9685767
0.0,0.805851
1.0,0.062180072
1.0,0.049590975
1.0,0.67041796
0.0,0.032987952
0.0,0.015051067
0.0,0.0053640604
0.0,0.0075740516
1.0,0.33519077
1.0,0.9821313
1.0,0.7989422
1.0,0.9039289
1.0,0.9975964
0.0,0.021876186
0.0,0.038090914
0.0,0.90089035
0.0,0.011013627
1.0,0.9730641
0.0,0.007335305
0.0,0.872878
1.0,0.9894932
1.0,0.7110388
0.0,0.020871788
0.0,0.15167388
0.0,0.29337054
0.0,0.37194118
1.0,0.83904886
0.0,0.9955733
0.0,0.40303203
1.0,0.99668825
0.0,0.09050003
1.0,0.9821094
1.0,0.97107124
0.0,0.005024433
0.0,0.77805936
0.0,0.010990202
0.0,0.024605632
1.0,0.813086
0.0,0.021186411
0.0,0.051596373
0.0,0.19978711
0.0,0.009088695
1.0,0.9899888
1.0,0.17095324
1.0,0.93204355
1.0,0.95212775
0.0,0.66864467
0.0,0.03776872
1.0,0.87939966
0.0,0.022022337
1.0,0.3865231
0.0,0.033668518
1.0,0.98003006
1.0,0.9918171
0.0,0.38428402
0.0,0.1231364
0.0,0.42712218
0.0,0.03570366
0.0,0.01690659
0.0,0.031831145
1.0,0.8824184
0.0,0.010785162
0.0,0.1471729
0.0,0.34715617
0.0,0.07446247
0.0,0.011802852
0.0,0.004196137
0.0,0.64090574
0.0,0.0046577156
0.0,0.0037148297
0.0,0.03936559
0.0,0.1135968
0.0,0.034484565
1.0,0.17870355
0.0,0.07781991
1.0,0.98854685
0.0,0.007299483
0.0,0.00431484
1.0,0.7096866
0.0,0.013712943
1.0,0.98421
0.0,0.10732463
1.0,0.95869994
0.0,0.7327945
0.0,0.048279494
1.0,0.7758719
1.0,0.22681525
0.0,0.0076015294
0.0,0.057411194
0.0,0.006753862
0.0,0.0038167238
0.0,0.007917941
0.0,0.740576
1.0,0.9631802
1.0,0.7901669
0.0,0.14436045
0.0,0.015254647
1.0,0.70071536
1.0,0.9446376
1.0,0.7784164
0.0,0.0037139952
1.0,0.056444377
0.0,0.1991331
1.0,0.4822363
0.0,0.004694134
1.0,0.7603278
0.0,0.0069354773
0.0,0.13679028
0.0,0.05890751
0.0,0.9273975
1.0,0.97208023
0.0,0.06674281
0.0,0.10757044
1.0,0.991225
0.0,0.02032283
0.0,0.8966413
0.0,0.6938817
1.0,0.9909864
0.0,0.63123596
0.0,0.052897125
0.0,0.9930515
1.0,0.97083527
0.0,0.00436309
0.0,0.8557925
0.0,0.06853554
1.0,0.50493383
0.0,0.039854705
1.0,0.9888768
0.0,0.30711323
1.0,0.7760998
1.0,0.99618703
0.0,0.979741
1.0,0.97711027
1.0,0.9958557
0.0,0.016308665
0.0,0.9510844
0.0,0.015859604
1.0,0.9889433
0.0,0.31120595
1.0,0.30784082
1.0,0.4876421
0.0,0.025235057
1.0,0.97316885
0.0,0.1818201
1.0,0.5083087
0.0,0.62699205
1.0,0.1404958
0.0,0.8195448
1.0,0.031027794
0.0,0.59849215
0.0,0.01758802
0.0,0.011455536
0.0,0.025195986
0.0,0.016604453
0.0,0.0042313933
0.0,0.0069330335
0.0,0.29464263
0.0,0.06562871
0.0,0.48456174
0.0,0.31688634
0.0,0.04251775
1.0,0.9752046
1.0,0.2581702
0.0,0.6481599
1.0,0.02712816
0.0,0.046435833
0.0,0.23794734
0.0,0.8051536
0.0,0.06881234
0.0,0.039783984
0.0,0.13962963
1.0,0.94360733
0.0,0.004837632
0.0,0.012212813
1.0,0.01906085
0.0,0.012942612
1.0,0.96155953
0.0,0.08737931
0.0,0.04812798
1.0,0.85929286
0.0,0.018462896
1.0,0.97025
0.0,0.009187847
0.0,0.0048678815
0.0,0.013144165
1.0,0.9821925
0.0,0.028430074
1.0,0.16242862
1.0,0.72893107
0.0,0.9903079
0.0,0.0038594604
1.0,0.021632373
0.0,0.00794521
0.0,0.06981525
0.0,0.8373661
0.0,0.005008042
0.0,0.8811479
0.0,0.9676404
1.0,0.6353109
0.0,0.031236708
1.0,0.88541853
0.0,0.004781157
0.0,0.0074521005
0.0,0.0070227385
1.0,0.93534505
1.0,0.9878658
0.0,0.22801563
0.0,0.33303392
0.0,0.006472856
0.0,0.076405585
0.0,0.068787456
0.0,0.017415345
0.0,0.0033692122
1.0,0.13485423
1.0,0.94549495
0.0,0.03486663
0.0,0.98859817
1.0,0.15164408
0.0,0.004536301
1.0,0.9340259
0.0,0.0071524084
0.0,0.046784163
1.0,0.96928144
0.0,0.6859207
1.0,0.26069236
1.0,0.9806443
1.0,0.99224293
0.0,0.52456653
0.0,0.029168367
0.0,0.13542604
1.0,0.97619766
0.0,0.57544255
1.0,0.99111974
0.0,0.03627935
0.0,0.022841483
0.0,0.16678113
1.0,0.89040554
0.0,0.013911724
0.0,0.033625633
0.0,0.61170256
1.0,0.055677027
1.0,0.9974697
0.0,0.076769054
0.0,0.020639569
1.0,0.9857165
1.0,0.9890319
1.0,0.9455068
1.0,0.1175389
0.0,0.008081794
1.0,0.9436637
0.0,0.20361364
0.0,0.07104173
0.0,0.007329613
1.0,0.819181
0.0,0.093833864
0.0,0.067866385
0.0,0.0062209964
1.0,0.8497226
0.0,0.20019609
1.0,0.9850632
1.0,0.96694726
0.0,0.027875423
1.0,0.8147185
0.0,0.036379576
1.0,0.6637224
0.0,0.612218
0.0,0.017544746
0.0,0.042954296
0.0,0.08271906
1.0,0.99749357
0.0,0.034979433
0.0,0.2028636
0.0,0.53665656
1.0,0.9991236
1.0,0.93779683
0.0,0.04113576
1.0,0.97469264
1.0,0.9906347
1.0,0.9989032
1.0,0.45344177
0.0,0.11992282
1.0,0.789665
0.0,0.073177576
0.0,0.58065724
1.0,0.38309216
0.0,0.024318427
0.0,0.02429244
0.0,0.08561042
1.0,0.40617174
0.0,0.34588063
0.0,0.28965715
1.0,0.9798989
0.0,0.014389753
1.0,0.857051
0.0,0.022295028
0.0,0.963029
1.0,0.82541156
1.0,0.9751376
0.0,0.011813641
1.0,0.975014
1.0,0.9907568
0.0,0.80485255
0.0,0.7924652
1.0,0.83558905
0.0,0.038056403
1.0,0.9832182
0.0,0.053901732
0.0,0.060925633
1.0,0.39520857
1.0,0.9392164
0.0,0.052677184
1.0,0.5380969
0.0,0.08244079
0.0,0.0892376
1.0,0.9849455
0.0,0.036563486
0.0,0.06374633
0.0,0.029493421
1.0,0.619983
0.0,0.017693251
0.0,0.023288548
1.0,0.93822277
1.0,0.98326147
0.0,0.040556103
0.0,0.4321179
0.0,0.009459406
1.0,0.1797911
0.0,0.7627673
0.0,0.0063436627
0.0,0.031632036
0.0,0.013058692
0.0,0.00878334
1.0,0.2547502
0.0,0.12378365
0.0,0.0038141012
0.0,0.19908315
1.0,0.96037537
1.0,0.9975873
1.0,0.8627239
0.0,0.88002616
0.0,0.017356694
0.0,0.98063654
1.0,0.9933864
0.0,0.03488809
1.0,0.38695294
0.0,0.026546448
1.0,0.9901961
0.0,0.06470212
1.0,0.9218768
0.0,0.94610393
1.0,0.5025754
0.0,0.105650306
0.0,0.067184895
1.0,0.918764
1.0,0.94854444
1.0,0.98805374
0.0,0.14368781
1.0,0.9741639
1.0,0.42211798
1.0,0.3996084
0.0,0.0036524236
1.0,0.7933378
0.0,0.030475646
0.0,0.9474222
1.0,0.67259353
0.0,0.28222585
0.0,0.02041924
0.0,0.023548484
0.0,0.0418638
0.0,0.5465924
1.0,0.9831936
1.0,0.9800495
0.0,0.2504165
0.0,0.5869858
0.0,0.020955801
1.0,0.9980351
0.0,0.76250947
0.0,0.17467874
0.0,0.009311378
0.0,0.032757074
0.0,0.040733606
0.0,0.97368824
1.0,0.9909363
1.0,0.99281013
1.0,0.08089015
0.0,0.3416965
0.0,0.012617886
0.0,0.0131118
0.0,0.035764784
0.0,0.033867687
1.0,0.97404516
0.0,0.04658854
0.0,0.13684404
1.0,0.996647
0.0,0.08038783
1.0,0.10964897
1.0,0.93276966
0.0,0.5770557
0.0,0.010106504
0.0,0.060090333
1.0,0.7011894
0.0,0.08179271
0.0,0.025230974
1.0,0.963937
1.0,0.51499254
0.0,0.0052176416
0.0,0.06706804
0.0,0.7054953
0.0,0.01565516
0.0,0.3443986
1.0,0.33172956
1.0,0.9320614
0.0,0.018947035
0.0,0.0054112673
0.0,0.89483285
0.0,0.2655236
1.0,0.9666115
0.0,0.03199503
1.0,0.99435765
0.0,0.038137376
1.0,0.986971
0.0,0.015920758
1.0,0.97642624
1.0,0.8005556
0.0,0.038689733
0.0,0.1332686
0.0,0.012520552
0.0,0.06572467
1.0,0.5803387
1.0,0.0052469373
1.0,0.21454853
1.0,0.39263847
1.0,0.77343863
0.0,0.004264623
1.0,0.34452903
1.0,0.687667
0.0,0.02376011
0.0,0.042752415
0.0,0.035003483
1.0,0.5606127
1.0,0.9933051
0.0,0.92520034
0.0,0.013634175
1.0,0.90225327
0.0,0.018321544
0.0,0.046902865
1.0,0.9725082
0.0,0.58721006
0.0,0.032637417
1.0,0.1322842
1.0,0.91366434
0.0,0.015865833
0.0,0.022772908
0.0,0.025281996
1.0,0.9898355
1.0,0.9844687
0.0,0.81182307
0.0,0.22409561
1.0,0.99586666
1.0,0.81993866
0.0,0.013949424
0.0,0.09892592
0.0,0.051149577
1.0,0.31108487
1.0,0.17644843
0.0,0.03385973
0.0,0.09690595
1.0,0.9834734
0.0,0.039191335
0.0,0.02356708
0.0,0.056602657
0.0,0.8758023
1.0,0.9736364
0.0,0.8758943
0.0,0.02015856
0.0,0.9413791
0.0,0.35414267
0.0,0.05663842
1.0,0.7630129
1.0,0.751657
0.0,0.1978867
1.0,0.987383
0.0,0.48808226
1.0,0.9700001
1.0,0.06343037
1.0,0.96385384
0.0,0.014901221
0.0,0.21133572
0.0,0.019963652
1.0,0.99723554
0.0,0.012315184
1.0,0.9956429
0.0,0.060225308
0.0,0.004219264
1.0,0.0808475
1.0,0.9850421
0.0,0.0057711005
1.0,0.6874167
0.0,0.04699993
1.0,0.96979344
0.0,0.0041793585
1.0,0.63781613
1.0,0.0369713
0.0,0.03803149
0.0,0.009680092
0.0,0.017487794
0.0,0.025817513
0.0,0.016174406
0.0,0.92580193
0.0,0.08842608
0.0,0.02202645
0.0,0.98009074
0.0,0.007126242
1.0,0.97423923
0.0,0.39702624
0.0,0.4385866
1.0,0.998474
0.0,0.079775095
1.0,0.99664944
0.0,0.0297167
1.0,0.99214786
0.0,0.013211608
0.0,0.05827406
1.0,0.9955212
0.0,0.043031365
0.0,0.012521654
0.0,0.028915316
1.0,0.9855596
1.0,0.37008628
0.0,0.017256528
1.0,0.9739274
1.0,0.20821077
1.0,0.9814453
0.0,0.36789903
1.0,0.12125373
1.0,0.95413154
0.0,0.1632595
1.0,0.5632188
1.0,0.62794244
0.0,0.0400815
0.0,0.006957501
0.0,0.021773785
0.0,0.04088649
0.0,0.007978886
0.0,0.059358776
0.0,0.05297023
0.0,0.0029827952
1.0,0.9318826
0.0,0.08227536
0.0,0.007559061
0.0,0.020803541
0.0,0.063883424
1.0,0.91103977
0.0,0.004629135
1.0,0.9358115
0.0,0.4441523
0.0,0.00845024
1.0,0.5055135
1.0,0.8813692
0.0,0.1918841
0.0,0.025352418
1.0,0.92158234
0.0,0.9549188
0.0,0.030860305
1.0,0.69895047
1.0,0.77705026
1.0,0.8189559
1.0,0.83366203
0.0,0.026973546
0.0,0.005844027
1.0,0.6269865
0.0,0.026335686
0.0,0.0035875142
1.0,0.9920211
1.0,0.89972484
1.0,0.9882965
0.0,0.018069953
1.0,0.12644798
1.0,0.97546744
1.0,0.9774401
0.0,0.008342594
0.0,0.005994588
1.0,0.17771494
0.0,0.034902036
0.0,0.7230933
0.0,0.02592647
1.0,0.99498475
0.0,0.028802663
0.0,0.023645192
0.0,0.061417013
0.0,0.18186775
0.0,0.061356336
0.0,0.0079063475
0.0,0.9215015
1.0,0.99789214
0.0,0.05744195
1.0,0.8487923
0.0,0.007816583
0.0,0.8786888
0.0,0.9094676
1.0,0.0136755705
0.0,0.75794995
0.0,0.02474454
0.0,0.0053088665
0.0,0.30273473
0.0,0.074278265
1.0,0.9862424
0.0,0.36822462
1.0,0.9603612
0.0,0.021214366
0.0,0.048929095
0.0,0.029983908
0.0,0.7718754
0.0,0.075330496
0.0,0.48310485
0.0,0.22856271
0.0,0.11477217
1.0,0.9308069
0.0,0.068309456
1.0,0.59123504
1.0,0.6602921
0.0,0.08398214
0.0,0.033258468
1.0,0.7659111
0.0,0.021735072
1.0,0.7072746
1.0,0.77257466
0.0,0.01220718
1.0,0.5660592
0.0,0.0082446635
1.0,0.98550713
0.0,0.1212711
0.0,0.17487904
1.0,0.47230983
0.0,0.78265226
0.0,0.007845968
0.0,0.63124573
1.0,0.7460714
1.0,0.97964144
0.0,0.004774153
0.0,0.07744339
1.0,0.55093384
0.0,0.8312997
1.0,0.10661405
0.0,0.10746279
1.0,0.08304691
0.0,0.69656754
0.0,0.04954827
0.0,0.792164
0.0,0.018175155
0.0,0.13566214
1.0,0.057242066
0.0,0.30461052
1.0,0.930364
0.0,0.029239625
1.0,0.33632052
0.0,0.012744546
0.0,0.0059762
0.0,0.04625076
0.0,0.034662962
0.0,0.17818171
0.0,0.092354566
0.0,0.07188034
0.0,0.06351283
1.0,0.9749336
0.0,0.02750501
0.0,0.06291786
1.0,0.8832177
1.0,0.42661586
0.0,0.033470094
0.0,0.08047399
1.0,0.7269172
0.0,0.39184597
1.0,0.07909581
1.0,0.93601704
1.0,0.7992962
1.0,0.75244117
0.0,0.054540038
0.0,0.004056722
1.0,0.12101263
0.0,0.28895545
1.0,0.99086714
1.0,0.7716769
1.0,0.9903388
0.0,0.13829419
0.0,0.0082915425
0.0,0.19907922
0.0,0.039224923
1.0,0.26216274
1.0,0.9425768
0.0,0.08291131
0.0,0.20851603
0.0,0.07466504
0.0,0.38179088
1.0,0.045707375
1.0,0.719517
1.0,0.97307295
0.0,0.93175817
1.0,0.48864812
1.0,0.6625999
1.0,0.20592505
1.0,0.96960276
0.0,0.2462605
0.0,0.7945801
0.0,0.76886225
0.0,0.011879891
1.0,0.9160005
1.0,0.9941829
1.0,0.9326429
1.0,0.9210303
0.0,0.035573274
0.0,0.0056393147
0.0,0.025412261
0.0,0.04813838
1.0,0.9060285
0.0,0.14117244
0.0,0.034085542
0.0,0.12333131
0.0,0.016600132
1.0,0.8099495
1.0,0.75959665
1.0,0.9691417
0.0,0.100726336
0.0,0.096648335
1.0,0.7651683
1.0,0.9954519
0.0,0.058206856
1.0,0.9194195
0.0,0.8393492
1.0,0.9962008
1.0,0.9965737
1.0,0.72653556
0.0,0.04181817
0.0,0.1039556
1.0,0.9931352
0.0,0.08955747
0.0,0.3174557
1.0,0.98971057
0.0,0.04771772
0.0,0.042095155
0.0,0.09354982
1.0,0.33154583
0.0,0.5273292
0.0,0.4323507
1.0,0.64775467
0.0,0.43447855
0.0,0.03768447
0.0,0.044953108
0.0,0.29041338
1.0,0.7880719
0.0,0.91995823
0.0,0.029287696
0.0,0.004032582
1.0,0.16592741
0.0,0.056387663
0.0,0.0065993667
1.0,0.8481921
0.0,0.37913308
0.0,0.014539957
1.0,0.99007297
1.0,0.9031465
0.0,0.0038554668
1.0,0.31160858
1.0,0.30976123
0.0,0.59845394
0.0,0.6686032
1.0,0.64416313
1.0,0.78583443
0.0,0.016049355
1.0,0.16516238
1.0,0.13991919
1.0,0.17730016
0.0,0.12813938
1.0,0.14427435
0.0,0.033400208
1.0,0.828995
0.0,0.0043228567
1.0,0.9500735
0.0,0.75951105
0.0,0.09548843
1.0,0.695647
0.0,0.05910957
1.0,0.95806354
1.0,0.7739465
1.0,0.97190666
1.0,0.6533946
0.0,0.033640087
1.0,0.030192494
0.0,0.5249968
0.0,0.008499473
0.0,0.040860176
0.0,0.03252414
1.0,0.97992074
0.0,0.019147843
0.0,0.40709555
0.0,0.5399787
0.0,0.45851108
1.0,0.92306226
0.0,0.50821245
0.0,0.01636967
0.0,0.05781436
0.0,0.7739563
1.0,0.7312589
0.0,0.011831403
1.0,0.967107
1.0,0.9899601
0.0,0.799242
0.0,0.007645637
0.0,0.004813075
1.0,0.96371853
0.0,0.0481683
1.0,0.04377666
1.0,0.81107014
1.0,0.97505695
0.0,0.81430596
0.0,0.31610626
0.0,0.012617022
0.0,0.7309018
0.0,0.02614668
0.0,0.009199262
0.0,0.16069093
1.0,0.58611137
0.0,0.36748266
1.0,0.89365745
0.0,0.097524345
1.0,0.955513
1.0,0.97327596
1.0,0.5545835
1.0,0.8797804
0.0,0.20234555
0.0,0.96835375
0.0,0.04600054
1.0,0.79208934
1.0,0.97659695
0.0,0.01481989
1.0,0.23102319
1.0,0.96994686
1.0,0.8784908
1.0,0.17567226
0.0,0.6042902
0.0,0.036421984
1.0,0.9481164
0.0,0.032352865
0.0,0.09734425
1.0,0.99107206
0.0,0.016382396
0.0,0.63864726
0.0,0.11878762
0.0,0.008517772
0.0,0.08937839
1.0,0.9943358
0.0,0.012544513
0.0,0.42661345
1.0,0.10382953
0.0,0.05150643
1.0,0.96609306
0.0,0.26833162
0.0,0.020490378
0.0,0.01058647
0.0,0.16531482
1.0,0.845764
0.0,0.28494516
0.0,0.07282463
1.0,0.89863753
1.0,0.9055475
0.0,0.036963493
0.0,0.017703414
0.0,0.017244816
1.0,0.4626074
0.0,0.07216722
1.0,0.94230807
1.0,0.8798389
1.0,0.50121784
1.0,0.9741169
1.0,0.92892385
0.0,0.9327725
1.0,0.90245956
1.0,0.99280816
0.0,0.0072669387
0.0,0.009022921
0.0,0.03138697
1.0,0.8870593
0.0,0.020984054
0.0,0.019125521
0.0,0.048932046
1.0,0.9854437
0.0,0.04669693
1.0,0.97107756
0.0,0.16954526
0.0,0.7096791
0.0,0.0620386
0.0,0.049049288
0.0,0.02319783
1.0,0.6474551
1.0,0.9903048
0.0,0.03680411
0.0,0.050915986
1.0,0.3959667
0.0,0.0041413903
1.0,0.9924931
0.0,0.03493011
0.0,0.019771218
0.0,0.030964732
1.0,0.9809648
1.0,0.89133024
0.0,0.045579225
0.0,0.14957878
1.0,0.7653948
0.0,0.041605324
0.0,0.01207763
1.0,0.9293681
1.0,0.9937775
1.0,0.9235751
0.0,0.02703315
1.0,0.96799636
1.0,0.95944643
0.0,0.3029254
0.0,0.024923712
0.0,0.011454612
0.0,0.04335943
0.0,0.0040224195
0.0,0.03289479
1.0,0.5509994
1.0,0.83660084
0.0,0.10578963
0.0,0.019328684
0.0,0.05126059
0.0,0.091511756
1.0,0.9731961
0.0,0.970861
0.0,0.040268183
0.0,0.75901246
0.0,0.976523
1.0,0.064750284
0.0,0.005047649
0.0,0.65673417
1.0,0.9763994
0.0,0.040872306
0.0,0.08302474
0.0,0.03508672
0.0,0.01593265
1.0,0.81545436
1.0,0.926679
0.0,0.03588015
0.0,0.9741782
0.0,0.008435011
0.0,0.97330767
0.0,0.92104745
0.0,0.31407338
0.0,0.008107096
0.0,0.13327655
1.0,0.010391355
0.0,0.028870583
1.0,0.331316
0.0,0.8301492
0.0,0.0043751597
0.0,0.08053315
0.0,0.1377531
0.0,0.12351078
0.0,0.030531764
1.0,0.98964345
0.0,0.0070026815
0.0,0.6928715
0.0,0.054760575
1.0,0.76637846
1.0,0.9493282
0.0,0.029230297
0.0,0.65816563
0.0,0.0065116286
1.0,0.9981709
1.0,0.7999338
1.0,0.9916117
0.0,0.09896615
1.0,0.99243116
0.0,0.034997433
0.0,0.0036029518
0.0,0.02647233
1.0,0.022795767
0.0,0.0040560663
0.0,0.008569539
1.0,0.99706167
1.0,0.33320582
0.0,0.014739305
1.0,0.99799824
0.0,0.031226814
1.0,0.7936735
0.0,0.12193179
1.0,0.949003
0.0,0.98141444
0.0,0.21994174
1.0,0.923946
0.0,0.010251105
0.0,0.08505428
0.0,0.022515744
0.0,0.023039311
0.0,0.053513914
0.0,0.023857951
1.0,0.86452204
1.0,0.8460914
0.0,0.60168666
0.0,0.03232172
0.0,0.020067275
0.0,0.07984543
1.0,0.9945593
0.0,0.02248469
0.0,0.06982556
0.0,0.82626057
0.0,0.13339773
0.0,0.0039414465
1.0,0.9516598
1.0,0.93634105
0.0,0.0041576326
0.0,0.010356009
0.0,0.025681555
0.0,0.0051406026
1.0,0.79536265
0.0,0.7981273
0.0,0.03722647
0.0,0.020712972
1.0,0.92732847
0.0,0.015484363
0.0,0.11889017
1.0,0.9702594
0.0,0.016320914
0.0,0.14093754
1.0,0.75542307
1.0,0.59443206
1.0,0.96297944
0.0,0.0053620636
0.0,0.008128405
0.0,0.2170718
0.0,0.022577196
1.0,0.46064505
0.0,0.18191442
1.0,0.13377523
0.0,0.0068331957
0.0,0.008094281
0.0,0.099111736
1.0,0.98740596
0.0,0.8263956
0.0,0.102404654
0.0,0.4781739
1.0,0.73808604
0.0,0.03497547
0.0,0.44139004
0.0,0.0057885945
1.0,0.09391713
0.0,0.014338046
0.0,0.0042491853
1.0,0.09918454
1.0,0.9876845
0.0,0.0041164756
1.0,0.9969444
1.0,0.9952879
1.0,0.9403982
1.0,0.9142561
0.0,0.045466214
1.0,0.91904473
0.0,0.99852985
1.0,0.059672028
0.0,0.013004839
1.0,0.35343736
0.0,0.7796626
1.0,0.27174228
1.0,0.9952557
1.0,0.8299279
0.0,0.008352965
0.0,0.83536077
0.0,0.7595351
0.0,0.015937239
0.0,0.032925308
0.0,0.18298492
1.0,0.99644375
1.0,0.99283844
1.0,0.17836952
0.0,0.0054703057
0.0,0.013112456
0.0,0.055502236
0.0,0.7734442
1.0,0.03219697
0.0,0.058249682
0.0,0.02368325
0.0,0.04745525
0.0,0.2607249
1.0,0.896006
0.0,0.6652285
0.0,0.8518027
0.0,0.25665313
1.0,0.4268127
0.0,0.033295125
0.0,0.45555252
1.0,0.20798603
0.0,0.15267378
1.0,0.114578545
0.0,0.023271173
0.0,0.31542265
0.0,0.0082653165
0.0,0.03079182
0.0,0.0045395195
1.0,0.9334667
0.0,0.073515564
0.0,0.07243112
1.0,0.9909203
1.0,0.9764074
0.0,0.23420787
1.0,0.026786655
0.0,0.14935565
0.0,0.055646837
1.0,0.9739969
0.0,0.003964156
0.0,0.12601501
0.0,0.037976414
0.0,0.008851945
1.0,0.9922099
1.0,0.9706709
1.0,0.8329908
1.0,0.9894128
0.0,0.016359657
0.0,0.031285644
0.0,0.051614612
1.0,0.9785342
0.0,0.014343411
0.0,0.039796203
1.0,0.97854567
1.0,0.54956347
1.0,0.9189612
0.0,0.008434206
0.0,0.17783883
0.0,0.6457525
1.0,0.99479973
1.0,0.96907556
1.0,0.93990004
0.0,0.22455701
0.0,0.0038798153
0.0,0.00591588
1.0,0.8707924
1.0,0.16125849
0.0,0.26989335
1.0,0.96904874
1.0,0.58160645
1.0,0.97380644
1.0,0.57573867
0.0,0.21090904
0.0,0.037682503
1.0,0.38897932
1.0,0.76896775
0.0,0.038559556
0.0,0.032784462
0.0,0.013998091
0.0,0.020307988
0.0,0.04004541
0.0,0.7155351
0.0,0.017896175
0.0,0.054602712
1.0,0.88553476
1.0,0.815966
0.0,0.84148073
1.0,0.9864515
0.0,0.009550065
1.0,0.95544505
0.0,0.33496594
1.0,0.98834634
0.0,0.0045561194
0.0,0.00654459
0.0,0.01198253
0.0,0.6247589
1.0,0.11261517
1.0,0.99387324
0.0,0.042407304
0.0,0.10392812
1.0,0.22082448
0.0,0.046959847
1.0,0.98528814
1.0,0.7733292
0.0,0.01556173
0.0,0.033988506
0.0,0.29137212
0.0,0.9979944
0.0,0.86460584
0.0,0.012103319
0.0,0.39245662
0.0,0.02947697
1.0,0.9817992
1.0,0.9809426
1.0,0.877463
1.0,0.87280667
0.0,0.020011306
0.0,0.6417161
1.0,0.9259528
0.0,0.4211941
0.0,0.018157482
0.0,0.029898375
1.0,0.2503023
1.0,0.26686198
0.0,0.010110617
1.0,0.963011
1.0,0.9919796
0.0,0.00414142
0.0,0.019162059
1.0,0.97149813
0.0,0.024655461
0.0,0.9514754
0.0,0.0037357807
0.0,0.039514065
1.0,0.059043556
0.0,0.028412342
0.0,0.0071448386
0.0,0.21928203
1.0,0.19894227
0.0,0.013457626
0.0,0.06764513
1.0,0.80438256
0.0,0.012083262
0.0,0.20290253
0.0,0.97363865
1.0,0.9926901
1.0,0.63026613
1.0,0.10062343
0.0,0.041075975
0.0,0.16531035
1.0,0.18292889
0.0,0.011493623
0.0,0.0049456656
0.0,0.064457744
0.0,0.02813825
1.0,0.475174
0.0,0.2241672
0.0,0.90775883
1.0,0.77680683
0.0,0.03878826
0.0,0.057693094
0.0,0.8190259
0.0,0.15683946
1.0,0.84038365
1.0,0.9905185
0.0,0.3997016
1.0,0.8234254
0.0,0.024240375
0.0,0.03230259
0.0,0.006026298
1.0,0.44478354
0.0,0.0052417517
0.0,0.035165012
1.0,0.96728814
1.0,0.7746898
1.0,0.91198957
0.0,0.62555426
1.0,0.93256044
1.0,0.87555623
0.0,0.0042991936
0.0,0.9349811
0.0,0.7594093
1.0,0.39527625
0.0,0.031754255
0.0,0.21647257
0.0,0.024118662
0.0,0.035279423
0.0,0.021547705
0.0,0.06319758
0.0,0.24125397
0.0,0.78678226
0.0,0.2860407
1.0,0.582789
1.0,0.8461032
1.0,0.77036417
0.0,0.010635018
1.0,0.9980415
0.0,0.18361115
0.0,0.033239156
1.0,0.97587645
0.0,0.35953927
0.0,0.019523054
0.0,0.18650332
0.0,0.027991086
0.0,0.14715636
0.0,0.8684498
0.0,0.045873433
1.0,0.9140624
0.0,0.005947113
0.0,0.017685294
0.0,0.006859213
1.0,0.95620435
1.0,0.9538015
0.0,0.8194833
1.0,0.8078414
0.0,0.036772907
1.0,0.1802184
0.0,0.009686142
0.0,0.019115806
1.0,0.04194981
0.0,0.005314648
0.0,0.018944144
1.0,0.47089204
0.0,0.04305157
1.0,0.022747248
0.0,0.24703464
0.0,0.014382601
1.0,0.9149444
0.0,0.01641804
0.0,0.39666846
0.0,0.8131701
0.0,0.018829018
0.0,0.0036033988
1.0,0.8941512
0.0,0.005316794
0.0,0.071578056
0.0,0.037680417
1.0,0.5101386
0.0,0.96270066
0.0,0.028585285
1.0,0.7912533
0.0,0.015476942
0.0,0.008461833
0.0,0.042066783
0.0,0.08412871
1.0,0.31045872
0.0,0.028949857
0.0,0.005200714
0.0,0.016871661
0.0,0.0076149106
0.0,0.6987546
1.0,0.9861759
1.0,0.8354281
0.0,0.015214354
1.0,0.9576199
0.0,0.024922818
0.0,0.014258385
0.0,0.038121462
0.0,0.08751202
1.0,0.974614
0.0,0.029366672
0.0,0.015199453
0.0,0.100284815
0.0,0.11103472
0.0,0.17105001
0.0,0.018860519
0.0,0.0044704974
0.0,0.0075269938
0.0,0.005735129
0.0,0.9813735
1.0,0.3771325
0.0,0.040290534
0.0,0.019249737
0.0,0.013553321
1.0,0.9975212
0.0,0.08964312
1.0,0.91064507
0.0,0.11306906
0.0,0.040156484
0.0,0.17035642
1.0,0.9860289
1.0,0.9976536
1.0,0.94812787
1.0,0.59379643
0.0,0.2771713
0.0,0.012022436
1.0,0.99210143
1.0,0.9583576
0.0,0.019551665
0.0,0.03777778
0.0,0.827011
1.0,0.98776674
0.0,0.027058154
0.0,0.008748263
0.0,0.04530099
0.0,0.034286737
1.0,0.50863665
1.0,0.978078
0.0,0.0044893622
1.0,0.5201126
0.0,0.032512516
0.0,0.045498848
0.0,0.008522332
0.0,0.01771456
0.0,0.015756458
1.0,0.92906845
0.0,0.0047769547
0.0,0.038264602
0.0,0.8620713
0.0,0.09924263
0.0,0.8114613
1.0,0.99346244
0.0,0.02637595
0.0,0.026914954
1.0,0.9316001
0.0,0.40485764
0.0,0.011023849
1.0,0.9698398
1.0,0.7998425
0.0,0.074678004
1.0,0.90132046
0.0,0.19895494
1.0,0.8150152
1.0,0.9992496
0.0,0.10789144
1.0,0.96405613
0.0,0.045508742
0.0,0.047451764
0.0,0.37590593
0.0,0.48042664
0.0,0.039737254
0.0,0.010364026
0.0,0.45065254
1.0,0.9779929
0.0,0.11543378
0.0,0.032234818
0.0,0.4167734
0.0,0.17972785
1.0,0.95712763
0.0,0.018635035
0.0,0.5658533
0.0,0.03127119
0.0,0.009927809
0.0,0.013953447
0.0,0.9690642
1.0,0.072998375
0.0,0.12229067
1.0,0.8433838
0.0,0.0062851906
1.0,0.14796552
0.0,0.05131188
0.0,0.06454337
0.0,0.036744833
0.0,0.83703077
0.0,0.53123385
0.0,0.041619033
0.0,0.17947355
0.0,0.012973934
0.0,0.3568713
0.0,0.9391587
1.0,0.97564447
0.0,0.51820326
0.0,0.023847818
1.0,0.9963937
0.0,0.008278012
0.0,0.012261152
0.0,0.0044719577
1.0,0.80855656
1.0,0.53643453
1.0,0.60347587
1.0,0.98737645
0.0,0.10285878
1.0,0.93486977
0.0,0.13953981
1.0,0.54470116
0.0,0.20580748
0.0,0.98025227
0.0,0.110072434
0.0,0.010342956
0.0,0.043461412
1.0,0.9698606
1.0,0.25991982
0.0,0.9944268
1.0,0.64331615
0.0,0.013656765
1.0,0.9714757
0.0,0.022709578
0.0,0.021331519
0.0,0.9626674
0.0,0.4224985
0.0,0.06861171
0.0,0.0059856474
1.0,0.99790645
0.0,0.00502491
1.0,0.9962006
1.0,0.90694225
1.0,0.9714427
0.0,0.0072155595
0.0,0.99210346
0.0,0.011436135
0.0,0.15140146
0.0,0.30491525
1.0,0.23377606
0.0,0.13622361
0.0,0.10920009
0.0,0.09344363
0.0,0.016556501
0.0,0.005799204
0.0,0.086055994
0.0,0.81195366
0.0,0.01247558
0.0,0.90314656
1.0,0.99100924
0.0,0.49574113
0.0,0.037071943
0.0,0.00712201
0.0,0.009255797
1.0,0.91672665
0.0,0.602558
1.0,0.98828876
0.0,0.580119
1.0,0.99880004
1.0,0.97029436
0.0,0.013059199
0.0,0.072882086
0.0,0.038554728
0.0,0.2734694
0.0,0.05936131
0.0,0.67060554
1.0,0.9825543
0.0,0.017059416
1.0,0.6369775
0.0,0.46766034
0.0,0.01436767
0.0,0.02725473
1.0,0.9744108
0.0,0.014544994
1.0,0.9966819
0.0,0.009716243
0.0,0.037158728
0.0,0.7487585
0.0,0.61018324
0.0,0.10818282
0.0,0.02166617
1.0,0.7262754
1.0,0.9230386
0.0,0.13359198
0.0,0.04001549
0.0,0.03850612
1.0,0.97693
0.0,0.04313442
1.0,0.30401188
0.0,0.07130495
1.0,0.92464566
1.0,0.9339409
0.0,0.032199025
0.0,0.03932032
0.0,0.0097563565
1.0,0.9310301
0.0,0.20733175
0.0,0.90341985
1.0,0.97816515
1.0,0.22208688
0.0,0.76675797
0.0,0.029220462
1.0,0.9831615
0.0,0.023467809
0.0,0.020757884
0.0,0.010873705
1.0,0.66252685
0.0,0.07793048
0.0,0.050853968
1.0,0.9503735
1.0,0.8004746
0.0,0.49635527
0.0,0.01638344
0.0,0.01854375
1.0,0.9806306
1.0,0.98994124
1.0,0.7149637
0.0,0.09422922
0.0,0.007310182
0.0,0.017020017
0.0,0.005063623
1.0,0.9049511
0.0,0.004521072
0.0,0.6702984
0.0,0.17933783
0.0,0.44607478
0.0,0.27931508
0.0,0.020535022
0.0,0.23355868
0.0,0.041380614
0.0,0.015055567
1.0,0.22778082
1.0,0.8951689
0.0,0.6226291
0.0,0.12299967
1.0,0.041933477
0.0,0.0071483254
1.0,0.93100727
0.0,0.030584455
0.0,0.021065533
1.0,0.9500536
1.0,0.9908677
0.0,0.2887304
0.0,0.061676532
1.0,0.46031803
0.0,0.13293663
0.0,0.19969794
0.0,0.9956553
0.0,0.04049346
1.0,0.90127254
1.0,0.21627817
0.0,0.22903198
0.0,0.0064608753
0.0,0.05277422
1.0,0.9095227
0.0,0.009763211
1.0,0.32251865
0.0,0.039066374
1.0,0.87044054
1.0,0.6693676
0.0,0.7247456
1.0,0.16130576
0.0,0.69332725
0.0,0.008121699
1.0,0.9910426
1.0,0.20265234
0.0,0.03404942
0.0,0.32258236
0.0,0.83504426
0.0,0.92235833
1.0,0.97422373
0.0,0.08117533
0.0,0.2500135
0.0,0.008731544
1.0,0.97484326
0.0,0.06006232
0.0,0.8474823
1.0,0.9603378
0.0,0.004221469
0.0,0.8977293
0.0,0.057296723
1.0,0.39462912
0.0,0.18917137
1.0,0.9805627
0.0,0.022937864
1.0,0.044631124
1.0,0.5910906
1.0,0.98624444
1.0,0.8938674
0.0,0.009439617
1.0,0.3126951
0.0,0.020729482
1.0,0.99265265
1.0,0.8236042
0.0,0.18631476
1.0,0.8825209
0.0,0.0051095486
1.0,0.64828765
1.0,0.43240815
0.0,0.05106476
0.0,0.9800276
1.0,0.9984238
1.0,0.17960507
0.0,0.157502
0.0,0.37275463
0.0,0.004097581
0.0,0.015321612
0.0,0.47094944
1.0,0.9316401
1.0,0.96766293
1.0,0.5041716
1.0,0.8182775
1.0,0.99803907
1.0,0.9920114
0.0,0.7212425
1.0,0.94973683
0.0,0.010342121
0.0,0.042637885
0.0,0.11852649
1.0,0.03655216
1.0,0.7564118
0.0,0.031498283
0.0,0.036849916
0.0,0.8873801
1.0,0.7149914
1.0,0.08932856
1.0,0.91594315
0.0,0.007591367
0.0,0.986732
0.0,0.07031843
0.0,0.13388485
0.0,0.05674407
0.0,0.025195956
1.0,0.99007285
1.0,0.9270748
0.0,0.04556322
0.0,0.036248296
0.0,0.76235914
0.0,0.75928366
0.0,0.7519138
0.0,0.19917434
0.0,0.85530734
1.0,0.7878171
0.0,0.11747205
1.0,0.9479849
0.0,0.005762011
0.0,0.85926604
0.0,0.0851717
0.0,0.68025297
1.0,0.98269993
1.0,0.82285357
1.0,0.764336
1.0,0.7874151
0.0,0.005419761
0.0,0.31568015
1.0,0.68412596
1.0,0.9272537
0.0,0.24051884
0.0,0.018753827
0.0,0.051161677
1.0,0.8194614
0.0,0.0226551
1.0,0.045512497
0.0,0.031790882
0.0,0.073066056
0.0,0.031061321
0.0,0.026683241
0.0,0.09670842
0.0,0.035193175
0.0,0.11580378
1.0,0.9915634
0.0,0.010068119
0.0,0.5818627
0.0,0.021777958
1.0,0.29752335
0.0,0.046208173
1.0,0.99521804
0.0,0.019605339
0.0,0.015670717
0.0,0.015344262
0.0,0.09710088
0.0,0.023008436
0.0,0.022509456
1.0,0.9720729
0.0,0.11696461
1.0,0.85174966
1.0,0.97692144
0.0,0.040219218
0.0,0.031975776
1.0,0.9447125
1.0,0.99786437
0.0,0.4134648
0.0,0.4891339
0.0,0.12734437
0.0,0.0739792
0.0,0.02341795
1.0,0.31937736
0.0,0.0401766
1.0,0.6648529
1.0,0.48223382
0.0,0.9781005
0.0,0.06296021
0.0,0.016142845
0.0,0.017187446
0.0,0.91094726
0.0,0.016972214
0.0,0.009895474
0.0,0.7993195
1.0,0.7117494
1.0,0.7763012
0.0,0.026192427
0.0,0.031688303
0.0,0.12888968
1.0,0.9515145
0.0,0.005931407
0.0,0.01867956
1.0,0.44619924
1.0,0.98563224
0.0,0.27350327
0.0,0.05093032
0.0,0.03582698
1.0,0.9766982
0.0,0.029302567
1.0,0.9809418
1.0,0.7509258
0.0,0.010333747
0.0,0.053610474
0.0,0.029325902
1.0,0.6622945
0.0,0.06407425
1.0,0.8406674
0.0,0.0088737905
1.0,0.742507
0.0,0.056114018
0.0,0.055563867
0.0,0.011150271
1.0,0.9968252
0.0,0.85247815
1.0,0.9945025
1.0,0.9625125
0.0,0.010369986
1.0,0.30503455
0.0,0.041866392
1.0,0.3268798
0.0,0.01031509
1.0,0.95611334
0.0,0.0048176944
1.0,0.83098674
1.0,0.98516417
1.0,0.9910076
0.0,0.02259785
1.0,0.9698311
1.0,0.3580503
0.0,0.025345474
1.0,0.974006
1.0,0.51149774
1.0,0.079013094
0.0,0.12789418
0.0,0.01184675
0.0,0.9871618
0.0,0.06274692
