0.0,0.18092784
0.0,0.84792686
1.0,0.2732808
0.0,0.07226768
1.0,0.5328778
0.0,0.02000168
1.0,0.95103
1.0,0.8425505
1.0,0.6183931
0.0,0.0033982396
0.0,0.22430134
1.0,0.93175185
0.0,0.00942871
0.0,0.060659885
0.0,0.023138404
0.0,0.0021740496
1.0,0.11452049
0.0,0.030109435
0.0,0.0077714026
1.0,0.75713885
1.0,0.70145833
0.0,0.0047611
1.0,0.95725
0.0,0.015907615
0.0,0.0043668747
1.0,0.7001935
0.0,0.06432903
1.0,0.9150727
0.0,0.009177059
1.0,0.8964816
0.0,0.015406013
0.0,0.25565386
1.0,0.9393074
1.0,0.98846185
1.0,0.9090879
1.0,0.97167015
1.0,0.47749984
0.0,0.02381894
1.0,0.9421357
1.0,0.025558442
1.0,0.9623189
1.0,0.9845383
0.0,0.013587296
1.0,0.96881986
1.0,0.89317334
0.0,0.03612593
0.0,0.0016972423
0.0,0.078766584
0.0,0.016060323
1.0,0.99340945
0.0,0.3691648
1.0,0.7856257
1.0,0.97398907
1.0,0.69589984
0.0,0.011424363
0.0,0.004352808
0.0,0.04138893
1.0,0.04318446
1.0,0.7550166
1.0,0.1294102
1.0,0.98950624
0.0,0.38798547
1.0,0.9857911
1.0,0.8853729
1.0,0.9785441
0.0,0.17327532
0.0,0.06823298
1.0,0.9684248
0.0,0.008667529
1.0,0.92239153
0.0,0.28513694
1.0,0.9305693
0.0,0.0013123453
0.0,0.050875098
1.0,0.48079768
0.0,0.041519582
0.0,0.0069924295
0.0,0.27489898
0.0,0.00758937
1.0,0.93890476
0.0,0.021407127
1.0,0.97968423
1.0,0.97040766
1.0,0.99774563
1.0,0.981591
1.0,0.81029284
1.0,0.98597383
0.0,0.15323684
0.0,0.02141884
1.0,0.83993626
0.0,0.0034481883
1.0,0.18474606
0.0,0.010642588
0.0,0.7427043
0.0,0.47069567
1.0,0.9588418
0.0,0.022883832
0.0,0.035965264
1.0,0.5175153
1.0,0.9851159
0.0,0.006815672
0.0,0.03381288
1.0,0.015444398
0.0,0.15042603
0.0,0.087504745
1.0,0.87184894
1.0,0.020871848
0.0,0.021178722
1.0,0.0085572
1.0,0.9882179
1.0,0.9499261
0.0,0.043391854
1.0,0.02678305
0.0,0.037727177
0.0,0.023339331
1.0,0.6291993
0.0,0.018059134
1.0,0.26031822
1.0,0.5259657
1.0,0.97461176
0.0,0.15987974
1.0,0.9909181
0.0,0.95583564
0.0,0.017569602
0.0,0.18013477
1.0,0.47336692
0.0,0.008112401
0.0,0.09460506
1.0,0.96675146
1.0,0.84020746
1.0,0.98644567
0.0,0.025469452
0.0,0.011858761
1.0,0.28534764
1.0,0.97960687
0.0,0.7678788
0.0,0.011694491
0.0,0.0143378675
0.0,0.0476619
0.0,0.019475311
1.0,0.7201462
0.0,0.108009815
1.0,0.0858019
0.0,0.0071754158
0.0,0.007997453
0.0,0.0016459525
1.0,0.20968643
0.0,0.007594377
0.0,0.010811597
0.0,0.028812885
0.0,0.07609329
0.0,0.0043924153
0.0,0.009281516
0.0,0.9151608
0.0,0.14403239
1.0,0.9719496
0.0,0.0024129748
0.0,0.0045489073
1.0,0.9934194
0.0,0.009430319
0.0,0.11865184
0.0,0.035281837
0.0,0.018307775
0.0,0.12118167
1.0,0.9969402
0.0,0.11144337
1.0,0.9301708
0.0,0.04219821
0.0,0.0046365857
1.0,0.73541296
0.0,0.9513254
0.0,0.96624744
0.0,0.942484
0.0,0.0014395118
1.0,0.8226773
1.0,0.8779003
0.0,0.05109811
1.0,0.7470379
0.0,0.39214617
1.0,0.96161425
1.0,0.7924598
1.0,0.97144574
1.0,0.9740474
1.0,0.9821095
0.0,0.82348204
0.0,0.0016863048
0.0,0.0077770352
0.0,0.98455954
0.0,0.07427898
0.0,0.03562799
1.0,0.17233264
0.0,0.0014992058
0.0,0.792516
1.0,0.97553504
1.0,0.7515365
1.0,0.99535716
0.0,0.004599124
0.0,0.03436953
0.0,0.0050637126
1.0,0.06267491
0.0,0.30331582
0.0,0.10787615
0.0,0.5963413
0.0,0.42865458
0.0,0.14068723
1.0,0.054678172
0.0,0.022080064
1.0,0.16711083
0.0,0.0022919178
0.0,0.03122902
0.0,0.0046402514
1.0,0.9692943
0.0,0.033408195
0.0,0.052884847
0.0,0.025291622
0.0,0.0072310567
0.0,0.9173268
0.0,0.17871678
1.0,0.99167794
0.0,0.010786027
0.0,0.009899855
1.0,0.2620685
1.0,0.9896379
0.0,0.3063135
0.0,0.012694925
0.0,0.0022743642
0.0,0.077650845
0.0,0.020581245
0.0,0.14362288
1.0,0.9635347
0.0,0.042208344
1.0,0.34153032
0.0,0.0068714023
1.0,0.27775156
1.0,0.46937442
0.0,0.028303534
0.0,0.054564387
0.0,0.021777809
1.0,0.9004779
1.0,0.73368853
1.0,0.98492444
1.0,0.754035
0.0,0.017080039
0.0,0.8616555
1.0,0.98369837
0.0,0.40484118
0.0,0.0047776997
0.0,0.010498047
0.0,0.07387897
0.0,0.064127386
0.0,0.018514127
0.0,0.092228234
1.0,0.51150185
0.0,0.026423067
0.0,0.081243426
0.0,0.027237594
1.0,0.9219434
1.0,0.9715041
0.0,0.019941747
0.0,0.22274113
0.0,0.025787592
1.0,0.9870342
0.0,0.037492603
0.0,0.0020919442
0.0,0.02090177
0.0,0.01693809
1.0,0.99115133
1.0,0.92036843
1.0,0.9829702
0.0,0.013503194
1.0,0.93065727
0.0,0.022039562
0.0,0.034108043
0.0,0.42148176
1.0,0.9669639
1.0,0.4203473
0.0,0.0023054183
0.0,0.02611199
1.0,0.86775005
1.0,0.30254173
0.0,0.023659527
1.0,0.06728953
1.0,0.98123765
0.0,0.7179886
0.0,0.14464095
0.0,0.05038333
0.0,0.018857688
0.0,0.36742914
0.0,0.02561751
1.0,0.9873935
0.0,0.009908348
0.0,0.022269636
1.0,0.9964459
0.0,0.0088861585
1.0,0.960796
1.0,0.022384942
1.0,0.91588956
1.0,0.8684562
1.0,0.97238433
0.0,0.049345404
1.0,0.93557465
0.0,0.8415896
1.0,0.9944793
0.0,0.48507756
0.0,0.2186606
0.0,0.026853949
0.0,0.032994717
0.0,0.30139333
1.0,0.9818636
0.0,0.95331115
1.0,0.7500829
0.0,0.8993975
1.0,0.7850108
1.0,0.9885463
0.0,0.017724007
0.0,0.0065395236
0.0,0.01461786
1.0,0.9217314
1.0,0.1339786
0.0,0.0020895898
0.0,0.0016483068
0.0,0.007665664
0.0,0.018161595
1.0,0.95112574
1.0,0.7431654
0.0,0.021193057
0.0,0.059203863
1.0,0.77666676
1.0,0.988672
1.0,0.27497995
0.0,0.058467746
0.0,0.76258934
0.0,0.0036975741
0.0,0.68556845
1.0,0.98459333
1.0,0.8444004
0.0,0.036611497
0.0,0.03410837
0.0,0.0061393976
0.0,0.6320405
0.0,0.0038877726
0.0,0.22150677
1.0,0.65540344
0.0,0.15222695
0.0,0.023168564
0.0,0.043305844
0.0,0.33501607
0.0,0.875286
0.0,0.028651774
0.0,0.0039318204
1.0,0.45433575
0.0,0.03706342
1.0,0.7157656
0.0,0.003053695
0.0,0.16921046
0.0,0.1943129
0.0,0.0018176436
0.0,0.9802534
1.0,0.6083881
1.0,0.9155444
0.0,0.60349464
1.0,0.8535049
0.0,0.009243637
0.0,0.3909917
0.0,0.34726644
0.0,0.27868026
0.0,0.0160442
0.0,0.0011658967
1.0,0.24843433
0.0,0.011901706
1.0,0.9812819
0.0,0.051211208
1.0,0.3116599
0.0,0.122457236
1.0,0.049137533
1.0,0.9642334
1.0,0.96298987
0.0,0.002520889
0.0,0.029367208
1.0,0.96525466
0.0,0.030733734
0.0,0.023105621
1.0,0.015350878
1.0,0.9793303
0.0,0.22317868
1.0,0.97652817
1.0,0.9865833
0.0,0.6820111
0.0,0.020375907
0.0,0.19070438
0.0,0.021906495
0.0,0.009597778
0.0,0.05527264
1.0,0.9723131
0.0,0.09233573
1.0,0.88695407
1.0,0.21717805
0.0,0.008318096
0.0,0.061878085
0.0,0.8732564
1.0,0.9826269
1.0,0.9585871
1.0,0.36249053
0.0,0.23906377
1.0,0.9733961
1.0,0.9230006
0.0,0.0019325614
0.0,0.2541942
0.0,0.9175103
0.0,0.83681846
1.0,0.9658705
0.0,0.028081864
1.0,0.35480478
0.0,0.810161
0.0,0.05016619
0.0,0.022178859
0.0,0.00991255
0.0,0.0100210905
0.0,0.018321604
0.0,0.028314471
0.0,0.011256307
0.0,0.021558493
0.0,0.44842148
0.0,0.10401231
0.0,0.015230417
0.0,0.27613646
0.0,0.021824509
1.0,0.7214041
0.0,0.16499496
1.0,0.9691726
0.0,0.009622514
0.0,0.010024339
0.0,0.005238354
0.0,0.9169798
0.0,0.59215003
0.0,0.09004286
0.0,0.04265791
0.0,0.0015021861
0.0,0.016308337
0.0,0.020335138
0.0,0.62502784
1.0,0.9466536
0.0,0.019125879
0.0,0.010266781
0.0,0.5907324
0.0,0.03367448
1.0,0.66825795
0.0,0.8328955
1.0,0.43419585
0.0,0.0033376813
0.0,0.18004966
1.0,0.97219336
0.0,0.92146915
1.0,0.8315221
1.0,0.92930865
1.0,0.9399638
1.0,0.96885324
0.0,0.004735589
1.0,0.76211476
0.0,0.0076179802
0.0,0.0144761205
0.0,0.072877586
1.0,0.99561286
0.0,0.004859507
0.0,0.02701661
1.0,0.45122376
1.0,0.9979019
0.0,0.075436145
0.0,0.0027340055
1.0,0.73059654
0.0,0.07367244
1.0,0.7412854
0.0,0.5426032
0.0,0.24290529
1.0,0.8869275
0.0,0.82123697
0.0,0.0036886036
1.0,0.057869613
0.0,0.016912967
1.0,0.9903904
0.0,0.0028738081
1.0,0.44060427
1.0,0.6905662
1.0,0.7248025
1.0,0.98015404
0.0,0.14843735
0.0,0.03616011
1.0,0.84322953
0.0,0.01396361
0.0,0.3122094
1.0,0.8366976
1.0,0.89167947
1.0,0.9621549
0.0,0.0047886968
1.0,0.9581942
1.0,0.88613236
0.0,0.1184451
1.0,0.974639
0.0,0.5777775
1.0,0.86876404
1.0,0.92556834
0.0,0.804006
0.0,0.5157155
1.0,0.30499506
0.0,0.26314402
1.0,0.9759545
0.0,0.946529
0.0,0.021462947
0.0,0.90315783
1.0,0.9906653
0.0,0.0021823049
0.0,0.0034853518
0.0,0.7856511
1.0,0.35281265
0.0,0.02364403
0.0,0.0031655729
0.0,0.06105262
0.0,0.846547
1.0,0.5823001
1.0,0.92050606
0.0,0.08625603
0.0,0.73064953
0.0,0.06589037
0.0,0.05361244
0.0,0.012561858
1.0,0.9624547
0.0,0.023599744
1.0,0.9608601
0.0,0.8062004
0.0,0.17406619
1.0,0.7840998
0.0,0.011355132
0.0,0.041726768
0.0,0.019608408
0.0,0.003795892
0.0,0.08562949
0.0,0.0017492771
0.0,0.015733033
0.0,0.031654775
1.0,0.90667427
1.0,0.9867686
0.0,0.001834929
0.0,0.031636775
1.0,0.9718532
0.0,0.0075085163
1.0,0.92785203
0.0,0.2223838
0.0,0.001663655
1.0,0.9137264
0.0,0.09126186
1.0,0.6631647
0.0,0.26298273
1.0,0.2598909
0.0,0.016270578
0.0,0.02895382
0.0,0.6707533
1.0,0.9835953
0.0,0.002244413
0.0,0.024920672
0.0,0.010397106
0.0,0.96018565
1.0,0.32349148
0.0,0.01529628
0.0,0.005108595
1.0,0.97501314
1.0,0.02009046
0.0,0.12162846
1.0,0.8009653
0.0,0.036158442
0.0,0.09959933
1.0,0.9621004
1.0,0.9960569
0.0,0.4985659
1.0,0.96423715
1.0,0.9794326
0.0,0.012689918
0.0,0.02392602
0.0,0.02507186
1.0,0.051894784
0.0,0.0017100573
0.0,0.027640522
0.0,0.0040691793
1.0,0.9950827
1.0,0.4056263
0.0,0.006586671
1.0,0.39329427
1.0,0.034868807
0.0,0.40106755
1.0,0.94810253
0.0,0.044797987
1.0,0.9413463
0.0,0.04772824
1.0,0.9343734
0.0,0.011193365
0.0,0.011010438
1.0,0.81199455
0.0,0.004345894
1.0,0.91640675
0.0,0.022461563
0.0,0.01414457
0.0,0.010532856
1.0,0.8009409
0.0,0.24036786
1.0,0.58857477
0.0,0.0030474365
1.0,0.32367724
1.0,0.2872525
0.0,0.0028530657
1.0,0.9879827
1.0,0.97428477
1.0,0.09382096
1.0,0.86709833
0.0,0.023177236
0.0,0.008952975
0.0,0.7929276
1.0,0.94440484
1.0,0.5787191
0.0,0.012430459
0.0,0.028135478
0.0,0.090756536
1.0,0.8995042
0.0,0.2658435
1.0,0.0052918196
1.0,0.9649179
0.0,0.015918344
0.0,0.030894011
1.0,0.98308647
0.0,0.77222186
1.0,0.98412323
0.0,0.7643155
0.0,0.026527196
0.0,0.010297
1.0,0.044363767
0.0,0.030953974
1.0,0.98129237
0.0,0.011134684
1.0,0.4677262
0.0,0.4585088
0.0,0.06883803
1.0,0.0364348
1.0,0.41712466
1.0,0.75001436
1.0,0.95367265
0.0,0.03184241
0.0,0.012420267
0.0,0.24599028
0.0,0.0013860166
1.0,0.95367014
1.0,0.8411461
0.0,0.001593262
0.0,0.01487112
0.0,0.002406329
1.0,0.8345665
0.0,0.018177092
0.0,0.024564564
0.0,0.046928197
0.0,0.124111116
0.0,0.025895983
0.0,0.21209744
1.0,0.8714452
0.0,0.9595568
1.0,0.37405008
0.0,0.031502128
0.0,0.30007166
1.0,0.7178364
1.0,0.88604575
1.0,0.9546175
0.0,0.021915227
0.0,0.29591355
1.0,0.117911756
0.0,0.0024298131
0.0,0.024734914
0.0,0.1982229
1.0,0.9060564
0.0,0.027500749
0.0,0.03973469
1.0,0.98263085
0.0,0.09643969
1.0,0.9963224
1.0,0.938915
1.0,0.98512053
0.0,0.011266857
1.0,0.973091
1.0,0.7991476
0.0,0.033523142
1.0,0.24488837
0.0,0.0126110315
0.0,0.19038945
0.0,0.112938136
0.0,0.0024145842
1.0,0.9346577
1.0,0.28984666
1.0,0.9949641
1.0,0.97636575
1.0,0.98740876
0.0,0.35323375
0.0,0.985299
1.0,0.97820175
0.0,0.016752958
1.0,0.690827
1.0,0.9896493
0.0,0.034954846
1.0,0.07523492
1.0,0.34938753
0.0,0.016391516
0.0,0.023274422
0.0,0.008578032
0.0,0.025247991
1.0,0.50697887
1.0,0.9809631
0.0,0.0035836995
0.0,0.016654968
1.0,0.05930692
1.0,0.8705737
1.0,0.034637094
0.0,0.01826495
1.0,0.7806515
1.0,0.1101397
0.0,0.016732812
0.0,0.267397
1.0,0.92974854
1.0,0.98716146
0.0,0.4686962
1.0,0.83363307
0.0,0.08594221
0.0,0.8567834
1.0,0.9833357
0.0,0.6451535
1.0,0.9769033
0.0,0.8365345
0.0,0.43295035
0.0,0.0863584
1.0,0.9490291
1.0,0.34305727
0.0,0.011351436
0.0,0.0076191127
1.0,0.76775134
0.0,0.014934003
1.0,0.98439646
1.0,0.9076966
1.0,0.80987036
0.0,0.047876656
0.0,0.8273002
0.0,0.8097198
0.0,0.011504978
0.0,0.0012388527
1.0,0.996297
0.0,0.27691805
0.0,0.010834783
1.0,0.9766261
0.0,0.015452206
1.0,0.046577245
1.0,0.80065054
0.0,0.013339192
0.0,0.20727226
0.0,0.77937317
0.0,0.0075728
0.0,0.0010056496
0.0,0.009449393
0.0,0.010526508
0.0,0.9275794
1.0,0.5932828
1.0,0.9619868
0.0,0.80420434
0.0,0.48002797
0.0,0.007098168
0.0,0.032493204
0.0,0.010228038
1.0,0.017004222
0.0,0.0189479
0.0,0.0020435154
1.0,0.9954488
1.0,0.8013793
0.0,0.008940548
0.0,0.9735048
0.0,0.0012027919
0.0,0.022336394
0.0,0.0019027293
0.0,0.02955249
1.0,0.93317485
1.0,0.731874
1.0,0.92143387
0.0,0.002148658
1.0,0.7877693
1.0,0.966211
0.0,0.05294022
0.0,0.0014134049
1.0,0.80975664
1.0,0.1599145
1.0,0.9005275
1.0,0.96166444
1.0,0.76766366
0.0,0.050030023
0.0,0.19247681
1.0,0.3105051
0.0,0.007678896
1.0,0.9422003
0.0,0.006958753
1.0,0.51410514
0.0,0.025212556
0.0,0.1759598
0.0,0.010277927
0.0,0.01174438
0.0,0.27824312
0.0,0.0018496811
0.0,0.0021216571
0.0,0.019013196
0.0,0.6678068
0.0,0.002533555
0.0,0.007726103
1.0,0.9421552
1.0,0.7589494
1.0,0.9828551
0.0,0.9779701
0.0,0.42919198
0.0,0.84180105
0.0,0.027823627
1.0,0.98923516
1.0,0.2571119
1.0,0.9250717
1.0,0.989571
0.0,0.8998679
0.0,0.009913981
0.0,0.0034690797
1.0,0.823534
0.0,0.014732599
1.0,0.0040161014
1.0,0.9847021
0.0,0.09053773
0.0,0.0097874105
0.0,0.0063632727
0.0,0.7811663
1.0,0.9189298
1.0,0.97549033
0.0,0.030327529
1.0,0.94708383
1.0,0.75084984
0.0,0.6924527
0.0,0.024004072
1.0,0.38439983
0.0,0.0018803775
0.0,0.067400366
0.0,0.0030698776
0.0,0.30701053
0.0,0.022149593
1.0,0.47970295
0.0,0.033610553
0.0,0.50174516
1.0,0.98559517
1.0,0.94805884
0.0,0.42074803
0.0,0.43920437
1.0,0.81374663
0.0,0.102853954
0.0,0.0009838343
1.0,0.53287053
0.0,0.05839002
0.0,0.024737537
0.0,0.028302014
1.0,0.98302305
0.0,0.19368538
1.0,0.8468188
1.0,0.97666305
1.0,0.99669236
0.0,0.010835558
1.0,0.82078856
0.0,0.026089191
1.0,0.9627578
0.0,0.0766896
1.0,0.9720491
0.0,0.026346415
0.0,0.020678222
1.0,0.9811237
0.0,0.007951587
0.0,0.0058632195
1.0,0.5907685
1.0,0.8895287
1.0,0.04999727
1.0,0.727571
1.0,0.51986027
1.0,0.9754442
1.0,0.78838885
0.0,0.011957973
1.0,0.070041
1.0,0.99332404
0.0,0.04343459
0.0,0.0036780238
0.0,0.0015243292
1.0,0.41511318
0.0,0.01233992
0.0,0.05654061
0.0,0.27327093
1.0,0.9723419
0.0,0.005972624
0.0,0.07276386
1.0,0.55941355
1.0,0.9603651
1.0,0.91551137
1.0,0.100123614
0.0,0.9847468
0.0,0.06366715
0.0,0.06155616
0.0,0.033302426
0.0,0.002404958
0.0,0.0442034
0.0,0.024376184
1.0,0.038137197
1.0,0.9603269
0.0,0.023844242
1.0,0.89765644
0.0,0.008641928
0.0,0.0025006235
1.0,0.98511875
0.0,0.012381464
0.0,0.8853054
0.0,0.01012668
0.0,0.16193345
0.0,0.019317418
0.0,0.0128055215
0.0,0.9553064
1.0,0.79336095
0.0,0.020700604
0.0,0.18201777
1.0,0.9127008
0.0,0.005294949
1.0,0.84325826
0.0,0.027340144
0.0,0.0025129318
0.0,0.011609435
0.0,0.25496972
0.0,0.001942128
0.0,0.0056530833
0.0,0.024093956
0.0,0.033133805
0.0,0.84220755
1.0,0.7077527
0.0,0.0323672
1.0,0.73861325
0.0,0.5063046
1.0,0.04020697
0.0,0.06109795
0.0,0.0031135678
0.0,0.056342185
1.0,0.9599964
1.0,0.028057516
1.0,0.20374194
0.0,0.018605083
0.0,0.5726766
1.0,0.7940465
0.0,0.00767231
0.0,0.06131494
1.0,0.26481113
0.0,0.01110819
1.0,0.9567986
1.0,0.19191968
0.0,0.0068024397
1.0,0.5494282
0.0,0.09232551
1.0,0.1274707
0.0,0.31574622
1.0,0.99272966
0.0,0.0010008812
0.0,0.9846828
0.0,0.041128606
0.0,0.0288876
0.0,0.004356593
0.0,0.053266823
0.0,0.01814726
1.0,0.961024
0.0,0.0041419268
0.0,0.0015029311
0.0,0.0009161234
0.0,0.1597451
0.0,0.12884155
1.0,0.10236332
0.0,0.4242144
0.0,0.06991622
1.0,0.55051464
0.0,0.47168896
1.0,0.9647017
0.0,0.78528917
1.0,0.9351262
1.0,0.9533981
0.0,0.007553935
1.0,0.9963844
0.0,0.42843395
0.0,0.019941777
0.0,0.021297097
0.0,0.07447785
1.0,0.056540668
1.0,0.98813975
0.0,0.03297314
0.0,0.2748096
1.0,0.9936048
0.0,0.033890694
1.0,0.6148193
1.0,0.019499302
1.0,0.8575587
0.0,0.024134785
1.0,0.6486997
0.0,0.018290162
1.0,0.9070021
1.0,0.146388
0.0,0.28664982
0.0,0.6774265
0.0,0.026752234
0.0,0.16596982
1.0,0.8071284
1.0,0.9490652
1.0,0.9859345
0.0,0.020985305
0.0,0.0011749566
1.0,0.96738905
0.0,0.9444027
0.0,0.0014998913
0.0,0.016680688
1.0,0.64894897
0.0,0.04753366
0.0,0.011359572
0.0,0.1284585
0.0,0.048658967
1.0,0.73853415
1.0,0.9761765
0.0,0.07642493
0.0,0.0240919
0.0,0.00861901
1.0,0.9878708
0.0,0.018078536
0.0,0.821645
1.0,0.92306554
0.0,0.0069094
0.0,0.7460383
1.0,0.982178
0.0,0.049518436
1.0,0.2974553
1.0,0.12714073
0.0,0.018877536
0.0,0.036271453
0.0,0.0060450435
0.0,0.0108985305
1.0,0.9830748
1.0,0.9978888
1.0,0.98472655
1.0,0.11638984
0.0,0.90912944
0.0,0.029353887
1.0,0.7011173
1.0,0.9911916
0.0,0.0713245
0.0,0.023805827
1.0,0.4680746
0.0,0.007835269
1.0,0.8165801
0.0,0.0070168376
0.0,0.2710027
1.0,0.98633075
0.0,0.025277764
0.0,0.002168268
0.0,0.026130974
0.0,0.028798252
0.0,0.30739033
1.0,0.0533351
0.0,0.024537116
1.0,0.9758142
0.0,0.09791556
1.0,0.97440743
0.0,0.22009718
1.0,0.80084944
1.0,0.97538394
1.0,0.9950943
0.0,0.9447292
0.0,0.0021440983
1.0,0.20238447
0.0,0.052496433
0.0,0.03951347
1.0,0.91141737
1.0,0.29581407
0.0,0.3408931
1.0,0.93914455
1.0,0.9804733
0.0,0.91633576
0.0,0.012006164
0.0,0.7852379
0.0,0.009303212
0.0,0.0014990866
0.0,0.91553015
1.0,0.9773272
1.0,0.9877823
1.0,0.9644966
0.0,0.0015620291
0.0,0.00742805
0.0,0.009471953
0.0,0.018559963
0.0,0.021283507
0.0,0.03333783
1.0,0.92427766
1.0,0.95352995
1.0,0.60110885
0.0,0.09474948
0.0,0.025862813
1.0,0.87746656
0.0,0.15219992
0.0,0.5020574
1.0,0.90966326
0.0,0.8257843
0.0,0.85751987
1.0,0.836026
0.0,0.037732393
1.0,0.68415946
1.0,0.907076
0.0,0.9650693
0.0,0.009880632
1.0,0.9970212
0.0,0.004211098
0.0,0.49853536
1.0,0.8019424
1.0,0.9745686
1.0,0.75544167
1.0,0.9581178
0.0,0.9745013
0.0,0.02481103
0.0,0.003441453
1.0,0.7832222
0.0,0.9841375
1.0,0.77245736
0.0,0.75780237
1.0,0.9254776
1.0,0.75882757
0.0,0.06589013
0.0,0.024215221
0.0,0.0033648908
0.0,0.325562
0.0,0.030403972
0.0,0.009619087
1.0,0.4170728
1.0,0.09807727
0.0,0.90590787
1.0,0.9703431
1.0,0.6557743
0.0,0.0032843053
0.0,0.14115039
1.0,0.87205243
1.0,0.1841363
0.0,0.012679726
0.0,0.10129595
0.0,0.010521054
0.0,0.020306706
1.0,0.6330557
1.0,0.957713
0.0,0.041445374
0.0,0.0014613271
0.0,0.040813297
0.0,0.15473774
0.0,0.013701677
0.0,0.025038153
0.0,0.9454578
0.0,0.60120714
0.0,0.008765727
0.0,0.03475645
0.0,0.11529142
1.0,0.9879966
1.0,0.8813318
0.0,0.008059442
0.0,0.026044577
0.0,0.0018443167
0.0,0.0036886036
0.0,0.094762385
0.0,0.29084384
0.0,0.021769375
0.0,0.23688158
1.0,0.9561155
1.0,0.9943253
1.0,0.8873165
1.0,0.9204018
1.0,0.9912759
0.0,0.4677419
0.0,0.032747597
0.0,0.01927638
0.0,0.042440325
1.0,0.78576326
0.0,0.014967591
1.0,0.93296254
0.0,0.025375068
0.0,0.42095652
0.0,0.8819761
0.0,0.027771384
0.0,0.043393433
0.0,0.10818118
0.0,0.2464279
0.0,0.013178557
1.0,0.8906389
1.0,0.2797994
0.0,0.09818882
0.0,0.15769961
0.0,0.008902699
0.0,0.005264789
1.0,0.9857253
0.0,0.009679735
1.0,0.059028298
0.0,0.029350907
1.0,0.5542852
0.0,0.007985532
0.0,0.12022698
1.0,0.9080738
0.0,0.0015975237
1.0,0.9588723
0.0,0.06085208
0.0,0.49604928
0.0,0.19540992
0.0,0.0019716918
0.0,0.002986312
1.0,0.9464532
1.0,0.9919237
0.0,0.43764475
0.0,0.03281051
0.0,0.012324721
0.0,0.24763015
1.0,0.84616697
0.0,0.66851723
1.0,0.1617499
1.0,0.29055932
0.0,0.78914905
0.0,0.026503712
0.0,0.04636535
0.0,0.019430757
0.0,0.04096794
0.0,0.0285092
0.0,0.04563272
0.0,0.72594774
0.0,0.20119849
1.0,0.9049443
0.0,0.9823719
0.0,0.009392679
1.0,0.9159699
0.0,0.02033472
0.0,0.035396308
0.0,0.0027698278
0.0,0.021517843
1.0,0.06995642
1.0,0.9785832
1.0,0.9645808
0.0,0.01567176
0.0,0.0048927963
0.0,0.016503751
0.0,0.33939588
0.0,0.4137361
0.0,0.7867949
1.0,0.9945127
1.0,0.98523366
1.0,0.9176611
0.0,0.018365264
1.0,0.98820806
1.0,0.7198101
0.0,0.031163335
1.0,0.97435486
0.0,0.01676637
0.0,0.007033795
0.0,0.741341
1.0,0.98755085
1.0,0.9741347
1.0,0.79401046
0.0,0.92725396
0.0,0.27472472
0.0,0.009178638
1.0,0.9707142
1.0,0.97656846
1.0,0.963078
1.0,0.8444735
0.0,0.0225662
0.0,0.018032938
0.0,0.025452614
0.0,0.33358112
1.0,0.9732783
0.0,0.013276637
0.0,0.07477379
0.0,0.102521
1.0,0.29181468
0.0,0.021744609
0.0,0.15684268
0.0,0.088980794
0.0,0.23390165
0.0,0.015439242
0.0,0.10642305
0.0,0.014260143
0.0,0.19377407
0.0,0.0025645196
1.0,0.98603123
1.0,0.17983738
0.0,0.15490723
0.0,0.97461015
0.0,0.061994284
1.0,0.8867707
0.0,0.00609836
0.0,0.029101878
0.0,0.5239917
0.0,0.0075796545
1.0,0.9474315
0.0,0.01180616
0.0,0.05407089
1.0,0.5206062
1.0,0.95272124
1.0,0.94370884
0.0,0.030205876
0.0,0.105131686
1.0,0.82947874
1.0,0.97347844
1.0,0.9889637
0.0,0.9067265
0.0,0.5325545
0.0,0.0015734434
1.0,0.09781408
1.0,0.98632646
0.0,0.014189124
0.0,0.84428287
1.0,0.80603975
1.0,0.97943056
0.0,0.009861648
1.0,0.8195871
1.0,0.466444
0.0,0.012412876
1.0,0.22762242
0.0,0.035892367
0.0,0.0046612322
0.0,0.9501632
0.0,0.029661387
1.0,0.7560983
0.0,0.24397156
1.0,0.8334386
1.0,0.8705007
1.0,0.62154824
0.0,0.0040147305
0.0,0.46672523
1.0,0.5161022
0.0,0.0014563799
1.0,0.76998293
1.0,0.8377428
0.0,0.96995425
0.0,0.028208792
1.0,0.052031636
1.0,0.98092425
0.0,0.0023736954
1.0,0.8039999
1.0,0.2613852
1.0,0.8819149
1.0,0.9945862
1.0,0.23119119
1.0,0.9718743
0.0,0.018257678
0.0,0.19464418
0.0,0.028788626
1.0,0.9490644
1.0,0.4699302
0.0,0.05529353
0.0,0.02568245
1.0,0.07753202
0.0,0.0054426193
1.0,0.9895113
0.0,0.11599192
1.0,0.84685624
1.0,0.9639704
0.0,0.20851088
1.0,0.28654018
0.0,0.027907819
1.0,0.9926431
1.0,0.9563247
1.0,0.16817659
0.0,0.0242863
0.0,0.021256238
1.0,0.7873529
0.0,0.065895766
1.0,0.9104182
0.0,0.02065301
0.0,0.8839557
0.0,0.08728373
0.0,0.4592011
0.0,0.0036903322
0.0,0.1661053
0.0,0.113352
1.0,0.9721985
1.0,0.12701225
0.0,0.012001395
1.0,0.98564947
1.0,0.883764
0.0,0.8775022
0.0,0.75533307
0.0,0.057484686
0.0,0.0078059733
0.0,0.015866071
0.0,0.039996237
1.0,0.35908407
1.0,0.9840596
0.0,0.0052647293
0.0,0.0027594268
0.0,0.7654226
0.0,0.9298042
0.0,0.12379268
1.0,0.9764139
0.0,0.10201308
0.0,0.07406396
1.0,0.8937923
1.0,0.9642402
0.0,0.029274702
0.0,0.13708025
0.0,0.0054776967
1.0,0.94385266
1.0,0.906961
0.0,0.019117594
0.0,0.025580287
0.0,0.0051630437
0.0,0.13953799
0.0,0.0044169724
1.0,0.9801372
1.0,0.79498166
1.0,0.12732047
0.0,0.0021134317
1.0,0.215249
0.0,0.41612548
1.0,0.9923614
1.0,0.39864472
0.0,0.003909111
0.0,0.0016818643
0.0,0.0041826367
0.0,0.80851734
0.0,0.37297013
1.0,0.99694514
0.0,0.8574846
0.0,0.6286063
0.0,0.012076557
0.0,0.0012543797
0.0,0.2722593
0.0,0.06797114
0.0,0.055018157
1.0,0.80674016
1.0,0.98204046
0.0,0.0021515787
0.0,0.8661808
0.0,0.5995511
0.0,0.04912761
1.0,0.983275
0.0,0.040898353
0.0,0.11653346
1.0,0.2193389
0.0,0.8637823
0.0,0.010851115
0.0,0.008515149
0.0,0.0047084987
1.0,0.9937687
1.0,0.93139744
0.0,0.005294025
1.0,0.388814
1.0,0.96814364
1.0,0.97688377
0.0,0.22923374
0.0,0.08825275
1.0,0.968443
1.0,0.975032
0.0,0.006126374
1.0,0.96935666
0.0,0.024913073
1.0,0.9445865
1.0,0.9179677
1.0,0.9263345
0.0,0.015344381
1.0,0.68320966
1.0,0.35800138
0.0,0.112580806
0.0,0.024997741
0.0,0.9842203
0.0,0.035781622
0.0,0.017858148
0.0,0.0041593015
1.0,0.99668753
0.0,0.06473294
0.0,0.0991967
0.0,0.15340376
0.0,0.0034707785
0.0,0.057341456
0.0,0.018915772
1.0,0.8784345
0.0,0.012946188
0.0,0.015676707
0.0,0.3878138
1.0,0.86531216
1.0,0.88604736
1.0,0.93493307
1.0,0.98307884
0.0,0.010841221
0.0,0.03969562
0.0,0.012359887
0.0,0.08534041
0.0,0.7882317
0.0,0.007098645
1.0,0.9721261
0.0,0.58156216
1.0,0.071703225
1.0,0.04389882
1.0,0.71255976
0.0,0.022016019
0.0,0.008633196
0.0,0.0014213324
0.0,0.006421298
1.0,0.2885296
1.0,0.9729638
1.0,0.7734588
1.0,0.88274217
1.0,0.9943494
0.0,0.0133778155
0.0,0.031522065
0.0,0.90474045
0.0,0.005444944
1.0,0.9700085
0.0,0.0037782192
0.0,0.7192033
1.0,0.98174113
1.0,0.72972345
0.0,0.01282385
0.0,0.13351524
0.0,0.50698584
0.0,0.43679094
1.0,0.77180827
0.0,0.98897326
0.0,0.47780547
1.0,0.99452716
0.0,0.05785042
1.0,0.9705751
1.0,0.9556668
0.0,0.0011885166
0.0,0.77655065
0.0,0.0034452379
0.0,0.020521492
1.0,0.7345993
0.0,0.015825242
0.0,0.049360514
0.0,0.28433663
0.0,0.003254205
1.0,0.98348683
1.0,0.16417766
1.0,0.924086
1.0,0.9329647
0.0,0.5341347
0.0,0.017790198
1.0,0.8492875
0.0,0.014620036
1.0,0.39890003
0.0,0.023902118
1.0,0.96361953
1.0,0.9901904
0.0,0.5386416
0.0,0.15583605
0.0,0.41361535
0.0,0.021255761
0.0,0.0070147812
0.0,0.017632425
1.0,0.8736316
0.0,0.007051021
0.0,0.22016862
0.0,0.33349714
0.0,0.09609547
0.0,0.008499056
0.0,0.001496166
0.0,0.7252664
0.0,0.0020344853
0.0,0.0012495816
0.0,0.028493702
0.0,0.09247473
0.0,0.015479952
1.0,0.1266231
0.0,0.04776612
1.0,0.98256785
0.0,0.0045077503
0.0,0.002165556
1.0,0.8295685
0.0,0.007655531
1.0,0.9796593
0.0,0.06434676
1.0,0.9578079
0.0,0.78398335
0.0,0.01810345
1.0,0.7652513
1.0,0.1678209
0.0,0.0036288202
0.0,0.05123183
0.0,0.0013920069
0.0,0.0017412603
0.0,0.0039916933
0.0,0.7757158
1.0,0.96700084
1.0,0.76732695
0.0,0.13488632
0.0,0.0077453256
1.0,0.7874626
1.0,0.9588343
1.0,0.74930406
0.0,0.0013244748
1.0,0.032922566
0.0,0.21030748
1.0,0.45078483
0.0,0.0013406873
1.0,0.7152491
0.0,0.004242122
0.0,0.12739009
0.0,0.044025213
0.0,0.9143671
1.0,0.9517499
0.0,0.047478676
0.0,0.10344601
1.0,0.9811169
0.0,0.008536518
0.0,0.8776883
0.0,0.7175652
1.0,0.9852406
0.0,0.7011355
0.0,0.018691838
0.0,0.9873657
1.0,0.9754738
0.0,0.0018230379
0.0,0.77055514
0.0,0.049119413
1.0,0.53160214
0.0,0.030059248
1.0,0.9795677
0.0,0.22260284
1.0,0.6364862
1.0,0.9947586
0.0,0.9784194
1.0,0.9681693
1.0,0.99332696
0.0,0.009635478
0.0,0.95246625
0.0,0.008308828
1.0,0.9842422
0.0,0.53524625
1.0,0.29131028
1.0,0.43614894
0.0,0.015901923
1.0,0.96792835
0.0,0.2363208
1.0,0.5485313
0.0,0.7428474
1.0,0.15348238
0.0,0.79070234
1.0,0.011613995
0.0,0.58298016
0.0,0.01018554
0.0,0.006398052
0.0,0.015297055
0.0,0.013278931
0.0,0.0011294186
0.0,0.0038839579
0.0,0.28163975
0.0,0.09035519
0.0,0.45697308
0.0,0.41175345
0.0,0.024392813
1.0,0.9615215
1.0,0.14835405
0.0,0.5881783
1.0,0.017591119
0.0,0.032788843
0.0,0.329139
0.0,0.7448369
0.0,0.06708205
0.0,0.042021006
0.0,0.1687392
1.0,0.932319
0.0,0.0028363764
0.0,0.009362936
1.0,0.012110293
0.0,0.0063029826
1.0,0.95135844
0.0,0.10859439
0.0,0.030165493
1.0,0.92041904
0.0,0.010238051
1.0,0.96140534
0.0,0.005856693
0.0,0.0017055571
0.0,0.008636534
1.0,0.972401
0.0,0.014609158
1.0,0.15541267
1.0,0.7657573
0.0,0.9851337
0.0,0.0017229319
1.0,0.019224882
0.0,0.0052803755
0.0,0.061899453
0.0,0.8076377
0.0,0.0020225644
0.0,0.8428581
0.0,0.96249527
1.0,0.70186013
0.0,0.017733157
1.0,0.878262
0.0,0.0019024014
0.0,0.0020089447
0.0,0.0033505857
1.0,0.92576075
1.0,0.9802339
0.0,0.24535227
0.0,0.4619709
0.0,0.0022946298
0.0,0.08581197
0.0,0.039771438
0.0,0.008905172
0.0,0.0013673007
1.0,0.13722804
1.0,0.91647816
0.0,0.020986587
0.0,0.9801345
1.0,0.13487086
0.0,0.0016135573
1.0,0.9385445
0.0,0.0034757853
0.0,0.026021391
1.0,0.959201
0.0,0.6848668
1.0,0.25559562
1.0,0.9797145
1.0,0.98736733
0.0,0.37503257
0.0,0.022340626
0.0,0.140196
1.0,0.9574634
0.0,0.6142208
1.0,0.99077225
0.0,0.020328254
0.0,0.013964951
0.0,0.10455674
1.0,0.91369784
0.0,0.009690404
0.0,0.027446896
0.0,0.5360897
1.0,0.035620183
1.0,0.99527943
0.0,0.0730789
0.0,0.013183266
1.0,0.98500276
1.0,0.9858742
1.0,0.9366822
1.0,0.056667656
0.0,0.0056273043
1.0,0.9416468
0.0,0.2832091
0.0,0.052138567
0.0,0.0038116872
1.0,0.83778584
0.0,0.18256927
0.0,0.08008897
0.0,0.0018823445
1.0,0.8319365
0.0,0.21720463
1.0,0.9757037
1.0,0.96225786
0.0,0.032427967
1.0,0.76473963
0.0,0.027866751
1.0,0.6690481
0.0,0.5038603
0.0,0.014024138
0.0,0.025601655
0.0,0.0854539
1.0,0.9947851
0.0,0.025203109
0.0,0.30688104
0.0,0.5579112
1.0,0.99695575
1.0,0.9278622
0.0,0.028517336
1.0,0.9582771
1.0,0.9869264
1.0,0.9965874
1.0,0.33974
0.0,0.15106967
1.0,0.8347451
0.0,0.062057912
0.0,0.7026004
1.0,0.3397106
0.0,0.014033139
0.0,0.013452798
0.0,0.06139517
1.0,0.49476087
0.0,0.50942427
0.0,0.26272416
1.0,0.96041644
0.0,0.0101825
1.0,0.82274234
0.0,0.018445283
0.0,0.95383656
1.0,0.8467394
1.0,0.963648
0.0,0.0054402947
1.0,0.96142036
1.0,0.98601913
0.0,0.78543454
0.0,0.8461001
1.0,0.8167603
0.0,0.032358736
1.0,0.97984976
0.0,0.041356742
0.0,0.06742534
1.0,0.546414
1.0,0.9398794
0.0,0.04209557
1.0,0.5166281
0.0,0.078247786
0.0,0.07106304
1.0,0.98536146
0.0,0.018063933
0.0,0.05705723
0.0,0.01888913
1.0,0.63640904
0.0,0.015237123
0.0,0.016325533
1.0,0.87685055
1.0,0.9820235
0.0,0.022130191
0.0,0.42331356
0.0,0.0036934316
1.0,0.17538309
0.0,0.76294947
0.0,0.0035587847
0.0,0.029019594
0.0,0.0039007664
0.0,0.0032098591
1.0,0.2106688
0.0,0.08978209
0.0,0.001467526
0.0,0.4818733
1.0,0.9462671
1.0,0.99605316
1.0,0.8651434
0.0,0.8889165
0.0,0.012507677
0.0,0.96984273
1.0,0.9842185
0.0,0.03027311
1.0,0.53955996
0.0,0.011427879
1.0,0.98782265
0.0,0.054717362
1.0,0.88891435
0.0,0.9118741
1.0,0.50072104
0.0,0.09030977
0.0,0.061859816
1.0,0.9116469
1.0,0.93183
1.0,0.9865334
0.0,0.13639
1.0,0.96535385
1.0,0.52145004
1.0,0.20470995
0.0,0.0018469989
1.0,0.7588274
0.0,0.020485073
0.0,0.9355779
1.0,0.66404825
0.0,0.32318312
0.0,0.016606718
0.0,0.0243527
0.0,0.052162647
0.0,0.53314626
1.0,0.9767364
1.0,0.973922
0.0,0.43384892
0.0,0.6799915
0.0,0.0143895745
1.0,0.99541104
0.0,0.7524836
0.0,0.2798339
0.0,0.0033057332
0.0,0.01842302
0.0,0.02367276
0.0,0.9717571
1.0,0.9868521
1.0,0.9865065
1.0,0.11950663
0.0,0.37860793
0.0,0.0056201518
0.0,0.0075758696
0.0,0.02184552
0.0,0.0355348
1.0,0.9666648
0.0,0.026263416
0.0,0.1457029
1.0,0.99417293
0.0,0.065172106
1.0,0.084759206
1.0,0.9027084
0.0,0.4523571
0.0,0.003421098
0.0,0.04913515
1.0,0.68047607
0.0,0.08985284
0.0,0.022265613
1.0,0.9550841
1.0,0.5937858
0.0,0.0033494234
0.0,0.038641185
0.0,0.7148813
0.0,0.010568708
0.0,0.29678422
1.0,0.35641778
1.0,0.93567383
0.0,0.013722748
0.0,0.0013774335
0.0,0.7848521
0.0,0.31582946
1.0,0.954267
0.0,0.020794153
1.0,0.9913553
0.0,0.030501783
1.0,0.97848344
0.0,0.0059145093
1.0,0.96242464
1.0,0.80122274
0.0,0.029185385
0.0,0.08456665
0.0,0.006323278
0.0,0.04086879
1.0,0.6352239
1.0,0.0027929544
1.0,0.19985089
1.0,0.36157036
1.0,0.7880564
0.0,0.0014671385
1.0,0.27005494
1.0,0.8142698
0.0,0.023201942
0.0,0.020814389
0.0,0.03014651
1.0,0.51482
1.0,0.98590076
0.0,0.9251011
0.0,0.0065339506
1.0,0.91553926
0.0,0.009200275
0.0,0.033546597
1.0,0.9769323
0.0,0.6061161
0.0,0.021289676
1.0,0.11120203
1.0,0.92439103
0.0,0.010932326
0.0,0.020584434
0.0,0.01623118
1.0,0.9879392
1.0,0.9734658
0.0,0.7857827
0.0,0.29654992
1.0,0.99212575
1.0,0.81080246
0.0,0.009103209
0.0,0.07629728
0.0,0.07476899
1.0,0.17031485
1.0,0.13631356
0.0,0.020641863
0.0,0.07248479
1.0,0.9674705
0.0,0.01912579
0.0,0.013591021
0.0,0.036148846
0.0,0.8465857
1.0,0.97139406
0.0,0.85051036
0.0,0.017710924
0.0,0.9233147
0.0,0.35865387
0.0,0.032202274
1.0,0.8187361
1.0,0.74512595
0.0,0.2563502
1.0,0.9832964
0.0,0.45479557
1.0,0.96606266
1.0,0.03511229
1.0,0.95533264
0.0,0.006474763
0.0,0.23075727
0.0,0.011167645
1.0,0.9957144
0.0,0.0039059222
1.0,0.99381745
0.0,0.048287153
0.0,0.0028521717
1.0,0.12619457
1.0,0.9688863
0.0,0.0033275485
1.0,0.79938734
0.0,0.024983853
1.0,0.96468
0.0,0.0015375912
1.0,0.66416013
1.0,0.048278123
0.0,0.02605471
0.0,0.0061906874
0.0,0.009235799
0.0,0.014266849
0.0,0.011978179
0.0,0.91612697
0.0,0.082310796
0.0,0.014523894
0.0,0.96090174
0.0,0.0033181906
1.0,0.9636539
0.0,0.37745792
0.0,0.35426944
1.0,0.99586904
0.0,0.055906683
1.0,0.9946575
0.0,0.021915615
1.0,0.9911568
0.0,0.0041534007
0.0,0.058568805
1.0,0.9917057
0.0,0.04196018
0.0,0.0064329803
0.0,0.014336079
1.0,0.9830202
1.0,0.38533103
0.0,0.0086141825
1.0,0.97022116
1.0,0.24613738
1.0,0.9742454
0.0,0.36054802
1.0,0.12919208
1.0,0.9129446
0.0,0.22354949
1.0,0.522935
1.0,0.5192714
0.0,0.030660272
0.0,0.003509283
0.0,0.016920567
0.0,0.020708114
0.0,0.007894337
0.0,0.040416896
0.0,0.025625676
0.0,0.0012166798
1.0,0.9333607
0.0,0.05244896
0.0,0.0042470396
0.0,0.015283525
0.0,0.06289178
1.0,0.8631648
0.0,0.0021916628
1.0,0.9209026
0.0,0.4140741
0.0,0.0038374364
1.0,0.5307677
1.0,0.8819592
0.0,0.18280527
0.0,0.013529241
1.0,0.91542757
0.0,0.94538015
0.0,0.029987395
1.0,0.74996525
1.0,0.7313119
1.0,0.8291606
1.0,0.8181833
0.0,0.021964401
0.0,0.002177924
1.0,0.64142334
0.0,0.015140563
0.0,0.0011214316
1.0,0.9889612
1.0,0.8890742
1.0,0.98241365
0.0,0.013047665
1.0,0.14511204
1.0,0.9598439
1.0,0.9693974
0.0,0.0027595162
0.0,0.0030813217
1.0,0.2147514
0.0,0.038772166
0.0,0.7528461
0.0,0.026533604
1.0,0.98774123
0.0,0.015986621
0.0,0.02653277
0.0,0.04058522
0.0,0.1281223
0.0,0.06521353
0.0,0.003900379
0.0,0.8899368
1.0,0.996105
0.0,0.05074057
1.0,0.8382366
0.0,0.0035739243
0.0,0.8615086
0.0,0.89547586
1.0,0.0082862675
0.0,0.80929875
0.0,0.010380536
0.0,0.0015312731
0.0,0.32851043
0.0,0.056490064
1.0,0.98475003
0.0,0.37999868
1.0,0.95763
0.0,0.019500524
0.0,0.03351572
0.0,0.027134955
0.0,0.7423977
0.0,0.06009808
0.0,0.52659696
0.0,0.20047843
0.0,0.17126358
1.0,0.89899737
0.0,0.035723954
1.0,0.65815604
1.0,0.6432514
0.0,0.05278954
0.0,0.020928383
1.0,0.84744966
0.0,0.016222417
1.0,0.7234283
1.0,0.7026391
0.0,0.005853325
1.0,0.47168157
0.0,0.0047229826
1.0,0.9804803
0.0,0.11598587
0.0,0.16226655
1.0,0.61642885
0.0,0.87610364
0.0,0.0034663677
0.0,0.71450824
1.0,0.7399826
1.0,0.9691322
0.0,0.0022223592
0.0,0.06256536
1.0,0.5375966
0.0,0.763764
1.0,0.13580939
0.0,0.10784325
1.0,0.113461554
0.0,0.67664176
0.0,0.024876952
0.0,0.7429654
0.0,0.014004469
0.0,0.2126812
1.0,0.025624216
0.0,0.47629756
1.0,0.90785635
0.0,0.014542848
1.0,0.43989483
0.0,0.006033838
0.0,0.0020629764
0.0,0.022423297
0.0,0.030020148
0.0,0.19820762
0.0,0.088098794
0.0,0.043100297
0.0,0.07572961
1.0,0.9639368
0.0,0.013191491
0.0,0.050433576
1.0,0.8891389
1.0,0.50522166
0.0,0.02188024
0.0,0.13152307
1.0,0.7238864
0.0,0.24455848
1.0,0.056892484
1.0,0.9330231
1.0,0.7806082
1.0,0.7935606
0.0,0.021805644
0.0,0.002330929
1.0,0.10132375
0.0,0.17982173
1.0,0.9834015
1.0,0.77989197
1.0,0.9886347
0.0,0.09418762
0.0,0.0048031807
0.0,0.18084654
0.0,0.023484617
1.0,0.20653903
1.0,0.93809897
0.0,0.07142064
0.0,0.21184942
0.0,0.06043777
0.0,0.3383833
1.0,0.02953577
1.0,0.7630732
1.0,0.9692985
0.0,0.93660504
1.0,0.54040086
1.0,0.69329035
1.0,0.18809232
1.0,0.96858394
0.0,0.28211907
0.0,0.8739869
0.0,0.7867656
0.0,0.0061216652
1.0,0.8999344
1.0,0.98947626
1.0,0.91901726
1.0,0.90029615
0.0,0.06073603
0.0,0.004014969
0.0,0.022558808
0.0,0.051896513
1.0,0.86531043
0.0,0.21861449
0.0,0.018985659
0.0,0.12609711
0.0,0.009623498
1.0,0.8098662
1.0,0.769198
1.0,0.95423055
0.0,0.07611489
0.0,0.08756012
1.0,0.8011522
1.0,0.99130845
0.0,0.058440298
1.0,0.9424504
0.0,0.7969527
1.0,0.9938188
1.0,0.99404323
1.0,0.67985296
0.0,0.03266409
0.0,0.13216469
1.0,0.98896235
0.0,0.07675159
0.0,0.30165148
1.0,0.99069923
0.0,0.027013808
0.0,0.036705375
0.0,0.07594389
1.0,0.27082077
0.0,0.48790878
0.0,0.55203897
1.0,0.6255815
0.0,0.6036266
0.0,0.033744693
0.0,0.03363359
0.0,0.24249694
1.0,0.8278607
0.0,0.9179198
0.0,0.019677132
0.0,0.0016318858
1.0,0.116110474
0.0,0.037361294
0.0,0.0019111037
1.0,0.83263177
0.0,0.5110858
0.0,0.007419884
1.0,0.98264587
1.0,0.90410316
0.0,0.0015802383
1.0,0.29045406
1.0,0.29328594
0.0,0.5304622
0.0,0.62358624
1.0,0.6801607
1.0,0.7417315
0.0,0.010625988
1.0,0.17593664
1.0,0.20609015
1.0,0.12756142
0.0,0.16066355
1.0,0.1288937
0.0,0.017911524
1.0,0.8237386
0.0,0.0020959377
1.0,0.9349359
0.0,0.75905114
0.0,0.10447124
1.0,0.81707036
0.0,0.023510844
1.0,0.9444515
1.0,0.74866235
1.0,0.9578064
1.0,0.6169899
0.0,0.032000333
1.0,0.039673448
0.0,0.5293497
0.0,0.005023837
0.0,0.029864907
0.0,0.01562196
1.0,0.9638381
0.0,0.009410173
0.0,0.5162802
0.0,0.5580984
0.0,0.51266587
1.0,0.90531254
0.0,0.46680728
0.0,0.007169336
0.0,0.05800301
0.0,0.8004186
1.0,0.78592896
0.0,0.004665166
1.0,0.962188
1.0,0.9780791
0.0,0.802969
0.0,0.002794981
0.0,0.0036567152
1.0,0.96458375
0.0,0.026446432
1.0,0.02466479
1.0,0.7850567
1.0,0.9660332
0.0,0.7937731
0.0,0.25710863
0.0,0.006889552
0.0,0.70309883
0.0,0.020373464
0.0,0.0037789047
0.0,0.42242476
1.0,0.62870485
0.0,0.48081324
1.0,0.908026
0.0,0.17112777
1.0,0.95727646
1.0,0.957839
1.0,0.561315
1.0,0.9234903
0.0,0.19567078
0.0,0.96319413
0.0,0.029349595
1.0,0.7248208
1.0,0.9553373
0.0,0.010153174
1.0,0.24016815
1.0,0.96616197
1.0,0.78310955
1.0,0.16778496
0.0,0.6391263
0.0,0.045305938
1.0,0.93158674
0.0,0.0150411725
0.0,0.06815553
1.0,0.98068476
0.0,0.0115784705
0.0,0.6882177
0.0,0.13194165
0.0,0.0048466325
0.0,0.073186755
1.0,0.98718154
0.0,0.0075064898
0.0,0.38083375
1.0,0.09430438
0.0,0.04799828
1.0,0.9503709
0.0,0.2802004
0.0,0.009431064
0.0,0.0033088923
0.0,0.35808778
1.0,0.785601
0.0,0.29106486
0.0,0.09443033
1.0,0.9124317
1.0,0.91261435
0.0,0.029029906
0.0,0.0112942755
0.0,0.011822432
1.0,0.48254603
0.0,0.080031276
1.0,0.9284178
1.0,0.8136494
1.0,0.5071223
1.0,0.96167123
1.0,0.9434029
0.0,0.90077084
1.0,0.89426166
1.0,0.99044716
0.0,0.0054006875
0.0,0.0043010116
0.0,0.018770218
1.0,0.85915744
0.0,0.014366657
0.0,0.00908947
0.0,0.037300617
1.0,0.97822034
0.0,0.033077657
1.0,0.94527817
0.0,0.16375655
0.0,0.5877533
0.0,0.06131977
0.0,0.027474254
0.0,0.015188366
1.0,0.6667516
1.0,0.9852482
0.0,0.03348127
0.0,0.045295537
1.0,0.46923837
0.0,0.0017141998
1.0,0.9884517
0.0,0.022562802
0.0,0.011781663
0.0,0.016407251
1.0,0.9690557
1.0,0.8689617
0.0,0.02987504
0.0,0.26583672
1.0,0.73724866
0.0,0.020333797
0.0,0.007866651
1.0,0.92865646
1.0,0.9897692
1.0,0.9134574
0.0,0.016470134
1.0,0.9647871
1.0,0.96419275
0.0,0.29393542
0.0,0.01873663
0.0,0.0040151477
0.0,0.03965196
0.0,0.002315253
0.0,0.026687592
1.0,0.55971974
1.0,0.94482577
0.0,0.066841096
0.0,0.009890437
0.0,0.07335934
0.0,0.071258426
1.0,0.9599898
0.0,0.947203
0.0,0.019806117
0.0,0.8429287
0.0,0.9766313
1.0,0.04712358
0.0,0.0015915334
0.0,0.7168001
1.0,0.96257836
0.0,0.03587511
0.0,0.07112008
0.0,0.024072051
0.0,0.008333176
1.0,0.8718176
1.0,0.9212633
0.0,0.029541492
0.0,0.967255
0.0,0.0028101802
0.0,0.9533098
0.0,0.9388635
0.0,0.4211763
0.0,0.0032575428
0.0,0.14718744
1.0,0.006002158
0.0,0.0221439
1.0,0.16682485
0.0,0.82314837
0.0,0.0012326539
0.0,0.06520352
0.0,0.14960486
0.0,0.16509116
0.0,0.017406195
1.0,0.9846618
0.0,0.0027751625
0.0,0.7264677
0.0,0.05115071
1.0,0.73075116
1.0,0.94262725
0.0,0.026411623
0.0,0.5548804
0.0,0.0026367605
1.0,0.99679124
1.0,0.80033916
1.0,0.9818672
0.0,0.10949728
1.0,0.9875195
0.0,0.03470373
0.0,0.0017253757
0.0,0.01682505
1.0,0.010236084
0.0,0.0019136965
0.0,0.0048873425
1.0,0.99572337
1.0,0.35561255
0.0,0.00986436
1.0,0.9958144
0.0,0.030531913
1.0,0.8023142
0.0,0.08354694
1.0,0.9148075
0.0,0.9707756
0.0,0.1800769
1.0,0.8966192
0.0,0.003544718
0.0,0.10876492
0.0,0.020956278
0.0,0.015974551
0.0,0.03288603
0.0,0.015714884
1.0,0.8868342
1.0,0.77284074
0.0,0.7261024
0.0,0.029308975
0.0,0.012418747
0.0,0.08260998
1.0,0.9921073
0.0,0.015852392
0.0,0.07709348
0.0,0.8206934
0.0,0.09427974
0.0,0.001337111
1.0,0.9518841
1.0,0.95563316
0.0,0.0021068156
0.0,0.00999552
0.0,0.016117811
0.0,0.0032952428
1.0,0.8540653
0.0,0.86184573
0.0,0.018215746
0.0,0.013639331
1.0,0.9414322
0.0,0.0088146925
0.0,0.38981667
1.0,0.9605961
0.0,0.007712215
0.0,0.13252136
1.0,0.7614922
1.0,0.74012643
1.0,0.9436188
0.0,0.0021814108
0.0,0.0030972958
0.0,0.19952011
0.0,0.011907637
1.0,0.42253828
0.0,0.21812186
1.0,0.14128679
0.0,0.0015913248
0.0,0.005230963
0.0,0.13960719
1.0,0.9819836
0.0,0.8557923
0.0,0.06198275
0.0,0.45848864
1.0,0.7491628
0.0,0.019335032
0.0,0.40821072
0.0,0.0019947886
1.0,0.06457642
0.0,0.0072147846
0.0,0.0024911463
1.0,0.102926224
1.0,0.98108786
0.0,0.001405716
1.0,0.9940363
1.0,0.99088794
1.0,0.9181755
1.0,0.8980613
0.0,0.018932939
1.0,0.89072096
0.0,0.9955343
1.0,0.043448538
0.0,0.01168862
1.0,0.46670198
0.0,0.8915278
1.0,0.23795101
1.0,0.9913184
1.0,0.79329634
0.0,0.0041283667
0.0,0.8174761
0.0,0.8768339
0.0,0.01241973
0.0,0.026476413
0.0,0.16354826
1.0,0.9888998
1.0,0.9891696
1.0,0.09804168
0.0,0.0028989613
0.0,0.008648813
0.0,0.045324147
0.0,0.7727797
1.0,0.025992632
0.0,0.048261523
0.0,0.014690816
0.0,0.026463896
0.0,0.280574
1.0,0.8927618
0.0,0.5609813
0.0,0.8054649
0.0,0.27430248
1.0,0.39526677
0.0,0.018523335
0.0,0.52355117
1.0,0.21014035
0.0,0.14607418
1.0,0.07361585
0.0,0.014159083
0.0,0.35651413
0.0,0.003830105
0.0,0.021855384
0.0,0.0011704862
1.0,0.9244927
0.0,0.098389655
0.0,0.045885473
1.0,0.9898332
1.0,0.972618
0.0,0.12314609
1.0,0.0147533715
0.0,0.13572863
0.0,0.055003047
1.0,0.9640417
0.0,0.0017643273
0.0,0.12143889
0.0,0.025475562
0.0,0.0047528446
1.0,0.98830664
1.0,0.9621135
1.0,0.7033159
1.0,0.98248243
0.0,0.010239422
0.0,0.029402018
0.0,0.05249849
1.0,0.9700329
0.0,0.007645935
0.0,0.025149107
1.0,0.96590227
1.0,0.5289423
1.0,0.903809
0.0,0.0032715797
0.0,0.29999313
0.0,0.6000675
1.0,0.99090195
1.0,0.9560527
1.0,0.9404462
0.0,0.26089483
0.0,0.0015108883
0.0,0.0021588802
1.0,0.9096016
1.0,0.17465302
0.0,0.2582308
1.0,0.96321297
1.0,0.61827415
1.0,0.94960856
1.0,0.5771542
0.0,0.3319513
0.0,0.023582816
1.0,0.33220652
1.0,0.82626486
0.0,0.027466655
0.0,0.025943726
0.0,0.0085507035
0.0,0.017113596
0.0,0.024837077
0.0,0.7051567
0.0,0.012977719
0.0,0.046344936
1.0,0.84917736
1.0,0.72533715
0.0,0.8213944
1.0,0.9789276
0.0,0.0036058426
1.0,0.92152643
0.0,0.23774469
1.0,0.98260975
0.0,0.0028717816
0.0,0.00394699
0.0,0.004165262
0.0,0.4755464
1.0,0.10644987
1.0,0.9924496
0.0,0.025200427
0.0,0.09647113
1.0,0.26605052
0.0,0.039161325
1.0,0.97912204
1.0,0.7230284
0.0,0.010704577
0.0,0.02304107
0.0,0.24199754
0.0,0.9958445
0.0,0.8441225
0.0,0.008230269
0.0,0.46795702
0.0,0.01957655
1.0,0.97632146
1.0,0.9718864
1.0,0.9084101
1.0,0.84657633
0.0,0.008049935
0.0,0.61774343
1.0,0.9333019
0.0,0.43748063
0.0,0.012256533
0.0,0.023556799
1.0,0.23435059
1.0,0.23548967
0.0,0.005488336
1.0,0.9592582
1.0,0.988261
0.0,0.0018048286
0.0,0.016118407
1.0,0.9636539
0.0,0.01608035
0.0,0.9383768
0.0,0.0018227398
0.0,0.030212104
1.0,0.06930113
0.0,0.014718026
0.0,0.005585164
0.0,0.21837872
1.0,0.25739312
0.0,0.006514877
0.0,0.065454125
1.0,0.84176046
0.0,0.0074450076
0.0,0.13744026
0.0,0.9619447
1.0,0.98657644
1.0,0.66306823
1.0,0.07261568
0.0,0.032194465
0.0,0.18122995
1.0,0.1880953
0.0,0.0047442317
0.0,0.0023627281
0.0,0.047099084
0.0,0.028828979
1.0,0.5633668
0.0,0.23333037
0.0,0.875069
1.0,0.7791452
0.0,0.027937114
0.0,0.028606355
0.0,0.77949727
0.0,0.26937354
1.0,0.8188296
1.0,0.98813057
0.0,0.36852103
1.0,0.84435457
0.0,0.0134631395
0.0,0.016347826
0.0,0.0023907423
1.0,0.5034522
0.0,0.0032289326
0.0,0.022011012
1.0,0.938251
1.0,0.75010204
1.0,0.901256
0.0,0.5871874
1.0,0.9247728
1.0,0.85480523
0.0,0.00094401836
0.0,0.92167187
0.0,0.58065313
1.0,0.33623904
0.0,0.02706945
0.0,0.19611913
0.0,0.018264234
0.0,0.021606654
0.0,0.009838551
0.0,0.06860179
0.0,0.24290252
0.0,0.8196352
0.0,0.2557127
1.0,0.5365059
1.0,0.83559495
1.0,0.7327863
0.0,0.00607574
1.0,0.9962667
0.0,0.2725615
0.0,0.034004956
1.0,0.9690231
0.0,0.257415
0.0,0.010608971
0.0,0.21753597
0.0,0.014206409
0.0,0.1328952
0.0,0.8593751
0.0,0.029164314
1.0,0.9078095
0.0,0.0013375282
0.0,0.009637505
0.0,0.0057126284
1.0,0.9473522
1.0,0.95170677
0.0,0.781204
1.0,0.74075955
0.0,0.019194871
1.0,0.0985482
0.0,0.009405196
0.0,0.013566703
1.0,0.03611216
0.0,0.0012319386
0.0,0.008135527
1.0,0.4547832
0.0,0.036681682
1.0,0.021613032
0.0,0.29524446
0.0,0.0067005157
1.0,0.92116
0.0,0.009625077
0.0,0.4765602
0.0,0.76224554
0.0,0.007341802
0.0,0.001222372
1.0,0.92921585
0.0,0.0024600327
0.0,0.057523966
0.0,0.020941168
1.0,0.5723269
0.0,0.9528208
0.0,0.03462091
1.0,0.8289018
0.0,0.008374304
0.0,0.0027700067
0.0,0.03069055
0.0,0.105888635
1.0,0.28665558
0.0,0.02151969
0.0,0.0021235943
0.0,0.006409973
0.0,0.0027961135
0.0,0.713761
1.0,0.9779522
1.0,0.8306664
0.0,0.007455498
1.0,0.94467163
0.0,0.022399962
0.0,0.009901255
0.0,0.016834408
0.0,0.07662487
1.0,0.9622926
0.0,0.015210003
0.0,0.010714352
0.0,0.10108444
0.0,0.10531506
0.0,0.16459453
0.0,0.0088606775
0.0,0.0020944774
0.0,0.004588276
0.0,0.002898872
0.0,0.9709804
1.0,0.29377922
0.0,0.024700522
0.0,0.009972721
0.0,0.008948356
1.0,0.9953972
0.0,0.0832876
1.0,0.9137413
0.0,0.25344336
0.0,0.03098166
0.0,0.11000711
1.0,0.9782139
1.0,0.99615085
1.0,0.9489907
1.0,0.46385178
0.0,0.2813111
0.0,0.0033236444
1.0,0.9890462
1.0,0.94921273
0.0,0.01279816
0.0,0.0410918
0.0,0.837276
1.0,0.98187065
0.0,0.022712618
0.0,0.00300923
0.0,0.027965933
0.0,0.027903676
1.0,0.5400009
1.0,0.96846396
0.0,0.0014699996
1.0,0.6189042
0.0,0.029176831
0.0,0.021014214
0.0,0.0038752854
0.0,0.016875386
0.0,0.00974977
1.0,0.9146761
0.0,0.0014221072
0.0,0.03469768
0.0,0.8250352
0.0,0.077889115
0.0,0.78861487
1.0,0.9871601
0.0,0.016203582
0.0,0.01923713
1.0,0.9433826
0.0,0.3784166
0.0,0.00591439
1.0,0.96461177
1.0,0.77011544
0.0,0.086462826
1.0,0.91352594
0.0,0.27884218
1.0,0.74182916
1.0,0.9980515
0.0,0.0813255
1.0,0.95856774
0.0,0.026870072
0.0,0.03248653
0.0,0.36561206
0.0,0.43362957
0.0,0.02726698
0.0,0.005000621
0.0,0.3433395
1.0,0.9661553
0.0,0.10688162
0.0,0.03505057
0.0,0.3796543
0.0,0.17336413
1.0,0.95550203
0.0,0.013557434
0.0,0.53378665
0.0,0.015664965
0.0,0.005770862
0.0,0.007513225
0.0,0.96105874
1.0,0.06890097
0.0,0.1086508
1.0,0.84949136
0.0,0.0039241314
1.0,0.10523009
0.0,0.086651295
0.0,0.072648585
0.0,0.033478647
0.0,0.6409407
0.0,0.51851964
0.0,0.031163871
0.0,0.14139006
0.0,0.0077910423
0.0,0.34222627
0.0,0.93473387
1.0,0.97522396
0.0,0.5195765
0.0,0.013847649
1.0,0.9908354
0.0,0.0048781335
0.0,0.006136745
0.0,0.0014838576
1.0,0.7796632
1.0,0.54128516
1.0,0.6864917
1.0,0.9781421
0.0,0.09385979
1.0,0.9196962
0.0,0.16091526
1.0,0.5858802
0.0,0.2328625
0.0,0.9625975
0.0,0.22811306
0.0,0.004320562
0.0,0.0421381
1.0,0.9631343
1.0,0.28428137
0.0,0.9929947
1.0,0.72734773
0.0,0.00922972
1.0,0.9593076
0.0,0.017870784
0.0,0.014334142
0.0,0.95019364
0.0,0.4821306
0.0,0.06469983
0.0,0.0029741526
1.0,0.9971944
0.0,0.0013247728
1.0,0.9936343
1.0,0.9205564
1.0,0.9744919
0.0,0.0051751137
0.0,0.98305523
0.0,0.0068286657
0.0,0.1162962
0.0,0.25924033
1.0,0.3029891
0.0,0.1777808
0.0,0.07980576
0.0,0.09044367
0.0,0.009298652
0.0,0.00254789
0.0,0.122871816
0.0,0.80129516
0.0,0.0093176365
0.0,0.8280524
1.0,0.98978966
0.0,0.5466302
0.0,0.02733317
0.0,0.005784303
0.0,0.004632324
1.0,0.8981024
0.0,0.6054094
1.0,0.9863607
0.0,0.5334283
1.0,0.9971907
1.0,0.967571
0.0,0.006270379
0.0,0.057855934
0.0,0.027373403
0.0,0.15953955
0.0,0.038854092
0.0,0.6847981
1.0,0.96860623
0.0,0.010409802
1.0,0.53551495
0.0,0.48798558
0.0,0.0062275827
0.0,0.015585661
1.0,0.96616185
0.0,0.01121366
1.0,0.9931725
0.0,0.0040275753
0.0,0.021526605
0.0,0.5883371
0.0,0.5696566
0.0,0.09887123
0.0,0.019438684
1.0,0.6910175
1.0,0.8923664
0.0,0.1564005
0.0,0.036429197
0.0,0.012202591
1.0,0.96544784
0.0,0.031140357
1.0,0.3154936
0.0,0.050980568
1.0,0.9232362
1.0,0.93193126
0.0,0.031092227
0.0,0.02893728
0.0,0.0070560575
1.0,0.8856088
0.0,0.24260774
0.0,0.8571596
1.0,0.97436345
1.0,0.21036142
0.0,0.84191346
0.0,0.026758462
1.0,0.9797671
0.0,0.010050714
0.0,0.012857437
0.0,0.0047102273
1.0,0.6154979
0.0,0.055980563
0.0,0.031375706
1.0,0.94128907
1.0,0.7442541
0.0,0.49089056
0.0,0.010425031
0.0,0.013881534
1.0,0.95820415
1.0,0.9761737
1.0,0.7219219
0.0,0.057771027
0.0,0.0037905872
0.0,0.009265572
0.0,0.0013933778
1.0,0.8827726
0.0,0.0023388565
0.0,0.6685774
0.0,0.20998228
0.0,0.6804106
0.0,0.21123174
0.0,0.008725166
0.0,0.23841402
0.0,0.019254327
0.0,0.0069766343
1.0,0.21739122
1.0,0.91714907
0.0,0.65313774
0.0,0.11932853
1.0,0.024915546
0.0,0.0027710795
1.0,0.9333492
0.0,0.018309444
0.0,0.020889044
1.0,0.94602036
1.0,0.98375547
0.0,0.28923813
0.0,0.06010562
1.0,0.41559792
0.0,0.1729162
0.0,0.22687408
0.0,0.9914837
0.0,0.030730784
1.0,0.9131548
1.0,0.281345
0.0,0.28445405
0.0,0.002341807
0.0,0.04867807
1.0,0.9177431
0.0,0.0056833923
1.0,0.35782146
0.0,0.04276979
1.0,0.8675132
1.0,0.6350779
0.0,0.6815153
1.0,0.19787645
0.0,0.6947941
0.0,0.0062960684
1.0,0.98542166
1.0,0.11889267
0.0,0.026292682
0.0,0.29711747
0.0,0.761178
0.0,0.92729366
1.0,0.96090007
0.0,0.0760476
0.0,0.20521027
0.0,0.0036658347
1.0,0.97097206
0.0,0.032975435
0.0,0.88393915
1.0,0.94608796
0.0,0.0013094544
0.0,0.8463377
0.0,0.04569152
1.0,0.28811663
0.0,0.15714526
1.0,0.97799176
0.0,0.011319518
1.0,0.037410825
1.0,0.5809232
1.0,0.97562236
1.0,0.91624284
0.0,0.0040576756
1.0,0.3527277
0.0,0.01677978
1.0,0.98286235
1.0,0.83388597
0.0,0.24950752
1.0,0.861784
0.0,0.0022825003
1.0,0.6018791
1.0,0.45110533
0.0,0.034778982
0.0,0.9691648
1.0,0.99601376
1.0,0.16985795
0.0,0.15856281
0.0,0.36484608
0.0,0.0010052621
0.0,0.008952856
0.0,0.57929313
1.0,0.9276769
1.0,0.9536386
1.0,0.44457322
1.0,0.7277205
1.0,0.99489015
1.0,0.988011
0.0,0.52594614
1.0,0.94104
0.0,0.006758541
0.0,0.021579534
0.0,0.1190964
1.0,0.031323165
1.0,0.72484744
0.0,0.031920075
0.0,0.028718978
0.0,0.91701585
1.0,0.81438154
1.0,0.091430575
1.0,0.91307926
0.0,0.004489571
0.0,0.97558016
0.0,0.073482424
0.0,0.13689959
0.0,0.022508651
0.0,0.01804486
1.0,0.9821491
1.0,0.92440766
0.0,0.03140396
0.0,0.030084789
0.0,0.7943351
0.0,0.68032336
0.0,0.7073581
0.0,0.15935788
0.0,0.81054604
1.0,0.8109081
0.0,0.1945652
1.0,0.9517038
0.0,0.004474014
0.0,0.89378476
0.0,0.06502995
0.0,0.6704615
1.0,0.9625251
1.0,0.824728
1.0,0.6365269
1.0,0.78467405
0.0,0.0020657182
0.0,0.25287294
1.0,0.5519952
1.0,0.9159613
0.0,0.32688776
0.0,0.012334377
0.0,0.04271263
1.0,0.8489716
0.0,0.010038435
1.0,0.032344908
0.0,0.015121669
0.0,0.049553543
0.0,0.025273949
0.0,0.017118126
0.0,0.06510165
0.0,0.030966401
0.0,0.1562598
1.0,0.98597145
0.0,0.0026348233
0.0,0.6186684
0.0,0.012537628
1.0,0.3743111
0.0,0.02214697
1.0,0.9890995
0.0,0.008177161
0.0,0.009410292
0.0,0.006864488
0.0,0.073186666
0.0,0.01726687
0.0,0.014779359
1.0,0.96765757
0.0,0.11355829
1.0,0.81499946
1.0,0.96350586
0.0,0.02113226
0.0,0.02784583
1.0,0.9358643
1.0,0.9958258
0.0,0.37604982
0.0,0.5170041
0.0,0.21885756
0.0,0.07873762
0.0,0.011134297
1.0,0.44507056
0.0,0.03574729
1.0,0.62915635
1.0,0.4535273
0.0,0.97756016
0.0,0.107232034
0.0,0.011459947
0.0,0.012351543
0.0,0.8827208
0.0,0.009269208
0.0,0.007525474
0.0,0.8067395
1.0,0.7583661
1.0,0.82735485
0.0,0.021686703
0.0,0.02602306
0.0,0.10900015
1.0,0.9531245
0.0,0.0027989745
0.0,0.016102612
1.0,0.59127885
1.0,0.97402203
0.0,0.2169087
0.0,0.04973188
0.0,0.015555173
1.0,0.9672214
0.0,0.025982559
1.0,0.96814513
1.0,0.78013283
0.0,0.0057350695
0.0,0.047338963
0.0,0.026977062
1.0,0.6165047
0.0,0.043846667
1.0,0.79155815
0.0,0.004285842
1.0,0.85143137
0.0,0.046536237
0.0,0.038958818
0.0,0.0033566356
1.0,0.9924635
0.0,0.78821003
1.0,0.98777103
1.0,0.96751535
0.0,0.006684035
1.0,0.31918347
0.0,0.04642117
1.0,0.29847917
0.0,0.0033895671
1.0,0.9519224
0.0,0.0022400618
1.0,0.79142785
1.0,0.97338665
1.0,0.98763883
0.0,0.014143109
1.0,0.94222003
1.0,0.44074678
0.0,0.013190955
1.0,0.96720797
1.0,0.4652394
1.0,0.06293177
0.0,0.103325315
0.0,0.006805939
0.0,0.9757986
0.0,0.08899376
