0.0,0.19696581
0.0,0.795705
1.0,0.2944032
0.0,0.10420117
1.0,0.4401368
0.0,0.054669738
1.0,0.95712024
1.0,0.6970761
1.0,0.80961597
0.0,0.011228621
0.0,0.20169723
1.0,0.92879426
0.0,0.023891777
0.0,0.117242545
0.0,0.05028686
0.0,0.009168446
1.0,0.20200601
0.0,0.058506638
0.0,0.0228405
1.0,0.6164078
1.0,0.6803991
0.0,0.013165742
1.0,0.95013225
0.0,0.02987349
0.0,0.015870363
1.0,0.6339313
0.0,0.075681776
1.0,0.8763234
0.0,0.031464756
1.0,0.88947177
0.0,0.029739738
0.0,0.23934111
1.0,0.9341972
1.0,0.98618996
1.0,0.898173
1.0,0.9756419
1.0,0.51156366
0.0,0.057478398
1.0,0.9401178
1.0,0.06421685
1.0,0.94580144
1.0,0.97449017
0.0,0.033094734
1.0,0.96759075
1.0,0.88426614
0.0,0.048481792
0.0,0.009132266
0.0,0.1350089
0.0,0.03351462
1.0,0.99027586
0.0,0.25160974
1.0,0.77671975
1.0,0.97869045
1.0,0.760203
0.0,0.030408353
0.0,0.013726234
0.0,0.12485197
1.0,0.061963886
1.0,0.652955
1.0,0.15609714
1.0,0.9873326
0.0,0.35441378
1.0,0.98295116
1.0,0.88421583
1.0,0.97555274
0.0,0.2958628
0.0,0.1211403
1.0,0.96732134
0.0,0.018397778
1.0,0.92064035
0.0,0.27444822
1.0,0.91785526
0.0,0.006405741
0.0,0.06820217
1.0,0.45352027
0.0,0.13213608
0.0,0.017536402
0.0,0.27390832
0.0,0.023741066
1.0,0.9353087
0.0,0.04228714
1.0,0.98211634
1.0,0.96955407
1.0,0.9970567
1.0,0.9781583
1.0,0.8388149
1.0,0.97568417
0.0,0.15198386
0.0,0.037062913
1.0,0.75495565
0.0,0.0122671425
1.0,0.16012397
0.0,0.027309299
0.0,0.6985234
0.0,0.24802086
1.0,0.9607469
0.0,0.043890983
0.0,0.06628078
1.0,0.48830402
1.0,0.9833479
0.0,0.022989273
0.0,0.054516375
1.0,0.04763013
0.0,0.09795618
0.0,0.1229305
1.0,0.8674171
1.0,0.042030364
0.0,0.04019603
1.0,0.024079293
1.0,0.9892179
1.0,0.93557405
0.0,0.08397448
1.0,0.058124155
0.0,0.07500395
0.0,0.041155964
1.0,0.6007347
0.0,0.0485622
1.0,0.3792153
1.0,0.51876557
1.0,0.9756289
0.0,0.21510604
1.0,0.98546743
0.0,0.9407809
0.0,0.030519456
0.0,0.26024356
1.0,0.49697775
0.0,0.017633736
0.0,0.1452316
1.0,0.9608444
1.0,0.77797085
1.0,0.98510665
0.0,0.0401586
0.0,0.03838244
1.0,0.24633688
1.0,0.98132026
0.0,0.7766485
0.0,0.026544124
0.0,0.028386623
0.0,0.07184249
0.0,0.035988867
1.0,0.7326071
0.0,0.1172533
1.0,0.13215947
0.0,0.029862285
0.0,0.017195314
0.0,0.0074866116
1.0,0.22196323
0.0,0.018598199
0.0,0.035513967
0.0,0.050127953
0.0,0.11455011
0.0,0.015633374
0.0,0.025977075
0.0,0.88884294
0.0,0.1631962
1.0,0.95526713
0.0,0.010003686
0.0,0.016666412
1.0,0.99381965
0.0,0.02417922
0.0,0.17311475
0.0,0.082067996
0.0,0.040575475
0.0,0.13619879
1.0,0.9952438
0.0,0.098872066
1.0,0.9369817
0.0,0.07279912
0.0,0.013452679
1.0,0.7404058
0.0,0.94313776
0.0,0.9693595
0.0,0.94239724
0.0,0.007273942
1.0,0.72516483
1.0,0.9189132
0.0,0.05569002
1.0,0.6211705
0.0,0.3614604
1.0,0.95936763
1.0,0.81010044
1.0,0.9632157
1.0,0.97152114
1.0,0.9811288
0.0,0.84417534
0.0,0.008272707
0.0,0.016493559
0.0,0.9742778
0.0,0.07519275
0.0,0.049604386
1.0,0.20901582
0.0,0.008417189
0.0,0.78924173
1.0,0.97248673
1.0,0.7033689
1.0,0.9938704
0.0,0.014113337
0.0,0.07858029
0.0,0.013067275
1.0,0.068736225
0.0,0.2535171
0.0,0.13030079
0.0,0.6696322
0.0,0.4093993
0.0,0.12631348
1.0,0.08482379
0.0,0.04822442
1.0,0.21268755
0.0,0.008538932
0.0,0.06270236
0.0,0.0153693855
1.0,0.95473886
0.0,0.067910016
0.0,0.094441116
0.0,0.043976575
0.0,0.017741919
0.0,0.8558152
0.0,0.20360342
1.0,0.98707736
0.0,0.02318108
0.0,0.01734212
1.0,0.32494783
1.0,0.9870504
0.0,0.27963486
0.0,0.031109005
0.0,0.008031428
0.0,0.071529955
0.0,0.045436174
0.0,0.11686745
1.0,0.96934974
0.0,0.077932626
1.0,0.3873217
0.0,0.015132815
1.0,0.27212614
1.0,0.46715182
0.0,0.052788347
0.0,0.10091555
0.0,0.038998574
1.0,0.88743967
1.0,0.78568435
1.0,0.9742223
1.0,0.74668896
0.0,0.033131182
0.0,0.84668916
1.0,0.9820982
0.0,0.48367113
0.0,0.015249819
0.0,0.024930984
0.0,0.13213423
0.0,0.10016513
0.0,0.043689013
0.0,0.096883655
1.0,0.5168951
0.0,0.04178962
0.0,0.11949119
0.0,0.054683983
1.0,0.9037845
1.0,0.9566015
0.0,0.040061384
0.0,0.19165012
0.0,0.042576104
1.0,0.9873323
0.0,0.059557527
0.0,0.008470625
0.0,0.045308083
0.0,0.036498517
1.0,0.9898818
1.0,0.88315326
1.0,0.98247516
0.0,0.03018725
1.0,0.92644453
0.0,0.058297604
0.0,0.07401192
0.0,0.5447628
1.0,0.96497285
1.0,0.42735606
0.0,0.010680944
0.0,0.05284047
1.0,0.89606977
1.0,0.35396767
0.0,0.060319185
1.0,0.11705461
1.0,0.9834292
0.0,0.70198375
0.0,0.2584687
0.0,0.086580515
0.0,0.029215246
0.0,0.30336678
0.0,0.047274053
1.0,0.98825705
0.0,0.030479848
0.0,0.03934276
1.0,0.99478114
0.0,0.030603707
1.0,0.9589133
1.0,0.03985226
1.0,0.9171383
1.0,0.84807706
1.0,0.9696255
0.0,0.055569112
1.0,0.9122442
0.0,0.78051114
1.0,0.9927107
0.0,0.5211172
0.0,0.26051325
0.0,0.0458709
0.0,0.08173901
0.0,0.27462384
1.0,0.98239815
0.0,0.96011984
1.0,0.64021236
0.0,0.89241266
1.0,0.7638531
1.0,0.98765254
0.0,0.035836697
0.0,0.014504969
0.0,0.04179144
1.0,0.93279976
1.0,0.17532203
0.0,0.007520944
0.0,0.006422311
0.0,0.019882828
0.0,0.033489376
1.0,0.9051738
1.0,0.7351567
0.0,0.05160141
0.0,0.09820694
1.0,0.7758597
1.0,0.9826961
1.0,0.32986954
0.0,0.06350753
0.0,0.82286745
0.0,0.013535112
0.0,0.65322095
1.0,0.98079383
1.0,0.8013108
0.0,0.059568882
0.0,0.071547
0.0,0.014144957
0.0,0.6127175
0.0,0.0122357905
0.0,0.24176005
1.0,0.5094726
0.0,0.15706366
0.0,0.047801256
0.0,0.09205112
0.0,0.46230975
0.0,0.75173235
0.0,0.052971393
0.0,0.013281107
1.0,0.61161447
0.0,0.05399704
1.0,0.78703904
0.0,0.009357423
0.0,0.13893956
0.0,0.2131378
0.0,0.007918477
0.0,0.97483003
1.0,0.4106874
1.0,0.8954761
0.0,0.67261606
1.0,0.8535956
0.0,0.02373159
0.0,0.41505873
0.0,0.3286618
0.0,0.3575134
0.0,0.03218481
0.0,0.006483048
1.0,0.27868629
0.0,0.029680312
1.0,0.98258674
0.0,0.06424147
1.0,0.39388326
0.0,0.14487231
1.0,0.06817973
1.0,0.9530222
1.0,0.9485725
0.0,0.010246962
0.0,0.050596684
1.0,0.9661933
0.0,0.05647877
0.0,0.03893909
1.0,0.049714148
1.0,0.9814006
0.0,0.19926697
1.0,0.96670055
1.0,0.98128843
0.0,0.65097
0.0,0.04494095
0.0,0.33439952
0.0,0.04453206
0.0,0.03177008
0.0,0.056281
1.0,0.9795051
0.0,0.13894233
1.0,0.84638566
1.0,0.2567085
0.0,0.024976283
0.0,0.08038345
0.0,0.85666466
1.0,0.9830062
1.0,0.95977724
1.0,0.42491952
0.0,0.1550695
1.0,0.96495867
1.0,0.8666104
0.0,0.007706493
0.0,0.1707882
0.0,0.84476405
0.0,0.8129227
1.0,0.95722055
0.0,0.045270056
1.0,0.42478564
0.0,0.8406122
0.0,0.066579044
0.0,0.051315606
0.0,0.026248068
0.0,0.023203522
0.0,0.049189
0.0,0.047810256
0.0,0.026408046
0.0,0.040855765
0.0,0.48239017
0.0,0.114853114
0.0,0.033762157
0.0,0.2502556
0.0,0.0451504
1.0,0.67625993
0.0,0.29317242
1.0,0.9615172
0.0,0.031007886
0.0,0.03285551
0.0,0.019117713
0.0,0.87044334
0.0,0.4783051
0.0,0.09264019
0.0,0.06968433
0.0,0.010438144
0.0,0.037965268
0.0,0.042490542
0.0,0.635196
1.0,0.9284091
0.0,0.041234553
0.0,0.023046851
0.0,0.55278665
0.0,0.055096775
1.0,0.6512493
0.0,0.80305016
1.0,0.34674025
0.0,0.013590664
0.0,0.17197669
1.0,0.9690949
0.0,0.9005224
1.0,0.7957705
1.0,0.940046
1.0,0.9263625
1.0,0.96449536
0.0,0.015209168
1.0,0.77204084
0.0,0.020130843
0.0,0.029059887
0.0,0.109167814
1.0,0.9957819
0.0,0.01671344
0.0,0.04670784
1.0,0.50861984
1.0,0.99726653
0.0,0.10862824
0.0,0.009039849
1.0,0.73085994
0.0,0.06738147
1.0,0.7373302
0.0,0.42822015
0.0,0.25809586
1.0,0.8743343
0.0,0.77959096
0.0,0.0117559135
1.0,0.10816246
0.0,0.039751977
1.0,0.9923039
0.0,0.010596454
1.0,0.39167672
1.0,0.6041619
1.0,0.79628026
1.0,0.9797506
0.0,0.15302375
0.0,0.05580929
1.0,0.81355983
0.0,0.028619409
0.0,0.28800398
1.0,0.7482866
1.0,0.8342552
1.0,0.9569528
0.0,0.016444176
1.0,0.9532982
1.0,0.8851589
0.0,0.15618807
1.0,0.96499133
0.0,0.525555
1.0,0.8815948
1.0,0.91060096
0.0,0.786419
0.0,0.51260173
1.0,0.41602927
0.0,0.36124188
1.0,0.96779346
0.0,0.93777084
0.0,0.047513396
0.0,0.86059964
1.0,0.9919931
0.0,0.009764254
0.0,0.012124509
0.0,0.78035146
1.0,0.37716112
0.0,0.04102859
0.0,0.012588471
0.0,0.09305748
0.0,0.7180619
1.0,0.56982315
1.0,0.9178741
0.0,0.081150234
0.0,0.46422514
0.0,0.08583674
0.0,0.09588426
0.0,0.04315746
1.0,0.9477806
0.0,0.040211737
1.0,0.9640812
0.0,0.762004
0.0,0.18526897
1.0,0.795794
0.0,0.027754456
0.0,0.061486483
0.0,0.04897207
0.0,0.013201535
0.0,0.1366311
0.0,0.0075412393
0.0,0.035782486
0.0,0.054284066
1.0,0.8981687
1.0,0.9820584
0.0,0.008307129
0.0,0.05438888
1.0,0.9627866
0.0,0.019253463
1.0,0.9026402
0.0,0.20970127
0.0,0.008045316
1.0,0.86951625
0.0,0.14340183
1.0,0.6813291
0.0,0.29655436
1.0,0.31069228
0.0,0.037457526
0.0,0.04817027
0.0,0.6788822
1.0,0.9756129
0.0,0.008025587
0.0,0.047406107
0.0,0.023119569
0.0,0.9629442
1.0,0.31307244
0.0,0.03006816
0.0,0.01350525
1.0,0.96240973
1.0,0.0503138
0.0,0.1460787
1.0,0.72506213
0.0,0.07096976
0.0,0.17064649
1.0,0.947907
1.0,0.99404246
0.0,0.3895895
1.0,0.9669722
1.0,0.9828999
0.0,0.032913476
0.0,0.06829405
0.0,0.049035728
1.0,0.06153679
0.0,0.008114547
0.0,0.045927733
0.0,0.015489131
1.0,0.99555445
1.0,0.37636834
0.0,0.019633323
1.0,0.41302547
1.0,0.08504906
0.0,0.35841283
1.0,0.9339113
0.0,0.06610933
1.0,0.95158076
0.0,0.09475148
1.0,0.9220394
0.0,0.031594366
0.0,0.024246812
1.0,0.7791425
0.0,0.013395309
1.0,0.90118974
0.0,0.041374862
0.0,0.03913653
0.0,0.029598027
1.0,0.7242566
0.0,0.26661712
1.0,0.53925586
0.0,0.011203706
1.0,0.35986137
1.0,0.2732857
0.0,0.010366619
1.0,0.9871417
1.0,0.9711199
1.0,0.19483998
1.0,0.86380863
0.0,0.046072453
0.0,0.021125913
0.0,0.7993871
1.0,0.9418223
1.0,0.5813832
0.0,0.033506036
0.0,0.049243897
0.0,0.115379035
1.0,0.8993715
0.0,0.3636003
1.0,0.013788193
1.0,0.9655399
0.0,0.03316164
0.0,0.050535083
1.0,0.97950137
0.0,0.7211633
1.0,0.98174524
0.0,0.7178128
0.0,0.040020794
0.0,0.033055365
1.0,0.083797395
0.0,0.056693643
1.0,0.9791478
0.0,0.022490442
1.0,0.42729074
0.0,0.5117544
0.0,0.10670617
1.0,0.0819335
1.0,0.35165
1.0,0.6340418
1.0,0.94681203
0.0,0.052205354
0.0,0.034392506
0.0,0.2692773
0.0,0.007926494
1.0,0.9657105
1.0,0.7387573
0.0,0.010095835
0.0,0.031806976
0.0,0.008847684
1.0,0.817742
0.0,0.034929544
0.0,0.046725303
0.0,0.06281099
0.0,0.18740821
0.0,0.055090576
0.0,0.15597603
1.0,0.8773513
0.0,0.9461591
1.0,0.410114
0.0,0.06778705
0.0,0.23822191
1.0,0.7485565
1.0,0.8553158
1.0,0.9571167
0.0,0.040258884
0.0,0.220781
1.0,0.15260273
0.0,0.009549409
0.0,0.050976455
0.0,0.14786717
1.0,0.88391006
0.0,0.055119157
0.0,0.09362966
1.0,0.982465
0.0,0.10597971
1.0,0.9955919
1.0,0.93448067
1.0,0.983302
0.0,0.02714786
1.0,0.97199315
1.0,0.7428923
0.0,0.053999364
1.0,0.259764
0.0,0.024679959
0.0,0.23378235
0.0,0.09784046
0.0,0.011210114
1.0,0.8337528
1.0,0.3342812
1.0,0.9950303
1.0,0.96357286
1.0,0.9879254
0.0,0.4312359
0.0,0.9842239
1.0,0.98181856
0.0,0.04103151
1.0,0.6669722
1.0,0.9840727
0.0,0.05644533
1.0,0.1266618
1.0,0.49524647
0.0,0.04851988
0.0,0.05526328
0.0,0.023818702
0.0,0.046096742
1.0,0.5135806
1.0,0.9768276
0.0,0.0145513415
0.0,0.03397
1.0,0.06230995
1.0,0.8437748
1.0,0.08146694
0.0,0.048420787
1.0,0.7672143
1.0,0.14623293
0.0,0.026655674
0.0,0.15552711
1.0,0.90548086
1.0,0.98560524
0.0,0.3364589
1.0,0.84331
0.0,0.10571
0.0,0.79532015
1.0,0.979488
0.0,0.5543629
1.0,0.9709078
0.0,0.802688
0.0,0.30204925
0.0,0.09684858
1.0,0.9481705
1.0,0.51410145
0.0,0.026545227
0.0,0.023726225
1.0,0.72304827
0.0,0.04479599
1.0,0.97957134
1.0,0.89673793
1.0,0.7901933
0.0,0.115303695
0.0,0.8017949
0.0,0.78046477
0.0,0.028238446
0.0,0.008082598
1.0,0.99557674
0.0,0.34546125
0.0,0.03187692
1.0,0.971671
0.0,0.03698668
1.0,0.077185005
1.0,0.7929778
0.0,0.026860744
0.0,0.22694069
0.0,0.7815064
0.0,0.017890424
0.0,0.007746637
0.0,0.024125278
0.0,0.02373889
0.0,0.9220497
1.0,0.6125963
1.0,0.9524497
0.0,0.72314495
0.0,0.4623592
0.0,0.020541787
0.0,0.06028554
0.0,0.029045194
1.0,0.050875217
0.0,0.03709072
0.0,0.010731399
1.0,0.9953397
1.0,0.699854
0.0,0.028633893
0.0,0.9712917
0.0,0.007497281
0.0,0.06111771
0.0,0.009632707
0.0,0.04979518
1.0,0.91906095
1.0,0.82371545
1.0,0.9033598
0.0,0.009602606
1.0,0.727599
1.0,0.9558085
0.0,0.07776412
0.0,0.0062259436
1.0,0.7503786
1.0,0.2143507
1.0,0.8884919
1.0,0.9675696
1.0,0.7750151
0.0,0.091724485
0.0,0.24901867
1.0,0.37522304
0.0,0.018951774
1.0,0.96279275
0.0,0.02197367
1.0,0.5744622
0.0,0.049377352
0.0,0.18590358
0.0,0.03051281
0.0,0.02452594
0.0,0.24875405
0.0,0.009391546
0.0,0.010005593
0.0,0.04954976
0.0,0.6661893
0.0,0.0088045
0.0,0.01870051
1.0,0.9313942
1.0,0.71826994
1.0,0.9820926
0.0,0.96519053
0.0,0.48329794
0.0,0.8588691
0.0,0.05069959
1.0,0.98464745
1.0,0.27710435
1.0,0.8971876
1.0,0.98541963
0.0,0.8954815
0.0,0.03247577
0.0,0.011293203
1.0,0.82835263
0.0,0.028753579
1.0,0.015826017
1.0,0.98228025
0.0,0.1591928
0.0,0.025491267
0.0,0.018338919
0.0,0.69319415
1.0,0.9243518
1.0,0.9689111
0.0,0.04619047
1.0,0.93250394
1.0,0.73803407
0.0,0.48778594
0.0,0.040579885
1.0,0.33933917
0.0,0.009942114
0.0,0.09817603
0.0,0.012292087
0.0,0.28005046
0.0,0.045540452
1.0,0.50648576
0.0,0.06797069
0.0,0.56137323
1.0,0.9833728
1.0,0.89822626
0.0,0.47717413
0.0,0.44775128
1.0,0.7155025
0.0,0.09613019
0.0,0.005325258
1.0,0.56339794
0.0,0.08917853
0.0,0.04501912
0.0,0.0481385
1.0,0.9701626
0.0,0.20324662
1.0,0.85325783
1.0,0.9626858
1.0,0.9962802
0.0,0.026305646
1.0,0.7899184
0.0,0.06563634
1.0,0.96887445
0.0,0.09179109
1.0,0.96900237
0.0,0.04586366
0.0,0.043314397
1.0,0.9813608
0.0,0.02207458
0.0,0.016521662
1.0,0.64018494
1.0,0.868624
1.0,0.08549863
1.0,0.75798374
1.0,0.57698846
1.0,0.96912986
1.0,0.7497932
0.0,0.028033793
1.0,0.11371741
1.0,0.99186933
0.0,0.076943785
0.0,0.0131929815
0.0,0.0077266097
1.0,0.4408089
0.0,0.026406646
0.0,0.07880086
0.0,0.28534952
1.0,0.967893
0.0,0.013155609
0.0,0.13761157
1.0,0.56912905
1.0,0.9487262
1.0,0.8929792
1.0,0.11258882
0.0,0.98541474
0.0,0.083841115
0.0,0.09560916
0.0,0.06264901
0.0,0.007888794
0.0,0.079202086
0.0,0.048690557
1.0,0.07017067
1.0,0.9423262
0.0,0.043530047
1.0,0.8838497
0.0,0.019382298
0.0,0.01104933
1.0,0.9824685
0.0,0.026487142
0.0,0.8964306
0.0,0.027172446
0.0,0.15012965
0.0,0.039888173
0.0,0.028549701
0.0,0.9517402
1.0,0.79375815
0.0,0.06605157
0.0,0.2000112
1.0,0.89527875
0.0,0.015236616
1.0,0.7970378
0.0,0.051615864
0.0,0.011025965
0.0,0.024562478
0.0,0.18861216
0.0,0.008563727
0.0,0.01773569
0.0,0.04602331
0.0,0.04643157
0.0,0.7625406
1.0,0.69877505
0.0,0.08164543
1.0,0.67121893
0.0,0.61563474
1.0,0.07320142
0.0,0.10513374
0.0,0.011811107
0.0,0.08242628
1.0,0.9570329
1.0,0.05971402
1.0,0.21369699
0.0,0.03983423
0.0,0.6019935
1.0,0.84932375
0.0,0.021191895
0.0,0.06535432
1.0,0.2797613
0.0,0.021185994
1.0,0.9551288
1.0,0.3259023
0.0,0.023607165
1.0,0.45433688
0.0,0.12823108
1.0,0.20483646
0.0,0.22161856
1.0,0.99223125
0.0,0.0071068704
0.0,0.9807207
0.0,0.06995201
0.0,0.05043474
0.0,0.0140122175
0.0,0.058591455
0.0,0.029476613
1.0,0.9557947
0.0,0.017472208
0.0,0.0065114796
0.0,0.0063773096
0.0,0.1294266
0.0,0.12839195
1.0,0.15809187
0.0,0.4546168
0.0,0.08501643
1.0,0.5604911
0.0,0.45718443
1.0,0.9681722
0.0,0.81868345
1.0,0.9239427
1.0,0.9432031
0.0,0.022902101
1.0,0.9966912
0.0,0.5698438
0.0,0.03555739
0.0,0.058688343
0.0,0.11041206
1.0,0.15626612
1.0,0.9855192
0.0,0.06441435
0.0,0.19654074
1.0,0.9930892
0.0,0.07325956
1.0,0.647843
1.0,0.04308048
1.0,0.77231437
0.0,0.048472047
1.0,0.5780462
0.0,0.03251621
1.0,0.8794203
1.0,0.18724266
0.0,0.35732725
0.0,0.747163
0.0,0.059442073
0.0,0.17912427
1.0,0.77859664
1.0,0.95077395
1.0,0.98623276
0.0,0.037573606
0.0,0.00759241
1.0,0.9694729
0.0,0.9545032
0.0,0.007833481
0.0,0.036476016
1.0,0.6872761
0.0,0.09115526
0.0,0.026281178
0.0,0.12879011
0.0,0.07173985
1.0,0.80536264
1.0,0.9707471
0.0,0.115190506
0.0,0.045375437
0.0,0.019564122
1.0,0.9881666
0.0,0.055193305
0.0,0.8120896
1.0,0.8756819
0.0,0.017351389
0.0,0.720931
1.0,0.9743694
0.0,0.08860159
1.0,0.28725556
1.0,0.15275186
0.0,0.0437178
0.0,0.059042364
0.0,0.018728793
0.0,0.02691558
1.0,0.97853327
1.0,0.99736726
1.0,0.98418
1.0,0.16525587
0.0,0.86945266
0.0,0.052384138
1.0,0.67748183
1.0,0.9903294
0.0,0.09818989
0.0,0.055104196
1.0,0.41860473
0.0,0.019300133
1.0,0.7099048
0.0,0.021726191
0.0,0.20880762
1.0,0.98331004
0.0,0.060776174
0.0,0.008177698
0.0,0.06120333
0.0,0.048823625
0.0,0.3449344
1.0,0.11159977
0.0,0.040584505
1.0,0.9758906
0.0,0.120214105
1.0,0.96764535
0.0,0.19128153
1.0,0.79882884
1.0,0.97027004
1.0,0.9938464
0.0,0.9271117
0.0,0.010070026
1.0,0.2024948
0.0,0.078614056
0.0,0.05032015
1.0,0.8632583
1.0,0.2537635
0.0,0.1381509
1.0,0.9438695
1.0,0.97674245
0.0,0.9040988
0.0,0.027286798
0.0,0.8160146
0.0,0.023950607
0.0,0.0077904165
0.0,0.8986171
1.0,0.9788257
1.0,0.9854314
1.0,0.9613097
0.0,0.008389384
0.0,0.022826314
0.0,0.028616935
0.0,0.042254895
0.0,0.055567145
0.0,0.074032575
1.0,0.9075574
1.0,0.9556358
1.0,0.6169881
0.0,0.11204216
0.0,0.061930984
1.0,0.8986683
0.0,0.21156198
0.0,0.52236485
1.0,0.8885532
0.0,0.7787671
0.0,0.8575865
1.0,0.76540786
0.0,0.061224848
1.0,0.6763305
1.0,0.9006833
0.0,0.95688766
0.0,0.029115021
1.0,0.9951364
0.0,0.015574068
0.0,0.48407546
1.0,0.74220496
1.0,0.97346705
1.0,0.6836966
1.0,0.9291425
0.0,0.9713019
0.0,0.05584821
0.0,0.01359275
1.0,0.7884718
0.0,0.9793629
1.0,0.80292374
0.0,0.72317433
1.0,0.918885
1.0,0.7148979
0.0,0.11605626
0.0,0.04699281
0.0,0.014334649
0.0,0.4048179
0.0,0.063406706
0.0,0.022532493
1.0,0.37017983
1.0,0.16682011
0.0,0.8931053
1.0,0.96905565
1.0,0.6012643
0.0,0.0112089515
0.0,0.2076433
1.0,0.86570287
1.0,0.21708447
0.0,0.026193053
0.0,0.14614224
0.0,0.024574608
0.0,0.038187474
1.0,0.45734417
1.0,0.9589242
0.0,0.04996541
0.0,0.007393956
0.0,0.058966607
0.0,0.1571326
0.0,0.04154423
0.0,0.048520207
0.0,0.9453294
0.0,0.5462298
0.0,0.018504351
0.0,0.042039633
0.0,0.12959236
1.0,0.98711896
1.0,0.8597355
0.0,0.02318132
0.0,0.034213275
0.0,0.008882582
0.0,0.013637811
0.0,0.07864368
0.0,0.31087363
0.0,0.03917077
0.0,0.2600385
1.0,0.94210577
1.0,0.9936898
1.0,0.88623005
1.0,0.90716195
1.0,0.9879416
0.0,0.5880749
0.0,0.06265059
0.0,0.04202816
0.0,0.068595946
1.0,0.7189048
0.0,0.034438014
1.0,0.9182669
0.0,0.04687348
0.0,0.41029188
0.0,0.88851047
0.0,0.056839228
0.0,0.053978264
0.0,0.18461779
0.0,0.23543668
0.0,0.027439535
1.0,0.88507235
1.0,0.31474346
0.0,0.123500586
0.0,0.1512284
0.0,0.031156838
0.0,0.018089294
1.0,0.9798863
0.0,0.023105055
1.0,0.10669914
0.0,0.048269033
1.0,0.5399965
0.0,0.02183178
0.0,0.119716346
1.0,0.9127083
0.0,0.007512063
1.0,0.9625596
0.0,0.06447634
0.0,0.46217713
0.0,0.21797264
0.0,0.007929355
0.0,0.009596556
1.0,0.9364245
1.0,0.9895716
0.0,0.45195964
0.0,0.059625655
0.0,0.027608335
0.0,0.3328058
1.0,0.8364261
0.0,0.70112807
1.0,0.20119414
1.0,0.38846794
0.0,0.796927
0.0,0.045333803
0.0,0.06672451
0.0,0.031995267
0.0,0.09520206
0.0,0.060501724
0.0,0.05801043
0.0,0.7598772
0.0,0.22352144
1.0,0.9147998
0.0,0.98134184
0.0,0.021936774
1.0,0.89625776
0.0,0.037154198
0.0,0.06557688
0.0,0.008327156
0.0,0.046270758
1.0,0.068995744
1.0,0.97017103
1.0,0.95955324
0.0,0.031740308
0.0,0.011436909
0.0,0.030798465
0.0,0.518792
0.0,0.4716153
0.0,0.704822
1.0,0.9931912
1.0,0.9845893
1.0,0.93115604
0.0,0.036059856
1.0,0.98692447
1.0,0.66142374
0.0,0.053314745
1.0,0.965721
0.0,0.03265053
0.0,0.023212045
0.0,0.54323757
1.0,0.9839567
1.0,0.96506417
1.0,0.7876877
0.0,0.86658585
0.0,0.2645796
0.0,0.02063486
1.0,0.96899104
1.0,0.98341584
1.0,0.955426
1.0,0.8252319
0.0,0.061720937
0.0,0.03908491
0.0,0.046399623
0.0,0.30549574
1.0,0.9711459
0.0,0.028664649
0.0,0.07732874
0.0,0.10872379
1.0,0.2806252
0.0,0.046402425
0.0,0.24380288
0.0,0.08779031
0.0,0.283122
0.0,0.028996617
0.0,0.10669488
0.0,0.033314437
0.0,0.12770113
0.0,0.008681685
1.0,0.9843831
1.0,0.21615648
0.0,0.18407813
0.0,0.9830113
0.0,0.08938435
1.0,0.9163166
0.0,0.019119173
0.0,0.054103613
0.0,0.5383769
0.0,0.019265354
1.0,0.93335545
0.0,0.025899291
0.0,0.08512354
1.0,0.56701523
1.0,0.9373309
1.0,0.94451916
0.0,0.040016323
0.0,0.13165265
1.0,0.81878316
1.0,0.97162664
1.0,0.98822284
0.0,0.8398521
0.0,0.42310524
0.0,0.008377284
1.0,0.08459601
1.0,0.98734474
0.0,0.028498948
0.0,0.80401206
1.0,0.70426923
1.0,0.97463524
0.0,0.023505539
1.0,0.8454708
1.0,0.36111847
0.0,0.040067703
1.0,0.23620021
0.0,0.06708884
0.0,0.013756871
0.0,0.9501606
0.0,0.042099237
1.0,0.65348005
0.0,0.20193866
1.0,0.8119221
1.0,0.6862976
1.0,0.6070226
0.0,0.016777575
0.0,0.4871751
1.0,0.5358685
0.0,0.0066156685
1.0,0.7292952
1.0,0.8344649
0.0,0.95891404
0.0,0.061647326
1.0,0.08611283
1.0,0.98414403
0.0,0.012156278
1.0,0.7418828
1.0,0.2408824
1.0,0.8685713
1.0,0.99309444
1.0,0.35187674
1.0,0.9713539
0.0,0.053911537
0.0,0.2221913
0.0,0.050081253
1.0,0.9452008
1.0,0.65225583
0.0,0.08661184
0.0,0.041115493
1.0,0.15198332
0.0,0.016602278
1.0,0.98782384
0.0,0.14398146
1.0,0.8489609
1.0,0.9615048
0.0,0.20314178
1.0,0.2974335
0.0,0.039921373
1.0,0.99395216
1.0,0.95388347
1.0,0.16708761
0.0,0.04602921
0.0,0.045746326
1.0,0.6946346
0.0,0.12338334
1.0,0.90419817
0.0,0.041434765
0.0,0.9063114
0.0,0.08379495
0.0,0.29751104
0.0,0.012808651
0.0,0.21945623
0.0,0.17507935
1.0,0.94832605
1.0,0.15067342
0.0,0.029637545
1.0,0.9844574
1.0,0.8615406
0.0,0.86964715
0.0,0.8057431
0.0,0.0884313
0.0,0.023352683
0.0,0.0386571
0.0,0.07534769
1.0,0.3392741
1.0,0.9874956
0.0,0.014773458
0.0,0.012100846
0.0,0.7851488
0.0,0.92131984
0.0,0.172021
1.0,0.9165368
0.0,0.14740413
0.0,0.06755236
1.0,0.86651707
1.0,0.95892763
0.0,0.055770755
0.0,0.12676531
0.0,0.017068356
1.0,0.9055988
1.0,0.8890184
0.0,0.04126054
0.0,0.049480766
0.0,0.014458597
0.0,0.11322248
0.0,0.013469577
1.0,0.9722855
1.0,0.8122387
1.0,0.19955689
0.0,0.007845789
1.0,0.23050043
0.0,0.52897996
1.0,0.9927441
1.0,0.32252297
0.0,0.014252156
0.0,0.00697428
0.0,0.01781997
0.0,0.7263265
0.0,0.41815045
1.0,0.9959928
0.0,0.7422212
0.0,0.59712625
0.0,0.026615411
0.0,0.007556379
0.0,0.29073036
0.0,0.10093737
0.0,0.10193303
1.0,0.8018528
1.0,0.981951
0.0,0.013358235
0.0,0.71460134
0.0,0.6245375
0.0,0.07777035
1.0,0.9864558
0.0,0.04529047
0.0,0.16387993
1.0,0.3132242
0.0,0.8577733
0.0,0.027912974
0.0,0.022283703
0.0,0.01274395
1.0,0.99285877
1.0,0.9204811
0.0,0.016335547
1.0,0.4598354
1.0,0.9628665
1.0,0.96456826
0.0,0.2287584
0.0,0.16018218
1.0,0.96648586
1.0,0.96955097
0.0,0.023487896
1.0,0.97384
0.0,0.05436355
1.0,0.9261559
1.0,0.93310964
1.0,0.8701645
0.0,0.029874355
1.0,0.6885118
1.0,0.35136324
0.0,0.13365126
0.0,0.06285688
0.0,0.9863962
0.0,0.08902171
0.0,0.041051984
0.0,0.014395863
1.0,0.99388266
0.0,0.10661125
0.0,0.091522545
0.0,0.18188113
0.0,0.013990909
0.0,0.07732865
0.0,0.05012825
1.0,0.8114598
0.0,0.026716232
0.0,0.045811325
0.0,0.47037154
1.0,0.85518473
1.0,0.8847275
1.0,0.92840505
1.0,0.9802084
0.0,0.024434537
0.0,0.07631236
0.0,0.024612814
0.0,0.16684276
0.0,0.73757744
0.0,0.018952847
1.0,0.9652914
0.0,0.7548875
1.0,0.11591637
1.0,0.08105078
1.0,0.74888146
0.0,0.056189716
0.0,0.022235274
0.0,0.00691247
0.0,0.01368165
1.0,0.35035223
1.0,0.97074854
1.0,0.7919974
1.0,0.8278508
1.0,0.994543
0.0,0.03422764
0.0,0.055142164
0.0,0.89661455
0.0,0.020391136
1.0,0.9697919
0.0,0.014353156
0.0,0.76597804
1.0,0.9803591
1.0,0.67354345
0.0,0.03168544
0.0,0.13615578
0.0,0.19092935
0.0,0.42793286
1.0,0.79610014
0.0,0.98958886
0.0,0.41694257
1.0,0.9930181
0.0,0.08851847
1.0,0.97368187
1.0,0.96319646
0.0,0.005895227
0.0,0.7649317
0.0,0.014876157
0.0,0.03603366
1.0,0.7123516
0.0,0.029476851
0.0,0.09701207
0.0,0.40852982
0.0,0.011075228
1.0,0.98322785
1.0,0.20867357
1.0,0.89396787
1.0,0.9318471
0.0,0.71427786
0.0,0.057532817
1.0,0.82251906
0.0,0.03169161
1.0,0.40599024
0.0,0.04976216
1.0,0.9494287
1.0,0.9888255
0.0,0.46299177
0.0,0.13922489
0.0,0.4451532
0.0,0.040587842
0.0,0.020383596
0.0,0.03641683
1.0,0.888279
0.0,0.019168347
0.0,0.15349215
0.0,0.36974
0.0,0.09018332
0.0,0.022487909
0.0,0.007349342
0.0,0.51777434
0.0,0.008530736
0.0,0.008289039
0.0,0.046746016
0.0,0.13347605
0.0,0.038194865
1.0,0.19660294
0.0,0.07859376
1.0,0.9832974
0.0,0.013937026
0.0,0.011081189
1.0,0.76743364
0.0,0.016350746
1.0,0.97659403
0.0,0.13490698
1.0,0.9245595
0.0,0.772414
0.0,0.061555833
1.0,0.7724229
1.0,0.1831775
0.0,0.012385994
0.0,0.050885767
0.0,0.007698357
0.0,0.009394079
0.0,0.013537228
0.0,0.7689589
1.0,0.9561298
1.0,0.7099662
0.0,0.12499088
0.0,0.019521177
1.0,0.7411798
1.0,0.87550604
1.0,0.77268934
0.0,0.008161068
1.0,0.071633935
0.0,0.21788934
1.0,0.4950892
0.0,0.007481754
1.0,0.79262894
0.0,0.014559805
0.0,0.15588558
0.0,0.07844633
0.0,0.8930323
1.0,0.95621675
0.0,0.06375316
0.0,0.1031667
1.0,0.98051053
0.0,0.03446555
0.0,0.8601846
0.0,0.6420229
1.0,0.9817225
0.0,0.6295629
0.0,0.040507436
0.0,0.9886863
1.0,0.97220564
0.0,0.007011324
0.0,0.8153571
0.0,0.07668057
1.0,0.53669024
0.0,0.064821094
1.0,0.97266924
0.0,0.27693373
1.0,0.7376443
1.0,0.9938872
0.0,0.9639864
1.0,0.9647442
1.0,0.9924629
0.0,0.022566974
0.0,0.9427915
0.0,0.02253735
1.0,0.9840697
0.0,0.27490538
1.0,0.38229045
1.0,0.4895988
0.0,0.044923782
1.0,0.96453583
0.0,0.19958669
1.0,0.5541764
0.0,0.5915608
1.0,0.2166368
0.0,0.79879105
1.0,0.0387758
0.0,0.59694874
0.0,0.025721192
0.0,0.015817434
0.0,0.03596458
0.0,0.02660343
0.0,0.007118672
0.0,0.012435585
0.0,0.30588955
0.0,0.08617711
0.0,0.49437702
0.0,0.48314804
0.0,0.04481849
1.0,0.9564791
1.0,0.21150926
0.0,0.5885294
1.0,0.04096529
0.0,0.06244874
0.0,0.29733965
0.0,0.8396326
0.0,0.10358623
0.0,0.047183543
0.0,0.1728575
1.0,0.9241033
0.0,0.011303157
0.0,0.020211875
1.0,0.031292915
0.0,0.01770094
1.0,0.9256004
0.0,0.12349391
0.0,0.052088916
1.0,0.73789525
0.0,0.025963783
1.0,0.9487288
0.0,0.017865151
0.0,0.0068407655
0.0,0.025458485
1.0,0.97590655
0.0,0.032121867
1.0,0.1768392
1.0,0.7119877
0.0,0.98735404
0.0,0.0073433816
1.0,0.04079044
0.0,0.0144456625
0.0,0.10705584
0.0,0.8165815
0.0,0.009170949
0.0,0.7428095
0.0,0.94215566
1.0,0.64252794
0.0,0.041238338
1.0,0.8512511
0.0,0.010034144
0.0,0.008464038
0.0,0.010747194
1.0,0.90399253
1.0,0.98029315
0.0,0.30488873
0.0,0.3342223
0.0,0.010289013
0.0,0.097558826
0.0,0.07073295
0.0,0.01861301
0.0,0.0066548884
1.0,0.1639309
1.0,0.9116161
0.0,0.040098935
0.0,0.9819427
1.0,0.18466792
0.0,0.0071842372
1.0,0.93181276
0.0,0.014358938
0.0,0.053283602
1.0,0.95499736
0.0,0.7150965
1.0,0.23245251
1.0,0.97296953
1.0,0.9874407
0.0,0.36557728
0.0,0.03692487
0.0,0.1525135
1.0,0.94220805
0.0,0.619957
1.0,0.987188
0.0,0.039786994
0.0,0.036836088
0.0,0.19210431
1.0,0.9162841
0.0,0.020901948
0.0,0.04823327
0.0,0.39696556
1.0,0.082460284
1.0,0.9951332
0.0,0.08474216
0.0,0.032087833
1.0,0.97686875
1.0,0.98760253
1.0,0.8999298
1.0,0.13649288
0.0,0.01505053
1.0,0.909965
0.0,0.16779715
0.0,0.07650623
0.0,0.01650253
1.0,0.8071952
0.0,0.2458398
0.0,0.07207367
0.0,0.008517057
1.0,0.81417155
0.0,0.16820592
1.0,0.970165
1.0,0.9606392
0.0,0.05237478
1.0,0.7784587
0.0,0.046207517
1.0,0.6655091
0.0,0.60588676
0.0,0.026243597
0.0,0.04835072
0.0,0.098266155
1.0,0.99371946
0.0,0.052734345
0.0,0.27367124
0.0,0.5970473
1.0,0.9959531
1.0,0.91526115
0.0,0.047519177
1.0,0.95349526
1.0,0.9828139
1.0,0.995836
1.0,0.3349318
0.0,0.17990077
1.0,0.8592118
0.0,0.124879
0.0,0.57700634
1.0,0.34045985
0.0,0.02931431
0.0,0.025489897
0.0,0.088903934
1.0,0.56476337
0.0,0.41141552
0.0,0.30883318
1.0,0.96670264
0.0,0.021685064
1.0,0.88521975
0.0,0.03675109
0.0,0.95327723
1.0,0.82642597
1.0,0.95157135
0.0,0.015574932
1.0,0.9530973
1.0,0.986599
0.0,0.82173157
0.0,0.83968806
1.0,0.8066093
0.0,0.06473017
1.0,0.9813863
0.0,0.06442946
0.0,0.059087962
1.0,0.39822805
1.0,0.9063107
0.0,0.07741189
1.0,0.5654285
0.0,0.108180106
0.0,0.12139079
1.0,0.97759724
0.0,0.048936427
0.0,0.074163616
0.0,0.044558287
1.0,0.62954384
0.0,0.031149328
0.0,0.03207329
1.0,0.9042092
1.0,0.9756267
0.0,0.03726065
0.0,0.43226936
0.0,0.012987047
1.0,0.19143143
0.0,0.70824623
0.0,0.011469066
0.0,0.05023074
0.0,0.014254004
0.0,0.011900216
1.0,0.2357974
0.0,0.12013954
0.0,0.010128498
0.0,0.34094608
1.0,0.9224416
1.0,0.99472535
1.0,0.8764429
0.0,0.86874914
0.0,0.025938988
0.0,0.97747886
1.0,0.98110867
0.0,0.048455983
1.0,0.4997031
0.0,0.03066066
1.0,0.9888942
0.0,0.08671197
1.0,0.90879303
0.0,0.89459485
1.0,0.48366502
0.0,0.19526872
0.0,0.08747035
1.0,0.8264077
1.0,0.9397389
1.0,0.98560566
0.0,0.1660231
1.0,0.9576665
1.0,0.47324312
1.0,0.41869873
0.0,0.008844107
1.0,0.8106121
0.0,0.051920712
0.0,0.9270429
1.0,0.6735065
0.0,0.3538137
0.0,0.03415659
0.0,0.040167034
0.0,0.047561705
0.0,0.52308553
1.0,0.9806906
1.0,0.9696841
0.0,0.30876356
0.0,0.6540277
0.0,0.031104147
1.0,0.9944447
0.0,0.76296306
0.0,0.33043817
0.0,0.012848645
0.0,0.039492995
0.0,0.05106908
0.0,0.9665619
1.0,0.98633015
1.0,0.9864541
1.0,0.18132704
0.0,0.40870017
0.0,0.019497722
0.0,0.019385755
0.0,0.04650998
0.0,0.047090054
1.0,0.9635576
0.0,0.055612624
0.0,0.16900042
1.0,0.9940741
0.0,0.07559767
1.0,0.12836084
1.0,0.90866494
0.0,0.41704506
0.0,0.011512667
0.0,0.068766475
1.0,0.7367668
0.0,0.16831157
0.0,0.038018882
1.0,0.93565404
1.0,0.5290382
0.0,0.012246281
0.0,0.06299153
0.0,0.70894873
0.0,0.02939567
0.0,0.25985718
1.0,0.32087308
1.0,0.9144155
0.0,0.029176205
0.0,0.006889075
0.0,0.70747983
0.0,0.27003145
1.0,0.94158196
0.0,0.044710338
1.0,0.986259
0.0,0.0428313
1.0,0.97663444
0.0,0.017198622
1.0,0.959386
1.0,0.7213128
0.0,0.055188656
0.0,0.15515119
0.0,0.019034505
0.0,0.073123425
1.0,0.70006794
1.0,0.01816073
1.0,0.21530786
1.0,0.4058264
1.0,0.76870763
0.0,0.0067572296
1.0,0.34526122
1.0,0.72118604
0.0,0.045776635
0.0,0.0583539
0.0,0.04307878
1.0,0.5635457
1.0,0.9845121
0.0,0.904169
0.0,0.017356455
1.0,0.9047009
0.0,0.024795324
0.0,0.057525247
1.0,0.9727663
0.0,0.5680639
0.0,0.04326397
1.0,0.1852617
1.0,0.93467665
0.0,0.022189677
0.0,0.0412246
0.0,0.03499019
1.0,0.98702914
1.0,0.9660304
0.0,0.79653764
0.0,0.218539
1.0,0.987687
1.0,0.7435019
0.0,0.024552286
0.0,0.13282427
0.0,0.08417201
1.0,0.260805
1.0,0.19311097
0.0,0.0479607
0.0,0.11566523
1.0,0.97154915
0.0,0.037463844
0.0,0.036122978
0.0,0.08504805
0.0,0.838228
1.0,0.95231843
0.0,0.85269403
0.0,0.036691636
0.0,0.8921259
0.0,0.32007223
0.0,0.061886013
1.0,0.73295057
1.0,0.8203177
0.0,0.19587424
1.0,0.983987
0.0,0.3713527
1.0,0.9340894
1.0,0.080715984
1.0,0.941645
0.0,0.016311944
0.0,0.32978404
0.0,0.02406463
1.0,0.9936112
0.0,0.017310172
1.0,0.99168956
0.0,0.085410714
0.0,0.008960664
1.0,0.093654424
1.0,0.9680549
0.0,0.010538042
1.0,0.73871
0.0,0.05281961
1.0,0.9616611
0.0,0.0074448884
1.0,0.6713115
1.0,0.081538945
0.0,0.072591156
0.0,0.01573667
0.0,0.027064234
0.0,0.028977782
0.0,0.026631296
0.0,0.8976088
0.0,0.11293605
0.0,0.02715981
0.0,0.9567198
0.0,0.011590093
1.0,0.9632506
0.0,0.36990815
0.0,0.3720138
1.0,0.99395746
0.0,0.08811131
1.0,0.99337935
0.0,0.046171933
1.0,0.9888581
0.0,0.021016538
0.0,0.070905805
1.0,0.993008
0.0,0.06960973
0.0,0.019428074
0.0,0.046262562
1.0,0.9837208
1.0,0.39053515
0.0,0.022048056
1.0,0.95382726
1.0,0.25183725
1.0,0.97601545
0.0,0.37347254
1.0,0.15797964
1.0,0.9285406
0.0,0.24131411
1.0,0.5557472
1.0,0.61161995
0.0,0.06276238
0.0,0.01265794
0.0,0.030750513
0.0,0.052702308
0.0,0.020507097
0.0,0.06560022
0.0,0.04673055
0.0,0.0063779056
1.0,0.89815605
0.0,0.0962787
0.0,0.011925429
0.0,0.038499087
0.0,0.08016661
1.0,0.8068334
0.0,0.011380613
1.0,0.9037963
0.0,0.38695997
0.0,0.012879074
1.0,0.6522924
1.0,0.8698833
0.0,0.17045417
0.0,0.033077866
1.0,0.8957236
0.0,0.9411836
0.0,0.056555003
1.0,0.74903584
1.0,0.7389073
1.0,0.7276311
1.0,0.8302021
0.0,0.03166133
0.0,0.009236217
1.0,0.6886078
0.0,0.034692734
0.0,0.007499039
1.0,0.98414874
1.0,0.86028326
1.0,0.9817107
0.0,0.033626884
1.0,0.19698086
1.0,0.96016693
1.0,0.9696233
0.0,0.011972755
0.0,0.010535002
1.0,0.21571958
0.0,0.065808296
0.0,0.73911905
0.0,0.050664216
1.0,0.98819244
0.0,0.038098454
0.0,0.04339069
0.0,0.06733924
0.0,0.23479107
0.0,0.06585243
0.0,0.01262778
0.0,0.84462297
1.0,0.9955379
0.0,0.07650754
1.0,0.86898106
0.0,0.013433665
0.0,0.69761705
0.0,0.88671386
1.0,0.023747146
0.0,0.7551433
0.0,0.024672449
0.0,0.0062006116
0.0,0.29391816
0.0,0.09292233
1.0,0.9771378
0.0,0.48168054
1.0,0.9536549
0.0,0.03166181
0.0,0.05842939
0.0,0.05238235
0.0,0.68298185
0.0,0.08829278
0.0,0.5976995
0.0,0.33014667
0.0,0.2399798
1.0,0.9092845
0.0,0.061171144
1.0,0.61711895
1.0,0.6200207
0.0,0.08785918
0.0,0.04357329
1.0,0.71249175
0.0,0.033953816
1.0,0.72424567
1.0,0.7652493
0.0,0.023045957
1.0,0.57478154
0.0,0.012450397
1.0,0.97270226
0.0,0.11800271
0.0,0.17217705
1.0,0.54729533
0.0,0.75389344
0.0,0.01094681
0.0,0.7572158
1.0,0.7419516
1.0,0.9752841
0.0,0.008602917
0.0,0.10893127
1.0,0.5546465
0.0,0.6974362
1.0,0.16770646
0.0,0.15516204
1.0,0.11514467
0.0,0.7204124
0.0,0.052642643
0.0,0.7405936
0.0,0.032378823
0.0,0.1473915
1.0,0.051218033
0.0,0.33417517
1.0,0.87692285
0.0,0.04651481
1.0,0.45676166
0.0,0.013779223
0.0,0.0101184845
0.0,0.05111739
0.0,0.049960792
0.0,0.2068688
0.0,0.12027693
0.0,0.07466835
0.0,0.10409111
1.0,0.960671
0.0,0.029950857
0.0,0.076340735
1.0,0.8148235
1.0,0.6052256
0.0,0.04742238
0.0,0.12816653
1.0,0.7642883
0.0,0.2353932
1.0,0.12041092
1.0,0.9262239
1.0,0.73747844
1.0,0.73109
0.0,0.054943264
0.0,0.009356022
1.0,0.21100062
0.0,0.2700457
1.0,0.9812013
1.0,0.77477753
1.0,0.9846548
0.0,0.11359814
0.0,0.014550835
0.0,0.18323016
0.0,0.06507972
1.0,0.30303752
1.0,0.8953117
0.0,0.12375754
0.0,0.15434182
0.0,0.10440907
0.0,0.19616726
1.0,0.07061821
1.0,0.7473062
1.0,0.9582054
0.0,0.9010427
1.0,0.53694487
1.0,0.7706172
1.0,0.23010048
1.0,0.94996464
0.0,0.27437282
0.0,0.775104
0.0,0.79043245
0.0,0.024711132
1.0,0.8959976
1.0,0.984918
1.0,0.9138096
1.0,0.8832655
0.0,0.041281223
0.0,0.011084914
0.0,0.048004895
0.0,0.08364922
1.0,0.9014176
0.0,0.20678622
0.0,0.035301
0.0,0.1369912
0.0,0.02538678
1.0,0.7558872
1.0,0.7666287
1.0,0.9532283
0.0,0.10418677
0.0,0.14626369
1.0,0.73157275
1.0,0.98832947
0.0,0.057121366
1.0,0.9258145
0.0,0.83918214
1.0,0.9939295
1.0,0.99375653
1.0,0.63707364
0.0,0.062344044
0.0,0.12490994
1.0,0.98677695
0.0,0.14579654
0.0,0.36292794
1.0,0.98850536
0.0,0.045952767
0.0,0.059686393
0.0,0.10375333
1.0,0.26969218
0.0,0.46842802
0.0,0.42716077
1.0,0.66633624
0.0,0.68498033
0.0,0.05852893
0.0,0.05786544
0.0,0.25799057
1.0,0.70326936
0.0,0.8866483
0.0,0.03760186
0.0,0.007710308
1.0,0.20227736
0.0,0.078576356
0.0,0.009331316
1.0,0.8308248
0.0,0.48481953
0.0,0.02259919
1.0,0.9791907
1.0,0.8401189
0.0,0.008847117
1.0,0.31002545
1.0,0.3572531
0.0,0.5394214
0.0,0.61322045
1.0,0.43282297
1.0,0.71197355
0.0,0.021603048
1.0,0.20547387
1.0,0.2115916
1.0,0.17910376
0.0,0.19527823
1.0,0.15703169
0.0,0.037683427
1.0,0.8424762
0.0,0.010098547
1.0,0.9234277
0.0,0.7708866
0.0,0.14105809
1.0,0.71339893
0.0,0.043771297
1.0,0.9356683
1.0,0.7657173
1.0,0.95053285
1.0,0.73369837
0.0,0.057001412
1.0,0.060825884
0.0,0.4753344
0.0,0.015557557
0.0,0.059327215
0.0,0.038597047
1.0,0.9509934
0.0,0.022042543
0.0,0.5020201
0.0,0.5723557
0.0,0.580587
1.0,0.9089602
0.0,0.37789696
0.0,0.02014479
0.0,0.08029723
0.0,0.66188216
1.0,0.7977934
0.0,0.017667294
1.0,0.96083033
1.0,0.9772556
0.0,0.8034146
0.0,0.008559287
0.0,0.014710814
1.0,0.94292253
0.0,0.045615643
1.0,0.06499681
1.0,0.77136135
1.0,0.9631191
0.0,0.7766429
0.0,0.29896373
0.0,0.01618284
0.0,0.69603384
0.0,0.045027554
0.0,0.013260633
0.0,0.26592675
1.0,0.59431845
0.0,0.2688816
1.0,0.8954959
0.0,0.19982976
1.0,0.9136909
1.0,0.9513619
1.0,0.56453234
1.0,0.89186066
0.0,0.23088002
0.0,0.946832
0.0,0.060382605
1.0,0.8013632
1.0,0.9499618
0.0,0.025333375
1.0,0.37494224
1.0,0.95211583
1.0,0.7432751
1.0,0.24866778
0.0,0.6149034
0.0,0.05155623
1.0,0.9025198
0.0,0.030770212
0.0,0.11791277
1.0,0.97349954
0.0,0.02623564
0.0,0.6899958
0.0,0.13003492
0.0,0.013263494
0.0,0.06172809
1.0,0.9841276
0.0,0.017521292
0.0,0.47999567
1.0,0.18297428
0.0,0.057206392
1.0,0.9506108
0.0,0.29875886
0.0,0.02657482
0.0,0.010914415
0.0,0.3706444
1.0,0.7520994
0.0,0.2517174
0.0,0.14802891
1.0,0.8925325
1.0,0.8990978
0.0,0.046139926
0.0,0.02842787
0.0,0.027013391
1.0,0.5347997
0.0,0.09816232
1.0,0.9145777
1.0,0.80853987
1.0,0.4568333
1.0,0.9521905
1.0,0.90420455
0.0,0.92621434
1.0,0.8870182
1.0,0.98935544
0.0,0.0148791075
0.0,0.013757765
0.0,0.04380408
1.0,0.89138174
0.0,0.034765363
0.0,0.02224344
0.0,0.09297076
1.0,0.9759309
0.0,0.05371809
1.0,0.94010246
0.0,0.17513514
0.0,0.54144657
0.0,0.07759604
0.0,0.05130872
0.0,0.036447942
1.0,0.73714674
1.0,0.98195195
0.0,0.050185353
0.0,0.08724481
1.0,0.4941018
0.0,0.008018076
1.0,0.98421264
0.0,0.047175467
0.0,0.023444593
0.0,0.03395921
1.0,0.9700937
1.0,0.7600613
0.0,0.05913365
0.0,0.16084874
1.0,0.76708776
0.0,0.05896318
0.0,0.01909843
1.0,0.894667
1.0,0.9898344
1.0,0.89793015
0.0,0.0351578
1.0,0.95521504
1.0,0.948226
0.0,0.20227408
0.0,0.037403643
0.0,0.015004575
0.0,0.06435767
0.0,0.0077706575
0.0,0.054611325
1.0,0.5843505
1.0,0.8469535
0.0,0.14498255
0.0,0.020926595
0.0,0.08773884
0.0,0.105896086
1.0,0.9582122
0.0,0.9423127
0.0,0.049533784
0.0,0.8102519
0.0,0.9686407
1.0,0.07434803
0.0,0.0097079575
0.0,0.7623848
1.0,0.9707502
0.0,0.06079209
0.0,0.11442241
0.0,0.054168552
0.0,0.020924807
1.0,0.7659408
1.0,0.9223964
0.0,0.041098684
0.0,0.96469283
0.0,0.010189593
0.0,0.93846196
0.0,0.9342735
0.0,0.23469803
0.0,0.010890394
0.0,0.14094034
1.0,0.02351737
0.0,0.04569429
1.0,0.27867955
0.0,0.680315
0.0,0.0064528286
0.0,0.088520885
0.0,0.14653403
0.0,0.17273688
0.0,0.04213044
1.0,0.98194504
0.0,0.011605591
0.0,0.6931757
0.0,0.106043875
1.0,0.7798093
1.0,0.92963004
0.0,0.05998802
0.0,0.5727023
0.0,0.01015082
1.0,0.9956209
1.0,0.749654
1.0,0.9822775
0.0,0.1350669
1.0,0.9890728
0.0,0.056936294
0.0,0.009789705
0.0,0.047463864
1.0,0.032930642
0.0,0.007259339
0.0,0.017434508
1.0,0.99397963
1.0,0.30291802
0.0,0.024872243
1.0,0.9950346
0.0,0.050988823
1.0,0.7920891
0.0,0.08765492
1.0,0.9381449
0.0,0.96568334
0.0,0.28117207
1.0,0.87675977
0.0,0.016175807
0.0,0.09792793
0.0,0.050851047
0.0,0.029273778
0.0,0.081822604
0.0,0.031389356
1.0,0.86382365
1.0,0.77724016
0.0,0.45588374
0.0,0.04100454
0.0,0.030398369
0.0,0.09212592
1.0,0.99218917
0.0,0.03609121
0.0,0.07252735
0.0,0.8071178
0.0,0.18281832
0.0,0.007380247
1.0,0.95484483
1.0,0.95216095
0.0,0.0077867806
0.0,0.021715224
0.0,0.030778408
0.0,0.013259321
1.0,0.7378134
0.0,0.7370838
0.0,0.04650432
0.0,0.03393373
1.0,0.9310836
0.0,0.021479487
0.0,0.24721229
1.0,0.96208376
0.0,0.023895085
0.0,0.22033745
1.0,0.719674
1.0,0.65001106
1.0,0.92342246
0.0,0.007787764
0.0,0.0118487775
0.0,0.26287237
0.0,0.030465811
1.0,0.50937724
0.0,0.20592645
1.0,0.15065879
0.0,0.00930804
0.0,0.01839891
0.0,0.15197858
1.0,0.97889066
0.0,0.8120081
0.0,0.09174007
0.0,0.407485
1.0,0.77491486
0.0,0.04938367
0.0,0.2633639
0.0,0.009181082
1.0,0.12749177
0.0,0.020285934
0.0,0.009761959
1.0,0.120438725
1.0,0.97739804
0.0,0.007823437
1.0,0.993716
1.0,0.992083
1.0,0.9296945
1.0,0.8691337
0.0,0.051866114
1.0,0.8846837
0.0,0.99316263
1.0,0.07731968
0.0,0.022464037
1.0,0.3068927
0.0,0.85948414
1.0,0.29177496
1.0,0.9929191
1.0,0.71421754
0.0,0.01498282
0.0,0.7611853
0.0,0.7422577
0.0,0.022098482
0.0,0.043598592
0.0,0.18689719
1.0,0.9900507
1.0,0.9832438
1.0,0.18812665
0.0,0.011058271
0.0,0.022209704
0.0,0.08063382
0.0,0.58457977
1.0,0.04328403
0.0,0.10043344
0.0,0.03142798
0.0,0.052096844
0.0,0.31381822
1.0,0.9006655
0.0,0.507908
0.0,0.8373594
0.0,0.24065262
1.0,0.4741825
0.0,0.04723081
0.0,0.59179455
1.0,0.22322753
0.0,0.1591869
1.0,0.13099837
0.0,0.03674379
0.0,0.37023455
0.0,0.014123827
0.0,0.043487817
0.0,0.0060681403
1.0,0.9158797
0.0,0.09131977
0.0,0.089912415
1.0,0.98606706
1.0,0.9707669
0.0,0.2688079
1.0,0.028327167
0.0,0.21696329
0.0,0.06386426
1.0,0.9740567
0.0,0.010132015
0.0,0.153559
0.0,0.049230367
0.0,0.014429122
1.0,0.99014676
1.0,0.93936694
1.0,0.7859843
1.0,0.97880894
0.0,0.01951921
0.0,0.05094868
0.0,0.088576436
1.0,0.9742677
0.0,0.022318393
0.0,0.046484828
1.0,0.96636796
1.0,0.49898106
1.0,0.89674765
0.0,0.013635755
0.0,0.30957553
0.0,0.58486134
1.0,0.98934585
1.0,0.9520481
1.0,0.92057025
0.0,0.32152903
0.0,0.007822186
0.0,0.010854721
1.0,0.8944701
1.0,0.1746028
0.0,0.26643482
1.0,0.9557955
1.0,0.60932094
1.0,0.9418469
1.0,0.57551867
0.0,0.26498508
0.0,0.050239056
1.0,0.37290645
1.0,0.7828586
0.0,0.049211383
0.0,0.0622918
0.0,0.020545214
0.0,0.03501174
0.0,0.045645446
0.0,0.69461215
0.0,0.034151882
0.0,0.07185024
1.0,0.8493116
1.0,0.7921934
0.0,0.7642138
1.0,0.97682726
0.0,0.012984604
1.0,0.9350418
0.0,0.21349198
1.0,0.97928345
0.0,0.008813113
0.0,0.015074015
0.0,0.013097167
0.0,0.50744635
1.0,0.13666144
1.0,0.99014676
0.0,0.05840704
0.0,0.121813595
1.0,0.22010806
0.0,0.070607096
1.0,0.9820055
1.0,0.7708124
0.0,0.027652979
0.0,0.065782994
0.0,0.25441423
0.0,0.99511313
0.0,0.79498196
0.0,0.02543667
0.0,0.50919604
0.0,0.040780902
1.0,0.9636569
1.0,0.9537803
1.0,0.87390363
1.0,0.8771708
0.0,0.01857999
0.0,0.5586651
1.0,0.9026866
0.0,0.489097
0.0,0.028710097
0.0,0.06244743
1.0,0.25525343
1.0,0.2103678
0.0,0.014015049
1.0,0.94472766
1.0,0.9860954
0.0,0.007994622
0.0,0.034776628
1.0,0.96289545
0.0,0.03543338
0.0,0.93543124
0.0,0.006539494
0.0,0.047690123
1.0,0.057695568
0.0,0.022723973
0.0,0.01773426
0.0,0.28539306
1.0,0.27854115
0.0,0.01849237
0.0,0.07067755
1.0,0.7894814
0.0,0.021458864
0.0,0.25596994
0.0,0.96016985
1.0,0.9882374
1.0,0.62205076
1.0,0.14580172
0.0,0.050401896
0.0,0.19508374
1.0,0.19283465
0.0,0.017667264
0.0,0.013543546
0.0,0.10333851
0.0,0.04759419
1.0,0.54158837
0.0,0.2710559
0.0,0.86208045
1.0,0.76898885
0.0,0.048992813
0.0,0.043370485
0.0,0.7782996
0.0,0.26463512
1.0,0.79313123
1.0,0.98331034
0.0,0.49313763
1.0,0.76565814
0.0,0.030169696
0.0,0.034021646
0.0,0.00949955
1.0,0.49978685
0.0,0.013682127
0.0,0.04385948
1.0,0.9347676
1.0,0.7554505
1.0,0.885542
0.0,0.58597606
1.0,0.9245937
1.0,0.7952988
0.0,0.0055645704
0.0,0.90637875
0.0,0.71139866
1.0,0.4074865
0.0,0.0385561
0.0,0.24549076
0.0,0.033926755
0.0,0.03887397
0.0,0.030897588
0.0,0.07997218
0.0,0.21332565
0.0,0.83212006
0.0,0.38264334
1.0,0.65108633
1.0,0.716808
1.0,0.75241446
0.0,0.020263046
1.0,0.99573463
0.0,0.1984714
0.0,0.04416865
1.0,0.95193994
0.0,0.23619577
0.0,0.024019122
0.0,0.20624724
0.0,0.029489428
0.0,0.18490225
0.0,0.84192055
0.0,0.09354511
1.0,0.88753426
0.0,0.0059503317
0.0,0.025443971
0.0,0.016305476
1.0,0.9486079
1.0,0.9528508
0.0,0.7722868
1.0,0.78286695
0.0,0.04532671
1.0,0.18949527
0.0,0.016927987
0.0,0.0267604
1.0,0.070352435
0.0,0.0075386763
0.0,0.018011838
1.0,0.48056895
0.0,0.066093415
1.0,0.041258812
0.0,0.2357544
0.0,0.021163374
1.0,0.9227875
0.0,0.021663338
0.0,0.26053444
0.0,0.7843965
0.0,0.019149125
0.0,0.0051169097
1.0,0.89987063
0.0,0.010789484
0.0,0.0742892
0.0,0.059687346
1.0,0.68015385
0.0,0.95560324
0.0,0.062415093
1.0,0.81210554
0.0,0.022868186
0.0,0.011417389
0.0,0.061702788
0.0,0.08629343
1.0,0.36967388
0.0,0.043200463
0.0,0.009328693
0.0,0.017485678
0.0,0.009436309
0.0,0.74471885
1.0,0.96355796
1.0,0.8217643
0.0,0.02047342
1.0,0.93148625
0.0,0.04401073
0.0,0.030542493
0.0,0.05850476
0.0,0.08255291
1.0,0.956236
0.0,0.046197414
0.0,0.02041775
0.0,0.11213064
0.0,0.11499384
0.0,0.23280138
0.0,0.020399332
0.0,0.008371592
0.0,0.014307231
0.0,0.010835886
0.0,0.96658444
1.0,0.3806962
0.0,0.040451854
0.0,0.02295813
0.0,0.017382354
1.0,0.9950299
0.0,0.13215172
1.0,0.89299643
0.0,0.19275928
0.0,0.041229606
0.0,0.12943044
1.0,0.9778739
1.0,0.99385405
1.0,0.94106203
1.0,0.53925556
0.0,0.3728357
0.0,0.013017714
1.0,0.9870976
1.0,0.9576311
0.0,0.041519552
0.0,0.07297471
0.0,0.8092839
1.0,0.9707013
0.0,0.040234596
0.0,0.011703014
0.0,0.047600985
0.0,0.05785358
1.0,0.5271472
1.0,0.96663576
0.0,0.008233666
1.0,0.5769888
0.0,0.041309983
0.0,0.049799383
0.0,0.01435256
0.0,0.035061717
0.0,0.027471662
1.0,0.9087539
0.0,0.007073641
0.0,0.083091885
0.0,0.8055562
0.0,0.114593595
0.0,0.7579321
1.0,0.988418
0.0,0.036349505
0.0,0.04129514
1.0,0.9244077
0.0,0.40749317
0.0,0.013470411
1.0,0.9652513
1.0,0.7674968
0.0,0.064103335
1.0,0.89155453
0.0,0.34327492
1.0,0.7284989
1.0,0.99739754
0.0,0.13801795
1.0,0.94771135
0.0,0.04913479
0.0,0.07261607
0.0,0.44513896
0.0,0.36205244
0.0,0.05799222
0.0,0.015590757
0.0,0.39972484
1.0,0.95213723
0.0,0.13176945
0.0,0.04598865
0.0,0.4099668
0.0,0.2073803
1.0,0.95652556
0.0,0.034519583
0.0,0.5637225
0.0,0.03395784
0.0,0.021793783
0.0,0.020219892
0.0,0.96424615
1.0,0.09520754
0.0,0.116545916
1.0,0.8302313
0.0,0.013842523
1.0,0.14844167
0.0,0.070651114
0.0,0.09310469
0.0,0.0580284
0.0,0.79013073
0.0,0.48755145
0.0,0.06092879
0.0,0.16585317
0.0,0.015612453
0.0,0.40842545
0.0,0.9228872
1.0,0.96744215
0.0,0.60362256
0.0,0.03425902
1.0,0.9910121
0.0,0.018730462
0.0,0.017997384
0.0,0.010848165
1.0,0.7915066
1.0,0.59639955
1.0,0.6131608
1.0,0.97281086
0.0,0.13140878
1.0,0.8538259
0.0,0.2322081
1.0,0.56927854
0.0,0.17209744
0.0,0.9651407
0.0,0.22236302
0.0,0.017282456
0.0,0.07267213
1.0,0.9634458
1.0,0.28937095
0.0,0.99235517
1.0,0.6517961
0.0,0.024362206
1.0,0.96574146
0.0,0.040201962
0.0,0.031342328
0.0,0.9449255
0.0,0.43931103
0.0,0.13279754
0.0,0.009080857
1.0,0.996281
0.0,0.0062937737
1.0,0.9914038
1.0,0.90872395
1.0,0.9731231
0.0,0.012715369
0.0,0.98455966
0.0,0.022124201
0.0,0.20025894
0.0,0.3393852
1.0,0.29370207
0.0,0.25970513
0.0,0.08611217
0.0,0.07497561
0.0,0.024205863
0.0,0.009321392
0.0,0.094900906
0.0,0.8502241
0.0,0.020598054
0.0,0.69479626
1.0,0.98797566
0.0,0.481553
0.0,0.051264465
0.0,0.01268816
0.0,0.016902208
1.0,0.8908019
0.0,0.5923944
1.0,0.98523307
0.0,0.6255354
1.0,0.997349
1.0,0.9551653
0.0,0.017614305
0.0,0.08744371
0.0,0.056919992
0.0,0.24494395
0.0,0.054050058
0.0,0.6532266
1.0,0.97243184
0.0,0.024038196
1.0,0.6133097
0.0,0.43304896
0.0,0.021835744
0.0,0.030563623
1.0,0.9577553
0.0,0.029624552
1.0,0.99311334
0.0,0.016679406
0.0,0.053439558
0.0,0.66986346
0.0,0.52960366
0.0,0.14506334
0.0,0.028531075
1.0,0.7503673
1.0,0.89491355
0.0,0.14333722
0.0,0.058736473
0.0,0.02845475
1.0,0.9523562
0.0,0.058883727
1.0,0.46431062
0.0,0.11856377
1.0,0.85308826
1.0,0.9209584
0.0,0.059285402
0.0,0.047913134
0.0,0.019639045
1.0,0.9128082
0.0,0.22192752
0.0,0.81955904
1.0,0.95973897
1.0,0.3450515
0.0,0.8095721
0.0,0.047496587
1.0,0.9797249
0.0,0.026330471
0.0,0.030689627
0.0,0.015223891
1.0,0.6543056
0.0,0.084269255
0.0,0.07287097
1.0,0.94470793
1.0,0.76729923
0.0,0.45524102
0.0,0.028944522
0.0,0.028844297
1.0,0.9396062
1.0,0.9744377
1.0,0.7432941
0.0,0.094198644
0.0,0.012560785
0.0,0.030656606
0.0,0.0057852864
1.0,0.891224
0.0,0.00853017
0.0,0.6195192
0.0,0.16153559
0.0,0.62125504
0.0,0.28283995
0.0,0.02655992
0.0,0.14360803
0.0,0.06684342
0.0,0.02339235
1.0,0.27682763
1.0,0.9124495
0.0,0.7909775
0.0,0.15789884
1.0,0.058770925
0.0,0.012322307
1.0,0.92236733
0.0,0.03103891
0.0,0.03221777
1.0,0.9269938
1.0,0.98504806
0.0,0.24775219
0.0,0.079378694
1.0,0.28849256
0.0,0.14024684
0.0,0.19905922
0.0,0.99301726
0.0,0.06199506
1.0,0.90123147
1.0,0.2628305
0.0,0.22389483
0.0,0.0075026453
0.0,0.07698229
1.0,0.9109751
0.0,0.019206673
1.0,0.3557852
0.0,0.07585895
1.0,0.80400085
1.0,0.708215
0.0,0.6584024
1.0,0.13616988
0.0,0.71208084
0.0,0.020823658
1.0,0.9875629
1.0,0.20850798
0.0,0.06314406
0.0,0.3097394
0.0,0.7970172
0.0,0.888357
1.0,0.95036316
0.0,0.08355409
0.0,0.29827994
0.0,0.017476112
1.0,0.9692497
0.0,0.052321196
0.0,0.8478793
1.0,0.9479661
0.0,0.0071488023
0.0,0.7934109
0.0,0.0840939
1.0,0.40273714
0.0,0.18794614
1.0,0.97782916
0.0,0.025898874
1.0,0.08202323
1.0,0.5786452
1.0,0.9754349
1.0,0.885379
0.0,0.014303595
1.0,0.3311963
0.0,0.026666045
1.0,0.98300666
1.0,0.82938266
0.0,0.25000176
1.0,0.8159166
0.0,0.009119451
1.0,0.617907
1.0,0.47156504
0.0,0.06300804
0.0,0.9669715
1.0,0.996186
1.0,0.18665826
0.0,0.15936929
0.0,0.38380128
0.0,0.0054026246
0.0,0.02318421
0.0,0.63809997
1.0,0.8823415
1.0,0.96204394
1.0,0.46853936
1.0,0.7357597
1.0,0.9940125
1.0,0.9837198
0.0,0.4299981
1.0,0.93778455
0.0,0.017264664
0.0,0.05936554
0.0,0.118011236
1.0,0.086604625
1.0,0.7570424
0.0,0.04393673
0.0,0.05280319
0.0,0.8632596
1.0,0.62073606
1.0,0.12324569
1.0,0.88706434
0.0,0.014604926
0.0,0.975122
0.0,0.077491194
0.0,0.17134556
0.0,0.04632336
0.0,0.03295356
1.0,0.9737974
1.0,0.9025544
0.0,0.042606056
0.0,0.057285726
0.0,0.77058387
0.0,0.7608872
0.0,0.50723153
0.0,0.25905305
0.0,0.802951
1.0,0.77497774
0.0,0.12988693
1.0,0.8945584
0.0,0.013349831
0.0,0.8855747
0.0,0.10049915
0.0,0.6778934
1.0,0.9513694
1.0,0.72300893
1.0,0.72646445
1.0,0.7401235
0.0,0.0078493655
0.0,0.25153562
1.0,0.62826955
1.0,0.8712258
0.0,0.301145
0.0,0.03357914
0.0,0.07966122
1.0,0.6751565
0.0,0.021921992
1.0,0.07380223
0.0,0.032146603
0.0,0.085209906
0.0,0.043509692
0.0,0.038562387
0.0,0.18077484
0.0,0.046143353
0.0,0.15810755
1.0,0.9849167
0.0,0.009629726
0.0,0.5297919
0.0,0.029287457
1.0,0.48798296
0.0,0.0601961
1.0,0.9864682
0.0,0.021311462
0.0,0.023573011
0.0,0.015902579
0.0,0.12093401
0.0,0.041130453
0.0,0.037680596
1.0,0.95747346
0.0,0.1288481
1.0,0.794279
1.0,0.96522987
0.0,0.043958485
0.0,0.041032434
1.0,0.9287704
1.0,0.9953625
0.0,0.3950443
0.0,0.3197725
0.0,0.12323919
0.0,0.09871888
0.0,0.026496738
1.0,0.40423447
0.0,0.072559536
1.0,0.6285874
1.0,0.4622576
0.0,0.9634193
0.0,0.0823122
0.0,0.021926135
0.0,0.028698832
0.0,0.8926233
0.0,0.02693975
0.0,0.021952808
0.0,0.7676085
1.0,0.7108413
1.0,0.7283019
0.0,0.041564733
0.0,0.041219443
0.0,0.16815606
1.0,0.92511487
0.0,0.010730982
0.0,0.03190452
1.0,0.4347591
1.0,0.9740845
0.0,0.28269014
0.0,0.0885196
0.0,0.03411311
1.0,0.9660368
0.0,0.04157579
1.0,0.9632445
1.0,0.7542772
0.0,0.015369207
0.0,0.07458499
0.0,0.038300365
1.0,0.6831403
0.0,0.07301974
1.0,0.712023
0.0,0.014338642
1.0,0.7320908
0.0,0.06224531
0.0,0.072015285
0.0,0.013454169
1.0,0.9902854
0.0,0.80432713
1.0,0.99016994
1.0,0.9538846
0.0,0.01728928
1.0,0.26755923
0.0,0.07783261
1.0,0.3168819
0.0,0.014314175
1.0,0.9465557
0.0,0.008611441
1.0,0.8042723
1.0,0.9732708
1.0,0.9825973
0.0,0.03537932
1.0,0.9358065
1.0,0.34108785
0.0,0.03674847
1.0,0.9493639
1.0,0.51575434
1.0,0.1023818
0.0,0.14213799
0.0,0.026203088
0.0,0.9808966
0.0,0.0811848
