0.0,0.12224913
0.0,0.82931745
1.0,0.20665875
0.0,0.06873116
1.0,0.52927226
0.0,0.01785037
1.0,0.9589113
1.0,0.74000835
1.0,0.7077058
0.0,0.0019254684
0.0,0.28138572
1.0,0.93186575
0.0,0.005268842
0.0,0.11528954
0.0,0.031466395
0.0,0.0025521219
1.0,0.17577279
0.0,0.021269262
0.0,0.00734365
1.0,0.5390078
1.0,0.67816556
0.0,0.006034851
1.0,0.9417938
0.0,0.028487235
0.0,0.006149888
1.0,0.77125144
0.0,0.035597146
1.0,0.91539335
0.0,0.02641812
1.0,0.85950565
0.0,0.007543236
0.0,0.26518342
1.0,0.94439244
1.0,0.99301887
1.0,0.90671283
1.0,0.9831772
1.0,0.51102376
0.0,0.025151193
1.0,0.95751834
1.0,0.026477814
1.0,0.96715134
1.0,0.9858198
0.0,0.0069575906
1.0,0.9823295
1.0,0.84662163
0.0,0.025687546
0.0,0.0020255744
0.0,0.05699238
0.0,0.013469338
1.0,0.99493307
0.0,0.25430137
1.0,0.79062045
1.0,0.9802182
1.0,0.6847468
0.0,0.009533167
0.0,0.003868848
0.0,0.050901085
1.0,0.028823644
1.0,0.71196204
1.0,0.16604984
1.0,0.99239635
0.0,0.25339314
1.0,0.98992467
1.0,0.8685745
1.0,0.98356813
0.0,0.1360884
0.0,0.0788368
1.0,0.98332155
0.0,0.010176599
1.0,0.94868714
0.0,0.21268466
1.0,0.9472332
0.0,0.0014637113
0.0,0.058033466
1.0,0.46747428
0.0,0.058220565
0.0,0.0062138736
0.0,0.29566598
0.0,0.0053720474
1.0,0.94198686
0.0,0.012199521
1.0,0.9887912
1.0,0.9824741
1.0,0.99878967
1.0,0.9889811
1.0,0.83998597
1.0,0.9891142
0.0,0.13143536
0.0,0.022205472
1.0,0.8420757
0.0,0.0037172437
1.0,0.13954279
0.0,0.010113686
0.0,0.74914527
0.0,0.43579093
1.0,0.96217984
0.0,0.01098457
0.0,0.019572258
1.0,0.48274115
1.0,0.9912595
0.0,0.005084783
0.0,0.03169775
1.0,0.023689121
0.0,0.15091255
0.0,0.09496316
1.0,0.831794
1.0,0.012315601
0.0,0.014508843
1.0,0.005253434
1.0,0.98928416
1.0,0.9633541
0.0,0.052931756
1.0,0.017678559
0.0,0.024008274
0.0,0.02643457
1.0,0.63300145
0.0,0.022374392
1.0,0.26232255
1.0,0.46524718
1.0,0.9792052
0.0,0.2890666
1.0,0.9897844
0.0,0.96923083
0.0,0.010644227
0.0,0.27574182
1.0,0.6301054
0.0,0.005321175
0.0,0.09755042
1.0,0.96882826
1.0,0.79441476
1.0,0.986828
0.0,0.026380748
0.0,0.010268718
1.0,0.25396574
1.0,0.98857725
0.0,0.80390996
0.0,0.01059857
0.0,0.00939554
0.0,0.034872234
0.0,0.02219814
1.0,0.6649965
0.0,0.09784868
1.0,0.09716609
0.0,0.007966608
0.0,0.006288588
0.0,0.0009711385
1.0,0.1843229
0.0,0.007967591
0.0,0.010377437
0.0,0.019957066
0.0,0.07124251
0.0,0.0037589073
0.0,0.007010281
0.0,0.9055693
0.0,0.14330074
1.0,0.97820663
0.0,0.0016650856
0.0,0.0036797822
1.0,0.9965375
0.0,0.013644129
0.0,0.1052278
0.0,0.03031218
0.0,0.011508495
0.0,0.09593508
1.0,0.9974171
0.0,0.08421096
1.0,0.9401567
0.0,0.033893257
0.0,0.003767848
1.0,0.72316754
0.0,0.968852
0.0,0.968184
0.0,0.972709
0.0,0.0011005998
1.0,0.76806915
1.0,0.89095664
0.0,0.052784085
1.0,0.6917821
0.0,0.39286634
1.0,0.9691725
1.0,0.8013016
1.0,0.9720297
1.0,0.9851266
1.0,0.98172134
0.0,0.8608441
0.0,0.0020405948
0.0,0.007216841
0.0,0.9879267
0.0,0.07846844
0.0,0.03309226
1.0,0.19464168
0.0,0.0011426806
0.0,0.8353535
1.0,0.9780164
1.0,0.707116
1.0,0.9958086
0.0,0.0050529838
0.0,0.020793349
0.0,0.0037459433
1.0,0.056446075
0.0,0.29298013
0.0,0.14377934
0.0,0.68013024
0.0,0.36635166
0.0,0.12780467
1.0,0.028941661
0.0,0.026630938
1.0,0.22341534
0.0,0.0013638437
0.0,0.026326746
0.0,0.004404366
1.0,0.9663057
0.0,0.022421688
0.0,0.03661287
0.0,0.02317071
0.0,0.004608333
0.0,0.87433374
0.0,0.20125917
1.0,0.9937744
0.0,0.0064404607
0.0,0.0058857203
1.0,0.3676185
1.0,0.9907436
0.0,0.18249813
0.0,0.014082283
0.0,0.0015919507
0.0,0.07891199
0.0,0.009210318
0.0,0.14109167
1.0,0.9742261
0.0,0.051968902
1.0,0.31280202
0.0,0.006263435
1.0,0.2291789
1.0,0.46318632
0.0,0.030235529
0.0,0.03233683
0.0,0.020347774
1.0,0.85933566
1.0,0.781248
1.0,0.9889552
1.0,0.76781034
0.0,0.009892434
0.0,0.8666435
1.0,0.9904617
0.0,0.42963856
0.0,0.0036465526
0.0,0.010752946
0.0,0.044685185
0.0,0.06896457
0.0,0.013747096
0.0,0.09026313
1.0,0.51601946
0.0,0.017520964
0.0,0.041042835
0.0,0.053738892
1.0,0.8871237
1.0,0.97474253
0.0,0.014723003
0.0,0.17280221
0.0,0.026486158
1.0,0.98790896
0.0,0.020658165
0.0,0.0022548735
0.0,0.02211076
0.0,0.010704994
1.0,0.9897397
1.0,0.94300854
1.0,0.9876298
0.0,0.015292138
1.0,0.9316116
0.0,0.025460988
0.0,0.031227082
0.0,0.38937497
1.0,0.97075665
1.0,0.37619403
0.0,0.0029892921
0.0,0.024617523
1.0,0.86517274
1.0,0.31326157
0.0,0.024078876
1.0,0.07373303
1.0,0.9924086
0.0,0.7342894
0.0,0.10354012
0.0,0.041451544
0.0,0.020775229
0.0,0.36194617
0.0,0.02334252
1.0,0.9941907
0.0,0.016499847
0.0,0.014196992
1.0,0.99794453
0.0,0.006273836
1.0,0.96377647
1.0,0.023633868
1.0,0.90405685
1.0,0.8772312
1.0,0.9697343
0.0,0.033174515
1.0,0.9456241
0.0,0.8467618
1.0,0.99629986
0.0,0.50735945
0.0,0.2559136
0.0,0.018008113
0.0,0.034053862
0.0,0.24478641
1.0,0.9900547
0.0,0.96590334
1.0,0.76036316
0.0,0.8748431
1.0,0.8208921
1.0,0.9853466
0.0,0.011850715
0.0,0.0035947561
0.0,0.009005576
1.0,0.961643
1.0,0.12777585
0.0,0.0018136501
0.0,0.0012551546
0.0,0.0046777725
0.0,0.02381602
1.0,0.96015346
1.0,0.70896024
0.0,0.013349205
0.0,0.051935107
1.0,0.7779338
1.0,0.98904645
1.0,0.35502332
0.0,0.04138586
0.0,0.7887982
0.0,0.0031569302
0.0,0.6699803
1.0,0.98899746
1.0,0.81772935
0.0,0.02269414
0.0,0.022088498
0.0,0.004006624
0.0,0.6148851
0.0,0.0037076473
0.0,0.25603473
1.0,0.41894424
0.0,0.13606933
0.0,0.021609426
0.0,0.031708628
0.0,0.49796382
0.0,0.8406227
0.0,0.014829129
0.0,0.0031419992
1.0,0.4196508
0.0,0.026088655
1.0,0.72845525
0.0,0.0016599
0.0,0.16028467
0.0,0.18563855
0.0,0.0016381145
0.0,0.98259217
1.0,0.6552486
1.0,0.9250212
0.0,0.68888175
1.0,0.8988088
0.0,0.005322039
0.0,0.36983728
0.0,0.3662555
0.0,0.32035732
0.0,0.009527832
0.0,0.0012370646
1.0,0.21950552
0.0,0.0075341165
1.0,0.9873873
0.0,0.08452922
1.0,0.33004677
0.0,0.14494574
1.0,0.037292868
1.0,0.97080624
1.0,0.9793134
0.0,0.0028495789
0.0,0.029390633
1.0,0.97816044
0.0,0.020271003
0.0,0.012798876
1.0,0.011485785
1.0,0.98514014
0.0,0.2352044
1.0,0.9838892
1.0,0.99148536
0.0,0.7157523
0.0,0.027810633
0.0,0.25969172
0.0,0.021027714
0.0,0.008075535
0.0,0.034478635
1.0,0.9830406
0.0,0.08560407
1.0,0.91262287
1.0,0.19123825
0.0,0.008244902
0.0,0.055554926
0.0,0.86461496
1.0,0.9907131
1.0,0.9741367
1.0,0.39076978
0.0,0.12701198
1.0,0.98480916
1.0,0.87317115
0.0,0.0017946959
0.0,0.18310258
0.0,0.89041066
0.0,0.88258386
1.0,0.97872436
0.0,0.02185902
1.0,0.26393437
0.0,0.73090255
0.0,0.05770147
0.0,0.020367563
0.0,0.008122236
0.0,0.009828508
0.0,0.01008606
0.0,0.029693127
0.0,0.010802478
0.0,0.012512118
0.0,0.49857596
0.0,0.10371357
0.0,0.007316798
0.0,0.23102972
0.0,0.015526295
1.0,0.65871733
0.0,0.18264207
1.0,0.97646534
0.0,0.015504152
0.0,0.0055553317
0.0,0.004456967
0.0,0.94864917
0.0,0.54166913
0.0,0.07802278
0.0,0.03071326
0.0,0.0010021329
0.0,0.015329659
0.0,0.011322439
0.0,0.6149686
1.0,0.9610852
0.0,0.021800488
0.0,0.006655872
0.0,0.5435481
0.0,0.027937919
1.0,0.5800773
0.0,0.8749018
1.0,0.44032663
0.0,0.0035633147
0.0,0.20121402
1.0,0.9791938
0.0,0.8753448
1.0,0.8640622
1.0,0.96975976
1.0,0.95437896
1.0,0.98514444
0.0,0.0026737452
1.0,0.76567316
0.0,0.0060941577
0.0,0.012236744
0.0,0.06722471
1.0,0.99738646
0.0,0.0047604144
0.0,0.019179642
1.0,0.43397516
1.0,0.9988131
0.0,0.0824379
0.0,0.001378864
1.0,0.7653874
0.0,0.037163734
1.0,0.7637037
0.0,0.5217054
0.0,0.2656154
1.0,0.88366115
0.0,0.77473134
0.0,0.0021956563
1.0,0.05790466
0.0,0.018913418
1.0,0.99559724
0.0,0.0022210777
1.0,0.47643226
1.0,0.6135649
1.0,0.75663817
1.0,0.9862025
0.0,0.14538899
0.0,0.020412117
1.0,0.8431566
0.0,0.016045064
0.0,0.27180433
1.0,0.7064063
1.0,0.8880938
1.0,0.970797
0.0,0.0036403835
1.0,0.9739524
1.0,0.8872956
0.0,0.08454651
1.0,0.98688865
0.0,0.44670367
1.0,0.86866665
1.0,0.9428091
0.0,0.7269683
0.0,0.51001394
1.0,0.32013547
0.0,0.33240348
1.0,0.97922385
0.0,0.9557686
0.0,0.024493694
0.0,0.83362585
1.0,0.99516946
0.0,0.0013161302
0.0,0.0022791922
0.0,0.7833147
1.0,0.30674756
0.0,0.01212886
0.0,0.0027259886
0.0,0.032758206
0.0,0.81869304
1.0,0.518604
1.0,0.92691505
0.0,0.071163625
0.0,0.67737865
0.0,0.05059436
0.0,0.052759588
0.0,0.015233517
1.0,0.9807092
0.0,0.039411396
1.0,0.971724
0.0,0.67679155
0.0,0.13650572
1.0,0.7771691
0.0,0.009006172
0.0,0.02530396
0.0,0.012471467
0.0,0.0027369559
0.0,0.08441889
0.0,0.0013302863
0.0,0.015031755
0.0,0.019627929
1.0,0.9142907
1.0,0.9913207
0.0,0.0020789504
0.0,0.022108734
1.0,0.98406243
0.0,0.0061922967
1.0,0.9337684
0.0,0.23530221
0.0,0.0013391972
1.0,0.8938165
0.0,0.12857854
1.0,0.5085007
0.0,0.27680457
1.0,0.27290928
0.0,0.015233517
0.0,0.030445874
0.0,0.69955546
1.0,0.98978204
0.0,0.0016556978
0.0,0.038509935
0.0,0.0054429173
0.0,0.98202527
1.0,0.4084902
0.0,0.00876984
0.0,0.004550487
1.0,0.98021483
1.0,0.020787418
0.0,0.10099402
1.0,0.7401347
0.0,0.029319614
0.0,0.10673082
1.0,0.9771384
1.0,0.9971776
0.0,0.3401649
1.0,0.9704274
1.0,0.98576754
0.0,0.0109143555
0.0,0.0334858
0.0,0.030441165
1.0,0.04759261
0.0,0.0013979077
0.0,0.015366375
0.0,0.0049663484
1.0,0.9975492
1.0,0.42109525
0.0,0.0054408014
1.0,0.48413354
1.0,0.03520447
0.0,0.48728913
1.0,0.9588047
0.0,0.027184486
1.0,0.96318793
0.0,0.043612003
1.0,0.95863366
0.0,0.016061455
0.0,0.009618521
1.0,0.7473575
0.0,0.0038229525
1.0,0.8773023
0.0,0.030173302
0.0,0.009193331
0.0,0.007135123
1.0,0.7179013
0.0,0.20916015
1.0,0.46507695
0.0,0.0032050908
1.0,0.40101668
1.0,0.41178486
0.0,0.0022915602
1.0,0.99068105
1.0,0.97778136
1.0,0.1559903
1.0,0.89428174
0.0,0.008132935
0.0,0.008928418
0.0,0.7968292
1.0,0.95877254
1.0,0.5657984
0.0,0.010667056
0.0,0.026552558
0.0,0.13491294
1.0,0.90481555
0.0,0.27516985
1.0,0.0033960044
1.0,0.98046005
0.0,0.013813019
0.0,0.029527545
1.0,0.98472154
0.0,0.7621635
1.0,0.9886817
0.0,0.66801953
0.0,0.022202939
0.0,0.014897138
1.0,0.048475325
0.0,0.015339315
1.0,0.98671454
0.0,0.0129702985
1.0,0.46363604
0.0,0.5250004
0.0,0.07029545
1.0,0.0330939
1.0,0.34732318
1.0,0.76534903
1.0,0.9658295
0.0,0.04743859
0.0,0.023202837
0.0,0.3527634
0.0,0.0009639859
1.0,0.9771447
1.0,0.8388556
0.0,0.0023823977
0.0,0.009440333
0.0,0.0014303923
1.0,0.7114499
0.0,0.011857063
0.0,0.01582852
0.0,0.04198596
0.0,0.15324676
0.0,0.016682059
0.0,0.21005642
1.0,0.8887956
0.0,0.9588812
1.0,0.38279498
0.0,0.021882981
0.0,0.27950567
1.0,0.7413821
1.0,0.864737
1.0,0.9609723
0.0,0.015572846
0.0,0.24990979
1.0,0.11372876
0.0,0.0023857951
0.0,0.023872674
0.0,0.17655432
1.0,0.9074115
0.0,0.01622957
0.0,0.027205527
1.0,0.9912878
0.0,0.16697234
1.0,0.9975307
1.0,0.93157804
1.0,0.98692036
0.0,0.009424895
1.0,0.98522174
1.0,0.75597644
0.0,0.023246497
1.0,0.19137526
0.0,0.011550605
0.0,0.10375029
0.0,0.06244278
0.0,0.001866281
1.0,0.8506652
1.0,0.2666709
1.0,0.9972098
1.0,0.98416734
1.0,0.9877416
0.0,0.52026266
0.0,0.9832341
1.0,0.9851528
0.0,0.011986375
1.0,0.6649475
1.0,0.99439955
0.0,0.037068814
1.0,0.058248818
1.0,0.5002264
0.0,0.010196656
0.0,0.021295547
0.0,0.0066218674
0.0,0.019349009
1.0,0.5091996
1.0,0.98822105
0.0,0.0031528175
0.0,0.015916377
1.0,0.04771459
1.0,0.7769444
1.0,0.053201973
0.0,0.02360943
1.0,0.76915354
1.0,0.08839816
0.0,0.024736047
0.0,0.37043384
1.0,0.88347954
1.0,0.9934604
0.0,0.3830285
1.0,0.8743288
0.0,0.055769593
0.0,0.8684413
1.0,0.9927603
0.0,0.6409403
1.0,0.9858359
0.0,0.88941133
0.0,0.18257666
0.0,0.059837013
1.0,0.96107113
1.0,0.3577558
0.0,0.00854218
0.0,0.009832591
1.0,0.7844298
0.0,0.01484558
1.0,0.9904858
1.0,0.91614693
1.0,0.7921785
0.0,0.039426565
0.0,0.88042426
0.0,0.85479355
0.0,0.008103967
0.0,0.0010754764
1.0,0.9977993
0.0,0.25854766
0.0,0.011713773
1.0,0.97884786
0.0,0.029092938
1.0,0.04129201
1.0,0.8629675
0.0,0.008024573
0.0,0.3125576
0.0,0.7271177
0.0,0.005420506
0.0,0.0016081631
0.0,0.0082246065
0.0,0.009278357
0.0,0.92906994
1.0,0.588449
1.0,0.9715904
0.0,0.68093467
0.0,0.5204137
0.0,0.009762257
0.0,0.022882283
0.0,0.00998354
1.0,0.030650139
0.0,0.012448311
0.0,0.001268357
1.0,0.9978825
1.0,0.81964755
0.0,0.008558422
0.0,0.9862616
0.0,0.0011076033
0.0,0.014925629
0.0,0.0016441643
0.0,0.021319926
1.0,0.9371033
1.0,0.75653934
1.0,0.9489188
0.0,0.0014077425
1.0,0.74451846
1.0,0.97385746
0.0,0.031666577
0.0,0.00090283155
1.0,0.7912185
1.0,0.17518783
1.0,0.8959013
1.0,0.9752718
1.0,0.75149375
0.0,0.05114314
0.0,0.3651076
1.0,0.3325305
0.0,0.005188197
1.0,0.9719191
0.0,0.006420046
1.0,0.48185402
0.0,0.013401926
0.0,0.13181755
0.0,0.01161173
0.0,0.01127255
0.0,0.1226342
0.0,0.0015345812
0.0,0.0020528138
0.0,0.021508157
0.0,0.69726056
0.0,0.0021840334
0.0,0.005994588
1.0,0.9564929
1.0,0.7728826
1.0,0.9875561
0.0,0.978373
0.0,0.5337164
0.0,0.8779472
0.0,0.024872601
1.0,0.992213
1.0,0.2328918
1.0,0.93987745
1.0,0.9931561
0.0,0.9097272
0.0,0.008164257
0.0,0.004472673
1.0,0.8301743
0.0,0.010357767
1.0,0.0038960278
1.0,0.98386073
0.0,0.11399856
0.0,0.0067821443
0.0,0.008386433
0.0,0.7889688
1.0,0.94546115
1.0,0.9759309
0.0,0.020162344
1.0,0.9605197
1.0,0.72662175
0.0,0.60991913
0.0,0.0137144625
1.0,0.40579155
0.0,0.0016341209
0.0,0.0755595
0.0,0.0018873811
0.0,0.29892102
0.0,0.015313357
1.0,0.4734221
0.0,0.022005469
0.0,0.6886895
1.0,0.9944467
1.0,0.93790627
0.0,0.4950124
0.0,0.41427115
1.0,0.7226469
0.0,0.090979666
0.0,0.00065758824
1.0,0.5923276
0.0,0.052051425
0.0,0.014136493
0.0,0.013855904
1.0,0.98697495
0.0,0.18218681
1.0,0.82635117
1.0,0.9776636
1.0,0.99835354
0.0,0.010882288
1.0,0.82763207
0.0,0.028916776
1.0,0.9663308
0.0,0.058292508
1.0,0.98337424
0.0,0.013968229
0.0,0.011536837
1.0,0.99165154
0.0,0.0062390864
0.0,0.0037005544
1.0,0.6302663
1.0,0.88343894
1.0,0.052836686
1.0,0.80185854
1.0,0.6350632
1.0,0.9799655
1.0,0.7470568
0.0,0.008841455
1.0,0.049632788
1.0,0.99463785
0.0,0.044155955
0.0,0.003136009
0.0,0.0016970634
1.0,0.54587775
0.0,0.0083220005
0.0,0.08651367
0.0,0.2385503
1.0,0.9841356
0.0,0.005926192
0.0,0.05729255
1.0,0.66088074
1.0,0.97535014
1.0,0.88042367
1.0,0.107634276
0.0,0.9930368
0.0,0.05070296
0.0,0.032268077
0.0,0.028897643
0.0,0.0019430816
0.0,0.02806735
0.0,0.014392406
1.0,0.050293744
1.0,0.95660275
0.0,0.023725867
1.0,0.88616717
0.0,0.0068243146
0.0,0.0012956858
1.0,0.9925878
0.0,0.009376138
0.0,0.87766504
0.0,0.007322848
0.0,0.087896496
0.0,0.025741637
0.0,0.0066561103
0.0,0.96630925
1.0,0.76724553
0.0,0.04921618
0.0,0.12048581
1.0,0.91921425
0.0,0.0037994683
1.0,0.8576094
0.0,0.022893906
0.0,0.0022515059
0.0,0.011768222
0.0,0.21439844
0.0,0.001151681
0.0,0.0056371987
0.0,0.025434375
0.0,0.018461734
0.0,0.8467039
1.0,0.7111896
0.0,0.048028857
1.0,0.83959854
0.0,0.6242339
1.0,0.04138869
0.0,0.05434224
0.0,0.0023731291
0.0,0.058122218
1.0,0.9661952
1.0,0.023313284
1.0,0.24422276
0.0,0.014391243
0.0,0.5521035
1.0,0.83378714
0.0,0.008302063
0.0,0.032492995
1.0,0.23834327
0.0,0.011318862
1.0,0.9633175
1.0,0.22059414
0.0,0.0063809752
1.0,0.52581483
0.0,0.105890304
1.0,0.14377147
0.0,0.3232879
1.0,0.9970369
0.0,0.00089764595
0.0,0.99165964
0.0,0.022816062
0.0,0.026150167
0.0,0.003465116
0.0,0.03873092
0.0,0.01280275
1.0,0.96801
0.0,0.0029878914
0.0,0.00131616
0.0,0.0007853508
0.0,0.14470798
0.0,0.12101197
1.0,0.0921191
0.0,0.40937442
0.0,0.13717857
1.0,0.525965
0.0,0.42360324
1.0,0.98131114
0.0,0.7499541
1.0,0.9441606
1.0,0.95450354
0.0,0.005421132
1.0,0.9984586
0.0,0.44569272
0.0,0.01231885
0.0,0.011616319
0.0,0.03611073
1.0,0.06822479
1.0,0.99564046
0.0,0.020623267
0.0,0.13652107
1.0,0.9968666
0.0,0.024149865
1.0,0.59738886
1.0,0.013194203
1.0,0.79336214
0.0,0.013549596
1.0,0.68285847
0.0,0.013576746
1.0,0.87903786
1.0,0.14112473
0.0,0.25082546
0.0,0.7785443
0.0,0.022009999
0.0,0.17000228
1.0,0.8249372
1.0,0.95980763
1.0,0.9908409
0.0,0.013954669
0.0,0.0011725426
1.0,0.97436893
0.0,0.96383405
0.0,0.0011580586
0.0,0.0126930475
1.0,0.64755803
0.0,0.03158623
0.0,0.008479357
0.0,0.10270539
0.0,0.025951713
1.0,0.71984786
1.0,0.98396397
0.0,0.07804164
0.0,0.02406925
0.0,0.009814948
1.0,0.992493
0.0,0.015501827
0.0,0.8406923
1.0,0.8935591
0.0,0.0043050945
0.0,0.7436114
1.0,0.98248637
0.0,0.03880611
1.0,0.27448487
1.0,0.09332749
0.0,0.028607965
0.0,0.022600502
0.0,0.0048166215
0.0,0.0062835813
1.0,0.990695
1.0,0.99907744
1.0,0.9919662
1.0,0.1192494
0.0,0.8765423
0.0,0.035942197
1.0,0.738936
1.0,0.99607646
0.0,0.054240078
0.0,0.019412935
1.0,0.469398
0.0,0.0049168468
1.0,0.79856247
0.0,0.00533849
0.0,0.3643697
1.0,0.9847252
0.0,0.024770945
0.0,0.0019468367
0.0,0.024478942
0.0,0.025333554
0.0,0.34673578
1.0,0.08982411
0.0,0.023816764
1.0,0.990587
0.0,0.11485022
1.0,0.9770057
0.0,0.14753953
1.0,0.81712544
1.0,0.98831165
1.0,0.9963963
0.0,0.9656173
0.0,0.0016186833
1.0,0.2888161
0.0,0.03060934
0.0,0.02831304
1.0,0.8906155
1.0,0.16124001
0.0,0.12347174
1.0,0.9579152
1.0,0.9852536
0.0,0.88263226
0.0,0.00809145
0.0,0.7683864
0.0,0.006425649
0.0,0.0012587309
0.0,0.9378216
1.0,0.986925
1.0,0.9926926
1.0,0.97254544
0.0,0.0013244152
0.0,0.008441091
0.0,0.007992566
0.0,0.014180452
0.0,0.018531114
0.0,0.029358268
1.0,0.8774801
1.0,0.9707437
1.0,0.7042866
0.0,0.09219423
0.0,0.015341997
1.0,0.89794
0.0,0.17907166
0.0,0.491514
1.0,0.87014836
0.0,0.77012366
0.0,0.91777796
1.0,0.7480299
0.0,0.01760751
1.0,0.6672522
1.0,0.91050303
0.0,0.967348
0.0,0.007999539
1.0,0.9984261
0.0,0.0025204718
0.0,0.49740562
1.0,0.8339598
1.0,0.9820419
1.0,0.7841643
1.0,0.9681934
0.0,0.98590326
0.0,0.03237641
0.0,0.0027574599
1.0,0.80741215
0.0,0.98939383
1.0,0.77182686
0.0,0.86773545
1.0,0.9403405
1.0,0.7474265
0.0,0.04916519
0.0,0.016059786
0.0,0.0036928952
0.0,0.29040873
0.0,0.032829344
0.0,0.005232781
1.0,0.36066288
1.0,0.13256156
0.0,0.9321693
1.0,0.98271084
1.0,0.61889154
0.0,0.0024725497
0.0,0.13903701
1.0,0.9003428
1.0,0.16305244
0.0,0.010341883
0.0,0.086367995
0.0,0.0072808266
0.0,0.017434537
1.0,0.6620499
1.0,0.9698525
0.0,0.028338104
0.0,0.001425147
0.0,0.031216592
0.0,0.13341942
0.0,0.0072048903
0.0,0.013988018
0.0,0.9519595
0.0,0.40849
0.0,0.011998177
0.0,0.026210546
0.0,0.12907109
1.0,0.9904036
1.0,0.8708227
0.0,0.005921006
0.0,0.022065401
0.0,0.0007302165
0.0,0.002956003
0.0,0.08305371
0.0,0.35098594
0.0,0.011498928
0.0,0.22972003
1.0,0.9604049
1.0,0.99695694
1.0,0.89452285
1.0,0.8962532
1.0,0.9903272
0.0,0.48798516
0.0,0.022561193
0.0,0.028173745
0.0,0.030715287
1.0,0.7947077
0.0,0.014336973
1.0,0.9457072
0.0,0.01864928
0.0,0.45582226
0.0,0.89179265
0.0,0.019097775
0.0,0.03128895
0.0,0.11045945
0.0,0.20435
0.0,0.0068126917
1.0,0.8714167
1.0,0.26977178
0.0,0.1243259
0.0,0.13820425
0.0,0.0049120784
0.0,0.0034730434
1.0,0.9871896
0.0,0.007485926
1.0,0.07215589
0.0,0.026239753
1.0,0.40958023
0.0,0.005341947
0.0,0.08002144
1.0,0.92014605
0.0,0.0011710525
1.0,0.971625
0.0,0.056143522
0.0,0.49812236
0.0,0.23076811
0.0,0.0023050904
0.0,0.0019016266
1.0,0.93317163
1.0,0.99196947
0.0,0.49801543
0.0,0.020139217
0.0,0.007697046
0.0,0.13898593
1.0,0.8743442
0.0,0.6915039
1.0,0.16641787
1.0,0.38824248
0.0,0.75819004
0.0,0.02108121
0.0,0.047898173
0.0,0.01769653
0.0,0.034841448
0.0,0.027386308
0.0,0.03327164
0.0,0.77158946
0.0,0.18957016
1.0,0.9575052
0.0,0.9923527
0.0,0.0058358014
1.0,0.92442983
0.0,0.014143646
0.0,0.019731194
0.0,0.0014142394
0.0,0.013174325
1.0,0.055771798
1.0,0.98333025
1.0,0.98385215
0.0,0.012505829
0.0,0.004973799
0.0,0.010147601
0.0,0.36126155
0.0,0.45041418
0.0,0.83824307
1.0,0.994952
1.0,0.9843675
1.0,0.9469321
0.0,0.018028378
1.0,0.99417245
1.0,0.7078281
0.0,0.018774629
1.0,0.9771899
0.0,0.010344952
0.0,0.008439332
0.0,0.5889585
1.0,0.99339706
1.0,0.97685444
1.0,0.70950717
0.0,0.8846657
0.0,0.30197775
0.0,0.008357525
1.0,0.98509717
1.0,0.9869356
1.0,0.96820605
1.0,0.9112749
0.0,0.026538044
0.0,0.017706543
0.0,0.01617375
0.0,0.28225958
1.0,0.97984457
0.0,0.013514638
0.0,0.072838604
0.0,0.09584212
1.0,0.28720436
0.0,0.01923877
0.0,0.12753168
0.0,0.07567507
0.0,0.4138972
0.0,0.015651703
0.0,0.092659414
0.0,0.008699566
0.0,0.19084856
0.0,0.001716286
1.0,0.99470687
1.0,0.2181507
0.0,0.16008338
0.0,0.987695
0.0,0.05358383
1.0,0.89903057
0.0,0.0035800636
0.0,0.024177521
0.0,0.46716863
0.0,0.0043388903
1.0,0.966706
0.0,0.0078676045
0.0,0.05764529
1.0,0.51024926
1.0,0.96415
1.0,0.9539805
0.0,0.024271995
0.0,0.106048495
1.0,0.86452806
1.0,0.9865234
1.0,0.99124646
0.0,0.8173723
0.0,0.37503144
0.0,0.0011245906
1.0,0.07189143
1.0,0.993013
0.0,0.009916037
0.0,0.8699949
1.0,0.72023404
1.0,0.9873514
0.0,0.0058727264
1.0,0.8575067
1.0,0.3442126
0.0,0.012122273
1.0,0.18534169
0.0,0.032514513
0.0,0.0042973757
0.0,0.9681585
0.0,0.022980422
1.0,0.7368184
0.0,0.2738838
1.0,0.80959076
1.0,0.76220095
1.0,0.6518403
0.0,0.002234012
0.0,0.4650704
1.0,0.53998
0.0,0.0015572906
1.0,0.77593505
1.0,0.875481
0.0,0.977198
0.0,0.021545678
1.0,0.034850895
1.0,0.99180555
0.0,0.0019409955
1.0,0.68764997
1.0,0.17852423
1.0,0.9231658
1.0,0.9956938
1.0,0.37267712
1.0,0.9844482
0.0,0.024398744
0.0,0.305818
0.0,0.02390632
1.0,0.9521456
1.0,0.4260571
0.0,0.029153258
0.0,0.017240375
1.0,0.14004976
0.0,0.009453654
1.0,0.99035025
0.0,0.09627524
1.0,0.84448457
1.0,0.97446775
0.0,0.15624577
1.0,0.29604304
0.0,0.022224784
1.0,0.99699897
1.0,0.97608376
1.0,0.14569053
0.0,0.014081061
0.0,0.02826026
1.0,0.7112396
0.0,0.08071482
1.0,0.91466844
0.0,0.015837133
0.0,0.9525907
0.0,0.08625984
0.0,0.25791416
0.0,0.002110809
0.0,0.14416957
0.0,0.108213335
1.0,0.97911876
1.0,0.09914285
0.0,0.013883829
1.0,0.99116737
1.0,0.8406758
0.0,0.93064564
0.0,0.7246778
0.0,0.04300928
0.0,0.043868214
0.0,0.014258742
0.0,0.02374345
1.0,0.43217564
1.0,0.99244964
0.0,0.0036650896
0.0,0.0015825629
0.0,0.6847886
0.0,0.94961584
0.0,0.07413682
1.0,0.91086304
0.0,0.0823251
0.0,0.041253686
1.0,0.9239888
1.0,0.9735387
0.0,0.020000339
0.0,0.13305429
0.0,0.006791413
1.0,0.9514001
1.0,0.9250778
0.0,0.01774481
0.0,0.015244991
0.0,0.0033356547
0.0,0.1476587
0.0,0.003504455
1.0,0.98414373
1.0,0.77708054
1.0,0.1866529
0.0,0.0020318627
1.0,0.1923928
0.0,0.3866741
1.0,0.9966085
1.0,0.46086207
0.0,0.0034261942
0.0,0.0016938746
0.0,0.0026645362
0.0,0.8963639
0.0,0.42130953
1.0,0.9988196
0.0,0.82574344
0.0,0.6820743
0.0,0.009813815
0.0,0.0014861524
0.0,0.08556312
0.0,0.068574995
0.0,0.050028026
1.0,0.8327067
1.0,0.98433924
0.0,0.002398789
0.0,0.87023675
0.0,0.6013082
0.0,0.028933525
1.0,0.9900094
0.0,0.031761765
0.0,0.1437948
1.0,0.286641
0.0,0.9555062
0.0,0.019858778
0.0,0.010120124
0.0,0.0044329762
1.0,0.99637854
1.0,0.9402927
0.0,0.0032410324
1.0,0.31775704
1.0,0.98006576
1.0,0.9747
0.0,0.31131384
0.0,0.1420503
1.0,0.9804938
1.0,0.9857367
0.0,0.0033883154
1.0,0.97612166
0.0,0.028585345
1.0,0.9427476
1.0,0.93092513
1.0,0.9232596
0.0,0.011447549
1.0,0.6783006
1.0,0.4363639
0.0,0.08530578
0.0,0.04271266
0.0,0.9899402
0.0,0.036662698
0.0,0.0105935335
0.0,0.0024605393
1.0,0.99816
0.0,0.065267086
0.0,0.06537351
0.0,0.14624462
0.0,0.0035220385
0.0,0.03707558
0.0,0.029048264
1.0,0.78991055
0.0,0.014241457
0.0,0.015387833
0.0,0.51052827
1.0,0.8654958
1.0,0.8849077
1.0,0.9426043
1.0,0.9862324
0.0,0.007317096
0.0,0.032989264
0.0,0.012231469
0.0,0.11174655
0.0,0.80365634
0.0,0.009623677
1.0,0.97357655
0.0,0.7987217
1.0,0.0793654
1.0,0.02954796
1.0,0.7618129
0.0,0.026163638
0.0,0.007332325
0.0,0.0021069646
0.0,0.0052206516
1.0,0.27983218
1.0,0.98312473
1.0,0.77183634
1.0,0.8704382
1.0,0.9959134
0.0,0.006614268
0.0,0.022617102
0.0,0.8487295
0.0,0.0047318935
1.0,0.972221
0.0,0.0026881695
0.0,0.8708069
1.0,0.99048674
1.0,0.75019014
0.0,0.007766068
0.0,0.1699093
0.0,0.2913559
0.0,0.29961258
1.0,0.82656455
0.0,0.9948468
0.0,0.43469033
1.0,0.9973254
0.0,0.051210195
1.0,0.9793787
1.0,0.9721864
0.0,0.0017373264
0.0,0.7683338
0.0,0.0036195219
0.0,0.014734864
1.0,0.6957751
0.0,0.008256465
0.0,0.036865056
0.0,0.3295736
0.0,0.0025612116
1.0,0.98762065
1.0,0.15661314
1.0,0.91781104
1.0,0.9468653
0.0,0.7659793
0.0,0.029198617
1.0,0.8736115
0.0,0.0127618015
1.0,0.3668204
0.0,0.022155523
1.0,0.9761766
1.0,0.99219173
0.0,0.5601565
0.0,0.20481792
0.0,0.42531395
0.0,0.016129673
0.0,0.01053524
0.0,0.023781836
1.0,0.8857882
0.0,0.0038897097
0.0,0.17090732
0.0,0.30610305
0.0,0.077290446
0.0,0.005227983
0.0,0.0015296936
0.0,0.7421357
0.0,0.0015833378
0.0,0.0013809204
0.0,0.016528904
0.0,0.16429186
0.0,0.016619653
1.0,0.13633302
0.0,0.04189709
1.0,0.9889182
0.0,0.0027305782
0.0,0.0014955401
1.0,0.81765294
0.0,0.00659883
1.0,0.98307645
0.0,0.09510213
1.0,0.96294415
0.0,0.71151817
0.0,0.026517957
1.0,0.7420397
1.0,0.22749522
0.0,0.0033942163
0.0,0.058403403
0.0,0.0024154484
0.0,0.0014593899
0.0,0.004054874
0.0,0.7907625
1.0,0.9805095
1.0,0.79546297
0.0,0.11708915
0.0,0.011762947
1.0,0.72262543
1.0,0.9100464
1.0,0.79390955
0.0,0.0009431839
1.0,0.035354644
0.0,0.32019603
1.0,0.44618362
0.0,0.0009987652
1.0,0.78508735
0.0,0.003283292
0.0,0.1089811
0.0,0.034265757
0.0,0.92723894
1.0,0.9708078
0.0,0.053922355
0.0,0.08901414
1.0,0.99197435
0.0,0.010394096
0.0,0.9028771
0.0,0.6704177
1.0,0.987312
0.0,0.6950655
0.0,0.02415061
0.0,0.99173635
1.0,0.9746802
0.0,0.0013605654
0.0,0.8423252
0.0,0.043652326
1.0,0.5419728
0.0,0.016751558
1.0,0.9887176
0.0,0.34206313
1.0,0.76453507
1.0,0.9968711
0.0,0.9763125
1.0,0.9818799
1.0,0.9965844
0.0,0.006308824
0.0,0.9634793
0.0,0.0073288083
1.0,0.9897748
0.0,0.2737959
1.0,0.44054452
1.0,0.49976385
0.0,0.0120308995
1.0,0.97979057
0.0,0.13391209
1.0,0.47148457
0.0,0.65091044
1.0,0.15891787
0.0,0.8006112
1.0,0.016733378
0.0,0.5890829
0.0,0.008001745
0.0,0.00465101
0.0,0.014947861
0.0,0.008835167
0.0,0.0014303029
0.0,0.0023019612
0.0,0.2789364
0.0,0.042136014
0.0,0.47832787
0.0,0.32647973
0.0,0.020376444
1.0,0.9692545
1.0,0.22620836
0.0,0.71462524
1.0,0.010732889
0.0,0.032836556
0.0,0.24689755
0.0,0.8656118
0.0,0.050828934
0.0,0.03481677
0.0,0.13465789
1.0,0.948768
0.0,0.00251773
0.0,0.005638838
1.0,0.008402139
0.0,0.0041354597
1.0,0.9522502
0.0,0.064876825
0.0,0.024214417
1.0,0.92278963
0.0,0.008278251
1.0,0.9656987
0.0,0.0031313002
0.0,0.0011602044
0.0,0.0060721636
1.0,0.980561
0.0,0.014910251
1.0,0.10205796
1.0,0.7203139
0.0,0.98798513
0.0,0.0014498234
1.0,0.009800851
0.0,0.0041255355
0.0,0.045897007
0.0,0.80949235
0.0,0.0013170242
0.0,0.8598995
0.0,0.9736991
1.0,0.67724454
0.0,0.011622548
1.0,0.8589294
0.0,0.001502037
0.0,0.0022124052
0.0,0.0030635595
1.0,0.94691736
1.0,0.98919165
0.0,0.21602482
0.0,0.38251776
0.0,0.0019026995
0.0,0.06976318
0.0,0.029257268
0.0,0.0076818466
0.0,0.00087210536
1.0,0.13865656
1.0,0.9496159
0.0,0.02326417
0.0,0.99018604
1.0,0.16934723
0.0,0.0018936694
1.0,0.9494868
0.0,0.0038784146
0.0,0.024834812
1.0,0.978371
0.0,0.776045
1.0,0.42970318
1.0,0.9813856
1.0,0.98778296
0.0,0.33852667
0.0,0.018411338
0.0,0.12487468
1.0,0.96948344
0.0,0.52285635
1.0,0.9889277
0.0,0.019719005
0.0,0.007922351
0.0,0.12740058
1.0,0.88401127
0.0,0.008035749
0.0,0.01451081
0.0,0.5185153
1.0,0.033977687
1.0,0.99711764
0.0,0.054909617
0.0,0.013304025
1.0,0.98610926
1.0,0.9910004
1.0,0.9582515
1.0,0.09132305
0.0,0.0038508177
1.0,0.9304801
0.0,0.16684031
0.0,0.04965681
0.0,0.0030651093
1.0,0.82398736
0.0,0.08625147
0.0,0.06555319
0.0,0.0010732114
1.0,0.84503126
0.0,0.2765094
1.0,0.98539215
1.0,0.97597206
0.0,0.015279233
1.0,0.7513835
0.0,0.013770223
1.0,0.7046491
0.0,0.48841578
0.0,0.007876456
0.0,0.020204246
0.0,0.061685532
1.0,0.9973209
0.0,0.0230816
0.0,0.24622676
0.0,0.50390255
1.0,0.9986854
1.0,0.9284187
0.0,0.01776743
1.0,0.97382295
1.0,0.9901333
1.0,0.9986757
1.0,0.39496714
0.0,0.10839239
1.0,0.7382846
0.0,0.03564751
0.0,0.69640714
1.0,0.35851157
0.0,0.015598923
0.0,0.011208892
0.0,0.048125923
1.0,0.40811336
0.0,0.59547967
0.0,0.28211945
1.0,0.9782915
0.0,0.009142339
1.0,0.8599109
0.0,0.010361165
0.0,0.9708655
1.0,0.8154669
1.0,0.96913695
0.0,0.0050436556
1.0,0.9769726
1.0,0.987061
0.0,0.76338744
0.0,0.78984
1.0,0.7140442
0.0,0.02482611
1.0,0.98922634
0.0,0.024232745
0.0,0.05326125
1.0,0.4843831
1.0,0.90271115
0.0,0.03731087
1.0,0.55397975
0.0,0.059916764
0.0,0.066042006
1.0,0.9829613
0.0,0.02869311
0.0,0.036584884
0.0,0.017912745
1.0,0.6086626
0.0,0.011592656
0.0,0.008706987
1.0,0.9367872
1.0,0.982608
0.0,0.021053135
0.0,0.40152735
0.0,0.003197074
1.0,0.15491304
0.0,0.7700759
0.0,0.0019507706
0.0,0.01486212
0.0,0.0042292774
0.0,0.0029396713
1.0,0.2836439
0.0,0.14492169
0.0,0.001160562
0.0,0.32008296
1.0,0.9513087
1.0,0.99745446
1.0,0.8541432
0.0,0.8814663
0.0,0.013788909
0.0,0.9783753
1.0,0.99356484
0.0,0.022610635
1.0,0.5283479
0.0,0.012617886
1.0,0.99074817
0.0,0.039943933
1.0,0.8950355
0.0,0.9452493
1.0,0.5063007
0.0,0.074973226
0.0,0.06578463
1.0,0.90396374
1.0,0.94841087
1.0,0.9876287
0.0,0.110296994
1.0,0.9729822
1.0,0.4978083
1.0,0.3414945
0.0,0.0016269684
1.0,0.76555836
0.0,0.012330949
0.0,0.95168567
1.0,0.69066876
0.0,0.3373506
0.0,0.010944843
0.0,0.019839048
0.0,0.042839468
0.0,0.58006597
1.0,0.98807776
1.0,0.9713621
0.0,0.39207837
0.0,0.58400106
0.0,0.014682919
1.0,0.998222
0.0,0.7524331
0.0,0.22654453
0.0,0.0036797822
0.0,0.012910426
0.0,0.0240255
0.0,0.97304034
1.0,0.99102986
1.0,0.99332947
1.0,0.10019529
0.0,0.31243593
0.0,0.004578948
0.0,0.005300015
0.0,0.014238358
0.0,0.018581599
1.0,0.9755837
0.0,0.025346667
0.0,0.17892122
1.0,0.99555373
0.0,0.08399865
1.0,0.06629446
1.0,0.93583274
0.0,0.4492366
0.0,0.0065199733
0.0,0.031258583
1.0,0.6623748
0.0,0.07049185
0.0,0.01340878
1.0,0.9569322
1.0,0.5236721
0.0,0.0021520257
0.0,0.04577592
0.0,0.69338536
0.0,0.006719202
0.0,0.34091723
1.0,0.3498152
1.0,0.93606013
0.0,0.013753355
0.0,0.0013077557
0.0,0.83272696
0.0,0.36824745
1.0,0.9639221
0.0,0.017680973
1.0,0.99373925
0.0,0.0310601
1.0,0.98822033
0.0,0.006315708
1.0,0.9805211
1.0,0.82230103
0.0,0.017038792
0.0,0.16264126
0.0,0.0064238906
0.0,0.038384974
1.0,0.57570434
1.0,0.0035745502
1.0,0.20756653
1.0,0.36528605
1.0,0.7751509
0.0,0.0015434623
1.0,0.3551795
1.0,0.8330919
0.0,0.011698127
0.0,0.020365566
0.0,0.01966101
1.0,0.5124419
1.0,0.99253273
0.0,0.8884207
0.0,0.0073334575
1.0,0.8785316
0.0,0.006536573
0.0,0.024483472
1.0,0.9717574
0.0,0.62152195
0.0,0.017008811
1.0,0.10266495
1.0,0.89993596
0.0,0.0078392625
0.0,0.010335058
0.0,0.016115963
1.0,0.99046266
1.0,0.9857083
0.0,0.6775085
0.0,0.35649085
1.0,0.9955274
1.0,0.7824865
0.0,0.0049766004
0.0,0.07805619
0.0,0.03512934
1.0,0.19330528
1.0,0.09667319
0.0,0.023005933
0.0,0.09056163
1.0,0.97981465
0.0,0.016707718
0.0,0.014723092
0.0,0.041473
0.0,0.90112305
1.0,0.9775754
0.0,0.8760644
0.0,0.008426279
0.0,0.9510098
0.0,0.37328026
0.0,0.024054646
1.0,0.7111614
1.0,0.78674036
0.0,0.26880828
1.0,0.9862249
0.0,0.554491
1.0,0.9730205
1.0,0.03523594
1.0,0.9663127
0.0,0.0054095984
0.0,0.23638216
0.0,0.011592835
1.0,0.99726987
0.0,0.003700763
1.0,0.99545705
0.0,0.04001838
0.0,0.0017448664
1.0,0.07941303
1.0,0.98090637
0.0,0.0022927225
1.0,0.8084276
0.0,0.020630807
1.0,0.9764435
0.0,0.0011864007
1.0,0.66608316
1.0,0.030715883
0.0,0.020960093
0.0,0.0047727227
0.0,0.006667614
0.0,0.007896602
0.0,0.00792712
0.0,0.92936945
0.0,0.04545456
0.0,0.013086349
0.0,0.97454184
0.0,0.0028468966
1.0,0.97968465
0.0,0.39663595
0.0,0.49365386
1.0,0.9970993
0.0,0.041854948
1.0,0.9962195
0.0,0.01644355
1.0,0.9922515
0.0,0.0046305954
0.0,0.050225496
1.0,0.99521875
0.0,0.031633943
0.0,0.005369872
0.0,0.01336953
1.0,0.9870034
1.0,0.31539857
0.0,0.006593257
1.0,0.9725034
1.0,0.17871267
1.0,0.97875094
0.0,0.37026775
1.0,0.10548726
1.0,0.9597128
0.0,0.22831509
1.0,0.5400451
1.0,0.5835623
0.0,0.019420415
0.0,0.0028623044
0.0,0.012882888
0.0,0.020067126
0.0,0.0049331784
0.0,0.022949755
0.0,0.030483305
0.0,0.0010004044
1.0,0.94922614
0.0,0.069570005
0.0,0.003092289
0.0,0.015395939
0.0,0.050082654
1.0,0.9248868
0.0,0.0015800595
1.0,0.935707
0.0,0.4715966
0.0,0.0024699569
1.0,0.53967553
1.0,0.86681134
0.0,0.14403531
0.0,0.051193774
1.0,0.89412856
0.0,0.95584476
0.0,0.017582566
1.0,0.7065529
1.0,0.71887815
1.0,0.8364904
1.0,0.84505576
0.0,0.020796448
0.0,0.0014744103
1.0,0.53850543
0.0,0.011561781
0.0,0.0012341738
1.0,0.98576546
1.0,0.91726893
1.0,0.9882318
0.0,0.008341521
1.0,0.07745555
1.0,0.97507167
1.0,0.9828081
0.0,0.0023361742
0.0,0.0031508505
1.0,0.25032532
0.0,0.017036289
0.0,0.726499
0.0,0.012078613
1.0,0.9951699
0.0,0.011510789
0.0,0.015463352
0.0,0.028772324
0.0,0.1507023
0.0,0.090314925
0.0,0.0029954314
0.0,0.878656
1.0,0.9976294
0.0,0.033940196
1.0,0.8386208
0.0,0.0026285052
0.0,0.8462439
0.0,0.9148562
1.0,0.0053052306
0.0,0.7754314
0.0,0.008008242
0.0,0.0015470088
0.0,0.31866187
0.0,0.045354426
1.0,0.98455095
0.0,0.38091838
1.0,0.948051
0.0,0.0113277435
0.0,0.02729705
0.0,0.013506085
0.0,0.7462269
0.0,0.043903142
0.0,0.6569324
0.0,0.16537002
0.0,0.08611724
1.0,0.9230684
0.0,0.038323343
1.0,0.6130153
1.0,0.6389165
0.0,0.0457094
0.0,0.01553908
1.0,0.85824907
0.0,0.01093328
1.0,0.7581861
1.0,0.7422868
0.0,0.0035104752
1.0,0.6121603
0.0,0.0026645958
1.0,0.98498225
0.0,0.09139955
0.0,0.14783236
1.0,0.43609324
0.0,0.7558553
0.0,0.0019384623
0.0,0.70631236
1.0,0.73484766
1.0,0.97292316
0.0,0.0014393926
0.0,0.05310613
1.0,0.5603997
0.0,0.7269223
1.0,0.077694595
0.0,0.123132795
1.0,0.04791233
0.0,0.7303263
0.0,0.023332447
0.0,0.7494639
0.0,0.006750047
0.0,0.17350721
1.0,0.03777778
0.0,0.41992703
1.0,0.89244854
0.0,0.012538552
1.0,0.417429
0.0,0.0056836903
0.0,0.0017742217
0.0,0.02485001
0.0,0.019013584
0.0,0.17306143
0.0,0.09486741
0.0,0.057067513
0.0,0.04772505
1.0,0.97564256
0.0,0.012093395
0.0,0.031417012
1.0,0.91729164
1.0,0.51261187
0.0,0.018410504
0.0,0.063290626
1.0,0.71583885
0.0,0.20019552
1.0,0.05107823
1.0,0.94048154
1.0,0.67152804
1.0,0.85021853
0.0,0.02711156
0.0,0.0015932918
1.0,0.13378367
0.0,0.24651119
1.0,0.99145484
1.0,0.7587104
1.0,0.9903165
0.0,0.16050762
0.0,0.00404647
0.0,0.18666646
0.0,0.018312126
1.0,0.24460137
1.0,0.951175
0.0,0.044572532
0.0,0.25125664
0.0,0.06341785
0.0,0.4357352
1.0,0.03057611
1.0,0.74740505
1.0,0.9745232
0.0,0.93282866
1.0,0.4944313
1.0,0.6641018
1.0,0.19483718
1.0,0.9781523
0.0,0.28134358
0.0,0.88897705
0.0,0.75061333
0.0,0.0055624247
1.0,0.8983842
1.0,0.99196005
1.0,0.9424777
1.0,0.933921
0.0,0.02644375
0.0,0.0020177364
0.0,0.02189517
0.0,0.03169629
1.0,0.9097882
0.0,0.15597305
0.0,0.016785622
0.0,0.14837778
0.0,0.006082773
1.0,0.83865917
1.0,0.835943
1.0,0.9763495
0.0,0.06099996
0.0,0.076752305
1.0,0.7502913
1.0,0.9952985
0.0,0.05297035
1.0,0.9265521
0.0,0.86477494
1.0,0.9965331
1.0,0.99728715
1.0,0.7159888
0.0,0.028151214
0.0,0.09877905
1.0,0.99296105
0.0,0.07129538
0.0,0.25734162
1.0,0.99212277
0.0,0.030609816
0.0,0.02214086
0.0,0.0923599
1.0,0.32617137
0.0,0.5168649
0.0,0.30266827
1.0,0.6103721
0.0,0.4950618
0.0,0.02039367
0.0,0.03971249
0.0,0.2468918
1.0,0.75600356
0.0,0.92475784
0.0,0.012555569
0.0,0.0013997257
1.0,0.17541602
0.0,0.02879107
0.0,0.00221619
1.0,0.8715246
0.0,0.4841513
0.0,0.0054706037
1.0,0.987975
1.0,0.8938446
0.0,0.0010655224
1.0,0.2792255
1.0,0.37557364
0.0,0.55206215
0.0,0.63430727
1.0,0.610801
1.0,0.77920234
0.0,0.007562965
1.0,0.19126976
1.0,0.1601632
1.0,0.14862198
0.0,0.15067348
1.0,0.124133795
0.0,0.016258478
1.0,0.85073745
0.0,0.0017879009
1.0,0.95178413
0.0,0.75097454
0.0,0.16256046
1.0,0.79734755
0.0,0.029105902
1.0,0.96769255
1.0,0.79208976
1.0,0.9729544
1.0,0.6586545
0.0,0.031906664
1.0,0.020234972
0.0,0.5479519
0.0,0.003761351
0.0,0.023458332
0.0,0.018491477
1.0,0.98034686
0.0,0.007077515
0.0,0.46156082
0.0,0.5427314
0.0,0.5971991
1.0,0.90929544
0.0,0.46790123
0.0,0.004632622
0.0,0.028278053
0.0,0.81000185
1.0,0.8199408
0.0,0.0025417209
1.0,0.9569019
1.0,0.98819697
0.0,0.8095131
0.0,0.0014475584
0.0,0.0028434098
1.0,0.96993
0.0,0.023609787
1.0,0.02718988
1.0,0.81400347
1.0,0.97887075
0.0,0.8308396
0.0,0.29930374
0.0,0.005805373
0.0,0.7144829
0.0,0.01074183
0.0,0.0038805306
0.0,0.24344838
1.0,0.59771556
0.0,0.30356383
1.0,0.89233315
0.0,0.108558625
1.0,0.9436979
1.0,0.963951
1.0,0.50288785
1.0,0.867328
0.0,0.18532407
0.0,0.9553721
0.0,0.021552742
1.0,0.7751857
1.0,0.9782794
0.0,0.006403774
1.0,0.22205704
1.0,0.9705943
1.0,0.8544773
1.0,0.14835641
0.0,0.6679728
0.0,0.020216286
1.0,0.94323164
0.0,0.014631063
0.0,0.068650514
1.0,0.991033
0.0,0.00616163
0.0,0.6613612
0.0,0.11430186
0.0,0.0037007034
0.0,0.09990549
1.0,0.99342877
0.0,0.005245149
0.0,0.26445463
1.0,0.12293607
0.0,0.029732883
1.0,0.9667704
0.0,0.2617997
0.0,0.01043576
0.0,0.0045107305
0.0,0.1393207
1.0,0.70820445
0.0,0.30318084
0.0,0.06939721
1.0,0.8799801
1.0,0.8908541
0.0,0.026557505
0.0,0.006908089
0.0,0.0077232122
1.0,0.44673824
0.0,0.08012277
1.0,0.93809783
1.0,0.88414896
1.0,0.57337224
1.0,0.9739934
1.0,0.9145665
0.0,0.9234246
1.0,0.90177715
1.0,0.99246293
0.0,0.0038905442
0.0,0.00419876
0.0,0.011529654
1.0,0.77853745
0.0,0.008725733
0.0,0.007648349
0.0,0.034971923
1.0,0.9869876
0.0,0.024580121
1.0,0.9708097
0.0,0.20383108
0.0,0.5813654
0.0,0.04994005
0.0,0.02198869
0.0,0.007576674
1.0,0.67772335
1.0,0.99027586
0.0,0.02024296
0.0,0.04168275
1.0,0.35451323
0.0,0.0011106133
1.0,0.98907167
0.0,0.018537909
0.0,0.009480357
0.0,0.023137659
1.0,0.98269355
1.0,0.8994125
0.0,0.019660652
0.0,0.15491372
1.0,0.7487252
0.0,0.032178164
0.0,0.004089415
1.0,0.94748175
1.0,0.9950708
1.0,0.8867032
0.0,0.021638036
1.0,0.97558385
1.0,0.950686
0.0,0.28154898
0.0,0.011114448
0.0,0.0037108362
0.0,0.022620648
0.0,0.0012908578
0.0,0.015481383
1.0,0.55797774
1.0,0.84498996
0.0,0.088419735
0.0,0.00864619
0.0,0.03001371
0.0,0.061766952
1.0,0.9747693
0.0,0.97296643
0.0,0.022094756
0.0,0.7249092
0.0,0.9786975
1.0,0.04605177
0.0,0.0015982091
0.0,0.69241863
1.0,0.9798975
0.0,0.02678755
0.0,0.09029195
0.0,0.015046984
0.0,0.0057572722
1.0,0.8502612
1.0,0.9298824
0.0,0.03480953
0.0,0.9733947
0.0,0.0023997128
0.0,0.9664905
0.0,0.9249422
0.0,0.46619105
0.0,0.0018773079
0.0,0.10828376
1.0,0.00611791
0.0,0.0146895945
1.0,0.23755133
0.0,0.8214294
0.0,0.0011157393
0.0,0.058591425
0.0,0.1837877
0.0,0.15131235
0.0,0.016238838
1.0,0.98816276
0.0,0.0020518303
0.0,0.6936584
0.0,0.033278435
1.0,0.76188517
1.0,0.9580842
0.0,0.02034238
0.0,0.48515302
0.0,0.0022124946
1.0,0.9982138
1.0,0.74635756
1.0,0.98731565
0.0,0.09179616
1.0,0.99457395
0.0,0.021663576
0.0,0.0014205873
0.0,0.012392014
1.0,0.013448924
0.0,0.0012587607
0.0,0.0041427016
1.0,0.99724734
1.0,0.34721035
0.0,0.011391997
1.0,0.99821436
0.0,0.023341984
1.0,0.7763264
0.0,0.08620408
1.0,0.96090114
0.0,0.9827424
0.0,0.14586425
1.0,0.93756443
0.0,0.0033983588
0.0,0.08161518
0.0,0.011794895
0.0,0.011154622
0.0,0.03605613
0.0,0.012419105
1.0,0.8638632
1.0,0.8277068
0.0,0.5566326
0.0,0.023470402
0.0,0.010573626
0.0,0.054781675
1.0,0.995259
0.0,0.008360326
0.0,0.06066823
0.0,0.86731803
0.0,0.15771157
0.0,0.0010730922
1.0,0.9567816
1.0,0.92280567
0.0,0.0017140508
0.0,0.007971287
0.0,0.016639233
0.0,0.0036370754
1.0,0.8031796
0.0,0.6959149
0.0,0.02096793
0.0,0.0076108575
1.0,0.944228
0.0,0.005531311
0.0,0.2501888
1.0,0.97589076
0.0,0.008621216
0.0,0.12159112
1.0,0.74905694
1.0,0.7634544
1.0,0.9626806
0.0,0.0014567077
0.0,0.0036565661
0.0,0.20542738
0.0,0.006458193
1.0,0.42023447
0.0,0.1560759
1.0,0.16599613
0.0,0.0019184053
0.0,0.0032702684
0.0,0.08297762
1.0,0.9877641
0.0,0.8003659
0.0,0.06718308
0.0,0.55845135
1.0,0.7263721
0.0,0.01392737
0.0,0.48845786
0.0,0.0018997788
1.0,0.05714491
0.0,0.006268084
0.0,0.0014526844
1.0,0.09608516
1.0,0.9901153
0.0,0.0017700493
1.0,0.996453
1.0,0.9953635
1.0,0.9354269
1.0,0.88566625
0.0,0.025623173
1.0,0.9171567
0.0,0.9977132
1.0,0.03443268
0.0,0.007028222
1.0,0.51686555
0.0,0.83742857
1.0,0.22445753
1.0,0.99668705
1.0,0.6537405
0.0,0.0043274164
0.0,0.7623335
0.0,0.75537705
0.0,0.0078668
0.0,0.018659025
0.0,0.16809064
1.0,0.9958169
1.0,0.98789644
1.0,0.16969535
0.0,0.0032729805
0.0,0.006898761
0.0,0.030482769
0.0,0.7531779
1.0,0.024463743
0.0,0.04783699
0.0,0.015424162
0.0,0.022850066
0.0,0.24998
1.0,0.8999872
0.0,0.7849517
0.0,0.89545834
0.0,0.31956875
1.0,0.37618887
0.0,0.02679649
0.0,0.64208907
1.0,0.22768167
0.0,0.17699271
1.0,0.115528315
0.0,0.010876685
0.0,0.28753647
0.0,0.0035853386
0.0,0.013562739
0.0,0.0012478828
1.0,0.9297948
0.0,0.07743746
0.0,0.035951376
1.0,0.9901513
1.0,0.9794866
0.0,0.286784
1.0,0.014295369
0.0,0.11066607
0.0,0.03973058
1.0,0.97987545
0.0,0.0013619661
0.0,0.15462336
0.0,0.02100876
0.0,0.003622204
1.0,0.9899517
1.0,0.9713834
1.0,0.81272686
1.0,0.9905023
0.0,0.008980095
0.0,0.018498898
0.0,0.045921087
1.0,0.9826734
0.0,0.012501121
0.0,0.020061165
1.0,0.9813992
1.0,0.5240877
1.0,0.9189353
0.0,0.0030359328
0.0,0.21348864
0.0,0.62769645
1.0,0.9931953
1.0,0.97034925
1.0,0.96096647
0.0,0.29556468
0.0,0.0009833276
0.0,0.0017139912
1.0,0.8817268
1.0,0.14374736
0.0,0.23772183
1.0,0.9744493
1.0,0.58634615
1.0,0.9705293
1.0,0.5550023
0.0,0.12627709
0.0,0.027273446
1.0,0.42763937
1.0,0.8030176
0.0,0.024270505
0.0,0.014593333
0.0,0.0048495233
0.0,0.01051113
0.0,0.020073503
0.0,0.70102173
0.0,0.009770244
0.0,0.04067719
1.0,0.9100661
1.0,0.75129557
0.0,0.8829733
1.0,0.9867729
0.0,0.0046257973
1.0,0.9497327
0.0,0.24517441
1.0,0.9887985
0.0,0.001842171
0.0,0.003317684
0.0,0.0038502216
0.0,0.5370862
1.0,0.094472766
1.0,0.9929224
0.0,0.018832475
0.0,0.06541142
1.0,0.23944372
0.0,0.024623781
1.0,0.98786163
1.0,0.7407595
0.0,0.007453412
0.0,0.017235488
0.0,0.2561533
0.0,0.99790394
0.0,0.87921584
0.0,0.0042655766
0.0,0.46589264
0.0,0.019177675
1.0,0.98063326
1.0,0.9747665
1.0,0.8714306
1.0,0.87803614
0.0,0.008053243
0.0,0.5673702
1.0,0.91352874
0.0,0.43794954
0.0,0.0077812374
0.0,0.023824781
1.0,0.3396765
1.0,0.2651375
0.0,0.0046625137
1.0,0.96854115
1.0,0.98870766
0.0,0.0015332997
0.0,0.009050608
1.0,0.9671087
0.0,0.0141477585
0.0,0.9610344
0.0,0.0011110902
0.0,0.019450754
1.0,0.059391975
0.0,0.014960855
0.0,0.004699677
0.0,0.32673055
1.0,0.18371403
0.0,0.0052467883
0.0,0.045100152
1.0,0.8829849
0.0,0.0064816773
0.0,0.26440883
0.0,0.9586724
1.0,0.9925305
1.0,0.61339486
1.0,0.10063502
0.0,0.030959338
0.0,0.29146573
1.0,0.24502122
0.0,0.0036027431
0.0,0.0018076003
0.0,0.045820236
0.0,0.0143972635
1.0,0.4672147
0.0,0.29230517
0.0,0.8992558
1.0,0.8204191
0.0,0.020545006
0.0,0.02693665
0.0,0.81783944
0.0,0.1914495
1.0,0.8400459
1.0,0.99160063
0.0,0.37729922
1.0,0.7908753
0.0,0.011688679
0.0,0.013471425
0.0,0.0018394887
1.0,0.44410932
0.0,0.0026060045
0.0,0.018534154
1.0,0.9533299
1.0,0.7550247
1.0,0.86278665
0.0,0.5581742
1.0,0.94783
1.0,0.9156354
0.0,0.0015918016
0.0,0.94751334
0.0,0.6075821
1.0,0.47300732
0.0,0.019989252
0.0,0.21703461
0.0,0.013270646
0.0,0.01893267
0.0,0.012060404
0.0,0.057136863
0.0,0.29603451
0.0,0.8379934
0.0,0.23370343
1.0,0.54804367
1.0,0.7928179
1.0,0.7848921
0.0,0.0046164095
1.0,0.9981318
0.0,0.20974821
0.0,0.024010956
1.0,0.97232115
0.0,0.22500488
0.0,0.008114785
0.0,0.22619796
0.0,0.01110512
0.0,0.14692351
0.0,0.8690852
0.0,0.028223455
1.0,0.93269706
0.0,0.0020523965
0.0,0.006139457
0.0,0.005195707
1.0,0.95554113
1.0,0.94848526
0.0,0.84052646
1.0,0.7816391
0.0,0.024164528
1.0,0.12162936
0.0,0.00805673
0.0,0.007411331
1.0,0.040749848
0.0,0.0016129613
0.0,0.0073988736
1.0,0.4433418
0.0,0.025128335
1.0,0.011273146
0.0,0.30227625
0.0,0.0063617527
1.0,0.92355716
0.0,0.0057136714
0.0,0.51671356
0.0,0.7953229
0.0,0.0065659583
0.0,0.00091195107
1.0,0.8925923
0.0,0.0015741289
0.0,0.05411169
0.0,0.022557914
1.0,0.6308415
0.0,0.9587939
0.0,0.029055655
1.0,0.85041815
0.0,0.0053513646
0.0,0.0026654303
0.0,0.03920129
0.0,0.08586961
1.0,0.31520963
0.0,0.013101429
0.0,0.0019922256
0.0,0.0056915283
0.0,0.0026022494
0.0,0.6904919
1.0,0.9861343
1.0,0.68290764
0.0,0.0071208775
1.0,0.95977306
0.0,0.015311122
0.0,0.0058709085
0.0,0.017549872
0.0,0.09977907
1.0,0.9811721
0.0,0.012996912
0.0,0.007467538
0.0,0.1216197
0.0,0.0732649
0.0,0.21225116
0.0,0.007314086
0.0,0.0014257729
0.0,0.0027837157
0.0,0.0021107197
0.0,0.98192525
1.0,0.39175126
0.0,0.018208772
0.0,0.012717962
0.0,0.0075072646
1.0,0.9980495
0.0,0.07883769
1.0,0.9024595
0.0,0.11951867
0.0,0.026137918
0.0,0.13451347
1.0,0.98581755
1.0,0.9982955
1.0,0.95422685
1.0,0.56932527
0.0,0.32878298
0.0,0.0043703318
1.0,0.9918512
1.0,0.95613176
0.0,0.009449571
0.0,0.04083386
0.0,0.8294845
1.0,0.98852026
0.0,0.012337446
0.0,0.0024233758
0.0,0.033120066
0.0,0.019810319
1.0,0.52990764
1.0,0.97864836
0.0,0.0010920763
1.0,0.5566788
0.0,0.018381864
0.0,0.024367899
0.0,0.003487438
0.0,0.010356516
0.0,0.007557243
1.0,0.9295597
0.0,0.0015171468
0.0,0.030449122
0.0,0.85106325
0.0,0.07433924
0.0,0.8216424
1.0,0.9940878
0.0,0.017380267
0.0,0.01199469
1.0,0.9196763
0.0,0.37946463
0.0,0.004619688
1.0,0.96889365
1.0,0.79886097
0.0,0.10548997
1.0,0.8815014
0.0,0.20604402
1.0,0.6893419
1.0,0.99898773
0.0,0.08154699
1.0,0.96145666
0.0,0.02105558
0.0,0.020039976
0.0,0.36957538
0.0,0.4045667
0.0,0.022113115
0.0,0.0045646727
0.0,0.47210148
1.0,0.9790989
0.0,0.05378017
0.0,0.024180412
0.0,0.46829417
0.0,0.28137034
1.0,0.9462043
0.0,0.010305017
0.0,0.63353306
0.0,0.012300432
0.0,0.004210204
0.0,0.006238073
0.0,0.9707366
1.0,0.05797738
0.0,0.10449979
1.0,0.8679311
0.0,0.0028758347
1.0,0.11024633
0.0,0.036181062
0.0,0.08327666
0.0,0.018918723
0.0,0.72504425
0.0,0.506136
0.0,0.045413733
0.0,0.14577684
0.0,0.0054941773
0.0,0.45878989
0.0,0.94245887
1.0,0.9782325
0.0,0.5010677
0.0,0.008249313
1.0,0.99544626
0.0,0.0038849711
0.0,0.0034416616
0.0,0.0014111996
1.0,0.8008294
1.0,0.5445668
1.0,0.5774401
1.0,0.98392206
0.0,0.17145988
1.0,0.935799
0.0,0.13147825
1.0,0.4880149
0.0,0.16626891
0.0,0.9737413
0.0,0.15993252
0.0,0.004186809
0.0,0.022857815
1.0,0.9699171
1.0,0.2989229
0.0,0.9944029
1.0,0.6821635
0.0,0.006302446
1.0,0.97142875
0.0,0.010247201
0.0,0.0089253485
0.0,0.96644866
0.0,0.4530161
0.0,0.04131925
0.0,0.0022676885
1.0,0.99801916
0.0,0.0014127195
1.0,0.995641
1.0,0.9024589
1.0,0.9793463
0.0,0.0028293133
0.0,0.99099565
0.0,0.0055212677
0.0,0.13410816
0.0,0.19999045
1.0,0.18845508
0.0,0.1909416
0.0,0.0858269
0.0,0.09591025
0.0,0.008425474
0.0,0.0022069514
0.0,0.09567952
0.0,0.8160081
0.0,0.0073161423
0.0,0.90639377
1.0,0.9927211
0.0,0.54315317
0.0,0.012894869
0.0,0.00463143
0.0,0.0030898154
1.0,0.9007624
0.0,0.5939837
1.0,0.98611903
0.0,0.5733292
1.0,0.998472
1.0,0.9733237
0.0,0.0044206977
0.0,0.0607028
0.0,0.017311186
0.0,0.23990107
0.0,0.035747558
0.0,0.7039715
1.0,0.9829071
0.0,0.011107355
1.0,0.6746434
0.0,0.5505272
0.0,0.0047600865
0.0,0.012968898
1.0,0.97650564
0.0,0.005409956
1.0,0.99649334
0.0,0.0031291246
0.0,0.023098588
0.0,0.5037952
0.0,0.5907481
0.0,0.06873757
0.0,0.014577448
1.0,0.738086
1.0,0.909055
0.0,0.12636572
0.0,0.023175627
0.0,0.02260521
1.0,0.96938956
0.0,0.025015503
1.0,0.33678526
0.0,0.039027363
1.0,0.9083534
1.0,0.9394046
0.0,0.016227096
0.0,0.02404648
0.0,0.0039359033
1.0,0.9327848
0.0,0.35314724
0.0,0.90036726
1.0,0.9784976
1.0,0.32769984
0.0,0.79718137
0.0,0.017167509
1.0,0.98124367
0.0,0.012229919
0.0,0.008313417
0.0,0.003982812
1.0,0.63203776
0.0,0.059737653
0.0,0.023932815
1.0,0.9517653
1.0,0.80158424
0.0,0.5252644
0.0,0.006848991
0.0,0.008588314
1.0,0.9677844
1.0,0.98800695
1.0,0.6953231
0.0,0.07153323
0.0,0.0025488734
0.0,0.010463595
0.0,0.0013482571
1.0,0.8963351
0.0,0.0015364885
0.0,0.6927576
0.0,0.20588753
0.0,0.5175003
0.0,0.20907289
0.0,0.006738305
0.0,0.1483877
0.0,0.029528469
0.0,0.007809669
1.0,0.14980188
1.0,0.8713312
0.0,0.7266045
0.0,0.12101045
1.0,0.021691531
0.0,0.002931565
1.0,0.9224501
0.0,0.023588508
0.0,0.013670206
1.0,0.95514095
1.0,0.99243444
0.0,0.27567607
0.0,0.04860595
1.0,0.51779914
0.0,0.14460674
0.0,0.19635919
0.0,0.9954142
0.0,0.019112527
1.0,0.8468019
1.0,0.22325045
0.0,0.2675885
0.0,0.0015191734
0.0,0.031000435
1.0,0.9082868
0.0,0.0047948956
1.0,0.3210001
0.0,0.022800475
1.0,0.8682666
1.0,0.64721847
0.0,0.73576677
1.0,0.26746377
0.0,0.6258912
0.0,0.00462088
1.0,0.988348
1.0,0.1662659
0.0,0.018277377
0.0,0.28544104
0.0,0.7805976
0.0,0.94410264
1.0,0.97080135
0.0,0.06454143
0.0,0.33918786
0.0,0.003915131
1.0,0.98166597
0.0,0.03221014
0.0,0.8577708
1.0,0.9670718
0.0,0.0013698637
0.0,0.9034706
0.0,0.03747776
1.0,0.42232168
0.0,0.15261796
1.0,0.9812439
0.0,0.010563821
1.0,0.027780145
1.0,0.55697
1.0,0.9825784
1.0,0.87898755
0.0,0.0031078756
1.0,0.33702603
0.0,0.016602457
1.0,0.99291956
1.0,0.84541905
0.0,0.3093862
1.0,0.7399818
0.0,0.0020817816
1.0,0.6456241
1.0,0.5124145
0.0,0.029067963
0.0,0.98074484
1.0,0.9982966
1.0,0.17365327
0.0,0.12594762
0.0,0.3541349
0.0,0.00080132484
0.0,0.00833413
0.0,0.49615896
1.0,0.92946374
1.0,0.9772259
1.0,0.43976113
1.0,0.75679564
1.0,0.9972639
1.0,0.9873476
0.0,0.5620516
1.0,0.9614812
0.0,0.004225433
0.0,0.018370003
0.0,0.10671541
1.0,0.019204497
1.0,0.7641683
0.0,0.023467153
0.0,0.017648757
0.0,0.87180424
1.0,0.81552327
1.0,0.11517349
1.0,0.8841753
0.0,0.0028381944
0.0,0.98567736
0.0,0.08763996
0.0,0.11540142
0.0,0.03584978
0.0,0.013250172
1.0,0.99016833
1.0,0.93533766
0.0,0.035822988
0.0,0.02041775
0.0,0.804549
0.0,0.7228342
0.0,0.70755
0.0,0.15711603
0.0,0.86854565
1.0,0.78350544
0.0,0.113272846
1.0,0.9475972
0.0,0.0025790036
0.0,0.8624289
0.0,0.05607879
0.0,0.69552255
1.0,0.98188424
1.0,0.82036173
1.0,0.7994612
1.0,0.807542
0.0,0.0016352236
0.0,0.51252824
1.0,0.64563334
1.0,0.931523
0.0,0.2083084
0.0,0.007395953
0.0,0.028451711
1.0,0.78402567
0.0,0.008363932
1.0,0.022523105
0.0,0.01826182
0.0,0.058301687
0.0,0.017485738
0.0,0.015465379
0.0,0.080670476
0.0,0.02167648
0.0,0.14079273
1.0,0.98862207
0.0,0.0028176904
0.0,0.7357151
0.0,0.009753376
1.0,0.27339026
0.0,0.027309686
1.0,0.9957148
0.0,0.008355141
0.0,0.008900553
0.0,0.005714327
0.0,0.07072911
0.0,0.0117940605
0.0,0.0106937885
1.0,0.96642053
0.0,0.07509583
1.0,0.8689591
1.0,0.9779764
0.0,0.017792523
0.0,0.025170177
1.0,0.96446836
1.0,0.99794745
0.0,0.36765987
0.0,0.36492404
0.0,0.073025376
0.0,0.050234437
0.0,0.009814262
1.0,0.37147275
0.0,0.01927182
1.0,0.6664514
1.0,0.49065557
0.0,0.9789873
0.0,0.046066582
0.0,0.007784307
0.0,0.0072757006
0.0,0.8825132
0.0,0.005626619
0.0,0.004812062
0.0,0.8338009
1.0,0.7853761
1.0,0.8423006
0.0,0.023051798
0.0,0.019208789
0.0,0.104475886
1.0,0.95296663
0.0,0.0022203624
0.0,0.012337714
1.0,0.6372847
1.0,0.9857559
0.0,0.22432986
0.0,0.03458649
0.0,0.013493031
1.0,0.97685075
0.0,0.014898181
1.0,0.9821857
1.0,0.7849865
0.0,0.005152166
0.0,0.043952465
0.0,0.014368534
1.0,0.70157033
0.0,0.03755778
1.0,0.7525308
0.0,0.004251957
1.0,0.8082416
0.0,0.040150523
0.0,0.023919255
0.0,0.004873872
1.0,0.99693304
0.0,0.82407695
1.0,0.9952148
1.0,0.9734175
0.0,0.004974693
1.0,0.28529227
0.0,0.04235363
1.0,0.27822688
0.0,0.0031367838
1.0,0.9614146
0.0,0.0017620921
1.0,0.80741346
1.0,0.9871458
1.0,0.99129725
0.0,0.007950395
1.0,0.964658
1.0,0.45035154
0.0,0.008429766
1.0,0.9758572
1.0,0.4803599
1.0,0.045177646
0.0,0.12054909
0.0,0.0064890534
0.0,0.98757744
0.0,0.06046762
