0.0,0.18156302
0.0,0.81104064
1.0,0.26310056
0.0,0.08040032
1.0,0.5225849
0.0,0.027822345
1.0,0.9572247
1.0,0.76048386
1.0,0.73510504
0.0,0.005810231
0.0,0.19966146
1.0,0.9241111
0.0,0.009961218
0.0,0.09765178
0.0,0.030807883
0.0,0.0035036802
1.0,0.17076328
0.0,0.03689137
0.0,0.011112601
1.0,0.68868184
1.0,0.70049375
0.0,0.007162988
1.0,0.95704734
0.0,0.025701314
0.0,0.007400602
1.0,0.6838523
0.0,0.05457169
1.0,0.90519667
0.0,0.022693276
1.0,0.8796871
0.0,0.01608631
0.0,0.2506825
1.0,0.93664694
1.0,0.99069977
1.0,0.8997687
1.0,0.9724544
1.0,0.4859112
0.0,0.029656112
1.0,0.9505721
1.0,0.03642136
1.0,0.96129644
1.0,0.9813005
0.0,0.013910949
1.0,0.97551715
1.0,0.86341643
0.0,0.033459812
0.0,0.0034697652
0.0,0.07949847
0.0,0.018860877
1.0,0.99192953
0.0,0.27146065
1.0,0.78245693
1.0,0.9804636
1.0,0.7449217
0.0,0.014172584
0.0,0.00489074
0.0,0.060901344
1.0,0.0414401
1.0,0.5993989
1.0,0.14786479
1.0,0.98870313
0.0,0.35292596
1.0,0.9879322
1.0,0.8805973
1.0,0.97728336
0.0,0.165766
0.0,0.083883494
1.0,0.9761028
0.0,0.010910153
1.0,0.94508064
0.0,0.24968675
1.0,0.9317111
0.0,0.0019538999
0.0,0.05158347
1.0,0.47832003
0.0,0.08795285
0.0,0.008630216
0.0,0.28192872
0.0,0.01007396
1.0,0.9381991
0.0,0.021463871
1.0,0.9848939
1.0,0.9786938
1.0,0.99796
1.0,0.98330414
1.0,0.82800585
1.0,0.9824158
0.0,0.12779185
0.0,0.021505982
1.0,0.79217863
0.0,0.0053326488
1.0,0.15591535
0.0,0.016652226
0.0,0.7557652
0.0,0.35491407
1.0,0.9627118
0.0,0.023820817
0.0,0.036589265
1.0,0.5234406
1.0,0.98755634
0.0,0.01071623
0.0,0.037854552
1.0,0.023608238
0.0,0.11672813
0.0,0.07211146
1.0,0.84191626
1.0,0.026846081
0.0,0.02251944
1.0,0.014199704
1.0,0.9894758
1.0,0.95296884
0.0,0.064076275
1.0,0.032744795
0.0,0.04939896
0.0,0.038652778
1.0,0.5828122
0.0,0.02922389
1.0,0.267017
1.0,0.53497237
1.0,0.97560465
0.0,0.26568073
1.0,0.9877701
0.0,0.9517598
0.0,0.017838895
0.0,0.28873178
1.0,0.41484943
0.0,0.0084602535
0.0,0.07084814
1.0,0.95953083
1.0,0.6981432
1.0,0.981495
0.0,0.034091473
0.0,0.016296625
1.0,0.24653369
1.0,0.98661363
0.0,0.7700838
0.0,0.013221979
0.0,0.015275568
0.0,0.05620581
0.0,0.021683991
1.0,0.6764395
0.0,0.1434328
1.0,0.07790154
0.0,0.010487735
0.0,0.008103043
0.0,0.0018803477
1.0,0.21356836
0.0,0.009737879
0.0,0.022165954
0.0,0.02332583
0.0,0.08582723
0.0,0.0069358647
0.0,0.011709571
0.0,0.8813088
0.0,0.14266828
1.0,0.9553143
0.0,0.0036614835
0.0,0.006382376
1.0,0.9939517
0.0,0.013930857
0.0,0.12353149
0.0,0.040915757
0.0,0.022636652
0.0,0.1238102
1.0,0.9959406
0.0,0.0981276
1.0,0.91515064
0.0,0.0421665
0.0,0.0058151186
1.0,0.7349793
0.0,0.95146877
0.0,0.96818423
0.0,0.9373169
0.0,0.0018410981
1.0,0.7350509
1.0,0.9048171
0.0,0.050582528
1.0,0.6560351
0.0,0.3948856
1.0,0.96837807
1.0,0.7980923
1.0,0.9682398
1.0,0.9804117
1.0,0.9798535
0.0,0.84072655
0.0,0.0028298497
0.0,0.00710997
0.0,0.98052573
0.0,0.072658
0.0,0.035385936
1.0,0.19957095
0.0,0.002179414
0.0,0.81541675
1.0,0.97537374
1.0,0.84114325
1.0,0.9947165
0.0,0.0051679015
0.0,0.038684636
0.0,0.0051046014
1.0,0.06718752
0.0,0.22243994
0.0,0.13350478
0.0,0.7182391
0.0,0.36523056
0.0,0.12543935
1.0,0.038953185
0.0,0.0305368
1.0,0.18352774
0.0,0.0035530925
0.0,0.032348752
0.0,0.006193131
1.0,0.9557626
0.0,0.039043427
0.0,0.06139028
0.0,0.033553004
0.0,0.008510619
0.0,0.91744184
0.0,0.21066579
1.0,0.9915407
0.0,0.012262851
0.0,0.010988265
1.0,0.30122072
1.0,0.98830605
0.0,0.26358995
0.0,0.016402066
0.0,0.003352642
0.0,0.0759891
0.0,0.03440851
0.0,0.12316361
1.0,0.9690356
0.0,0.06447932
1.0,0.33493158
0.0,0.0070495307
1.0,0.19328883
1.0,0.4823704
0.0,0.028574705
0.0,0.058101237
0.0,0.030331135
1.0,0.8875371
1.0,0.75320244
1.0,0.98711276
1.0,0.7941103
0.0,0.021450788
0.0,0.84783924
1.0,0.9843637
0.0,0.4697366
0.0,0.006855577
0.0,0.013045579
0.0,0.102724314
0.0,0.077328295
0.0,0.025145024
0.0,0.11194259
1.0,0.50440454
0.0,0.033584505
0.0,0.05882889
0.0,0.036695182
1.0,0.9070565
1.0,0.97078943
0.0,0.028844953
0.0,0.13407779
0.0,0.03211397
1.0,0.98797023
0.0,0.035101026
0.0,0.0028727055
0.0,0.024986506
0.0,0.017486125
1.0,0.98945177
1.0,0.93310094
1.0,0.98141646
0.0,0.0193578
1.0,0.9284514
0.0,0.028638989
0.0,0.043817192
0.0,0.30466595
1.0,0.96760833
1.0,0.41316748
0.0,0.0037843883
0.0,0.036335617
1.0,0.8613501
1.0,0.3102586
0.0,0.02797237
1.0,0.07764989
1.0,0.9866574
0.0,0.7331769
0.0,0.20065874
0.0,0.06124842
0.0,0.027906775
0.0,0.34158146
0.0,0.026567668
1.0,0.9885107
0.0,0.019045115
0.0,0.021689296
1.0,0.9972092
0.0,0.011326313
1.0,0.9613024
1.0,0.025829792
1.0,0.9169128
1.0,0.8697692
1.0,0.9650228
0.0,0.04484874
1.0,0.9381028
0.0,0.83788604
1.0,0.9963854
0.0,0.5272285
0.0,0.24410549
0.0,0.035848975
0.0,0.044121176
0.0,0.20598298
1.0,0.9836751
0.0,0.9546883
1.0,0.7721956
0.0,0.88955104
1.0,0.86367416
1.0,0.98712516
0.0,0.02365473
0.0,0.007260561
0.0,0.01977384
1.0,0.9381005
1.0,0.10668051
0.0,0.0037702322
0.0,0.002075255
0.0,0.008135527
0.0,0.022844523
1.0,0.9446152
1.0,0.7323536
0.0,0.026197135
0.0,0.052387476
1.0,0.7736764
1.0,0.9862217
1.0,0.25819147
0.0,0.050712615
0.0,0.765546
0.0,0.006112486
0.0,0.6498226
1.0,0.9876677
1.0,0.82613
0.0,0.036379933
0.0,0.037669778
0.0,0.0069052875
0.0,0.5255233
0.0,0.0050391853
0.0,0.31286192
1.0,0.40540108
0.0,0.14762634
0.0,0.02983898
0.0,0.052153647
0.0,0.36706978
0.0,0.82992864
0.0,0.025434226
0.0,0.0067053735
1.0,0.5138442
0.0,0.038776934
1.0,0.7463168
0.0,0.0042180717
0.0,0.13854107
0.0,0.20017526
0.0,0.002297759
0.0,0.97976756
1.0,0.57081753
1.0,0.9212794
0.0,0.6593275
1.0,0.8686668
0.0,0.010919362
0.0,0.469598
0.0,0.35675153
0.0,0.35834372
0.0,0.017371744
0.0,0.002471298
1.0,0.2571391
0.0,0.017230958
1.0,0.9854686
0.0,0.03826478
1.0,0.3638245
0.0,0.14338014
1.0,0.060756147
1.0,0.9708017
1.0,0.96595085
0.0,0.0036427975
0.0,0.03271684
1.0,0.9671372
0.0,0.03555855
0.0,0.024311662
1.0,0.019539326
1.0,0.9814378
0.0,0.20970368
1.0,0.9737693
1.0,0.98871803
0.0,0.5745189
0.0,0.035641342
0.0,0.27392787
0.0,0.03352028
0.0,0.01447621
0.0,0.048864424
1.0,0.9801935
0.0,0.11548853
1.0,0.86964273
1.0,0.21146181
0.0,0.015244216
0.0,0.07161385
0.0,0.86724174
1.0,0.9845509
1.0,0.97150785
1.0,0.4078346
0.0,0.18268213
1.0,0.97441024
1.0,0.9048979
0.0,0.002734214
0.0,0.19305855
0.0,0.85106003
0.0,0.84481996
1.0,0.9692626
0.0,0.027353466
1.0,0.36346108
0.0,0.7849281
0.0,0.058262855
0.0,0.028481066
0.0,0.011068881
0.0,0.012415826
0.0,0.023668826
0.0,0.025193095
0.0,0.012920946
0.0,0.024075747
0.0,0.3954708
0.0,0.11818585
0.0,0.017493516
0.0,0.29412478
0.0,0.025837153
1.0,0.66851115
0.0,0.14973548
1.0,0.9769008
0.0,0.022675037
0.0,0.01246345
0.0,0.005492419
0.0,0.90110105
0.0,0.552586
0.0,0.08135748
0.0,0.041171014
0.0,0.0023660064
0.0,0.021408528
0.0,0.024436176
0.0,0.6592472
1.0,0.94160044
0.0,0.027527303
0.0,0.012234271
0.0,0.4656768
0.0,0.036569327
1.0,0.5862709
0.0,0.8429494
1.0,0.3540439
0.0,0.0053359866
0.0,0.17297599
1.0,0.9724254
0.0,0.9063112
1.0,0.84576666
1.0,0.95274764
1.0,0.93636525
1.0,0.9742292
0.0,0.0053727925
1.0,0.7668724
0.0,0.010774732
0.0,0.023443043
0.0,0.1040602
1.0,0.9954891
0.0,0.0070010126
0.0,0.025943846
1.0,0.4942162
1.0,0.99878883
0.0,0.07809487
0.0,0.0036082566
1.0,0.71616626
0.0,0.051347047
1.0,0.7331657
0.0,0.36509687
0.0,0.24743253
1.0,0.89117134
0.0,0.7891977
0.0,0.0052158833
1.0,0.062760174
0.0,0.023688138
1.0,0.99340284
0.0,0.0034705698
1.0,0.42597428
1.0,0.5499231
1.0,0.7719494
1.0,0.982703
0.0,0.13385183
0.0,0.032515854
1.0,0.8293897
0.0,0.018719405
0.0,0.2711686
1.0,0.84215945
1.0,0.8843603
1.0,0.9676389
0.0,0.0058909953
1.0,0.9632588
1.0,0.88864434
0.0,0.09478715
1.0,0.97563493
0.0,0.28366983
1.0,0.89146924
1.0,0.92879814
0.0,0.8397434
0.0,0.57916516
1.0,0.36355996
0.0,0.26061153
1.0,0.97451437
0.0,0.92791116
0.0,0.025824636
0.0,0.8813503
1.0,0.9943845
0.0,0.0026693344
0.0,0.0055655837
0.0,0.78403485
1.0,0.36965722
0.0,0.029726863
0.0,0.0047818124
0.0,0.06311464
0.0,0.7507388
1.0,0.5492444
1.0,0.91337085
0.0,0.077216595
0.0,0.6124232
0.0,0.08042234
0.0,0.060880065
0.0,0.017182082
1.0,0.9532367
0.0,0.027238399
1.0,0.96440136
0.0,0.77839875
0.0,0.16855386
1.0,0.805957
0.0,0.014705211
0.0,0.052874
0.0,0.025474757
0.0,0.00384593
0.0,0.11605945
0.0,0.0031557977
0.0,0.021767974
0.0,0.029208481
1.0,0.87772965
1.0,0.98898166
0.0,0.0031539202
0.0,0.03278306
1.0,0.9750616
0.0,0.012367517
1.0,0.922333
0.0,0.17413318
0.0,0.0030850768
1.0,0.8853736
0.0,0.092312306
1.0,0.563093
0.0,0.22358963
1.0,0.2515823
0.0,0.025637507
0.0,0.034724206
0.0,0.68424624
1.0,0.98389816
0.0,0.0035015047
0.0,0.033109546
0.0,0.011773914
0.0,0.9702151
1.0,0.41413963
0.0,0.016534358
0.0,0.00782907
1.0,0.9678991
1.0,0.0307208
0.0,0.12980399
1.0,0.7662295
0.0,0.04299736
0.0,0.123343945
1.0,0.9631352
1.0,0.99569166
0.0,0.3395698
1.0,0.96656615
1.0,0.97808194
0.0,0.018557698
0.0,0.032422304
0.0,0.032452017
1.0,0.05428475
0.0,0.0029634833
0.0,0.034052134
0.0,0.0054674745
1.0,0.99536884
1.0,0.43786767
0.0,0.0074530244
1.0,0.5115053
1.0,0.04982069
0.0,0.37858826
1.0,0.95091736
0.0,0.046642184
1.0,0.94648194
0.0,0.06684238
1.0,0.9322875
0.0,0.020888597
0.0,0.014130622
1.0,0.8250359
0.0,0.006880343
1.0,0.90215516
0.0,0.032159537
0.0,0.015491605
0.0,0.014264822
1.0,0.7802559
0.0,0.27049345
1.0,0.4878539
0.0,0.00365901
1.0,0.30293685
1.0,0.36171648
0.0,0.0033564866
1.0,0.983567
1.0,0.9740528
1.0,0.15969777
1.0,0.8785831
0.0,0.02668026
0.0,0.014725
0.0,0.7997719
1.0,0.94595146
1.0,0.48913977
0.0,0.023476154
0.0,0.033066213
0.0,0.09500846
1.0,0.91198814
0.0,0.32711056
1.0,0.0071411133
1.0,0.96906114
0.0,0.02016893
0.0,0.036492676
1.0,0.9863212
0.0,0.7577509
1.0,0.98124087
0.0,0.72731423
0.0,0.032728463
0.0,0.01903367
1.0,0.05788493
0.0,0.03135538
1.0,0.9851342
0.0,0.014679432
1.0,0.4383126
0.0,0.5062108
0.0,0.078186035
1.0,0.046370953
1.0,0.33092993
1.0,0.72108835
1.0,0.95526767
0.0,0.032365084
0.0,0.021847874
0.0,0.32626867
0.0,0.0023617148
1.0,0.9745805
1.0,0.8116139
0.0,0.0027287602
0.0,0.014081687
0.0,0.0037975907
1.0,0.78378004
0.0,0.024321169
0.0,0.029821545
0.0,0.054457337
0.0,0.1473889
0.0,0.024666935
0.0,0.18534064
1.0,0.8921494
0.0,0.9465804
1.0,0.36237556
0.0,0.042527825
0.0,0.25172955
1.0,0.74886554
1.0,0.885885
1.0,0.9562606
0.0,0.021484584
0.0,0.18852079
1.0,0.13882014
0.0,0.0036908388
0.0,0.03202027
0.0,0.15560097
1.0,0.9146184
0.0,0.039325774
0.0,0.055627555
1.0,0.98736787
0.0,0.13080621
1.0,0.9962062
1.0,0.93476576
1.0,0.9847237
0.0,0.012767911
1.0,0.97817206
1.0,0.7529894
0.0,0.036044747
1.0,0.23610741
0.0,0.0153926015
0.0,0.15284163
0.0,0.08010036
0.0,0.0028313398
1.0,0.8785481
1.0,0.29276985
1.0,0.99531484
1.0,0.9735006
1.0,0.989498
0.0,0.5336575
0.0,0.9814925
1.0,0.9854013
0.0,0.025738478
1.0,0.6734247
1.0,0.9913608
0.0,0.04351908
1.0,0.06255695
1.0,0.49718028
0.0,0.023795009
0.0,0.025500983
0.0,0.010518074
0.0,0.028050661
1.0,0.4827221
1.0,0.9820937
0.0,0.007247716
0.0,0.022143275
1.0,0.056962937
1.0,0.70013857
1.0,0.053714007
0.0,0.02947867
1.0,0.7032337
1.0,0.10659692
0.0,0.025549442
0.0,0.2588079
1.0,0.90299
1.0,0.990579
0.0,0.4003135
1.0,0.8187293
0.0,0.07868606
0.0,0.8532413
1.0,0.98450303
0.0,0.6902339
1.0,0.9777015
0.0,0.819106
0.0,0.18611532
0.0,0.07791197
1.0,0.95040673
1.0,0.3809237
0.0,0.012382209
0.0,0.011594325
1.0,0.7793026
0.0,0.020104468
1.0,0.9855434
1.0,0.90981096
1.0,0.8392995
0.0,0.048889518
0.0,0.85349154
0.0,0.84850794
0.0,0.012300938
0.0,0.0021884441
1.0,0.99713826
0.0,0.28813094
0.0,0.018225878
1.0,0.9735468
0.0,0.022667378
1.0,0.05435279
1.0,0.8403548
0.0,0.013465792
0.0,0.26505274
0.0,0.78211486
0.0,0.01201874
0.0,0.0019418299
0.0,0.0127593875
0.0,0.013359338
0.0,0.92030853
1.0,0.6187414
1.0,0.9555518
0.0,0.70666856
0.0,0.4828066
0.0,0.009379417
0.0,0.040037334
0.0,0.014505953
1.0,0.033269256
0.0,0.017751515
0.0,0.003213197
1.0,0.9962894
1.0,0.7030522
0.0,0.010820568
0.0,0.9795024
0.0,0.0020549893
0.0,0.037033886
0.0,0.0022985637
0.0,0.03141597
1.0,0.9237644
1.0,0.7618872
1.0,0.9154997
0.0,0.0029166043
1.0,0.81989807
1.0,0.95863795
0.0,0.05466339
0.0,0.002166152
1.0,0.7900475
1.0,0.17954192
1.0,0.8814767
1.0,0.9633455
1.0,0.773082
0.0,0.05805102
0.0,0.2734306
1.0,0.36423826
0.0,0.01004985
1.0,0.9516454
0.0,0.010201722
1.0,0.5563431
0.0,0.027512848
0.0,0.18986908
0.0,0.016012192
0.0,0.014589846
0.0,0.19022945
0.0,0.002666682
0.0,0.003134936
0.0,0.029226571
0.0,0.6550779
0.0,0.0032922924
0.0,0.009168625
1.0,0.9445425
1.0,0.7692599
1.0,0.982932
0.0,0.9749764
0.0,0.59243846
0.0,0.8735279
0.0,0.029848337
1.0,0.98705775
1.0,0.24276382
1.0,0.9335197
1.0,0.9893745
0.0,0.91272295
0.0,0.014300913
0.0,0.005646497
1.0,0.83385587
0.0,0.01563242
1.0,0.0066022277
1.0,0.9829819
0.0,0.085469246
0.0,0.013849288
0.0,0.010573506
0.0,0.75794744
1.0,0.91426635
1.0,0.9679122
0.0,0.031932205
1.0,0.9402052
1.0,0.7394384
0.0,0.6210188
0.0,0.026393443
1.0,0.36726105
0.0,0.0021906495
0.0,0.079523385
0.0,0.0043238103
0.0,0.2869745
0.0,0.027358651
1.0,0.47289303
0.0,0.034260184
0.0,0.58205324
1.0,0.98494875
1.0,0.9152143
0.0,0.5627438
0.0,0.5215774
1.0,0.73584926
0.0,0.09809324
0.0,0.0016477108
1.0,0.5244593
0.0,0.058664918
0.0,0.020764738
0.0,0.032984585
1.0,0.9810779
0.0,0.17290583
1.0,0.84365237
1.0,0.9749037
1.0,0.99808466
0.0,0.015754223
1.0,0.8107299
0.0,0.037963957
1.0,0.96226394
0.0,0.07536319
1.0,0.97423655
0.0,0.01961732
0.0,0.023663044
1.0,0.9825896
0.0,0.009675175
0.0,0.0087919235
1.0,0.6328467
1.0,0.8868685
1.0,0.060078114
1.0,0.71915984
1.0,0.55888563
1.0,0.9731946
1.0,0.77095693
0.0,0.015401334
1.0,0.06380591
1.0,0.99282396
0.0,0.070206046
0.0,0.005412191
0.0,0.0028996468
1.0,0.53234124
0.0,0.014933765
0.0,0.07496077
0.0,0.25688556
1.0,0.9744015
0.0,0.007826269
0.0,0.08618176
1.0,0.5881431
1.0,0.9575193
1.0,0.9076303
1.0,0.11700058
0.0,0.98650175
0.0,0.0710966
0.0,0.05281976
0.0,0.035699934
0.0,0.0037153661
0.0,0.055672884
0.0,0.033127695
1.0,0.048879206
1.0,0.9586625
0.0,0.03734222
1.0,0.89205945
0.0,0.010871172
0.0,0.00219813
1.0,0.98969156
0.0,0.01478073
0.0,0.8900878
0.0,0.01127249
0.0,0.12587306
0.0,0.031091899
0.0,0.012151718
0.0,0.95374763
1.0,0.73890954
0.0,0.042977452
0.0,0.15396893
1.0,0.9128474
0.0,0.005331248
1.0,0.8608233
0.0,0.03305462
0.0,0.0038443804
0.0,0.01501447
0.0,0.19896054
0.0,0.0026464164
0.0,0.009832412
0.0,0.027592659
0.0,0.028558075
0.0,0.8181236
1.0,0.7184245
0.0,0.040365517
1.0,0.7413454
0.0,0.5701522
1.0,0.048202425
0.0,0.0603486
0.0,0.0051256716
0.0,0.05960092
1.0,0.96259475
1.0,0.037299126
1.0,0.2071611
0.0,0.02343595
0.0,0.5479129
1.0,0.85711586
0.0,0.015331477
0.0,0.049352378
1.0,0.24882281
0.0,0.009695768
1.0,0.9570266
1.0,0.16263145
0.0,0.010200381
1.0,0.43885115
0.0,0.1074917
1.0,0.1364963
0.0,0.33016345
1.0,0.994649
0.0,0.0017380714
0.0,0.9855752
0.0,0.05244723
0.0,0.034235686
0.0,0.0064519346
0.0,0.05227688
0.0,0.01989922
1.0,0.9614864
0.0,0.004965961
0.0,0.002404511
0.0,0.0013891459
0.0,0.094790995
0.0,0.1240218
1.0,0.09691322
0.0,0.44894567
0.0,0.091448456
1.0,0.5197922
0.0,0.52073723
1.0,0.9703452
0.0,0.7200594
1.0,0.93580043
1.0,0.9498394
0.0,0.009245753
1.0,0.9975338
0.0,0.57992387
0.0,0.020390838
0.0,0.028074175
0.0,0.06594485
1.0,0.06951165
1.0,0.9910818
0.0,0.043342978
0.0,0.27513504
1.0,0.99572647
0.0,0.038766444
1.0,0.6215433
1.0,0.025865257
1.0,0.8096626
0.0,0.024713218
1.0,0.64189017
0.0,0.017915726
1.0,0.9128572
1.0,0.1400485
0.0,0.16549653
0.0,0.7916094
0.0,0.022327006
0.0,0.15215442
1.0,0.7762025
1.0,0.9539477
1.0,0.9867035
0.0,0.025038213
0.0,0.0028590858
1.0,0.9775288
0.0,0.9573697
0.0,0.0018178225
0.0,0.01879546
1.0,0.66107464
0.0,0.042956084
0.0,0.0145667195
0.0,0.07730961
0.0,0.041753888
1.0,0.74649096
1.0,0.9790521
0.0,0.083812535
0.0,0.027770102
0.0,0.0119384825
1.0,0.9901046
0.0,0.031995296
0.0,0.8326159
1.0,0.90242517
0.0,0.008680433
0.0,0.73954654
1.0,0.98184764
0.0,0.05097419
1.0,0.28174973
1.0,0.12960231
0.0,0.029692411
0.0,0.03661719
0.0,0.00598526
0.0,0.011432767
1.0,0.98417133
1.0,0.9977803
1.0,0.9872358
1.0,0.1369927
0.0,0.873911
0.0,0.031188816
1.0,0.7459695
1.0,0.9919057
0.0,0.05807987
0.0,0.026510537
1.0,0.6252809
0.0,0.0108166635
1.0,0.69612074
0.0,0.009732783
0.0,0.20832148
1.0,0.9816447
0.0,0.03480172
0.0,0.0027616918
0.0,0.028912991
0.0,0.033233166
0.0,0.31786203
1.0,0.06750819
0.0,0.037964523
1.0,0.98219025
0.0,0.1305171
1.0,0.9736091
0.0,0.1785562
1.0,0.7679912
1.0,0.97632754
1.0,0.99444044
0.0,0.9450985
0.0,0.0024893284
1.0,0.22326061
0.0,0.05994296
0.0,0.03700182
1.0,0.90794605
1.0,0.16872942
0.0,0.17581567
1.0,0.94110477
1.0,0.9810915
0.0,0.89617014
0.0,0.017483026
0.0,0.7949013
0.0,0.00989306
0.0,0.002353102
0.0,0.9155911
1.0,0.97731316
1.0,0.98969436
1.0,0.9591259
0.0,0.0023233593
0.0,0.010935903
0.0,0.013099968
0.0,0.020878404
0.0,0.033219606
0.0,0.04584828
1.0,0.8882258
1.0,0.9612037
1.0,0.66520095
0.0,0.08752459
0.0,0.02131328
1.0,0.89561707
0.0,0.13089675
0.0,0.48734573
1.0,0.92732406
0.0,0.78472835
0.0,0.91578
1.0,0.8040386
0.0,0.044731855
1.0,0.677707
1.0,0.9094101
0.0,0.9567779
0.0,0.014334589
1.0,0.9972605
0.0,0.0058731437
0.0,0.48871747
1.0,0.7909003
1.0,0.97822446
1.0,0.7856633
1.0,0.95497096
0.0,0.97340345
0.0,0.022629857
0.0,0.005676776
1.0,0.8068279
0.0,0.986477
1.0,0.83133614
0.0,0.79927504
1.0,0.916335
1.0,0.75981414
0.0,0.05790177
0.0,0.027010411
0.0,0.004907489
0.0,0.37947947
0.0,0.029237926
0.0,0.010742873
1.0,0.44212544
1.0,0.12137434
0.0,0.9125712
1.0,0.97732955
1.0,0.7236885
0.0,0.004737556
0.0,0.18583238
1.0,0.8920475
1.0,0.18717474
0.0,0.014380008
0.0,0.10951254
0.0,0.013356626
0.0,0.024554163
1.0,0.6044624
1.0,0.9593377
0.0,0.04338625
0.0,0.002343148
0.0,0.04887256
0.0,0.14900681
0.0,0.018479496
0.0,0.025532901
0.0,0.9520838
0.0,0.46861792
0.0,0.013841927
0.0,0.03158903
0.0,0.13488984
1.0,0.98670053
1.0,0.8723359
0.0,0.011999965
0.0,0.024638563
0.0,0.002126485
0.0,0.003429532
0.0,0.08479491
0.0,0.33521304
0.0,0.02892378
0.0,0.2734418
1.0,0.95074546
1.0,0.9950277
1.0,0.8969779
1.0,0.8981904
1.0,0.9890877
0.0,0.54136133
0.0,0.042569727
0.0,0.032853603
0.0,0.0427863
1.0,0.79422903
0.0,0.02232337
1.0,0.93011105
0.0,0.04028377
0.0,0.38595003
0.0,0.8951687
0.0,0.034379512
0.0,0.04332784
0.0,0.12940598
0.0,0.2767173
0.0,0.013053864
1.0,0.8849466
1.0,0.23274717
0.0,0.120560795
0.0,0.14934117
0.0,0.011346936
0.0,0.009420246
1.0,0.98238003
0.0,0.01311174
1.0,0.066544205
0.0,0.036268443
1.0,0.4692065
0.0,0.008070588
0.0,0.10148823
1.0,0.90789336
0.0,0.0024142265
1.0,0.9637252
0.0,0.057382792
0.0,0.46566984
0.0,0.21858841
0.0,0.003445357
0.0,0.0038378239
1.0,0.9450862
1.0,0.9906311
0.0,0.44534808
0.0,0.031960845
0.0,0.014352232
0.0,0.14990446
1.0,0.86429083
0.0,0.747853
1.0,0.18303633
1.0,0.33446512
0.0,0.7568374
0.0,0.039057314
0.0,0.052643508
0.0,0.02618879
0.0,0.05824864
0.0,0.031000525
0.0,0.045937568
0.0,0.76167
0.0,0.18414506
1.0,0.9214845
0.0,0.9887507
0.0,0.013616294
1.0,0.91864383
0.0,0.022434294
0.0,0.03963518
0.0,0.0031542182
0.0,0.03006047
1.0,0.062001884
1.0,0.9773935
1.0,0.9746955
0.0,0.015286624
0.0,0.005308956
0.0,0.018397361
0.0,0.37455076
0.0,0.5074845
0.0,0.74622256
1.0,0.9942226
1.0,0.9785817
1.0,0.92983747
0.0,0.023838073
1.0,0.9900068
1.0,0.58409345
0.0,0.033338666
1.0,0.9732975
0.0,0.015713036
0.0,0.0122923255
0.0,0.60448015
1.0,0.9868333
1.0,0.978739
1.0,0.7768663
0.0,0.8953574
0.0,0.27780867
0.0,0.013778746
1.0,0.97751987
1.0,0.98060703
1.0,0.9641484
1.0,0.87321687
0.0,0.0285604
0.0,0.02160114
0.0,0.030318826
0.0,0.3256323
1.0,0.9707291
0.0,0.01624456
0.0,0.0670501
0.0,0.10712391
1.0,0.26975965
0.0,0.026450813
0.0,0.14705649
0.0,0.07311684
0.0,0.30268458
0.0,0.015855491
0.0,0.10815647
0.0,0.016610682
0.0,0.18333378
0.0,0.0032950938
1.0,0.9869033
1.0,0.18449995
0.0,0.16440362
0.0,0.9863119
0.0,0.05591762
1.0,0.9000058
0.0,0.009309173
0.0,0.025509208
0.0,0.50084186
0.0,0.010778159
1.0,0.948057
0.0,0.012313545
0.0,0.06894916
1.0,0.5165058
1.0,0.94202954
1.0,0.941992
0.0,0.028500438
0.0,0.11096004
1.0,0.8217969
1.0,0.978574
1.0,0.9880457
0.0,0.8633015
0.0,0.45335582
0.0,0.0023626685
1.0,0.06510782
1.0,0.99017805
0.0,0.016649663
0.0,0.7471784
1.0,0.73764145
1.0,0.98197407
0.0,0.013068676
1.0,0.83408594
1.0,0.27056417
0.0,0.019267112
1.0,0.17700222
0.0,0.0482713
0.0,0.0068536103
0.0,0.96045864
0.0,0.030859292
1.0,0.74599004
0.0,0.23739034
1.0,0.798521
1.0,0.78223395
1.0,0.6624752
0.0,0.0057473183
0.0,0.41060913
1.0,0.51800215
0.0,0.0025619566
1.0,0.71763504
1.0,0.8637376
0.0,0.96774375
0.0,0.0384461
1.0,0.047155857
1.0,0.98672193
0.0,0.0045457184
1.0,0.7650981
1.0,0.22603345
1.0,0.8898662
1.0,0.99409413
1.0,0.23745418
1.0,0.97591364
0.0,0.02729255
0.0,0.266863
0.0,0.03493756
1.0,0.94783545
1.0,0.29819873
0.0,0.043249756
0.0,0.024148792
1.0,0.09772763
0.0,0.0072216094
1.0,0.9891504
0.0,0.09725878
1.0,0.8685302
1.0,0.96882355
0.0,0.18155977
1.0,0.30116683
0.0,0.026442647
1.0,0.99450004
1.0,0.954458
1.0,0.15879408
0.0,0.02773887
0.0,0.025580943
1.0,0.790071
0.0,0.082087696
1.0,0.9057591
0.0,0.024872422
0.0,0.89690477
0.0,0.056816906
0.0,0.2787677
0.0,0.0046953857
0.0,0.14810407
0.0,0.1241498
1.0,0.96856254
1.0,0.12886506
0.0,0.015524447
1.0,0.9899155
1.0,0.87419695
0.0,0.90070987
0.0,0.798014
0.0,0.07139602
0.0,0.0133781135
0.0,0.02326104
0.0,0.047871917
1.0,0.36819452
1.0,0.991025
0.0,0.004657209
0.0,0.0040813684
0.0,0.80786926
0.0,0.9404624
0.0,0.0911462
1.0,0.93097085
0.0,0.08145642
0.0,0.056137085
1.0,0.9046254
1.0,0.9702689
0.0,0.037495583
0.0,0.13296694
0.0,0.006947577
1.0,0.93625975
1.0,0.9070059
0.0,0.026195854
0.0,0.025298
0.0,0.0056619346
0.0,0.12521648
0.0,0.006091863
1.0,0.98351306
1.0,0.78910327
1.0,0.12405127
0.0,0.002420187
1.0,0.18455365
0.0,0.4375412
1.0,0.9919289
1.0,0.39084435
0.0,0.0040850937
0.0,0.0024121404
0.0,0.0076556504
0.0,0.7687838
0.0,0.34044844
1.0,0.9973558
0.0,0.79050076
0.0,0.6436703
0.0,0.01656866
0.0,0.0020580888
0.0,0.21509647
0.0,0.07873011
0.0,0.04691699
1.0,0.82634073
1.0,0.9859868
0.0,0.0031078756
0.0,0.79990035
0.0,0.62788177
0.0,0.04960236
1.0,0.98829615
0.0,0.036361873
0.0,0.12785137
1.0,0.27520734
0.0,0.90827703
0.0,0.017419904
0.0,0.0095226765
0.0,0.0060070753
1.0,0.99473083
1.0,0.9349195
0.0,0.0069979727
1.0,0.43018192
1.0,0.9710818
1.0,0.971737
0.0,0.24907795
0.0,0.11675182
1.0,0.9636097
1.0,0.97762334
0.0,0.0092999935
1.0,0.9734739
0.0,0.025077224
1.0,0.93105125
1.0,0.92323637
1.0,0.9260893
0.0,0.017929226
1.0,0.69847554
1.0,0.3762141
0.0,0.12799898
0.0,0.050949425
0.0,0.98635817
0.0,0.04029584
0.0,0.022455156
0.0,0.0053670406
1.0,0.99675584
0.0,0.07294509
0.0,0.07897627
0.0,0.22107151
0.0,0.0053004026
0.0,0.0549531
0.0,0.026533693
1.0,0.84315526
0.0,0.016110927
0.0,0.025585592
0.0,0.4200728
1.0,0.8674317
1.0,0.8891107
1.0,0.9427285
1.0,0.97919846
0.0,0.011690468
0.0,0.045494765
0.0,0.013707697
0.0,0.09850553
0.0,0.7418656
0.0,0.012946755
1.0,0.962476
0.0,0.66856307
1.0,0.10750994
1.0,0.042939603
1.0,0.8028685
0.0,0.035663962
0.0,0.01063019
0.0,0.003233403
0.0,0.0063215196
1.0,0.3420663
1.0,0.9713519
1.0,0.7885043
1.0,0.8872175
1.0,0.9947697
0.0,0.016172081
0.0,0.04328707
0.0,0.9093728
0.0,0.010258466
1.0,0.9708914
0.0,0.004029602
0.0,0.8440194
1.0,0.98618835
1.0,0.7374453
0.0,0.016386002
0.0,0.11396572
0.0,0.23460776
0.0,0.5160287
1.0,0.75743324
0.0,0.9933255
0.0,0.38563573
1.0,0.9955692
0.0,0.077920765
1.0,0.9732396
1.0,0.96648276
0.0,0.0025412738
0.0,0.7689023
0.0,0.005374551
0.0,0.020738512
1.0,0.77808696
0.0,0.017365843
0.0,0.06816277
0.0,0.35442203
0.0,0.0041181147
1.0,0.9849651
1.0,0.17844012
1.0,0.9195587
1.0,0.9346509
0.0,0.7306336
0.0,0.032372564
1.0,0.8598112
0.0,0.01327467
1.0,0.4081936
0.0,0.034101218
1.0,0.9665967
1.0,0.9900223
0.0,0.3078607
0.0,0.13599882
0.0,0.4170939
0.0,0.025952756
0.0,0.011366606
0.0,0.02478695
1.0,0.90016764
0.0,0.010579586
0.0,0.17415106
0.0,0.41574064
0.0,0.08510354
0.0,0.011793107
0.0,0.0026385486
0.0,0.6793305
0.0,0.003070742
0.0,0.002665341
0.0,0.03095901
0.0,0.10842678
0.0,0.019462526
1.0,0.1179955
0.0,0.07555762
1.0,0.985593
0.0,0.005512327
0.0,0.0029309988
1.0,0.8382875
0.0,0.010086149
1.0,0.9803259
0.0,0.09363285
1.0,0.9584693
0.0,0.7531189
0.0,0.032336354
1.0,0.7067133
1.0,0.19738072
0.0,0.0055978596
0.0,0.060964227
0.0,0.002690971
0.0,0.0034915507
0.0,0.006488979
0.0,0.7916646
1.0,0.9662917
1.0,0.76951474
0.0,0.13803005
0.0,0.009500623
1.0,0.773149
1.0,0.9138068
1.0,0.8100613
0.0,0.0020561218
1.0,0.04673165
0.0,0.21866915
1.0,0.48721278
0.0,0.0017068386
1.0,0.78330255
0.0,0.0043102205
0.0,0.09400594
0.0,0.042553186
0.0,0.91879857
1.0,0.96523786
0.0,0.053361624
0.0,0.11606726
1.0,0.9873551
0.0,0.015475571
0.0,0.8983607
0.0,0.6769717
1.0,0.9896499
0.0,0.6745947
0.0,0.02869901
0.0,0.9870761
1.0,0.9710583
0.0,0.002470374
0.0,0.79869056
0.0,0.050052226
1.0,0.53679955
0.0,0.03196165
1.0,0.98667085
0.0,0.26910663
1.0,0.7759313
1.0,0.9953309
0.0,0.96860725
1.0,0.9694426
1.0,0.9943913
0.0,0.011965364
0.0,0.95380384
0.0,0.013219595
1.0,0.9864466
0.0,0.26858032
1.0,0.35883626
1.0,0.5056133
0.0,0.018722683
1.0,0.9684802
0.0,0.17683241
1.0,0.5052189
0.0,0.7085269
1.0,0.1621291
0.0,0.7896892
1.0,0.020100504
0.0,0.5503137
0.0,0.015178442
0.0,0.009718776
0.0,0.017033279
0.0,0.01658547
0.0,0.0023224056
0.0,0.004455179
0.0,0.3035518
0.0,0.05516401
0.0,0.47821805
0.0,0.2716239
0.0,0.03344047
1.0,0.96845293
1.0,0.30409116
0.0,0.65300673
1.0,0.02568984
0.0,0.04815188
0.0,0.22800848
0.0,0.8673922
0.0,0.07208359
0.0,0.047646403
0.0,0.15253946
1.0,0.9325874
0.0,0.0040234923
0.0,0.0088
1.0,0.014099479
0.0,0.007967353
1.0,0.9379509
0.0,0.11738655
0.0,0.029484004
1.0,0.8837166
0.0,0.014449298
1.0,0.9606911
0.0,0.0072948337
0.0,0.0025261343
0.0,0.011904836
1.0,0.97921026
0.0,0.0208641
1.0,0.1263783
1.0,0.75570416
0.0,0.9875461
0.0,0.0024089217
1.0,0.018861026
0.0,0.006786138
0.0,0.061873853
0.0,0.83273256
0.0,0.0033814907
0.0,0.8513101
0.0,0.96255285
1.0,0.60154927
0.0,0.023237675
1.0,0.86718506
0.0,0.0031042695
0.0,0.003676623
0.0,0.004057467
1.0,0.90200895
1.0,0.98462737
0.0,0.29771346
0.0,0.3755815
0.0,0.004426241
0.0,0.08866283
0.0,0.052724868
0.0,0.011353642
0.0,0.0020080805
1.0,0.13738546
1.0,0.92511153
0.0,0.029907703
0.0,0.9839761
1.0,0.13605303
0.0,0.002632767
1.0,0.9399995
0.0,0.0053063035
0.0,0.02876079
1.0,0.9586982
0.0,0.772622
1.0,0.23966092
1.0,0.9775671
1.0,0.987654
0.0,0.3967299
0.0,0.023219973
0.0,0.1363582
1.0,0.95395225
0.0,0.47184682
1.0,0.98948354
0.0,0.028469503
0.0,0.020386904
0.0,0.14213711
1.0,0.9031571
0.0,0.008970022
0.0,0.032432884
0.0,0.4994976
1.0,0.04612866
1.0,0.9966034
0.0,0.06482017
0.0,0.015151888
1.0,0.98082566
1.0,0.989341
1.0,0.9446583
1.0,0.09469807
0.0,0.005962521
1.0,0.93184435
0.0,0.14806795
0.0,0.060505986
0.0,0.0064219832
1.0,0.83902955
0.0,0.1576766
0.0,0.07415968
0.0,0.0028081536
1.0,0.83198464
0.0,0.21936381
1.0,0.9806583
1.0,0.9687451
0.0,0.030871332
1.0,0.73633254
0.0,0.02562815
1.0,0.671047
0.0,0.55127066
0.0,0.015488416
0.0,0.032241344
0.0,0.08248252
1.0,0.9934646
0.0,0.03384897
0.0,0.26073486
0.0,0.5307932
1.0,0.9980421
1.0,0.92673004
0.0,0.03438288
1.0,0.96423316
1.0,0.98602223
1.0,0.9973772
1.0,0.40544334
0.0,0.12531635
1.0,0.73562807
0.0,0.08074832
0.0,0.70882106
1.0,0.38616645
0.0,0.02116558
0.0,0.014485717
0.0,0.07971659
1.0,0.38264525
0.0,0.5888356
0.0,0.2923404
1.0,0.9741454
0.0,0.011231661
1.0,0.90225255
0.0,0.01854077
0.0,0.9509457
1.0,0.82975495
1.0,0.957037
0.0,0.007138312
1.0,0.9623611
1.0,0.98881435
0.0,0.80126035
0.0,0.83482647
1.0,0.8222077
0.0,0.05093053
1.0,0.98544824
0.0,0.041136444
0.0,0.07082608
1.0,0.489599
1.0,0.9127383
0.0,0.049340397
1.0,0.5469412
0.0,0.0624412
0.0,0.06772587
1.0,0.98554844
0.0,0.038259685
0.0,0.057249755
0.0,0.028616458
1.0,0.64326304
0.0,0.016797245
0.0,0.01624927
1.0,0.9192071
1.0,0.98202944
0.0,0.026622534
0.0,0.4321953
0.0,0.005955875
1.0,0.17218351
0.0,0.78251624
0.0,0.0056913793
0.0,0.033623308
0.0,0.005840689
0.0,0.004089862
1.0,0.17382991
0.0,0.11886725
0.0,0.0024869144
0.0,0.36762553
1.0,0.95524096
1.0,0.99595654
1.0,0.8703276
0.0,0.86715794
0.0,0.016312748
0.0,0.9770921
1.0,0.98577803
0.0,0.030036867
1.0,0.45112926
0.0,0.014801264
1.0,0.9890721
0.0,0.06354803
1.0,0.90969884
0.0,0.92576087
1.0,0.48120195
0.0,0.11603624
0.0,0.051456004
1.0,0.8864577
1.0,0.9363117
1.0,0.9886967
0.0,0.14373705
1.0,0.95962495
1.0,0.3948152
1.0,0.2798513
0.0,0.0023774803
1.0,0.81921774
0.0,0.020465046
0.0,0.94135857
1.0,0.6700016
0.0,0.3147315
0.0,0.0212107
0.0,0.028643727
0.0,0.042743057
0.0,0.56229645
1.0,0.9799469
1.0,0.96692455
0.0,0.3638929
0.0,0.6548362
0.0,0.017277658
1.0,0.9959318
0.0,0.76492524
0.0,0.18997023
0.0,0.004344195
0.0,0.026738584
0.0,0.032160968
0.0,0.9723403
1.0,0.98894846
1.0,0.9905331
1.0,0.12521282
0.0,0.38862598
0.0,0.010441154
0.0,0.00907284
0.0,0.026215345
0.0,0.033762246
1.0,0.9651922
0.0,0.030483663
0.0,0.23911804
1.0,0.9959087
0.0,0.06547877
1.0,0.096022844
1.0,0.90551424
0.0,0.53010315
0.0,0.0053924024
0.0,0.05187437
1.0,0.69705516
0.0,0.09012902
0.0,0.022031099
1.0,0.94112563
1.0,0.5177181
0.0,0.0037384033
0.0,0.025862306
0.0,0.70416516
0.0,0.01292935
0.0,0.29372758
1.0,0.30192333
1.0,0.92385525
0.0,0.012992173
0.0,0.0019617677
0.0,0.7860786
0.0,0.2581007
1.0,0.95641106
0.0,0.027023107
1.0,0.99086905
0.0,0.035243064
1.0,0.9852216
0.0,0.008354962
1.0,0.9635458
1.0,0.8042808
0.0,0.037186235
0.0,0.14222145
0.0,0.007904768
0.0,0.05421257
1.0,0.5548131
1.0,0.0041807294
1.0,0.22086984
1.0,0.38464403
1.0,0.7993176
0.0,0.0021886528
1.0,0.3836791
1.0,0.78335094
0.0,0.021770597
0.0,0.035303593
0.0,0.028690219
1.0,0.47845185
1.0,0.98830295
0.0,0.9151329
0.0,0.010098696
1.0,0.9237188
0.0,0.013820589
0.0,0.03780532
1.0,0.9708011
0.0,0.6065409
0.0,0.039618254
1.0,0.12605098
1.0,0.92564464
0.0,0.010800242
0.0,0.019664705
0.0,0.02430728
1.0,0.9849877
1.0,0.97421575
0.0,0.73544633
0.0,0.25998873
1.0,0.99273264
1.0,0.78802776
0.0,0.009886503
0.0,0.080660194
0.0,0.04672256
1.0,0.26399118
1.0,0.16848212
0.0,0.027947456
0.0,0.080477536
1.0,0.97650695
0.0,0.021526337
0.0,0.024801552
0.0,0.04915312
0.0,0.88489723
1.0,0.9706614
0.0,0.8705454
0.0,0.017391622
0.0,0.92565775
0.0,0.3427971
0.0,0.039230853
1.0,0.7167517
1.0,0.84954107
0.0,0.22104928
1.0,0.9865441
0.0,0.5021729
1.0,0.9554335
1.0,0.056380898
1.0,0.9527153
0.0,0.009148926
0.0,0.26236236
0.0,0.014744669
1.0,0.99573404
0.0,0.0061877966
1.0,0.99186295
0.0,0.055751562
0.0,0.003650397
1.0,0.099853426
1.0,0.9685629
0.0,0.003921777
1.0,0.7933228
0.0,0.03291771
1.0,0.9661406
0.0,0.002234757
1.0,0.6588866
1.0,0.042170137
0.0,0.032817423
0.0,0.006709218
0.0,0.013560891
0.0,0.015303761
0.0,0.013890982
0.0,0.9136576
0.0,0.07227045
0.0,0.01640591
0.0,0.96786946
0.0,0.0044481456
1.0,0.9675259
0.0,0.3771602
0.0,0.41309
1.0,0.99509907
0.0,0.07118216
1.0,0.9959885
0.0,0.03438264
1.0,0.9905074
0.0,0.01122421
0.0,0.055830985
1.0,0.99378246
0.0,0.032873392
0.0,0.009709448
0.0,0.019004941
1.0,0.9841193
1.0,0.36271542
0.0,0.012096912
1.0,0.9721446
1.0,0.20379472
1.0,0.97878444
0.0,0.35580683
1.0,0.12207124
1.0,0.9309831
0.0,0.19187835
1.0,0.5673059
1.0,0.49273837
0.0,0.042414397
0.0,0.0039093494
0.0,0.014360428
0.0,0.0284307
0.0,0.0056459308
0.0,0.043448657
0.0,0.0336546
0.0,0.0022366345
1.0,0.92375505
0.0,0.05893275
0.0,0.0040581524
0.0,0.022343487
0.0,0.055361032
1.0,0.83685005
0.0,0.0038592517
1.0,0.92451364
0.0,0.41208205
0.0,0.005087137
1.0,0.55963135
1.0,0.87928283
0.0,0.10493189
0.0,0.018200368
1.0,0.8828956
0.0,0.9472976
0.0,0.03439653
1.0,0.7282589
1.0,0.76950634
1.0,0.7672392
1.0,0.82955635
0.0,0.021143407
0.0,0.0032899976
1.0,0.70689744
0.0,0.019506872
0.0,0.0023208559
1.0,0.9857763
1.0,0.8746227
1.0,0.9862578
0.0,0.014895886
1.0,0.18431327
1.0,0.9658345
1.0,0.9722985
0.0,0.0049512684
0.0,0.005056441
1.0,0.17111576
0.0,0.03740856
0.0,0.7761606
0.0,0.022731632
1.0,0.99192166
0.0,0.021029502
0.0,0.024710476
0.0,0.05373156
0.0,0.12404907
0.0,0.064008445
0.0,0.0060349703
0.0,0.8969555
1.0,0.99616146
0.0,0.041558713
1.0,0.8400898
0.0,0.0044619143
0.0,0.85222113
0.0,0.89449716
1.0,0.008952618
0.0,0.84644604
0.0,0.01258412
0.0,0.0026207268
0.0,0.30381274
0.0,0.07058591
1.0,0.9873649
0.0,0.3109345
1.0,0.957127
0.0,0.015948474
0.0,0.04597339
0.0,0.028140992
0.0,0.72377044
0.0,0.07097128
0.0,0.505826
0.0,0.24056855
0.0,0.1114656
1.0,0.90645534
0.0,0.04331681
1.0,0.66451275
1.0,0.6703891
0.0,0.06652051
0.0,0.028581262
1.0,0.8203424
0.0,0.015291303
1.0,0.7241791
1.0,0.7361925
0.0,0.0075191855
1.0,0.5708471
0.0,0.0055345893
1.0,0.98087656
0.0,0.121757746
0.0,0.1494208
1.0,0.5137954
0.0,0.8125814
0.0,0.0053990483
0.0,0.71415836
1.0,0.7518072
1.0,0.9701455
0.0,0.0029842854
0.0,0.07312703
1.0,0.5750772
0.0,0.7474918
1.0,0.0968363
0.0,0.09237361
1.0,0.08368632
0.0,0.7228337
0.0,0.032177895
0.0,0.7836733
0.0,0.021719724
0.0,0.16503409
1.0,0.034252435
0.0,0.37240997
1.0,0.907037
0.0,0.013929427
1.0,0.52317077
0.0,0.0074428916
0.0,0.0036802888
0.0,0.027195692
0.0,0.029233247
0.0,0.15970385
0.0,0.08863264
0.0,0.066424996
0.0,0.073072195
1.0,0.9609494
0.0,0.018104017
0.0,0.051492274
1.0,0.85490286
1.0,0.5720051
0.0,0.0330213
0.0,0.09485605
1.0,0.7147454
0.0,0.27813125
1.0,0.06841606
1.0,0.9324709
1.0,0.7338091
1.0,0.8074647
0.0,0.030866772
0.0,0.0026113987
1.0,0.18573526
0.0,0.24883184
1.0,0.9851279
1.0,0.7943567
1.0,0.98769104
0.0,0.11020371
0.0,0.0061340034
0.0,0.15905994
0.0,0.043771178
1.0,0.21564505
1.0,0.91800845
0.0,0.08706766
0.0,0.21855384
0.0,0.09457797
0.0,0.34142542
1.0,0.03944114
1.0,0.7536095
1.0,0.9690334
0.0,0.9304575
1.0,0.5462588
1.0,0.6406844
1.0,0.2101359
1.0,0.9673261
0.0,0.3449838
0.0,0.8401859
0.0,0.7616061
0.0,0.009700447
1.0,0.8909803
1.0,0.9871658
1.0,0.9166595
1.0,0.89929324
0.0,0.03841448
0.0,0.005017996
0.0,0.025573343
0.0,0.05098957
1.0,0.9076941
0.0,0.13887662
0.0,0.023908049
0.0,0.12675902
0.0,0.013920546
1.0,0.8122251
1.0,0.8064311
1.0,0.957336
0.0,0.08560184
0.0,0.0977343
1.0,0.76315534
1.0,0.99224764
0.0,0.06402889
1.0,0.9295604
0.0,0.8255737
1.0,0.99529076
1.0,0.9955015
1.0,0.68796486
0.0,0.037679195
0.0,0.10651687
1.0,0.9920659
0.0,0.09698081
0.0,0.35735065
1.0,0.99045426
0.0,0.036621362
0.0,0.035721123
0.0,0.103300184
1.0,0.26098618
0.0,0.33568916
0.0,0.46683472
1.0,0.64989555
0.0,0.45996755
0.0,0.031663477
0.0,0.045774847
0.0,0.24676871
1.0,0.7447145
0.0,0.86388135
0.0,0.02410233
0.0,0.0025547445
1.0,0.15573946
0.0,0.05267781
0.0,0.002382189
1.0,0.85622853
0.0,0.43677887
0.0,0.011710972
1.0,0.9829685
1.0,0.896827
0.0,0.002468437
1.0,0.2917534
1.0,0.3760648
0.0,0.5904068
0.0,0.6247162
1.0,0.5080675
1.0,0.7724391
0.0,0.012136847
1.0,0.15845451
1.0,0.1587685
1.0,0.18262395
0.0,0.13703066
1.0,0.13870463
0.0,0.022107303
1.0,0.8423848
0.0,0.0037974715
1.0,0.9482075
0.0,0.76525146
0.0,0.13889727
1.0,0.7618315
0.0,0.026196271
1.0,0.95220274
1.0,0.8245269
1.0,0.96145946
1.0,0.6146662
0.0,0.030532032
1.0,0.030917794
0.0,0.5281893
0.0,0.00695014
0.0,0.038107872
0.0,0.020567566
1.0,0.9779312
0.0,0.010099053
0.0,0.54577285
0.0,0.6473502
0.0,0.5544562
1.0,0.910493
0.0,0.41210592
0.0,0.008525729
0.0,0.059314698
0.0,0.793416
1.0,0.81973046
0.0,0.0061624944
1.0,0.9649819
1.0,0.97954065
0.0,0.8055885
0.0,0.003947675
0.0,0.0042572916
1.0,0.93158484
0.0,0.026134372
1.0,0.03636259
1.0,0.71308935
1.0,0.970158
0.0,0.8045236
0.0,0.29601395
0.0,0.0092279315
0.0,0.7084524
0.0,0.022111386
0.0,0.0071470737
0.0,0.272511
1.0,0.6332868
0.0,0.3581075
1.0,0.8965814
0.0,0.11609942
1.0,0.9463376
1.0,0.9559715
1.0,0.521118
1.0,0.921888
0.0,0.16707057
0.0,0.9640027
0.0,0.043991864
1.0,0.7919989
1.0,0.96260786
0.0,0.012265742
1.0,0.29161298
1.0,0.9639437
1.0,0.80028474
1.0,0.17622548
0.0,0.6581115
0.0,0.030221552
1.0,0.9232441
0.0,0.018521428
0.0,0.063353986
1.0,0.98257744
0.0,0.012190878
0.0,0.6578894
0.0,0.14565602
0.0,0.0062175393
0.0,0.08881709
1.0,0.9905809
0.0,0.009331942
0.0,0.34158206
1.0,0.13280165
0.0,0.04184249
1.0,0.9535015
0.0,0.26132214
0.0,0.014575809
0.0,0.005939305
0.0,0.2936009
1.0,0.8137075
0.0,0.29018593
0.0,0.09680417
1.0,0.90511066
1.0,0.8965669
0.0,0.03408724
0.0,0.015963078
0.0,0.015820175
1.0,0.46742713
0.0,0.06402457
1.0,0.93362707
1.0,0.85328054
1.0,0.4980134
1.0,0.9587644
1.0,0.9436909
0.0,0.91893387
1.0,0.8978805
1.0,0.98867834
0.0,0.007538408
0.0,0.004460126
0.0,0.023794591
1.0,0.81803143
0.0,0.0179753
0.0,0.011099994
0.0,0.050266802
1.0,0.981467
0.0,0.025739223
1.0,0.96057224
0.0,0.13774943
0.0,0.56350064
0.0,0.06859934
0.0,0.035860687
0.0,0.016726315
1.0,0.7054491
1.0,0.9871323
0.0,0.04173106
0.0,0.072987944
1.0,0.4624194
0.0,0.0024031997
1.0,0.9870541
0.0,0.033539683
0.0,0.013109475
0.0,0.031220019
1.0,0.9721265
1.0,0.8313358
0.0,0.040941983
0.0,0.19556266
1.0,0.771266
0.0,0.03266707
0.0,0.007422596
1.0,0.92385805
1.0,0.9937181
1.0,0.9112419
0.0,0.025366157
1.0,0.9661007
1.0,0.94614
0.0,0.30533427
0.0,0.018833935
0.0,0.0077103972
0.0,0.041707754
0.0,0.0035913289
0.0,0.026672006
1.0,0.5846255
1.0,0.8952572
0.0,0.084515035
0.0,0.010571778
0.0,0.057185113
0.0,0.090442896
1.0,0.9642569
0.0,0.955541
0.0,0.033186734
0.0,0.78356713
0.0,0.97589284
1.0,0.050469965
0.0,0.0031557083
0.0,0.76565695
1.0,0.9738786
0.0,0.052203298
0.0,0.08824974
0.0,0.036679715
0.0,0.009613395
1.0,0.81883657
1.0,0.92341125
0.0,0.041987747
0.0,0.96962744
0.0,0.0038938224
0.0,0.95434165
0.0,0.936216
0.0,0.41565284
0.0,0.0062554777
0.0,0.13728118
1.0,0.008997738
0.0,0.02991429
1.0,0.24498811
0.0,0.72802913
0.0,0.0021365583
0.0,0.07389489
0.0,0.12046945
0.0,0.20265111
0.0,0.022757292
1.0,0.98503375
0.0,0.0044434965
0.0,0.7082825
0.0,0.05575931
1.0,0.707812
1.0,0.9450146
0.0,0.027266711
0.0,0.5517197
0.0,0.0032310784
1.0,0.99751437
1.0,0.77674407
1.0,0.988137
0.0,0.08713308
1.0,0.99055135
0.0,0.03291437
0.0,0.0022713244
0.0,0.027595788
1.0,0.015970081
0.0,0.0025515258
0.0,0.0065992773
1.0,0.9957849
1.0,0.24311969
0.0,0.013444424
1.0,0.99548626
0.0,0.034468055
1.0,0.8110514
0.0,0.0783284
1.0,0.93978906
0.0,0.97474086
0.0,0.12836698
1.0,0.90830266
0.0,0.006656587
0.0,0.09512621
0.0,0.023787111
0.0,0.018795907
0.0,0.053485602
0.0,0.021231472
1.0,0.87781346
1.0,0.79850066
0.0,0.48522162
0.0,0.032505155
0.0,0.019014597
0.0,0.08342537
1.0,0.9926149
0.0,0.022260994
0.0,0.06440538
0.0,0.80396265
0.0,0.1175549
0.0,0.0019899905
1.0,0.9568611
1.0,0.94326484
0.0,0.0023976862
0.0,0.011453807
0.0,0.017466486
0.0,0.005772114
1.0,0.83467424
0.0,0.78546405
0.0,0.031424105
0.0,0.018497527
1.0,0.9150661
0.0,0.013317406
0.0,0.246322
1.0,0.97011423
0.0,0.014933616
0.0,0.18465608
1.0,0.7864038
1.0,0.703714
1.0,0.94449943
0.0,0.0028187633
0.0,0.004991889
0.0,0.20166641
0.0,0.015444279
1.0,0.31421265
0.0,0.23901665
1.0,0.11948043
0.0,0.0030118227
0.0,0.0079366565
0.0,0.106134474
1.0,0.98411024
0.0,0.7986903
0.0,0.06808838
0.0,0.46546495
1.0,0.7571082
0.0,0.0242306
0.0,0.3961209
0.0,0.0026608706
1.0,0.05461052
0.0,0.011204004
0.0,0.002766341
1.0,0.11130309
1.0,0.9815863
0.0,0.0030027926
1.0,0.9973012
1.0,0.99315584
1.0,0.9317659
1.0,0.8991235
0.0,0.027986556
1.0,0.89848137
0.0,0.99603343
1.0,0.05515638
0.0,0.01071772
1.0,0.34606838
0.0,0.85346854
1.0,0.25894243
1.0,0.99415493
1.0,0.8216667
0.0,0.0068707466
0.0,0.7784703
0.0,0.81276214
0.0,0.012634337
0.0,0.027506828
0.0,0.16501638
1.0,0.99218434
1.0,0.9868629
1.0,0.10899222
0.0,0.00550133
0.0,0.009395421
0.0,0.0519346
0.0,0.7605449
1.0,0.026562542
0.0,0.053058207
0.0,0.019474804
0.0,0.03216797
0.0,0.25347185
1.0,0.8886914
0.0,0.62606746
0.0,0.90707326
0.0,0.29671994
1.0,0.45650133
0.0,0.029538035
0.0,0.36498904
1.0,0.20027071
0.0,0.127264
1.0,0.12553638
0.0,0.024360746
0.0,0.3343796
0.0,0.0069102645
0.0,0.03188479
0.0,0.0016521513
1.0,0.93111277
0.0,0.093541265
0.0,0.05907789
1.0,0.98900485
1.0,0.97474474
0.0,0.1496289
1.0,0.021587193
0.0,0.1842182
0.0,0.049540192
1.0,0.9757735
0.0,0.0025252402
0.0,0.12723973
0.0,0.031918287
0.0,0.0058951676
1.0,0.99144936
1.0,0.95693755
1.0,0.80862117
1.0,0.9833722
0.0,0.012997001
0.0,0.028405458
0.0,0.06001985
1.0,0.97749907
0.0,0.012565225
0.0,0.030105412
1.0,0.9680612
1.0,0.48825085
1.0,0.90699875
0.0,0.0058422685
0.0,0.2424111
0.0,0.5733732
1.0,0.9895344
1.0,0.9607638
1.0,0.9481086
0.0,0.32125464
0.0,0.0018486083
0.0,0.0029831529
1.0,0.86751205
1.0,0.17567301
0.0,0.23992357
1.0,0.96004224
1.0,0.6166147
1.0,0.9558897
1.0,0.565434
0.0,0.2597638
0.0,0.04104027
1.0,0.44654542
1.0,0.75287104
0.0,0.03696698
0.0,0.030194253
0.0,0.012123495
0.0,0.022524744
0.0,0.030160189
0.0,0.71227956
0.0,0.014608115
0.0,0.039589256
1.0,0.88301146
1.0,0.76493984
0.0,0.78629696
1.0,0.9793787
0.0,0.005225152
1.0,0.9370365
0.0,0.21357894
1.0,0.98504984
0.0,0.0026463568
0.0,0.0050180852
0.0,0.006364435
0.0,0.47476056
1.0,0.10572675
1.0,0.9923192
0.0,0.042363316
0.0,0.09769708
1.0,0.23558688
0.0,0.04467079
1.0,0.9783807
1.0,0.7589115
0.0,0.012980193
0.0,0.030280411
0.0,0.28338957
0.0,0.99712706
0.0,0.8494041
0.0,0.01014632
0.0,0.4089261
0.0,0.023917794
1.0,0.9739848
1.0,0.9637035
1.0,0.89593816
1.0,0.8313947
0.0,0.010162324
0.0,0.6100618
1.0,0.92733
0.0,0.37360466
0.0,0.012896329
0.0,0.03114146
1.0,0.3132937
1.0,0.20572203
0.0,0.0062282085
1.0,0.9537515
1.0,0.9893582
0.0,0.0020685792
0.0,0.016202241
1.0,0.9663373
0.0,0.02229634
0.0,0.9433635
0.0,0.0026456118
0.0,0.0356192
1.0,0.057270408
0.0,0.01888138
0.0,0.0067246556
0.0,0.29069427
1.0,0.23424381
0.0,0.011462569
0.0,0.059111238
1.0,0.85604835
0.0,0.010124385
0.0,0.15592018
0.0,0.9345225
1.0,0.9891101
1.0,0.6377648
1.0,0.10214308
0.0,0.03486365
0.0,0.16423094
1.0,0.17847866
0.0,0.0065146983
0.0,0.003144294
0.0,0.06746906
0.0,0.027354121
1.0,0.51921475
0.0,0.19009423
0.0,0.88512856
1.0,0.8341189
0.0,0.045387745
0.0,0.0309304
0.0,0.8075901
0.0,0.14681774
1.0,0.8106241
1.0,0.9880551
0.0,0.40426803
1.0,0.8248615
0.0,0.017684013
0.0,0.020437628
0.0,0.0035402775
1.0,0.48614377
0.0,0.0047258735
0.0,0.027627945
1.0,0.9417851
1.0,0.76897657
1.0,0.9056207
0.0,0.6316101
1.0,0.9162165
1.0,0.7914981
0.0,0.0018111467
0.0,0.9298489
0.0,0.6991268
1.0,0.4886103
0.0,0.026262432
0.0,0.21434152
0.0,0.023323804
0.0,0.036955267
0.0,0.01625207
0.0,0.053376466
0.0,0.21241108
0.0,0.8035837
0.0,0.2855407
1.0,0.6052311
1.0,0.7952781
1.0,0.8331822
0.0,0.009300947
1.0,0.9971791
0.0,0.21983975
0.0,0.035856545
1.0,0.96293247
0.0,0.29175484
0.0,0.012692243
0.0,0.21780342
0.0,0.016697168
0.0,0.14122066
0.0,0.86875874
0.0,0.04163617
1.0,0.91929567
0.0,0.0023226142
0.0,0.011575818
0.0,0.0063979626
1.0,0.9472517
1.0,0.95057553
0.0,0.8077608
1.0,0.7764247
0.0,0.028100967
1.0,0.13290137
0.0,0.008404583
0.0,0.014364898
1.0,0.04147929
0.0,0.001951158
0.0,0.009213865
1.0,0.43589422
0.0,0.04487437
1.0,0.024582416
0.0,0.23861703
0.0,0.011302501
1.0,0.9309083
0.0,0.012497097
0.0,0.45033166
0.0,0.78396106
0.0,0.009574741
0.0,0.0020214021
1.0,0.91059065
0.0,0.0031720698
0.0,0.06270239
0.0,0.037438005
1.0,0.5984791
0.0,0.9583612
0.0,0.029985517
1.0,0.77851343
0.0,0.009202957
0.0,0.004022658
0.0,0.032597005
0.0,0.08488652
1.0,0.23158813
0.0,0.027627587
0.0,0.0023787916
0.0,0.009645164
0.0,0.0048202276
0.0,0.6920383
1.0,0.9811708
1.0,0.7890122
0.0,0.0099315345
1.0,0.9454215
0.0,0.022334546
0.0,0.0110167265
0.0,0.03285274
0.0,0.09497976
1.0,0.9729724
0.0,0.02546975
0.0,0.010927886
0.0,0.112611234
0.0,0.10042754
0.0,0.20517254
0.0,0.010757536
0.0,0.0026405752
0.0,0.0045249164
0.0,0.0033302605
0.0,0.9683138
1.0,0.35883427
0.0,0.030224264
0.0,0.013519645
0.0,0.01023972
1.0,0.9963666
0.0,0.103857994
1.0,0.9106915
0.0,0.16243953
0.0,0.040220737
0.0,0.11689988
1.0,0.9829295
1.0,0.9958219
1.0,0.9404372
1.0,0.5134281
0.0,0.28595334
0.0,0.005117774
1.0,0.9873259
1.0,0.9599105
0.0,0.018626124
0.0,0.050763607
0.0,0.82032645
1.0,0.9854549
0.0,0.027623206
0.0,0.005266547
0.0,0.03304714
0.0,0.03184709
1.0,0.5267838
1.0,0.9679966
0.0,0.0019106269
1.0,0.422642
0.0,0.027964652
0.0,0.037112683
0.0,0.006276965
0.0,0.02121383
0.0,0.015480518
1.0,0.9325149
0.0,0.0017978251
0.0,0.043798417
0.0,0.83395666
0.0,0.081071466
0.0,0.79642475
1.0,0.990325
0.0,0.026122779
0.0,0.02182129
1.0,0.9419732
0.0,0.41695532
0.0,0.007344544
1.0,0.96568793
1.0,0.7713016
0.0,0.075715035
1.0,0.90865576
0.0,0.2388278
1.0,0.8069643
1.0,0.99788386
0.0,0.10386783
1.0,0.9454681
0.0,0.031011224
0.0,0.031931937
0.0,0.36937428
0.0,0.43234912
0.0,0.030498654
0.0,0.005697936
0.0,0.4233348
1.0,0.94647324
0.0,0.07264289
0.0,0.029746264
0.0,0.41522932
0.0,0.20344767
1.0,0.9586281
0.0,0.018950522
0.0,0.6147692
0.0,0.018709123
0.0,0.008479416
0.0,0.010286361
0.0,0.96555436
1.0,0.05997047
0.0,0.106021106
1.0,0.83393705
0.0,0.003675729
1.0,0.11413917
0.0,0.057385355
0.0,0.066324264
0.0,0.035364687
0.0,0.82657254
0.0,0.46445414
0.0,0.04206118
0.0,0.15945986
0.0,0.0098237395
0.0,0.36628264
0.0,0.9292292
1.0,0.9728874
0.0,0.5049065
0.0,0.018157423
1.0,0.9937283
0.0,0.006682873
0.0,0.008396715
0.0,0.00287202
1.0,0.8032333
1.0,0.59512997
1.0,0.6346257
1.0,0.97885895
0.0,0.09974989
1.0,0.9089335
0.0,0.1150139
1.0,0.65147156
0.0,0.15503037
0.0,0.9641507
0.0,0.16311115
0.0,0.008032113
0.0,0.040644556
1.0,0.9677328
1.0,0.479812
0.0,0.99339104
1.0,0.6829411
0.0,0.011475533
1.0,0.96696293
0.0,0.021238685
0.0,0.014224887
0.0,0.9577633
0.0,0.44135863
0.0,0.07910085
0.0,0.0038500428
1.0,0.99745774
0.0,0.0023165941
1.0,0.99512094
1.0,0.9010618
1.0,0.97850347
0.0,0.005914867
0.0,0.98900867
0.0,0.008431137
0.0,0.1372971
0.0,0.21427971
1.0,0.19619432
0.0,0.15637001
0.0,0.093664736
0.0,0.09256911
0.0,0.011760205
0.0,0.0030717254
0.0,0.10161394
0.0,0.796759
0.0,0.01221478
0.0,0.843436
1.0,0.9895384
0.0,0.5088995
0.0,0.023738831
0.0,0.004992664
0.0,0.0066627264
1.0,0.8843486
0.0,0.6219421
1.0,0.98837733
0.0,0.5682787
1.0,0.9974784
1.0,0.965723
0.0,0.010740519
0.0,0.07454687
0.0,0.03560427
0.0,0.18237504
0.0,0.04168704
0.0,0.6921637
1.0,0.97615016
0.0,0.01564467
1.0,0.6254599
0.0,0.49040556
0.0,0.010291874
0.0,0.020350784
1.0,0.96573246
0.0,0.013497829
1.0,0.9955277
0.0,0.005714774
0.0,0.037888438
0.0,0.60382575
0.0,0.43152973
0.0,0.09873465
0.0,0.023069024
1.0,0.7411611
1.0,0.8932059
0.0,0.16233599
0.0,0.02131638
0.0,0.021915108
1.0,0.97007275
0.0,0.047348887
1.0,0.42495847
0.0,0.06724396
1.0,0.90658796
1.0,0.9271674
0.0,0.0294604
0.0,0.033799857
0.0,0.007415861
1.0,0.91458774
0.0,0.21400085
0.0,0.86263204
1.0,0.9596461
1.0,0.19154537
0.0,0.7722384
0.0,0.024305463
1.0,0.9820758
0.0,0.014667779
0.0,0.015885323
0.0,0.004987061
1.0,0.64317364
0.0,0.06547096
0.0,0.03996861
1.0,0.9477429
1.0,0.85871726
0.0,0.51085407
0.0,0.0116279125
0.0,0.015902132
1.0,0.94209063
1.0,0.9814441
1.0,0.7129407
0.0,0.09285462
0.0,0.0044552684
0.0,0.018826425
0.0,0.00220716
1.0,0.89341843
0.0,0.0025630593
0.0,0.67699134
0.0,0.18519077
0.0,0.4574898
0.0,0.28721046
0.0,0.014529437
0.0,0.14660507
0.0,0.031171441
0.0,0.011858761
1.0,0.14845231
1.0,0.8679507
0.0,0.72611386
0.0,0.11396736
1.0,0.03138739
0.0,0.004905641
1.0,0.93092227
0.0,0.02556181
0.0,0.01866585
1.0,0.94181246
1.0,0.9860382
0.0,0.2899265
0.0,0.05964181
1.0,0.45708343
0.0,0.13676992
0.0,0.19666472
0.0,0.9941483
0.0,0.037941664
1.0,0.88928616
1.0,0.2519056
0.0,0.24608368
0.0,0.0033545196
0.0,0.044821978
1.0,0.90458965
0.0,0.0059016347
1.0,0.34691638
0.0,0.043732524
1.0,0.85097253
1.0,0.6436815
0.0,0.66639113
1.0,0.15440392
0.0,0.67011005
0.0,0.008819193
1.0,0.98649335
1.0,0.1732876
0.0,0.032319278
0.0,0.28680125
0.0,0.81371367
0.0,0.92798215
1.0,0.96044695
0.0,0.0807752
0.0,0.22453156
0.0,0.0061769187
1.0,0.9733803
0.0,0.03877625
0.0,0.8849661
1.0,0.9607302
0.0,0.00214836
0.0,0.8573184
0.0,0.04527548
1.0,0.31084025
0.0,0.1491741
1.0,0.97854334
0.0,0.014097244
1.0,0.048402905
1.0,0.5969902
1.0,0.9823843
1.0,0.8965468
0.0,0.0052265525
1.0,0.38442832
0.0,0.018686295
1.0,0.988461
1.0,0.8306951
0.0,0.34072697
1.0,0.83506745
0.0,0.0032022595
1.0,0.64758414
1.0,0.37799007
0.0,0.042377353
0.0,0.9725962
1.0,0.9972589
1.0,0.1831666
0.0,0.1604859
0.0,0.41604498
0.0,0.0014486313
0.0,0.010158509
0.0,0.43576574
1.0,0.9038234
1.0,0.95584714
1.0,0.46944365
1.0,0.82260764
1.0,0.99748373
1.0,0.9852135
0.0,0.50490123
1.0,0.9516196
0.0,0.0065092742
0.0,0.029664159
0.0,0.12224525
1.0,0.034788758
1.0,0.77315414
0.0,0.038315237
0.0,0.035271764
0.0,0.8969688
1.0,0.73684525
1.0,0.09747672
1.0,0.90594316
0.0,0.0050334334
0.0,0.9824722
0.0,0.087187916
0.0,0.13261452
0.0,0.025611669
0.0,0.017521083
1.0,0.98337847
1.0,0.9302
0.0,0.040973127
0.0,0.041885763
0.0,0.77047515
0.0,0.77731526
0.0,0.6973486
0.0,0.22479862
0.0,0.8527054
1.0,0.7846613
0.0,0.13006902
1.0,0.93724906
0.0,0.005892694
0.0,0.87539
0.0,0.05861932
0.0,0.6932226
1.0,0.9628157
1.0,0.83215183
1.0,0.7034936
1.0,0.6846013
0.0,0.0031279922
0.0,0.2539928
1.0,0.5914945
1.0,0.89881134
0.0,0.26540595
0.0,0.014403224
0.0,0.044148326
1.0,0.83607614
0.0,0.013377935
1.0,0.02745536
0.0,0.022974879
0.0,0.06283814
0.0,0.023043126
0.0,0.024391174
0.0,0.08394465
0.0,0.03322926
0.0,0.15756574
1.0,0.9884243
0.0,0.0043750703
0.0,0.70496464
0.0,0.017426342
1.0,0.32906246
0.0,0.03772959
1.0,0.98967123
0.0,0.012164652
0.0,0.011112779
0.0,0.008994311
0.0,0.06368047
0.0,0.02044186
0.0,0.017558813
1.0,0.9704363
0.0,0.0955295
1.0,0.8216225
1.0,0.9682121
0.0,0.03063503
0.0,0.032335788
1.0,0.94308025
1.0,0.9967601
0.0,0.41410896
0.0,0.39036933
0.0,0.12896454
0.0,0.059966326
0.0,0.015007943
1.0,0.3109026
0.0,0.038154602
1.0,0.65475106
1.0,0.4656276
0.0,0.97727925
0.0,0.06681177
0.0,0.0139166415
0.0,0.012465835
0.0,0.88644725
0.0,0.012195528
0.0,0.0110026
0.0,0.80195445
1.0,0.7764108
1.0,0.74400085
0.0,0.029766828
0.0,0.025068283
0.0,0.08820063
1.0,0.9449693
0.0,0.0037431717
0.0,0.016156167
1.0,0.50615394
1.0,0.9759091
0.0,0.19476035
0.0,0.055909276
0.0,0.019363642
1.0,0.9681503
0.0,0.030888826
1.0,0.9789468
1.0,0.7696538
0.0,0.0072764754
0.0,0.038278043
0.0,0.027011126
1.0,0.67507315
0.0,0.04941827
1.0,0.8095949
0.0,0.0044983327
1.0,0.70854384
0.0,0.04534048
0.0,0.051258147
0.0,0.0071133077
1.0,0.9939869
0.0,0.8079694
1.0,0.9901172
1.0,0.96186733
0.0,0.008848399
1.0,0.24400774
0.0,0.051626146
1.0,0.29234004
0.0,0.0049904585
1.0,0.95449376
0.0,0.0026780665
1.0,0.80887914
1.0,0.97976017
1.0,0.98927414
0.0,0.017719567
1.0,0.9421269
1.0,0.44626993
0.0,0.022832245
1.0,0.9704331
1.0,0.39079127
1.0,0.06553034
0.0,0.12032501
0.0,0.010720133
0.0,0.9816009
0.0,0.07637796
