0.0,0.15835035
0.0,0.80622655
1.0,0.27873075
0.0,0.05806786
1.0,0.4559029
0.0,0.03032136
1.0,0.95045185
1.0,0.80826676
1.0,0.67895955
0.0,0.0025735795
0.0,0.21560058
1.0,0.9314368
0.0,0.005646169
0.0,0.10276404
0.0,0.02828893
0.0,0.0020202398
1.0,0.14923114
0.0,0.017902583
0.0,0.004730791
1.0,0.79171526
1.0,0.6970033
0.0,0.002655208
1.0,0.9395186
0.0,0.05503899
0.0,0.0037293732
1.0,0.70688176
0.0,0.038636684
1.0,0.8679694
0.0,0.0080212355
1.0,0.88200986
0.0,0.010598987
0.0,0.26835984
1.0,0.9418194
1.0,0.98425245
1.0,0.8694675
1.0,0.97044784
1.0,0.46051988
0.0,0.019501746
1.0,0.93212473
1.0,0.018440098
1.0,0.94884175
1.0,0.976339
0.0,0.008431822
1.0,0.9653988
1.0,0.8784013
0.0,0.03411001
0.0,0.0010486841
0.0,0.07359901
0.0,0.013045579
1.0,0.9873656
0.0,0.38440678
1.0,0.7998112
1.0,0.97413087
1.0,0.67722934
0.0,0.009963632
0.0,0.004257232
0.0,0.03793505
1.0,0.033841163
1.0,0.7685232
1.0,0.14169055
1.0,0.98180985
0.0,0.3254445
1.0,0.97768855
1.0,0.86841315
1.0,0.97068894
0.0,0.21500042
0.0,0.0666208
1.0,0.9685992
0.0,0.0064861476
1.0,0.93015486
0.0,0.20772961
1.0,0.91454387
0.0,0.00071677566
0.0,0.08265868
1.0,0.3665947
0.0,0.050234377
0.0,0.0058871508
0.0,0.2891645
0.0,0.0047118366
1.0,0.9346815
0.0,0.015277624
1.0,0.9781651
1.0,0.960002
1.0,0.9950645
1.0,0.97884965
1.0,0.85142905
1.0,0.9759941
0.0,0.16163543
0.0,0.023840994
1.0,0.6976918
0.0,0.0027312338
1.0,0.14695579
0.0,0.009439915
0.0,0.7346584
0.0,0.44570187
1.0,0.95644283
0.0,0.015445292
0.0,0.033366412
1.0,0.5072489
1.0,0.98049414
0.0,0.0058229864
0.0,0.031116009
1.0,0.018773317
0.0,0.14989108
0.0,0.08148366
1.0,0.8701614
1.0,0.015142202
0.0,0.022064656
1.0,0.0055636466
1.0,0.9848335
1.0,0.9396008
0.0,0.045353055
1.0,0.018766224
0.0,0.030357331
0.0,0.02452907
1.0,0.5020937
0.0,0.018803239
1.0,0.34700942
1.0,0.57007945
1.0,0.96948016
0.0,0.24530485
1.0,0.98772347
0.0,0.9473515
0.0,0.012722433
0.0,0.36352146
1.0,0.52828586
0.0,0.0051120818
0.0,0.06693676
1.0,0.927259
1.0,0.8026668
1.0,0.97812986
0.0,0.019562483
0.0,0.012579232
1.0,0.2767887
1.0,0.9691447
0.0,0.7250321
0.0,0.009714425
0.0,0.012758791
0.0,0.038224936
0.0,0.02222848
1.0,0.67559516
0.0,0.14300248
1.0,0.10352224
0.0,0.006816298
0.0,0.005629897
0.0,0.00092953444
1.0,0.20721444
0.0,0.007163197
0.0,0.012557924
0.0,0.02097693
0.0,0.07625198
0.0,0.0025545955
0.0,0.0070581436
0.0,0.8960592
0.0,0.15469468
1.0,0.9512378
0.0,0.0022202134
0.0,0.003515035
1.0,0.99168885
0.0,0.006512046
0.0,0.16728956
0.0,0.025209904
0.0,0.010596454
0.0,0.12045732
1.0,0.9899557
0.0,0.10469177
1.0,0.9060744
0.0,0.048774272
0.0,0.003444016
1.0,0.70148855
0.0,0.9476146
0.0,0.95398545
0.0,0.8940861
0.0,0.0006695092
1.0,0.80683535
1.0,0.8849141
0.0,0.043985575
1.0,0.73259544
0.0,0.36830217
1.0,0.9489302
1.0,0.78788155
1.0,0.9673525
1.0,0.97537196
1.0,0.9763948
0.0,0.86755145
0.0,0.0012997687
0.0,0.0067557693
0.0,0.9773786
0.0,0.094183445
0.0,0.029499233
1.0,0.18583393
0.0,0.0009810627
0.0,0.835834
1.0,0.9715712
1.0,0.8211807
1.0,0.988761
0.0,0.0038243532
0.0,0.029162705
0.0,0.0038882792
1.0,0.06311208
0.0,0.28471124
0.0,0.26997787
0.0,0.617385
0.0,0.38827664
0.0,0.12654993
1.0,0.042737573
0.0,0.025006592
1.0,0.11396316
0.0,0.0012699366
0.0,0.030002058
0.0,0.0030922294
1.0,0.94641435
0.0,0.022982389
0.0,0.05252573
0.0,0.025504619
0.0,0.006439656
0.0,0.91333413
0.0,0.20436287
1.0,0.98350394
0.0,0.008476168
0.0,0.006825745
1.0,0.42410225
1.0,0.982154
0.0,0.24630788
0.0,0.009533733
0.0,0.0010915399
0.0,0.07840958
0.0,0.013519585
0.0,0.1379621
1.0,0.9609542
0.0,0.053795516
1.0,0.3204819
0.0,0.0051879287
1.0,0.22072846
1.0,0.47332916
0.0,0.021398842
0.0,0.051677525
0.0,0.016904771
1.0,0.8796886
1.0,0.77939194
1.0,0.9761163
1.0,0.7657162
0.0,0.019292444
0.0,0.854687
1.0,0.97484875
0.0,0.46914327
0.0,0.0032365322
0.0,0.008320212
0.0,0.06036344
0.0,0.059613556
0.0,0.021769494
0.0,0.10113025
1.0,0.4448188
0.0,0.019867122
0.0,0.061904788
0.0,0.0574556
1.0,0.88641685
1.0,0.96775365
0.0,0.016070962
0.0,0.21632645
0.0,0.026827604
1.0,0.9780556
0.0,0.027235776
0.0,0.0013941526
0.0,0.025461167
0.0,0.013754278
1.0,0.9856633
1.0,0.9312105
1.0,0.9776207
0.0,0.014154732
1.0,0.92653275
0.0,0.016546339
0.0,0.028659344
0.0,0.43835044
1.0,0.96284264
1.0,0.44578868
0.0,0.0023883283
0.0,0.02865386
1.0,0.84908867
1.0,0.32532257
0.0,0.014814705
1.0,0.07947308
1.0,0.9791461
0.0,0.6898023
0.0,0.17713785
0.0,0.043907583
0.0,0.015885055
0.0,0.46443552
0.0,0.015176535
1.0,0.9794259
0.0,0.008631408
0.0,0.016721964
1.0,0.9935417
0.0,0.004618764
1.0,0.9562233
1.0,0.021920025
1.0,0.9296838
1.0,0.8776251
1.0,0.9638299
0.0,0.041609943
1.0,0.9355142
0.0,0.8381654
1.0,0.9913743
0.0,0.4848711
0.0,0.23508105
0.0,0.027209818
0.0,0.027404755
0.0,0.29611146
1.0,0.97674406
0.0,0.9547585
1.0,0.76167476
0.0,0.8797781
1.0,0.76706266
1.0,0.97658515
0.0,0.014518589
0.0,0.006027043
0.0,0.012922078
1.0,0.9307252
1.0,0.12521613
0.0,0.0013594925
0.0,0.0008612573
0.0,0.0055009723
0.0,0.024715424
1.0,0.93489873
1.0,0.78061056
0.0,0.01951477
0.0,0.04730904
1.0,0.7915559
1.0,0.9826642
1.0,0.33078673
0.0,0.040018916
0.0,0.7931092
0.0,0.001990497
0.0,0.67367107
1.0,0.97009146
1.0,0.8707992
0.0,0.03136179
0.0,0.023106128
0.0,0.0044933856
0.0,0.6193313
0.0,0.0029698014
0.0,0.2065891
1.0,0.4857748
0.0,0.15452555
0.0,0.026766628
0.0,0.03891635
0.0,0.48202804
0.0,0.8427774
0.0,0.020781636
0.0,0.003955692
1.0,0.516582
0.0,0.02826944
1.0,0.79467785
0.0,0.0013231635
0.0,0.19674373
0.0,0.19127369
0.0,0.0012394488
0.0,0.96828485
1.0,0.68562734
1.0,0.9128226
0.0,0.65176356
1.0,0.8695462
0.0,0.0065811872
0.0,0.3026643
0.0,0.40108317
0.0,0.38651508
0.0,0.012130737
0.0,0.0007084012
1.0,0.28499708
0.0,0.007806301
1.0,0.97664243
0.0,0.104598105
1.0,0.35780066
0.0,0.10100806
1.0,0.04781729
1.0,0.958817
1.0,0.9532615
0.0,0.0024851859
0.0,0.017225295
1.0,0.9572388
0.0,0.02855742
0.0,0.021540433
1.0,0.0119871795
1.0,0.97638327
0.0,0.38540494
1.0,0.96907413
1.0,0.97888577
0.0,0.61440253
0.0,0.026247561
0.0,0.378351
0.0,0.0242019
0.0,0.008252293
0.0,0.035139024
1.0,0.97577834
0.0,0.08031696
1.0,0.8784001
1.0,0.20989743
0.0,0.010889232
0.0,0.05709207
0.0,0.8446592
1.0,0.9762678
1.0,0.9597982
1.0,0.43055746
0.0,0.20104107
1.0,0.95883524
1.0,0.90192485
0.0,0.0011711121
0.0,0.29793918
0.0,0.87945926
0.0,0.87453187
1.0,0.95597595
0.0,0.02530986
1.0,0.4628662
0.0,0.84246796
0.0,0.051770806
0.0,0.0244053
0.0,0.008660287
0.0,0.008337885
0.0,0.01308471
0.0,0.02011764
0.0,0.009452373
0.0,0.02316162
0.0,0.453372
0.0,0.09590536
0.0,0.011303157
0.0,0.37186182
0.0,0.016296506
1.0,0.7589036
0.0,0.1711874
1.0,0.9547727
0.0,0.008249313
0.0,0.005643606
0.0,0.004289329
0.0,0.9160635
0.0,0.6515331
0.0,0.0831137
0.0,0.042503178
0.0,0.0007222891
0.0,0.014830172
0.0,0.016756028
0.0,0.6300512
1.0,0.94170874
0.0,0.01619792
0.0,0.008155525
0.0,0.5086713
0.0,0.032550573
1.0,0.6296246
0.0,0.820246
1.0,0.37863898
0.0,0.0027376115
0.0,0.1482211
1.0,0.9699317
0.0,0.9043084
1.0,0.7961614
1.0,0.9397434
1.0,0.9298049
1.0,0.96071595
0.0,0.0036481023
1.0,0.72695446
0.0,0.005449444
0.0,0.013148397
0.0,0.05845821
1.0,0.9924828
0.0,0.0030075014
0.0,0.019607037
1.0,0.55480933
1.0,0.99404895
0.0,0.09391725
0.0,0.0011973083
1.0,0.72033644
0.0,0.053032666
1.0,0.7194668
0.0,0.47469625
0.0,0.20942235
1.0,0.8682918
0.0,0.8318448
0.0,0.0027276278
1.0,0.046921253
0.0,0.008923471
1.0,0.98343194
0.0,0.0022153258
1.0,0.40601668
1.0,0.70504546
1.0,0.76904976
1.0,0.96867746
0.0,0.18699878
0.0,0.030259967
1.0,0.854057
0.0,0.012575835
0.0,0.30181432
1.0,0.769441
1.0,0.8754825
1.0,0.9540674
0.0,0.0026980639
1.0,0.9413991
1.0,0.89055413
0.0,0.14986223
1.0,0.9679364
0.0,0.44834644
1.0,0.8659767
1.0,0.9177097
0.0,0.8018338
0.0,0.5595019
1.0,0.2780502
0.0,0.32480353
1.0,0.96984655
0.0,0.95379376
0.0,0.020182014
0.0,0.87186074
1.0,0.98647225
0.0,0.0010995269
0.0,0.002794981
0.0,0.77709043
1.0,0.31156787
0.0,0.014532179
0.0,0.0030360222
0.0,0.03933397
0.0,0.8496809
1.0,0.55531913
1.0,0.9012001
0.0,0.08538559
0.0,0.67833495
0.0,0.058122903
0.0,0.046146393
0.0,0.012682855
1.0,0.95128304
0.0,0.018233597
1.0,0.96201223
0.0,0.8047313
0.0,0.19097587
1.0,0.7860565
0.0,0.007695079
0.0,0.03642851
0.0,0.014481187
0.0,0.0027316809
0.0,0.0972178
0.0,0.0006893277
0.0,0.01506415
0.0,0.026792705
1.0,0.9048262
1.0,0.9806722
0.0,0.0014072955
0.0,0.025557458
1.0,0.9625424
0.0,0.005942136
1.0,0.91539264
0.0,0.20674658
0.0,0.0005302429
1.0,0.901825
0.0,0.10807675
1.0,0.674765
0.0,0.25734293
1.0,0.26186767
0.0,0.013527006
0.0,0.026816726
0.0,0.67116666
1.0,0.9786395
0.0,0.0011579692
0.0,0.033825964
0.0,0.0058870018
0.0,0.95459425
1.0,0.4333233
0.0,0.008955121
0.0,0.0057806373
1.0,0.96753806
1.0,0.016210914
0.0,0.09659749
1.0,0.81124693
0.0,0.0331026
0.0,0.103809565
1.0,0.94928044
1.0,0.9931108
0.0,0.55029
1.0,0.9602673
1.0,0.96315813
0.0,0.010633707
0.0,0.026306778
0.0,0.033420414
1.0,0.047846675
0.0,0.0009612441
0.0,0.026773453
0.0,0.0039986074
1.0,0.99024725
1.0,0.4574408
0.0,0.005266696
1.0,0.3994062
1.0,0.030566752
0.0,0.47959447
1.0,0.9465462
0.0,0.031089514
1.0,0.9348447
0.0,0.040789574
1.0,0.9395369
0.0,0.012501597
0.0,0.01070407
1.0,0.75916296
0.0,0.0034990907
1.0,0.8946378
0.0,0.024071783
0.0,0.010234594
0.0,0.008166045
1.0,0.7822783
0.0,0.29149556
1.0,0.6124676
0.0,0.0022224784
1.0,0.50784576
1.0,0.6200969
0.0,0.0012556612
1.0,0.98065245
1.0,0.9694683
1.0,0.14644676
1.0,0.86958385
0.0,0.011624724
0.0,0.007760942
0.0,0.80524874
1.0,0.9342294
1.0,0.5978888
0.0,0.0097922385
0.0,0.026209414
0.0,0.070867985
1.0,0.8842361
0.0,0.33591026
1.0,0.0046132207
1.0,0.9646492
0.0,0.011346638
0.0,0.04809767
1.0,0.9746584
0.0,0.8141899
1.0,0.9740534
0.0,0.74384093
0.0,0.025248706
0.0,0.0071457922
1.0,0.04675761
0.0,0.022438496
1.0,0.9779546
0.0,0.010820836
1.0,0.48244548
0.0,0.5881764
0.0,0.09235224
1.0,0.023652345
1.0,0.36352673
1.0,0.7256912
1.0,0.9504694
0.0,0.042828083
0.0,0.022045016
0.0,0.42875677
0.0,0.0008203089
1.0,0.9467381
1.0,0.8574812
0.0,0.0012529492
0.0,0.009436369
0.0,0.0010626614
1.0,0.7675487
0.0,0.01845637
0.0,0.023362517
0.0,0.041919053
0.0,0.14481992
0.0,0.017883688
0.0,0.22955045
1.0,0.8788067
0.0,0.95941174
1.0,0.33491865
0.0,0.02570495
0.0,0.30187356
1.0,0.6965048
1.0,0.8806116
1.0,0.9563818
0.0,0.01579988
0.0,0.2908216
1.0,0.13935623
0.0,0.0022985637
0.0,0.026512831
0.0,0.22214457
1.0,0.90935564
0.0,0.027534515
0.0,0.03565544
1.0,0.97858286
0.0,0.104525864
1.0,0.99282146
1.0,0.9231272
1.0,0.97834444
0.0,0.009568274
1.0,0.9636302
1.0,0.7321833
0.0,0.039580256
1.0,0.30006784
0.0,0.010681897
0.0,0.1643892
0.0,0.07175368
0.0,0.0018182695
1.0,0.9290203
1.0,0.3656844
1.0,0.99052763
1.0,0.9708599
1.0,0.9820342
0.0,0.4129418
0.0,0.9750689
1.0,0.9737786
0.0,0.01248613
1.0,0.75013757
1.0,0.9837858
0.0,0.021350712
1.0,0.06822884
1.0,0.4051053
0.0,0.010408521
0.0,0.01849246
0.0,0.005835235
0.0,0.025395632
1.0,0.5709983
1.0,0.9762583
0.0,0.0021048486
0.0,0.012168616
1.0,0.036904335
1.0,0.84281456
1.0,0.034719348
0.0,0.032393456
1.0,0.8426845
1.0,0.11920583
0.0,0.0152157545
0.0,0.28897253
1.0,0.89493215
1.0,0.9807246
0.0,0.5232779
1.0,0.8086422
0.0,0.040839434
0.0,0.8524306
1.0,0.97496355
0.0,0.6527071
1.0,0.9678375
0.0,0.8191699
0.0,0.27163795
0.0,0.088121235
1.0,0.95040286
1.0,0.3773979
0.0,0.007781744
0.0,0.006914258
1.0,0.8215176
0.0,0.015725851
1.0,0.9745331
1.0,0.89970386
1.0,0.83938265
0.0,0.037264258
0.0,0.8048277
0.0,0.86666465
0.0,0.0077756345
0.0,0.000813961
1.0,0.99270976
0.0,0.28265586
0.0,0.009002835
1.0,0.97231543
0.0,0.013473213
1.0,0.032952935
1.0,0.85284424
0.0,0.007708311
0.0,0.2986021
0.0,0.74648184
0.0,0.004879087
0.0,0.0007109642
0.0,0.007136017
0.0,0.009333909
0.0,0.9156868
1.0,0.59820175
1.0,0.94570017
0.0,0.7498734
0.0,0.49555203
0.0,0.005702585
0.0,0.030269235
0.0,0.007941306
1.0,0.0076006055
0.0,0.012578666
0.0,0.0012122095
1.0,0.99208176
1.0,0.7775078
0.0,0.0070626438
0.0,0.9684476
0.0,0.00089639425
0.0,0.010006428
0.0,0.0016347766
0.0,0.0260036
1.0,0.92188966
1.0,0.7978103
1.0,0.9083278
0.0,0.001277566
1.0,0.81503046
1.0,0.9594624
0.0,0.037783504
0.0,0.000977099
1.0,0.82158583
1.0,0.16807446
1.0,0.8995076
1.0,0.95121485
1.0,0.7677113
0.0,0.065601826
0.0,0.18664578
1.0,0.3104465
0.0,0.0055104196
1.0,0.93429166
0.0,0.0058672726
1.0,0.5419283
0.0,0.01891905
0.0,0.15609667
0.0,0.008656114
0.0,0.010859311
0.0,0.23956737
0.0,0.001214087
0.0,0.0010706484
0.0,0.0096690655
0.0,0.66410625
0.0,0.0015821755
0.0,0.004212022
1.0,0.925191
1.0,0.82124245
1.0,0.97685003
0.0,0.9696474
0.0,0.5145112
0.0,0.86187685
0.0,0.023303032
1.0,0.98161423
1.0,0.22635397
1.0,0.92438865
1.0,0.9861428
0.0,0.9192507
0.0,0.008571655
0.0,0.0022933185
1.0,0.80946636
0.0,0.011041403
1.0,0.0039018095
1.0,0.9757556
0.0,0.08782959
0.0,0.0058974624
0.0,0.004334271
0.0,0.7783235
1.0,0.9078388
1.0,0.9718956
0.0,0.015589565
1.0,0.9266337
1.0,0.7609379
0.0,0.7162455
0.0,0.026014388
1.0,0.49571624
0.0,0.0010937154
0.0,0.05972609
0.0,0.0023707151
0.0,0.3108821
0.0,0.020941943
1.0,0.51581764
0.0,0.02239114
0.0,0.5954193
1.0,0.979355
1.0,0.923567
0.0,0.4523139
0.0,0.41790435
1.0,0.820987
0.0,0.119347304
0.0,0.0006863177
1.0,0.50593287
0.0,0.06756693
0.0,0.017998159
0.0,0.019949585
1.0,0.969264
0.0,0.15563983
1.0,0.85879374
1.0,0.9692608
1.0,0.99428177
0.0,0.008713663
1.0,0.82888746
0.0,0.024554461
1.0,0.94067407
0.0,0.07843611
1.0,0.96800065
0.0,0.015303224
0.0,0.017044514
1.0,0.9717282
0.0,0.0057109594
0.0,0.0047305822
1.0,0.5935131
1.0,0.883713
1.0,0.04396355
1.0,0.7199215
1.0,0.67915034
1.0,0.96656126
1.0,0.82527757
0.0,0.009994924
1.0,0.05481425
1.0,0.9897664
0.0,0.046936184
0.0,0.0033782125
0.0,0.00093999505
1.0,0.50880843
0.0,0.008548588
0.0,0.049174964
0.0,0.25152826
1.0,0.9583227
0.0,0.0046165884
0.0,0.053520143
1.0,0.5363697
1.0,0.9502698
1.0,0.89663756
1.0,0.08400163
0.0,0.98316216
0.0,0.048894435
0.0,0.051291615
0.0,0.02386263
0.0,0.0018648803
0.0,0.041858494
0.0,0.018841118
1.0,0.027592748
1.0,0.92459816
0.0,0.024918377
1.0,0.8943951
0.0,0.0068425834
0.0,0.0009146035
1.0,0.98205376
0.0,0.008039266
0.0,0.91088843
0.0,0.006802529
0.0,0.14374593
0.0,0.018532842
0.0,0.008777589
0.0,0.94185567
1.0,0.7067949
0.0,0.036987066
0.0,0.15721056
1.0,0.9146521
0.0,0.0022708178
1.0,0.83455896
0.0,0.022485465
0.0,0.0012614727
0.0,0.010864556
0.0,0.2589897
0.0,0.0010994375
0.0,0.004687637
0.0,0.022090256
0.0,0.019681334
0.0,0.7058872
1.0,0.7471067
0.0,0.02191335
1.0,0.6979065
0.0,0.51416755
1.0,0.029990911
0.0,0.053233296
0.0,0.0019922853
0.0,0.060023755
1.0,0.9596948
1.0,0.024195373
1.0,0.22655505
0.0,0.018442512
0.0,0.5714433
1.0,0.69287705
0.0,0.007960886
0.0,0.040576845
1.0,0.3642743
0.0,0.011235684
1.0,0.9484509
1.0,0.16015312
0.0,0.003916353
1.0,0.53128016
0.0,0.12075195
1.0,0.20862049
0.0,0.28978664
1.0,0.990541
0.0,0.00091800094
0.0,0.97881615
0.0,0.02770394
0.0,0.029884666
0.0,0.0023162365
0.0,0.04569322
0.0,0.012799472
1.0,0.95662516
0.0,0.0031810105
0.0,0.0008880198
0.0,0.00062790513
0.0,0.1457532
0.0,0.1550022
1.0,0.12668961
0.0,0.4707793
0.0,0.09346363
1.0,0.5544218
0.0,0.44257888
1.0,0.96482086
0.0,0.81272864
1.0,0.93687344
1.0,0.94329345
0.0,0.0056898
1.0,0.993212
0.0,0.4160006
0.0,0.014244556
0.0,0.016822726
0.0,0.075151145
1.0,0.048744023
1.0,0.9819679
0.0,0.029898703
0.0,0.13754696
1.0,0.98770934
0.0,0.026636004
1.0,0.664102
1.0,0.014010638
1.0,0.8396492
0.0,0.01932773
1.0,0.72853404
0.0,0.014715552
1.0,0.92057943
1.0,0.1338383
0.0,0.21891785
0.0,0.7949202
0.0,0.016866684
0.0,0.23498374
1.0,0.755203
1.0,0.94823015
1.0,0.9840396
0.0,0.01764077
0.0,0.000677228
1.0,0.9540431
0.0,0.9493464
0.0,0.00084653497
0.0,0.012517452
1.0,0.6676967
0.0,0.028606236
0.0,0.008695096
0.0,0.06025186
0.0,0.025111437
1.0,0.7561275
1.0,0.9588723
0.0,0.080361694
0.0,0.023578912
0.0,0.008803517
1.0,0.9794647
0.0,0.016284943
0.0,0.81450355
1.0,0.92045975
0.0,0.0048701167
0.0,0.7615403
1.0,0.9724629
0.0,0.05191204
1.0,0.23458165
1.0,0.1434024
0.0,0.022447705
0.0,0.032985747
0.0,0.004213363
0.0,0.007935733
1.0,0.97491646
1.0,0.9941387
1.0,0.9784057
1.0,0.15808639
0.0,0.90555096
0.0,0.03263998
1.0,0.8071821
1.0,0.9861196
0.0,0.08811772
0.0,0.020939052
1.0,0.35153866
0.0,0.0043013394
1.0,0.74543023
0.0,0.0059984922
0.0,0.28967625
1.0,0.98230493
0.0,0.021513045
0.0,0.0013587773
0.0,0.020748973
0.0,0.0250417
0.0,0.31598234
1.0,0.076361895
0.0,0.029075652
1.0,0.97602206
0.0,0.1103017
1.0,0.96921766
0.0,0.23295656
1.0,0.7181579
1.0,0.96328425
1.0,0.99146366
0.0,0.9262349
0.0,0.0016171038
1.0,0.17963266
0.0,0.039702028
0.0,0.03461674
1.0,0.9066944
1.0,0.26863235
0.0,0.20802802
1.0,0.9312397
1.0,0.9778465
0.0,0.87203777
0.0,0.009492964
0.0,0.7864092
0.0,0.008198798
0.0,0.00058084726
0.0,0.90777904
1.0,0.9659982
1.0,0.9786709
1.0,0.95935506
0.0,0.0007343888
0.0,0.0070605874
0.0,0.0052461624
0.0,0.019946575
0.0,0.018881917
0.0,0.023084313
1.0,0.91042554
1.0,0.94690645
1.0,0.6355717
0.0,0.102226496
0.0,0.01776117
1.0,0.85769135
0.0,0.105115324
0.0,0.47584417
1.0,0.90674746
0.0,0.77308404
0.0,0.8865074
1.0,0.83166254
0.0,0.025467962
1.0,0.635479
1.0,0.91623545
0.0,0.94894767
0.0,0.008023471
1.0,0.99318373
0.0,0.0032188892
0.0,0.4838692
1.0,0.7798401
1.0,0.9612083
1.0,0.8325842
1.0,0.9525417
0.0,0.96873987
0.0,0.014359772
0.0,0.0024255514
1.0,0.8240653
0.0,0.98078823
1.0,0.73681945
0.0,0.8095784
1.0,0.9260531
1.0,0.7451749
0.0,0.058553785
0.0,0.021385878
0.0,0.0020313263
0.0,0.29438573
0.0,0.025976002
0.0,0.0061448812
1.0,0.42755255
1.0,0.13477787
0.0,0.91605943
1.0,0.9698108
1.0,0.6338789
0.0,0.0021498203
0.0,0.146559
1.0,0.87511003
1.0,0.17049819
0.0,0.012440771
0.0,0.092240065
0.0,0.00588727
0.0,0.01869306
1.0,0.687717
1.0,0.9603027
0.0,0.036268353
0.0,0.0012457073
0.0,0.032523453
0.0,0.1391243
0.0,0.0091101825
0.0,0.017489642
0.0,0.93134356
0.0,0.5795078
0.0,0.00638628
0.0,0.028329432
0.0,0.10132277
1.0,0.97933745
1.0,0.86551845
0.0,0.0048112273
0.0,0.021173686
0.0,0.00056150556
0.0,0.0028136075
0.0,0.072594404
0.0,0.3051629
0.0,0.017219722
0.0,0.4920046
1.0,0.9501513
1.0,0.9897958
1.0,0.88442725
1.0,0.8813162
1.0,0.984402
0.0,0.439014
0.0,0.020755798
0.0,0.024995357
0.0,0.03398946
1.0,0.78674024
0.0,0.017585516
1.0,0.92138
0.0,0.024082214
0.0,0.6173303
0.0,0.8690047
0.0,0.024015903
0.0,0.037156373
0.0,0.10431272
0.0,0.18069124
0.0,0.009803921
1.0,0.87806183
1.0,0.299692
0.0,0.081670225
0.0,0.13983932
0.0,0.0068579614
0.0,0.0035779476
1.0,0.98381394
0.0,0.006933421
1.0,0.06214255
0.0,0.025030345
1.0,0.42744905
0.0,0.007145256
0.0,0.10582253
1.0,0.9151725
0.0,0.00061121583
1.0,0.96094203
0.0,0.057886153
0.0,0.49322692
0.0,0.19934312
0.0,0.0022074878
0.0,0.0015077591
1.0,0.92727447
1.0,0.9891614
0.0,0.4569879
0.0,0.030793846
0.0,0.011039078
0.0,0.13369742
1.0,0.8599813
0.0,0.6853272
1.0,0.17419392
1.0,0.44869968
0.0,0.8058432
0.0,0.025508106
0.0,0.051641136
0.0,0.016128302
0.0,0.045951635
0.0,0.027325898
0.0,0.032572567
0.0,0.7953211
0.0,0.20049348
1.0,0.8968248
0.0,0.9810786
0.0,0.005790204
1.0,0.8986999
0.0,0.0178622
0.0,0.026354998
0.0,0.0013555884
0.0,0.014819264
1.0,0.06337795
1.0,0.9709228
1.0,0.9628515
0.0,0.010766059
0.0,0.004419863
0.0,0.012860566
0.0,0.3158488
0.0,0.40302926
0.0,0.85033524
1.0,0.98928267
1.0,0.97407913
1.0,0.9231563
0.0,0.017125577
1.0,0.9806371
1.0,0.67674774
0.0,0.027573168
1.0,0.9666815
0.0,0.012040973
0.0,0.007439524
0.0,0.6274242
1.0,0.9826163
1.0,0.96325815
1.0,0.7855058
0.0,0.9114626
0.0,0.30140394
0.0,0.0096772015
1.0,0.96346474
1.0,0.9763758
1.0,0.95929456
1.0,0.8645607
0.0,0.025360197
0.0,0.022268414
0.0,0.024528265
0.0,0.41624776
1.0,0.9680809
0.0,0.011166453
0.0,0.08618146
0.0,0.12040007
1.0,0.30720103
0.0,0.01866731
0.0,0.20839885
0.0,0.099837214
0.0,0.38322854
0.0,0.012307525
0.0,0.09511784
0.0,0.015972048
0.0,0.19606668
0.0,0.0012463331
1.0,0.98080516
1.0,0.19792968
0.0,0.1486265
0.0,0.97801983
0.0,0.05787152
1.0,0.91988397
0.0,0.003582716
0.0,0.027982563
0.0,0.5391724
0.0,0.0045390725
1.0,0.93653274
0.0,0.008532077
0.0,0.052907735
1.0,0.572015
1.0,0.94349146
1.0,0.9375659
0.0,0.027333051
0.0,0.07599828
1.0,0.8033781
1.0,0.97130907
1.0,0.98311454
0.0,0.8623075
0.0,0.4860882
0.0,0.0006080866
1.0,0.08212629
1.0,0.98130125
0.0,0.010098398
0.0,0.8485229
1.0,0.8614945
1.0,0.97194934
0.0,0.0055514574
1.0,0.8439503
1.0,0.5481294
0.0,0.011313617
1.0,0.18496293
0.0,0.034704536
0.0,0.0033975542
0.0,0.9303373
0.0,0.02829954
1.0,0.78050935
0.0,0.30325314
1.0,0.806563
1.0,0.73531145
1.0,0.5869091
0.0,0.00252375
0.0,0.42499268
1.0,0.48722973
0.0,0.00065431
1.0,0.8142098
1.0,0.8061011
0.0,0.9550098
0.0,0.03232187
1.0,0.031892627
1.0,0.97818553
0.0,0.0016051233
1.0,0.7287767
1.0,0.2890783
1.0,0.87218446
1.0,0.99000764
1.0,0.34879774
1.0,0.95912933
0.0,0.02437967
0.0,0.25229052
0.0,0.027077347
1.0,0.94277215
1.0,0.5364956
0.0,0.047894955
0.0,0.021891803
1.0,0.08332127
0.0,0.0047410727
1.0,0.9822818
0.0,0.11572027
1.0,0.76380765
1.0,0.950629
0.0,0.2260572
1.0,0.30463648
0.0,0.018115073
1.0,0.9907534
1.0,0.9506433
1.0,0.15745312
0.0,0.017931342
0.0,0.021048516
1.0,0.734304
0.0,0.05927521
1.0,0.9145645
0.0,0.019408047
0.0,0.9091228
0.0,0.06825629
0.0,0.41777408
0.0,0.0015522838
0.0,0.17814544
0.0,0.13958204
1.0,0.9553753
1.0,0.09911302
0.0,0.012140334
1.0,0.97836506
1.0,0.85824144
0.0,0.8635539
0.0,0.8269687
0.0,0.052936047
0.0,0.060118705
0.0,0.01151225
0.0,0.030555218
1.0,0.32475358
1.0,0.9847237
0.0,0.0034229755
0.0,0.001231283
0.0,0.69500715
0.0,0.9258114
0.0,0.10553932
1.0,0.9630823
0.0,0.08997381
0.0,0.042541653
1.0,0.88682675
1.0,0.96820194
0.0,0.019412845
0.0,0.1407372
0.0,0.0037788153
1.0,0.9244528
1.0,0.89469427
0.0,0.018672526
0.0,0.021704227
0.0,0.0049880743
0.0,0.19479841
0.0,0.004354328
1.0,0.9654499
1.0,0.7254288
1.0,0.14042771
0.0,0.0012063682
1.0,0.17267951
0.0,0.46721256
1.0,0.99017847
1.0,0.5277194
0.0,0.0030236542
0.0,0.0011897385
0.0,0.002213478
0.0,0.8051909
0.0,0.5376355
1.0,0.9959941
0.0,0.7217692
0.0,0.64057887
0.0,0.010860413
0.0,0.0008761883
0.0,0.26256314
0.0,0.09504858
0.0,0.04935816
1.0,0.83681965
1.0,0.9717773
0.0,0.0020352602
0.0,0.8627853
0.0,0.6267503
0.0,0.03282699
1.0,0.98256296
0.0,0.035415977
0.0,0.14338195
1.0,0.3643601
0.0,0.8788175
0.0,0.009272784
0.0,0.009498894
0.0,0.00533849
1.0,0.98923254
1.0,0.9137866
0.0,0.0027923882
1.0,0.36601752
1.0,0.9639974
1.0,0.9602464
0.0,0.19988796
0.0,0.12504658
1.0,0.96396345
1.0,0.97006905
0.0,0.004024893
1.0,0.9629295
0.0,0.02193302
1.0,0.92569315
1.0,0.92305934
1.0,0.899655
0.0,0.016450495
1.0,0.73838574
1.0,0.3106116
0.0,0.08114049
0.0,0.02642271
0.0,0.9847894
0.0,0.038390517
0.0,0.011140436
0.0,0.0021980703
1.0,0.99351573
0.0,0.0763765
0.0,0.06185186
0.0,0.1628331
0.0,0.0033256114
0.0,0.053020984
0.0,0.020595342
1.0,0.9015368
0.0,0.010648698
0.0,0.010163754
0.0,0.49718982
1.0,0.87155783
1.0,0.8831793
1.0,0.9289532
1.0,0.9759135
0.0,0.00747782
0.0,0.028363556
0.0,0.011295348
0.0,0.07637784
0.0,0.67208755
0.0,0.006646514
1.0,0.96000934
0.0,0.7645703
1.0,0.08059421
1.0,0.030311853
1.0,0.6898025
0.0,0.024915248
0.0,0.007473439
0.0,0.0011892915
0.0,0.00688982
1.0,0.40261546
1.0,0.9665307
1.0,0.7758206
1.0,0.89176416
1.0,0.9907377
0.0,0.013026863
0.0,0.028635234
0.0,0.8730229
0.0,0.005851239
1.0,0.9651151
0.0,0.003940463
0.0,0.80459106
1.0,0.9771743
1.0,0.7839053
0.0,0.008181572
0.0,0.16623735
0.0,0.4769776
0.0,0.4161489
1.0,0.8159939
0.0,0.97984505
0.0,0.444477
1.0,0.9916261
0.0,0.059361964
1.0,0.9696652
1.0,0.9630754
0.0,0.0012012422
0.0,0.7683239
0.0,0.0035631359
0.0,0.01111275
1.0,0.7573185
0.0,0.008486211
0.0,0.04604727
0.0,0.32820016
0.0,0.0018715262
1.0,0.9773422
1.0,0.16334882
1.0,0.8969233
1.0,0.93269926
0.0,0.72256947
0.0,0.025305659
1.0,0.88205016
0.0,0.008178502
1.0,0.38569283
0.0,0.024813682
1.0,0.954682
1.0,0.9856876
0.0,0.5334237
0.0,0.07553047
0.0,0.5196517
0.0,0.018540442
0.0,0.00598222
0.0,0.015402764
1.0,0.8685051
0.0,0.0042675138
0.0,0.14993194
0.0,0.3015538
0.0,0.08869246
0.0,0.006957382
0.0,0.0007724762
0.0,0.6586948
0.0,0.0011626184
0.0,0.000802964
0.0,0.028395206
0.0,0.08566418
0.0,0.015607476
1.0,0.15697071
0.0,0.08047551
1.0,0.9805486
0.0,0.0026356578
0.0,0.0012572706
1.0,0.79672384
0.0,0.0048792064
1.0,0.96989423
0.0,0.057516873
1.0,0.9447719
0.0,0.7481536
0.0,0.012485236
1.0,0.8273356
1.0,0.149084
0.0,0.004639834
0.0,0.058360428
0.0,0.0011703968
0.0,0.00076174736
0.0,0.00286749
0.0,0.8046291
1.0,0.96927553
1.0,0.85286903
0.0,0.12516087
0.0,0.006082654
1.0,0.76642156
1.0,0.94203174
1.0,0.76223505
0.0,0.0007420182
1.0,0.0211626
0.0,0.23275793
1.0,0.5006691
0.0,0.0007085502
1.0,0.71832323
0.0,0.002777934
0.0,0.09398827
0.0,0.03502649
0.0,0.90725976
1.0,0.9547931
0.0,0.04167658
0.0,0.094613165
1.0,0.9741366
0.0,0.006612301
0.0,0.8777547
0.0,0.77137136
1.0,0.98021007
0.0,0.72434086
0.0,0.01997009
0.0,0.97854364
1.0,0.9633281
0.0,0.0009847283
0.0,0.8173705
0.0,0.042982966
1.0,0.535431
0.0,0.018821478
1.0,0.9692136
0.0,0.25009882
1.0,0.7526988
1.0,0.9920155
0.0,0.9630554
1.0,0.9566952
1.0,0.99018407
0.0,0.008698046
0.0,0.9622363
0.0,0.0068953335
1.0,0.97484314
0.0,0.35585836
1.0,0.47216395
1.0,0.5807844
0.0,0.0117890835
1.0,0.9622634
0.0,0.18043691
1.0,0.48640987
0.0,0.8984563
1.0,0.18375015
0.0,0.7576209
1.0,0.006483853
0.0,0.58467346
0.0,0.0068953335
0.0,0.0040407777
0.0,0.011227518
0.0,0.009692311
0.0,0.0008714199
0.0,0.0020721257
0.0,0.26601642
0.0,0.077001005
0.0,0.45837596
0.0,0.35937667
0.0,0.020201296
1.0,0.941227
1.0,0.2128323
0.0,0.5690624
1.0,0.012438774
0.0,0.02092877
0.0,0.2994451
0.0,0.87041754
0.0,0.054572195
0.0,0.03879258
0.0,0.15990525
1.0,0.93087804
0.0,0.0012631118
0.0,0.005430281
1.0,0.006903231
0.0,0.0050092936
1.0,0.9490247
0.0,0.07564056
0.0,0.022017896
1.0,0.92423505
0.0,0.00722301
1.0,0.9445233
0.0,0.0041276813
0.0,0.00087982416
0.0,0.00748232
1.0,0.96910393
0.0,0.013736665
1.0,0.22410959
1.0,0.7997538
0.0,0.98104835
0.0,0.00063061714
1.0,0.014394432
0.0,0.0039743483
0.0,0.061052054
0.0,0.79589117
0.0,0.0009537935
0.0,0.84599555
0.0,0.9501481
1.0,0.6584259
0.0,0.010209858
1.0,0.8298583
0.0,0.0016026199
0.0,0.0016290545
0.0,0.002970159
1.0,0.91268444
1.0,0.97179025
0.0,0.23447618
0.0,0.48869348
0.0,0.0013203621
0.0,0.10012993
0.0,0.030032963
0.0,0.008998275
0.0,0.00086292624
1.0,0.12448102
1.0,0.9029514
0.0,0.019540489
0.0,0.9767687
1.0,0.15781876
0.0,0.0007970929
1.0,0.9369252
0.0,0.002402544
0.0,0.024122119
1.0,0.93861055
0.0,0.769807
1.0,0.429627
1.0,0.97321707
1.0,0.9822102
0.0,0.2807427
0.0,0.020720273
0.0,0.18318543
1.0,0.9531361
0.0,0.524046
1.0,0.9805076
0.0,0.015079975
0.0,0.007898569
0.0,0.1406169
1.0,0.8998153
0.0,0.0064409673
0.0,0.020681888
0.0,0.5493471
1.0,0.024967521
1.0,0.9916949
0.0,0.047435135
0.0,0.007122338
1.0,0.96700215
1.0,0.9804368
1.0,0.9199113
1.0,0.09961671
0.0,0.002919674
1.0,0.91285014
0.0,0.26504734
0.0,0.03709832
0.0,0.0022192597
1.0,0.84323704
0.0,0.16567397
0.0,0.078079194
0.0,0.0016230941
1.0,0.79970324
0.0,0.27237898
1.0,0.9759534
1.0,0.9465604
0.0,0.016125888
1.0,0.81248045
0.0,0.018150449
1.0,0.6983934
0.0,0.47965556
0.0,0.012189031
0.0,0.020837188
0.0,0.062583685
1.0,0.9896909
0.0,0.023220897
0.0,0.26573154
0.0,0.50765157
1.0,0.99557173
1.0,0.91228306
0.0,0.028564334
1.0,0.9585316
1.0,0.9793589
1.0,0.99469763
1.0,0.38009894
0.0,0.15998706
1.0,0.79230356
0.0,0.04392937
0.0,0.5512548
1.0,0.42567635
0.0,0.012025595
0.0,0.012335449
0.0,0.04661566
1.0,0.48114106
0.0,0.46291038
0.0,0.23855162
1.0,0.965742
0.0,0.008487195
1.0,0.7993322
0.0,0.009621948
0.0,0.9472749
1.0,0.8536826
1.0,0.9360613
0.0,0.0048457384
1.0,0.95061547
1.0,0.9795388
0.0,0.81264925
0.0,0.790725
1.0,0.8339131
0.0,0.021896422
1.0,0.96781427
0.0,0.043034077
0.0,0.051966995
1.0,0.3734954
1.0,0.90818477
0.0,0.030091643
1.0,0.58374786
0.0,0.07257509
0.0,0.05255395
1.0,0.9739287
0.0,0.0145609975
0.0,0.045853436
0.0,0.023838311
1.0,0.61643994
0.0,0.01227659
0.0,0.0090510845
1.0,0.9193153
1.0,0.9709686
0.0,0.019586295
0.0,0.3549435
0.0,0.0025390685
1.0,0.15291163
0.0,0.7144954
0.0,0.0017721057
0.0,0.02345848
0.0,0.0038149953
0.0,0.0028341115
1.0,0.24525574
0.0,0.33804703
0.0,0.0011994541
0.0,0.5020552
1.0,0.9350781
1.0,0.99219227
1.0,0.87409985
0.0,0.88643867
0.0,0.0079399645
0.0,0.96971416
1.0,0.9759001
0.0,0.027011424
1.0,0.56306076
0.0,0.009881824
1.0,0.9858954
0.0,0.042518288
1.0,0.8938532
0.0,0.92259294
1.0,0.46775448
0.0,0.08222276
0.0,0.082583696
1.0,0.90224504
1.0,0.9324303
1.0,0.97943544
0.0,0.09628147
1.0,0.9574702
1.0,0.6319686
1.0,0.17208394
0.0,0.0010012388
1.0,0.73965675
0.0,0.013402909
0.0,0.93360305
1.0,0.68512136
0.0,0.35112536
0.0,0.012459874
0.0,0.017590523
0.0,0.04911524
0.0,0.6297691
1.0,0.9695586
1.0,0.96038866
0.0,0.47770354
0.0,0.71777225
0.0,0.013764381
1.0,0.9929725
0.0,0.8601072
0.0,0.19486648
0.0,0.0031369627
0.0,0.013592511
0.0,0.026609153
0.0,0.96291006
1.0,0.9811006
1.0,0.97705066
1.0,0.07870579
0.0,0.40479597
0.0,0.0038617551
0.0,0.004919052
0.0,0.020056397
0.0,0.025003225
1.0,0.9645989
0.0,0.021513999
0.0,0.16927817
1.0,0.98717254
0.0,0.0632242
1.0,0.056412756
1.0,0.9085841
0.0,0.51930684
0.0,0.0030995905
0.0,0.03374204
1.0,0.65395576
0.0,0.09328014
0.0,0.01145184
1.0,0.9379865
1.0,0.5555064
0.0,0.0017987192
0.0,0.05375147
0.0,0.67413336
0.0,0.009058505
0.0,0.36429214
1.0,0.34755945
1.0,0.92953986
0.0,0.008635998
0.0,0.0007503927
0.0,0.85444725
0.0,0.26903713
1.0,0.9482145
0.0,0.017091185
1.0,0.9829755
0.0,0.029285342
1.0,0.96807647
0.0,0.005638212
1.0,0.9669455
1.0,0.7851666
0.0,0.020728916
0.0,0.14563826
0.0,0.0050331354
0.0,0.045044214
1.0,0.7685541
1.0,0.0015781224
1.0,0.18927217
1.0,0.35851806
1.0,0.75522894
0.0,0.00064757466
1.0,0.31827977
1.0,0.8034713
0.0,0.014903396
0.0,0.026409268
0.0,0.022294939
1.0,0.5082176
1.0,0.9823661
0.0,0.8925836
0.0,0.0052478015
1.0,0.88749003
0.0,0.0072931647
0.0,0.025076568
1.0,0.96182716
0.0,0.5450848
0.0,0.020681888
1.0,0.11717388
1.0,0.9244542
0.0,0.0077837706
0.0,0.012207806
0.0,0.012003571
1.0,0.98212814
1.0,0.9664389
0.0,0.7773026
0.0,0.22564998
1.0,0.98598385
1.0,0.7325331
0.0,0.005857259
0.0,0.096589565
0.0,0.090054065
1.0,0.27527198
1.0,0.19504923
0.0,0.021951348
0.0,0.07386428
1.0,0.9674785
0.0,0.014540255
0.0,0.018672913
0.0,0.042019933
0.0,0.84871155
1.0,0.9630579
0.0,0.8489432
0.0,0.010929018
0.0,0.9231261
0.0,0.36515278
0.0,0.037265718
1.0,0.85019886
1.0,0.80541825
0.0,0.32244438
1.0,0.9736804
0.0,0.4518302
1.0,0.95963174
1.0,0.018811077
1.0,0.95481634
0.0,0.0053036213
0.0,0.2768156
0.0,0.0074943304
1.0,0.99197054
0.0,0.0033148527
1.0,0.9883691
0.0,0.04338801
0.0,0.0014502704
1.0,0.13086632
1.0,0.9511788
0.0,0.002470374
1.0,0.81339157
0.0,0.019085169
1.0,0.9610226
0.0,0.00083708763
1.0,0.7226758
1.0,0.03456545
0.0,0.03315413
0.0,0.0039622486
0.0,0.008668631
0.0,0.010370642
0.0,0.008541822
0.0,0.89631736
0.0,0.06506196
0.0,0.011912018
0.0,0.9646747
0.0,0.0023362935
1.0,0.9505973
0.0,0.35720882
0.0,0.29862702
1.0,0.9945247
0.0,0.051276147
1.0,0.9874629
0.0,0.017986953
1.0,0.98687375
0.0,0.0036117733
0.0,0.042622626
1.0,0.986737
0.0,0.03671351
0.0,0.005245179
0.0,0.009357274
1.0,0.9755913
1.0,0.3603218
0.0,0.007814705
1.0,0.9691025
1.0,0.17074841
1.0,0.97230005
0.0,0.3366015
1.0,0.09723079
1.0,0.9337559
0.0,0.33936003
1.0,0.4813189
1.0,0.54976153
0.0,0.019722074
0.0,0.0019652247
0.0,0.011240989
0.0,0.016599476
0.0,0.004527867
0.0,0.028848946
0.0,0.020751685
0.0,0.0007803142
1.0,0.9309114
0.0,0.048179448
0.0,0.002687782
0.0,0.009321809
0.0,0.05336553
1.0,0.86169785
0.0,0.0017694831
1.0,0.9113396
0.0,0.41775388
0.0,0.0029283762
1.0,0.56958914
1.0,0.87298465
0.0,0.17996469
0.0,0.0603593
1.0,0.9065968
0.0,0.9469299
0.0,0.017316014
1.0,0.69419175
1.0,0.6968909
1.0,0.815275
1.0,0.84911704
0.0,0.022564948
0.0,0.0013641715
1.0,0.5763994
0.0,0.00906685
0.0,0.00067171454
1.0,0.98067224
1.0,0.87785935
1.0,0.9778578
0.0,0.0105475485
1.0,0.14624408
1.0,0.9582726
1.0,0.96550894
0.0,0.0017451346
0.0,0.003599435
1.0,0.2263822
0.0,0.020376652
0.0,0.80941916
0.0,0.024829626
1.0,0.98324203
0.0,0.013331085
0.0,0.013122171
0.0,0.04035753
0.0,0.19177571
0.0,0.06586903
0.0,0.002331376
0.0,0.8945566
1.0,0.9935931
0.0,0.04192832
1.0,0.85037625
0.0,0.0025769472
0.0,0.80857515
0.0,0.8997534
1.0,0.005467415
0.0,0.74696463
0.0,0.007846326
0.0,0.0008507371
0.0,0.3211946
0.0,0.047899723
1.0,0.9742484
0.0,0.42714494
1.0,0.94866705
0.0,0.0112119615
0.0,0.028312087
0.0,0.019359857
0.0,0.7454389
0.0,0.042997837
0.0,0.54302466
0.0,0.20403695
0.0,0.1440247
1.0,0.89442015
0.0,0.03846386
1.0,0.69417495
1.0,0.63011485
0.0,0.052602768
0.0,0.013921231
1.0,0.7965901
0.0,0.008969963
1.0,0.78084475
1.0,0.7038499
0.0,0.0052450895
1.0,0.50175613
0.0,0.0020418167
1.0,0.9731066
0.0,0.09822762
0.0,0.15482906
1.0,0.64256144
0.0,0.8272956
0.0,0.0015389621
0.0,0.7042741
1.0,0.7244804
1.0,0.9613527
0.0,0.0012920797
0.0,0.050577074
1.0,0.6112816
0.0,0.6646923
1.0,0.09825364
0.0,0.10893077
1.0,0.0809007
0.0,0.72680175
0.0,0.017476678
0.0,0.789116
0.0,0.008915156
0.0,0.19154635
1.0,0.017280906
0.0,0.48724228
1.0,0.8867929
0.0,0.009059966
1.0,0.4625465
0.0,0.0054748654
0.0,0.0028693676
0.0,0.020766914
0.0,0.02493319
0.0,0.17469442
0.0,0.122197896
0.0,0.051746786
0.0,0.044694155
1.0,0.961024
0.0,0.011478871
0.0,0.05532652
1.0,0.87232494
1.0,0.49532256
0.0,0.018899381
0.0,0.12766957
1.0,0.7867621
0.0,0.15759137
1.0,0.044196367
1.0,0.9314091
1.0,0.82858706
1.0,0.7730101
0.0,0.031081468
0.0,0.0014499128
1.0,0.13930145
0.0,0.3356842
1.0,0.9775263
1.0,0.764603
1.0,0.98085475
0.0,0.09082484
0.0,0.0033394992
0.0,0.17800236
0.0,0.01558876
1.0,0.31527388
1.0,0.90587294
0.0,0.0686495
0.0,0.19926685
0.0,0.06691462
0.0,0.3392014
1.0,0.029372096
1.0,0.76081014
1.0,0.95561886
0.0,0.9183979
1.0,0.57579577
1.0,0.7720069
1.0,0.28047046
1.0,0.9617661
0.0,0.32461125
0.0,0.8280865
0.0,0.8200272
0.0,0.0062672794
1.0,0.8911045
1.0,0.98350626
1.0,0.8968209
1.0,0.8804047
0.0,0.032607228
0.0,0.0023131669
0.0,0.021752179
0.0,0.04606542
1.0,0.85944504
0.0,0.16927472
0.0,0.026136637
0.0,0.10148293
0.0,0.0057139993
1.0,0.8068507
1.0,0.81809086
1.0,0.9460318
0.0,0.08812082
0.0,0.08734688
1.0,0.8043502
1.0,0.9869946
0.0,0.058535993
1.0,0.921198
0.0,0.8351134
1.0,0.98849285
1.0,0.9901378
1.0,0.6420202
0.0,0.031603396
0.0,0.11850959
1.0,0.9829316
0.0,0.07699829
0.0,0.22187865
1.0,0.98452157
0.0,0.023958713
0.0,0.036545575
0.0,0.11107236
1.0,0.29810518
0.0,0.54351497
0.0,0.57726926
1.0,0.61300135
0.0,0.5089218
0.0,0.02663654
0.0,0.03982249
0.0,0.2567907
1.0,0.79943746
0.0,0.9082644
0.0,0.018663585
0.0,0.001098305
1.0,0.18539512
0.0,0.049235612
0.0,0.0013565719
1.0,0.841807
0.0,0.6428663
0.0,0.0056264997
1.0,0.9757211
1.0,0.8382349
0.0,0.00079771876
1.0,0.25838825
1.0,0.38674447
0.0,0.595408
0.0,0.59531194
1.0,0.59212506
1.0,0.77618754
0.0,0.0073610246
1.0,0.2488698
1.0,0.24216333
1.0,0.19742492
0.0,0.18156415
1.0,0.1283566
0.0,0.017228037
1.0,0.8388082
0.0,0.0011405945
1.0,0.92357516
0.0,0.79872906
0.0,0.10138726
1.0,0.7565551
0.0,0.026689857
1.0,0.9386691
1.0,0.8547014
1.0,0.9450588
1.0,0.69136524
0.0,0.019628346
1.0,0.018871069
0.0,0.523679
0.0,0.003317237
0.0,0.020126313
0.0,0.013323039
1.0,0.95416665
0.0,0.0049441457
0.0,0.543625
0.0,0.46173573
0.0,0.5901324
1.0,0.8962157
0.0,0.38982755
0.0,0.005061865
0.0,0.038777083
0.0,0.7958468
1.0,0.7987403
0.0,0.002929449
1.0,0.95477164
1.0,0.9703955
0.0,0.8118243
0.0,0.0022146702
0.0,0.0025388896
1.0,0.9509538
0.0,0.023921043
1.0,0.019398957
1.0,0.8150623
1.0,0.9612136
0.0,0.80553067
0.0,0.3545704
0.0,0.007318318
0.0,0.6680113
0.0,0.017246872
0.0,0.004027337
0.0,0.42575273
1.0,0.59712416
0.0,0.3168718
1.0,0.8906603
0.0,0.15923223
1.0,0.9727961
1.0,0.9481167
1.0,0.5189637
1.0,0.86505973
0.0,0.16530263
0.0,0.930605
0.0,0.025129348
1.0,0.7840667
1.0,0.9495195
0.0,0.0073042214
1.0,0.27403525
1.0,0.9547305
1.0,0.8409525
1.0,0.18255162
0.0,0.6856992
0.0,0.032925844
1.0,0.9089049
0.0,0.01382485
0.0,0.071332335
1.0,0.9692915
0.0,0.0060658455
0.0,0.7343277
0.0,0.1396712
0.0,0.003161788
0.0,0.08760074
1.0,0.97760725
0.0,0.004803151
0.0,0.29631144
1.0,0.08974692
0.0,0.037379682
1.0,0.95323074
0.0,0.24827045
0.0,0.007042855
0.0,0.004965842
0.0,0.34287512
1.0,0.7901672
0.0,0.2556643
0.0,0.11798161
1.0,0.90688443
1.0,0.88745916
0.0,0.024905473
0.0,0.0064445436
0.0,0.007830679
1.0,0.4248718
0.0,0.060415596
1.0,0.9196017
1.0,0.8473715
1.0,0.34195215
1.0,0.9668112
1.0,0.9113676
0.0,0.9256871
1.0,0.8760663
1.0,0.9841026
0.0,0.0038551688
0.0,0.0035257638
0.0,0.013146728
1.0,0.8718116
0.0,0.007945299
0.0,0.006652862
0.0,0.02842322
1.0,0.96359533
0.0,0.02691546
1.0,0.9470893
0.0,0.15844762
0.0,0.5940063
0.0,0.06359345
0.0,0.03237185
0.0,0.01020211
1.0,0.764611
1.0,0.98245543
0.0,0.024438381
0.0,0.06121871
1.0,0.48477358
0.0,0.00080642104
1.0,0.98196083
0.0,0.014154166
0.0,0.0082739
0.0,0.019260228
1.0,0.96735823
1.0,0.844084
0.0,0.023949534
0.0,0.21961394
1.0,0.7536025
0.0,0.014774293
0.0,0.0058341026
1.0,0.9300398
1.0,0.98719364
1.0,0.899596
0.0,0.0180763
1.0,0.9638094
1.0,0.9515486
0.0,0.20136932
0.0,0.013507813
0.0,0.0034953356
0.0,0.035149634
0.0,0.0010119379
0.0,0.024727374
1.0,0.5660438
1.0,0.9357066
0.0,0.053492635
0.0,0.006369233
0.0,0.058876157
0.0,0.1036174
1.0,0.94958305
0.0,0.95103025
0.0,0.025018185
0.0,0.7861872
0.0,0.965397
1.0,0.035667807
0.0,0.0010462105
0.0,0.7522414
1.0,0.96311635
0.0,0.030926287
0.0,0.11495677
0.0,0.016050875
0.0,0.0070025325
1.0,0.8378178
1.0,0.92758715
0.0,0.027512223
0.0,0.95947456
0.0,0.0020716786
0.0,0.9531045
0.0,0.9218335
0.0,0.44130507
0.0,0.0017608404
0.0,0.15815473
1.0,0.0049969554
0.0,0.019589216
1.0,0.23638132
0.0,0.8223678
0.0,0.0008267164
0.0,0.055345207
0.0,0.13183343
0.0,0.1847538
0.0,0.011808008
1.0,0.9764455
0.0,0.0018631518
0.0,0.7449945
0.0,0.048873425
1.0,0.78355527
1.0,0.9294033
0.0,0.024048984
0.0,0.49861386
0.0,0.0018028021
1.0,0.99483687
1.0,0.740372
1.0,0.97958505
0.0,0.109977275
1.0,0.9821445
0.0,0.02660817
0.0,0.00090560317
0.0,0.014494777
1.0,0.00590688
0.0,0.0010209382
0.0,0.003754139
1.0,0.9925965
1.0,0.4074102
0.0,0.006954789
1.0,0.9927733
0.0,0.02303785
1.0,0.79117215
0.0,0.07456592
1.0,0.92699355
0.0,0.9671397
0.0,0.16949987
1.0,0.8935183
0.0,0.0019142926
0.0,0.114065945
0.0,0.013115317
0.0,0.009567559
0.0,0.0338448
0.0,0.011314511
1.0,0.8866495
1.0,0.7938233
0.0,0.6226504
0.0,0.024310559
0.0,0.008464098
0.0,0.102411956
1.0,0.9892844
0.0,0.009819955
0.0,0.05469039
0.0,0.87672246
0.0,0.10310179
0.0,0.0007301569
1.0,0.94993544
1.0,0.9399922
0.0,0.0013825595
0.0,0.005980581
0.0,0.013965666
0.0,0.0027542412
1.0,0.8578762
0.0,0.85481465
0.0,0.017249733
0.0,0.0081138015
1.0,0.89348125
0.0,0.0061763525
0.0,0.2558049
1.0,0.9501569
0.0,0.0059636533
0.0,0.10046631
1.0,0.79382515
1.0,0.71600634
1.0,0.93465614
0.0,0.0019681156
0.0,0.003110975
0.0,0.20479715
0.0,0.0098076165
1.0,0.48280114
0.0,0.17305058
1.0,0.108035624
0.0,0.0009316206
0.0,0.0045218766
0.0,0.10457626
1.0,0.9767357
0.0,0.7672638
0.0,0.10724032
0.0,0.5674495
1.0,0.74301153
0.0,0.013240904
0.0,0.39432287
0.0,0.0012526512
1.0,0.04034826
0.0,0.0057828426
0.0,0.0011627972
1.0,0.093813986
1.0,0.9737158
0.0,0.00075778365
1.0,0.9870173
1.0,0.9866077
1.0,0.9198307
1.0,0.9029695
0.0,0.026192665
1.0,0.9020851
0.0,0.99320924
1.0,0.026826411
0.0,0.0079576075
1.0,0.37485757
0.0,0.8645505
1.0,0.24795672
1.0,0.9878214
1.0,0.6708015
0.0,0.0033521652
0.0,0.8158977
0.0,0.740221
0.0,0.007911891
0.0,0.021462202
0.0,0.15388408
1.0,0.98385936
1.0,0.9827188
1.0,0.21150881
0.0,0.0016216934
0.0,0.0068621635
0.0,0.032089204
0.0,0.722974
1.0,0.027203113
0.0,0.046349347
0.0,0.015181094
0.0,0.020881176
0.0,0.23518607
1.0,0.8573948
0.0,0.6871412
0.0,0.8577811
0.0,0.3813653
1.0,0.42462623
0.0,0.03173226
0.0,0.6002018
1.0,0.27851576
0.0,0.18585634
1.0,0.124374
0.0,0.014315218
0.0,0.32578462
0.0,0.0029318035
0.0,0.017097771
0.0,0.0009009242
1.0,0.90899134
0.0,0.09192893
0.0,0.044284254
1.0,0.9814677
1.0,0.96392345
0.0,0.24017447
1.0,0.007959008
0.0,0.08560297
0.0,0.051088184
1.0,0.964723
0.0,0.0009325743
0.0,0.19931349
0.0,0.017655194
0.0,0.0056310594
1.0,0.98428583
1.0,0.94788873
1.0,0.7814405
1.0,0.9761267
0.0,0.005951613
0.0,0.020025313
0.0,0.04419747
1.0,0.97272503
0.0,0.0072768927
0.0,0.019092768
1.0,0.9585544
1.0,0.47678193
1.0,0.89712965
0.0,0.0026991367
0.0,0.2733065
0.0,0.590245
1.0,0.9879278
1.0,0.94450307
1.0,0.9160048
0.0,0.27809286
0.0,0.0007009208
0.0,0.0011849105
1.0,0.8798151
1.0,0.15640333
0.0,0.24851343
1.0,0.9584806
1.0,0.6325319
1.0,0.94578534
1.0,0.56092674
0.0,0.17691642
0.0,0.031964034
1.0,0.3368039
1.0,0.77097845
0.0,0.023644716
0.0,0.019913316
0.0,0.0052163005
0.0,0.016076863
0.0,0.020560712
0.0,0.7243961
0.0,0.009175271
0.0,0.044036895
1.0,0.8904464
1.0,0.8027142
0.0,0.8076272
1.0,0.9752435
0.0,0.0024915934
1.0,0.9238192
0.0,0.19813341
1.0,0.9724331
0.0,0.0012921691
0.0,0.0026386678
0.0,0.0031501949
0.0,0.4440046
1.0,0.09722498
1.0,0.9855245
0.0,0.022934973
0.0,0.065101266
1.0,0.27097598
0.0,0.033697963
1.0,0.96495175
1.0,0.79706186
0.0,0.009301811
0.0,0.018001944
0.0,0.24144357
0.0,0.9933916
0.0,0.8250741
0.0,0.00650388
0.0,0.39917195
0.0,0.017391324
1.0,0.9712447
1.0,0.9634931
1.0,0.88334876
1.0,0.8223234
0.0,0.0068159997
0.0,0.53825337
1.0,0.8983226
0.0,0.49741936
0.0,0.008256763
0.0,0.024209082
1.0,0.30395195
1.0,0.231736
0.0,0.0039597154
1.0,0.9513314
1.0,0.984095
0.0,0.0010930598
0.0,0.011135995
1.0,0.954456
0.0,0.013082981
0.0,0.9253422
0.0,0.0011359751
0.0,0.022289276
1.0,0.067433864
0.0,0.012671769
0.0,0.0042607486
0.0,0.33885354
1.0,0.3053792
0.0,0.0043549538
0.0,0.05269885
1.0,0.7541319
0.0,0.0052817166
0.0,0.25012514
0.0,0.9422864
1.0,0.98417187
1.0,0.66152954
1.0,0.07584119
0.0,0.03270051
0.0,0.16681534
1.0,0.2560836
0.0,0.0023366213
0.0,0.0015579164
0.0,0.04173076
0.0,0.0147256255
1.0,0.47028315
0.0,0.26656145
0.0,0.87361586
1.0,0.7876124
0.0,0.02368939
0.0,0.028962553
0.0,0.7839032
0.0,0.21181095
1.0,0.80452335
1.0,0.9837839
0.0,0.41719535
1.0,0.7100611
0.0,0.009487718
0.0,0.011798859
0.0,0.0014551282
1.0,0.5109225
0.0,0.001977414
0.0,0.01722011
1.0,0.94054234
1.0,0.7420755
1.0,0.9019158
0.0,0.64289874
1.0,0.9294308
1.0,0.8899225
0.0,0.0005760789
0.0,0.9192094
0.0,0.6440606
1.0,0.62413824
0.0,0.02007389
0.0,0.19149902
0.0,0.011032939
0.0,0.016182065
0.0,0.011665642
0.0,0.05816722
0.0,0.24930689
0.0,0.84829754
0.0,0.29549634
1.0,0.53965485
1.0,0.80018616
1.0,0.7341332
0.0,0.0050005615
1.0,0.9926939
0.0,0.21704373
0.0,0.030838996
1.0,0.95741546
0.0,0.20348656
0.0,0.00892064
0.0,0.2607531
0.0,0.012488216
0.0,0.16085085
0.0,0.8443892
0.0,0.02924043
1.0,0.89493763
0.0,0.00069335103
0.0,0.007502049
0.0,0.0033321679
1.0,0.9378326
1.0,0.94940066
0.0,0.79414487
1.0,0.7645935
0.0,0.019859076
1.0,0.11178768
0.0,0.007516563
0.0,0.0089529455
1.0,0.02698636
0.0,0.00094762444
0.0,0.0063972473
1.0,0.44459212
0.0,0.035815597
1.0,0.0117625
0.0,0.72942233
0.0,0.007765919
1.0,0.90889597
0.0,0.006547779
0.0,0.5176407
0.0,0.8276421
0.0,0.0059865713
0.0,0.00070619583
1.0,0.8972148
0.0,0.0015005767
0.0,0.046336353
0.0,0.017954022
1.0,0.6488938
0.0,0.9403547
0.0,0.03307751
1.0,0.8476008
0.0,0.0057074428
0.0,0.0017491281
0.0,0.033358842
0.0,0.093516916
1.0,0.5365027
0.0,0.014096081
0.0,0.0012916923
0.0,0.0051030815
0.0,0.0031072795
0.0,0.6800922
1.0,0.9720036
1.0,0.7810921
0.0,0.0064736605
1.0,0.9341798
0.0,0.015752971
0.0,0.006811172
0.0,0.01599297
0.0,0.1061604
1.0,0.96006775
0.0,0.016679466
0.0,0.0064489543
0.0,0.0860095
0.0,0.11912903
0.0,0.16285127
0.0,0.0062869787
0.0,0.0011343658
0.0,0.0030469
0.0,0.0015441477
0.0,0.96114445
1.0,0.29907674
0.0,0.015375674
0.0,0.00711596
0.0,0.0059354603
1.0,0.9896427
0.0,0.068523824
1.0,0.9019495
0.0,0.21618795
0.0,0.029568136
0.0,0.10974869
1.0,0.97155064
1.0,0.9928386
1.0,0.93324775
1.0,0.50203884
0.0,0.4126117
0.0,0.0034460127
1.0,0.9854629
1.0,0.9529815
0.0,0.010286629
0.0,0.04362619
0.0,0.81345296
1.0,0.97606504
0.0,0.019836545
0.0,0.0033352375
0.0,0.029867738
0.0,0.02349937
1.0,0.51309973
1.0,0.9630681
0.0,0.0009830594
1.0,0.52237076
0.0,0.023967266
0.0,0.019337118
0.0,0.0025717318
0.0,0.011250973
0.0,0.0077069104
1.0,0.9127692
0.0,0.0008607507
0.0,0.01663047
0.0,0.81105256
0.0,0.06632182
0.0,0.7869364
1.0,0.98352754
0.0,0.019358903
0.0,0.0119569
1.0,0.9235509
0.0,0.41766194
0.0,0.0036501884
1.0,0.9555944
1.0,0.7778183
0.0,0.09384856
1.0,0.9032366
0.0,0.31829756
1.0,0.78340805
1.0,0.99468905
0.0,0.0826315
1.0,0.95253444
0.0,0.02790007
0.0,0.022387713
0.0,0.35734862
0.0,0.51355535
0.0,0.025949538
0.0,0.0033577979
0.0,0.573152
1.0,0.9457967
0.0,0.06593025
0.0,0.027082145
0.0,0.4686894
0.0,0.19702971
1.0,0.9467709
0.0,0.010804206
0.0,0.54381704
0.0,0.013713539
0.0,0.005070001
0.0,0.0045921206
0.0,0.95609343
1.0,0.044505656
0.0,0.088553816
1.0,0.85350806
0.0,0.0023843646
1.0,0.13297725
0.0,0.044871956
0.0,0.11029664
0.0,0.028951705
0.0,0.82341194
0.0,0.4759642
0.0,0.03914094
0.0,0.12510887
0.0,0.0050354004
0.0,0.4465108
0.0,0.9365221
1.0,0.9709778
0.0,0.52268517
0.0,0.009238571
1.0,0.9893
0.0,0.0033516586
0.0,0.0037413538
0.0,0.0013332069
1.0,0.7746767
1.0,0.5975578
1.0,0.7331491
1.0,0.970449
0.0,0.081683815
1.0,0.9082884
0.0,0.15220073
1.0,0.56755817
0.0,0.2834319
0.0,0.9588918
0.0,0.21646011
0.0,0.0034465194
0.0,0.02624163
1.0,0.9540695
1.0,0.20384866
0.0,0.99038064
1.0,0.764648
0.0,0.0047836006
1.0,0.9594392
0.0,0.011999279
0.0,0.010969639
0.0,0.94316393
0.0,0.45846877
0.0,0.05989757
0.0,0.0016509593
1.0,0.9916402
0.0,0.0009563863
1.0,0.99070907
1.0,0.9091443
1.0,0.9661266
0.0,0.002235949
0.0,0.9799309
0.0,0.005425751
0.0,0.08197147
0.0,0.1838139
1.0,0.38065612
0.0,0.17922497
0.0,0.07193959
0.0,0.09769356
0.0,0.006359637
0.0,0.0017065704
0.0,0.1410093
0.0,0.75992227
0.0,0.006980926
0.0,0.8435937
1.0,0.9811797
0.0,0.51456124
0.0,0.01683253
0.0,0.004260361
0.0,0.003580004
1.0,0.90771455
0.0,0.6079587
1.0,0.9714171
0.0,0.5333181
1.0,0.9935675
1.0,0.9554981
0.0,0.0040184855
0.0,0.053128123
0.0,0.021549433
0.0,0.21450004
0.0,0.029428452
0.0,0.6548846
1.0,0.9588867
0.0,0.008619666
1.0,0.592863
0.0,0.5532093
0.0,0.0032616854
0.0,0.013342768
1.0,0.9592502
0.0,0.007792145
1.0,0.989269
0.0,0.0019726753
0.0,0.0226596
0.0,0.72119576
0.0,0.47517326
0.0,0.1030027
0.0,0.018284202
1.0,0.7647737
1.0,0.90051365
0.0,0.10441619
0.0,0.022410482
0.0,0.013088882
1.0,0.9519154
0.0,0.032575816
1.0,0.31566224
0.0,0.036995202
1.0,0.9107712
1.0,0.90609014
0.0,0.019035071
0.0,0.018645853
0.0,0.0034023523
1.0,0.9189992
0.0,0.23922884
0.0,0.8349177
1.0,0.9530333
1.0,0.3099993
0.0,0.7522469
0.0,0.019812256
1.0,0.9722023
0.0,0.008382589
0.0,0.008237481
0.0,0.004178196
1.0,0.61498183
0.0,0.04774016
0.0,0.023803443
1.0,0.93283415
1.0,0.7662312
0.0,0.4659907
0.0,0.007920593
0.0,0.009852588
1.0,0.9396204
1.0,0.9745854
1.0,0.68767345
0.0,0.063969076
0.0,0.0022699833
0.0,0.0098771155
0.0,0.00089362264
1.0,0.88257176
0.0,0.0008840859
0.0,0.6522044
0.0,0.2681016
0.0,0.41324684
0.0,0.28403914
0.0,0.0061162114
0.0,0.14048666
0.0,0.019301534
0.0,0.005102575
1.0,0.22495726
1.0,0.8546853
0.0,0.7300296
0.0,0.15744409
1.0,0.02065286
0.0,0.0019445717
1.0,0.9187131
0.0,0.018820614
0.0,0.013859302
1.0,0.9300592
1.0,0.97832537
0.0,0.2762788
0.0,0.03350678
1.0,0.45562232
0.0,0.17858446
0.0,0.13907832
0.0,0.9870502
0.0,0.020658135
1.0,0.9137907
1.0,0.2569961
0.0,0.3282239
0.0,0.0014064908
0.0,0.052343547
1.0,0.9022319
0.0,0.0038549304
1.0,0.3147573
0.0,0.036876798
1.0,0.848277
1.0,0.62902707
0.0,0.6420318
1.0,0.15412623
0.0,0.5977222
0.0,0.0037554502
1.0,0.9777194
1.0,0.16829345
0.0,0.022461057
0.0,0.26652908
0.0,0.77288985
0.0,0.8938242
1.0,0.94672513
0.0,0.069913864
0.0,0.24256745
0.0,0.0034172237
1.0,0.96848106
0.0,0.034490973
0.0,0.88610923
1.0,0.9564118
0.0,0.0007728636
0.0,0.8611288
0.0,0.039070785
1.0,0.43031695
0.0,0.15525231
1.0,0.9733282
0.0,0.01160413
1.0,0.028173417
1.0,0.53285855
1.0,0.9699765
1.0,0.8956579
0.0,0.0024494827
1.0,0.35773063
0.0,0.013082862
1.0,0.9774287
1.0,0.8407492
0.0,0.3601665
1.0,0.8845084
0.0,0.0013513267
1.0,0.6071335
1.0,0.5128836
0.0,0.027849495
0.0,0.9627543
1.0,0.99355304
1.0,0.13425621
0.0,0.13466305
0.0,0.37468606
0.0,0.00068444014
0.0,0.00649181
0.0,0.5257809
1.0,0.90176034
1.0,0.95742
1.0,0.44707835
1.0,0.76976013
1.0,0.99058485
1.0,0.98193705
0.0,0.69663733
1.0,0.9250965
0.0,0.0031225681
0.0,0.012723446
0.0,0.100661635
1.0,0.023235917
1.0,0.7235106
0.0,0.023994327
0.0,0.02357316
0.0,0.909369
1.0,0.8433391
1.0,0.09351334
1.0,0.89972746
0.0,0.002711624
0.0,0.97418195
0.0,0.07373366
0.0,0.14014417
0.0,0.01610738
0.0,0.013141423
1.0,0.97210944
1.0,0.9189316
0.0,0.034899175
0.0,0.024029493
0.0,0.8300296
0.0,0.6413581
0.0,0.6545501
0.0,0.23586598
0.0,0.8088344
1.0,0.8320616
0.0,0.115486056
1.0,0.92595315
0.0,0.0027264059
0.0,0.87496376
0.0,0.06994048
0.0,0.7294173
1.0,0.9404931
1.0,0.84854126
1.0,0.6400759
1.0,0.7802206
0.0,0.0018212497
0.0,0.78085685
1.0,0.57930803
1.0,0.9023253
0.0,0.22427005
0.0,0.00814569
0.0,0.037984878
1.0,0.7132401
0.0,0.00910455
1.0,0.033852518
0.0,0.014888823
0.0,0.04335633
0.0,0.018711
0.0,0.013302922
0.0,0.07452679
0.0,0.022323936
0.0,0.19565034
1.0,0.9783462
0.0,0.004113078
0.0,0.66032434
0.0,0.011477947
1.0,0.3285428
0.0,0.030356854
1.0,0.9857284
0.0,0.0064837337
0.0,0.006441921
0.0,0.0053032935
0.0,0.13731813
0.0,0.013063908
0.0,0.012161851
1.0,0.96058714
0.0,0.109846175
1.0,0.8534024
1.0,0.9478849
0.0,0.019735485
0.0,0.024922669
1.0,0.9395525
1.0,0.99172807
0.0,0.37905502
0.0,0.35469806
0.0,0.18379223
0.0,0.05715111
0.0,0.011790097
1.0,0.35613704
0.0,0.020403057
1.0,0.63921666
1.0,0.41623133
0.0,0.9692306
0.0,0.10581872
0.0,0.007819384
0.0,0.009484023
0.0,0.8794671
0.0,0.006276071
0.0,0.005751282
0.0,0.77640665
1.0,0.81720287
1.0,0.7770387
0.0,0.025752395
0.0,0.019000918
0.0,0.20882568
1.0,0.9364238
0.0,0.0015712976
0.0,0.012162536
1.0,0.48999912
1.0,0.9661642
0.0,0.23514551
0.0,0.044505924
0.0,0.012570798
1.0,0.95655155
0.0,0.02347058
1.0,0.96506405
1.0,0.7994276
0.0,0.0038141608
0.0,0.026257843
0.0,0.019633234
1.0,0.7195109
0.0,0.027480721
1.0,0.6893225
0.0,0.004304141
1.0,0.7742214
0.0,0.051524192
0.0,0.041780084
0.0,0.0018538833
1.0,0.9897473
0.0,0.7774359
1.0,0.9799747
1.0,0.9495101
0.0,0.0045144856
1.0,0.30548698
0.0,0.050766826
1.0,0.28744775
0.0,0.0016822219
1.0,0.94107175
0.0,0.001434505
1.0,0.802622
1.0,0.9693723
1.0,0.9822078
0.0,0.0073226094
1.0,0.9458652
1.0,0.4892658
0.0,0.0082164705
1.0,0.96184486
1.0,0.48038787
1.0,0.040626366
0.0,0.12481912
0.0,0.00886465
0.0,0.96659833
0.0,0.082845606
