0.0,0.2836198
0.0,0.78333807
1.0,0.38201392
0.0,0.08881265
1.0,0.47726256
0.0,0.046510667
1.0,0.9462167
1.0,0.70781463
1.0,0.7475734
0.0,0.0092069805
0.0,0.20542613
1.0,0.91660595
0.0,0.018628031
0.0,0.10264364
0.0,0.045771956
0.0,0.005422145
1.0,0.2754404
0.0,0.054865837
0.0,0.021430403
1.0,0.4650231
1.0,0.6698363
0.0,0.011017114
1.0,0.92681515
0.0,0.04503876
0.0,0.009207308
1.0,0.71360594
0.0,0.09432185
1.0,0.83487916
0.0,0.042046368
1.0,0.90519685
0.0,0.023728967
0.0,0.21999875
1.0,0.9296981
1.0,0.9730799
1.0,0.85603905
1.0,0.9528377
1.0,0.52015954
0.0,0.044183403
1.0,0.8733878
1.0,0.042732447
1.0,0.91315305
1.0,0.94939804
0.0,0.024374127
1.0,0.94250536
1.0,0.8946683
0.0,0.0367966
0.0,0.005641967
0.0,0.105876535
0.0,0.025158405
1.0,0.98139846
0.0,0.2725864
1.0,0.78909683
1.0,0.96565294
1.0,0.7129419
0.0,0.02207607
0.0,0.012648314
0.0,0.06453475
1.0,0.056332648
1.0,0.7429721
1.0,0.1868416
1.0,0.95259434
0.0,0.4245506
1.0,0.9550712
1.0,0.86210555
1.0,0.9465205
0.0,0.26914677
0.0,0.110108525
1.0,0.9433891
0.0,0.013016909
1.0,0.9028396
0.0,0.29414278
1.0,0.9044614
0.0,0.002802223
0.0,0.06551683
1.0,0.46217623
0.0,0.111600876
0.0,0.010251969
0.0,0.30094984
0.0,0.0105651915
1.0,0.92583966
0.0,0.03984189
1.0,0.95929766
1.0,0.9354513
1.0,0.97840023
1.0,0.95403624
1.0,0.84426916
1.0,0.959379
0.0,0.14747453
0.0,0.02794978
1.0,0.7805855
0.0,0.0071030557
1.0,0.17865208
0.0,0.020497173
0.0,0.6783253
0.0,0.24284288
1.0,0.95294535
0.0,0.03935072
0.0,0.07992935
1.0,0.5168533
1.0,0.95706666
0.0,0.015261948
0.0,0.05178398
1.0,0.026982784
0.0,0.10163692
0.0,0.11777872
1.0,0.86500645
1.0,0.034552753
0.0,0.036662936
1.0,0.020253658
1.0,0.9665698
1.0,0.90187824
0.0,0.08294627
1.0,0.044819623
0.0,0.108163625
0.0,0.043918848
1.0,0.5193332
0.0,0.04031551
1.0,0.40877414
1.0,0.6087133
1.0,0.95689344
0.0,0.31317985
1.0,0.9667754
0.0,0.89192486
0.0,0.026808709
0.0,0.29131722
1.0,0.4808137
0.0,0.010451943
0.0,0.15113369
1.0,0.9377693
1.0,0.76568776
1.0,0.9564328
0.0,0.04740143
0.0,0.02494824
1.0,0.278134
1.0,0.95328784
0.0,0.77494836
0.0,0.019235402
0.0,0.021495461
0.0,0.066119164
0.0,0.02655524
1.0,0.7506131
0.0,0.19084513
1.0,0.18718037
0.0,0.02570194
0.0,0.012772232
0.0,0.004287094
1.0,0.18084306
0.0,0.016447932
0.0,0.020956725
0.0,0.029660612
0.0,0.106722146
0.0,0.011517823
0.0,0.017455012
0.0,0.8784745
0.0,0.2185235
1.0,0.9201695
0.0,0.0077985227
0.0,0.016750365
1.0,0.97643715
0.0,0.013358861
0.0,0.2438542
0.0,0.064737886
0.0,0.037824303
0.0,0.13546252
1.0,0.9752532
0.0,0.11786422
1.0,0.83577675
0.0,0.060040534
0.0,0.007945716
1.0,0.73059785
0.0,0.8934183
0.0,0.9303958
0.0,0.89747417
0.0,0.0035272539
1.0,0.758866
1.0,0.87240565
0.0,0.049351215
1.0,0.6642911
0.0,0.30476755
1.0,0.91877973
1.0,0.7619791
1.0,0.9372517
1.0,0.9471186
1.0,0.9496387
0.0,0.8548288
0.0,0.0041967332
0.0,0.015113473
0.0,0.9451555
0.0,0.083530515
0.0,0.033682823
1.0,0.20069033
0.0,0.0041413605
0.0,0.83264434
1.0,0.9433619
1.0,0.72864294
1.0,0.96651757
0.0,0.01229158
0.0,0.09023574
0.0,0.009304225
1.0,0.06851369
0.0,0.28919172
0.0,0.26342762
0.0,0.5370104
0.0,0.41948766
0.0,0.14585286
1.0,0.096953034
0.0,0.029792935
1.0,0.21153858
0.0,0.007901996
0.0,0.054341614
0.0,0.008976847
1.0,0.9329469
0.0,0.07505143
0.0,0.10662487
0.0,0.03503841
0.0,0.0165838
0.0,0.8781657
0.0,0.19343576
1.0,0.96350145
0.0,0.020077974
0.0,0.014251977
1.0,0.41158175
1.0,0.96321964
0.0,0.32467026
0.0,0.022030413
0.0,0.0039907694
0.0,0.07542434
0.0,0.04919222
0.0,0.13452917
1.0,0.95369714
0.0,0.07613072
1.0,0.34945244
0.0,0.013409674
1.0,0.26533163
1.0,0.48645046
0.0,0.04395783
0.0,0.12422246
0.0,0.033822328
1.0,0.88974905
1.0,0.6862997
1.0,0.951089
1.0,0.80299026
0.0,0.035876006
0.0,0.81787026
1.0,0.97128135
0.0,0.5605807
0.0,0.0065807104
0.0,0.016587704
0.0,0.077079624
0.0,0.058887184
0.0,0.04196626
0.0,0.10837439
1.0,0.41503304
0.0,0.03543544
0.0,0.11076999
0.0,0.05267209
1.0,0.8756809
1.0,0.93526775
0.0,0.034146488
0.0,0.1735205
0.0,0.031786203
1.0,0.9645443
0.0,0.042798847
0.0,0.004473567
0.0,0.041647673
0.0,0.03372374
1.0,0.9665309
1.0,0.8141068
1.0,0.9613553
0.0,0.024354935
1.0,0.9042684
0.0,0.03650248
0.0,0.08900872
0.0,0.47536805
1.0,0.9355279
1.0,0.54664254
0.0,0.008536488
0.0,0.035781413
1.0,0.9078654
1.0,0.3584316
0.0,0.080061525
1.0,0.13665184
1.0,0.9503639
0.0,0.65777624
0.0,0.21546191
0.0,0.06567174
0.0,0.028120697
0.0,0.43766844
0.0,0.049930602
1.0,0.9738233
0.0,0.016777754
0.0,0.02666536
1.0,0.9766756
0.0,0.011247873
1.0,0.9432446
1.0,0.02717039
1.0,0.87229514
1.0,0.8535792
1.0,0.9379004
0.0,0.047240674
1.0,0.88509476
0.0,0.6981384
1.0,0.9751147
0.0,0.5690493
0.0,0.27122408
0.0,0.046110034
0.0,0.075728476
0.0,0.28698924
1.0,0.96463704
0.0,0.918054
1.0,0.7505952
0.0,0.8909738
1.0,0.737045
1.0,0.9650108
0.0,0.022750735
0.0,0.013413966
0.0,0.034612834
1.0,0.917534
1.0,0.17742467
0.0,0.006283313
0.0,0.0036306083
0.0,0.0128796995
0.0,0.028472185
1.0,0.8859007
1.0,0.81591094
0.0,0.06142369
0.0,0.09340742
1.0,0.75499487
1.0,0.96020365
1.0,0.3367468
0.0,0.058612645
0.0,0.7546824
0.0,0.0062330663
0.0,0.69749737
1.0,0.96140873
1.0,0.84454036
0.0,0.056762636
0.0,0.055645347
0.0,0.009568483
0.0,0.5088004
0.0,0.0062727034
0.0,0.22809988
1.0,0.48489884
0.0,0.15306246
0.0,0.03876537
0.0,0.07275218
0.0,0.50894374
0.0,0.8231234
0.0,0.04613471
0.0,0.009201229
1.0,0.5519205
0.0,0.03822139
1.0,0.67658913
0.0,0.005870551
0.0,0.19781467
0.0,0.18551609
0.0,0.0034333766
0.0,0.93927467
1.0,0.44737455
1.0,0.87572145
0.0,0.6812239
1.0,0.8312317
0.0,0.016687572
0.0,0.36214584
0.0,0.38457006
0.0,0.5018377
0.0,0.028147131
0.0,0.003831625
1.0,0.31806648
0.0,0.026053458
1.0,0.96103454
0.0,0.09093583
1.0,0.46482617
0.0,0.1365439
1.0,0.053149104
1.0,0.9238988
1.0,0.9328551
0.0,0.006941706
0.0,0.05160886
1.0,0.9285371
0.0,0.049687535
0.0,0.03227064
1.0,0.031254143
1.0,0.95529604
0.0,0.2593059
1.0,0.94637764
1.0,0.96806055
0.0,0.6597247
0.0,0.044881165
0.0,0.29495752
0.0,0.043375254
0.0,0.028728575
0.0,0.1115374
1.0,0.9633186
0.0,0.15749377
1.0,0.8374878
1.0,0.31010014
0.0,0.019853681
0.0,0.060065478
0.0,0.8093773
1.0,0.9626262
1.0,0.92801696
1.0,0.43646514
0.0,0.19883287
1.0,0.94978243
1.0,0.8808519
0.0,0.0051193535
0.0,0.21961117
0.0,0.8786055
0.0,0.65324646
1.0,0.9287926
0.0,0.032639086
1.0,0.5117779
0.0,0.77234757
0.0,0.06748706
0.0,0.03879553
0.0,0.013632029
0.0,0.017321497
0.0,0.033378273
0.0,0.03340563
0.0,0.014651895
0.0,0.06762466
0.0,0.35959867
0.0,0.14951852
0.0,0.025352657
0.0,0.31215164
0.0,0.036436588
1.0,0.7542339
0.0,0.31730878
1.0,0.9371516
0.0,0.030593812
0.0,0.020069242
0.0,0.013515651
0.0,0.7994282
0.0,0.5500711
0.0,0.10160634
0.0,0.11128461
0.0,0.004246652
0.0,0.036476493
0.0,0.037178695
0.0,0.61189425
1.0,0.8789163
0.0,0.025805563
0.0,0.018350422
0.0,0.53807056
0.0,0.056302756
1.0,0.6824209
0.0,0.752887
1.0,0.36761034
0.0,0.007231295
0.0,0.167824
1.0,0.9394641
0.0,0.8737797
1.0,0.73934203
1.0,0.8914518
1.0,0.873905
1.0,0.9503999
0.0,0.010235429
1.0,0.73277795
0.0,0.017166406
0.0,0.025139272
0.0,0.20480353
1.0,0.9798984
0.0,0.008804858
0.0,0.056245267
1.0,0.46638173
1.0,0.9817816
0.0,0.110667884
0.0,0.0048523247
1.0,0.66190183
0.0,0.069141
1.0,0.7086475
0.0,0.43878856
0.0,0.22647542
1.0,0.8485881
0.0,0.7912909
0.0,0.010743588
1.0,0.07535994
0.0,0.025852978
1.0,0.97022057
0.0,0.0076292157
1.0,0.47251698
1.0,0.5682673
1.0,0.77598405
1.0,0.9511838
0.0,0.13987795
0.0,0.052755475
1.0,0.7872822
0.0,0.028763205
0.0,0.32265037
1.0,0.73939097
1.0,0.84647465
1.0,0.9228258
0.0,0.009233773
1.0,0.91640913
1.0,0.8701913
0.0,0.15923738
1.0,0.9157926
0.0,0.41560474
1.0,0.82642823
1.0,0.88181174
0.0,0.7619182
0.0,0.49058712
1.0,0.28930175
0.0,0.37200874
1.0,0.9437917
0.0,0.8749657
0.0,0.031897396
0.0,0.87991196
1.0,0.9757898
0.0,0.0054514706
0.0,0.010168344
0.0,0.75659394
1.0,0.44092363
0.0,0.03119862
0.0,0.008404106
0.0,0.07702914
0.0,0.7078407
1.0,0.5845305
1.0,0.8964217
0.0,0.08715129
0.0,0.4749564
0.0,0.093940735
0.0,0.093603104
0.0,0.03523013
1.0,0.91514754
0.0,0.043342978
1.0,0.9400697
0.0,0.75853956
0.0,0.19636449
1.0,0.7789081
0.0,0.016928703
0.0,0.06624374
0.0,0.03670451
0.0,0.0067102015
0.0,0.11507815
0.0,0.004971415
0.0,0.040018886
0.0,0.06070739
1.0,0.8870907
1.0,0.96848994
0.0,0.0042437315
0.0,0.04318255
1.0,0.9384036
0.0,0.01888305
1.0,0.8776231
0.0,0.22491097
0.0,0.003993273
1.0,0.84921885
0.0,0.16183239
1.0,0.57710123
0.0,0.22044122
1.0,0.29695952
0.0,0.035487294
0.0,0.0345892
0.0,0.69259334
1.0,0.958555
0.0,0.0064840317
0.0,0.051519543
0.0,0.015244842
0.0,0.9262911
1.0,0.45304027
0.0,0.020370841
0.0,0.013642758
1.0,0.91302794
1.0,0.043839365
0.0,0.13628197
1.0,0.7771927
0.0,0.05289191
0.0,0.19741881
1.0,0.90223086
1.0,0.97850156
0.0,0.2701248
1.0,0.95126307
1.0,0.9518701
0.0,0.026183218
0.0,0.04006967
0.0,0.04771346
1.0,0.07216826
0.0,0.0046882927
0.0,0.05384761
0.0,0.009935111
1.0,0.9836285
1.0,0.53301644
0.0,0.01311028
1.0,0.5328091
1.0,0.056402624
0.0,0.37988067
1.0,0.91439366
0.0,0.0862824
1.0,0.912058
0.0,0.09401345
1.0,0.8582444
0.0,0.02449584
0.0,0.017321795
1.0,0.76149565
0.0,0.01054734
1.0,0.8618041
0.0,0.045499325
0.0,0.03116107
0.0,0.018785447
1.0,0.77631813
0.0,0.29046232
1.0,0.6494732
0.0,0.0060116947
1.0,0.51655644
1.0,0.5199521
0.0,0.0054940283
1.0,0.9585912
1.0,0.9337874
1.0,0.21672076
1.0,0.8621048
0.0,0.04798597
0.0,0.016704142
0.0,0.81548727
1.0,0.8909637
1.0,0.5337387
0.0,0.02660212
0.0,0.038921595
0.0,0.13445419
1.0,0.87143415
0.0,0.37172806
1.0,0.011155546
1.0,0.93152064
0.0,0.021941066
0.0,0.058050722
1.0,0.9480674
0.0,0.80972195
1.0,0.9638746
0.0,0.76021403
0.0,0.03364998
0.0,0.020731568
1.0,0.077276915
0.0,0.05427769
1.0,0.95213735
0.0,0.016573757
1.0,0.4415016
0.0,0.467769
0.0,0.120779485
1.0,0.060251385
1.0,0.35416436
1.0,0.6490655
1.0,0.8757092
0.0,0.047596514
0.0,0.0231359
0.0,0.3899502
0.0,0.0040179193
1.0,0.88388985
1.0,0.72910726
0.0,0.0046239793
0.0,0.01947534
0.0,0.005286932
1.0,0.77521855
0.0,0.03656867
0.0,0.034653515
0.0,0.05566275
0.0,0.23163876
0.0,0.04437965
0.0,0.18550241
1.0,0.8421639
0.0,0.9038306
1.0,0.32678515
0.0,0.078177035
0.0,0.26533484
1.0,0.7568735
1.0,0.87549925
1.0,0.94911265
0.0,0.034736037
0.0,0.1904419
1.0,0.21908125
0.0,0.0077748597
0.0,0.027853936
0.0,0.25257024
1.0,0.84894234
0.0,0.043453038
0.0,0.07574156
1.0,0.9572925
0.0,0.079479724
1.0,0.98084474
1.0,0.9165077
1.0,0.95737517
0.0,0.016848981
1.0,0.93921757
1.0,0.7911823
0.0,0.05064419
1.0,0.3446955
0.0,0.026855588
0.0,0.19983768
0.0,0.08445805
0.0,0.006365627
1.0,0.88764954
1.0,0.43297037
1.0,0.9726273
1.0,0.933191
1.0,0.96564364
0.0,0.5818156
0.0,0.96210015
1.0,0.9508953
0.0,0.038708895
1.0,0.7200365
1.0,0.9644325
0.0,0.051644355
1.0,0.11523244
1.0,0.4889062
0.0,0.029704899
0.0,0.052199006
0.0,0.012372971
0.0,0.04308492
1.0,0.6073043
1.0,0.9545073
0.0,0.009985924
0.0,0.028997988
1.0,0.047220618
1.0,0.83630896
1.0,0.07012367
0.0,0.037280798
1.0,0.76430535
1.0,0.19957677
0.0,0.029074311
0.0,0.13266847
1.0,0.8712462
1.0,0.96293724
0.0,0.45853335
1.0,0.8251176
0.0,0.10168746
0.0,0.6630325
1.0,0.9589601
0.0,0.6221025
1.0,0.9356171
0.0,0.69324815
0.0,0.2515882
0.0,0.07555768
1.0,0.9415885
1.0,0.43652213
0.0,0.016414672
0.0,0.012598574
1.0,0.8324717
0.0,0.03317535
1.0,0.9586337
1.0,0.8796647
1.0,0.78300595
0.0,0.097112
0.0,0.7299269
0.0,0.74012214
0.0,0.02080509
0.0,0.0045334697
1.0,0.9726409
0.0,0.3280659
0.0,0.01766646
1.0,0.93352824
0.0,0.039702564
1.0,0.049517214
1.0,0.83928514
0.0,0.02066192
0.0,0.20182753
0.0,0.8122826
0.0,0.012418717
0.0,0.0034548938
0.0,0.01602763
0.0,0.016707838
0.0,0.9052907
1.0,0.5849931
1.0,0.9441545
0.0,0.7326012
0.0,0.41432762
0.0,0.015212536
0.0,0.055331767
0.0,0.021104157
1.0,0.02536115
0.0,0.02471292
0.0,0.005620599
1.0,0.9716325
1.0,0.6238141
0.0,0.022116095
0.0,0.94614315
0.0,0.003540814
0.0,0.034526438
0.0,0.0054704547
0.0,0.05544874
1.0,0.88254035
1.0,0.77438664
1.0,0.89423156
0.0,0.006214291
1.0,0.75360614
1.0,0.9178437
0.0,0.09206244
0.0,0.0044185817
1.0,0.76479983
1.0,0.24093649
1.0,0.8691409
1.0,0.9210244
1.0,0.7689942
0.0,0.12936184
0.0,0.21500835
1.0,0.45133293
0.0,0.015496701
1.0,0.89449805
0.0,0.013259679
1.0,0.6847252
0.0,0.036970794
0.0,0.26057875
0.0,0.019190878
0.0,0.025019258
0.0,0.40390903
0.0,0.0052807033
0.0,0.007355839
0.0,0.034249693
0.0,0.6455194
0.0,0.0052975416
0.0,0.011043668
1.0,0.8913451
1.0,0.78909826
1.0,0.96352637
0.0,0.9414257
0.0,0.48806652
0.0,0.8292517
0.0,0.035723805
1.0,0.95350397
1.0,0.28288645
1.0,0.88322973
1.0,0.96733826
0.0,0.9015103
0.0,0.025876045
0.0,0.008305699
1.0,0.75084066
0.0,0.022444874
1.0,0.011618316
1.0,0.95079714
0.0,0.14022669
0.0,0.017550081
0.0,0.013675094
0.0,0.69695455
1.0,0.9048506
1.0,0.9501998
0.0,0.036868304
1.0,0.92715734
1.0,0.7196181
0.0,0.50059974
0.0,0.04042861
1.0,0.4879811
0.0,0.0058635473
0.0,0.072871566
0.0,0.009343296
0.0,0.28531134
0.0,0.04416901
1.0,0.5702079
0.0,0.07210863
0.0,0.49327156
1.0,0.96579427
1.0,0.87226987
0.0,0.4886897
0.0,0.53266925
1.0,0.744865
0.0,0.1094909
0.0,0.0034601688
1.0,0.5531501
0.0,0.08941707
0.0,0.030676603
0.0,0.033690542
1.0,0.9282491
0.0,0.20177159
1.0,0.86935794
1.0,0.95188093
1.0,0.983163
0.0,0.018647522
1.0,0.78941745
0.0,0.07585439
1.0,0.9278514
0.0,0.11353558
1.0,0.9419635
0.0,0.035480767
0.0,0.038981855
1.0,0.9574478
0.0,0.014945239
0.0,0.015388638
1.0,0.62838006
1.0,0.8694776
1.0,0.071362525
1.0,0.72356296
1.0,0.6406555
1.0,0.94130933
1.0,0.7814331
0.0,0.020837963
1.0,0.14130163
1.0,0.9750799
0.0,0.08290273
0.0,0.012967199
0.0,0.0041225553
1.0,0.5636351
0.0,0.022468776
0.0,0.05782458
0.0,0.2932858
1.0,0.9326618
0.0,0.0150613785
0.0,0.14224356
1.0,0.50745887
1.0,0.9295744
1.0,0.8550582
1.0,0.10342854
0.0,0.9679979
0.0,0.06902748
0.0,0.09593928
0.0,0.050967067
0.0,0.0069099963
0.0,0.106859
0.0,0.048843175
1.0,0.06129515
1.0,0.93502104
0.0,0.034554064
1.0,0.8621925
0.0,0.012897342
0.0,0.004659891
1.0,0.9662577
0.0,0.015170813
0.0,0.85099703
0.0,0.017824858
0.0,0.2478252
0.0,0.032698095
0.0,0.021179944
0.0,0.9091298
1.0,0.77898157
0.0,0.042239606
0.0,0.21882585
1.0,0.89751244
0.0,0.010977298
1.0,0.75810575
0.0,0.03915015
0.0,0.0055282116
0.0,0.029769927
0.0,0.28718698
0.0,0.004996717
0.0,0.010013849
0.0,0.03019914
0.0,0.04714176
0.0,0.7464411
1.0,0.6924885
0.0,0.075995326
1.0,0.7300893
0.0,0.5737784
1.0,0.0692637
0.0,0.1024206
0.0,0.008573085
0.0,0.101698786
1.0,0.93506324
1.0,0.047172785
1.0,0.21129331
0.0,0.03394586
0.0,0.5678181
1.0,0.789484
0.0,0.015781105
0.0,0.068452924
1.0,0.36507285
0.0,0.014562041
1.0,0.9263128
1.0,0.33099183
0.0,0.014922887
1.0,0.45334813
0.0,0.1404145
1.0,0.33161017
0.0,0.32557288
1.0,0.97414625
0.0,0.0032922626
0.0,0.9557217
0.0,0.07986587
0.0,0.04752505
0.0,0.008359551
0.0,0.0533368
0.0,0.025586039
1.0,0.91744417
0.0,0.008084208
0.0,0.0029087663
0.0,0.0033017397
0.0,0.12550417
0.0,0.16123301
1.0,0.24860457
0.0,0.5924046
0.0,0.09092873
1.0,0.584496
0.0,0.43973708
1.0,0.9300291
0.0,0.78612304
1.0,0.860692
1.0,0.9222441
0.0,0.013808548
1.0,0.98118
0.0,0.4165392
0.0,0.024287224
0.0,0.044923306
0.0,0.13793197
1.0,0.12026173
1.0,0.9570911
0.0,0.051051497
0.0,0.18557817
1.0,0.9730686
0.0,0.063042164
1.0,0.7303057
1.0,0.043682247
1.0,0.8438159
0.0,0.034923583
1.0,0.7029921
0.0,0.024787664
1.0,0.87293035
1.0,0.18569219
0.0,0.3974306
0.0,0.7804043
0.0,0.034102947
0.0,0.2948982
1.0,0.7900716
1.0,0.93334246
1.0,0.9709173
0.0,0.03383729
0.0,0.005312085
1.0,0.93148005
0.0,0.90969956
0.0,0.0036748052
0.0,0.023036212
1.0,0.66167325
0.0,0.07092631
0.0,0.02491936
0.0,0.15859121
0.0,0.06380257
1.0,0.73264015
1.0,0.92172134
0.0,0.1280975
0.0,0.04012996
0.0,0.015918046
1.0,0.96317625
0.0,0.044068426
0.0,0.7440115
1.0,0.88349205
0.0,0.014732659
0.0,0.6993091
1.0,0.9424683
0.0,0.060400307
1.0,0.30264097
1.0,0.22865626
0.0,0.03673953
0.0,0.05469942
0.0,0.011697054
0.0,0.023744375
1.0,0.95134914
1.0,0.98944914
1.0,0.97120184
1.0,0.2550569
0.0,0.8925617
0.0,0.05096057
1.0,0.734869
1.0,0.97345376
0.0,0.069123566
0.0,0.034374446
1.0,0.48779505
0.0,0.015993029
1.0,0.7314695
0.0,0.013213515
0.0,0.27773917
1.0,0.9626341
0.0,0.047328174
0.0,0.0050826073
0.0,0.06592652
0.0,0.045860082
0.0,0.414722
1.0,0.109108895
0.0,0.03695661
1.0,0.95391655
0.0,0.08978772
1.0,0.9432998
0.0,0.18195206
1.0,0.6985519
1.0,0.94763553
1.0,0.9791225
0.0,0.8810037
0.0,0.005086273
1.0,0.25659758
0.0,0.08835471
0.0,0.04349965
1.0,0.85654736
1.0,0.4400507
0.0,0.15017194
1.0,0.92399526
1.0,0.95918906
0.0,0.86916125
0.0,0.016963989
0.0,0.7571707
0.0,0.019677162
0.0,0.004224509
0.0,0.8702399
1.0,0.9487804
1.0,0.96082133
1.0,0.9359926
0.0,0.0044011474
0.0,0.026497722
0.0,0.013351709
0.0,0.04155436
0.0,0.043884963
0.0,0.081272155
1.0,0.89259195
1.0,0.9244086
1.0,0.65832514
0.0,0.13425809
0.0,0.048503608
1.0,0.8808795
0.0,0.15514171
0.0,0.5221956
1.0,0.86238587
0.0,0.7458695
0.0,0.77278876
1.0,0.78826845
0.0,0.061736047
1.0,0.6239874
1.0,0.8953855
0.0,0.92113537
0.0,0.020516574
1.0,0.9767558
0.0,0.0076580644
0.0,0.43724954
1.0,0.6251073
1.0,0.9378371
1.0,0.8242962
1.0,0.9101347
0.0,0.9411581
0.0,0.041747153
0.0,0.008345664
1.0,0.74138325
0.0,0.96577173
1.0,0.78628135
0.0,0.7610082
1.0,0.8988148
1.0,0.70295805
0.0,0.101692855
0.0,0.04430923
0.0,0.0062560737
0.0,0.3504752
0.0,0.07203978
0.0,0.012628496
1.0,0.4324733
1.0,0.1955548
0.0,0.8306632
1.0,0.939909
1.0,0.44538262
0.0,0.006076455
0.0,0.21942529
1.0,0.8139874
1.0,0.18044052
0.0,0.020210266
0.0,0.13988149
0.0,0.017911494
0.0,0.028220177
1.0,0.5419537
1.0,0.92583
0.0,0.03919509
0.0,0.0031141639
0.0,0.055540115
0.0,0.15061408
0.0,0.02681911
0.0,0.033118337
0.0,0.91196805
0.0,0.42915344
0.0,0.013977408
0.0,0.038149387
0.0,0.11816475
1.0,0.95246553
1.0,0.8493665
0.0,0.012973905
0.0,0.030979365
0.0,0.0032426417
0.0,0.007242918
0.0,0.15534726
0.0,0.31718367
0.0,0.036013573
0.0,0.3704071
1.0,0.90273577
1.0,0.97975254
1.0,0.88623124
1.0,0.84503627
1.0,0.9667529
0.0,0.56853426
0.0,0.067296535
0.0,0.051271796
0.0,0.08542338
1.0,0.744351
0.0,0.028938293
1.0,0.9053031
0.0,0.041675836
0.0,0.52191114
0.0,0.8516679
0.0,0.044531316
0.0,0.049590707
0.0,0.17804408
0.0,0.23652282
0.0,0.019933641
1.0,0.8926219
1.0,0.40752462
0.0,0.0960401
0.0,0.15996689
0.0,0.015976489
0.0,0.011878967
1.0,0.95646954
0.0,0.016073853
1.0,0.1319744
0.0,0.033356458
1.0,0.45510632
0.0,0.01683274
0.0,0.1325058
1.0,0.91223407
0.0,0.003334105
1.0,0.93070483
0.0,0.062514395
0.0,0.4245021
0.0,0.22421986
0.0,0.007273078
0.0,0.006981641
1.0,0.91281813
1.0,0.974436
0.0,0.40038446
0.0,0.083126724
0.0,0.026685178
0.0,0.3073564
1.0,0.8055157
0.0,0.7175318
1.0,0.20417818
1.0,0.530661
0.0,0.75834954
0.0,0.03020981
0.0,0.07003954
0.0,0.027029723
0.0,0.073307425
0.0,0.04823768
0.0,0.046897918
0.0,0.66997695
0.0,0.2656939
1.0,0.87409824
0.0,0.9544898
0.0,0.017273873
1.0,0.8754786
0.0,0.035703182
0.0,0.08587232
0.0,0.004571706
0.0,0.046561033
1.0,0.06997797
1.0,0.9488039
1.0,0.92503095
0.0,0.016802192
0.0,0.008686125
0.0,0.02709508
0.0,0.55512875
0.0,0.44436637
0.0,0.7663056
1.0,0.9808016
1.0,0.9532269
1.0,0.9199797
0.0,0.030208051
1.0,0.9661945
1.0,0.7216311
0.0,0.0550223
1.0,0.9356014
0.0,0.023779482
0.0,0.018432677
0.0,0.6673905
1.0,0.9705162
1.0,0.94274026
1.0,0.7808839
0.0,0.8798091
0.0,0.22798124
0.0,0.01578927
1.0,0.94251037
1.0,0.9678487
1.0,0.93619025
1.0,0.7883801
0.0,0.04913938
0.0,0.050404012
0.0,0.052182525
0.0,0.37115902
1.0,0.94086814
0.0,0.017119855
0.0,0.086773366
0.0,0.12374067
1.0,0.33745372
0.0,0.038301587
0.0,0.19131982
0.0,0.1331037
0.0,0.4781426
0.0,0.02928549
0.0,0.098962545
0.0,0.028663695
0.0,0.15731284
0.0,0.005585462
1.0,0.96533763
1.0,0.18091628
0.0,0.28361064
0.0,0.96520805
0.0,0.091858745
1.0,0.90909886
0.0,0.013976246
0.0,0.03636831
0.0,0.60538286
0.0,0.013978243
1.0,0.9234475
0.0,0.02042839
0.0,0.06236714
1.0,0.60346043
1.0,0.88294095
1.0,0.92807555
0.0,0.07905811
0.0,0.10767099
1.0,0.778722
1.0,0.9318636
1.0,0.9623045
0.0,0.88048214
0.0,0.5205915
0.0,0.004490763
1.0,0.07473835
1.0,0.9673175
0.0,0.02047056
0.0,0.7210833
1.0,0.72206634
1.0,0.9436545
0.0,0.01934424
1.0,0.8367407
1.0,0.61432517
0.0,0.024650425
1.0,0.14541706
0.0,0.059439093
0.0,0.011253595
0.0,0.891505
0.0,0.034073323
1.0,0.7611128
0.0,0.19497508
1.0,0.8081045
1.0,0.6928473
1.0,0.47294423
0.0,0.009822041
0.0,0.46239161
1.0,0.4944923
0.0,0.0026486516
1.0,0.7939583
1.0,0.7280553
0.0,0.9324043
0.0,0.04903248
1.0,0.08592382
1.0,0.96480536
0.0,0.0085550845
1.0,0.82998013
1.0,0.23308092
1.0,0.7788593
1.0,0.9812312
1.0,0.41913208
1.0,0.93886393
0.0,0.039022505
0.0,0.2729134
0.0,0.049470097
1.0,0.9345771
1.0,0.42768645
0.0,0.07938242
0.0,0.031799316
1.0,0.18057573
0.0,0.012953341
1.0,0.95590097
0.0,0.1900644
1.0,0.76113105
1.0,0.928216
0.0,0.24403647
1.0,0.3353069
0.0,0.03281787
1.0,0.97962046
1.0,0.9318501
1.0,0.18438536
0.0,0.040271103
0.0,0.0299654
1.0,0.771872
0.0,0.12406853
1.0,0.88130045
0.0,0.038677514
0.0,0.8149884
0.0,0.096868515
0.0,0.24592504
0.0,0.008582473
0.0,0.25717628
0.0,0.21448433
1.0,0.8980889
1.0,0.14980066
0.0,0.0271537
1.0,0.96237516
1.0,0.88555944
0.0,0.7817049
0.0,0.7863927
0.0,0.1065132
0.0,0.021473438
0.0,0.033105224
0.0,0.06589335
1.0,0.2643329
1.0,0.96674013
0.0,0.010241717
0.0,0.0070862174
0.0,0.74253
0.0,0.88248575
0.0,0.10951027
1.0,0.9384178
0.0,0.203341
0.0,0.0790678
1.0,0.7686688
1.0,0.932636
0.0,0.046087623
0.0,0.17893049
0.0,0.010097533
1.0,0.88291454
1.0,0.8676054
0.0,0.035971195
0.0,0.03970027
0.0,0.011514962
0.0,0.18167558
0.0,0.01041916
1.0,0.9490409
1.0,0.7764524
1.0,0.19026631
0.0,0.0035182834
1.0,0.23324692
0.0,0.4075932
1.0,0.98024845
1.0,0.41046107
0.0,0.006920129
0.0,0.004225731
0.0,0.010805815
0.0,0.62700415
0.0,0.6036544
1.0,0.98560965
0.0,0.7758574
0.0,0.5371335
0.0,0.025355816
0.0,0.0028811395
0.0,0.29598078
0.0,0.095033854
0.0,0.10834843
1.0,0.7649679
1.0,0.9569453
0.0,0.0060427487
0.0,0.5866494
0.0,0.7064814
0.0,0.054881454
1.0,0.95982444
0.0,0.03682834
0.0,0.17314512
1.0,0.43701255
0.0,0.8174415
0.0,0.02365771
0.0,0.013716012
0.0,0.009163111
1.0,0.97736037
1.0,0.90483975
0.0,0.011947393
1.0,0.41727853
1.0,0.93293786
1.0,0.94410753
0.0,0.16615924
0.0,0.27533054
1.0,0.9391567
1.0,0.95095026
0.0,0.012011826
1.0,0.95832527
0.0,0.046903044
1.0,0.91771203
1.0,0.92218983
1.0,0.81900704
0.0,0.028559417
1.0,0.7169925
1.0,0.30851167
0.0,0.10158065
0.0,0.053480983
0.0,0.9637612
0.0,0.06071806
0.0,0.036216617
0.0,0.008681387
1.0,0.9823136
0.0,0.13134545
0.0,0.10083249
0.0,0.40129718
0.0,0.010343432
0.0,0.08776632
0.0,0.03973776
1.0,0.8239329
0.0,0.017595738
0.0,0.026095957
0.0,0.48454642
1.0,0.8376862
1.0,0.8849766
1.0,0.8886672
1.0,0.94835854
0.0,0.015576243
0.0,0.07067284
0.0,0.023169369
0.0,0.23290244
0.0,0.7842102
0.0,0.011477202
1.0,0.9345157
0.0,0.69513345
1.0,0.11409709
1.0,0.073560655
1.0,0.7492831
0.0,0.0448896
0.0,0.022596598
0.0,0.0032602847
0.0,0.012575656
1.0,0.4407553
1.0,0.936476
1.0,0.7305395
1.0,0.86095643
1.0,0.9742139
0.0,0.021939695
0.0,0.06761438
0.0,0.8671155
0.0,0.013969749
1.0,0.95738876
0.0,0.007611513
0.0,0.77022845
1.0,0.9538539
1.0,0.77086055
0.0,0.017466664
0.0,0.13432193
0.0,0.19670454
0.0,0.35950345
1.0,0.799183
0.0,0.9539102
0.0,0.46671158
1.0,0.980005
0.0,0.10448772
1.0,0.9560405
1.0,0.9527658
0.0,0.004253596
0.0,0.73149806
0.0,0.010156244
0.0,0.025228798
1.0,0.7422842
0.0,0.022388816
0.0,0.09401417
0.0,0.39880276
0.0,0.009262115
1.0,0.9568533
1.0,0.1990656
1.0,0.84854424
1.0,0.9048431
0.0,0.5664888
0.0,0.06096354
1.0,0.81921995
0.0,0.021365702
1.0,0.40625036
0.0,0.03793788
1.0,0.888046
1.0,0.9641079
0.0,0.49462545
0.0,0.17105898
0.0,0.42435998
0.0,0.03709197
0.0,0.012880266
0.0,0.02415511
1.0,0.8240006
0.0,0.012303144
0.0,0.21868849
0.0,0.34672856
0.0,0.081911504
0.0,0.02348423
0.0,0.005238503
0.0,0.53164774
0.0,0.0065497756
0.0,0.0025665462
0.0,0.06836113
0.0,0.08751023
0.0,0.027397096
1.0,0.265864
0.0,0.10627425
1.0,0.9640366
0.0,0.008857191
0.0,0.0054261386
1.0,0.7792639
0.0,0.012010604
1.0,0.95596427
0.0,0.21213484
1.0,0.92562354
0.0,0.7667099
0.0,0.024900526
1.0,0.7951673
1.0,0.24414662
0.0,0.011549294
0.0,0.055257708
0.0,0.0046194494
0.0,0.006210834
0.0,0.009556115
0.0,0.7048007
1.0,0.9264421
1.0,0.81635356
0.0,0.11793259
0.0,0.01617384
1.0,0.7597889
1.0,0.9153496
1.0,0.69790465
0.0,0.0038239956
1.0,0.0478805
0.0,0.30930492
1.0,0.586579
0.0,0.004033357
1.0,0.7275177
0.0,0.011522621
0.0,0.1251879
0.0,0.073544174
0.0,0.8433053
1.0,0.9279901
0.0,0.046755314
0.0,0.09067446
1.0,0.95515597
0.0,0.016333044
0.0,0.827463
0.0,0.64271015
1.0,0.96906126
0.0,0.5100813
0.0,0.03471896
0.0,0.96155477
1.0,0.94712675
0.0,0.005087018
0.0,0.7270422
0.0,0.055127412
1.0,0.53827906
0.0,0.031455427
1.0,0.94702137
0.0,0.24119943
1.0,0.76431376
1.0,0.9836235
0.0,0.9328592
1.0,0.92391926
1.0,0.9775826
0.0,0.017879814
0.0,0.8790641
0.0,0.017747939
1.0,0.9681176
0.0,0.25190842
1.0,0.57179856
1.0,0.5930683
0.0,0.029901236
1.0,0.92929614
0.0,0.19672763
1.0,0.5118804
0.0,0.8567066
1.0,0.30107385
0.0,0.6949704
1.0,0.024997741
0.0,0.5523349
0.0,0.01559943
0.0,0.011124313
0.0,0.021777213
0.0,0.02189374
0.0,0.003602296
0.0,0.005962521
0.0,0.29460132
0.0,0.07859886
0.0,0.55288625
0.0,0.33080325
0.0,0.02776879
1.0,0.8912691
1.0,0.2520955
0.0,0.4889686
1.0,0.040340632
0.0,0.0531016
0.0,0.3518768
0.0,0.79408765
0.0,0.09208867
0.0,0.042993844
0.0,0.17306778
1.0,0.8910465
0.0,0.0069926977
0.0,0.014952868
1.0,0.019783884
0.0,0.012920409
1.0,0.91197944
0.0,0.11174196
0.0,0.05551067
1.0,0.71237075
0.0,0.023809165
1.0,0.89979386
0.0,0.011688322
0.0,0.004720688
0.0,0.017524421
1.0,0.95494753
0.0,0.027313739
1.0,0.2194973
1.0,0.74328345
0.0,0.9549428
0.0,0.002598703
1.0,0.03514594
0.0,0.011166096
0.0,0.096137494
0.0,0.83321685
0.0,0.0059827566
0.0,0.8087599
0.0,0.92158705
1.0,0.49337268
0.0,0.04106179
1.0,0.84713376
0.0,0.007866651
0.0,0.0049259365
0.0,0.008024037
1.0,0.82985973
1.0,0.9573896
0.0,0.1961903
0.0,0.43577495
0.0,0.0074181855
0.0,0.12239757
0.0,0.05456826
0.0,0.018416256
0.0,0.003693521
1.0,0.17738798
1.0,0.8844212
0.0,0.033608943
0.0,0.96427536
1.0,0.23391673
0.0,0.0040849745
1.0,0.92672884
0.0,0.006932944
0.0,0.029247016
1.0,0.8921841
0.0,0.75835156
1.0,0.3844555
1.0,0.94118524
1.0,0.957078
0.0,0.25520152
0.0,0.03257805
0.0,0.20239946
1.0,0.9346456
0.0,0.43708453
1.0,0.9519296
0.0,0.041766107
0.0,0.02988094
0.0,0.22464103
1.0,0.9128262
0.0,0.01506108
0.0,0.06690061
0.0,0.39612666
1.0,0.056420565
1.0,0.97643375
0.0,0.0864881
0.0,0.019167542
1.0,0.9429786
1.0,0.9707334
1.0,0.83279765
1.0,0.14569768
0.0,0.0066860914
1.0,0.8961859
0.0,0.17951617
0.0,0.06705633
0.0,0.010877103
1.0,0.8132309
0.0,0.2190795
0.0,0.085170984
0.0,0.007582456
1.0,0.7616831
0.0,0.1930129
1.0,0.9427782
1.0,0.91381896
0.0,0.034178555
1.0,0.76089287
0.0,0.04093671
1.0,0.6470269
0.0,0.5253682
0.0,0.023480386
0.0,0.042740583
0.0,0.09000081
1.0,0.9811224
0.0,0.051235586
0.0,0.30194652
0.0,0.64813656
1.0,0.9771172
1.0,0.9328751
0.0,0.05458051
1.0,0.9025123
1.0,0.96314013
1.0,0.97835386
1.0,0.37594342
0.0,0.34352887
1.0,0.7765807
0.0,0.14798486
0.0,0.47440132
1.0,0.39636946
0.0,0.022718012
0.0,0.01938495
0.0,0.17957011
1.0,0.48918387
0.0,0.4833621
0.0,0.31075206
1.0,0.95095503
0.0,0.015622288
1.0,0.7859597
0.0,0.023887128
0.0,0.9105593
1.0,0.87289876
1.0,0.9310744
0.0,0.015892029
1.0,0.9444639
1.0,0.9665375
0.0,0.730525
0.0,0.8043018
1.0,0.7806842
0.0,0.05403796
1.0,0.9409168
0.0,0.08589244
0.0,0.0577603
1.0,0.43588
1.0,0.8930214
0.0,0.0808768
1.0,0.5323227
0.0,0.09704304
0.0,0.093026996
1.0,0.95740247
0.0,0.027333796
0.0,0.08616462
0.0,0.0345605
1.0,0.6633528
0.0,0.02551201
0.0,0.022743136
1.0,0.88558114
1.0,0.9415841
0.0,0.029672801
0.0,0.42880544
0.0,0.008953482
1.0,0.19188228
0.0,0.62223643
0.0,0.0067631304
0.0,0.074228644
0.0,0.009112984
0.0,0.006838441
1.0,0.29730737
0.0,0.16798809
0.0,0.0042091906
0.0,0.42005023
1.0,0.914062
1.0,0.97614545
1.0,0.8790378
0.0,0.8362867
0.0,0.020160615
0.0,0.96068364
1.0,0.9441552
0.0,0.042054385
1.0,0.480318
0.0,0.027282357
1.0,0.97267145
0.0,0.1285474
1.0,0.872115
0.0,0.84234345
1.0,0.4991616
0.0,0.18367559
0.0,0.119734555
1.0,0.7804843
1.0,0.9235225
1.0,0.95783263
0.0,0.18839431
1.0,0.92936313
1.0,0.6185316
1.0,0.28790262
0.0,0.004808724
1.0,0.78848886
0.0,0.033300906
0.0,0.9111273
1.0,0.69030166
0.0,0.39889643
0.0,0.03278157
0.0,0.044507056
0.0,0.055644304
0.0,0.57335794
1.0,0.94515216
1.0,0.93318653
0.0,0.4627434
0.0,0.6726015
0.0,0.018642396
1.0,0.9829993
0.0,0.6818558
0.0,0.18886554
0.0,0.0070523024
0.0,0.037064105
0.0,0.043433964
0.0,0.9363705
1.0,0.9560442
1.0,0.95733476
1.0,0.14206398
0.0,0.49833533
0.0,0.012437373
0.0,0.010352224
0.0,0.048036247
0.0,0.034227163
1.0,0.92528075
0.0,0.036929965
0.0,0.22309628
1.0,0.9757413
0.0,0.07763481
1.0,0.1350294
1.0,0.8298532
0.0,0.5269304
0.0,0.0074376166
0.0,0.075121135
1.0,0.74758166
0.0,0.17702937
0.0,0.021404624
1.0,0.9243454
1.0,0.5471873
0.0,0.0063532293
0.0,0.09280914
0.0,0.698867
0.0,0.018950969
0.0,0.28556603
1.0,0.34606966
1.0,0.9158901
0.0,0.015580237
0.0,0.0029791296
0.0,0.69583917
0.0,0.25976747
1.0,0.91631776
0.0,0.035342246
1.0,0.9614478
0.0,0.033283085
1.0,0.94150674
0.0,0.010420322
1.0,0.9294591
1.0,0.7349617
0.0,0.05559048
0.0,0.1772596
0.0,0.016360432
0.0,0.12446207
1.0,0.7852812
1.0,0.00661999
1.0,0.19960997
1.0,0.451101
1.0,0.7223883
0.0,0.004974425
1.0,0.37728438
1.0,0.7406875
0.0,0.022995979
0.0,0.05531335
0.0,0.034667313
1.0,0.5560961
1.0,0.9590555
0.0,0.8629502
0.0,0.011592865
1.0,0.8626567
0.0,0.013845891
0.0,0.048628658
1.0,0.95349133
0.0,0.5107889
0.0,0.04440111
1.0,0.20346838
1.0,0.943367
0.0,0.017471135
0.0,0.025430769
0.0,0.02906534
1.0,0.9623941
1.0,0.92387724
0.0,0.69886273
0.0,0.34981197
1.0,0.9786556
1.0,0.7907436
0.0,0.018125594
0.0,0.12461826
0.0,0.12113264
1.0,0.1711585
1.0,0.3186829
0.0,0.04379204
0.0,0.08750853
1.0,0.94812363
0.0,0.022244066
0.0,0.033558846
0.0,0.08923352
0.0,0.7743266
1.0,0.92933154
0.0,0.8430301
0.0,0.01880458
0.0,0.85416317
0.0,0.31898448
0.0,0.052380383
1.0,0.80267745
1.0,0.82634443
0.0,0.27724183
1.0,0.9652879
0.0,0.38065457
1.0,0.9376277
1.0,0.07921156
1.0,0.8988695
0.0,0.009565443
0.0,0.44151437
0.0,0.012806058
1.0,0.9746447
0.0,0.009140968
1.0,0.9759424
0.0,0.1098465
0.0,0.007127732
1.0,0.13568416
1.0,0.944908
0.0,0.0076814294
1.0,0.75704366
0.0,0.037230074
1.0,0.92114675
0.0,0.0032368302
1.0,0.70442086
1.0,0.057509005
0.0,0.064683735
0.0,0.010130703
0.0,0.022740185
0.0,0.02322498
0.0,0.02172035
0.0,0.84923196
0.0,0.082597375
0.0,0.022675931
0.0,0.92846584
0.0,0.009055406
1.0,0.940752
0.0,0.37633064
0.0,0.32231808
1.0,0.98158467
0.0,0.08908826
1.0,0.9816694
0.0,0.042639345
1.0,0.9662669
0.0,0.011853218
0.0,0.06354505
1.0,0.97206265
0.0,0.06327337
0.0,0.011354148
0.0,0.031248659
1.0,0.94861996
1.0,0.4220857
0.0,0.019067198
1.0,0.9410968
1.0,0.2781323
1.0,0.96402186
0.0,0.3902584
1.0,0.17192617
1.0,0.88262063
0.0,0.3249037
1.0,0.47565904
1.0,0.56886256
0.0,0.06505868
0.0,0.010219723
0.0,0.022969186
0.0,0.04409626
0.0,0.01274544
0.0,0.047624975
0.0,0.03481844
0.0,0.0045873225
1.0,0.8677934
0.0,0.08564699
0.0,0.0076562166
0.0,0.02798289
0.0,0.068173945
1.0,0.7784964
0.0,0.0075194538
1.0,0.8696724
0.0,0.38164288
0.0,0.009976774
1.0,0.516973
1.0,0.85287625
0.0,0.15565038
0.0,0.028779954
1.0,0.89566016
0.0,0.9036726
0.0,0.05056569
1.0,0.7323678
1.0,0.6858704
1.0,0.76628554
1.0,0.8374469
0.0,0.040531218
0.0,0.0058135986
1.0,0.63128203
0.0,0.025622636
0.0,0.0038199425
1.0,0.96650064
1.0,0.85617507
1.0,0.96030164
0.0,0.022662759
1.0,0.19998667
1.0,0.93022
1.0,0.9424319
0.0,0.010732293
0.0,0.012263894
1.0,0.3151343
0.0,0.051537365
0.0,0.78032625
0.0,0.036693603
1.0,0.96371794
0.0,0.025990278
0.0,0.030887336
0.0,0.058551162
0.0,0.20892844
0.0,0.057329923
0.0,0.008552581
0.0,0.851501
1.0,0.9819093
0.0,0.07521802
1.0,0.8804773
0.0,0.0068793893
0.0,0.6489986
0.0,0.87064385
1.0,0.015344262
0.0,0.70673156
0.0,0.024175763
0.0,0.0032984614
0.0,0.27219865
0.0,0.11184868
1.0,0.96059966
0.0,0.44701207
1.0,0.94098574
0.0,0.03006956
0.0,0.08647326
0.0,0.051079243
0.0,0.78306687
0.0,0.12209284
0.0,0.47125927
0.0,0.2918319
0.0,0.16535628
1.0,0.8726989
0.0,0.06208679
1.0,0.67184025
1.0,0.658375
0.0,0.07966903
0.0,0.045530736
1.0,0.8587794
0.0,0.023264468
1.0,0.7538971
1.0,0.6523747
0.0,0.014917254
1.0,0.42239422
0.0,0.009476572
1.0,0.9570682
0.0,0.12045756
0.0,0.16192093
1.0,0.62396324
0.0,0.82441676
0.0,0.0066485703
0.0,0.78106
1.0,0.73907053
1.0,0.9483079
0.0,0.006873876
0.0,0.10363108
1.0,0.5638754
0.0,0.6950151
1.0,0.22121415
0.0,0.17948687
1.0,0.14587185
0.0,0.71623725
0.0,0.038975775
0.0,0.81084263
0.0,0.035593897
0.0,0.23804921
1.0,0.029544204
0.0,0.43584743
1.0,0.87238014
0.0,0.031641036
1.0,0.40027726
0.0,0.011963546
0.0,0.0063699484
0.0,0.03316599
0.0,0.036102057
0.0,0.18330732
0.0,0.1292733
0.0,0.10296115
0.0,0.10279685
1.0,0.9329077
0.0,0.021421224
0.0,0.07526073
1.0,0.71153677
1.0,0.47331333
0.0,0.03466499
0.0,0.177791
1.0,0.83890754
0.0,0.14735365
1.0,0.07973322
1.0,0.9133792
1.0,0.79484725
1.0,0.7721137
0.0,0.041325122
0.0,0.0066064894
1.0,0.31119218
0.0,0.22722691
1.0,0.9573909
1.0,0.7340895
1.0,0.9613683
0.0,0.09348142
0.0,0.010732979
0.0,0.15779704
0.0,0.03592351
1.0,0.39819226
1.0,0.8993135
0.0,0.12264374
0.0,0.15491372
0.0,0.13434559
0.0,0.17913637
1.0,0.05710402
1.0,0.72501427
1.0,0.9105793
0.0,0.9016987
1.0,0.52619547
1.0,0.76498365
1.0,0.4566706
1.0,0.93589437
0.0,0.35391986
0.0,0.70976186
0.0,0.8462509
0.0,0.019842893
1.0,0.8805833
1.0,0.9667832
1.0,0.86030614
1.0,0.8247318
0.0,0.061917216
0.0,0.007967085
0.0,0.04623097
0.0,0.07601908
1.0,0.8736423
0.0,0.19928005
0.0,0.04475513
0.0,0.11840543
0.0,0.019934416
1.0,0.7418036
1.0,0.80116963
1.0,0.9282423
0.0,0.19673696
0.0,0.20518169
1.0,0.7335658
1.0,0.9683045
0.0,0.05513218
1.0,0.9212506
0.0,0.7826841
1.0,0.9747268
1.0,0.97902286
1.0,0.5475866
0.0,0.043200046
0.0,0.15899557
1.0,0.9692728
0.0,0.11222449
0.0,0.30361402
1.0,0.96209943
0.0,0.034967482
0.0,0.06872839
0.0,0.1282776
1.0,0.2584391
0.0,0.4158196
0.0,0.3857348
1.0,0.66295
0.0,0.45133665
0.0,0.039750457
0.0,0.051855385
0.0,0.25126863
1.0,0.77215546
0.0,0.79068583
0.0,0.043450534
0.0,0.0045226812
1.0,0.19178629
0.0,0.076865554
0.0,0.0049482286
1.0,0.74783677
0.0,0.43900108
0.0,0.018855572
1.0,0.9530077
1.0,0.7906935
0.0,0.0046038926
1.0,0.27361482
1.0,0.2821806
0.0,0.4901805
0.0,0.54389924
1.0,0.43139043
1.0,0.742994
0.0,0.018247515
1.0,0.30758208
1.0,0.48933876
1.0,0.2519455
0.0,0.24800059
1.0,0.22907346
0.0,0.029251426
1.0,0.82110906
0.0,0.006392956
1.0,0.93095624
0.0,0.7928535
0.0,0.124599844
1.0,0.72888386
0.0,0.027659774
1.0,0.91682917
1.0,0.6842637
1.0,0.93325496
1.0,0.64170116
0.0,0.036885858
1.0,0.060088903
0.0,0.47860503
0.0,0.006755352
0.0,0.06420416
0.0,0.03214398
1.0,0.9174793
0.0,0.01559189
0.0,0.49630678
0.0,0.52704513
0.0,0.45612726
1.0,0.8656676
0.0,0.34222072
0.0,0.014231592
0.0,0.08637303
0.0,0.473048
1.0,0.74960494
0.0,0.010102898
1.0,0.94557655
1.0,0.96096903
0.0,0.7808985
0.0,0.00751397
0.0,0.009272873
1.0,0.9283122
0.0,0.05035183
1.0,0.03943044
1.0,0.7034691
1.0,0.92997646
0.0,0.74664026
0.0,0.2838869
0.0,0.01768899
0.0,0.63963383
0.0,0.042386442
0.0,0.013810456
0.0,0.39279282
1.0,0.63991773
0.0,0.1942333
1.0,0.87967104
0.0,0.18040362
1.0,0.9374554
1.0,0.9084846
1.0,0.59126806
1.0,0.8787581
0.0,0.24013582
0.0,0.90711665
0.0,0.05116439
1.0,0.8110188
1.0,0.9142659
0.0,0.019425362
1.0,0.40795124
1.0,0.92802346
1.0,0.653058
1.0,0.3350747
0.0,0.65639865
0.0,0.045042932
1.0,0.90003514
0.0,0.021231115
0.0,0.09194839
1.0,0.95593905
0.0,0.018033773
0.0,0.79927063
0.0,0.10261166
0.0,0.007914901
0.0,0.063646704
1.0,0.95788634
0.0,0.01209417
0.0,0.40515727
1.0,0.21761876
0.0,0.050106943
1.0,0.9270456
0.0,0.2520377
0.0,0.016323
0.0,0.009190589
0.0,0.4333305
1.0,0.8266407
0.0,0.25038928
0.0,0.14201364
1.0,0.85562265
1.0,0.85314155
0.0,0.03376174
0.0,0.023548603
0.0,0.019162327
1.0,0.5324345
0.0,0.09724575
1.0,0.8749136
1.0,0.8477686
1.0,0.34021643
1.0,0.937559
1.0,0.8741116
0.0,0.90941775
1.0,0.8352792
1.0,0.9688947
0.0,0.008869678
0.0,0.007055044
0.0,0.041265965
1.0,0.7787092
0.0,0.029656857
0.0,0.017094284
0.0,0.070866644
1.0,0.9373699
0.0,0.061263055
1.0,0.90517694
0.0,0.23076215
0.0,0.5854883
0.0,0.08264142
0.0,0.035486937
0.0,0.028239578
1.0,0.629621
1.0,0.96307975
0.0,0.046336472
0.0,0.104620755
1.0,0.5006123
0.0,0.0051338375
1.0,0.95410275
0.0,0.031765163
0.0,0.020204276
0.0,0.02478367
1.0,0.9469918
1.0,0.81902057
0.0,0.055100143
0.0,0.27434772
1.0,0.738107
0.0,0.03140834
0.0,0.010911912
1.0,0.86652756
1.0,0.97350955
1.0,0.87462115
0.0,0.031052321
1.0,0.93544626
1.0,0.91500545
0.0,0.20364285
0.0,0.02711758
0.0,0.0075196326
0.0,0.059503585
0.0,0.005675435
0.0,0.040168613
1.0,0.56798285
1.0,0.8889301
0.0,0.14500207
0.0,0.016026884
0.0,0.09646508
0.0,0.1860762
1.0,0.9356458
0.0,0.89945096
0.0,0.034812808
0.0,0.7746868
0.0,0.9480392
1.0,0.06444353
0.0,0.006021738
0.0,0.7356668
1.0,0.9439507
0.0,0.05527115
0.0,0.1316382
0.0,0.055012435
0.0,0.019496888
1.0,0.8139813
1.0,0.9110056
0.0,0.041988015
0.0,0.9442322
0.0,0.0053902566
0.0,0.9195592
0.0,0.9039398
0.0,0.23738995
0.0,0.0083604455
0.0,0.23295465
1.0,0.015268594
0.0,0.0389463
1.0,0.18675184
0.0,0.7535348
0.0,0.003109187
0.0,0.07824665
0.0,0.15250453
0.0,0.15453318
0.0,0.02588451
1.0,0.95975894
0.0,0.011691511
0.0,0.6754965
0.0,0.11455566
1.0,0.62695974
1.0,0.88632107
0.0,0.03803566
0.0,0.62973845
0.0,0.006820172
1.0,0.9781358
1.0,0.7399147
1.0,0.959233
0.0,0.11702207
1.0,0.97001046
0.0,0.05328217
0.0,0.0050179064
0.0,0.040967762
1.0,0.029344112
0.0,0.004686773
0.0,0.014793724
1.0,0.97764844
1.0,0.26071024
0.0,0.013745636
1.0,0.9772824
0.0,0.03431627
1.0,0.748482
0.0,0.09131575
1.0,0.8621323
0.0,0.9149767
0.0,0.20602944
1.0,0.8688337
0.0,0.007832766
0.0,0.17271456
0.0,0.034559608
0.0,0.020902783
0.0,0.067795604
0.0,0.02112478
1.0,0.88625634
1.0,0.7621672
0.0,0.46115175
0.0,0.029482007
0.0,0.020768851
0.0,0.09862861
1.0,0.97451234
0.0,0.030459255
0.0,0.08704898
0.0,0.62613094
0.0,0.24624595
0.0,0.004918009
1.0,0.94343734
1.0,0.9342895
0.0,0.0042662323
0.0,0.021040976
0.0,0.03417018
0.0,0.00826481
1.0,0.8174367
0.0,0.8061006
0.0,0.036252737
0.0,0.031128943
1.0,0.8281156
0.0,0.016830474
0.0,0.23264956
1.0,0.9131741
0.0,0.01807192
0.0,0.20929813
1.0,0.772744
1.0,0.6770034
1.0,0.8765101
0.0,0.0069270134
0.0,0.0075750947
0.0,0.2561872
0.0,0.03216809
1.0,0.48114747
0.0,0.23098245
1.0,0.17319942
0.0,0.0037646294
0.0,0.010983676
0.0,0.19157687
1.0,0.9535784
0.0,0.70235014
0.0,0.144851
0.0,0.4050662
1.0,0.75067353
0.0,0.032552004
0.0,0.22949544
0.0,0.0041178465
1.0,0.14248255
0.0,0.0140322745
0.0,0.004211843
1.0,0.12783042
1.0,0.9523173
0.0,0.004651159
1.0,0.97793186
1.0,0.9686826
1.0,0.9167154
1.0,0.8841579
0.0,0.032273173
1.0,0.8601519
0.0,0.97466564
1.0,0.051214755
0.0,0.017435133
1.0,0.27054045
0.0,0.7229159
1.0,0.32448632
1.0,0.97963727
1.0,0.6409069
0.0,0.012443036
0.0,0.776358
0.0,0.755149
0.0,0.012440443
0.0,0.029637694
0.0,0.17079625
1.0,0.9697529
1.0,0.95592856
1.0,0.30027336
0.0,0.009203404
0.0,0.014964849
0.0,0.1082367
0.0,0.57748955
1.0,0.04016614
0.0,0.09486586
0.0,0.032025337
0.0,0.044740498
0.0,0.29869473
1.0,0.8511155
0.0,0.64100856
0.0,0.7907773
0.0,0.39674833
1.0,0.51643974
0.0,0.043355346
0.0,0.42400125
1.0,0.3298226
0.0,0.277884
1.0,0.22652611
0.0,0.031487226
0.0,0.3366778
0.0,0.015501589
0.0,0.0318304
0.0,0.0032629967
1.0,0.8727741
0.0,0.11473781
0.0,0.055393815
1.0,0.95682925
1.0,0.93869495
0.0,0.18682858
1.0,0.02386728
0.0,0.23343068
0.0,0.055490762
1.0,0.9548751
0.0,0.0055500567
0.0,0.20762593
0.0,0.034158617
0.0,0.011595309
1.0,0.9744606
1.0,0.929296
1.0,0.7133265
1.0,0.952026
0.0,0.014293373
0.0,0.03588918
0.0,0.10115996
1.0,0.9560329
0.0,0.015458077
0.0,0.051195353
1.0,0.9477145
1.0,0.53719777
1.0,0.8729578
0.0,0.013014704
0.0,0.30478126
0.0,0.5246692
1.0,0.9736674
1.0,0.91901255
1.0,0.8493166
0.0,0.22316629
0.0,0.0037496984
0.0,0.007152736
1.0,0.8838395
1.0,0.17566842
0.0,0.30381554
1.0,0.9434135
1.0,0.56165254
1.0,0.9035169
1.0,0.5605817
0.0,0.27350354
0.0,0.042265654
1.0,0.4692058
1.0,0.76633954
0.0,0.029706538
0.0,0.048580974
0.0,0.014834762
0.0,0.02356574
0.0,0.035801023
0.0,0.662558
0.0,0.025042295
0.0,0.067756206
1.0,0.84058404
1.0,0.70066273
0.0,0.7029991
1.0,0.95056725
0.0,0.004720211
1.0,0.90760624
0.0,0.20664561
1.0,0.9537436
0.0,0.0053554475
0.0,0.0070956945
0.0,0.007928908
0.0,0.5023706
1.0,0.11491576
1.0,0.9686804
0.0,0.051659882
0.0,0.17677909
1.0,0.34185407
0.0,0.05574435
1.0,0.9439808
1.0,0.80470085
0.0,0.01726231
0.0,0.038648397
0.0,0.23579586
0.0,0.9802008
0.0,0.7566838
0.0,0.015308738
0.0,0.43664926
0.0,0.028514057
1.0,0.93758786
1.0,0.9232688
1.0,0.8691057
1.0,0.78089976
0.0,0.011942387
0.0,0.48919076
1.0,0.87208045
0.0,0.46305907
0.0,0.018272609
0.0,0.049939632
1.0,0.5081386
1.0,0.20334932
0.0,0.011623293
1.0,0.9100774
1.0,0.96036494
0.0,0.0031309128
0.0,0.020648867
1.0,0.9225443
0.0,0.023879886
0.0,0.87176824
0.0,0.005653113
0.0,0.041609555
1.0,0.06715834
0.0,0.027339607
0.0,0.0139371455
0.0,0.26671273
1.0,0.49468455
0.0,0.017024368
0.0,0.060172707
1.0,0.6858628
0.0,0.013811082
0.0,0.22534978
0.0,0.91221744
1.0,0.9651189
1.0,0.654607
1.0,0.20445058
0.0,0.046846896
0.0,0.2693091
1.0,0.2646085
0.0,0.009695917
0.0,0.0056396425
0.0,0.13094243
0.0,0.031389147
1.0,0.521956
0.0,0.19553909
0.0,0.8183521
1.0,0.7423433
0.0,0.055771887
0.0,0.042823076
0.0,0.692263
0.0,0.3899616
1.0,0.7340834
1.0,0.9687563
0.0,0.50759506
1.0,0.75549936
0.0,0.01963976
0.0,0.024617672
0.0,0.007505566
1.0,0.5453231
0.0,0.007599801
0.0,0.03154093
1.0,0.8913897
1.0,0.732216
1.0,0.8657291
0.0,0.5770442
1.0,0.85992557
1.0,0.844226
0.0,0.002197057
0.0,0.8566333
0.0,0.6475209
1.0,0.67820257
0.0,0.030421108
0.0,0.2815032
0.0,0.028979033
0.0,0.03780994
0.0,0.022049427
0.0,0.06996292
0.0,0.21489123
0.0,0.7351098
0.0,0.3000239
1.0,0.7671623
1.0,0.7817124
1.0,0.7723789
0.0,0.012996942
1.0,0.9813037
0.0,0.2302942
0.0,0.038906932
1.0,0.9125401
0.0,0.19544765
0.0,0.021111906
0.0,0.20913854
0.0,0.02422589
0.0,0.2351313
0.0,0.80869764
0.0,0.055755764
1.0,0.83892554
0.0,0.003953129
0.0,0.021191299
0.0,0.011805683
1.0,0.925923
1.0,0.9419666
0.0,0.6689236
1.0,0.7058997
0.0,0.03451863
1.0,0.24061224
0.0,0.014815658
0.0,0.019852519
1.0,0.043279648
0.0,0.003592074
0.0,0.010306627
1.0,0.5176622
0.0,0.058920443
1.0,0.03312877
0.0,0.46189436
0.0,0.013880104
1.0,0.9098417
0.0,0.01701969
0.0,0.2580158
0.0,0.7692262
0.0,0.013779223
0.0,0.0036706626
1.0,0.89200747
0.0,0.0070768595
0.0,0.08185455
0.0,0.04852441
1.0,0.61566997
0.0,0.9285784
0.0,0.050617337
1.0,0.68712884
0.0,0.020014614
0.0,0.006996691
0.0,0.06436095
0.0,0.10190466
1.0,0.3596423
0.0,0.04076931
0.0,0.005697787
0.0,0.010549247
0.0,0.008314759
0.0,0.6807527
1.0,0.923859
1.0,0.77270365
0.0,0.017624259
1.0,0.8949959
0.0,0.028892815
0.0,0.017347366
0.0,0.041324943
0.0,0.08640531
1.0,0.921545
0.0,0.04339254
0.0,0.016091079
0.0,0.17841575
0.0,0.16334996
0.0,0.18331185
0.0,0.013203353
0.0,0.0038962066
0.0,0.010026395
0.0,0.0072267056
0.0,0.92193985
1.0,0.46535575
0.0,0.03638923
0.0,0.015168041
0.0,0.0144351125
1.0,0.98256814
0.0,0.14102858
1.0,0.8713592
0.0,0.24475202
0.0,0.03280568
0.0,0.16116455
1.0,0.9590337
1.0,0.97168386
1.0,0.8997579
1.0,0.4421144
0.0,0.23993993
0.0,0.009299219
1.0,0.9646659
1.0,0.94456047
0.0,0.02741152
0.0,0.08043638
0.0,0.7915896
1.0,0.93716687
0.0,0.0422875
0.0,0.009474099
0.0,0.03619927
0.0,0.045457512
1.0,0.53207284
1.0,0.9380908
0.0,0.0030905008
1.0,0.46877447
0.0,0.035363168
0.0,0.033729225
0.0,0.007389426
0.0,0.026551783
0.0,0.023037225
1.0,0.8845569
0.0,0.0025207996
0.0,0.05712384
0.0,0.76490283
0.0,0.12613863
0.0,0.7115238
1.0,0.9599826
0.0,0.032753795
0.0,0.036999732
1.0,0.9161589
0.0,0.44999084
0.0,0.011276096
1.0,0.9438125
1.0,0.721401
0.0,0.056312114
1.0,0.86729145
0.0,0.32049507
1.0,0.81319296
1.0,0.9852418
0.0,0.11676481
1.0,0.9180254
0.0,0.059949607
0.0,0.05247283
0.0,0.5259589
0.0,0.53329706
0.0,0.037772864
0.0,0.009444475
0.0,0.37919843
1.0,0.9383795
0.0,0.14744425
0.0,0.04169306
0.0,0.40287757
0.0,0.26057556
1.0,0.9404464
0.0,0.026584208
0.0,0.48216137
0.0,0.024285883
0.0,0.013187617
0.0,0.0097231865
0.0,0.9318489
1.0,0.11566949
0.0,0.10268211
1.0,0.8322928
0.0,0.008190006
1.0,0.23311174
0.0,0.08870229
0.0,0.072304755
0.0,0.047468603
0.0,0.74628365
0.0,0.62083864
0.0,0.07382661
0.0,0.14964989
0.0,0.012746185
0.0,0.4832247
0.0,0.89289796
1.0,0.94702196
0.0,0.5310607
0.0,0.032558292
1.0,0.98191166
0.0,0.013635606
0.0,0.011382639
0.0,0.0050798655
1.0,0.8011897
1.0,0.6224974
1.0,0.66377556
1.0,0.9423051
0.0,0.09064874
1.0,0.8106761
0.0,0.16821611
1.0,0.518437
0.0,0.16199017
0.0,0.9367876
0.0,0.17214161
0.0,0.007279247
0.0,0.08850488
1.0,0.9276773
1.0,0.37800175
0.0,0.9752771
1.0,0.7352046
0.0,0.015575409
1.0,0.95147896
0.0,0.026143074
0.0,0.021402687
0.0,0.9090811
0.0,0.48322892
0.0,0.10237983
0.0,0.006461084
1.0,0.9815233
0.0,0.002982229
1.0,0.97330534
1.0,0.8759141
1.0,0.9352994
0.0,0.0074445903
0.0,0.9609307
0.0,0.015275747
0.0,0.13010073
0.0,0.28126496
1.0,0.3563118
0.0,0.22793081
0.0,0.14410871
0.0,0.07871452
0.0,0.017978191
0.0,0.007928401
0.0,0.12049103
0.0,0.82514286
0.0,0.015569359
0.0,0.5924037
1.0,0.9680427
0.0,0.400845
0.0,0.04059875
0.0,0.008523524
0.0,0.009352833
1.0,0.87300265
0.0,0.56335056
1.0,0.9692919
0.0,0.652357
1.0,0.9817711
1.0,0.9247347
0.0,0.0138249695
0.0,0.10424012
0.0,0.04128796
0.0,0.24529287
0.0,0.049968302
0.0,0.5754705
1.0,0.9531387
0.0,0.018670648
1.0,0.6099388
0.0,0.47828037
0.0,0.012120098
0.0,0.026389807
1.0,0.93228114
0.0,0.021669567
1.0,0.9772161
0.0,0.00716424
0.0,0.053840548
0.0,0.7398659
0.0,0.54679203
0.0,0.16512567
0.0,0.025703698
1.0,0.7849302
1.0,0.87065506
0.0,0.16804227
0.0,0.044148058
0.0,0.034533292
1.0,0.9340122
0.0,0.08303848
1.0,0.36446023
0.0,0.10071981
1.0,0.8647312
1.0,0.91493523
0.0,0.03621322
0.0,0.035184562
0.0,0.016291589
1.0,0.8668986
0.0,0.2951848
0.0,0.7220948
1.0,0.91375756
1.0,0.4103894
0.0,0.76551545
0.0,0.03471306
1.0,0.9552573
0.0,0.017657131
0.0,0.027760744
0.0,0.0109497905
1.0,0.65338
0.0,0.06916642
0.0,0.053620607
1.0,0.91943634
1.0,0.79838157
0.0,0.58814466
0.0,0.02161625
0.0,0.020760864
1.0,0.92673206
1.0,0.939469
1.0,0.7719513
0.0,0.09983948
0.0,0.009384841
0.0,0.028799593
0.0,0.0037001967
1.0,0.852535
0.0,0.00459522
0.0,0.5576606
0.0,0.17547113
0.0,0.34333807
0.0,0.18017575
0.0,0.01941982
0.0,0.1934945
0.0,0.040231496
0.0,0.011498243
1.0,0.25585875
1.0,0.8654786
0.0,0.7578372
0.0,0.22504148
1.0,0.044563174
0.0,0.0056944788
1.0,0.9022347
0.0,0.02726835
0.0,0.027017087
1.0,0.9015454
1.0,0.94906735
0.0,0.43370205
0.0,0.088683516
1.0,0.38198844
0.0,0.18577608
0.0,0.1804426
0.0,0.9719873
0.0,0.035816997
1.0,0.84774065
1.0,0.25649178
0.0,0.31449088
0.0,0.004659295
0.0,0.07272217
1.0,0.9109719
0.0,0.011652797
1.0,0.37500143
0.0,0.051561564
1.0,0.82285315
1.0,0.6810504
0.0,0.5280537
1.0,0.16287145
0.0,0.68669707
0.0,0.01440081
1.0,0.96551275
1.0,0.25875002
0.0,0.05319333
0.0,0.3092655
0.0,0.7845744
0.0,0.81312823
1.0,0.9387619
0.0,0.08822751
0.0,0.2698393
0.0,0.011830658
1.0,0.94445896
0.0,0.04384628
0.0,0.8167681
1.0,0.93704015
0.0,0.0052470267
0.0,0.6385547
0.0,0.07966688
1.0,0.42680675
0.0,0.1666277
1.0,0.94978464
0.0,0.026087314
1.0,0.06744757
1.0,0.5453307
1.0,0.9436929
1.0,0.86288047
0.0,0.008553594
1.0,0.4191231
0.0,0.0195373
1.0,0.96551085
1.0,0.8018689
0.0,0.23688176
1.0,0.8246989
0.0,0.004931003
1.0,0.6120168
1.0,0.4745591
0.0,0.047204137
0.0,0.9384235
1.0,0.98231995
1.0,0.2719143
0.0,0.1781246
0.0,0.38490826
0.0,0.002602905
0.0,0.014106214
0.0,0.4929486
1.0,0.8992415
1.0,0.9258015
1.0,0.45099044
1.0,0.7499205
1.0,0.9770596
1.0,0.96499854
0.0,0.42384985
1.0,0.8774835
0.0,0.010188758
0.0,0.038774878
0.0,0.093660206
1.0,0.07124314
1.0,0.655053
0.0,0.041134506
0.0,0.04933241
0.0,0.8656421
1.0,0.82114404
1.0,0.19004369
1.0,0.8578329
0.0,0.007935286
0.0,0.95030403
0.0,0.08959481
0.0,0.22280452
0.0,0.03451553
0.0,0.031799972
1.0,0.9388545
1.0,0.8737486
0.0,0.033038884
0.0,0.0522722
0.0,0.7703345
0.0,0.6861242
0.0,0.74229497
0.0,0.26015264
0.0,0.71239716
1.0,0.8081911
0.0,0.1889123
1.0,0.9181173
0.0,0.01139003
0.0,0.88121665
0.0,0.072472155
0.0,0.6698971
1.0,0.9188317
1.0,0.8414866
1.0,0.6019596
1.0,0.7944738
0.0,0.007579088
0.0,0.42880258
1.0,0.6176916
1.0,0.8629443
0.0,0.29975426
0.0,0.023311377
0.0,0.07214147
1.0,0.637477
0.0,0.01311034
1.0,0.056686133
0.0,0.025942534
0.0,0.09481159
0.0,0.030190706
0.0,0.035170674
0.0,0.16672704
0.0,0.03426552
0.0,0.16104105
1.0,0.96108294
0.0,0.0062954426
0.0,0.6345699
0.0,0.024257481
1.0,0.4784679
0.0,0.054764837
1.0,0.96980006
0.0,0.011810333
0.0,0.018479288
0.0,0.010650814
0.0,0.098730564
0.0,0.030818671
0.0,0.025246888
1.0,0.9299334
0.0,0.12284416
1.0,0.7666217
1.0,0.9179059
0.0,0.034704477
0.0,0.03780815
1.0,0.88088846
1.0,0.98061144
0.0,0.35266152
0.0,0.37792817
0.0,0.20810297
0.0,0.09652668
0.0,0.0246256
1.0,0.49457636
0.0,0.044189125
1.0,0.6393831
1.0,0.40136757
0.0,0.940969
0.0,0.08654943
0.0,0.019486278
0.0,0.023269445
0.0,0.8850857
0.0,0.019822627
0.0,0.011735469
0.0,0.7057492
1.0,0.8263862
1.0,0.74344623
0.0,0.036673486
0.0,0.029593378
0.0,0.15541872
1.0,0.89659536
0.0,0.004999727
0.0,0.02904597
1.0,0.55274284
1.0,0.9520904
0.0,0.20751658
0.0,0.09565389
0.0,0.027580589
1.0,0.9321109
0.0,0.030450225
1.0,0.9412111
1.0,0.72351027
0.0,0.010167062
0.0,0.051854074
0.0,0.033888966
1.0,0.67411625
0.0,0.07413721
1.0,0.7327401
0.0,0.009366274
1.0,0.78019035
0.0,0.0604268
0.0,0.0967032
0.0,0.008908331
1.0,0.97019583
0.0,0.73702854
1.0,0.9605371
1.0,0.90430963
0.0,0.0073911548
1.0,0.26900125
0.0,0.075303614
1.0,0.32764265
0.0,0.0063831806
1.0,0.9120196
0.0,0.006819725
1.0,0.78972423
1.0,0.95388615
1.0,0.9640528
0.0,0.029072374
1.0,0.9014317
1.0,0.5445999
0.0,0.02390349
1.0,0.9175099
1.0,0.4536629
1.0,0.110638544
0.0,0.17235129
0.0,0.014121669
0.0,0.94759786
0.0,0.102741346
