0.0,0.26997152
0.0,0.7589487
1.0,0.35946292
0.0,0.087365925
1.0,0.47409898
0.0,0.03815943
1.0,0.95667005
1.0,0.73219264
1.0,0.66761166
0.0,0.005338013
0.0,0.2458593
1.0,0.9210999
0.0,0.011119515
0.0,0.19514146
0.0,0.044240087
0.0,0.004859656
1.0,0.24093175
0.0,0.033079207
0.0,0.016627938
1.0,0.33323097
1.0,0.67640454
0.0,0.007229358
1.0,0.93352807
0.0,0.033000708
0.0,0.008041561
1.0,0.76652956
0.0,0.046563685
1.0,0.8603871
0.0,0.03966379
1.0,0.8985157
0.0,0.014101863
0.0,0.25577962
1.0,0.9468451
1.0,0.98772275
1.0,0.864485
1.0,0.9729304
1.0,0.50923485
0.0,0.037331134
1.0,0.9431815
1.0,0.06310052
1.0,0.96052706
1.0,0.97154284
0.0,0.013689369
1.0,0.9696954
1.0,0.8548566
0.0,0.029179275
0.0,0.004350066
0.0,0.07402429
0.0,0.016642064
1.0,0.9903854
0.0,0.2915573
1.0,0.77235436
1.0,0.9814073
1.0,0.69926953
0.0,0.013721198
0.0,0.009770244
0.0,0.08552641
1.0,0.037187904
1.0,0.8555372
1.0,0.160584
1.0,0.9790249
0.0,0.37981105
1.0,0.9788399
1.0,0.87320304
1.0,0.97254884
0.0,0.28507072
0.0,0.14443871
1.0,0.96786654
0.0,0.0150363445
1.0,0.9246801
0.0,0.3137749
1.0,0.93578863
0.0,0.0030557215
0.0,0.069449276
1.0,0.43387365
0.0,0.12147677
0.0,0.009745061
0.0,0.29396892
0.0,0.007949442
1.0,0.94296145
0.0,0.02909097
1.0,0.9836651
1.0,0.9671134
1.0,0.99612415
1.0,0.9755181
1.0,0.8443731
1.0,0.9736374
0.0,0.11023033
0.0,0.031463653
1.0,0.71443236
0.0,0.0061566234
1.0,0.13378808
0.0,0.014749706
0.0,0.70946336
0.0,0.23804063
1.0,0.95778203
0.0,0.021510273
0.0,0.058911234
1.0,0.46338984
1.0,0.98517644
0.0,0.010103583
0.0,0.031038135
1.0,0.046596557
0.0,0.11177692
0.0,0.0883106
1.0,0.8442216
1.0,0.017365575
0.0,0.031115234
1.0,0.011573285
1.0,0.98189247
1.0,0.9353968
0.0,0.061233908
1.0,0.026043773
0.0,0.04678911
0.0,0.04551661
1.0,0.6559714
0.0,0.031650096
1.0,0.4508256
1.0,0.60881555
1.0,0.97678226
0.0,0.35773748
1.0,0.9816938
0.0,0.9477538
0.0,0.015271604
0.0,0.25352964
1.0,0.558091
0.0,0.009052515
0.0,0.10785806
1.0,0.9483253
1.0,0.7278434
1.0,0.9797143
0.0,0.032076985
0.0,0.012842983
1.0,0.29074788
1.0,0.9804474
0.0,0.77255356
0.0,0.01979065
0.0,0.01447621
0.0,0.043491125
0.0,0.026699215
1.0,0.7246486
0.0,0.084638685
1.0,0.17859319
0.0,0.029839933
0.0,0.010484189
0.0,0.0029454231
1.0,0.22097868
0.0,0.010072798
0.0,0.01511246
0.0,0.045946896
0.0,0.081338465
0.0,0.006544709
0.0,0.0134011805
0.0,0.86823475
0.0,0.14708853
1.0,0.95552284
0.0,0.006461531
0.0,0.007860571
1.0,0.9914359
0.0,0.016731828
0.0,0.24991316
0.0,0.057465643
0.0,0.017938256
0.0,0.09859541
1.0,0.99227476
0.0,0.0957897
1.0,0.8976716
0.0,0.04914227
0.0,0.010364503
1.0,0.7397186
0.0,0.9409131
0.0,0.962955
0.0,0.9487041
0.0,0.0031323135
1.0,0.74218327
1.0,0.83672154
0.0,0.05027184
1.0,0.6625253
0.0,0.37398124
1.0,0.9606055
1.0,0.78086746
1.0,0.9602285
1.0,0.96376216
1.0,0.973668
0.0,0.86006224
0.0,0.0036769807
0.0,0.009702176
0.0,0.97546464
0.0,0.08725709
0.0,0.030880481
1.0,0.20308593
0.0,0.0029293
0.0,0.8450532
1.0,0.9624413
1.0,0.7663058
1.0,0.98992765
0.0,0.009358972
0.0,0.047507852
0.0,0.007370621
1.0,0.058214784
0.0,0.23305392
0.0,0.20557478
0.0,0.5941998
0.0,0.35718256
0.0,0.13196489
1.0,0.05629942
0.0,0.03476277
1.0,0.17803466
0.0,0.0036072433
0.0,0.039973974
0.0,0.008562446
1.0,0.94147044
0.0,0.048700094
0.0,0.05098483
0.0,0.028932035
0.0,0.009483337
0.0,0.84473526
0.0,0.2104871
1.0,0.987232
0.0,0.012151241
0.0,0.009019524
1.0,0.45049033
1.0,0.9830617
0.0,0.2913661
0.0,0.017841846
0.0,0.00499326
0.0,0.08739036
0.0,0.019818902
0.0,0.15243518
1.0,0.9701059
0.0,0.06992352
1.0,0.2919128
0.0,0.011208117
1.0,0.26274413
1.0,0.459088
0.0,0.04813063
0.0,0.08163494
0.0,0.027139962
1.0,0.8585019
1.0,0.70910573
1.0,0.97377276
1.0,0.76108056
0.0,0.021928221
0.0,0.8291148
1.0,0.9846883
0.0,0.45641327
0.0,0.011279732
0.0,0.015234947
0.0,0.0689193
0.0,0.08377358
0.0,0.02620548
0.0,0.113754004
1.0,0.5359618
0.0,0.022681564
0.0,0.06993118
0.0,0.09596595
1.0,0.8376137
1.0,0.9677906
0.0,0.026644439
0.0,0.12710533
0.0,0.025641173
1.0,0.9791516
0.0,0.025191635
0.0,0.0037588775
0.0,0.036360234
0.0,0.025792956
1.0,0.9832721
1.0,0.90275764
1.0,0.97748137
0.0,0.019574285
1.0,0.9350102
0.0,0.021950305
0.0,0.038846463
0.0,0.48427856
1.0,0.9641046
1.0,0.4482481
0.0,0.005638659
0.0,0.041445106
1.0,0.8971987
1.0,0.30971813
0.0,0.047715187
1.0,0.11327073
1.0,0.9811454
0.0,0.6999992
0.0,0.16559854
0.0,0.04896763
0.0,0.026346087
0.0,0.37564188
0.0,0.03654194
1.0,0.98906606
0.0,0.029031873
0.0,0.02346322
1.0,0.99314296
0.0,0.012761921
1.0,0.9528438
1.0,0.035362184
1.0,0.9044774
1.0,0.86149335
1.0,0.949539
0.0,0.038556248
1.0,0.92624545
0.0,0.7779172
1.0,0.9907285
0.0,0.5282038
0.0,0.27276272
0.0,0.038486153
0.0,0.08310178
0.0,0.24090073
1.0,0.98336995
0.0,0.9629055
1.0,0.7054141
0.0,0.88556457
1.0,0.7576482
1.0,0.9787473
0.0,0.023976624
0.0,0.008697629
0.0,0.017700255
1.0,0.9481236
1.0,0.20493206
0.0,0.003519088
0.0,0.0030327141
0.0,0.009991765
0.0,0.028603554
1.0,0.9369587
1.0,0.74032515
0.0,0.030571401
0.0,0.10903919
1.0,0.80571866
1.0,0.97774017
1.0,0.39795858
0.0,0.044047385
0.0,0.7922399
0.0,0.008250028
0.0,0.6977293
1.0,0.97831464
1.0,0.82425284
0.0,0.043247223
0.0,0.03968659
0.0,0.007823855
0.0,0.42211917
0.0,0.0055914223
0.0,0.2441886
1.0,0.3499938
0.0,0.13650504
0.0,0.036928326
0.0,0.05019167
0.0,0.39065683
0.0,0.8077004
0.0,0.030580103
0.0,0.0069099665
1.0,0.4684402
0.0,0.039081395
1.0,0.7627709
0.0,0.0053620934
0.0,0.16815683
0.0,0.1856556
0.0,0.0039849877
0.0,0.9712092
1.0,0.48716193
1.0,0.9122952
0.0,0.5483538
1.0,0.8923955
0.0,0.00895378
0.0,0.377153
0.0,0.41450977
0.0,0.50750107
0.0,0.018216997
0.0,0.0028474927
1.0,0.2826457
0.0,0.015554041
1.0,0.9819573
0.0,0.08627093
1.0,0.43590719
0.0,0.165912
1.0,0.033406407
1.0,0.9408964
1.0,0.9589168
0.0,0.0061549842
0.0,0.033613116
1.0,0.96904564
0.0,0.03269875
0.0,0.020309895
1.0,0.021566719
1.0,0.9802192
0.0,0.35298198
1.0,0.9662004
1.0,0.9825866
0.0,0.7024855
0.0,0.038555086
0.0,0.2484208
0.0,0.03440976
0.0,0.01936084
0.0,0.046664357
1.0,0.9818692
0.0,0.17207268
1.0,0.8834139
1.0,0.21498573
0.0,0.013873011
0.0,0.057252795
0.0,0.8424433
1.0,0.9801761
1.0,0.9624059
1.0,0.41256776
0.0,0.17622101
1.0,0.9763454
1.0,0.86272764
0.0,0.004476577
0.0,0.17135641
0.0,0.8411598
0.0,0.8527144
1.0,0.96134675
0.0,0.026686907
1.0,0.41979432
0.0,0.8492695
0.0,0.05856657
0.0,0.034659892
0.0,0.01297918
0.0,0.011128783
0.0,0.019165248
0.0,0.043871373
0.0,0.014407128
0.0,0.032249004
0.0,0.3914084
0.0,0.122172505
0.0,0.015840381
0.0,0.2914852
0.0,0.025062263
1.0,0.6768537
0.0,0.21841028
1.0,0.9620401
0.0,0.041713953
0.0,0.010283649
0.0,0.01140666
0.0,0.8826839
0.0,0.5363543
0.0,0.09131071
0.0,0.04334241
0.0,0.0034953356
0.0,0.016342849
0.0,0.019887358
0.0,0.595231
1.0,0.9097402
0.0,0.024760008
0.0,0.011599481
0.0,0.51737857
0.0,0.035372704
1.0,0.5435964
0.0,0.81438315
1.0,0.5801576
0.0,0.0059453845
0.0,0.19512376
1.0,0.97044086
0.0,0.8552502
1.0,0.8009328
1.0,0.95808953
1.0,0.92373645
1.0,0.9681165
0.0,0.01057747
1.0,0.7645052
0.0,0.011254519
0.0,0.017290026
0.0,0.102455586
1.0,0.9943061
0.0,0.012287676
0.0,0.054469913
1.0,0.6058826
1.0,0.9962288
0.0,0.088920385
0.0,0.005604714
1.0,0.7154421
0.0,0.036463022
1.0,0.7252025
0.0,0.45304024
0.0,0.23682606
1.0,0.8698936
0.0,0.7693951
0.0,0.0049865544
1.0,0.06931162
0.0,0.019389182
1.0,0.9899192
0.0,0.0064731836
1.0,0.48217764
1.0,0.541607
1.0,0.7249371
1.0,0.97329617
0.0,0.11985922
0.0,0.03946668
1.0,0.8399242
0.0,0.01745084
0.0,0.3025949
1.0,0.7229767
1.0,0.8702797
1.0,0.96053743
0.0,0.00957787
1.0,0.95208097
1.0,0.8582676
0.0,0.13570517
1.0,0.96855986
0.0,0.41636685
1.0,0.86079514
1.0,0.91543436
0.0,0.76560926
0.0,0.588424
1.0,0.53709567
0.0,0.21615514
1.0,0.9677402
0.0,0.9306434
0.0,0.03263727
0.0,0.8161993
1.0,0.991709
0.0,0.0033037364
0.0,0.008366138
0.0,0.7812265
1.0,0.36303008
0.0,0.020999074
0.0,0.006925553
0.0,0.045428634
0.0,0.6798179
1.0,0.56800056
1.0,0.91627437
0.0,0.08146337
0.0,0.39230287
0.0,0.09572834
0.0,0.09034243
0.0,0.01899314
1.0,0.94502425
0.0,0.053459913
1.0,0.9620849
0.0,0.7782372
0.0,0.1302565
1.0,0.7839429
0.0,0.025877982
0.0,0.040272534
0.0,0.022934675
0.0,0.007824659
0.0,0.07302493
0.0,0.0031824112
0.0,0.023873836
0.0,0.03761798
1.0,0.87062573
1.0,0.9822734
0.0,0.004323393
0.0,0.03302872
1.0,0.97009397
0.0,0.010452151
1.0,0.9126482
0.0,0.2715436
0.0,0.002773583
1.0,0.88197005
0.0,0.15696928
1.0,0.439606
0.0,0.26939318
1.0,0.2623868
0.0,0.031203628
0.0,0.031655222
0.0,0.7442239
1.0,0.97964746
0.0,0.003722936
0.0,0.048209757
0.0,0.009280682
0.0,0.9526731
1.0,0.3904065
0.0,0.011504263
0.0,0.010362625
1.0,0.9462376
1.0,0.022821158
0.0,0.11261752
1.0,0.71565175
0.0,0.043150306
0.0,0.21898222
1.0,0.9508832
1.0,0.99393475
0.0,0.2516926
1.0,0.96810365
1.0,0.9687051
0.0,0.015430003
0.0,0.042007476
0.0,0.042805105
1.0,0.054880142
0.0,0.0031972826
0.0,0.03485164
0.0,0.009115279
1.0,0.9930105
1.0,0.50795877
0.0,0.01361528
1.0,0.5973778
1.0,0.06683293
0.0,0.44408643
1.0,0.9447602
0.0,0.031577885
1.0,0.9486704
0.0,0.05839649
1.0,0.9361619
0.0,0.0222373
0.0,0.012595296
1.0,0.77525973
0.0,0.007995039
1.0,0.86368525
0.0,0.044538587
0.0,0.013005495
0.0,0.013766944
1.0,0.7476976
0.0,0.24601096
1.0,0.58747464
0.0,0.005031854
1.0,0.6116648
1.0,0.49015993
0.0,0.004057288
1.0,0.97985876
1.0,0.9687781
1.0,0.23561817
1.0,0.8750719
0.0,0.016963035
0.0,0.012340575
0.0,0.77263904
1.0,0.9320241
1.0,0.6680299
0.0,0.0152409375
0.0,0.030318081
0.0,0.105208874
1.0,0.8902308
0.0,0.2804942
1.0,0.007956266
1.0,0.95487213
0.0,0.0155466795
0.0,0.043566465
1.0,0.9784971
0.0,0.7471496
1.0,0.97856176
0.0,0.7637491
0.0,0.024913639
0.0,0.018578202
1.0,0.07798299
0.0,0.02544254
1.0,0.9811431
0.0,0.016928822
1.0,0.4331663
0.0,0.63060737
0.0,0.108828604
1.0,0.08385569
1.0,0.36572266
1.0,0.6940092
1.0,0.92301536
0.0,0.04834631
0.0,0.041633576
0.0,0.43971595
0.0,0.003105998
1.0,0.94676185
1.0,0.7599024
0.0,0.004141301
0.0,0.015818655
0.0,0.0050773025
1.0,0.76151204
0.0,0.023327649
0.0,0.02246663
0.0,0.04220599
0.0,0.2466025
0.0,0.029712468
0.0,0.18687427
1.0,0.85331607
0.0,0.9137423
1.0,0.34907824
0.0,0.042962313
0.0,0.27735397
1.0,0.73470235
1.0,0.8626518
1.0,0.95665705
0.0,0.026144773
0.0,0.19067803
1.0,0.26891658
0.0,0.005870074
0.0,0.043575823
0.0,0.19864815
1.0,0.8489742
0.0,0.031552047
0.0,0.04448524
1.0,0.9795741
0.0,0.13310447
1.0,0.9936044
1.0,0.9196118
1.0,0.9757395
0.0,0.01250726
1.0,0.9678539
1.0,0.80846214
0.0,0.034857363
1.0,0.33710983
0.0,0.015991777
0.0,0.13193804
0.0,0.08011523
0.0,0.005569309
1.0,0.8162975
1.0,0.4688898
1.0,0.9909126
1.0,0.96723974
1.0,0.9829942
0.0,0.41543043
0.0,0.9792955
1.0,0.9747766
0.0,0.022671849
1.0,0.69908583
1.0,0.98774946
0.0,0.05192423
1.0,0.11738461
1.0,0.36293113
0.0,0.017275333
0.0,0.037974328
0.0,0.009911984
0.0,0.032287776
1.0,0.52169913
1.0,0.9773426
0.0,0.00764367
0.0,0.02504304
1.0,0.041698784
1.0,0.8128884
1.0,0.077738106
0.0,0.03721121
1.0,0.7085616
1.0,0.19200331
0.0,0.023875982
0.0,0.20413896
1.0,0.8670752
1.0,0.98743665
0.0,0.40203485
1.0,0.8383178
0.0,0.07056922
0.0,0.686866
1.0,0.9804719
0.0,0.5481734
1.0,0.9715173
0.0,0.8206291
0.0,0.25283465
0.0,0.067830086
1.0,0.9578725
1.0,0.49589428
0.0,0.012447834
0.0,0.014549047
1.0,0.79225016
0.0,0.025858015
1.0,0.9834683
1.0,0.905509
1.0,0.752142
0.0,0.0631358
0.0,0.7885232
0.0,0.7443514
0.0,0.015612036
0.0,0.0043525994
1.0,0.99206036
0.0,0.3532109
0.0,0.017473608
1.0,0.9592619
0.0,0.051191866
1.0,0.053944767
1.0,0.8730189
0.0,0.015961856
0.0,0.2530786
0.0,0.75704336
0.0,0.009167314
0.0,0.004387349
0.0,0.008793473
0.0,0.012697071
0.0,0.9141013
1.0,0.60395086
1.0,0.94438636
0.0,0.72742856
0.0,0.48382387
0.0,0.01337868
0.0,0.04697013
0.0,0.01515305
1.0,0.030251056
0.0,0.018400252
0.0,0.0029932857
1.0,0.9926399
1.0,0.57588315
0.0,0.009944618
0.0,0.97615683
0.0,0.0032064617
0.0,0.01682505
0.0,0.00495407
0.0,0.02786529
1.0,0.9091568
1.0,0.7821815
1.0,0.92177844
0.0,0.004832089
1.0,0.77079105
1.0,0.93384075
0.0,0.053421438
0.0,0.0032981634
1.0,0.7931448
1.0,0.21344888
1.0,0.87125254
1.0,0.9654943
1.0,0.7457088
0.0,0.065535665
0.0,0.18216774
1.0,0.37821564
0.0,0.011336446
1.0,0.9581101
0.0,0.010496885
1.0,0.6171725
0.0,0.02557993
0.0,0.279454
0.0,0.01976642
0.0,0.016181082
0.0,0.27869096
0.0,0.0037691295
0.0,0.0041903853
0.0,0.028247505
0.0,0.7077081
0.0,0.0036658645
0.0,0.00908348
1.0,0.9286165
1.0,0.8139995
1.0,0.9799328
0.0,0.96961296
0.0,0.5156494
0.0,0.81381184
0.0,0.031134099
1.0,0.98082876
1.0,0.2351088
1.0,0.9162487
1.0,0.986182
0.0,0.9077456
0.0,0.010660619
0.0,0.009480983
1.0,0.7992588
0.0,0.01243794
1.0,0.006037742
1.0,0.9775636
0.0,0.13084108
0.0,0.009749353
0.0,0.009776801
0.0,0.7323481
1.0,0.9198295
1.0,0.9625594
0.0,0.038101733
1.0,0.94492257
1.0,0.731322
0.0,0.54607236
0.0,0.028971612
1.0,0.5599277
0.0,0.002870828
0.0,0.08629227
0.0,0.0049647987
0.0,0.2969711
0.0,0.03052339
1.0,0.4904878
0.0,0.048425585
0.0,0.6121862
1.0,0.9844686
1.0,0.92532396
0.0,0.6005411
0.0,0.49829045
1.0,0.7294681
0.0,0.09818223
0.0,0.0020151138
1.0,0.5409097
0.0,0.06575501
0.0,0.022170871
0.0,0.027671546
1.0,0.9753078
0.0,0.1937688
1.0,0.8318615
1.0,0.9656668
1.0,0.99563575
0.0,0.011959583
1.0,0.8025137
0.0,0.031353652
1.0,0.9563316
0.0,0.08027446
1.0,0.96880436
0.0,0.028713971
0.0,0.023624003
1.0,0.9827844
0.0,0.00968498
0.0,0.0074315667
1.0,0.6536314
1.0,0.8604692
1.0,0.069613725
1.0,0.7246098
1.0,0.6446315
1.0,0.9621581
1.0,0.7607585
0.0,0.013005137
1.0,0.11104745
1.0,0.9864476
0.0,0.06910744
0.0,0.007676512
0.0,0.0029142797
1.0,0.64870274
0.0,0.0112634
0.0,0.061968803
0.0,0.2566
1.0,0.9724388
0.0,0.008916855
0.0,0.097257555
1.0,0.5698351
1.0,0.95123345
1.0,0.8666978
1.0,0.12270704
0.0,0.9849868
0.0,0.05593276
0.0,0.06975123
0.0,0.0351305
0.0,0.0056713223
0.0,0.049349755
0.0,0.025059909
1.0,0.04526806
1.0,0.9464255
0.0,0.041069746
1.0,0.860313
0.0,0.0116659105
0.0,0.0048987865
1.0,0.98365
0.0,0.013595372
0.0,0.7916937
0.0,0.012778372
0.0,0.3145104
0.0,0.025589943
0.0,0.013293147
0.0,0.94981503
1.0,0.75388825
0.0,0.089047134
0.0,0.31460893
1.0,0.9088981
0.0,0.0077722967
1.0,0.8357233
0.0,0.0338279
0.0,0.0053423643
0.0,0.019189328
0.0,0.2288068
0.0,0.0035872757
0.0,0.009921789
0.0,0.025273204
0.0,0.023203313
0.0,0.7243943
1.0,0.72853875
0.0,0.057185203
1.0,0.8753538
0.0,0.66470766
1.0,0.086375624
0.0,0.09443727
0.0,0.0057670474
0.0,0.086301625
1.0,0.95925915
1.0,0.025298178
1.0,0.23730937
0.0,0.019696295
0.0,0.53811824
1.0,0.697271
0.0,0.012388706
0.0,0.03430599
1.0,0.40695092
0.0,0.01671043
1.0,0.9509113
1.0,0.3002235
0.0,0.012237132
1.0,0.5344134
0.0,0.110833764
1.0,0.22671896
0.0,0.3471789
1.0,0.9937181
0.0,0.0029920042
0.0,0.9701669
0.0,0.041615546
0.0,0.048648745
0.0,0.008271754
0.0,0.043114185
0.0,0.017445832
1.0,0.95503986
0.0,0.008280396
0.0,0.0032687783
0.0,0.002789706
0.0,0.12855375
0.0,0.12403163
1.0,0.2164441
0.0,0.5070086
0.0,0.10187912
1.0,0.52619195
0.0,0.460774
1.0,0.97609437
0.0,0.7256605
1.0,0.9209534
1.0,0.9237908
0.0,0.0073505044
1.0,0.9941464
0.0,0.5406772
0.0,0.019681811
0.0,0.020778954
0.0,0.08982065
1.0,0.10254502
1.0,0.9849885
0.0,0.043232054
0.0,0.19795069
1.0,0.9903469
0.0,0.04075548
1.0,0.6480625
1.0,0.029779822
1.0,0.7927731
0.0,0.0223144
1.0,0.6924339
0.0,0.01610449
1.0,0.84119946
1.0,0.12806147
0.0,0.24550182
0.0,0.8107123
0.0,0.039866686
0.0,0.18158609
1.0,0.7711626
1.0,0.95433146
1.0,0.9823494
0.0,0.01954031
0.0,0.002762407
1.0,0.94257665
0.0,0.9494828
0.0,0.004558265
0.0,0.02021119
1.0,0.6630557
0.0,0.073265344
0.0,0.01351729
0.0,0.07948586
0.0,0.046568602
1.0,0.7193048
1.0,0.9585481
0.0,0.10066661
0.0,0.03311786
0.0,0.012525439
1.0,0.9903461
0.0,0.02637732
0.0,0.8306638
1.0,0.8659501
0.0,0.009539902
0.0,0.7522864
1.0,0.9643128
0.0,0.05925125
1.0,0.27701867
1.0,0.18892133
0.0,0.030350894
0.0,0.037008584
0.0,0.008189142
0.0,0.015652686
1.0,0.9796077
1.0,0.9968388
1.0,0.98149836
1.0,0.19169265
0.0,0.8420856
0.0,0.05265245
1.0,0.7877042
1.0,0.9855056
0.0,0.057528704
0.0,0.04165536
1.0,0.48148128
0.0,0.008866131
1.0,0.6933626
0.0,0.008582681
0.0,0.2978434
1.0,0.97870624
0.0,0.05880198
0.0,0.004598975
0.0,0.050421268
0.0,0.035877585
0.0,0.37096107
1.0,0.107925
0.0,0.037530005
1.0,0.98140544
0.0,0.0995301
1.0,0.9569031
0.0,0.16989452
1.0,0.7231728
1.0,0.9765588
1.0,0.9918204
0.0,0.9363986
0.0,0.0041345656
1.0,0.3508848
0.0,0.053403914
0.0,0.031995952
1.0,0.8682367
1.0,0.30682877
0.0,0.11327425
1.0,0.9528566
1.0,0.9744233
0.0,0.8474604
0.0,0.013804078
0.0,0.7473823
0.0,0.012608796
0.0,0.0033008754
0.0,0.9150189
1.0,0.9733882
1.0,0.98692393
1.0,0.96281886
0.0,0.0047900677
0.0,0.012535632
0.0,0.011138707
0.0,0.034174234
0.0,0.04302773
0.0,0.056431115
1.0,0.8736996
1.0,0.9531349
1.0,0.65999484
0.0,0.11407152
0.0,0.035536528
1.0,0.8924332
0.0,0.14588478
0.0,0.52905905
1.0,0.89104235
0.0,0.7370751
0.0,0.90686774
1.0,0.7143484
0.0,0.038553357
1.0,0.67143756
1.0,0.9206669
0.0,0.96133995
0.0,0.012993336
1.0,0.9938267
0.0,0.005295664
0.0,0.48130953
1.0,0.82885885
1.0,0.9584245
1.0,0.74795544
1.0,0.94300455
0.0,0.9773327
0.0,0.031440586
0.0,0.007254988
1.0,0.788694
0.0,0.9811979
1.0,0.77383727
0.0,0.8191054
1.0,0.9319637
1.0,0.712101
0.0,0.08695075
0.0,0.02713561
0.0,0.0111413
0.0,0.3211954
0.0,0.04154679
0.0,0.009047478
1.0,0.41386276
1.0,0.19678095
0.0,0.8858408
1.0,0.97077703
1.0,0.59725106
0.0,0.004409164
0.0,0.16220024
1.0,0.88490677
1.0,0.1789037
0.0,0.016761273
0.0,0.09958893
0.0,0.013868809
0.0,0.020635039
1.0,0.5937848
1.0,0.96700364
0.0,0.032026857
0.0,0.003331393
0.0,0.036468238
0.0,0.14224741
0.0,0.01349026
0.0,0.016563952
0.0,0.93340844
0.0,0.36537197
0.0,0.01333493
0.0,0.028938055
0.0,0.10728866
1.0,0.9831994
1.0,0.8656004
0.0,0.011108935
0.0,0.028084815
0.0,0.0026870072
0.0,0.006315738
0.0,0.08209932
0.0,0.31743854
0.0,0.020431459
0.0,0.54353684
1.0,0.9299464
1.0,0.98993564
1.0,0.8907385
1.0,0.84123504
1.0,0.98600996
0.0,0.5018383
0.0,0.036430597
0.0,0.033227175
0.0,0.038579375
1.0,0.7613234
0.0,0.01677537
1.0,0.9256667
0.0,0.029541194
0.0,0.55953944
0.0,0.8707241
0.0,0.028142422
0.0,0.03929597
0.0,0.16573846
0.0,0.19198704
0.0,0.012130618
1.0,0.8884048
1.0,0.39832357
0.0,0.1024653
0.0,0.13055316
0.0,0.011066586
0.0,0.006968498
1.0,0.97636354
0.0,0.011871189
1.0,0.10269976
0.0,0.031719595
1.0,0.52958417
0.0,0.012597978
0.0,0.09649137
1.0,0.91249096
0.0,0.0026319325
1.0,0.96429825
0.0,0.047317684
0.0,0.45140195
0.0,0.24033561
0.0,0.0034571886
0.0,0.0062167645
1.0,0.9267674
1.0,0.9867201
0.0,0.48619422
0.0,0.045309067
0.0,0.01705888
0.0,0.16555
1.0,0.8300154
0.0,0.7438937
1.0,0.18104568
1.0,0.4781081
0.0,0.7551935
0.0,0.0404391
0.0,0.053586155
0.0,0.021656007
0.0,0.046197385
0.0,0.036135375
0.0,0.035144687
0.0,0.73814905
0.0,0.1947315
1.0,0.91745734
0.0,0.9824993
0.0,0.008995622
1.0,0.89973694
0.0,0.026741207
0.0,0.0456405
0.0,0.0046295524
0.0,0.024658978
1.0,0.060356826
1.0,0.9680627
1.0,0.9765119
0.0,0.017533809
0.0,0.0077768266
0.0,0.017863393
0.0,0.4491328
0.0,0.434727
0.0,0.73331153
1.0,0.99136174
1.0,0.9731533
1.0,0.9405298
0.0,0.02351597
1.0,0.9884696
1.0,0.723439
0.0,0.04029289
1.0,0.9468882
0.0,0.018184215
0.0,0.018858999
0.0,0.65749615
1.0,0.9896114
1.0,0.95027834
1.0,0.725238
0.0,0.8429427
0.0,0.27262914
0.0,0.013228089
1.0,0.97288764
1.0,0.976564
1.0,0.9573177
1.0,0.869069
0.0,0.037572652
0.0,0.033768088
0.0,0.035075516
0.0,0.36796036
1.0,0.9668658
0.0,0.015916705
0.0,0.07184979
0.0,0.11596581
1.0,0.2870044
0.0,0.05193335
0.0,0.2511511
0.0,0.07749596
0.0,0.4905928
0.0,0.02414006
0.0,0.09888327
0.0,0.017119229
0.0,0.19275069
0.0,0.004923165
1.0,0.9836916
1.0,0.18263006
0.0,0.30791497
0.0,0.9877069
0.0,0.04521498
1.0,0.917638
0.0,0.0073007643
0.0,0.045082092
0.0,0.50952035
0.0,0.008025646
1.0,0.9499296
0.0,0.013035595
0.0,0.06207061
1.0,0.51904047
1.0,0.9558011
1.0,0.9439912
0.0,0.03798464
0.0,0.09273428
1.0,0.8322003
1.0,0.9760542
1.0,0.9805915
0.0,0.8183977
0.0,0.5450885
0.0,0.0030396283
1.0,0.068384856
1.0,0.9832664
0.0,0.016320795
0.0,0.8285142
1.0,0.6956589
1.0,0.9708538
0.0,0.012592912
1.0,0.8580135
1.0,0.55484176
0.0,0.021524966
1.0,0.2780221
0.0,0.03797558
0.0,0.009399295
0.0,0.9365755
0.0,0.024309099
1.0,0.69904524
0.0,0.21172613
1.0,0.8031025
1.0,0.70539147
1.0,0.5946078
0.0,0.00534454
0.0,0.43449366
1.0,0.50469
0.0,0.0025674999
1.0,0.75745237
1.0,0.8277117
0.0,0.96199703
0.0,0.03418249
1.0,0.044680506
1.0,0.9819042
0.0,0.0054860413
1.0,0.7867993
1.0,0.2234599
1.0,0.8772907
1.0,0.9909993
1.0,0.43877003
1.0,0.9687933
0.0,0.04268703
0.0,0.3670823
0.0,0.03031993
1.0,0.94972
1.0,0.4448592
0.0,0.044442207
0.0,0.024205506
1.0,0.18220279
0.0,0.013467312
1.0,0.9825456
0.0,0.15763462
1.0,0.86567724
1.0,0.95691335
0.0,0.16635355
1.0,0.33594137
0.0,0.037772328
1.0,0.99255776
1.0,0.9587519
1.0,0.14586401
0.0,0.02867484
0.0,0.03495595
1.0,0.7548839
0.0,0.08368036
1.0,0.8945405
0.0,0.03041035
0.0,0.8868227
0.0,0.09425801
0.0,0.15292743
0.0,0.005641073
0.0,0.20776409
0.0,0.1591888
1.0,0.95921344
1.0,0.11752987
0.0,0.022626251
1.0,0.98316324
1.0,0.84711665
0.0,0.8444028
0.0,0.7760777
0.0,0.07556823
0.0,0.047592968
0.0,0.019947916
0.0,0.031265408
1.0,0.33162093
1.0,0.98815477
0.0,0.009239137
0.0,0.0052527785
0.0,0.7220934
0.0,0.91802657
0.0,0.11228064
1.0,0.86321294
0.0,0.14860937
0.0,0.045698106
1.0,0.8868586
1.0,0.962482
0.0,0.023086846
0.0,0.14711985
0.0,0.0075434744
1.0,0.92464054
1.0,0.8879743
0.0,0.025738329
0.0,0.046055824
0.0,0.00794673
0.0,0.15795055
0.0,0.008302391
1.0,0.9644829
1.0,0.74752915
1.0,0.19583917
0.0,0.004269868
1.0,0.22766182
0.0,0.46404833
1.0,0.9922855
1.0,0.4371937
0.0,0.008390188
0.0,0.0033028126
0.0,0.0048875213
0.0,0.7638552
0.0,0.5665205
1.0,0.9950261
0.0,0.6622589
0.0,0.6178788
0.0,0.01662764
0.0,0.0036379993
0.0,0.13671851
0.0,0.08679545
0.0,0.10541889
1.0,0.83595824
1.0,0.9682088
0.0,0.004951328
0.0,0.7263379
0.0,0.6801299
0.0,0.048484057
1.0,0.98042995
0.0,0.026697308
0.0,0.14197168
1.0,0.4200647
0.0,0.9293232
0.0,0.042205185
0.0,0.014770389
0.0,0.0077533126
1.0,0.98806745
1.0,0.9097419
0.0,0.011189312
1.0,0.37834132
1.0,0.96196103
1.0,0.9605757
0.0,0.22281548
0.0,0.17472601
1.0,0.96307933
1.0,0.9737719
0.0,0.0070134997
1.0,0.97378
0.0,0.05326736
1.0,0.89595675
1.0,0.93061477
1.0,0.87668717
0.0,0.01911679
1.0,0.71147543
1.0,0.30635804
0.0,0.095258
0.0,0.038158625
0.0,0.98168254
0.0,0.04207328
0.0,0.016989112
0.0,0.0062614977
1.0,0.9942434
0.0,0.10755193
0.0,0.051388443
0.0,0.23222932
0.0,0.007491499
0.0,0.0623143
0.0,0.027385384
1.0,0.79865366
0.0,0.018800855
0.0,0.020225942
0.0,0.3937779
1.0,0.8738212
1.0,0.9068234
1.0,0.93484354
1.0,0.97024155
0.0,0.011636794
0.0,0.06420609
0.0,0.02233237
0.0,0.18696249
0.0,0.7562573
0.0,0.011025429
1.0,0.9492844
0.0,0.6930342
1.0,0.095273525
1.0,0.045157373
1.0,0.74789363
0.0,0.059654504
0.0,0.009432405
0.0,0.0036136806
0.0,0.0090459585
1.0,0.5306754
1.0,0.97328854
1.0,0.7649231
1.0,0.8375437
1.0,0.9915532
0.0,0.0146511495
0.0,0.04711157
0.0,0.8423068
0.0,0.009443641
1.0,0.9687593
0.0,0.0069502294
0.0,0.80995965
1.0,0.9790765
1.0,0.77674425
0.0,0.012565702
0.0,0.11211079
0.0,0.21515635
0.0,0.1965065
1.0,0.82008344
0.0,0.98596287
0.0,0.5135254
1.0,0.9918883
0.0,0.11023167
1.0,0.9724361
1.0,0.97481346
0.0,0.00361678
0.0,0.76538956
0.0,0.011619151
0.0,0.019631088
1.0,0.76899064
0.0,0.018738776
0.0,0.053752005
0.0,0.42465508
0.0,0.005849421
1.0,0.98217684
1.0,0.16307819
1.0,0.86663425
1.0,0.9405644
0.0,0.6739161
0.0,0.05397755
1.0,0.8504199
0.0,0.017883182
1.0,0.3688969
0.0,0.041827947
1.0,0.9479363
1.0,0.9843445
0.0,0.5392396
0.0,0.16342899
0.0,0.40456453
0.0,0.029552698
0.0,0.010791898
0.0,0.02773872
1.0,0.8990531
0.0,0.008222163
0.0,0.20213589
0.0,0.32167315
0.0,0.067764014
0.0,0.014452219
0.0,0.0040930808
0.0,0.56688327
0.0,0.0051382184
0.0,0.0047515333
0.0,0.036174178
0.0,0.087111175
0.0,0.020975918
1.0,0.2943964
0.0,0.061091304
1.0,0.98166394
0.0,0.0064552426
0.0,0.003520608
1.0,0.7249465
0.0,0.0097331405
1.0,0.97088134
0.0,0.12776542
1.0,0.9172932
0.0,0.7417679
0.0,0.037029564
1.0,0.76124954
1.0,0.19698131
0.0,0.0071719885
0.0,0.054963708
0.0,0.004263878
0.0,0.0031481385
0.0,0.007045746
0.0,0.73656785
1.0,0.9446448
1.0,0.71952534
0.0,0.11050004
0.0,0.012984902
1.0,0.80127066
1.0,0.8411755
1.0,0.7879684
0.0,0.0028925538
1.0,0.035433203
0.0,0.39581084
1.0,0.5490875
0.0,0.0034614503
1.0,0.75514656
0.0,0.007118672
0.0,0.09140149
0.0,0.06409627
0.0,0.90175724
1.0,0.96510094
0.0,0.055660874
0.0,0.09914854
1.0,0.979339
0.0,0.017571837
0.0,0.83075833
0.0,0.5595133
1.0,0.97996014
0.0,0.6047238
0.0,0.03718245
0.0,0.98493797
1.0,0.9556186
0.0,0.003570497
0.0,0.83168936
0.0,0.0509561
1.0,0.51892406
0.0,0.03902188
1.0,0.98091614
0.0,0.29818988
1.0,0.7305613
1.0,0.99252844
0.0,0.94921094
1.0,0.9650487
1.0,0.9894955
0.0,0.012762308
0.0,0.9252668
0.0,0.016654044
1.0,0.9836354
0.0,0.21151221
1.0,0.52957845
1.0,0.534604
0.0,0.014084578
1.0,0.9661857
0.0,0.22388881
1.0,0.46753535
0.0,0.62521017
1.0,0.34829062
0.0,0.75942063
1.0,0.024185061
0.0,0.61878127
0.0,0.008900911
0.0,0.0077640116
0.0,0.022450238
0.0,0.014971763
0.0,0.0042408407
0.0,0.004862964
0.0,0.30058742
0.0,0.045728415
0.0,0.4802672
0.0,0.49392042
0.0,0.025523394
1.0,0.9246515
1.0,0.18877327
0.0,0.5303266
1.0,0.022287607
0.0,0.034469664
0.0,0.32769912
0.0,0.8181106
0.0,0.079161406
0.0,0.033852518
0.0,0.13900545
1.0,0.92430043
0.0,0.0036265254
0.0,0.013007939
1.0,0.012168318
0.0,0.009533942
1.0,0.92008555
0.0,0.07328966
0.0,0.035127908
1.0,0.75068736
0.0,0.01267156
1.0,0.9393245
0.0,0.0069293976
0.0,0.002871722
0.0,0.011196971
1.0,0.9767113
0.0,0.026840925
1.0,0.2209186
1.0,0.71633506
0.0,0.9780904
0.0,0.0028322637
1.0,0.018240482
0.0,0.008540362
0.0,0.07651591
0.0,0.8118382
0.0,0.0037802756
0.0,0.82644916
0.0,0.953454
1.0,0.5995885
0.0,0.023222864
1.0,0.8759805
0.0,0.0052111745
0.0,0.0037084222
0.0,0.007729709
1.0,0.9171119
1.0,0.9846947
0.0,0.26026386
0.0,0.41103494
0.0,0.004000038
0.0,0.09209722
0.0,0.063745886
0.0,0.015931457
0.0,0.0024021864
1.0,0.1447514
1.0,0.9169445
0.0,0.03109312
0.0,0.98031557
1.0,0.27536803
0.0,0.004365653
1.0,0.9446039
0.0,0.006297648
0.0,0.03796944
1.0,0.9515975
0.0,0.75153536
1.0,0.48050374
1.0,0.96300274
1.0,0.9823767
0.0,0.35743695
0.0,0.03073603
0.0,0.2984789
1.0,0.9357326
0.0,0.51057065
1.0,0.98029345
0.0,0.03553441
0.0,0.018304467
0.0,0.21009713
1.0,0.91043854
0.0,0.016913444
0.0,0.03021738
0.0,0.45859328
1.0,0.0736005
1.0,0.9923209
0.0,0.06796843
0.0,0.020189553
1.0,0.9651331
1.0,0.9774954
1.0,0.9238024
1.0,0.17027006
0.0,0.008144677
1.0,0.8964546
0.0,0.16998848
0.0,0.06358981
0.0,0.0064208508
1.0,0.77343166
0.0,0.113776624
0.0,0.06336555
0.0,0.005095154
1.0,0.8091229
0.0,0.23660606
1.0,0.975645
1.0,0.95661175
0.0,0.017655402
1.0,0.7321744
0.0,0.025598735
1.0,0.66917366
0.0,0.51134086
0.0,0.015452981
0.0,0.029162318
0.0,0.06749365
1.0,0.9937702
0.0,0.03608015
0.0,0.25311285
0.0,0.5695236
1.0,0.99309635
1.0,0.90920687
0.0,0.038330227
1.0,0.96143305
1.0,0.98439646
1.0,0.993737
1.0,0.38153356
0.0,0.12793332
1.0,0.76343155
0.0,0.06937629
0.0,0.58084935
1.0,0.44300872
0.0,0.023108542
0.0,0.017034978
0.0,0.08030403
1.0,0.4895931
0.0,0.43504956
0.0,0.30443543
1.0,0.97645783
0.0,0.013767511
1.0,0.8843808
0.0,0.016895473
0.0,0.95259047
1.0,0.83095396
1.0,0.94843084
0.0,0.0145033
1.0,0.96432745
1.0,0.9837037
0.0,0.74736446
0.0,0.80684066
1.0,0.6966499
0.0,0.027189314
1.0,0.9720416
0.0,0.054953367
0.0,0.047333837
1.0,0.34608877
1.0,0.87060153
0.0,0.045713544
1.0,0.6047333
0.0,0.09736061
0.0,0.05665624
1.0,0.97555494
0.0,0.03374219
0.0,0.064939976
0.0,0.020070255
1.0,0.6360785
0.0,0.016119331
0.0,0.012237132
1.0,0.93822414
1.0,0.9609823
0.0,0.025472373
0.0,0.41055226
0.0,0.0052215755
1.0,0.18607205
0.0,0.7344676
0.0,0.005946487
0.0,0.036712438
0.0,0.0076833367
0.0,0.007096559
1.0,0.20999742
0.0,0.16313061
0.0,0.0034878254
0.0,0.30909353
1.0,0.90810287
1.0,0.99285716
1.0,0.8588759
0.0,0.8684904
0.0,0.017957151
0.0,0.979265
1.0,0.9842988
0.0,0.039856583
1.0,0.5297606
0.0,0.02724582
1.0,0.9797102
0.0,0.05936432
1.0,0.89024746
0.0,0.9085671
1.0,0.44589615
0.0,0.11894593
0.0,0.15582731
1.0,0.8246228
1.0,0.9428444
1.0,0.98254585
0.0,0.1418817
1.0,0.95962214
1.0,0.5870589
1.0,0.37781435
0.0,0.0044020712
1.0,0.7435715
0.0,0.018416435
0.0,0.9318105
1.0,0.6556419
0.0,0.3274332
0.0,0.018730551
0.0,0.024021626
0.0,0.04102093
0.0,0.5678707
1.0,0.9736664
1.0,0.95932424
0.0,0.46937805
0.0,0.62992084
0.0,0.014392465
1.0,0.9892293
0.0,0.6991557
0.0,0.322805
0.0,0.0076098144
0.0,0.019928753
0.0,0.044273853
0.0,0.94917977
1.0,0.9797932
1.0,0.98464924
1.0,0.12711665
0.0,0.44700798
0.0,0.007916033
0.0,0.009433329
0.0,0.032372266
0.0,0.030476779
1.0,0.9567851
0.0,0.038957357
0.0,0.22118726
1.0,0.9914011
0.0,0.07388088
1.0,0.09714705
1.0,0.90666896
0.0,0.47162902
0.0,0.01086992
0.0,0.03926134
1.0,0.7180902
0.0,0.09524584
0.0,0.014641583
1.0,0.9057453
1.0,0.49877933
0.0,0.0054481328
0.0,0.06840867
0.0,0.69932115
0.0,0.013398677
0.0,0.33858886
1.0,0.43177372
1.0,0.91760886
0.0,0.01512447
0.0,0.0028138757
0.0,0.84837204
0.0,0.24915579
1.0,0.9457737
0.0,0.029141486
1.0,0.98704267
0.0,0.038655996
1.0,0.97333324
0.0,0.009575665
1.0,0.96010005
1.0,0.7690089
0.0,0.02898854
0.0,0.22477275
0.0,0.0066601336
0.0,0.049954087
1.0,0.6831511
1.0,0.008541465
1.0,0.19789883
1.0,0.45613134
1.0,0.74688333
0.0,0.0042806566
1.0,0.49887946
1.0,0.8812546
0.0,0.019575566
0.0,0.040030926
0.0,0.024297804
1.0,0.5362406
1.0,0.9866746
0.0,0.89533347
0.0,0.010174334
1.0,0.8392184
0.0,0.011874646
0.0,0.033934474
1.0,0.96491426
0.0,0.57359004
0.0,0.03162265
1.0,0.19168341
1.0,0.91661
0.0,0.012115777
0.0,0.020706385
0.0,0.03847325
1.0,0.9847628
1.0,0.9735098
0.0,0.79740256
0.0,0.401074
1.0,0.98905754
1.0,0.77494204
0.0,0.009614706
0.0,0.11025351
0.0,0.06524891
1.0,0.2923903
1.0,0.27534488
0.0,0.039563805
0.0,0.08100855
1.0,0.96592045
0.0,0.020921439
0.0,0.020938307
0.0,0.07233858
0.0,0.8153043
1.0,0.9567952
0.0,0.86016893
0.0,0.017002493
0.0,0.9116293
0.0,0.3482085
0.0,0.0363594
1.0,0.7748147
1.0,0.7751849
0.0,0.279159
1.0,0.98129886
0.0,0.43844962
1.0,0.9308623
1.0,0.06839797
1.0,0.9329001
0.0,0.007769078
0.0,0.33720082
0.0,0.016167104
1.0,0.9913646
0.0,0.0072435737
1.0,0.9895068
0.0,0.08196244
0.0,0.00542292
1.0,0.08656761
1.0,0.9598652
0.0,0.004267037
1.0,0.77126455
0.0,0.045819044
1.0,0.9571487
0.0,0.0044079125
1.0,0.6750909
1.0,0.037980884
0.0,0.030858785
0.0,0.008805215
0.0,0.011391789
0.0,0.011417717
0.0,0.013679564
0.0,0.9031197
0.0,0.082176626
0.0,0.021845758
0.0,0.95848984
0.0,0.0055920184
1.0,0.9643297
0.0,0.35973117
0.0,0.3245994
1.0,0.9932771
0.0,0.05510381
1.0,0.9907675
0.0,0.031081498
1.0,0.98378193
0.0,0.0073655546
0.0,0.048438072
1.0,0.99221575
0.0,0.072045386
0.0,0.009507626
0.0,0.023301423
1.0,0.97073007
1.0,0.34230536
0.0,0.013092607
1.0,0.9585889
1.0,0.21633887
1.0,0.9770676
0.0,0.37434116
1.0,0.11404246
1.0,0.93356913
0.0,0.3289398
1.0,0.5127715
1.0,0.5614078
0.0,0.033336043
0.0,0.0048996806
0.0,0.022816002
0.0,0.03700763
0.0,0.009645194
0.0,0.04277134
0.0,0.035532504
0.0,0.002746284
1.0,0.9133798
0.0,0.07708797
0.0,0.006676227
0.0,0.01927039
0.0,0.048213422
1.0,0.8199529
0.0,0.0042993426
1.0,0.9085407
0.0,0.34388185
0.0,0.0077970624
1.0,0.66989607
1.0,0.8610937
0.0,0.15614748
0.0,0.062149495
1.0,0.8650617
0.0,0.9399929
0.0,0.027442992
1.0,0.72225887
1.0,0.7068262
1.0,0.81949127
1.0,0.8411381
0.0,0.024564028
0.0,0.004591316
1.0,0.60982203
0.0,0.017175734
0.0,0.002878368
1.0,0.98435676
1.0,0.8897313
1.0,0.9793377
0.0,0.01464507
1.0,0.106327385
1.0,0.9661269
1.0,0.9729626
0.0,0.004797399
0.0,0.007743478
1.0,0.39937934
0.0,0.030924797
0.0,0.7411887
0.0,0.021777391
1.0,0.9890108
0.0,0.015874147
0.0,0.021257699
0.0,0.046480775
0.0,0.25215536
0.0,0.05297947
0.0,0.005289942
0.0,0.8628101
1.0,0.9925221
0.0,0.039672732
1.0,0.8511283
0.0,0.007558733
0.0,0.72152925
0.0,0.8962742
1.0,0.010480434
0.0,0.7230879
0.0,0.012224197
0.0,0.0029502213
0.0,0.28182128
0.0,0.067765385
1.0,0.9739237
0.0,0.32733092
1.0,0.9463188
0.0,0.013978124
0.0,0.063595474
0.0,0.028369516
0.0,0.7360173
0.0,0.06525728
0.0,0.5529463
0.0,0.22637293
0.0,0.1251534
1.0,0.89933383
0.0,0.047320485
1.0,0.7239758
1.0,0.64245784
0.0,0.062280774
0.0,0.025400579
1.0,0.87480575
0.0,0.012485504
1.0,0.7655249
1.0,0.74648106
0.0,0.015762538
1.0,0.64729553
0.0,0.005593598
1.0,0.976107
0.0,0.13988844
0.0,0.15091684
1.0,0.52217174
0.0,0.73905724
0.0,0.006167382
0.0,0.76384926
1.0,0.7323867
1.0,0.9431623
0.0,0.0058817267
0.0,0.067388296
1.0,0.59715146
0.0,0.67358404
1.0,0.118496954
0.0,0.15499932
1.0,0.1059798
0.0,0.7211939
0.0,0.051700532
0.0,0.7159529
0.0,0.012800515
0.0,0.15898478
1.0,0.03965172
0.0,0.36874658
1.0,0.872648
0.0,0.017067164
1.0,0.4682082
0.0,0.01048854
0.0,0.00667122
0.0,0.037488848
0.0,0.029897839
0.0,0.19963446
0.0,0.10807094
0.0,0.08765927
0.0,0.09816599
1.0,0.9548955
0.0,0.01798284
0.0,0.052352726
1.0,0.8440281
1.0,0.3204448
0.0,0.02142629
0.0,0.119396776
1.0,0.76050687
0.0,0.22306815
1.0,0.06724575
1.0,0.93317497
1.0,0.7751353
1.0,0.71767163
0.0,0.042374253
0.0,0.004686177
1.0,0.18143523
0.0,0.2128419
1.0,0.9812083
1.0,0.76349455
1.0,0.97894955
0.0,0.13964665
0.0,0.006858617
0.0,0.19348213
0.0,0.04943168
1.0,0.39806408
1.0,0.9239681
0.0,0.075619966
0.0,0.16707829
0.0,0.07879087
0.0,0.33254522
1.0,0.04585442
1.0,0.69904035
1.0,0.9544432
0.0,0.9223117
1.0,0.524993
1.0,0.7374991
1.0,0.39305717
1.0,0.94396687
0.0,0.29191983
0.0,0.8510144
0.0,0.7768623
0.0,0.0115951
1.0,0.86604524
1.0,0.9877921
1.0,0.9094801
1.0,0.8821239
0.0,0.03584537
0.0,0.006464243
0.0,0.036723405
0.0,0.04356739
1.0,0.89842856
0.0,0.10749763
0.0,0.035540402
0.0,0.16259658
0.0,0.009432584
1.0,0.7881612
1.0,0.7482237
1.0,0.95438224
0.0,0.11807233
0.0,0.121108174
1.0,0.76738346
1.0,0.9918399
0.0,0.051456302
1.0,0.91171265
0.0,0.7477028
1.0,0.9926912
1.0,0.9918467
1.0,0.655702
0.0,0.040612966
0.0,0.122752756
1.0,0.9887785
0.0,0.09386188
0.0,0.2616244
1.0,0.98378813
0.0,0.041763693
0.0,0.04888177
0.0,0.12846336
1.0,0.29292473
0.0,0.56539136
0.0,0.43473208
1.0,0.61782366
0.0,0.65542024
0.0,0.03292191
0.0,0.04325977
0.0,0.2888146
1.0,0.753164
0.0,0.8971628
0.0,0.024010152
0.0,0.0031012297
1.0,0.26533687
0.0,0.054030567
0.0,0.0037861764
1.0,0.8284013
0.0,0.31267112
0.0,0.0101952255
1.0,0.9813591
1.0,0.8632457
0.0,0.0037841797
1.0,0.295362
1.0,0.36085325
0.0,0.53833705
0.0,0.600668
1.0,0.5199276
1.0,0.75493354
0.0,0.013296187
1.0,0.19998631
1.0,0.1871188
1.0,0.20398065
0.0,0.11736128
1.0,0.1843772
0.0,0.018243343
1.0,0.83823365
0.0,0.004669696
1.0,0.91480696
0.0,0.7858089
0.0,0.09084347
1.0,0.7341255
0.0,0.040555477
1.0,0.94103426
1.0,0.7095034
1.0,0.96517503
1.0,0.6323838
0.0,0.034366906
1.0,0.029024035
0.0,0.50203925
0.0,0.0075320303
0.0,0.033589154
0.0,0.033264488
1.0,0.9649732
0.0,0.014758825
0.0,0.45081806
0.0,0.56262696
0.0,0.49004617
1.0,0.914739
0.0,0.36378038
0.0,0.0076259673
0.0,0.05145076
0.0,0.74421114
1.0,0.6902732
0.0,0.008712769
1.0,0.9556637
1.0,0.97736955
0.0,0.76855814
0.0,0.0045588017
0.0,0.008765906
1.0,0.93153954
0.0,0.035423964
1.0,0.055230588
1.0,0.72787046
1.0,0.9612552
0.0,0.7889662
0.0,0.39856493
0.0,0.011779845
0.0,0.70220953
0.0,0.0205293
0.0,0.0075562
0.0,0.3890842
1.0,0.6043484
0.0,0.24513805
1.0,0.8885107
0.0,0.1540491
1.0,0.90136254
1.0,0.95048225
1.0,0.5426708
1.0,0.81649673
0.0,0.2023772
0.0,0.94675386
0.0,0.027167529
1.0,0.70478714
1.0,0.95390517
0.0,0.010593504
1.0,0.33007187
1.0,0.94640666
1.0,0.8819083
1.0,0.31188104
0.0,0.71147144
0.0,0.024806023
1.0,0.9204421
0.0,0.016842663
0.0,0.1354135
1.0,0.98453796
0.0,0.011018068
0.0,0.6947536
0.0,0.11548382
0.0,0.0067159534
0.0,0.07876605
1.0,0.98518336
0.0,0.010810763
0.0,0.31512862
1.0,0.16692924
0.0,0.039388746
1.0,0.95564455
0.0,0.2449199
0.0,0.015226513
0.0,0.006997347
0.0,0.16461077
1.0,0.6531869
0.0,0.25452274
0.0,0.13301936
1.0,0.87256026
1.0,0.86631536
0.0,0.026391894
0.0,0.012350857
0.0,0.013164818
1.0,0.46734983
0.0,0.041758567
1.0,0.8958566
1.0,0.88379985
1.0,0.41474727
1.0,0.9582534
1.0,0.8562101
0.0,0.93253183
1.0,0.87264407
1.0,0.9858191
0.0,0.009978086
0.0,0.0073283315
0.0,0.02328682
1.0,0.79504895
0.0,0.015495032
0.0,0.014811546
0.0,0.07707766
1.0,0.97133636
0.0,0.036230713
1.0,0.95063186
0.0,0.15930465
0.0,0.664783
0.0,0.07085562
0.0,0.04137543
0.0,0.016536534
1.0,0.6966072
1.0,0.98376894
0.0,0.041902244
0.0,0.07324353
1.0,0.42004645
0.0,0.0031039119
1.0,0.98141265
0.0,0.023528665
0.0,0.012075305
0.0,0.022556484
1.0,0.9743111
1.0,0.8727932
0.0,0.035321653
0.0,0.18701622
1.0,0.730618
0.0,0.037246257
0.0,0.010537475
1.0,0.9195436
1.0,0.990687
1.0,0.8481688
0.0,0.026696712
1.0,0.96507835
1.0,0.9223026
0.0,0.25334066
0.0,0.017252684
0.0,0.007441491
0.0,0.04288119
0.0,0.0041653216
0.0,0.03051284
1.0,0.6096622
1.0,0.8105389
0.0,0.07212576
0.0,0.016277194
0.0,0.03933373
0.0,0.09469989
1.0,0.9619503
0.0,0.9631896
0.0,0.048656583
0.0,0.7963431
0.0,0.9606174
1.0,0.05602002
0.0,0.0034093559
0.0,0.74777734
1.0,0.96822906
0.0,0.033399135
0.0,0.103037834
0.0,0.02817306
0.0,0.010966003
1.0,0.8112153
1.0,0.9277499
0.0,0.038642973
0.0,0.9638679
0.0,0.004259169
0.0,0.9532349
0.0,0.91852736
0.0,0.35097098
0.0,0.0043703616
0.0,0.1456174
1.0,0.008724958
0.0,0.029880315
1.0,0.21835572
0.0,0.7666627
0.0,0.0021384358
0.0,0.06417009
0.0,0.15748754
0.0,0.14622444
0.0,0.028159946
1.0,0.9814395
0.0,0.00633955
0.0,0.68443954
0.0,0.06360534
1.0,0.6612637
1.0,0.921152
0.0,0.038733095
0.0,0.5200549
0.0,0.0054734647
1.0,0.99413824
1.0,0.68778396
1.0,0.98048425
0.0,0.09655568
1.0,0.9896404
0.0,0.034424663
0.0,0.005741328
0.0,0.019909233
1.0,0.018755853
0.0,0.0029503405
0.0,0.007081419
1.0,0.99303234
1.0,0.20564845
0.0,0.014489144
1.0,0.9951862
0.0,0.034595937
1.0,0.77055466
0.0,0.083125204
1.0,0.95503855
0.0,0.9677658
0.0,0.22345686
1.0,0.89839
0.0,0.009311587
0.0,0.092362255
0.0,0.022863895
0.0,0.018768251
0.0,0.05468923
0.0,0.013316929
1.0,0.8622165
1.0,0.8688234
0.0,0.3191311
0.0,0.02425149
0.0,0.016195029
0.0,0.06891078
1.0,0.9876212
0.0,0.01665619
0.0,0.06509265
0.0,0.85325325
0.0,0.23195562
0.0,0.0033921003
1.0,0.9477322
1.0,0.9262017
0.0,0.0052466393
0.0,0.014882207
0.0,0.03218916
0.0,0.008310258
1.0,0.74710995
0.0,0.73600113
0.0,0.03666076
0.0,0.014037192
1.0,0.89839804
0.0,0.0099000335
0.0,0.20191559
1.0,0.9536564
0.0,0.018261462
0.0,0.19744709
1.0,0.7049106
1.0,0.85337543
1.0,0.92468417
0.0,0.0055094063
0.0,0.0059455335
0.0,0.23272091
0.0,0.01608476
1.0,0.4866557
0.0,0.17728257
1.0,0.14393437
0.0,0.0049711764
0.0,0.008710146
0.0,0.12075004
1.0,0.9804613
0.0,0.77589166
0.0,0.095731944
0.0,0.5063064
1.0,0.7445591
0.0,0.018541873
0.0,0.42424563
0.0,0.0040557086
1.0,0.07978451
0.0,0.009377688
0.0,0.003849864
1.0,0.10426825
1.0,0.98337185
0.0,0.0035698712
1.0,0.99053097
1.0,0.99242854
1.0,0.93564445
1.0,0.8630698
0.0,0.044253558
1.0,0.9065336
0.0,0.99245167
1.0,0.040915728
0.0,0.018816292
1.0,0.34701237
0.0,0.8195572
1.0,0.30359495
1.0,0.9937975
1.0,0.7873273
0.0,0.007813752
0.0,0.79700375
0.0,0.7601626
0.0,0.013441116
0.0,0.029535323
0.0,0.17469177
1.0,0.98773444
1.0,0.98246795
1.0,0.25423428
0.0,0.0076653063
0.0,0.011308938
0.0,0.049381226
0.0,0.618328
1.0,0.041256994
0.0,0.05404237
0.0,0.023193747
0.0,0.028884739
0.0,0.25790733
1.0,0.87656367
0.0,0.6936123
0.0,0.882411
0.0,0.3756181
1.0,0.5053076
0.0,0.053511977
0.0,0.503791
1.0,0.22408053
0.0,0.27947074
1.0,0.21557146
0.0,0.01846984
0.0,0.31537193
0.0,0.008087605
0.0,0.019993097
0.0,0.0031402707
1.0,0.90083814
0.0,0.081778586
0.0,0.05004266
1.0,0.9816829
1.0,0.94800556
0.0,0.19126606
1.0,0.016184062
0.0,0.16747817
0.0,0.050723046
1.0,0.9696187
0.0,0.0029610395
0.0,0.16347903
0.0,0.027270108
0.0,0.01244843
1.0,0.9874354
1.0,0.95583045
1.0,0.73621583
1.0,0.9827243
0.0,0.016084284
0.0,0.029061735
0.0,0.04391548
1.0,0.9703526
0.0,0.013514787
0.0,0.03810388
1.0,0.9654572
1.0,0.48047614
1.0,0.8971653
0.0,0.008121192
0.0,0.24103981
0.0,0.61295813
1.0,0.9875282
1.0,0.95343566
1.0,0.921404
0.0,0.15614185
0.0,0.0028881133
0.0,0.005063653
1.0,0.8665015
1.0,0.15363544
0.0,0.25868914
1.0,0.9514713
1.0,0.59381646
1.0,0.94815433
1.0,0.51403075
0.0,0.11114743
0.0,0.03903866
1.0,0.53219146
1.0,0.7903179
0.0,0.03015989
0.0,0.02475372
0.0,0.0076013207
0.0,0.018418342
0.0,0.025577754
0.0,0.6710591
0.0,0.011075795
0.0,0.06333268
1.0,0.9051618
1.0,0.72335386
0.0,0.8129342
1.0,0.97260404
0.0,0.0062603354
1.0,0.933862
0.0,0.1586616
1.0,0.97866976
0.0,0.004600376
0.0,0.0065562427
0.0,0.005006969
0.0,0.47975683
1.0,0.09841177
1.0,0.98629874
0.0,0.042621553
0.0,0.0949966
1.0,0.24712124
0.0,0.044110388
1.0,0.9767231
1.0,0.7683357
0.0,0.012224257
0.0,0.027106225
0.0,0.2606091
0.0,0.994426
0.0,0.8437666
0.0,0.009797871
0.0,0.5160119
0.0,0.022917092
1.0,0.9670013
1.0,0.9411532
1.0,0.8570157
1.0,0.8398445
0.0,0.009445071
0.0,0.45024866
1.0,0.83476615
0.0,0.51724434
0.0,0.013105452
0.0,0.05149281
1.0,0.38731307
1.0,0.29808232
0.0,0.010363519
1.0,0.95033675
1.0,0.9832839
0.0,0.003755331
0.0,0.015468746
1.0,0.9581311
0.0,0.020055741
0.0,0.94199383
0.0,0.0045140684
0.0,0.027084619
1.0,0.072451144
0.0,0.015906036
0.0,0.009860933
0.0,0.29288092
1.0,0.3575917
0.0,0.008627057
0.0,0.04764086
1.0,0.883996
0.0,0.007838637
0.0,0.1940225
0.0,0.9440869
1.0,0.9857073
1.0,0.6054965
1.0,0.19235718
0.0,0.043524295
0.0,0.371444
1.0,0.36858553
0.0,0.010020375
0.0,0.0044238865
0.0,0.06286475
0.0,0.01832217
1.0,0.48411572
0.0,0.17396376
0.0,0.86852944
1.0,0.7736056
0.0,0.040372968
0.0,0.030875891
0.0,0.7448133
0.0,0.24700779
1.0,0.79335946
1.0,0.9835316
0.0,0.45806354
1.0,0.74132264
0.0,0.01478532
0.0,0.018805295
0.0,0.0054017305
1.0,0.5378625
0.0,0.005825162
0.0,0.025204241
1.0,0.9505701
1.0,0.7354752
1.0,0.8487288
0.0,0.6719459
1.0,0.9215344
1.0,0.8831636
0.0,0.0024506152
0.0,0.90073955
0.0,0.7367251
1.0,0.46865907
0.0,0.024392724
0.0,0.24926451
0.0,0.016039014
0.0,0.030367196
0.0,0.01697284
0.0,0.06599572
0.0,0.29934233
0.0,0.7615967
0.0,0.3199244
1.0,0.6443471
1.0,0.68374735
1.0,0.7317339
0.0,0.010109007
1.0,0.9919398
0.0,0.24527308
0.0,0.026652426
1.0,0.95369697
0.0,0.24462986
0.0,0.014202952
0.0,0.2304256
0.0,0.016446412
0.0,0.19925046
0.0,0.84109485
0.0,0.03851241
1.0,0.8933865
0.0,0.0041707754
0.0,0.014028698
0.0,0.007918209
1.0,0.9498135
1.0,0.94106287
0.0,0.7448407
1.0,0.7191785
0.0,0.032034516
1.0,0.21832433
0.0,0.012199789
0.0,0.013377309
1.0,0.0422453
0.0,0.0033041537
0.0,0.009786576
1.0,0.47223318
0.0,0.031930327
1.0,0.019108951
0.0,0.3530211
0.0,0.008452058
1.0,0.9000144
0.0,0.010943949
0.0,0.4101225
0.0,0.7948618
0.0,0.009683669
0.0,0.0027709305
1.0,0.89097744
0.0,0.0043373704
0.0,0.051595002
0.0,0.038523644
1.0,0.610386
0.0,0.95263124
0.0,0.039671957
1.0,0.7882179
0.0,0.013305008
0.0,0.0048603415
0.0,0.076559156
0.0,0.092862934
1.0,0.4942234
0.0,0.022828788
0.0,0.0048942566
0.0,0.008556813
0.0,0.007406324
0.0,0.6854961
1.0,0.97047824
1.0,0.7582412
0.0,0.013554603
1.0,0.9307568
0.0,0.023444057
0.0,0.011259049
0.0,0.033460766
0.0,0.09523046
1.0,0.95826805
0.0,0.019388407
0.0,0.011320144
0.0,0.17113778
0.0,0.15141839
0.0,0.19793373
0.0,0.009881139
0.0,0.0038602054
0.0,0.0069746375
0.0,0.005109966
0.0,0.9666375
1.0,0.54872316
0.0,0.019797057
0.0,0.01371181
0.0,0.013176501
1.0,0.9934734
0.0,0.06195247
1.0,0.8765888
0.0,0.12735623
0.0,0.030341804
0.0,0.13023138
1.0,0.98083854
1.0,0.9917226
1.0,0.9419857
1.0,0.49754953
0.0,0.32092735
0.0,0.0064721107
1.0,0.9824419
1.0,0.95816505
0.0,0.018694967
0.0,0.058187008
0.0,0.7873094
1.0,0.97688484
0.0,0.017124325
0.0,0.008113146
0.0,0.039764643
0.0,0.03150469
1.0,0.5037359
1.0,0.96607417
0.0,0.0029127002
1.0,0.6376852
0.0,0.025868297
0.0,0.031861037
0.0,0.007021785
0.0,0.019671857
0.0,0.014579803
1.0,0.90890497
0.0,0.0035700798
0.0,0.03045249
0.0,0.81520635
0.0,0.046546966
0.0,0.75404346
1.0,0.9874022
0.0,0.018570244
0.0,0.02467376
1.0,0.9065442
0.0,0.3953324
0.0,0.008506
1.0,0.9615095
1.0,0.7602638
0.0,0.0680027
1.0,0.83163583
0.0,0.25796193
1.0,0.7715215
1.0,0.99675685
0.0,0.11452991
1.0,0.9339582
0.0,0.034225434
0.0,0.036165
0.0,0.3978336
0.0,0.4674688
0.0,0.031172633
0.0,0.010357767
0.0,0.39789492
1.0,0.92871934
0.0,0.063758135
0.0,0.025894284
0.0,0.433721
0.0,0.29214618
1.0,0.94760925
0.0,0.017056137
0.0,0.59648365
0.0,0.015696794
0.0,0.009192765
0.0,0.006906152
0.0,0.9621613
1.0,0.05418104
0.0,0.09658614
1.0,0.8263647
0.0,0.00630334
1.0,0.17962489
0.0,0.041301757
0.0,0.0742529
0.0,0.032761395
0.0,0.767378
0.0,0.5644294
0.0,0.058074385
0.0,0.15560102
0.0,0.012634695
0.0,0.58537745
0.0,0.9149002
1.0,0.96320295
0.0,0.47765213
0.0,0.017829806
1.0,0.99200773
0.0,0.012318462
0.0,0.006442368
0.0,0.005731523
1.0,0.76537085
1.0,0.63726056
1.0,0.56740004
1.0,0.9718825
0.0,0.09935272
1.0,0.8901361
0.0,0.2636838
1.0,0.58675694
0.0,0.1376512
0.0,0.9675935
0.0,0.1842694
0.0,0.0058707893
0.0,0.043756664
1.0,0.96202844
1.0,0.38069522
0.0,0.986819
1.0,0.6943842
0.0,0.010363549
1.0,0.9729037
0.0,0.017262995
0.0,0.018201232
0.0,0.92901754
0.0,0.42604616
0.0,0.086681545
0.0,0.0050103664
1.0,0.99429464
0.0,0.0029657483
1.0,0.9878074
1.0,0.8491293
1.0,0.9561013
0.0,0.005933523
0.0,0.9843021
0.0,0.009925097
0.0,0.11297402
0.0,0.30754608
1.0,0.45033285
0.0,0.21129915
0.0,0.1076543
0.0,0.093749076
0.0,0.010784149
0.0,0.0052377284
0.0,0.11600304
0.0,0.7912284
0.0,0.011916965
0.0,0.8055177
1.0,0.98504174
0.0,0.46790573
0.0,0.025083214
0.0,0.008574128
0.0,0.007520497
1.0,0.8564161
0.0,0.57850325
1.0,0.9781587
0.0,0.5721932
1.0,0.99203384
1.0,0.9536414
0.0,0.0067149997
0.0,0.095012665
0.0,0.030198634
0.0,0.17087883
0.0,0.04137945
0.0,0.64504796
1.0,0.97202134
0.0,0.012766153
1.0,0.62033075
0.0,0.5362485
0.0,0.0065304637
0.0,0.022448897
1.0,0.96282136
0.0,0.011758119
1.0,0.9939679
0.0,0.009121209
0.0,0.051698774
0.0,0.66539466
0.0,0.6211031
0.0,0.12088621
0.0,0.022918284
1.0,0.791312
1.0,0.859471
0.0,0.12400997
0.0,0.033161074
0.0,0.038322628
1.0,0.96228737
0.0,0.04244709
1.0,0.23790166
0.0,0.08492097
1.0,0.82607615
1.0,0.9313083
0.0,0.022301018
0.0,0.022006184
0.0,0.014640063
1.0,0.91831356
0.0,0.40411386
0.0,0.8436644
1.0,0.95428383
1.0,0.5213896
0.0,0.70473504
0.0,0.024528682
1.0,0.9729677
0.0,0.01487112
0.0,0.01469484
0.0,0.008026004
1.0,0.6430958
0.0,0.06880289
0.0,0.046011478
1.0,0.948175
1.0,0.7474515
0.0,0.5607732
0.0,0.013709009
0.0,0.015523046
1.0,0.9175284
1.0,0.9793482
1.0,0.73102874
0.0,0.09501165
0.0,0.005339712
0.0,0.014424831
0.0,0.0027492046
1.0,0.8707229
0.0,0.0039958954
0.0,0.6092496
0.0,0.12928912
0.0,0.5529421
0.0,0.3396129
0.0,0.012823999
0.0,0.16777945
0.0,0.035060406
0.0,0.011167914
1.0,0.15839326
1.0,0.8260311
0.0,0.76869833
0.0,0.2587329
1.0,0.032361537
0.0,0.0067273676
1.0,0.9207418
0.0,0.030494153
0.0,0.020242363
1.0,0.9132682
1.0,0.9805484
0.0,0.44647318
0.0,0.081063956
1.0,0.3815044
0.0,0.15776786
0.0,0.19054943
0.0,0.99246025
0.0,0.028213412
1.0,0.8311435
1.0,0.32879847
0.0,0.27913988
0.0,0.0041974783
0.0,0.05364245
1.0,0.90716475
0.0,0.007768512
1.0,0.35517985
0.0,0.043449998
1.0,0.81496257
1.0,0.6474073
0.0,0.67283034
1.0,0.23599517
0.0,0.7731347
0.0,0.009357154
1.0,0.9823363
1.0,0.2802294
0.0,0.036705375
0.0,0.30532944
0.0,0.72022355
0.0,0.8917773
1.0,0.9352113
0.0,0.06522089
0.0,0.26162142
0.0,0.009479821
1.0,0.9644003
0.0,0.035662025
0.0,0.73292565
1.0,0.9624605
0.0,0.003311962
0.0,0.83971
0.0,0.06222242
1.0,0.49913004
0.0,0.17177561
1.0,0.97317255
0.0,0.027769446
1.0,0.031914115
1.0,0.5603799
1.0,0.9704957
1.0,0.8388017
0.0,0.006037563
1.0,0.42434373
0.0,0.015690833
1.0,0.9865806
1.0,0.8251374
0.0,0.27870393
1.0,0.8026937
0.0,0.0034576058
1.0,0.61791456
1.0,0.5755397
0.0,0.030020535
0.0,0.967399
1.0,0.99610245
1.0,0.2247378
0.0,0.12558052
0.0,0.3477277
0.0,0.0019216835
0.0,0.012905598
0.0,0.6746211
1.0,0.9114268
1.0,0.95880425
1.0,0.43146425
1.0,0.7195002
1.0,0.99405026
1.0,0.9858407
0.0,0.62875575
1.0,0.92733824
0.0,0.011716187
0.0,0.04111284
0.0,0.103485584
1.0,0.037816107
1.0,0.75007147
0.0,0.029238254
0.0,0.0335415
0.0,0.86470026
1.0,0.881299
1.0,0.1291694
1.0,0.84548485
0.0,0.006098777
0.0,0.9771203
0.0,0.07106477
0.0,0.15121344
0.0,0.037569165
0.0,0.018928945
1.0,0.9841418
1.0,0.9123316
0.0,0.039244533
0.0,0.044967353
0.0,0.7644304
0.0,0.70643383
0.0,0.6984189
0.0,0.22004911
0.0,0.8157139
1.0,0.73585457
0.0,0.11407849
1.0,0.89824533
0.0,0.008686632
0.0,0.88228726
0.0,0.057789326
0.0,0.69769394
1.0,0.9643218
1.0,0.78189695
1.0,0.7166956
1.0,0.6877551
0.0,0.004931569
0.0,0.49000508
1.0,0.49046597
1.0,0.8915423
0.0,0.2878044
0.0,0.014041513
0.0,0.061839372
1.0,0.57393056
0.0,0.009755224
1.0,0.045841187
0.0,0.021375507
0.0,0.07719451
0.0,0.025845021
0.0,0.03130153
0.0,0.15277696
0.0,0.040751666
0.0,0.1436032
1.0,0.97697914
0.0,0.0075134337
0.0,0.6440797
0.0,0.01626283
1.0,0.42851934
0.0,0.04982707
1.0,0.9864209
0.0,0.011351347
0.0,0.012261838
0.0,0.008211076
0.0,0.12990043
0.0,0.013664633
0.0,0.018418163
1.0,0.95447093
0.0,0.16066888
1.0,0.8245225
1.0,0.96870804
0.0,0.025981069
0.0,0.03206271
1.0,0.9452915
1.0,0.9932326
0.0,0.37373805
0.0,0.4876844
0.0,0.13117474
0.0,0.066735506
0.0,0.017439634
1.0,0.43275118
0.0,0.039139003
1.0,0.60144943
1.0,0.42704567
0.0,0.9584305
0.0,0.050261796
0.0,0.014525533
0.0,0.0139526725
0.0,0.9062048
0.0,0.011824429
0.0,0.010004193
0.0,0.78397405
1.0,0.7906896
1.0,0.7176572
0.0,0.039846778
0.0,0.028403342
0.0,0.20824265
1.0,0.9254422
0.0,0.0049486756
0.0,0.019394964
1.0,0.63270944
1.0,0.96484303
0.0,0.28841907
0.0,0.039809763
0.0,0.0215303
1.0,0.955395
0.0,0.028904796
1.0,0.97350097
1.0,0.7836956
0.0,0.0112423
0.0,0.06566426
0.0,0.02219221
1.0,0.6993552
0.0,0.0589768
1.0,0.78487796
0.0,0.008572012
1.0,0.7692678
0.0,0.050173342
0.0,0.05757028
0.0,0.0100108385
1.0,0.99293613
0.0,0.7899722
1.0,0.9883033
1.0,0.94924086
0.0,0.009752244
1.0,0.31861117
0.0,0.050168663
1.0,0.29585576
0.0,0.0071067214
1.0,0.9355811
0.0,0.004961282
1.0,0.7885531
1.0,0.96999884
1.0,0.98499554
0.0,0.014417648
1.0,0.9499628
1.0,0.4724949
0.0,0.014775157
1.0,0.9368731
1.0,0.45309156
1.0,0.06119376
0.0,0.19440381
0.0,0.0145176
0.0,0.97250295
0.0,0.06441357
