0.0,0.12494412
0.0,0.77624685
1.0,0.27671683
0.0,0.067138255
1.0,0.5155425
0.0,0.017035842
1.0,0.94902575
1.0,0.7749323
1.0,0.7589761
0.0,0.002543062
0.0,0.16371891
1.0,0.94474393
0.0,0.005418092
0.0,0.07268995
0.0,0.023256093
0.0,0.0013456941
1.0,0.17705393
0.0,0.024870366
0.0,0.005217254
1.0,0.6289096
1.0,0.7021286
0.0,0.0038996935
1.0,0.94351816
0.0,0.02574107
0.0,0.0035839379
1.0,0.8282747
0.0,0.035102874
1.0,0.8852846
0.0,0.014625579
1.0,0.87308866
0.0,0.008978933
0.0,0.25400823
1.0,0.9381257
1.0,0.98495746
1.0,0.8848268
1.0,0.9694492
1.0,0.44956577
0.0,0.021998227
1.0,0.94107115
1.0,0.01952818
1.0,0.9564456
1.0,0.9766412
0.0,0.008230567
1.0,0.9688733
1.0,0.8804248
0.0,0.036433905
0.0,0.0013448894
0.0,0.07202801
0.0,0.011692047
1.0,0.9901797
0.0,0.3220963
1.0,0.79682994
1.0,0.97370374
1.0,0.6952236
0.0,0.0076698065
0.0,0.0036616325
0.0,0.04462269
1.0,0.03584066
1.0,0.81772184
1.0,0.14211136
1.0,0.9853029
0.0,0.45704535
1.0,0.979434
1.0,0.87656313
1.0,0.9750749
0.0,0.21427459
0.0,0.050089866
1.0,0.96976745
0.0,0.009603441
1.0,0.93317807
0.0,0.2554907
1.0,0.9481205
0.0,0.00075253844
0.0,0.061443448
1.0,0.4734539
0.0,0.050922215
0.0,0.004413873
0.0,0.2844656
0.0,0.0062949657
1.0,0.93341917
0.0,0.012076378
1.0,0.97720015
1.0,0.96736455
1.0,0.99546844
1.0,0.97579753
1.0,0.83278525
1.0,0.9795388
0.0,0.14850679
0.0,0.019789994
1.0,0.75020814
0.0,0.0028889477
1.0,0.15817115
0.0,0.011590093
0.0,0.73198706
0.0,0.29566282
1.0,0.9587927
0.0,0.014319152
0.0,0.029854417
1.0,0.5399039
1.0,0.9807582
0.0,0.005824387
0.0,0.030455261
1.0,0.015927225
0.0,0.118965924
0.0,0.08799991
1.0,0.86894083
1.0,0.014432132
0.0,0.015991777
1.0,0.0063432455
1.0,0.98101354
1.0,0.93695974
0.0,0.041264832
1.0,0.020514578
0.0,0.031021088
0.0,0.019691527
1.0,0.5098815
0.0,0.017065346
1.0,0.37235972
1.0,0.5332385
1.0,0.9691308
0.0,0.1821728
1.0,0.98492694
0.0,0.93450236
0.0,0.013640285
0.0,0.31387606
1.0,0.37137064
0.0,0.0046067536
0.0,0.071822464
1.0,0.9655091
1.0,0.72037184
1.0,0.9730461
0.0,0.026698828
0.0,0.009091973
1.0,0.2770004
1.0,0.97795415
0.0,0.7731199
0.0,0.007407248
0.0,0.012063891
0.0,0.04560584
0.0,0.017102867
1.0,0.6983508
0.0,0.11986202
1.0,0.09474614
0.0,0.006144166
0.0,0.006580919
0.0,0.00066167116
1.0,0.18556732
0.0,0.008291781
0.0,0.01085636
0.0,0.016685486
0.0,0.0738323
0.0,0.002621442
0.0,0.007019341
0.0,0.90401155
0.0,0.16219941
1.0,0.9551543
0.0,0.0015715361
0.0,0.0035457313
1.0,0.9905151
0.0,0.01004377
0.0,0.11570349
0.0,0.022926748
0.0,0.011328191
0.0,0.11581856
1.0,0.994006
0.0,0.113059044
1.0,0.9160944
0.0,0.03985691
0.0,0.0043805838
1.0,0.7186413
0.0,0.94125164
0.0,0.9576701
0.0,0.93023074
0.0,0.0007957518
1.0,0.77196693
1.0,0.8843481
0.0,0.044487715
1.0,0.7030607
0.0,0.35926193
1.0,0.95637
1.0,0.7859317
1.0,0.96183014
1.0,0.9698521
1.0,0.97479546
0.0,0.85517514
0.0,0.001180172
0.0,0.006235838
0.0,0.9754642
0.0,0.09179747
0.0,0.034003377
1.0,0.17470095
0.0,0.0008278787
0.0,0.8450406
1.0,0.9703791
1.0,0.77255106
1.0,0.99040365
0.0,0.0050097704
0.0,0.028794765
0.0,0.002599895
1.0,0.059832454
0.0,0.20201036
0.0,0.10717681
0.0,0.55174094
0.0,0.4422432
0.0,0.12385288
1.0,0.04901144
0.0,0.0206967
1.0,0.095927626
0.0,0.0013789535
0.0,0.032553315
0.0,0.003755331
1.0,0.96206474
0.0,0.03203824
0.0,0.04985872
0.0,0.021036714
0.0,0.00433442
0.0,0.89507985
0.0,0.1992898
1.0,0.98481846
0.0,0.006304443
0.0,0.007715076
1.0,0.28928113
1.0,0.9869323
0.0,0.25880668
0.0,0.010252625
0.0,0.0011052191
0.0,0.07413408
0.0,0.012319475
0.0,0.11993897
1.0,0.96391535
0.0,0.05453971
1.0,0.30909404
0.0,0.006117493
1.0,0.19996077
1.0,0.48275772
0.0,0.01846999
0.0,0.041463852
0.0,0.021839797
1.0,0.87370175
1.0,0.7755559
1.0,0.97837895
1.0,0.69481564
0.0,0.0116224885
0.0,0.8529207
1.0,0.9842338
0.0,0.48729393
0.0,0.0029518306
0.0,0.007870227
0.0,0.09251121
0.0,0.06130019
0.0,0.013564974
0.0,0.09197211
1.0,0.42879334
0.0,0.022755474
0.0,0.07561633
0.0,0.022368431
1.0,0.9128752
1.0,0.9671873
0.0,0.02095455
0.0,0.12701628
0.0,0.023845583
1.0,0.9853571
0.0,0.033364624
0.0,0.0011868179
0.0,0.021419615
0.0,0.012243956
1.0,0.983951
1.0,0.9149467
1.0,0.9789109
0.0,0.010952026
1.0,0.91505104
0.0,0.016834646
0.0,0.030742407
0.0,0.51212853
1.0,0.952667
1.0,0.4695708
0.0,0.0017716587
0.0,0.018733233
1.0,0.8432504
1.0,0.29880276
0.0,0.02200821
1.0,0.061884522
1.0,0.9754787
0.0,0.7043338
0.0,0.19463965
0.0,0.05088821
0.0,0.01932457
0.0,0.49663937
0.0,0.018104672
1.0,0.98766357
0.0,0.01063332
0.0,0.01412335
1.0,0.9927715
0.0,0.004581094
1.0,0.9571759
1.0,0.020506978
1.0,0.9057255
1.0,0.8668072
1.0,0.9568695
0.0,0.04302758
1.0,0.93734074
0.0,0.83643615
1.0,0.98896396
0.0,0.49492046
0.0,0.25457782
0.0,0.020555288
0.0,0.027750432
0.0,0.26238716
1.0,0.9799838
0.0,0.9445609
1.0,0.8503181
0.0,0.884411
1.0,0.76734567
1.0,0.98168737
0.0,0.011746943
0.0,0.0036280453
0.0,0.012904733
1.0,0.9397464
1.0,0.12913027
0.0,0.0013040006
0.0,0.0010508597
0.0,0.0046670735
0.0,0.018696398
1.0,0.9264301
1.0,0.7506244
0.0,0.017193496
0.0,0.04999554
1.0,0.7850529
1.0,0.98155594
1.0,0.25060928
0.0,0.039344907
0.0,0.83405197
0.0,0.0028080344
0.0,0.65666157
1.0,0.9774287
1.0,0.8562039
0.0,0.028723925
0.0,0.025477618
0.0,0.0036395192
0.0,0.49787566
0.0,0.0025732815
0.0,0.21734214
1.0,0.5578001
0.0,0.14876416
0.0,0.02367419
0.0,0.040775567
0.0,0.4879648
0.0,0.89079833
0.0,0.019923985
0.0,0.0026880503
1.0,0.47325155
0.0,0.025754124
1.0,0.6791147
0.0,0.0014759302
0.0,0.20768988
0.0,0.1787661
0.0,0.0009976923
0.0,0.97095096
1.0,0.6648798
1.0,0.920216
0.0,0.6780967
1.0,0.868128
0.0,0.0061828196
0.0,0.31634748
0.0,0.4279806
0.0,0.47386634
0.0,0.009410739
0.0,0.000685364
1.0,0.27687845
0.0,0.008453429
1.0,0.97798085
0.0,0.085292876
1.0,0.49515164
0.0,0.09490678
1.0,0.04748389
1.0,0.9521332
1.0,0.95648897
0.0,0.0019503534
0.0,0.017791659
1.0,0.9581856
0.0,0.025188178
0.0,0.019325644
1.0,0.0105609
1.0,0.9744319
0.0,0.20320654
1.0,0.9688752
1.0,0.9816116
0.0,0.74298394
0.0,0.018487155
0.0,0.3063193
0.0,0.022504508
0.0,0.012121737
0.0,0.050581604
1.0,0.97397316
0.0,0.10422006
1.0,0.8436353
1.0,0.21656632
0.0,0.010383636
0.0,0.059463292
0.0,0.8505249
1.0,0.9757338
1.0,0.9544955
1.0,0.43203866
0.0,0.14007303
1.0,0.9720432
1.0,0.9038826
0.0,0.0016088784
0.0,0.25844157
0.0,0.9003287
0.0,0.86251724
1.0,0.957963
0.0,0.023005635
1.0,0.49432892
0.0,0.8499036
0.0,0.04133776
0.0,0.017003328
0.0,0.008404404
0.0,0.008613557
0.0,0.01998812
0.0,0.020342648
0.0,0.009241492
0.0,0.014855117
0.0,0.50246245
0.0,0.16064435
0.0,0.008372992
0.0,0.3001457
0.0,0.019323796
1.0,0.74473214
0.0,0.18863475
1.0,0.9569379
0.0,0.013588637
0.0,0.0075103343
0.0,0.004916638
0.0,0.9039378
0.0,0.635198
0.0,0.08538404
0.0,0.038145155
0.0,0.0005429089
0.0,0.012985885
0.0,0.014116347
0.0,0.6186675
1.0,0.9336372
0.0,0.016602963
0.0,0.006385714
0.0,0.4348172
0.0,0.027562618
1.0,0.6924543
0.0,0.82298553
1.0,0.34314424
0.0,0.002102077
0.0,0.1767075
1.0,0.9595159
0.0,0.8904723
1.0,0.80744684
1.0,0.945003
1.0,0.93054533
1.0,0.9611897
0.0,0.0025807023
1.0,0.75255024
0.0,0.0052457154
0.0,0.013219148
0.0,0.065353304
1.0,0.9932968
0.0,0.003679514
0.0,0.019832253
1.0,0.5998569
1.0,0.9958791
0.0,0.08677396
0.0,0.0013137758
1.0,0.6996615
0.0,0.05715546
1.0,0.73639816
0.0,0.47698689
0.0,0.2299588
1.0,0.8770614
0.0,0.78594124
0.0,0.0023365319
1.0,0.057174474
0.0,0.019310921
1.0,0.9876933
0.0,0.0019942522
1.0,0.49321625
1.0,0.67907023
1.0,0.7936779
1.0,0.9708986
0.0,0.13302466
0.0,0.0276258
1.0,0.8420279
0.0,0.013580829
0.0,0.31135517
1.0,0.74991465
1.0,0.87689364
1.0,0.9523078
0.0,0.0039874315
1.0,0.9478056
1.0,0.88573277
0.0,0.106841475
1.0,0.97339
0.0,0.5122561
1.0,0.8631689
1.0,0.9216846
0.0,0.7559941
0.0,0.57135266
1.0,0.295198
0.0,0.26261634
1.0,0.96431774
0.0,0.9387046
0.0,0.019998342
0.0,0.8767162
1.0,0.98934686
0.0,0.00085505843
0.0,0.0025782883
0.0,0.7770976
1.0,0.3193407
0.0,0.016637772
0.0,0.0029151738
0.0,0.037278056
0.0,0.78538924
1.0,0.5758089
1.0,0.90714055
0.0,0.084966004
0.0,0.59324014
0.0,0.040275455
0.0,0.03922403
0.0,0.012462199
1.0,0.93868923
0.0,0.028037667
1.0,0.95528495
0.0,0.723462
0.0,0.15282136
1.0,0.7714086
0.0,0.012899369
0.0,0.04300195
0.0,0.015945286
0.0,0.0024732351
0.0,0.09416738
0.0,0.00090160966
0.0,0.014390171
0.0,0.022706956
1.0,0.9002595
1.0,0.9776335
0.0,0.0010000169
0.0,0.02497968
1.0,0.9557866
0.0,0.008764118
1.0,0.92289865
0.0,0.23819208
0.0,0.00071787834
1.0,0.89294267
0.0,0.088006824
1.0,0.6200396
0.0,0.25080127
1.0,0.25247508
0.0,0.014158189
0.0,0.023545265
0.0,0.673191
1.0,0.9770513
0.0,0.0016252995
0.0,0.024888337
0.0,0.005210161
0.0,0.9579859
1.0,0.41621312
0.0,0.009311944
0.0,0.0045186877
1.0,0.96437085
1.0,0.022739798
0.0,0.10231951
1.0,0.7958503
0.0,0.030751228
0.0,0.12900934
1.0,0.94461536
1.0,0.99261224
0.0,0.39272928
1.0,0.9586313
1.0,0.97044563
0.0,0.009721637
0.0,0.024603724
0.0,0.02541262
1.0,0.07100633
0.0,0.0011105537
0.0,0.02039504
0.0,0.00409472
1.0,0.9937897
1.0,0.45035183
0.0,0.0046297014
1.0,0.521639
1.0,0.033278316
0.0,0.45946467
1.0,0.9408253
0.0,0.029752493
1.0,0.9465672
0.0,0.038099676
1.0,0.9033965
0.0,0.010624588
0.0,0.008682817
1.0,0.77213025
0.0,0.0030992627
1.0,0.902583
0.0,0.021678597
0.0,0.011697531
0.0,0.00817582
1.0,0.8020036
0.0,0.26406944
1.0,0.59369075
0.0,0.0026631057
1.0,0.38025275
1.0,0.333488
0.0,0.0016949475
1.0,0.9810808
1.0,0.96100175
1.0,0.13941115
1.0,0.8810018
0.0,0.015232772
0.0,0.008232683
0.0,0.8386498
1.0,0.931527
1.0,0.5337986
0.0,0.0147717
0.0,0.025660813
0.0,0.08994022
1.0,0.8853566
0.0,0.3013072
1.0,0.004986495
1.0,0.95724744
0.0,0.011727214
0.0,0.021277338
1.0,0.972826
0.0,0.8151226
1.0,0.9758484
0.0,0.6764817
0.0,0.030529559
0.0,0.008095145
1.0,0.04542595
0.0,0.021376044
1.0,0.9745905
0.0,0.008681625
1.0,0.43510368
0.0,0.60887676
0.0,0.081906706
1.0,0.026100218
1.0,0.36990196
1.0,0.7281855
1.0,0.94053036
0.0,0.046010017
0.0,0.011844635
0.0,0.36060375
0.0,0.00070539117
1.0,0.93117857
1.0,0.8494859
0.0,0.00091934204
0.0,0.009576768
0.0,0.0007842481
1.0,0.7433369
0.0,0.012812853
0.0,0.015743583
0.0,0.051205367
0.0,0.12535241
0.0,0.019152522
0.0,0.21691847
1.0,0.8877151
0.0,0.9440845
1.0,0.38502884
0.0,0.02705291
0.0,0.29804045
1.0,0.69685423
1.0,0.9002156
1.0,0.955112
0.0,0.01725021
0.0,0.20522285
1.0,0.12889475
0.0,0.0018821359
0.0,0.019350797
0.0,0.1946041
1.0,0.9095845
0.0,0.017232358
0.0,0.04662931
1.0,0.97742116
0.0,0.108710825
1.0,0.99368227
1.0,0.9224422
1.0,0.9790335
0.0,0.009869337
1.0,0.9659127
1.0,0.71686953
0.0,0.026737034
1.0,0.26175582
0.0,0.011246622
0.0,0.1664938
0.0,0.05707383
0.0,0.0012977123
1.0,0.9268975
1.0,0.34712112
1.0,0.9861263
1.0,0.9681527
1.0,0.9786965
0.0,0.31556493
0.0,0.980626
1.0,0.97891504
0.0,0.012045741
1.0,0.7073334
1.0,0.9825233
0.0,0.037538916
1.0,0.0500772
1.0,0.5189305
0.0,0.012016028
0.0,0.01913613
0.0,0.00550738
0.0,0.023565292
1.0,0.6046908
1.0,0.972962
0.0,0.0023869574
0.0,0.013832688
1.0,0.050643176
1.0,0.8381578
1.0,0.0551067
0.0,0.016122341
1.0,0.8042357
1.0,0.11283502
0.0,0.019034863
0.0,0.28085077
1.0,0.8997927
1.0,0.9844637
0.0,0.44301647
1.0,0.8501549
0.0,0.061743677
0.0,0.8473213
1.0,0.98434156
0.0,0.6638404
1.0,0.9685265
0.0,0.8429522
0.0,0.24461523
0.0,0.07444343
1.0,0.9501573
1.0,0.40811294
0.0,0.0069133043
0.0,0.0072537363
1.0,0.69228625
0.0,0.011487305
1.0,0.97427475
1.0,0.9038288
1.0,0.76616955
0.0,0.036262095
0.0,0.815978
0.0,0.84848374
0.0,0.008320123
0.0,0.0007775128
1.0,0.9924915
0.0,0.282804
0.0,0.0131011605
1.0,0.97227955
0.0,0.016330898
1.0,0.03456655
1.0,0.8388357
0.0,0.009460986
0.0,0.2635726
0.0,0.7734582
0.0,0.0046613514
0.0,0.00077983737
0.0,0.0064033866
0.0,0.008147061
0.0,0.91929054
1.0,0.5733616
1.0,0.96194565
0.0,0.69050986
0.0,0.49920377
0.0,0.009435922
0.0,0.029417008
0.0,0.011847258
1.0,0.0128284395
0.0,0.01245895
0.0,0.0010429621
1.0,0.9917383
1.0,0.7726316
0.0,0.008244038
0.0,0.9660786
0.0,0.0007404983
0.0,0.016848028
0.0,0.0013077855
0.0,0.028152078
1.0,0.92311823
1.0,0.7987936
1.0,0.9414695
0.0,0.00088986754
1.0,0.76842475
1.0,0.95292044
0.0,0.07000661
0.0,0.00062039495
1.0,0.8052783
1.0,0.16571933
1.0,0.9174122
1.0,0.9513799
1.0,0.7616847
0.0,0.04855919
0.0,0.16074735
1.0,0.31991792
0.0,0.005058706
1.0,0.94329023
0.0,0.00582999
1.0,0.5963066
0.0,0.019199282
0.0,0.12486568
0.0,0.008718014
0.0,0.012019873
0.0,0.20710614
0.0,0.0012481511
0.0,0.001217097
0.0,0.01605156
0.0,0.6554181
0.0,0.0015900433
0.0,0.0046346188
1.0,0.92904365
1.0,0.79501164
1.0,0.9766216
0.0,0.9704395
0.0,0.4378377
0.0,0.8173677
0.0,0.025977641
1.0,0.9825589
1.0,0.21240127
1.0,0.9206216
1.0,0.98393714
0.0,0.9071257
0.0,0.007086277
0.0,0.0024237037
1.0,0.81829286
0.0,0.010284781
1.0,0.0030845106
1.0,0.9738959
0.0,0.16229194
0.0,0.0071641505
0.0,0.0043235123
0.0,0.78852636
1.0,0.918795
1.0,0.96923935
0.0,0.023276836
1.0,0.9480108
1.0,0.73987913
0.0,0.6515664
0.0,0.017265767
1.0,0.39863712
0.0,0.001303196
0.0,0.077821136
0.0,0.0024743676
0.0,0.29818624
0.0,0.018188417
1.0,0.51222557
0.0,0.03408739
0.0,0.58294517
1.0,0.98322594
1.0,0.91749
0.0,0.42125598
0.0,0.4873643
1.0,0.72377026
0.0,0.10322136
0.0,0.000534147
1.0,0.47982043
0.0,0.06419599
0.0,0.021160573
0.0,0.017249793
1.0,0.9708151
0.0,0.16514921
1.0,0.8492005
1.0,0.967088
1.0,0.9944989
0.0,0.008938998
1.0,0.82943237
0.0,0.021033466
1.0,0.955016
0.0,0.0858075
1.0,0.9617765
0.0,0.019911379
0.0,0.014785886
1.0,0.9728243
0.0,0.006026268
0.0,0.005358815
1.0,0.62096393
1.0,0.89159596
1.0,0.060091108
1.0,0.79553956
1.0,0.72201043
1.0,0.97083837
1.0,0.85120296
0.0,0.008946687
1.0,0.05233735
1.0,0.98653257
0.0,0.042470008
0.0,0.002779156
0.0,0.0008725226
1.0,0.54904604
0.0,0.009424269
0.0,0.058283567
0.0,0.24982116
1.0,0.9607417
0.0,0.0044187307
0.0,0.06659913
1.0,0.54848784
1.0,0.950454
1.0,0.9010092
1.0,0.08506611
0.0,0.9821247
0.0,0.054193914
0.0,0.052238226
0.0,0.03271094
0.0,0.0013218522
0.0,0.04491371
0.0,0.016189337
1.0,0.033702374
1.0,0.9605572
0.0,0.019929945
1.0,0.89870477
0.0,0.0057699084
0.0,0.0011425018
1.0,0.97945493
0.0,0.0080552995
0.0,0.8835466
0.0,0.007832885
0.0,0.15726137
0.0,0.017783701
0.0,0.00723207
0.0,0.9396391
1.0,0.82410645
0.0,0.031453818
0.0,0.23551717
1.0,0.90769124
0.0,0.0038403869
1.0,0.8196739
0.0,0.021713614
0.0,0.0011487901
0.0,0.013539821
0.0,0.26021087
0.0,0.0009483993
0.0,0.0056009293
0.0,0.025906533
0.0,0.016923755
0.0,0.779624
1.0,0.7271599
0.0,0.029328406
1.0,0.81381655
0.0,0.52924484
1.0,0.029933661
0.0,0.05912134
0.0,0.0018987656
0.0,0.062359005
1.0,0.95615727
1.0,0.02449879
1.0,0.22275832
0.0,0.015836865
0.0,0.56775796
1.0,0.6925576
0.0,0.011621207
0.0,0.050287753
1.0,0.27109498
0.0,0.008698076
1.0,0.9487085
1.0,0.17771572
0.0,0.005585432
1.0,0.582717
0.0,0.10861921
1.0,0.19859973
0.0,0.26365647
1.0,0.99249697
0.0,0.0006211698
0.0,0.97762805
0.0,0.027748406
0.0,0.033622622
0.0,0.003165841
0.0,0.049084574
0.0,0.015659302
1.0,0.95260596
0.0,0.0041633844
0.0,0.0009471774
0.0,0.0005528331
0.0,0.1274328
0.0,0.15008703
1.0,0.10237822
0.0,0.41677356
0.0,0.11437994
1.0,0.56261367
0.0,0.46943894
1.0,0.9626821
0.0,0.7384981
1.0,0.9257492
1.0,0.9313201
0.0,0.005090624
1.0,0.995198
0.0,0.43531203
0.0,0.019667804
0.0,0.018682063
0.0,0.050566077
1.0,0.04585001
1.0,0.9832617
0.0,0.027094185
0.0,0.23167816
1.0,0.99230576
0.0,0.025508046
1.0,0.6627422
1.0,0.022209167
1.0,0.8114198
0.0,0.01882109
1.0,0.6608109
0.0,0.016780406
1.0,0.8853311
1.0,0.12916341
0.0,0.33534563
0.0,0.7408855
0.0,0.020230591
0.0,0.21637496
1.0,0.7596594
1.0,0.9402286
1.0,0.98688734
0.0,0.0177975
0.0,0.0013501942
1.0,0.96274054
0.0,0.9438607
0.0,0.0006875396
0.0,0.01609981
1.0,0.67279106
0.0,0.027524024
0.0,0.011350185
0.0,0.074637115
0.0,0.03471133
1.0,0.72941196
1.0,0.9621731
0.0,0.06345299
0.0,0.017834961
0.0,0.006983489
1.0,0.98418784
0.0,0.01643616
0.0,0.822191
1.0,0.9047452
0.0,0.00361979
0.0,0.764066
1.0,0.97393453
0.0,0.052274168
1.0,0.26452905
1.0,0.1248807
0.0,0.019367635
0.0,0.031226367
0.0,0.004407048
0.0,0.006598681
1.0,0.9758968
1.0,0.99693435
1.0,0.9793793
1.0,0.12603831
0.0,0.89868295
0.0,0.026334524
1.0,0.8193741
1.0,0.9861691
0.0,0.054573864
0.0,0.015327811
1.0,0.3477354
0.0,0.0041289926
1.0,0.7971668
0.0,0.0058126748
0.0,0.23260829
1.0,0.97984064
0.0,0.021642506
0.0,0.0018308759
0.0,0.017514974
0.0,0.03148806
0.0,0.30801374
1.0,0.11060336
0.0,0.019456893
1.0,0.9784962
0.0,0.07691556
1.0,0.9577769
0.0,0.14242679
1.0,0.76196504
1.0,0.97576255
1.0,0.99104
0.0,0.9336002
0.0,0.001420021
1.0,0.2274091
0.0,0.03693512
0.0,0.0340482
1.0,0.8946376
1.0,0.25702584
0.0,0.14658779
1.0,0.9321586
1.0,0.9755838
0.0,0.8961805
0.0,0.011648685
0.0,0.8050152
0.0,0.006534219
0.0,0.0007144511
0.0,0.89692235
1.0,0.9703784
1.0,0.98476243
1.0,0.9478049
0.0,0.0006171465
0.0,0.0094335675
0.0,0.0071924627
0.0,0.017302722
0.0,0.018576503
0.0,0.02605468
1.0,0.8949982
1.0,0.95246637
1.0,0.69175386
0.0,0.09738785
0.0,0.019663155
1.0,0.8675376
0.0,0.14164901
0.0,0.4806252
1.0,0.9079411
0.0,0.82254374
0.0,0.8783577
1.0,0.82369614
0.0,0.028340042
1.0,0.6553962
1.0,0.90861297
0.0,0.9487309
0.0,0.008009464
1.0,0.994307
0.0,0.002738893
0.0,0.44307122
1.0,0.7688656
1.0,0.96633005
1.0,0.7409836
1.0,0.94505334
0.0,0.965757
0.0,0.015111089
0.0,0.0026585758
1.0,0.81486213
0.0,0.98314106
1.0,0.7292854
0.0,0.79325545
1.0,0.9164834
1.0,0.7629639
0.0,0.055437803
0.0,0.018360227
0.0,0.0019284487
0.0,0.32282948
0.0,0.025495946
0.0,0.007984787
1.0,0.5078244
1.0,0.10819906
0.0,0.8972435
1.0,0.9603003
1.0,0.4593781
0.0,0.0018706918
0.0,0.16676325
1.0,0.89113414
1.0,0.1902779
0.0,0.011702657
0.0,0.094492614
0.0,0.0072056353
0.0,0.018965155
1.0,0.6833392
1.0,0.95227325
0.0,0.039238244
0.0,0.0009936988
0.0,0.035393775
0.0,0.14342809
0.0,0.010258049
0.0,0.015815139
0.0,0.9424725
0.0,0.48346302
0.0,0.00831157
0.0,0.028022021
0.0,0.120601386
1.0,0.9838265
1.0,0.8617327
0.0,0.0055357814
0.0,0.02312529
0.0,0.0005778074
0.0,0.0023709238
0.0,0.09683755
0.0,0.26231557
0.0,0.015935719
0.0,0.35241932
1.0,0.9450195
1.0,0.98858964
1.0,0.8928038
1.0,0.89954036
1.0,0.9849976
0.0,0.45914572
0.0,0.022421151
0.0,0.019096673
0.0,0.036902368
1.0,0.8181404
0.0,0.018553168
1.0,0.9245913
0.0,0.027461112
0.0,0.417206
0.0,0.88610446
0.0,0.022155344
0.0,0.041110873
0.0,0.088701665
0.0,0.23929429
0.0,0.008961886
1.0,0.8951552
1.0,0.3226712
0.0,0.08886504
0.0,0.16775554
0.0,0.004476577
0.0,0.0063554943
1.0,0.9772308
0.0,0.008429557
1.0,0.05878356
0.0,0.024868548
1.0,0.4361546
0.0,0.0055810213
0.0,0.120859355
1.0,0.9130541
0.0,0.0007997751
1.0,0.9558502
0.0,0.060403407
0.0,0.47111425
0.0,0.2002778
0.0,0.0014045835
0.0,0.0016112924
1.0,0.92891794
1.0,0.9874599
0.0,0.4578355
0.0,0.027683467
0.0,0.008869499
0.0,0.23605883
1.0,0.84800494
0.0,0.6783885
1.0,0.18326682
1.0,0.3768946
0.0,0.7028866
0.0,0.014398336
0.0,0.0397453
0.0,0.01573056
0.0,0.037671387
0.0,0.03038022
0.0,0.03818816
0.0,0.70356363
0.0,0.19806379
1.0,0.9151871
0.0,0.97598684
0.0,0.006704092
1.0,0.90631664
0.0,0.013480991
0.0,0.04110816
0.0,0.0010861158
0.0,0.013587356
1.0,0.060581326
1.0,0.9662923
1.0,0.9696138
0.0,0.010291427
0.0,0.0035337806
0.0,0.010660052
0.0,0.3713991
0.0,0.44660464
0.0,0.8376637
1.0,0.98798513
1.0,0.9722003
1.0,0.9302043
0.0,0.014975607
1.0,0.9854467
1.0,0.62718725
0.0,0.021066308
1.0,0.96365654
0.0,0.010440081
0.0,0.007014066
0.0,0.70955336
1.0,0.9875879
1.0,0.96618474
1.0,0.6877893
0.0,0.9051677
0.0,0.29278934
0.0,0.008311182
1.0,0.9657776
1.0,0.97608364
1.0,0.953374
1.0,0.8828782
0.0,0.02325061
0.0,0.01289621
0.0,0.017660469
0.0,0.35999578
1.0,0.9652935
0.0,0.009717524
0.0,0.07963535
0.0,0.11244336
1.0,0.29796034
0.0,0.022517562
0.0,0.23023054
0.0,0.081362486
0.0,0.31827348
0.0,0.012072444
0.0,0.091635525
0.0,0.007816225
0.0,0.20682284
0.0,0.0011084378
1.0,0.9775634
1.0,0.13145006
0.0,0.18174413
0.0,0.9764575
0.0,0.09120506
1.0,0.90341234
0.0,0.002909422
0.0,0.01605314
0.0,0.55252427
0.0,0.004900962
1.0,0.9557066
0.0,0.0073031187
0.0,0.052073896
1.0,0.562582
1.0,0.9391515
1.0,0.93316895
0.0,0.015424639
0.0,0.103155375
1.0,0.82715005
1.0,0.9652049
1.0,0.9836885
0.0,0.86464727
0.0,0.40131876
0.0,0.00076565146
1.0,0.0715473
1.0,0.9808742
0.0,0.009772599
0.0,0.8183943
1.0,0.6896492
1.0,0.9690354
0.0,0.005479127
1.0,0.83681273
1.0,0.3740158
0.0,0.015176833
1.0,0.26616722
0.0,0.038818717
0.0,0.0035980642
0.0,0.94147456
0.0,0.030462325
1.0,0.74762326
0.0,0.31408024
1.0,0.87007797
1.0,0.8018389
1.0,0.6045131
0.0,0.002895683
0.0,0.40826112
1.0,0.5572569
0.0,0.0007561743
1.0,0.84455454
1.0,0.8116759
0.0,0.96117043
0.0,0.0238972
1.0,0.03695762
1.0,0.9809234
0.0,0.0015341341
1.0,0.70567083
1.0,0.23411381
1.0,0.88138175
1.0,0.9908289
1.0,0.34694788
1.0,0.9600848
0.0,0.019905
0.0,0.25995407
0.0,0.025838077
1.0,0.9470017
1.0,0.39787573
0.0,0.039711595
0.0,0.025947988
1.0,0.0865514
0.0,0.004548222
1.0,0.9839481
0.0,0.08859378
1.0,0.85814434
1.0,0.9609287
0.0,0.21617946
1.0,0.26469356
0.0,0.01842007
1.0,0.9894707
1.0,0.9510535
1.0,0.16559216
0.0,0.021850705
0.0,0.020024091
1.0,0.7099067
0.0,0.061813623
1.0,0.90080893
0.0,0.016579151
0.0,0.9082418
0.0,0.06913677
0.0,0.29649886
0.0,0.002390802
0.0,0.22878891
0.0,0.1074281
1.0,0.95608574
1.0,0.09962946
0.0,0.012492567
1.0,0.97921896
1.0,0.8754784
0.0,0.8735764
0.0,0.77012664
0.0,0.053580612
0.0,0.034585595
0.0,0.011435688
0.0,0.033913374
1.0,0.34591115
1.0,0.98196524
0.0,0.0036587715
0.0,0.0018328726
0.0,0.79347396
0.0,0.9246588
0.0,0.12110633
1.0,0.96114385
0.0,0.085384846
0.0,0.053813875
1.0,0.88211644
1.0,0.9610671
0.0,0.02139178
0.0,0.12346184
0.0,0.004030913
1.0,0.9228183
1.0,0.89985657
0.0,0.021832228
0.0,0.022218734
0.0,0.002998054
0.0,0.12602249
0.0,0.0026351213
1.0,0.97077113
1.0,0.7549115
1.0,0.10160148
0.0,0.0011505783
1.0,0.17570725
0.0,0.32651043
1.0,0.9906784
1.0,0.46459028
0.0,0.0027765036
0.0,0.0011138022
0.0,0.0027414858
0.0,0.8168986
0.0,0.51557916
1.0,0.99383307
0.0,0.74728817
0.0,0.6678949
0.0,0.01186651
0.0,0.00062194467
0.0,0.22616726
0.0,0.0920839
0.0,0.0439578
1.0,0.8304185
1.0,0.97578025
0.0,0.001410842
0.0,0.8337941
0.0,0.73325944
0.0,0.042280614
1.0,0.9805931
0.0,0.03201905
0.0,0.13641441
1.0,0.33489197
0.0,0.905463
0.0,0.0112428665
0.0,0.008268952
0.0,0.0028350651
1.0,0.9911231
1.0,0.92543423
0.0,0.0041594803
1.0,0.34397858
1.0,0.9616117
1.0,0.96373653
0.0,0.2129085
0.0,0.098864466
1.0,0.96307814
1.0,0.9644061
0.0,0.003516376
1.0,0.9647162
0.0,0.02083245
1.0,0.9106178
1.0,0.9246851
1.0,0.8877988
0.0,0.013902426
1.0,0.73173285
1.0,0.43706924
0.0,0.08741593
0.0,0.02087313
0.0,0.9838456
0.0,0.04133722
0.0,0.010311991
0.0,0.0023188293
1.0,0.9928528
0.0,0.054526806
0.0,0.0773682
0.0,0.16009924
0.0,0.0030470192
0.0,0.044325233
0.0,0.019741178
1.0,0.80589795
0.0,0.011936307
0.0,0.015002757
0.0,0.31584382
1.0,0.8761182
1.0,0.88791674
1.0,0.9314747
1.0,0.973925
0.0,0.006359935
0.0,0.03724301
0.0,0.014703602
0.0,0.07300484
0.0,0.76717883
0.0,0.006793648
1.0,0.9557562
0.0,0.60306203
1.0,0.084277034
1.0,0.03995183
1.0,0.75367415
0.0,0.021636546
0.0,0.00603953
0.0,0.0008647144
0.0,0.004140556
1.0,0.38112843
1.0,0.961249
1.0,0.803074
1.0,0.8726909
1.0,0.9912708
0.0,0.009431124
0.0,0.026759982
0.0,0.89710593
0.0,0.005118966
1.0,0.9666226
0.0,0.0025598705
0.0,0.86487305
1.0,0.9733779
1.0,0.76908106
0.0,0.01219213
0.0,0.1177358
0.0,0.29316634
0.0,0.42757505
1.0,0.816468
0.0,0.98471487
0.0,0.5026907
1.0,0.99169916
0.0,0.042588294
1.0,0.9683584
1.0,0.96058935
0.0,0.0014147162
0.0,0.79618835
0.0,0.0027368069
0.0,0.012607455
1.0,0.72187364
0.0,0.005986184
0.0,0.05443102
0.0,0.28384525
0.0,0.0019356012
1.0,0.97529817
1.0,0.17871442
1.0,0.9227786
1.0,0.9241748
0.0,0.7893912
0.0,0.023905724
1.0,0.8674885
0.0,0.011256754
1.0,0.38963854
0.0,0.014235824
1.0,0.9493389
1.0,0.98342705
0.0,0.4948335
0.0,0.14404309
0.0,0.40545085
0.0,0.022080839
0.0,0.0069721937
0.0,0.019611895
1.0,0.8791175
0.0,0.005559474
0.0,0.14381719
0.0,0.34070718
0.0,0.09583503
0.0,0.00778389
0.0,0.00063169
0.0,0.76456654
0.0,0.0010807514
0.0,0.00073203444
0.0,0.020688772
0.0,0.09848896
0.0,0.014193535
1.0,0.13605586
0.0,0.054789484
1.0,0.97867906
0.0,0.00295043
0.0,0.0014549494
1.0,0.809098
0.0,0.0062733293
1.0,0.97233975
0.0,0.09206462
1.0,0.9569261
0.0,0.7692549
0.0,0.018954128
1.0,0.86052424
1.0,0.20674273
0.0,0.002589345
0.0,0.059096724
0.0,0.0009114742
0.0,0.00082832575
0.0,0.0026633441
0.0,0.8296031
1.0,0.94539
1.0,0.8244047
0.0,0.12699923
0.0,0.006342143
1.0,0.8288195
1.0,0.942693
1.0,0.7826011
0.0,0.00063431263
1.0,0.0333018
0.0,0.2632044
1.0,0.6002976
0.0,0.0007855594
1.0,0.8318005
0.0,0.0036887527
0.0,0.0949803
0.0,0.03439209
0.0,0.9150489
1.0,0.9572682
0.0,0.055808663
0.0,0.08521336
1.0,0.978497
0.0,0.007844448
0.0,0.8874084
0.0,0.70506567
1.0,0.9819197
0.0,0.73454475
0.0,0.021567315
0.0,0.980595
1.0,0.9596247
0.0,0.0011588335
0.0,0.82101107
0.0,0.04474032
1.0,0.5455688
0.0,0.017253667
1.0,0.979462
0.0,0.24086422
1.0,0.79422164
1.0,0.99315035
0.0,0.9618952
1.0,0.95385015
1.0,0.9895443
0.0,0.006630838
0.0,0.93857336
0.0,0.0066235363
1.0,0.97878194
0.0,0.2562522
1.0,0.4305456
1.0,0.51478606
0.0,0.011362106
1.0,0.9564853
0.0,0.17670643
1.0,0.49402618
0.0,0.79973733
1.0,0.17820531
0.0,0.7811489
1.0,0.010829121
0.0,0.62912554
0.0,0.006519586
0.0,0.004598856
0.0,0.011288136
0.0,0.010421246
0.0,0.0007351935
0.0,0.0019821227
0.0,0.27250504
0.0,0.06100443
0.0,0.4406592
0.0,0.44317883
0.0,0.02281329
1.0,0.94993114
1.0,0.20854539
0.0,0.57506657
1.0,0.01926279
0.0,0.02067715
0.0,0.23358375
0.0,0.85242367
0.0,0.065381885
0.0,0.0412277
0.0,0.18907276
1.0,0.92807615
0.0,0.002035588
0.0,0.0049958825
1.0,0.00947088
0.0,0.0047495663
1.0,0.9227947
0.0,0.08181921
0.0,0.025177896
1.0,0.8927464
0.0,0.0076165497
1.0,0.94001454
0.0,0.0032402575
0.0,0.0010480583
0.0,0.0068403482
1.0,0.96915984
0.0,0.015221328
1.0,0.15196341
1.0,0.8160038
0.0,0.9806566
0.0,0.00080132484
1.0,0.013419718
0.0,0.003247887
0.0,0.04482627
0.0,0.82797897
0.0,0.00085145235
0.0,0.82777715
0.0,0.9478094
1.0,0.59752434
0.0,0.009554654
1.0,0.8808618
0.0,0.001480639
0.0,0.0012497604
0.0,0.0030348003
1.0,0.89590394
1.0,0.97384465
0.0,0.28605473
0.0,0.41833532
0.0,0.0011864603
0.0,0.09966329
0.0,0.047530085
0.0,0.0060200393
0.0,0.0006918609
1.0,0.12920544
1.0,0.92266035
0.0,0.020460278
0.0,0.97937465
1.0,0.15151626
0.0,0.0006328821
1.0,0.93769133
0.0,0.0021561384
0.0,0.021904647
1.0,0.9386072
0.0,0.74773294
1.0,0.4300511
1.0,0.97173893
1.0,0.9827706
0.0,0.32730955
0.0,0.016681105
0.0,0.15787509
1.0,0.95748574
0.0,0.5743873
1.0,0.98368764
0.0,0.016810447
0.0,0.013702184
0.0,0.14023054
1.0,0.88971055
0.0,0.006202191
0.0,0.020343363
0.0,0.36400968
1.0,0.035776228
1.0,0.99240386
0.0,0.05937165
0.0,0.009402573
1.0,0.9718318
1.0,0.98341477
1.0,0.9386312
1.0,0.07225588
0.0,0.0025283098
1.0,0.9064369
0.0,0.18461478
0.0,0.051322937
0.0,0.0019957721
1.0,0.82333815
0.0,0.17209652
0.0,0.075351804
0.0,0.0013588071
1.0,0.8171631
0.0,0.29451
1.0,0.9698885
1.0,0.9516387
0.0,0.015302926
1.0,0.80233496
0.0,0.016209334
1.0,0.6756816
0.0,0.49692196
0.0,0.008164972
0.0,0.019542128
0.0,0.06432092
1.0,0.99444354
0.0,0.02038297
0.0,0.27122355
0.0,0.5232284
1.0,0.996225
1.0,0.9447822
0.0,0.023212701
1.0,0.9482219
1.0,0.9794424
1.0,0.9950417
1.0,0.47358894
0.0,0.21712774
1.0,0.7998007
0.0,0.040439904
0.0,0.6452651
1.0,0.38683268
0.0,0.011109352
0.0,0.013271809
0.0,0.05035472
1.0,0.41864884
0.0,0.5606078
0.0,0.24719682
1.0,0.9653418
0.0,0.007397115
1.0,0.8308133
0.0,0.010147959
0.0,0.93603593
1.0,0.84862757
1.0,0.96409917
0.0,0.0038060546
1.0,0.96728736
1.0,0.9830085
0.0,0.76823324
0.0,0.80484796
1.0,0.83524966
0.0,0.027183354
1.0,0.97160554
0.0,0.031594753
0.0,0.059386283
1.0,0.5735925
1.0,0.90778947
0.0,0.0478532
1.0,0.56214714
0.0,0.05971968
0.0,0.058583826
1.0,0.97563046
0.0,0.0167709
0.0,0.05404389
0.0,0.023745716
1.0,0.623583
0.0,0.0114296675
0.0,0.008464932
1.0,0.9123132
1.0,0.9727083
0.0,0.018097758
0.0,0.39357233
0.0,0.0043548048
1.0,0.16205826
0.0,0.696195
0.0,0.0018239021
0.0,0.019867957
0.0,0.0034048855
0.0,0.0023342967
1.0,0.21686262
0.0,0.125747
0.0,0.00090664625
0.0,0.43399286
1.0,0.945283
1.0,0.99264795
1.0,0.86889046
0.0,0.88076866
0.0,0.0097489655
0.0,0.9716277
1.0,0.97993875
0.0,0.033819735
1.0,0.49918044
0.0,0.008795232
1.0,0.9837891
0.0,0.039070547
1.0,0.89738774
0.0,0.8920893
1.0,0.47771445
0.0,0.07252699
0.0,0.074606955
1.0,0.8840188
1.0,0.93181515
1.0,0.98075897
0.0,0.10651526
1.0,0.9523555
1.0,0.5829334
1.0,0.3095292
0.0,0.0010387301
1.0,0.81093526
0.0,0.012563497
0.0,0.9373468
1.0,0.6769353
0.0,0.3732602
0.0,0.010971844
0.0,0.022919536
0.0,0.04723665
0.0,0.6017703
1.0,0.9744665
1.0,0.9627197
0.0,0.42240444
0.0,0.6304548
0.0,0.015402347
1.0,0.9923388
0.0,0.82284236
0.0,0.24165475
0.0,0.0026205182
0.0,0.01345405
0.0,0.023065627
0.0,0.96360415
1.0,0.9827392
1.0,0.9824741
1.0,0.13334605
0.0,0.41397956
0.0,0.0036861002
0.0,0.004794121
0.0,0.014453471
0.0,0.024676055
1.0,0.9503493
0.0,0.021863818
0.0,0.160894
1.0,0.9901589
0.0,0.068057925
1.0,0.06781471
1.0,0.9198218
0.0,0.39753526
0.0,0.002575487
0.0,0.029721558
1.0,0.6633867
0.0,0.09724
0.0,0.014564931
1.0,0.9310292
1.0,0.630869
0.0,0.0026015937
0.0,0.050486714
0.0,0.7002255
0.0,0.008220613
0.0,0.40992326
1.0,0.3949099
1.0,0.9185731
0.0,0.009606481
0.0,0.00080657005
0.0,0.75905037
0.0,0.24898005
1.0,0.9475404
0.0,0.017699063
1.0,0.98367226
0.0,0.030019611
1.0,0.9732989
0.0,0.004516363
1.0,0.96018386
1.0,0.8165034
0.0,0.02067852
0.0,0.11896834
0.0,0.004538387
0.0,0.05329299
1.0,0.7329972
1.0,0.0021156073
1.0,0.21748698
1.0,0.47949225
1.0,0.753319
0.0,0.00072973967
1.0,0.33438104
1.0,0.7717572
0.0,0.019676715
0.0,0.015317857
0.0,0.023880899
1.0,0.5085683
1.0,0.98410153
0.0,0.89617646
0.0,0.006542474
1.0,0.9047697
0.0,0.005967289
0.0,0.027708769
1.0,0.9633248
0.0,0.5822261
0.0,0.019281954
1.0,0.11610064
1.0,0.92901045
0.0,0.006413847
0.0,0.013958156
0.0,0.015019983
1.0,0.979648
1.0,0.9713403
0.0,0.6924999
0.0,0.37441897
1.0,0.99141824
1.0,0.7533423
0.0,0.0059827864
0.0,0.078152746
0.0,0.047305614
1.0,0.2878819
1.0,0.16815212
0.0,0.015663981
0.0,0.07185653
1.0,0.9755599
0.0,0.011209071
0.0,0.018851489
0.0,0.03597513
0.0,0.84739876
1.0,0.96555084
0.0,0.85138524
0.0,0.011435837
0.0,0.9167943
0.0,0.35665157
0.0,0.027722418
1.0,0.7356807
1.0,0.7267157
0.0,0.29654694
1.0,0.9792613
0.0,0.49072427
1.0,0.9562299
1.0,0.034989983
1.0,0.94545317
0.0,0.004875958
0.0,0.31710762
0.0,0.009767801
1.0,0.9910377
0.0,0.0028586984
1.0,0.99005353
0.0,0.042986006
0.0,0.001982659
1.0,0.116770476
1.0,0.9602162
0.0,0.0018637776
1.0,0.7103785
0.0,0.021191388
1.0,0.9507159
0.0,0.0008022189
1.0,0.6753177
1.0,0.036194056
0.0,0.024938315
0.0,0.004871309
0.0,0.011079609
0.0,0.010178864
0.0,0.007009834
0.0,0.90748215
0.0,0.06020838
0.0,0.010131478
0.0,0.9513229
0.0,0.0026824474
1.0,0.95768166
0.0,0.3712601
0.0,0.4207528
1.0,0.99433756
0.0,0.050321937
1.0,0.9896833
0.0,0.016676545
1.0,0.98466927
0.0,0.0052798986
0.0,0.0512805
1.0,0.9893539
0.0,0.033602268
0.0,0.004534185
0.0,0.015406311
1.0,0.97342795
1.0,0.32008106
0.0,0.006036401
1.0,0.9625002
1.0,0.27186865
1.0,0.97281224
0.0,0.34108222
1.0,0.091585964
1.0,0.9397974
0.0,0.23026532
1.0,0.49573755
1.0,0.49450368
0.0,0.022534013
0.0,0.0025255084
0.0,0.013720214
0.0,0.028739065
0.0,0.0058385134
0.0,0.024015814
0.0,0.018411338
0.0,0.00060361624
1.0,0.91421413
0.0,0.048350513
0.0,0.0022676885
0.0,0.010887712
0.0,0.04757625
1.0,0.85015786
0.0,0.0018408
1.0,0.91458833
0.0,0.57679796
0.0,0.003971815
1.0,0.47236496
1.0,0.8629519
0.0,0.11920044
0.0,0.048654884
1.0,0.90765876
0.0,0.9408306
0.0,0.023441046
1.0,0.70997643
1.0,0.72664285
1.0,0.8453872
1.0,0.83759624
0.0,0.022435606
0.0,0.0014872253
1.0,0.68190503
0.0,0.00922966
0.0,0.0006842911
1.0,0.9801197
1.0,0.8531927
1.0,0.9711079
0.0,0.008224845
1.0,0.1300283
1.0,0.9582932
1.0,0.96540344
0.0,0.0018306971
0.0,0.0023492873
1.0,0.34370005
0.0,0.02844292
0.0,0.7797266
0.0,0.015203357
1.0,0.98559093
0.0,0.01585126
0.0,0.017211765
0.0,0.03393522
0.0,0.163865
0.0,0.07189584
0.0,0.0025982559
0.0,0.8753369
1.0,0.99284655
0.0,0.032383025
1.0,0.8554163
0.0,0.002406001
0.0,0.8221502
0.0,0.89112794
1.0,0.005343914
0.0,0.74878097
0.0,0.007940561
0.0,0.0009496808
0.0,0.29755133
0.0,0.044747382
1.0,0.98109794
0.0,0.3096297
1.0,0.9496621
0.0,0.014787525
0.0,0.03062722
0.0,0.018527001
0.0,0.7795498
0.0,0.040830553
0.0,0.6169646
0.0,0.19406378
0.0,0.09681857
1.0,0.8858726
0.0,0.036922663
1.0,0.7041569
1.0,0.6327807
0.0,0.040428787
0.0,0.014307916
1.0,0.9127663
0.0,0.011815459
1.0,0.79366577
1.0,0.691268
0.0,0.004878074
1.0,0.4809158
0.0,0.0026233196
1.0,0.9720895
0.0,0.1116893
0.0,0.15412542
1.0,0.6353578
0.0,0.80781806
0.0,0.0018506348
0.0,0.7263316
1.0,0.7094709
1.0,0.9654852
0.0,0.0013431013
0.0,0.043386042
1.0,0.56859106
0.0,0.77523494
1.0,0.11506513
0.0,0.08821058
1.0,0.06392515
0.0,0.7562573
0.0,0.018673927
0.0,0.78424954
0.0,0.007602781
0.0,0.26859578
1.0,0.021141946
0.0,0.5494315
1.0,0.8666035
0.0,0.011426598
1.0,0.33734506
0.0,0.0046185255
0.0,0.0018230677
0.0,0.019286364
0.0,0.022830606
0.0,0.19059709
0.0,0.0925667
0.0,0.06348482
0.0,0.05608931
1.0,0.96217483
0.0,0.00940612
0.0,0.05214989
1.0,0.87259126
1.0,0.561493
0.0,0.025275767
0.0,0.11726561
1.0,0.7629777
0.0,0.18570122
1.0,0.052120715
1.0,0.92910695
1.0,0.7965608
1.0,0.7881856
0.0,0.016706258
0.0,0.0012250841
1.0,0.18348697
0.0,0.2643119
1.0,0.9762209
1.0,0.7444009
1.0,0.9831557
0.0,0.09186289
0.0,0.0039672554
0.0,0.19255906
0.0,0.02521947
1.0,0.28434235
1.0,0.9431511
0.0,0.07585457
0.0,0.20387971
0.0,0.08139771
0.0,0.34899706
1.0,0.037462562
1.0,0.8333969
1.0,0.9530234
0.0,0.9267528
1.0,0.5264783
1.0,0.73532444
1.0,0.26396337
1.0,0.9659153
0.0,0.34737408
0.0,0.8319521
0.0,0.82243615
0.0,0.004826039
1.0,0.9025222
1.0,0.98349524
1.0,0.90550816
1.0,0.87767565
0.0,0.031959772
0.0,0.0024343133
0.0,0.023765653
0.0,0.03866744
1.0,0.86857307
0.0,0.1309112
0.0,0.01266098
0.0,0.14422417
0.0,0.0055531263
1.0,0.7378879
1.0,0.85818344
1.0,0.9494977
0.0,0.064899564
0.0,0.10080361
1.0,0.7855999
1.0,0.985866
0.0,0.053187758
1.0,0.9211757
0.0,0.80663055
1.0,0.9919997
1.0,0.9884362
1.0,0.6650859
0.0,0.029951245
0.0,0.117978245
1.0,0.9818552
0.0,0.07308087
0.0,0.2656566
1.0,0.98359776
0.0,0.025351703
0.0,0.026309669
0.0,0.08259949
1.0,0.28852376
0.0,0.566837
0.0,0.38798335
1.0,0.6108373
0.0,0.56395906
0.0,0.024096787
0.0,0.031281978
0.0,0.24743414
1.0,0.7695246
0.0,0.88663685
0.0,0.013712645
0.0,0.0012441874
1.0,0.12347087
0.0,0.032705873
0.0,0.0010095835
1.0,0.85728824
0.0,0.43096897
0.0,0.0063682795
1.0,0.9743936
1.0,0.8249303
0.0,0.0010883808
1.0,0.26000988
1.0,0.2658882
0.0,0.52634186
0.0,0.585192
1.0,0.55922157
1.0,0.81730986
0.0,0.0062227845
1.0,0.2338677
1.0,0.29202133
1.0,0.14337808
0.0,0.14760348
1.0,0.19422391
0.0,0.012075752
1.0,0.8280149
0.0,0.0009493828
1.0,0.9335301
0.0,0.79096204
0.0,0.098852515
1.0,0.7755661
0.0,0.017226607
1.0,0.9407338
1.0,0.785903
1.0,0.95137537
1.0,0.68072295
0.0,0.019206494
1.0,0.024903119
0.0,0.55567276
0.0,0.0025705695
0.0,0.024900079
0.0,0.013384849
1.0,0.965552
0.0,0.0065606534
0.0,0.39424258
0.0,0.5031803
0.0,0.62639856
1.0,0.8921969
0.0,0.3778344
0.0,0.004365593
0.0,0.042683333
0.0,0.68615234
1.0,0.73178834
0.0,0.0049749017
1.0,0.956311
1.0,0.9811373
0.0,0.82270044
0.0,0.002480954
0.0,0.0025910735
1.0,0.95882225
0.0,0.018730462
1.0,0.027232885
1.0,0.76555705
1.0,0.9608532
0.0,0.80297023
0.0,0.27805114
0.0,0.0048399866
0.0,0.6521379
0.0,0.01673451
0.0,0.00232476
0.0,0.38796088
1.0,0.6339448
0.0,0.33177018
1.0,0.87094676
0.0,0.09137985
1.0,0.9580365
1.0,0.9464023
1.0,0.48588797
1.0,0.90252566
0.0,0.1683498
0.0,0.94425815
0.0,0.040809095
1.0,0.76989603
1.0,0.9531202
0.0,0.007529378
1.0,0.24499568
1.0,0.95171034
1.0,0.8673916
1.0,0.16858032
0.0,0.6601294
0.0,0.02625218
1.0,0.9396905
0.0,0.012482792
0.0,0.066505075
1.0,0.9800271
0.0,0.008566767
0.0,0.73212385
0.0,0.10961902
0.0,0.0032096803
0.0,0.087878436
1.0,0.9779729
0.0,0.004663527
0.0,0.26507467
1.0,0.106648
0.0,0.034703344
1.0,0.94706905
0.0,0.24205098
0.0,0.008156002
0.0,0.0024485886
0.0,0.34208572
1.0,0.80798435
0.0,0.28726947
0.0,0.088409126
1.0,0.91421926
1.0,0.8971709
0.0,0.030538619
0.0,0.007039964
0.0,0.007429868
1.0,0.45954672
0.0,0.05753976
1.0,0.91554654
1.0,0.84744525
1.0,0.38498706
1.0,0.9617796
1.0,0.9282332
0.0,0.9177706
1.0,0.88903046
1.0,0.9852047
0.0,0.004599571
0.0,0.0031303763
0.0,0.011498779
1.0,0.85121393
0.0,0.008588105
0.0,0.006310761
0.0,0.030365437
1.0,0.97276264
0.0,0.028172672
1.0,0.93959594
0.0,0.19958663
0.0,0.6342224
0.0,0.065445244
0.0,0.016697884
0.0,0.011667132
1.0,0.7815757
1.0,0.97840995
0.0,0.01898563
0.0,0.060099006
1.0,0.44623387
0.0,0.0005939007
1.0,0.9798814
0.0,0.018544644
0.0,0.00975582
0.0,0.022600174
1.0,0.96656036
1.0,0.91803485
0.0,0.02724424
0.0,0.32230622
1.0,0.7828368
0.0,0.017130196
0.0,0.00605762
1.0,0.9110615
1.0,0.98611283
1.0,0.8994904
0.0,0.014504969
1.0,0.9656408
1.0,0.9445962
0.0,0.24806964
0.0,0.009435236
0.0,0.0021792352
0.0,0.034604162
0.0,0.0012976527
0.0,0.019124657
1.0,0.57563907
1.0,0.9360918
0.0,0.06682056
0.0,0.007866621
0.0,0.03968686
0.0,0.075154215
1.0,0.9467547
0.0,0.9487211
0.0,0.019152582
0.0,0.7865951
0.0,0.9645503
1.0,0.040594816
0.0,0.0017256439
0.0,0.64732313
1.0,0.9601793
0.0,0.031010807
0.0,0.10139072
0.0,0.016218573
0.0,0.005139649
1.0,0.85445786
1.0,0.9206153
0.0,0.029916584
0.0,0.95508516
0.0,0.0019937158
0.0,0.9413196
0.0,0.9228424
0.0,0.42268193
0.0,0.0017246604
0.0,0.14444473
1.0,0.005136907
0.0,0.022920847
1.0,0.1150009
0.0,0.80696535
0.0,0.0007722378
0.0,0.06348404
0.0,0.1065484
0.0,0.17313927
0.0,0.014639318
1.0,0.9799452
0.0,0.0017869174
0.0,0.7399903
0.0,0.037780732
1.0,0.778952
1.0,0.9192084
0.0,0.024512023
0.0,0.4421497
0.0,0.0020449758
1.0,0.99424326
1.0,0.73869556
1.0,0.97468424
0.0,0.13489959
1.0,0.98213756
0.0,0.028020531
0.0,0.0011672974
0.0,0.013482332
1.0,0.008921474
0.0,0.0011927187
0.0,0.0038268566
1.0,0.98953974
1.0,0.240607
0.0,0.009313315
1.0,0.99342287
0.0,0.031149834
1.0,0.76866466
0.0,0.05993277
1.0,0.92568886
0.0,0.96618515
0.0,0.26894075
1.0,0.8973607
0.0,0.0030505657
0.0,0.09981215
0.0,0.016485333
0.0,0.011339933
0.0,0.04742071
0.0,0.010847777
1.0,0.8866924
1.0,0.8086855
0.0,0.5444126
0.0,0.029400676
0.0,0.014436334
0.0,0.07542184
1.0,0.98822325
0.0,0.007521838
0.0,0.04084474
0.0,0.7844853
0.0,0.13287914
0.0,0.0006673336
1.0,0.9479406
1.0,0.94342685
0.0,0.0012062788
0.0,0.0059065223
0.0,0.013856113
0.0,0.0036498308
1.0,0.8591017
0.0,0.7881619
0.0,0.024635792
0.0,0.008497179
1.0,0.9128691
0.0,0.0069613755
0.0,0.3226928
1.0,0.94826245
0.0,0.009586573
0.0,0.16215885
1.0,0.76572394
1.0,0.6805429
1.0,0.93746036
0.0,0.0016123652
0.0,0.002083987
0.0,0.22612706
0.0,0.0077433586
1.0,0.5628759
0.0,0.18588737
1.0,0.14353105
0.0,0.0010791719
0.0,0.003778547
0.0,0.13575873
1.0,0.9743823
0.0,0.7898716
0.0,0.06666258
0.0,0.51861954
1.0,0.7334829
0.0,0.012647837
0.0,0.4436443
0.0,0.0012505054
1.0,0.055384606
0.0,0.0062639713
0.0,0.0013909042
1.0,0.09905583
1.0,0.9713496
0.0,0.00085482
1.0,0.9926083
1.0,0.9902722
1.0,0.9282355
1.0,0.88702875
0.0,0.01645431
1.0,0.89051217
0.0,0.99321383
1.0,0.03562361
0.0,0.007817745
1.0,0.44986778
0.0,0.8990321
1.0,0.3812219
1.0,0.9886526
1.0,0.7030763
0.0,0.004806757
0.0,0.7201637
0.0,0.78340054
0.0,0.00897935
0.0,0.021528065
0.0,0.17663482
1.0,0.9874612
1.0,0.9832213
1.0,0.21014726
0.0,0.002194345
0.0,0.0056242645
0.0,0.03339666
0.0,0.7753384
1.0,0.024337858
0.0,0.046467185
0.0,0.013549238
0.0,0.019313574
0.0,0.22683674
1.0,0.84983814
0.0,0.7442491
0.0,0.83620155
0.0,0.3663084
1.0,0.40760708
0.0,0.016764522
0.0,0.5225059
1.0,0.26664382
0.0,0.14666265
1.0,0.18239257
0.0,0.017205328
0.0,0.2743158
0.0,0.0024951994
0.0,0.015607804
0.0,0.0007028878
1.0,0.91007364
0.0,0.09294546
0.0,0.0644159
1.0,0.9807081
1.0,0.97477984
0.0,0.15127474
1.0,0.013537884
0.0,0.106155664
0.0,0.053149253
1.0,0.9661459
0.0,0.00092202425
0.0,0.17307684
0.0,0.01982978
0.0,0.004585743
1.0,0.98195624
1.0,0.95147765
1.0,0.7765269
1.0,0.98157215
0.0,0.0058320165
0.0,0.021093339
0.0,0.06182143
1.0,0.9718642
0.0,0.006221205
0.0,0.020632207
1.0,0.9550216
1.0,0.5202631
1.0,0.89770794
0.0,0.0022526085
0.0,0.22796139
0.0,0.6401212
1.0,0.9864434
1.0,0.95671785
1.0,0.9264922
0.0,0.31933612
0.0,0.00085297227
0.0,0.0010949671
1.0,0.899357
1.0,0.15055907
0.0,0.24386191
1.0,0.96644807
1.0,0.59161884
1.0,0.9427836
1.0,0.5953477
0.0,0.19712916
0.0,0.021170884
1.0,0.42627186
1.0,0.74178815
0.0,0.02346173
0.0,0.02120012
0.0,0.0055042207
0.0,0.01551798
0.0,0.019482583
0.0,0.70478284
0.0,0.010005891
0.0,0.038384646
1.0,0.8871578
1.0,0.78946817
0.0,0.8032888
1.0,0.974371
0.0,0.0027223527
1.0,0.9306109
0.0,0.20554912
1.0,0.97871196
0.0,0.0012745261
0.0,0.002227217
0.0,0.0025125742
0.0,0.49922612
1.0,0.10130367
1.0,0.9868779
0.0,0.01787141
0.0,0.062672734
1.0,0.26946568
0.0,0.029914588
1.0,0.97439086
1.0,0.77877975
0.0,0.0065639913
0.0,0.020825952
0.0,0.242834
0.0,0.99284554
0.0,0.8387799
0.0,0.0049979687
0.0,0.347035
0.0,0.015556842
1.0,0.963504
1.0,0.9594265
1.0,0.88665867
1.0,0.83112276
0.0,0.006054312
0.0,0.6653166
1.0,0.8944477
0.0,0.40752724
0.0,0.0072538257
0.0,0.027311265
1.0,0.34032667
1.0,0.15478495
0.0,0.004089862
1.0,0.9437854
1.0,0.9802759
0.0,0.0009588599
0.0,0.014737964
1.0,0.95130014
0.0,0.0123411715
0.0,0.94605374
0.0,0.00095406175
0.0,0.022912323
1.0,0.06628373
0.0,0.022460043
0.0,0.004124999
0.0,0.30434397
1.0,0.27081576
0.0,0.0063305497
0.0,0.05293992
1.0,0.7877044
0.0,0.007074684
0.0,0.15232688
0.0,0.93317723
1.0,0.9826429
1.0,0.66939116
1.0,0.08538219
0.0,0.043002993
0.0,0.1918706
1.0,0.18192387
0.0,0.0030578673
0.0,0.0017846823
0.0,0.054259956
0.0,0.013398796
1.0,0.5024108
0.0,0.28774095
0.0,0.8776034
1.0,0.8211036
0.0,0.018489093
0.0,0.019575775
0.0,0.7988193
0.0,0.18842375
1.0,0.7846693
1.0,0.9825063
0.0,0.4208666
1.0,0.78329086
0.0,0.011992753
0.0,0.0095204115
0.0,0.0017489195
1.0,0.46132705
0.0,0.0016470551
0.0,0.018353015
1.0,0.935536
1.0,0.736408
1.0,0.9071586
0.0,0.66649604
1.0,0.9291552
1.0,0.84635025
0.0,0.0004823208
0.0,0.91572124
0.0,0.49032104
1.0,0.53757197
0.0,0.020859718
0.0,0.17502281
0.0,0.012444943
0.0,0.020839423
0.0,0.010345519
0.0,0.05740133
0.0,0.175623
0.0,0.7837703
0.0,0.18899584
1.0,0.5524757
1.0,0.7268308
1.0,0.71013737
0.0,0.003752321
1.0,0.9938861
0.0,0.22949731
0.0,0.031908035
1.0,0.96510816
0.0,0.22375453
0.0,0.007656187
0.0,0.24381393
0.0,0.009857982
0.0,0.15055972
0.0,0.8487394
0.0,0.023319542
1.0,0.88366735
0.0,0.0006901026
0.0,0.0072211325
0.0,0.0045321584
1.0,0.9328985
1.0,0.95217466
0.0,0.79587364
1.0,0.7604876
0.0,0.020653486
1.0,0.12983361
0.0,0.008882552
0.0,0.0077384114
1.0,0.031647623
0.0,0.00063985586
0.0,0.0049285293
1.0,0.44055334
0.0,0.03492126
1.0,0.01706034
0.0,0.43582082
0.0,0.007540375
1.0,0.9223938
0.0,0.0074027777
0.0,0.5153974
0.0,0.7693639
0.0,0.0054375827
0.0,0.0006569326
1.0,0.90357697
0.0,0.0021704733
0.0,0.041923374
0.0,0.014647812
1.0,0.61532176
0.0,0.94656885
0.0,0.03252414
1.0,0.83525336
0.0,0.0049913824
0.0,0.0018875599
0.0,0.02520749
0.0,0.097824514
1.0,0.38590515
0.0,0.012843549
0.0,0.0012623072
0.0,0.004525423
0.0,0.0020687878
0.0,0.68307567
1.0,0.9712716
1.0,0.7962694
0.0,0.0074011683
1.0,0.9289123
0.0,0.020904452
0.0,0.0076041818
0.0,0.024622887
0.0,0.09976637
1.0,0.9522533
0.0,0.017110914
0.0,0.008244127
0.0,0.09568241
0.0,0.11904457
0.0,0.14442545
0.0,0.0057599247
0.0,0.00095036626
0.0,0.002906531
0.0,0.0025037825
0.0,0.9587077
1.0,0.5415705
0.0,0.02098465
0.0,0.010431528
0.0,0.009447306
1.0,0.9945363
0.0,0.06540203
1.0,0.901312
0.0,0.15762842
0.0,0.026717186
0.0,0.09002218
1.0,0.9720159
1.0,0.99273086
1.0,0.9442388
1.0,0.49906608
0.0,0.28236464
0.0,0.0026351511
1.0,0.98751235
1.0,0.9494294
0.0,0.009978563
0.0,0.055000365
0.0,0.8236444
1.0,0.9781114
0.0,0.0137146115
0.0,0.0022001266
0.0,0.026577055
0.0,0.020219743
1.0,0.5547963
1.0,0.95888793
0.0,0.000736624
1.0,0.5705819
0.0,0.024131417
0.0,0.01663968
0.0,0.0026542246
0.0,0.012281716
0.0,0.008559763
1.0,0.92066026
0.0,0.0007469654
0.0,0.031395376
0.0,0.806191
0.0,0.054121763
0.0,0.78440416
1.0,0.98122627
0.0,0.021241367
0.0,0.024068505
1.0,0.9179769
0.0,0.41027632
0.0,0.0051550567
1.0,0.95287263
1.0,0.7461411
0.0,0.079631954
1.0,0.9028187
0.0,0.18819612
1.0,0.7897042
1.0,0.9953452
0.0,0.092152566
1.0,0.9557432
0.0,0.021001756
0.0,0.025967777
0.0,0.3605482
0.0,0.45324892
0.0,0.0207493
0.0,0.0033820271
0.0,0.5048963
1.0,0.9580133
0.0,0.10816693
0.0,0.026372433
0.0,0.44496626
0.0,0.21182534
1.0,0.94863415
0.0,0.01011765
0.0,0.57901716
0.0,0.010703176
0.0,0.0056656003
0.0,0.004874885
0.0,0.95603245
1.0,0.060671955
0.0,0.09080613
1.0,0.8433229
0.0,0.0031986535
1.0,0.14270371
0.0,0.056196183
0.0,0.060993284
0.0,0.026374936
0.0,0.81158286
0.0,0.4710539
0.0,0.05285141
0.0,0.1093809
0.0,0.005228013
0.0,0.4349197
0.0,0.92826223
1.0,0.97320473
0.0,0.49806294
0.0,0.008661777
1.0,0.98740757
0.0,0.0049374998
0.0,0.00330472
0.0,0.0012208223
1.0,0.7948396
1.0,0.609565
1.0,0.74044603
1.0,0.9710176
0.0,0.1176227
1.0,0.9111763
0.0,0.14159897
1.0,0.47678375
0.0,0.16504565
0.0,0.95356464
0.0,0.19551268
0.0,0.0042932034
0.0,0.03986004
1.0,0.95539606
1.0,0.19954443
0.0,0.9891078
1.0,0.72633237
0.0,0.00518021
1.0,0.9579589
0.0,0.011280477
0.0,0.009658873
0.0,0.9445087
0.0,0.5022879
0.0,0.05483246
0.0,0.0023201108
1.0,0.9949023
0.0,0.00076028705
1.0,0.9891361
1.0,0.8651217
1.0,0.9695407
0.0,0.0032181144
0.0,0.9793192
0.0,0.005720824
0.0,0.10458687
0.0,0.22192049
1.0,0.26748386
0.0,0.19417423
0.0,0.077124625
0.0,0.10077268
0.0,0.008320719
0.0,0.0024709404
0.0,0.12895569
0.0,0.8670228
0.0,0.0071095824
0.0,0.86315453
1.0,0.9814215
0.0,0.5018518
0.0,0.016638428
0.0,0.0037437081
0.0,0.0025288165
1.0,0.88862103
0.0,0.62026066
1.0,0.9817101
0.0,0.52281475
1.0,0.9949479
1.0,0.9595946
0.0,0.0035880208
0.0,0.050833642
0.0,0.02361232
0.0,0.12244505
0.0,0.038610995
0.0,0.6550131
1.0,0.962623
0.0,0.007784754
1.0,0.5932473
0.0,0.5272482
0.0,0.004574448
0.0,0.014734387
1.0,0.9582647
0.0,0.0062553883
1.0,0.9916671
0.0,0.0021341443
0.0,0.02892828
0.0,0.71874624
0.0,0.6102273
0.0,0.17536184
0.0,0.01846531
1.0,0.7310632
1.0,0.87334996
0.0,0.10622537
0.0,0.026883543
0.0,0.015793592
1.0,0.9601931
0.0,0.030879676
1.0,0.374389
0.0,0.038030773
1.0,0.9035392
1.0,0.90808463
0.0,0.020334661
0.0,0.023414046
0.0,0.0034383833
1.0,0.9245299
0.0,0.24820855
0.0,0.85588014
1.0,0.9671726
1.0,0.3724447
0.0,0.74680096
0.0,0.024251431
1.0,0.96786344
0.0,0.012481213
0.0,0.0070442855
0.0,0.003956288
1.0,0.61435914
0.0,0.050254554
0.0,0.025820613
1.0,0.9397954
1.0,0.834846
0.0,0.55311537
0.0,0.0065832734
0.0,0.00796175
1.0,0.95398796
1.0,0.9723387
1.0,0.7018776
0.0,0.061685085
0.0,0.0030364096
0.0,0.01134184
0.0,0.0009917319
1.0,0.87858605
0.0,0.0015076399
0.0,0.63424957
0.0,0.13330784
0.0,0.4606456
0.0,0.18634722
0.0,0.0061542094
0.0,0.18882477
0.0,0.022039443
0.0,0.004968703
1.0,0.23791844
1.0,0.90953094
0.0,0.79294825
0.0,0.14608833
1.0,0.02206394
0.0,0.002778083
1.0,0.92065036
0.0,0.020175755
0.0,0.017542213
1.0,0.9474555
1.0,0.9763928
0.0,0.39693877
0.0,0.041259855
1.0,0.40962356
0.0,0.16389629
0.0,0.16193736
0.0,0.9876039
0.0,0.019681066
1.0,0.9003206
1.0,0.22071636
0.0,0.3113382
0.0,0.0010249615
0.0,0.043886155
1.0,0.9067906
0.0,0.005219221
1.0,0.32799694
0.0,0.04440108
1.0,0.83090377
1.0,0.6500343
0.0,0.6693394
1.0,0.26758263
0.0,0.7148533
0.0,0.004575461
1.0,0.97798824
1.0,0.16090852
0.0,0.025143951
0.0,0.27259928
0.0,0.79568994
0.0,0.8979093
1.0,0.95623815
0.0,0.07030383
0.0,0.38003042
0.0,0.0034272075
1.0,0.9680866
0.0,0.029444128
0.0,0.86237454
1.0,0.95496464
0.0,0.0014075041
0.0,0.90630674
0.0,0.045468926
1.0,0.28059143
0.0,0.15251544
1.0,0.97479284
0.0,0.009712011
1.0,0.04182002
1.0,0.5543376
1.0,0.9665712
1.0,0.8979167
0.0,0.002514273
1.0,0.384938
0.0,0.013379812
1.0,0.98169816
1.0,0.8488404
0.0,0.33085638
1.0,0.878107
0.0,0.0014139116
1.0,0.6725653
1.0,0.46924776
0.0,0.04376492
0.0,0.9618538
1.0,0.9942875
1.0,0.14381662
0.0,0.14659595
0.0,0.34640905
0.0,0.0006259382
0.0,0.0063123703
0.0,0.6353086
1.0,0.93242955
1.0,0.9355181
1.0,0.47681317
1.0,0.78150034
1.0,0.9923116
1.0,0.9794134
0.0,0.4365836
1.0,0.9411031
0.0,0.0037688613
0.0,0.018597454
0.0,0.09177989
1.0,0.02255547
1.0,0.7518407
0.0,0.027415395
0.0,0.022699416
0.0,0.9002466
1.0,0.8954867
1.0,0.07801747
1.0,0.8863451
0.0,0.0038811862
0.0,0.96967065
0.0,0.093566984
0.0,0.12214467
0.0,0.0146564245
0.0,0.013530761
1.0,0.9699378
1.0,0.9234822
0.0,0.03299442
0.0,0.028774321
0.0,0.8069252
0.0,0.6830814
0.0,0.7143532
0.0,0.32675225
0.0,0.8314767
1.0,0.73340076
0.0,0.20166013
1.0,0.95739734
0.0,0.003472507
0.0,0.86752903
0.0,0.06756234
0.0,0.71654314
1.0,0.9633108
1.0,0.8246503
1.0,0.63849
1.0,0.7763068
0.0,0.0014977157
0.0,0.82307947
1.0,0.6254132
1.0,0.90232974
0.0,0.23533556
0.0,0.009038597
0.0,0.026286602
1.0,0.7750529
0.0,0.0077637434
1.0,0.03876522
0.0,0.016239703
0.0,0.050438315
0.0,0.01702118
0.0,0.0147848725
0.0,0.095281094
0.0,0.015936881
0.0,0.17882705
1.0,0.97769463
0.0,0.00231722
0.0,0.603587
0.0,0.012767315
1.0,0.26951855
0.0,0.021630079
1.0,0.98394763
0.0,0.0052365363
0.0,0.0081136525
0.0,0.004348457
0.0,0.078945875
0.0,0.012178242
0.0,0.009350061
1.0,0.9536381
0.0,0.08755678
1.0,0.8582691
1.0,0.9598032
0.0,0.01650542
0.0,0.026408792
1.0,0.9355202
1.0,0.99410856
0.0,0.39017177
0.0,0.42705646
0.0,0.091121584
0.0,0.059360176
0.0,0.00835672
1.0,0.39690933
0.0,0.022749513
1.0,0.6731373
1.0,0.46796128
0.0,0.9701164
0.0,0.07460567
0.0,0.008833379
0.0,0.007841766
0.0,0.89597094
0.0,0.0053992867
0.0,0.0052550435
0.0,0.78355926
1.0,0.6825496
1.0,0.7977378
0.0,0.027897954
0.0,0.019399732
0.0,0.1271733
1.0,0.93295795
0.0,0.0018624663
0.0,0.015782773
1.0,0.6753334
1.0,0.96238124
0.0,0.17156556
0.0,0.048663646
0.0,0.010059565
1.0,0.9651613
0.0,0.017868906
1.0,0.9608878
1.0,0.78376156
0.0,0.0055400133
0.0,0.032700926
0.0,0.022058278
1.0,0.6928627
0.0,0.035936475
1.0,0.7837212
0.0,0.0027557015
1.0,0.78635347
0.0,0.034596622
0.0,0.029041886
0.0,0.0017718971
1.0,0.99117464
0.0,0.80065596
1.0,0.98423505
1.0,0.954932
0.0,0.0033367574
1.0,0.30264324
0.0,0.056803137
1.0,0.32058167
0.0,0.0023917556
1.0,0.94296277
0.0,0.0013152957
1.0,0.8134584
1.0,0.9690254
1.0,0.9807205
0.0,0.0073939264
1.0,0.9495631
1.0,0.43617174
0.0,0.013337791
1.0,0.95877653
1.0,0.43273318
1.0,0.054164592
0.0,0.11813754
0.0,0.008094584
0.0,0.9684266
0.0,0.07675832
