0.0,0.22263858
0.0,0.77889675
1.0,0.30480874
0.0,0.07178655
1.0,0.4714873
0.0,0.029779881
1.0,0.95190066
1.0,0.7484111
1.0,0.58812994
0.0,0.003387928
0.0,0.20318604
1.0,0.932125
0.0,0.008789241
0.0,0.16914463
0.0,0.040876955
0.0,0.0036832988
1.0,0.23050055
0.0,0.030392796
0.0,0.0089714825
1.0,0.563
1.0,0.68228793
0.0,0.004331082
1.0,0.94001853
0.0,0.042220473
0.0,0.0064540505
1.0,0.7557024
0.0,0.05477518
1.0,0.8533275
0.0,0.027569145
1.0,0.9042949
0.0,0.013302386
0.0,0.23970139
1.0,0.9456829
1.0,0.98378724
1.0,0.8921528
1.0,0.9649112
1.0,0.46127334
0.0,0.027667284
1.0,0.9420742
1.0,0.03853315
1.0,0.9476249
1.0,0.97174186
0.0,0.012656689
1.0,0.9692981
1.0,0.87200344
0.0,0.035571218
0.0,0.0026972294
0.0,0.0773648
0.0,0.017576575
1.0,0.98952436
0.0,0.28128552
1.0,0.7988678
1.0,0.9779101
1.0,0.71600205
0.0,0.015069753
0.0,0.006127566
0.0,0.04836911
1.0,0.036987662
1.0,0.83234894
1.0,0.15358767
1.0,0.9815756
0.0,0.28347117
1.0,0.9751878
1.0,0.8717276
1.0,0.9654188
0.0,0.22340178
0.0,0.06809935
1.0,0.9664474
0.0,0.011062443
1.0,0.9239016
0.0,0.35521248
1.0,0.92925274
0.0,0.0022508502
0.0,0.06720087
1.0,0.46942088
0.0,0.06387603
0.0,0.008548647
0.0,0.26844558
0.0,0.008589387
1.0,0.9458369
0.0,0.023017287
1.0,0.97797185
1.0,0.9631014
1.0,0.99515545
1.0,0.9763806
1.0,0.85218567
1.0,0.9774734
0.0,0.12711307
0.0,0.031053096
1.0,0.67139447
0.0,0.0055375993
1.0,0.13935211
0.0,0.01360631
0.0,0.7260304
0.0,0.27521297
1.0,0.9591572
0.0,0.02644229
0.0,0.03708437
1.0,0.4717926
1.0,0.9815166
0.0,0.009355694
0.0,0.040546358
1.0,0.02714786
0.0,0.13324839
0.0,0.083738744
1.0,0.8712332
1.0,0.02456069
0.0,0.024467379
1.0,0.0111022
1.0,0.9780422
1.0,0.94068485
0.0,0.05461186
1.0,0.027172059
0.0,0.040570527
0.0,0.03465396
1.0,0.5435081
0.0,0.0275518
1.0,0.37128484
1.0,0.55835587
1.0,0.9707743
0.0,0.28015965
1.0,0.9815751
0.0,0.94065297
0.0,0.016998857
0.0,0.25722063
1.0,0.50960857
0.0,0.008718729
0.0,0.06996775
1.0,0.9406965
1.0,0.81947887
1.0,0.96503705
0.0,0.028023094
0.0,0.019460768
1.0,0.27459705
1.0,0.976019
0.0,0.7313606
0.0,0.013729215
0.0,0.012554079
0.0,0.04179433
0.0,0.017337412
1.0,0.69511175
0.0,0.09972757
1.0,0.11612609
0.0,0.01453343
0.0,0.006822586
0.0,0.0017897487
1.0,0.21942893
0.0,0.0074647665
0.0,0.012108386
0.0,0.034264237
0.0,0.08908567
0.0,0.0053055584
0.0,0.009875804
0.0,0.87036765
0.0,0.21551153
1.0,0.9558718
0.0,0.004189402
0.0,0.0064406395
1.0,0.9883802
0.0,0.01379326
0.0,0.18403727
0.0,0.045021325
0.0,0.017803103
0.0,0.13466522
1.0,0.99048847
0.0,0.09489614
1.0,0.88900703
0.0,0.029316545
0.0,0.0070689917
1.0,0.73239005
0.0,0.9449972
0.0,0.95434874
0.0,0.94696414
0.0,0.0020870268
1.0,0.7938338
1.0,0.8836558
0.0,0.049327374
1.0,0.68243504
0.0,0.37311482
1.0,0.94919276
1.0,0.8050786
1.0,0.96599555
1.0,0.96878874
1.0,0.97025293
0.0,0.86623037
0.0,0.0022286177
0.0,0.009029925
0.0,0.9740386
0.0,0.09202582
0.0,0.029572368
1.0,0.180852
0.0,0.001662463
0.0,0.8232157
1.0,0.9627313
1.0,0.79871225
1.0,0.9840932
0.0,0.005619526
0.0,0.031097531
0.0,0.0055134892
1.0,0.053364664
0.0,0.30141112
0.0,0.15567192
0.0,0.59957445
0.0,0.40888995
0.0,0.12842476
1.0,0.04683456
0.0,0.03410256
1.0,0.22536683
0.0,0.0028594732
0.0,0.033576638
0.0,0.0048321486
1.0,0.9516331
0.0,0.039580077
0.0,0.07584584
0.0,0.030489773
0.0,0.007445246
0.0,0.8857407
0.0,0.20591938
1.0,0.9792238
0.0,0.010368943
0.0,0.011499971
1.0,0.3922166
1.0,0.9743737
0.0,0.24033472
0.0,0.017910004
0.0,0.0027642548
0.0,0.076972574
0.0,0.024081975
0.0,0.13663766
1.0,0.96055186
0.0,0.0565432
1.0,0.30155808
0.0,0.0076397955
1.0,0.26354787
1.0,0.48818803
0.0,0.035717875
0.0,0.05566907
0.0,0.03138894
1.0,0.85222197
1.0,0.7615272
1.0,0.9719819
1.0,0.7329212
0.0,0.018010497
0.0,0.8440953
1.0,0.97989666
0.0,0.50035787
0.0,0.0058401525
0.0,0.011830926
0.0,0.07566404
0.0,0.077109516
0.0,0.019501626
0.0,0.099650174
1.0,0.524731
0.0,0.024459124
0.0,0.06829518
0.0,0.07042718
1.0,0.8924625
1.0,0.9620422
0.0,0.020857751
0.0,0.20101458
0.0,0.02861622
1.0,0.9805503
0.0,0.026602775
0.0,0.0022962987
0.0,0.033648312
0.0,0.018793136
1.0,0.98143464
1.0,0.8934103
1.0,0.975955
0.0,0.017872632
1.0,0.92267984
0.0,0.018191457
0.0,0.04530251
0.0,0.57981896
1.0,0.95906234
1.0,0.46977368
0.0,0.005086869
0.0,0.033946216
1.0,0.86986095
1.0,0.32705393
0.0,0.024303764
1.0,0.09281203
1.0,0.97543067
0.0,0.69676435
0.0,0.13549453
0.0,0.048569232
0.0,0.025307804
0.0,0.43536788
0.0,0.030870974
1.0,0.98539925
0.0,0.017771333
0.0,0.020081699
1.0,0.9922091
0.0,0.012847394
1.0,0.95837
1.0,0.036952972
1.0,0.914802
1.0,0.86376494
1.0,0.9529028
0.0,0.037272334
1.0,0.9315725
0.0,0.79974747
1.0,0.9894887
0.0,0.5042265
0.0,0.23318714
0.0,0.02733168
0.0,0.042098165
0.0,0.26069212
1.0,0.98260224
0.0,0.9502449
1.0,0.7742534
0.0,0.89436555
1.0,0.7598602
1.0,0.97822034
0.0,0.016468316
0.0,0.007537842
0.0,0.01707539
1.0,0.9469117
1.0,0.2533787
0.0,0.0030837953
0.0,0.0018026233
0.0,0.00793004
0.0,0.03134358
1.0,0.9357859
1.0,0.73946875
0.0,0.02473545
0.0,0.07050523
1.0,0.79586506
1.0,0.97397673
1.0,0.3907423
0.0,0.041622162
0.0,0.82514817
0.0,0.0045379996
0.0,0.69655406
1.0,0.9765639
1.0,0.83148754
0.0,0.039030463
0.0,0.033349812
0.0,0.0061396062
0.0,0.60062045
0.0,0.004460573
0.0,0.2846036
1.0,0.38435113
0.0,0.14488718
0.0,0.029293507
0.0,0.05438146
0.0,0.5042148
0.0,0.8203894
0.0,0.026171535
0.0,0.004803419
1.0,0.45040023
0.0,0.033018887
1.0,0.73604655
0.0,0.002577126
0.0,0.17562404
0.0,0.181606
0.0,0.002501905
0.0,0.9640446
1.0,0.60112
1.0,0.9158161
0.0,0.6441628
1.0,0.8966544
0.0,0.01063484
0.0,0.4052034
0.0,0.41438693
0.0,0.45205534
0.0,0.01458773
0.0,0.0021897256
1.0,0.2873128
0.0,0.015218586
1.0,0.9767586
0.0,0.11176196
1.0,0.38395548
0.0,0.10364035
1.0,0.040802985
1.0,0.93689466
1.0,0.952401
0.0,0.0034620464
0.0,0.022222519
1.0,0.962784
0.0,0.03065759
0.0,0.017478228
1.0,0.015067339
1.0,0.97678566
0.0,0.27588743
1.0,0.95676434
1.0,0.9790597
0.0,0.7292793
0.0,0.03100574
0.0,0.32091337
0.0,0.030841708
0.0,0.014138401
0.0,0.039338797
1.0,0.97356284
0.0,0.15510157
1.0,0.88063544
1.0,0.24068281
0.0,0.010870278
0.0,0.052696705
0.0,0.83983314
1.0,0.97621167
1.0,0.9582318
1.0,0.43311128
0.0,0.23107743
1.0,0.97108614
1.0,0.8859261
0.0,0.002621293
0.0,0.20766422
0.0,0.89320606
0.0,0.84537077
1.0,0.96280503
0.0,0.028166026
1.0,0.44173777
0.0,0.8568119
0.0,0.061252058
0.0,0.03861478
0.0,0.013988942
0.0,0.014411479
0.0,0.018889308
0.0,0.032542557
0.0,0.011217058
0.0,0.022477418
0.0,0.34871528
0.0,0.11805493
0.0,0.014284879
0.0,0.28969693
0.0,0.023833096
1.0,0.67158985
0.0,0.23243132
1.0,0.94799465
0.0,0.018685937
0.0,0.0085840225
0.0,0.0055684745
0.0,0.8726707
0.0,0.58839226
0.0,0.086541265
0.0,0.052134722
0.0,0.0014614165
0.0,0.021171987
0.0,0.02360177
0.0,0.6024366
1.0,0.9274452
0.0,0.020388335
0.0,0.010893524
0.0,0.5674008
0.0,0.043495983
1.0,0.551564
0.0,0.80922306
1.0,0.3908828
0.0,0.005671501
0.0,0.19600806
1.0,0.96738863
0.0,0.86541295
1.0,0.81024474
1.0,0.956287
1.0,0.9263133
1.0,0.95999914
0.0,0.0053258836
1.0,0.74000096
0.0,0.006884545
0.0,0.014618844
0.0,0.10849199
1.0,0.98915887
0.0,0.007043034
0.0,0.028923988
1.0,0.4415531
1.0,0.9937439
0.0,0.0746564
0.0,0.004158497
1.0,0.7388085
0.0,0.03997156
1.0,0.73448575
0.0,0.38395274
0.0,0.21744734
1.0,0.8759962
0.0,0.7956917
0.0,0.0038166642
1.0,0.060945988
0.0,0.016665012
1.0,0.98701715
0.0,0.003776431
1.0,0.41640547
1.0,0.71462834
1.0,0.8167248
1.0,0.97005856
0.0,0.13624936
0.0,0.035191923
1.0,0.82111895
0.0,0.016202748
0.0,0.31734127
1.0,0.83098376
1.0,0.8690095
1.0,0.95360214
0.0,0.00654757
1.0,0.95079225
1.0,0.87111604
0.0,0.13233256
1.0,0.96663505
0.0,0.49275333
1.0,0.85691535
1.0,0.92773664
0.0,0.79525113
0.0,0.5690196
1.0,0.4193284
0.0,0.41233248
1.0,0.9592319
0.0,0.93357563
0.0,0.029153436
0.0,0.86783946
1.0,0.9894718
0.0,0.0019679964
0.0,0.0044518113
0.0,0.7745408
1.0,0.34742323
0.0,0.024529517
0.0,0.004606247
0.0,0.037047267
0.0,0.82670605
1.0,0.56493217
1.0,0.91830903
0.0,0.068730086
0.0,0.6100529
0.0,0.08201814
0.0,0.06429592
0.0,0.019667953
1.0,0.9344448
0.0,0.037686646
1.0,0.95406497
0.0,0.8018799
0.0,0.19114566
1.0,0.77788496
0.0,0.015517622
0.0,0.039422035
0.0,0.020602286
0.0,0.0044213235
0.0,0.083491236
0.0,0.0021677911
0.0,0.016006887
0.0,0.03095764
1.0,0.8926054
1.0,0.9789237
0.0,0.0023286045
0.0,0.028732598
1.0,0.96509063
0.0,0.011816382
1.0,0.90991384
0.0,0.23811132
0.0,0.0014089942
1.0,0.8815708
0.0,0.13976336
1.0,0.5637818
0.0,0.2644596
1.0,0.29032764
0.0,0.015773594
0.0,0.030705094
0.0,0.7143839
1.0,0.9791642
0.0,0.0029174984
0.0,0.05090943
0.0,0.014054179
0.0,0.9495685
1.0,0.39797008
0.0,0.012460709
0.0,0.007271886
1.0,0.95232016
1.0,0.02639103
0.0,0.11378178
1.0,0.78755504
0.0,0.031874835
0.0,0.17305273
1.0,0.94801503
1.0,0.9915972
0.0,0.44974288
1.0,0.9637859
1.0,0.9675957
0.0,0.01919344
0.0,0.028588474
0.0,0.04945007
1.0,0.05014199
0.0,0.0018973947
0.0,0.025140971
0.0,0.00455001
1.0,0.99186486
1.0,0.46350566
0.0,0.0047925413
1.0,0.55317
1.0,0.051018238
0.0,0.4367789
1.0,0.9294295
0.0,0.041383594
1.0,0.9451189
0.0,0.06651184
1.0,0.92156315
0.0,0.016892016
0.0,0.011704773
1.0,0.73540753
0.0,0.006373644
1.0,0.87689185
0.0,0.036681175
0.0,0.012863934
0.0,0.013314813
1.0,0.77600414
0.0,0.2627972
1.0,0.63017625
0.0,0.002877146
1.0,0.49362952
1.0,0.40361783
0.0,0.0034736097
1.0,0.98130095
1.0,0.9572916
1.0,0.19054815
1.0,0.8887205
0.0,0.01908341
0.0,0.010491669
0.0,0.81687236
1.0,0.93211526
1.0,0.618367
0.0,0.01418829
0.0,0.03231573
0.0,0.107777596
1.0,0.8917908
0.0,0.28776002
1.0,0.0057153404
1.0,0.95531213
0.0,0.019120783
0.0,0.048149824
1.0,0.97633374
0.0,0.7934988
1.0,0.9752976
0.0,0.73446447
0.0,0.024804741
0.0,0.013237447
1.0,0.053840697
0.0,0.027892798
1.0,0.9757099
0.0,0.0154954195
1.0,0.5790552
0.0,0.53868306
0.0,0.07625416
1.0,0.051099837
1.0,0.3028968
1.0,0.6762708
1.0,0.93964326
0.0,0.04234588
0.0,0.03703177
0.0,0.41273528
0.0,0.0016979575
1.0,0.9445414
1.0,0.79259443
0.0,0.0025773048
0.0,0.012627542
0.0,0.0026432574
1.0,0.7660234
0.0,0.020475447
0.0,0.022404522
0.0,0.046689272
0.0,0.18380183
0.0,0.022583008
0.0,0.19150493
1.0,0.87980604
0.0,0.9233423
1.0,0.3425601
0.0,0.03782937
0.0,0.24998796
1.0,0.7159089
1.0,0.8664943
1.0,0.95409584
0.0,0.02549988
0.0,0.20134553
1.0,0.1710796
0.0,0.00381276
0.0,0.040696204
0.0,0.18904093
1.0,0.8762349
0.0,0.03524819
0.0,0.04031238
1.0,0.97428185
0.0,0.1188207
1.0,0.9929631
1.0,0.9242563
1.0,0.9747497
0.0,0.009132773
1.0,0.96255624
1.0,0.7440349
0.0,0.033854425
1.0,0.27904305
0.0,0.017952055
0.0,0.15090337
0.0,0.0660128
0.0,0.0030781925
1.0,0.87749565
1.0,0.3684096
1.0,0.9910078
1.0,0.9653959
1.0,0.98052454
0.0,0.3349977
0.0,0.97490835
1.0,0.9697255
0.0,0.01767847
1.0,0.7225273
1.0,0.98572004
0.0,0.040327877
1.0,0.11362183
1.0,0.42770076
0.0,0.016184628
0.0,0.03072384
0.0,0.0070875883
0.0,0.025515467
1.0,0.5420218
1.0,0.97351015
0.0,0.0059214234
0.0,0.016384065
1.0,0.044000894
1.0,0.8399441
1.0,0.056346744
0.0,0.032047898
1.0,0.7539102
1.0,0.13751212
0.0,0.020181
0.0,0.23520115
1.0,0.88678634
1.0,0.9776691
0.0,0.4086462
1.0,0.8281597
0.0,0.06172353
0.0,0.73153985
1.0,0.9756124
0.0,0.60016495
1.0,0.96753716
0.0,0.831324
0.0,0.2026281
0.0,0.07025039
1.0,0.9579755
1.0,0.3610429
0.0,0.012744606
0.0,0.009077013
1.0,0.7729214
0.0,0.021833241
1.0,0.97581565
1.0,0.91059434
1.0,0.7953775
0.0,0.054615915
0.0,0.7656633
0.0,0.8388133
0.0,0.010977387
0.0,0.0014892519
1.0,0.989915
0.0,0.28674063
0.0,0.015110165
1.0,0.9706993
0.0,0.02969718
1.0,0.045616746
1.0,0.8536405
0.0,0.014477581
0.0,0.2805342
0.0,0.7632359
0.0,0.007498473
0.0,0.0015362203
0.0,0.008262396
0.0,0.013385922
0.0,0.9178491
1.0,0.60055965
1.0,0.94486994
0.0,0.74136543
0.0,0.5079098
0.0,0.011479199
0.0,0.031517297
0.0,0.012892932
1.0,0.025463045
0.0,0.017411351
0.0,0.0023406744
1.0,0.99130017
1.0,0.6836941
0.0,0.011869013
0.0,0.96973366
0.0,0.001987338
0.0,0.015605062
0.0,0.0025039017
0.0,0.036421597
1.0,0.91231835
1.0,0.82049626
1.0,0.9126621
0.0,0.0026553273
1.0,0.727996
1.0,0.9406425
0.0,0.06640586
0.0,0.0015397072
1.0,0.80286586
1.0,0.18786168
1.0,0.86137813
1.0,0.95475286
1.0,0.7666851
0.0,0.060627043
0.0,0.17554966
1.0,0.32634
0.0,0.0076631606
1.0,0.9448525
0.0,0.009165734
1.0,0.6282577
0.0,0.023871005
0.0,0.22180897
0.0,0.01636818
0.0,0.011247665
0.0,0.26378888
0.0,0.0020664036
0.0,0.0026441813
0.0,0.027137727
0.0,0.666218
0.0,0.0029720366
0.0,0.010277748
1.0,0.9361421
1.0,0.84141874
1.0,0.97451246
0.0,0.96094996
0.0,0.52663326
0.0,0.81638217
0.0,0.027570367
1.0,0.9786603
1.0,0.22130159
1.0,0.91606605
1.0,0.98364544
0.0,0.910822
0.0,0.0113734305
0.0,0.005440533
1.0,0.78578615
0.0,0.013180077
1.0,0.0044670105
1.0,0.97044075
0.0,0.10222942
0.0,0.010195106
0.0,0.008300185
0.0,0.77028716
1.0,0.9186071
1.0,0.95574224
0.0,0.029526055
1.0,0.9297327
1.0,0.7358242
0.0,0.60491264
0.0,0.023064852
1.0,0.41152036
0.0,0.002031982
0.0,0.07066801
0.0,0.004778981
0.0,0.32354003
0.0,0.025399894
1.0,0.5151115
0.0,0.046402305
0.0,0.59257746
1.0,0.98057044
1.0,0.92470396
0.0,0.46392462
0.0,0.55213904
1.0,0.7866806
0.0,0.10100275
0.0,0.0010755062
1.0,0.5467246
0.0,0.05485016
0.0,0.019403249
0.0,0.024044007
1.0,0.9641423
0.0,0.17578706
1.0,0.86433053
1.0,0.9594712
1.0,0.99296707
0.0,0.012910664
1.0,0.8452289
0.0,0.036009222
1.0,0.9450579
0.0,0.075828105
1.0,0.96002936
0.0,0.023586154
0.0,0.021611452
1.0,0.97563183
0.0,0.009908885
0.0,0.007635802
1.0,0.6330575
1.0,0.88709486
1.0,0.056284845
1.0,0.70203274
1.0,0.6635311
1.0,0.9708371
1.0,0.8344486
0.0,0.014507532
1.0,0.07424432
1.0,0.9858652
0.0,0.07415679
0.0,0.00569427
0.0,0.002088368
1.0,0.58871055
0.0,0.016070902
0.0,0.059908986
0.0,0.2538402
1.0,0.96034837
0.0,0.0067235827
0.0,0.079215676
1.0,0.54559654
1.0,0.94868314
1.0,0.854041
1.0,0.103886366
0.0,0.97599274
0.0,0.0628739
0.0,0.055470943
0.0,0.031067133
0.0,0.002917111
0.0,0.049839795
0.0,0.02556312
1.0,0.032830864
1.0,0.948482
0.0,0.032244593
1.0,0.8790547
0.0,0.009391636
0.0,0.0021359324
1.0,0.9789315
0.0,0.013786823
0.0,0.8981594
0.0,0.009150535
0.0,0.17554584
0.0,0.024500757
0.0,0.010992318
0.0,0.94738925
1.0,0.7807811
0.0,0.07199246
0.0,0.22072342
1.0,0.9120581
0.0,0.005558938
1.0,0.82837915
0.0,0.030411482
0.0,0.0030397177
0.0,0.016333818
0.0,0.2825321
0.0,0.0020012558
0.0,0.006850302
0.0,0.02371478
0.0,0.028529227
0.0,0.75186217
1.0,0.703646
0.0,0.06126657
1.0,0.8071028
0.0,0.57707024
1.0,0.047499686
0.0,0.07338822
0.0,0.0039285123
0.0,0.075713575
1.0,0.959442
1.0,0.030318946
1.0,0.26405734
0.0,0.021615386
0.0,0.5796865
1.0,0.77089274
0.0,0.013998538
0.0,0.03766355
1.0,0.30956423
0.0,0.0072127283
1.0,0.9487854
1.0,0.22058848
0.0,0.008828163
1.0,0.57224375
0.0,0.11279273
1.0,0.22863874
0.0,0.28421366
1.0,0.9905363
0.0,0.0011945963
0.0,0.969968
0.0,0.03633821
0.0,0.03833005
0.0,0.004309565
0.0,0.041930497
0.0,0.020722717
1.0,0.9513794
0.0,0.005679548
0.0,0.0020548403
0.0,0.0013932884
0.0,0.1441508
0.0,0.12893128
1.0,0.14136383
0.0,0.4712313
0.0,0.11255026
1.0,0.55975974
0.0,0.4708281
1.0,0.96137697
0.0,0.78264797
1.0,0.9128674
1.0,0.935792
0.0,0.0059662163
1.0,0.9943316
0.0,0.5122819
0.0,0.017882109
0.0,0.020334423
0.0,0.0722684
1.0,0.080079824
1.0,0.9800266
0.0,0.030449063
0.0,0.23017478
1.0,0.9896377
0.0,0.0355497
1.0,0.62792945
1.0,0.020093769
1.0,0.83066285
0.0,0.025228739
1.0,0.65076673
0.0,0.01849854
1.0,0.8757124
1.0,0.12487227
0.0,0.29682156
0.0,0.7756213
0.0,0.034410715
0.0,0.27381998
1.0,0.7744823
1.0,0.94939744
1.0,0.97908497
0.0,0.02189359
0.0,0.0016651154
1.0,0.9581549
0.0,0.93757737
0.0,0.002295673
0.0,0.0156137645
1.0,0.6656742
0.0,0.047267318
0.0,0.014619678
0.0,0.0790011
0.0,0.050893217
1.0,0.8064122
1.0,0.9584387
0.0,0.108148575
0.0,0.034125775
0.0,0.012810737
1.0,0.9810058
0.0,0.023053885
0.0,0.79440963
1.0,0.8774953
0.0,0.007697463
0.0,0.7289342
1.0,0.9658662
0.0,0.044413745
1.0,0.25653225
1.0,0.14755842
0.0,0.029079854
0.0,0.033821136
0.0,0.005644113
0.0,0.010800451
1.0,0.97404015
1.0,0.99538267
1.0,0.9792789
1.0,0.16419032
0.0,0.8740989
0.0,0.050447047
1.0,0.76066005
1.0,0.98129076
0.0,0.055551827
0.0,0.03694573
1.0,0.40001082
0.0,0.008916616
1.0,0.80947375
0.0,0.008639634
0.0,0.20231473
1.0,0.97033393
0.0,0.032119036
0.0,0.0022293031
0.0,0.036034346
0.0,0.03995928
0.0,0.29930973
1.0,0.073443174
0.0,0.029418886
1.0,0.97529197
0.0,0.094262004
1.0,0.96064913
0.0,0.189181
1.0,0.72272384
1.0,0.97269976
1.0,0.98985326
0.0,0.93470675
0.0,0.0026114285
1.0,0.28600135
0.0,0.06764823
0.0,0.031687886
1.0,0.8670466
1.0,0.28619283
0.0,0.14765072
1.0,0.93713677
1.0,0.9755268
0.0,0.8801638
0.0,0.012758881
0.0,0.8051965
0.0,0.009200543
0.0,0.0022803247
0.0,0.90586233
1.0,0.97160494
1.0,0.97742325
1.0,0.93901396
0.0,0.0025081933
0.0,0.011217922
0.0,0.008528352
0.0,0.024044603
0.0,0.02257824
0.0,0.052285135
1.0,0.8891636
1.0,0.94661117
1.0,0.68652666
0.0,0.09830621
0.0,0.017481416
1.0,0.88702446
0.0,0.13150838
0.0,0.49677143
1.0,0.8486119
0.0,0.727761
0.0,0.87162656
1.0,0.7730323
0.0,0.03437236
1.0,0.67178655
1.0,0.9195849
0.0,0.9525157
0.0,0.012045115
1.0,0.9937365
0.0,0.004813254
0.0,0.49277237
1.0,0.8028294
1.0,0.959354
1.0,0.6821846
1.0,0.94703126
0.0,0.96759844
0.0,0.025449485
0.0,0.005421132
1.0,0.8009485
0.0,0.98015374
1.0,0.67035407
0.0,0.78954077
1.0,0.92582476
1.0,0.7417132
0.0,0.05748403
0.0,0.026499242
0.0,0.0054650307
0.0,0.31472406
0.0,0.044792533
0.0,0.009852469
1.0,0.41810757
1.0,0.18528655
0.0,0.8868462
1.0,0.9617213
1.0,0.5646689
0.0,0.0032149255
0.0,0.17462718
1.0,0.89753354
1.0,0.16680887
0.0,0.01607868
0.0,0.10879621
0.0,0.010831803
0.0,0.019732535
1.0,0.6102107
1.0,0.95904183
0.0,0.033019096
0.0,0.0019388199
0.0,0.037314683
0.0,0.14172614
0.0,0.013641894
0.0,0.022845358
0.0,0.92408437
0.0,0.5027498
0.0,0.012437522
0.0,0.034475148
0.0,0.111147374
1.0,0.9797411
1.0,0.8675313
0.0,0.0070901215
0.0,0.019827455
0.0,0.0014225543
0.0,0.0036990345
0.0,0.07619864
0.0,0.32825348
0.0,0.021427214
0.0,0.37084693
1.0,0.9387822
1.0,0.98630476
1.0,0.88244987
1.0,0.8405694
1.0,0.9800457
0.0,0.4904006
0.0,0.032990873
0.0,0.04061079
0.0,0.05108738
1.0,0.81846
0.0,0.018554747
1.0,0.9407264
0.0,0.027206808
0.0,0.5454827
0.0,0.8598467
0.0,0.026832044
0.0,0.04076469
0.0,0.16656816
0.0,0.18074352
0.0,0.011252552
1.0,0.87728155
1.0,0.27663344
0.0,0.117063046
0.0,0.13118726
0.0,0.0095822215
0.0,0.0071810484
1.0,0.9773481
0.0,0.011674404
1.0,0.108810276
0.0,0.030034393
1.0,0.4681143
0.0,0.008803695
0.0,0.11035195
1.0,0.92651343
0.0,0.0012893975
1.0,0.9550955
0.0,0.05548528
0.0,0.45636222
0.0,0.18416935
0.0,0.003704995
0.0,0.004027754
1.0,0.9302052
1.0,0.9861275
0.0,0.44538152
0.0,0.03858325
0.0,0.0134161115
0.0,0.2273446
1.0,0.85288393
0.0,0.71560884
1.0,0.19829562
1.0,0.49456805
0.0,0.78578615
0.0,0.03016597
0.0,0.0560838
0.0,0.018911451
0.0,0.043142676
0.0,0.027328283
0.0,0.037226707
0.0,0.70626307
0.0,0.20236117
1.0,0.9218155
0.0,0.9774378
0.0,0.010253131
1.0,0.9028707
0.0,0.021116555
0.0,0.0377025
0.0,0.0031000376
0.0,0.023570508
1.0,0.0564034
1.0,0.96785486
1.0,0.972047
0.0,0.014365315
0.0,0.005315244
0.0,0.01835367
0.0,0.5013756
0.0,0.47348136
0.0,0.7328931
1.0,0.98741937
1.0,0.9758881
1.0,0.9312732
0.0,0.023285985
1.0,0.9798006
1.0,0.64048064
0.0,0.031072259
1.0,0.9573864
0.0,0.016207546
0.0,0.012776315
0.0,0.77526236
1.0,0.9849653
1.0,0.9613385
1.0,0.7247244
0.0,0.86907226
0.0,0.28043735
0.0,0.013377339
1.0,0.96622235
1.0,0.9733588
1.0,0.95647025
1.0,0.8830903
0.0,0.030225754
0.0,0.019084841
0.0,0.026019454
0.0,0.31832904
1.0,0.96830416
0.0,0.014502078
0.0,0.07216886
0.0,0.100915015
1.0,0.28926918
0.0,0.03357458
0.0,0.24514362
0.0,0.06180489
0.0,0.45696005
0.0,0.019549966
0.0,0.09726727
0.0,0.016585499
0.0,0.21354091
0.0,0.002679795
1.0,0.97884697
1.0,0.1915372
0.0,0.25501722
0.0,0.98223794
0.0,0.068389565
1.0,0.9104004
0.0,0.0063361824
0.0,0.031810373
0.0,0.50048137
0.0,0.0073316395
1.0,0.94148564
0.0,0.012695104
0.0,0.05617577
1.0,0.51163024
1.0,0.9379597
1.0,0.93725026
0.0,0.03357038
0.0,0.100441545
1.0,0.8324554
1.0,0.963236
1.0,0.9767686
0.0,0.85594785
0.0,0.4677168
0.0,0.0017591119
1.0,0.05499202
1.0,0.9786945
0.0,0.014868081
0.0,0.8344094
1.0,0.7638067
1.0,0.96935284
0.0,0.009513795
1.0,0.85911644
1.0,0.4839044
0.0,0.01848352
1.0,0.20161003
0.0,0.037922323
0.0,0.008261561
0.0,0.93628335
0.0,0.023938864
1.0,0.76906264
0.0,0.23465407
1.0,0.8370864
1.0,0.74237204
1.0,0.5905425
0.0,0.0038723648
0.0,0.4913638
1.0,0.49740165
0.0,0.0013907552
1.0,0.7344204
1.0,0.86684334
0.0,0.95366466
0.0,0.034697056
1.0,0.05378598
1.0,0.975003
0.0,0.0030208528
1.0,0.7865075
1.0,0.22098768
1.0,0.8723235
1.0,0.98881036
1.0,0.4930447
1.0,0.9582573
0.0,0.042470515
0.0,0.3065114
0.0,0.034527272
1.0,0.951656
1.0,0.5187596
0.0,0.050876826
0.0,0.03112936
1.0,0.17375708
0.0,0.01084125
1.0,0.9788761
0.0,0.12028527
1.0,0.8724978
1.0,0.9589504
0.0,0.172546
1.0,0.3915617
0.0,0.02619955
1.0,0.98889863
1.0,0.9521143
1.0,0.15626666
0.0,0.026852936
0.0,0.038794756
1.0,0.79535013
0.0,0.08280951
1.0,0.89599043
0.0,0.021352291
0.0,0.90699935
0.0,0.089310676
0.0,0.26378417
0.0,0.0036854148
0.0,0.23050165
0.0,0.17210591
1.0,0.9422585
1.0,0.112100095
0.0,0.01784861
1.0,0.9784041
1.0,0.87145096
0.0,0.8729694
0.0,0.7770314
0.0,0.08816597
0.0,0.06900942
0.0,0.021082163
0.0,0.045235842
1.0,0.3119712
1.0,0.9804802
0.0,0.0065762997
0.0,0.0033373833
0.0,0.7321903
0.0,0.92277724
0.0,0.077407
1.0,0.94161963
0.0,0.122413576
0.0,0.04139018
1.0,0.8792442
1.0,0.95678174
0.0,0.028183252
0.0,0.1726144
0.0,0.0074254274
1.0,0.9207755
1.0,0.88193524
0.0,0.033219516
0.0,0.033085912
0.0,0.0064935386
0.0,0.17218164
0.0,0.005797416
1.0,0.9648305
1.0,0.76408064
1.0,0.17002115
0.0,0.0044379532
1.0,0.21817127
0.0,0.42691517
1.0,0.98889804
1.0,0.4484817
0.0,0.005380839
0.0,0.0025731325
0.0,0.0036383271
0.0,0.8282915
0.0,0.52722263
1.0,0.99325967
0.0,0.7593534
0.0,0.60164
0.0,0.016345471
0.0,0.0017893612
0.0,0.13045415
0.0,0.07948148
0.0,0.06967023
1.0,0.83178544
1.0,0.96718776
0.0,0.0047842264
0.0,0.7698407
0.0,0.6617546
0.0,0.034933895
1.0,0.97914934
0.0,0.02935201
0.0,0.14421183
1.0,0.3418303
0.0,0.90768266
0.0,0.01382494
0.0,0.01055941
0.0,0.0070008337
1.0,0.98478615
1.0,0.91569567
0.0,0.007161051
1.0,0.40625528
1.0,0.964939
1.0,0.95531213
0.0,0.19957456
0.0,0.1658
1.0,0.9669689
1.0,0.9678031
0.0,0.0058784187
1.0,0.9674471
0.0,0.028902203
1.0,0.91557026
1.0,0.9275484
1.0,0.8979626
0.0,0.016763061
1.0,0.7303478
1.0,0.307679
0.0,0.080937624
0.0,0.029229254
0.0,0.97880316
0.0,0.05597961
0.0,0.017302215
0.0,0.003923148
1.0,0.99270564
0.0,0.09714782
0.0,0.060155988
0.0,0.24157351
0.0,0.004090309
0.0,0.057374567
0.0,0.031618923
1.0,0.7919934
0.0,0.01686737
0.0,0.01596111
0.0,0.46198186
1.0,0.8938223
1.0,0.89571106
1.0,0.9296857
1.0,0.9724225
0.0,0.010869145
0.0,0.03395772
0.0,0.0141685605
0.0,0.099995345
0.0,0.7912797
0.0,0.008687198
1.0,0.95665145
0.0,0.71824425
1.0,0.09936315
1.0,0.028994799
1.0,0.77910197
0.0,0.04165083
0.0,0.010240912
0.0,0.0019814372
0.0,0.008087635
1.0,0.43367028
1.0,0.9635109
1.0,0.75915366
1.0,0.8871281
1.0,0.9900653
0.0,0.012156099
0.0,0.032512248
0.0,0.8493408
0.0,0.0070052743
1.0,0.96903706
0.0,0.0043669343
0.0,0.78713846
1.0,0.97674954
1.0,0.7620344
0.0,0.011662215
0.0,0.13857293
0.0,0.2911448
0.0,0.2851032
1.0,0.7746756
0.0,0.98133683
0.0,0.4557464
1.0,0.9909612
0.0,0.082907885
1.0,0.970973
1.0,0.96992934
0.0,0.0025083423
0.0,0.7647363
0.0,0.004955411
0.0,0.017850488
1.0,0.74803895
0.0,0.014476359
0.0,0.07491925
0.0,0.41954187
0.0,0.0035080612
1.0,0.9752712
1.0,0.17121443
1.0,0.8477201
1.0,0.9346794
0.0,0.701707
0.0,0.033403397
1.0,0.8558389
0.0,0.010042489
1.0,0.37380728
0.0,0.021936625
1.0,0.9335511
1.0,0.98233414
0.0,0.49327084
0.0,0.16340098
0.0,0.4284044
0.0,0.023954183
0.0,0.0092562735
0.0,0.022095501
1.0,0.88029885
0.0,0.008116156
0.0,0.1747601
0.0,0.30113152
0.0,0.08709782
0.0,0.01114431
0.0,0.0028336346
0.0,0.62935674
0.0,0.0024055839
0.0,0.0019415617
0.0,0.028171688
0.0,0.09813589
0.0,0.02167195
1.0,0.20137253
0.0,0.08786979
1.0,0.9766035
0.0,0.004088044
0.0,0.002056241
1.0,0.7289039
0.0,0.009258717
1.0,0.9722816
0.0,0.10163525
1.0,0.92520165
0.0,0.72859335
0.0,0.018390626
1.0,0.77447116
1.0,0.2047106
0.0,0.0046137273
0.0,0.061757922
0.0,0.0028208196
0.0,0.0021156669
0.0,0.0043691397
0.0,0.82426023
1.0,0.9355626
1.0,0.76931417
0.0,0.11283639
0.0,0.010357738
1.0,0.6633524
1.0,0.88286865
1.0,0.74950755
0.0,0.0016668439
1.0,0.029478401
0.0,0.31172508
1.0,0.5142469
0.0,0.0015435517
1.0,0.7807747
0.0,0.0040545464
0.0,0.13616115
0.0,0.043063134
0.0,0.90032697
1.0,0.9605881
0.0,0.05435285
0.0,0.101935446
1.0,0.98071456
0.0,0.013325036
0.0,0.87053984
0.0,0.56473863
1.0,0.97792137
0.0,0.636662
0.0,0.03232348
0.0,0.98096895
1.0,0.9565637
0.0,0.0022232234
0.0,0.77322245
0.0,0.04651767
1.0,0.54570055
0.0,0.026342839
1.0,0.97393787
0.0,0.27993262
1.0,0.7571322
1.0,0.99229777
0.0,0.95691407
1.0,0.95411116
1.0,0.9871453
0.0,0.010750532
0.0,0.938196
0.0,0.009940475
1.0,0.9768345
0.0,0.28504616
1.0,0.45989043
1.0,0.5269967
0.0,0.017955959
1.0,0.96114886
0.0,0.19219896
1.0,0.4685439
0.0,0.7344295
1.0,0.25565374
0.0,0.75721025
1.0,0.014036298
0.0,0.5746179
0.0,0.011586219
0.0,0.0072451234
0.0,0.02115938
0.0,0.0139859915
0.0,0.0016062558
0.0,0.0031842291
0.0,0.26009563
0.0,0.05224064
0.0,0.45876685
0.0,0.48478252
0.0,0.023567349
1.0,0.9426527
1.0,0.18691841
0.0,0.5695865
1.0,0.017950118
0.0,0.03287834
0.0,0.22759056
0.0,0.82704794
0.0,0.06940466
0.0,0.03433019
0.0,0.15657526
1.0,0.9274457
0.0,0.0027574003
0.0,0.0068362057
1.0,0.00833264
0.0,0.006714165
1.0,0.92607546
0.0,0.08987138
0.0,0.02677077
1.0,0.82839864
0.0,0.012938023
1.0,0.9316085
0.0,0.0058009923
0.0,0.0021908283
0.0,0.00922668
1.0,0.9698423
0.0,0.020347357
1.0,0.23132399
1.0,0.77587783
0.0,0.98032355
0.0,0.0013774335
1.0,0.018767565
0.0,0.005038291
0.0,0.062678814
0.0,0.8059937
0.0,0.002186656
0.0,0.8468454
0.0,0.949453
1.0,0.546889
0.0,0.018365353
1.0,0.8130088
0.0,0.0030004382
0.0,0.0029524267
0.0,0.004897535
1.0,0.8966254
1.0,0.975708
0.0,0.1849665
0.0,0.36382002
0.0,0.0029910505
0.0,0.09406459
0.0,0.046951294
0.0,0.011095852
0.0,0.0013646185
1.0,0.13373002
1.0,0.9234227
0.0,0.02792862
0.0,0.96959513
1.0,0.18924716
0.0,0.0030267537
1.0,0.9404633
0.0,0.0028371215
0.0,0.0337874
1.0,0.9356403
0.0,0.75695574
1.0,0.4649162
1.0,0.96560955
1.0,0.9767752
0.0,0.3737473
0.0,0.038257927
0.0,0.17457312
1.0,0.9421152
0.0,0.540212
1.0,0.9772437
0.0,0.021056741
0.0,0.013820231
0.0,0.15030152
1.0,0.9154382
0.0,0.00886634
0.0,0.026718497
0.0,0.36338553
1.0,0.055500835
1.0,0.99034274
0.0,0.05308664
0.0,0.017068058
1.0,0.9700049
1.0,0.9821943
1.0,0.8853915
1.0,0.14825228
0.0,0.005929768
1.0,0.89661384
0.0,0.1889123
0.0,0.06271726
0.0,0.00574553
1.0,0.8300123
0.0,0.15878493
0.0,0.06949684
0.0,0.0024610162
1.0,0.81320494
0.0,0.23576656
1.0,0.9669021
1.0,0.9502275
0.0,0.015206307
1.0,0.7747991
0.0,0.034400493
1.0,0.6778454
0.0,0.5328273
0.0,0.013654619
0.0,0.02821666
0.0,0.05462128
1.0,0.9917525
0.0,0.036915153
0.0,0.2873522
0.0,0.55004454
1.0,0.99526745
1.0,0.9174332
0.0,0.031374812
1.0,0.94538045
1.0,0.9818167
1.0,0.9935053
1.0,0.3651998
0.0,0.12670848
1.0,0.7506698
0.0,0.06403723
0.0,0.5534306
1.0,0.46254715
0.0,0.01822868
0.0,0.014220536
0.0,0.08715767
1.0,0.53983325
0.0,0.4643167
0.0,0.267632
1.0,0.9699657
0.0,0.0126897395
1.0,0.87741816
0.0,0.0149413645
0.0,0.94919217
1.0,0.83778584
1.0,0.945268
0.0,0.006329626
1.0,0.9586272
1.0,0.9769672
0.0,0.7812884
0.0,0.82657635
1.0,0.7552956
0.0,0.03194043
1.0,0.97004163
0.0,0.045382768
0.0,0.049618214
1.0,0.41162026
1.0,0.8708366
0.0,0.03896585
1.0,0.5958565
0.0,0.07802829
0.0,0.057927728
1.0,0.97500336
0.0,0.02087745
0.0,0.042621523
0.0,0.027665854
1.0,0.6556703
0.0,0.013508499
0.0,0.011754632
1.0,0.93731296
1.0,0.96742165
0.0,0.02415672
0.0,0.43986496
0.0,0.004725635
1.0,0.15173247
0.0,0.72775686
0.0,0.003843248
0.0,0.026678562
0.0,0.0072396994
0.0,0.0044637322
1.0,0.23853621
0.0,0.17576653
0.0,0.0014269054
0.0,0.29869515
1.0,0.9479833
1.0,0.9930119
1.0,0.8755808
0.0,0.88294995
0.0,0.015454859
0.0,0.9722503
1.0,0.9802178
0.0,0.02880776
1.0,0.5624527
0.0,0.02015692
1.0,0.97699195
0.0,0.056697667
1.0,0.89381695
0.0,0.8919347
1.0,0.4490538
0.0,0.12920618
0.0,0.12788093
1.0,0.85487854
1.0,0.93550766
1.0,0.97696507
0.0,0.12681106
1.0,0.95795166
1.0,0.55657625
1.0,0.34996623
0.0,0.0017040074
1.0,0.7090715
0.0,0.014421254
0.0,0.94010735
1.0,0.69469315
0.0,0.36816478
0.0,0.013626456
0.0,0.02434218
0.0,0.04462552
0.0,0.5906212
1.0,0.969914
1.0,0.96583784
0.0,0.4175219
0.0,0.6539688
0.0,0.014372468
1.0,0.99061275
0.0,0.80915916
0.0,0.30662647
0.0,0.0054325163
0.0,0.01976189
0.0,0.03015998
0.0,0.9569676
1.0,0.9788203
1.0,0.9811139
1.0,0.096919775
0.0,0.42074138
0.0,0.0068127215
0.0,0.008539289
0.0,0.023458838
0.0,0.03399366
1.0,0.9575483
0.0,0.0271101
0.0,0.1595248
1.0,0.9894259
0.0,0.080201626
1.0,0.0779151
1.0,0.9146841
0.0,0.55478615
0.0,0.00638631
0.0,0.04953772
1.0,0.69134605
0.0,0.08652893
0.0,0.01660031
1.0,0.91001016
1.0,0.50101984
0.0,0.0026455522
0.0,0.08130416
0.0,0.72326005
0.0,0.01381132
0.0,0.35418984
1.0,0.3849389
1.0,0.9111795
0.0,0.0126212835
0.0,0.0017364025
0.0,0.8029495
0.0,0.33776408
1.0,0.95416343
0.0,0.023328304
1.0,0.9797796
0.0,0.038995355
1.0,0.97104335
0.0,0.008648038
1.0,0.95738137
1.0,0.76809996
0.0,0.02890563
0.0,0.18177465
0.0,0.0074596703
0.0,0.05115679
1.0,0.7553053
1.0,0.0030988753
1.0,0.1996015
1.0,0.4175244
1.0,0.75078773
0.0,0.0013528764
1.0,0.42988908
1.0,0.7967427
0.0,0.014782876
0.0,0.032454878
0.0,0.02480793
1.0,0.53551984
1.0,0.9831589
0.0,0.8893517
0.0,0.006635785
1.0,0.8957238
0.0,0.01006785
0.0,0.029778391
1.0,0.9552021
0.0,0.5758452
0.0,0.028144687
1.0,0.15614814
1.0,0.92079914
0.0,0.013739198
0.0,0.014293015
0.0,0.023570329
1.0,0.97868335
1.0,0.96890855
0.0,0.7505882
0.0,0.3711215
1.0,0.98613197
1.0,0.80113703
0.0,0.0078701675
0.0,0.09384504
0.0,0.0809114
1.0,0.25149727
1.0,0.21283576
0.0,0.036219418
0.0,0.09163383
1.0,0.96679795
0.0,0.020678997
0.0,0.019691706
0.0,0.05517614
0.0,0.847181
1.0,0.9537326
0.0,0.8567898
0.0,0.017255753
0.0,0.9110351
0.0,0.35061795
0.0,0.034567595
1.0,0.7985188
1.0,0.8008598
0.0,0.2704426
1.0,0.97922003
0.0,0.4460388
1.0,0.9386054
1.0,0.043591022
1.0,0.94434464
0.0,0.007547766
0.0,0.41523433
0.0,0.013286591
1.0,0.9907832
0.0,0.0054602325
1.0,0.99011123
0.0,0.072345614
0.0,0.0033516884
1.0,0.0970017
1.0,0.94181776
0.0,0.004527718
1.0,0.7251071
0.0,0.035045624
1.0,0.95630074
0.0,0.0016968548
1.0,0.6459447
1.0,0.04079947
0.0,0.036438406
0.0,0.0052171648
0.0,0.014556646
0.0,0.012435198
0.0,0.013376832
0.0,0.90190923
0.0,0.08209965
0.0,0.01887098
0.0,0.95186436
0.0,0.003982991
1.0,0.9592616
0.0,0.39880168
0.0,0.42225382
1.0,0.9915279
0.0,0.06580743
1.0,0.9889368
0.0,0.022637188
1.0,0.98399717
0.0,0.006155312
0.0,0.046717077
1.0,0.9887785
0.0,0.039424926
0.0,0.00820598
0.0,0.016558468
1.0,0.96617633
1.0,0.33910072
0.0,0.00897181
1.0,0.9661995
1.0,0.2281574
1.0,0.9761486
0.0,0.3502952
1.0,0.1161674
1.0,0.9031
0.0,0.19204894
1.0,0.49411336
1.0,0.4408069
0.0,0.02915755
0.0,0.0035000443
0.0,0.017337352
0.0,0.036028743
0.0,0.005301863
0.0,0.034922957
0.0,0.039750338
0.0,0.0014896393
1.0,0.9144881
0.0,0.07380402
0.0,0.0050091147
0.0,0.01585257
0.0,0.047315657
1.0,0.83174217
0.0,0.0040563345
1.0,0.91569793
0.0,0.28675485
0.0,0.0046204925
1.0,0.5488393
1.0,0.8679085
0.0,0.15183285
0.0,0.07466242
1.0,0.8809699
0.0,0.94592965
0.0,0.030444264
1.0,0.6897998
1.0,0.69354373
1.0,0.7610575
1.0,0.8357123
0.0,0.024833292
0.0,0.0032353401
1.0,0.6061838
0.0,0.0146895945
0.0,0.0016131401
1.0,0.98081785
1.0,0.88716745
1.0,0.97594094
0.0,0.012085289
1.0,0.14372516
1.0,0.96004915
1.0,0.9656629
0.0,0.0042205155
0.0,0.0042761564
1.0,0.362582
0.0,0.02802372
0.0,0.76377785
0.0,0.022325933
1.0,0.98710895
0.0,0.019956678
0.0,0.019227684
0.0,0.044766307
0.0,0.21301663
0.0,0.05976218
0.0,0.0044608116
0.0,0.85691303
1.0,0.99136364
0.0,0.052768648
1.0,0.84944034
0.0,0.0058110356
0.0,0.7477227
0.0,0.9005031
1.0,0.008012742
0.0,0.79078543
0.0,0.009763151
0.0,0.0021398067
0.0,0.30836517
0.0,0.06176594
1.0,0.97056246
0.0,0.42119315
1.0,0.95090103
0.0,0.01645431
0.0,0.036019087
0.0,0.023635268
0.0,0.71789336
0.0,0.06082809
0.0,0.51847917
0.0,0.2755459
0.0,0.14071232
1.0,0.89302504
0.0,0.04497215
1.0,0.6929461
1.0,0.6437884
0.0,0.06380218
0.0,0.023584425
1.0,0.83997184
0.0,0.01738137
1.0,0.7797966
1.0,0.7382752
0.0,0.008360416
1.0,0.48884562
0.0,0.00573346
1.0,0.96817875
0.0,0.09848577
0.0,0.16662669
1.0,0.5747398
0.0,0.7823219
0.0,0.0038272738
0.0,0.78145117
1.0,0.73745984
1.0,0.95063436
0.0,0.0029326677
0.0,0.065995395
1.0,0.6050915
0.0,0.6637986
1.0,0.12896201
0.0,0.14269269
1.0,0.092998624
0.0,0.68033475
0.0,0.03254959
0.0,0.7878226
0.0,0.015407383
0.0,0.16954678
1.0,0.037479967
0.0,0.50045544
1.0,0.8520276
0.0,0.014831424
1.0,0.40149355
0.0,0.0077669024
0.0,0.0031939447
0.0,0.034270823
0.0,0.02822733
0.0,0.17470297
0.0,0.11556724
0.0,0.08877385
0.0,0.08358982
1.0,0.953707
0.0,0.01684329
0.0,0.043171614
1.0,0.82848346
1.0,0.5726522
0.0,0.01828885
0.0,0.06260416
1.0,0.79090786
0.0,0.23440921
1.0,0.064573765
1.0,0.9367861
1.0,0.7944274
1.0,0.79125565
0.0,0.031544775
0.0,0.0023920238
1.0,0.23380154
0.0,0.26214832
1.0,0.97665447
1.0,0.7691034
1.0,0.98301744
0.0,0.16101733
0.0,0.0053218007
0.0,0.20312974
0.0,0.03330946
1.0,0.27419525
1.0,0.91395855
0.0,0.061172903
0.0,0.18518212
0.0,0.07093495
0.0,0.3084728
1.0,0.04193756
1.0,0.77166915
1.0,0.94596565
0.0,0.91938114
1.0,0.54310346
1.0,0.73992765
1.0,0.27176154
1.0,0.94425017
0.0,0.3378213
0.0,0.8539509
0.0,0.82033134
0.0,0.0108603835
1.0,0.8882688
1.0,0.9851763
1.0,0.90039694
1.0,0.86732525
0.0,0.028537482
0.0,0.0038113892
0.0,0.031092614
0.0,0.049826086
1.0,0.88868666
0.0,0.09525484
0.0,0.023088396
0.0,0.12524793
0.0,0.011610717
1.0,0.7701467
1.0,0.7520169
1.0,0.94175965
0.0,0.08743504
0.0,0.16465822
1.0,0.7955327
1.0,0.9869808
0.0,0.05856818
1.0,0.9049015
0.0,0.87460804
1.0,0.9905702
1.0,0.98491204
1.0,0.6382606
0.0,0.041300386
0.0,0.12133002
1.0,0.9810261
0.0,0.074997485
0.0,0.27053398
1.0,0.98065066
0.0,0.033673346
0.0,0.046006233
0.0,0.092847526
1.0,0.2868755
0.0,0.53636956
0.0,0.34503752
1.0,0.58275694
0.0,0.6478598
0.0,0.031480998
0.0,0.039059997
0.0,0.22580144
1.0,0.7058531
0.0,0.88586336
0.0,0.020120561
0.0,0.0013324916
1.0,0.16924876
0.0,0.041443467
0.0,0.0028699338
1.0,0.8025348
0.0,0.3053612
0.0,0.010414243
1.0,0.9772514
1.0,0.82860684
0.0,0.0016426146
1.0,0.27945888
1.0,0.29160523
0.0,0.57172066
0.0,0.6257651
1.0,0.54237914
1.0,0.77622056
0.0,0.015703052
1.0,0.28090113
1.0,0.19835949
1.0,0.20641464
0.0,0.25490987
1.0,0.15685907
0.0,0.021954745
1.0,0.8380307
0.0,0.0023590326
1.0,0.92717147
0.0,0.7770315
0.0,0.100011826
1.0,0.77646303
0.0,0.0360685
1.0,0.93940455
1.0,0.7981263
1.0,0.9591782
1.0,0.62854683
0.0,0.021570086
1.0,0.03014198
0.0,0.5282471
0.0,0.0068597198
0.0,0.032799482
0.0,0.026203007
1.0,0.9552419
0.0,0.009908795
0.0,0.41034365
0.0,0.5904497
0.0,0.4716661
1.0,0.8927654
0.0,0.27129805
0.0,0.00785166
0.0,0.054879278
0.0,0.64990485
1.0,0.7684461
0.0,0.0052748322
1.0,0.95475614
1.0,0.975978
0.0,0.81254756
0.0,0.0036231875
0.0,0.0049578547
1.0,0.93623865
0.0,0.03513068
1.0,0.04219094
1.0,0.7570512
1.0,0.9645135
0.0,0.78544956
0.0,0.395234
0.0,0.0091662705
0.0,0.6888491
0.0,0.020070463
0.0,0.0050399005
0.0,0.4103519
1.0,0.6372952
0.0,0.28710032
1.0,0.8895262
0.0,0.16615054
1.0,0.9290562
1.0,0.9434772
1.0,0.5521031
1.0,0.8613036
0.0,0.18639284
0.0,0.9350805
0.0,0.030226588
1.0,0.79888594
1.0,0.9522983
0.0,0.0111581385
1.0,0.33147275
1.0,0.9461793
1.0,0.8357781
1.0,0.21024632
0.0,0.66701406
0.0,0.021712542
1.0,0.9209993
0.0,0.018127799
0.0,0.08795363
1.0,0.9771712
0.0,0.008489996
0.0,0.71844435
0.0,0.11801231
0.0,0.0044594407
0.0,0.080257535
1.0,0.9802911
0.0,0.006729603
0.0,0.22308415
1.0,0.13954264
0.0,0.03619325
1.0,0.9457854
0.0,0.25825655
0.0,0.011522055
0.0,0.0049749315
0.0,0.25457966
1.0,0.770467
0.0,0.26581717
0.0,0.09950262
1.0,0.8608835
1.0,0.87240225
0.0,0.025624067
0.0,0.011569202
0.0,0.011656046
1.0,0.52140653
0.0,0.08168146
1.0,0.89643836
1.0,0.8710524
1.0,0.35320807
1.0,0.9526576
1.0,0.84444726
0.0,0.9233136
1.0,0.8698319
1.0,0.9829482
0.0,0.007814556
0.0,0.0029729307
0.0,0.018390983
1.0,0.82638836
0.0,0.012913048
0.0,0.008935243
0.0,0.039559007
1.0,0.9666872
0.0,0.029112577
1.0,0.9434452
0.0,0.20368358
0.0,0.6377068
0.0,0.058791816
0.0,0.029690772
0.0,0.015864313
1.0,0.7378533
1.0,0.981498
0.0,0.036231548
0.0,0.049984813
1.0,0.37308037
0.0,0.0019555688
1.0,0.97439945
0.0,0.027803093
0.0,0.013448656
0.0,0.017426044
1.0,0.9642904
1.0,0.8223736
0.0,0.034248054
0.0,0.1756854
1.0,0.74672097
0.0,0.032328278
0.0,0.008027554
1.0,0.9199539
1.0,0.98838234
1.0,0.88663876
0.0,0.026652962
1.0,0.9563024
1.0,0.94160134
0.0,0.2927877
0.0,0.017481893
0.0,0.0058395565
0.0,0.040588826
0.0,0.0028086007
0.0,0.030738205
1.0,0.6149908
1.0,0.88044757
0.0,0.0953694
0.0,0.013644934
0.0,0.04860431
0.0,0.13721883
1.0,0.9427851
0.0,0.9503779
0.0,0.044915527
0.0,0.7882003
0.0,0.9633259
1.0,0.05207649
0.0,0.002002269
0.0,0.7318595
1.0,0.962149
0.0,0.03537962
0.0,0.1142607
0.0,0.02760309
0.0,0.008539677
1.0,0.8324996
1.0,0.9277679
0.0,0.03460586
0.0,0.96067315
0.0,0.0033639073
0.0,0.94973564
0.0,0.91099745
0.0,0.3600495
0.0,0.0035932958
0.0,0.13222042
1.0,0.008350998
0.0,0.02776599
1.0,0.2122244
0.0,0.7938428
0.0,0.0015079677
0.0,0.0613662
0.0,0.12611312
0.0,0.18241867
0.0,0.018089801
1.0,0.973464
0.0,0.0038626492
0.0,0.67777526
0.0,0.059838742
1.0,0.7613395
1.0,0.924132
0.0,0.033977628
0.0,0.4041053
0.0,0.0026943088
1.0,0.9923675
1.0,0.6643697
1.0,0.97406524
0.0,0.07585707
1.0,0.9844248
0.0,0.034471154
0.0,0.0018002391
0.0,0.01684159
1.0,0.011006504
0.0,0.001863122
0.0,0.004357636
1.0,0.9915116
1.0,0.26358074
0.0,0.00989297
1.0,0.9921396
0.0,0.03825596
1.0,0.7764174
0.0,0.09179011
1.0,0.9442672
0.0,0.95946026
0.0,0.11975029
1.0,0.88754225
0.0,0.00391382
0.0,0.09230691
0.0,0.021339685
0.0,0.013132691
0.0,0.049381554
0.0,0.013504028
1.0,0.8812071
1.0,0.8191335
0.0,0.5379097
0.0,0.024937838
0.0,0.0104034245
0.0,0.12275967
1.0,0.98712945
0.0,0.01559034
0.0,0.09310281
0.0,0.886145
0.0,0.19982377
0.0,0.001794517
1.0,0.9475378
1.0,0.93199766
0.0,0.0023518205
0.0,0.008744597
0.0,0.022738248
0.0,0.0049684644
1.0,0.82290995
0.0,0.70556456
0.0,0.033171892
0.0,0.014695138
1.0,0.9333427
0.0,0.010118514
0.0,0.2570175
1.0,0.95019376
0.0,0.012564838
0.0,0.16286162
1.0,0.70529366
1.0,0.7320957
1.0,0.93114674
0.0,0.0025776029
0.0,0.0049934387
0.0,0.22791076
0.0,0.012402415
1.0,0.49969888
0.0,0.17687628
1.0,0.12297198
0.0,0.004508376
0.0,0.0055799186
0.0,0.1306951
1.0,0.9747743
0.0,0.8378395
0.0,0.11488855
0.0,0.4861426
1.0,0.7365964
0.0,0.014848083
0.0,0.4246011
0.0,0.0022073686
1.0,0.07845929
0.0,0.009447336
0.0,0.0021574497
1.0,0.10442001
1.0,0.97711205
0.0,0.0019956827
1.0,0.9894719
1.0,0.98941565
1.0,0.93205404
1.0,0.88148254
0.0,0.040771425
1.0,0.89582413
0.0,0.9903524
1.0,0.033914566
0.0,0.0077438056
1.0,0.49063885
0.0,0.82546353
1.0,0.27008104
1.0,0.99020946
1.0,0.8134445
0.0,0.0048644543
0.0,0.7473031
0.0,0.76385736
0.0,0.009607732
0.0,0.025819868
0.0,0.15362191
1.0,0.98603463
1.0,0.97846437
1.0,0.22504187
0.0,0.004145831
0.0,0.0092381835
0.0,0.046071917
0.0,0.6594461
1.0,0.024063379
0.0,0.057596296
0.0,0.021763265
0.0,0.028704762
0.0,0.25562656
1.0,0.8693516
0.0,0.73542833
0.0,0.8091967
0.0,0.32733834
1.0,0.3952111
0.0,0.03658223
0.0,0.53534615
1.0,0.32595986
0.0,0.26447695
1.0,0.18910244
0.0,0.021763712
0.0,0.3143133
0.0,0.006219566
0.0,0.028615952
0.0,0.0017713308
1.0,0.90267766
0.0,0.0901975
0.0,0.05668834
1.0,0.9764757
1.0,0.9589392
0.0,0.23169723
1.0,0.016118467
0.0,0.11887172
0.0,0.05323994
1.0,0.9643691
0.0,0.0020042062
0.0,0.1954658
0.0,0.033151954
0.0,0.0060150325
1.0,0.9849849
1.0,0.95318043
1.0,0.7546201
1.0,0.97846085
0.0,0.01327458
0.0,0.026145488
0.0,0.05191928
1.0,0.97046083
0.0,0.013107836
0.0,0.02545932
1.0,0.9553386
1.0,0.48374474
1.0,0.9065466
0.0,0.00588724
0.0,0.30463642
0.0,0.5979909
1.0,0.98453707
1.0,0.9536737
1.0,0.92728657
0.0,0.30954856
0.0,0.0016098619
0.0,0.00246498
1.0,0.8882762
1.0,0.15989932
0.0,0.23953912
1.0,0.94395506
1.0,0.593708
1.0,0.94385827
1.0,0.49202156
0.0,0.23517272
0.0,0.04103473
1.0,0.4784511
1.0,0.79556537
0.0,0.028976798
0.0,0.026332736
0.0,0.009771913
0.0,0.018542618
0.0,0.026155204
0.0,0.68342566
0.0,0.012415111
0.0,0.054224968
1.0,0.9079027
1.0,0.763995
0.0,0.8505209
1.0,0.9697391
0.0,0.00420928
1.0,0.9316556
0.0,0.1425494
1.0,0.96838105
0.0,0.0026801527
0.0,0.0056175888
0.0,0.00525403
0.0,0.48004964
1.0,0.09023598
1.0,0.9845563
0.0,0.027656913
0.0,0.09182006
1.0,0.26107264
0.0,0.030988932
1.0,0.9783132
1.0,0.7453792
0.0,0.014386743
0.0,0.019120574
0.0,0.22452185
0.0,0.9901884
0.0,0.82121384
0.0,0.008608669
0.0,0.30997574
0.0,0.026832819
1.0,0.9553876
1.0,0.9429269
1.0,0.8685784
1.0,0.8372985
0.0,0.0095844865
0.0,0.6457283
1.0,0.8590375
0.0,0.47306612
0.0,0.010284185
0.0,0.039271414
1.0,0.37511054
1.0,0.19928482
0.0,0.0072538853
1.0,0.9517931
1.0,0.9811792
0.0,0.0027738512
0.0,0.013683677
1.0,0.9519216
0.0,0.021027803
0.0,0.93202996
0.0,0.002353549
0.0,0.025712818
1.0,0.062007785
0.0,0.019901097
0.0,0.007397443
0.0,0.3415131
1.0,0.29367816
0.0,0.009495556
0.0,0.048505902
1.0,0.83578455
0.0,0.0070213974
0.0,0.23864573
0.0,0.92733145
1.0,0.9821365
1.0,0.64146566
1.0,0.15170464
0.0,0.049741805
0.0,0.27382055
1.0,0.3108372
0.0,0.0049304664
0.0,0.0028496385
0.0,0.08237904
0.0,0.015259892
1.0,0.45861945
0.0,0.29669172
0.0,0.87913436
1.0,0.7724079
0.0,0.0297935
0.0,0.032073468
0.0,0.7784891
0.0,0.21359545
1.0,0.79954064
1.0,0.983618
0.0,0.4546582
1.0,0.7608197
0.0,0.014398932
0.0,0.01864013
0.0,0.002760142
1.0,0.52462023
0.0,0.0028049052
0.0,0.022765636
1.0,0.9358772
1.0,0.7415042
1.0,0.8719883
0.0,0.6407728
1.0,0.91150206
1.0,0.85963726
0.0,0.0019272864
0.0,0.9177165
0.0,0.63961935
1.0,0.5333977
0.0,0.026536494
0.0,0.19467416
0.0,0.016760886
0.0,0.028107852
0.0,0.018195152
0.0,0.06352934
0.0,0.21979362
0.0,0.74769664
0.0,0.26174718
1.0,0.6785359
1.0,0.72461826
1.0,0.71913314
0.0,0.0073477924
1.0,0.99160826
0.0,0.19092348
0.0,0.030710548
1.0,0.94524276
0.0,0.24809977
0.0,0.011128694
0.0,0.18987617
0.0,0.016361445
0.0,0.17997271
0.0,0.83661246
0.0,0.03134945
1.0,0.9042653
0.0,0.0014591515
0.0,0.010163993
0.0,0.005517572
1.0,0.940391
1.0,0.95053923
0.0,0.75505435
1.0,0.6563388
0.0,0.03232944
1.0,0.21787477
0.0,0.00954771
0.0,0.01435101
1.0,0.044552594
0.0,0.0019996166
0.0,0.008472085
1.0,0.44411686
0.0,0.044315547
1.0,0.017111778
0.0,0.44938284
0.0,0.009383857
1.0,0.9233042
0.0,0.011243463
0.0,0.4556093
0.0,0.7752181
0.0,0.008248448
0.0,0.0015263557
1.0,0.89397514
0.0,0.0029402077
0.0,0.07230097
0.0,0.029893339
1.0,0.59745634
0.0,0.9469587
0.0,0.029732823
1.0,0.7717898
0.0,0.0084296465
0.0,0.0040068626
0.0,0.05042869
0.0,0.08352405
1.0,0.38573062
0.0,0.02053234
0.0,0.003545314
0.0,0.008621037
0.0,0.0054689646
0.0,0.6886253
1.0,0.9672268
1.0,0.77738154
0.0,0.010358185
1.0,0.92733
0.0,0.019518316
0.0,0.010010421
0.0,0.030036658
0.0,0.09878221
1.0,0.95624584
0.0,0.021374315
0.0,0.009250462
0.0,0.13424191
0.0,0.1270208
0.0,0.20333004
0.0,0.0098284185
0.0,0.0021377802
0.0,0.0061354935
0.0,0.0029303133
0.0,0.95369434
1.0,0.4683184
0.0,0.02101335
0.0,0.013188183
0.0,0.0097588
1.0,0.99196196
0.0,0.05339071
1.0,0.8809328
0.0,0.12296885
0.0,0.030936956
0.0,0.13284343
1.0,0.9722791
1.0,0.990858
1.0,0.9402864
1.0,0.5111961
0.0,0.25171447
0.0,0.0071110427
1.0,0.97954184
1.0,0.9539705
0.0,0.016545713
0.0,0.059556603
0.0,0.8066038
1.0,0.9731574
0.0,0.025502384
0.0,0.004111409
0.0,0.029535621
0.0,0.027002543
1.0,0.55813
1.0,0.9582405
0.0,0.0014701784
1.0,0.5792091
0.0,0.021471381
0.0,0.034558743
0.0,0.0049331784
0.0,0.014952034
0.0,0.013455361
1.0,0.9076128
0.0,0.0016450286
0.0,0.040671915
0.0,0.8204727
0.0,0.09143275
0.0,0.7448833
1.0,0.9843194
0.0,0.02042687
0.0,0.018430918
1.0,0.9185033
0.0,0.45560998
0.0,0.0056786537
1.0,0.9575057
1.0,0.77065945
0.0,0.07053697
1.0,0.8593236
0.0,0.29104286
1.0,0.7788452
1.0,0.99495655
0.0,0.10299671
1.0,0.9291906
0.0,0.031247288
0.0,0.028956711
0.0,0.48781186
0.0,0.51150346
0.0,0.027178943
0.0,0.0055142045
0.0,0.49604273
1.0,0.9381737
0.0,0.055009335
0.0,0.026962876
0.0,0.46639407
0.0,0.24372494
1.0,0.9456919
0.0,0.018235445
0.0,0.4728697
0.0,0.017081857
0.0,0.008006066
0.0,0.0071050823
0.0,0.95017654
1.0,0.04543674
0.0,0.09235069
1.0,0.8265317
0.0,0.0035225153
1.0,0.17461741
0.0,0.03389579
0.0,0.06712854
0.0,0.03138575
0.0,0.7963694
0.0,0.40483293
0.0,0.05848092
0.0,0.12610024
0.0,0.0072686374
0.0,0.46503803
0.0,0.9224888
1.0,0.96652126
0.0,0.49452677
0.0,0.013548583
1.0,0.9890238
0.0,0.009413302
0.0,0.006193161
0.0,0.0024428964
1.0,0.7805444
1.0,0.61614
1.0,0.6653153
1.0,0.9700936
0.0,0.0969789
1.0,0.8461008
0.0,0.13905343
1.0,0.5301005
0.0,0.15721685
0.0,0.9599317
0.0,0.13333216
0.0,0.0042949617
0.0,0.03629607
1.0,0.9510933
1.0,0.23774752
0.0,0.98845637
1.0,0.73936945
0.0,0.009305954
1.0,0.96487355
0.0,0.012901008
0.0,0.013249159
0.0,0.94330484
0.0,0.45213476
0.0,0.060807705
0.0,0.0033322573
1.0,0.99263513
0.0,0.001745671
1.0,0.98681337
1.0,0.87763137
1.0,0.9572216
0.0,0.003997475
0.0,0.9777408
0.0,0.0065700114
0.0,0.1729545
0.0,0.15991712
1.0,0.4135232
0.0,0.16320565
0.0,0.08444142
0.0,0.098995924
0.0,0.009948671
0.0,0.0027984083
0.0,0.106022
0.0,0.7929334
0.0,0.008940369
0.0,0.82114154
1.0,0.979794
0.0,0.50378925
0.0,0.022158742
0.0,0.0052646995
0.0,0.0053841174
1.0,0.8733778
0.0,0.55044264
1.0,0.97535765
0.0,0.5491551
1.0,0.99274474
1.0,0.94520557
0.0,0.0056403577
0.0,0.06198007
0.0,0.026378632
0.0,0.2055813
0.0,0.038628906
0.0,0.5932319
1.0,0.96330225
0.0,0.012949318
1.0,0.63886046
0.0,0.53853536
0.0,0.0064077675
0.0,0.019756109
1.0,0.965874
0.0,0.011207223
1.0,0.9888933
0.0,0.0042099357
0.0,0.040522724
0.0,0.6996044
0.0,0.6192101
0.0,0.0748156
0.0,0.018210322
1.0,0.7608967
1.0,0.893473
0.0,0.12905404
0.0,0.03201303
0.0,0.029828906
1.0,0.9552176
0.0,0.03625408
1.0,0.38533407
0.0,0.05700764
1.0,0.8663333
1.0,0.9217347
0.0,0.025578886
0.0,0.023343414
0.0,0.008710355
1.0,0.9237312
0.0,0.33713531
0.0,0.82192963
1.0,0.9572563
1.0,0.4123488
0.0,0.8421795
0.0,0.021359116
1.0,0.9710398
0.0,0.01788798
0.0,0.014149666
0.0,0.0062972605
1.0,0.6330972
0.0,0.060628742
0.0,0.037405014
1.0,0.9399649
1.0,0.7829156
0.0,0.5839411
0.0,0.011727273
0.0,0.013875246
1.0,0.940562
1.0,0.9713025
1.0,0.7075035
0.0,0.051736116
0.0,0.0049934685
0.0,0.013604552
0.0,0.0018199682
1.0,0.88446414
0.0,0.0023980439
0.0,0.6401228
0.0,0.18593773
0.0,0.4923673
0.0,0.20860344
0.0,0.009578049
0.0,0.26926786
0.0,0.036956668
0.0,0.009453326
1.0,0.22802451
1.0,0.87304056
0.0,0.78959316
0.0,0.16810983
1.0,0.028351426
0.0,0.0027030706
1.0,0.92153573
0.0,0.023899049
0.0,0.01619038
1.0,0.92144763
1.0,0.9766719
0.0,0.3830219
0.0,0.06158933
1.0,0.30424964
0.0,0.16662177
0.0,0.17394832
0.0,0.98944664
0.0,0.020446748
1.0,0.8868116
1.0,0.28311145
0.0,0.28266075
0.0,0.00312981
0.0,0.059913367
1.0,0.9057046
0.0,0.007107705
1.0,0.34692907
0.0,0.030906767
1.0,0.8415901
1.0,0.6429751
0.0,0.6318117
1.0,0.26522696
0.0,0.7300289
0.0,0.005667478
1.0,0.9714343
1.0,0.26204965
0.0,0.03263697
0.0,0.28409144
0.0,0.79597545
0.0,0.92152196
1.0,0.94329906
0.0,0.07186836
0.0,0.23217437
0.0,0.0062834322
1.0,0.9591074
0.0,0.03633237
0.0,0.7893295
1.0,0.9550319
0.0,0.0019245446
0.0,0.85055995
0.0,0.043294787
1.0,0.45296744
0.0,0.1429765
1.0,0.9731777
0.0,0.016061515
1.0,0.03923917
1.0,0.4957478
1.0,0.97181004
1.0,0.8754322
0.0,0.0037290454
1.0,0.3514253
0.0,0.015009701
1.0,0.9766592
1.0,0.8195934
0.0,0.36868006
1.0,0.7793665
0.0,0.0022122264
1.0,0.6251651
1.0,0.57151085
0.0,0.040606588
0.0,0.9616534
1.0,0.9914561
1.0,0.19340536
0.0,0.12761164
0.0,0.37331048
0.0,0.0011984408
0.0,0.011214465
0.0,0.66569245
1.0,0.9115243
1.0,0.955389
1.0,0.42475855
1.0,0.7753272
1.0,0.9912925
1.0,0.98180723
0.0,0.55900973
1.0,0.9226012
0.0,0.007897377
0.0,0.025152594
0.0,0.09881675
1.0,0.029948711
1.0,0.72039413
0.0,0.027708262
0.0,0.028906405
0.0,0.85155714
1.0,0.8375716
1.0,0.09306809
1.0,0.85709155
0.0,0.003944963
0.0,0.9686158
0.0,0.07839221
0.0,0.15831617
0.0,0.04248485
0.0,0.016864836
1.0,0.9750828
1.0,0.9105655
0.0,0.039837092
0.0,0.033227682
0.0,0.81199336
0.0,0.69920385
0.0,0.68360186
0.0,0.21779197
0.0,0.7931116
1.0,0.7844113
0.0,0.10874212
1.0,0.9279567
0.0,0.005780667
0.0,0.8822133
0.0,0.051383853
0.0,0.6749757
1.0,0.9588816
1.0,0.8093432
1.0,0.67315763
1.0,0.767547
0.0,0.0035684407
0.0,0.62445694
1.0,0.60480696
1.0,0.90598345
0.0,0.28995603
0.0,0.011230141
0.0,0.07465264
1.0,0.69841003
0.0,0.01078403
1.0,0.036402017
0.0,0.018897504
0.0,0.067145914
0.0,0.023939729
0.0,0.028075963
0.0,0.10110015
0.0,0.03689477
0.0,0.15134656
1.0,0.97358793
0.0,0.0040584207
0.0,0.6802973
0.0,0.014614463
1.0,0.29156357
0.0,0.031185985
1.0,0.98357356
0.0,0.011153281
0.0,0.010195047
0.0,0.0088021755
0.0,0.09473455
0.0,0.014001638
0.0,0.013284922
1.0,0.954215
0.0,0.10880768
1.0,0.8176968
1.0,0.95157135
0.0,0.027036786
0.0,0.03009808
1.0,0.93425155
1.0,0.99328774
0.0,0.3854407
0.0,0.41819972
0.0,0.11744854
0.0,0.073390365
0.0,0.014927715
1.0,0.5191428
0.0,0.033261716
1.0,0.6499648
1.0,0.44740936
0.0,0.9626994
0.0,0.059558928
0.0,0.011791527
0.0,0.012963265
0.0,0.9097027
0.0,0.007828832
0.0,0.007827371
0.0,0.7686415
1.0,0.7744828
1.0,0.76866126
0.0,0.036943853
0.0,0.023931235
0.0,0.14607024
1.0,0.92843044
0.0,0.0026823282
0.0,0.018850535
1.0,0.665438
1.0,0.96379995
0.0,0.23962027
0.0,0.06685817
0.0,0.018131763
1.0,0.95384264
0.0,0.024004906
1.0,0.9621351
1.0,0.7832519
0.0,0.0077027082
0.0,0.033830017
0.0,0.02614221
1.0,0.7245571
0.0,0.055325598
1.0,0.7406009
0.0,0.005953163
1.0,0.83269703
0.0,0.051472604
0.0,0.04337889
0.0,0.0067406297
1.0,0.9893302
0.0,0.762113
1.0,0.98576534
1.0,0.9431352
0.0,0.0070435703
1.0,0.33308452
0.0,0.046809793
1.0,0.2668475
0.0,0.0038362741
1.0,0.93415713
0.0,0.0022219718
1.0,0.8002247
1.0,0.9648223
1.0,0.9827318
0.0,0.013815492
1.0,0.9385143
1.0,0.49562037
0.0,0.015497506
1.0,0.9465312
1.0,0.45232716
1.0,0.063342236
0.0,0.14574109
0.0,0.009439142
0.0,0.9731382
0.0,0.062217534
