0.0,0.15566954
0.0,0.7782475
1.0,0.32996398
0.0,0.09521422
1.0,0.50270146
0.0,0.04395953
1.0,0.95350856
1.0,0.7628163
1.0,0.7104641
0.0,0.012656063
0.0,0.36715728
1.0,0.92231923
0.0,0.022577941
0.0,0.1108661
0.0,0.054794848
0.0,0.009670675
1.0,0.18992746
0.0,0.053170443
0.0,0.020292073
1.0,0.72377676
1.0,0.6677549
0.0,0.013730824
1.0,0.95522404
0.0,0.03863567
0.0,0.015085012
1.0,0.6293576
0.0,0.093877435
1.0,0.8698381
0.0,0.024311423
1.0,0.9059514
0.0,0.026813388
0.0,0.2256465
1.0,0.93367934
1.0,0.99117464
1.0,0.9001788
1.0,0.97877014
1.0,0.5464412
0.0,0.06310433
1.0,0.9433929
1.0,0.05384338
1.0,0.9369141
1.0,0.98751956
0.0,0.028311819
1.0,0.9707519
1.0,0.8724172
0.0,0.0399428
0.0,0.009324163
0.0,0.0889191
0.0,0.029697418
1.0,0.9931662
0.0,0.24402437
1.0,0.7723467
1.0,0.9790082
1.0,0.7545333
0.0,0.02537617
0.0,0.014355212
0.0,0.08837131
1.0,0.054735452
1.0,0.6282123
1.0,0.16608384
1.0,0.9888228
0.0,0.4184524
1.0,0.98599684
1.0,0.8602992
1.0,0.979844
0.0,0.20267943
0.0,0.09372178
1.0,0.97141206
0.0,0.018089235
1.0,0.9334544
0.0,0.21701324
1.0,0.9293908
0.0,0.007466167
0.0,0.07643625
1.0,0.43883896
0.0,0.07547408
0.0,0.01745534
0.0,0.28180298
0.0,0.021795332
1.0,0.93988514
0.0,0.037742704
1.0,0.9809884
1.0,0.9714472
1.0,0.9975056
1.0,0.9832674
1.0,0.81651676
1.0,0.98396
0.0,0.15430063
0.0,0.027574956
1.0,0.8335551
0.0,0.00935632
1.0,0.18029472
0.0,0.027686805
0.0,0.73252577
0.0,0.31184474
1.0,0.95969605
0.0,0.039758116
0.0,0.06161076
1.0,0.49202433
1.0,0.9881948
0.0,0.020138472
0.0,0.0581834
1.0,0.036391467
0.0,0.090917766
0.0,0.12071383
1.0,0.86995006
1.0,0.045858383
0.0,0.04494509
1.0,0.024718672
1.0,0.98699725
1.0,0.94721127
0.0,0.08616087
1.0,0.056149572
0.0,0.07007122
0.0,0.041256875
1.0,0.57491225
0.0,0.044012398
1.0,0.389414
1.0,0.56638044
1.0,0.9790685
0.0,0.23845294
1.0,0.98994625
0.0,0.9393793
0.0,0.03000614
0.0,0.19954652
1.0,0.4833726
0.0,0.017585188
0.0,0.12018928
1.0,0.9474077
1.0,0.7680895
1.0,0.9837243
0.0,0.045955718
0.0,0.029670596
1.0,0.261975
1.0,0.9832876
0.0,0.81629765
0.0,0.027536988
0.0,0.032491505
0.0,0.059538692
0.0,0.037836403
1.0,0.7053138
0.0,0.13095918
1.0,0.13472
0.0,0.035052836
0.0,0.017937392
0.0,0.005334109
1.0,0.24149206
0.0,0.01735869
0.0,0.03305909
0.0,0.044080526
0.0,0.11702773
0.0,0.01580286
0.0,0.020956427
0.0,0.87632906
0.0,0.1812562
1.0,0.9718269
0.0,0.008786619
0.0,0.014269412
1.0,0.9939183
0.0,0.027472824
0.0,0.18214306
0.0,0.06499043
0.0,0.03287652
0.0,0.16969341
1.0,0.99627876
0.0,0.10107395
1.0,0.95204115
0.0,0.06692603
0.0,0.015446126
1.0,0.75114465
0.0,0.95484185
0.0,0.97126913
0.0,0.9583435
0.0,0.0068100095
1.0,0.82864106
1.0,0.9100666
0.0,0.059131563
1.0,0.65240103
0.0,0.3606704
1.0,0.9654529
1.0,0.79611874
1.0,0.9678526
1.0,0.97364044
1.0,0.97923803
0.0,0.82916284
0.0,0.0074193776
0.0,0.0141863525
0.0,0.98745304
0.0,0.07052055
0.0,0.046948224
1.0,0.2206606
0.0,0.0069413185
0.0,0.83991086
1.0,0.97181886
1.0,0.7680421
1.0,0.9946408
0.0,0.012980759
0.0,0.065722734
0.0,0.014015317
1.0,0.0636231
0.0,0.32540447
0.0,0.19373497
0.0,0.57287836
0.0,0.38440114
0.0,0.13512513
1.0,0.07524836
0.0,0.05075574
1.0,0.1680418
0.0,0.007969439
0.0,0.046937823
0.0,0.014013529
1.0,0.95751154
0.0,0.05980718
0.0,0.086937845
0.0,0.049203902
0.0,0.015965432
0.0,0.87834907
0.0,0.18956909
1.0,0.9903138
0.0,0.026044667
0.0,0.025711894
1.0,0.34519273
1.0,0.99125206
0.0,0.24121687
0.0,0.023857772
0.0,0.0078293085
0.0,0.085876584
0.0,0.046323836
0.0,0.15302393
1.0,0.96954846
0.0,0.07567388
1.0,0.38546842
0.0,0.014412999
1.0,0.2596408
1.0,0.4948029
0.0,0.04855582
0.0,0.0910683
0.0,0.040100396
1.0,0.8964909
1.0,0.79300916
1.0,0.97976345
1.0,0.7095629
0.0,0.029809177
0.0,0.83932215
1.0,0.9858476
0.0,0.45767927
0.0,0.013098806
0.0,0.026328653
0.0,0.09096131
0.0,0.10125199
0.0,0.03551519
0.0,0.12218374
1.0,0.562706
0.0,0.039036006
0.0,0.08267191
0.0,0.06246662
1.0,0.89896405
1.0,0.96858007
0.0,0.045458198
0.0,0.21269193
0.0,0.040965915
1.0,0.9889183
0.0,0.05627191
0.0,0.00948146
0.0,0.033298343
0.0,0.03257501
1.0,0.99198383
1.0,0.8911567
1.0,0.98271495
0.0,0.03221178
1.0,0.93449485
0.0,0.06384277
0.0,0.07051626
0.0,0.42483184
1.0,0.961622
1.0,0.4270432
0.0,0.010525405
0.0,0.059852093
1.0,0.89959866
1.0,0.33035818
0.0,0.061650187
1.0,0.122365385
1.0,0.9826451
0.0,0.7497283
0.0,0.18522403
0.0,0.068314046
0.0,0.033643603
0.0,0.28390396
0.0,0.04627508
1.0,0.99028
0.0,0.027644128
0.0,0.035473436
1.0,0.9955145
0.0,0.012021542
1.0,0.9613229
1.0,0.032841593
1.0,0.90779567
1.0,0.8650743
1.0,0.9625286
0.0,0.055140346
1.0,0.92359537
0.0,0.8267964
1.0,0.99371094
0.0,0.55364406
0.0,0.25260246
0.0,0.042201042
0.0,0.07063863
0.0,0.2405099
1.0,0.9854775
0.0,0.9613917
1.0,0.73637646
0.0,0.8924751
1.0,0.6742344
1.0,0.97942317
0.0,0.03635329
0.0,0.014788598
0.0,0.034579843
1.0,0.93658817
1.0,0.18352336
0.0,0.008736342
0.0,0.006921917
0.0,0.015935361
0.0,0.030353725
1.0,0.9374541
1.0,0.72783834
0.0,0.041733295
0.0,0.09192878
1.0,0.7818104
1.0,0.98754907
1.0,0.3713162
0.0,0.07792014
0.0,0.85549474
0.0,0.015694529
0.0,0.670132
1.0,0.9872264
1.0,0.7970109
0.0,0.051938355
0.0,0.059247345
0.0,0.012381762
0.0,0.5864765
0.0,0.013654619
0.0,0.22737136
1.0,0.47750974
0.0,0.15499714
0.0,0.049749255
0.0,0.076696634
0.0,0.47139364
0.0,0.7475613
0.0,0.037929982
0.0,0.012080669
1.0,0.52779675
0.0,0.058152765
1.0,0.7691537
0.0,0.009284347
0.0,0.14516115
0.0,0.21521512
0.0,0.0061344802
0.0,0.9763446
1.0,0.484986
1.0,0.90849024
0.0,0.6672781
1.0,0.8756702
0.0,0.020403802
0.0,0.38569674
0.0,0.33095196
0.0,0.32694772
0.0,0.03040129
0.0,0.0065553486
1.0,0.2724234
0.0,0.028119415
1.0,0.98130834
0.0,0.07100248
1.0,0.36796874
0.0,0.14476198
1.0,0.06999272
1.0,0.96649563
1.0,0.9690937
0.0,0.009709805
0.0,0.056187153
1.0,0.9552239
0.0,0.045141757
0.0,0.040673465
1.0,0.031983554
1.0,0.9819207
0.0,0.26425812
1.0,0.9730253
1.0,0.9881718
0.0,0.7192846
0.0,0.052707195
0.0,0.2868318
0.0,0.04930514
0.0,0.02587229
0.0,0.07611084
1.0,0.98294944
0.0,0.15997562
1.0,0.8596659
1.0,0.24139324
0.0,0.023996115
0.0,0.0827409
0.0,0.86807
1.0,0.9846288
1.0,0.95452917
1.0,0.43287036
0.0,0.19549635
1.0,0.9741271
1.0,0.89958787
0.0,0.0074985027
0.0,0.16423059
0.0,0.90151834
0.0,0.8358855
1.0,0.96063757
0.0,0.036986828
1.0,0.42718792
0.0,0.7625978
0.0,0.077025294
0.0,0.050808787
0.0,0.024293393
0.0,0.024206191
0.0,0.03911355
0.0,0.046262234
0.0,0.025594503
0.0,0.03664255
0.0,0.42803472
0.0,0.12563613
0.0,0.026907176
0.0,0.21909022
0.0,0.046649694
1.0,0.655035
0.0,0.2677081
1.0,0.9677938
0.0,0.025596589
0.0,0.027279705
0.0,0.014912039
0.0,0.85985047
0.0,0.42650762
0.0,0.0944995
0.0,0.06492975
0.0,0.008374959
0.0,0.0355061
0.0,0.044215232
0.0,0.6224874
1.0,0.94884014
0.0,0.038773388
0.0,0.025056392
0.0,0.55851746
0.0,0.057207197
1.0,0.62214184
0.0,0.8261022
1.0,0.50700784
0.0,0.008631706
0.0,0.14774877
1.0,0.9694216
0.0,0.8828047
1.0,0.82382655
1.0,0.9481907
1.0,0.9334736
1.0,0.9702712
0.0,0.013053566
1.0,0.7900773
0.0,0.019625455
0.0,0.031139702
0.0,0.1257577
1.0,0.9962176
0.0,0.017104626
0.0,0.054832965
1.0,0.4331696
1.0,0.99769235
0.0,0.10756406
0.0,0.008706033
1.0,0.7364382
0.0,0.067858815
1.0,0.7492628
0.0,0.4271879
0.0,0.28984606
1.0,0.8770064
0.0,0.80254424
0.0,0.012833387
1.0,0.10418743
0.0,0.039357215
1.0,0.99263406
0.0,0.010758817
1.0,0.37301302
1.0,0.5598999
1.0,0.8809246
1.0,0.9846179
0.0,0.17010546
0.0,0.04488176
1.0,0.78721106
0.0,0.04291591
0.0,0.30042207
1.0,0.81183124
1.0,0.85588366
1.0,0.95502746
0.0,0.012287706
1.0,0.9541478
1.0,0.9130662
0.0,0.12584716
1.0,0.9757573
0.0,0.4118352
1.0,0.868098
1.0,0.91291547
0.0,0.81996685
0.0,0.52493197
1.0,0.2494103
0.0,0.2608385
1.0,0.9799122
0.0,0.94077045
0.0,0.04560709
0.0,0.87384605
1.0,0.99285686
0.0,0.008793116
0.0,0.010863662
0.0,0.7871548
1.0,0.37565583
0.0,0.03671184
0.0,0.008870602
0.0,0.09528458
0.0,0.77382094
1.0,0.51957834
1.0,0.9327532
0.0,0.086358726
0.0,0.573501
0.0,0.07084641
0.0,0.08758074
0.0,0.02893892
1.0,0.9497575
0.0,0.0321303
1.0,0.9652613
0.0,0.80175924
0.0,0.21346128
1.0,0.80477136
0.0,0.028737426
0.0,0.0700672
0.0,0.039596587
0.0,0.011385381
0.0,0.15174714
0.0,0.0066242814
0.0,0.033888876
0.0,0.042897344
1.0,0.9045266
1.0,0.9861045
0.0,0.008090258
0.0,0.046691805
1.0,0.9744117
0.0,0.020956457
1.0,0.91940606
0.0,0.24323332
0.0,0.0077091455
1.0,0.90741825
0.0,0.1405881
1.0,0.7112664
0.0,0.29319105
1.0,0.28906715
0.0,0.033522666
0.0,0.04986188
0.0,0.6830329
1.0,0.98531425
0.0,0.007990152
0.0,0.058041304
0.0,0.022721738
0.0,0.9666195
1.0,0.3086953
0.0,0.03315568
0.0,0.01378575
1.0,0.9659097
1.0,0.059290767
0.0,0.16191873
1.0,0.7647662
0.0,0.061965674
0.0,0.18685204
1.0,0.9521022
1.0,0.99425256
0.0,0.29514113
1.0,0.9631256
1.0,0.9810288
0.0,0.02653879
0.0,0.05023414
0.0,0.036606222
1.0,0.05897537
0.0,0.007058263
0.0,0.0416013
0.0,0.014289975
1.0,0.99489677
1.0,0.41451278
0.0,0.01633197
1.0,0.48987466
1.0,0.0748184
0.0,0.30909032
1.0,0.93122715
0.0,0.07198623
1.0,0.94953614
0.0,0.09447768
1.0,0.9319516
0.0,0.03139478
0.0,0.02418974
1.0,0.78548354
0.0,0.015287757
1.0,0.91179585
0.0,0.041175812
0.0,0.03151518
0.0,0.030410558
1.0,0.79889905
0.0,0.2393086
1.0,0.49707308
0.0,0.011019558
1.0,0.45908174
1.0,0.4210714
0.0,0.009638369
1.0,0.98927164
1.0,0.9729544
1.0,0.1519121
1.0,0.8724767
0.0,0.046116322
0.0,0.02482599
0.0,0.7811079
1.0,0.9396895
1.0,0.567885
0.0,0.03217417
0.0,0.046189576
0.0,0.130525
1.0,0.9075024
0.0,0.34977943
1.0,0.013192266
1.0,0.9645308
0.0,0.03858301
0.0,0.06479782
1.0,0.98585844
0.0,0.68803185
1.0,0.9807985
0.0,0.7292655
0.0,0.037792206
0.0,0.041071355
1.0,0.08901471
0.0,0.04755321
1.0,0.9861381
0.0,0.025431037
1.0,0.5125045
0.0,0.5897658
0.0,0.0974271
1.0,0.06574923
1.0,0.3855375
1.0,0.69552153
1.0,0.95460856
0.0,0.040244937
0.0,0.035176694
0.0,0.2633734
0.0,0.005777508
1.0,0.95286644
1.0,0.7764946
0.0,0.009026825
0.0,0.027088821
0.0,0.0062050223
1.0,0.7969465
0.0,0.034822136
0.0,0.055238605
0.0,0.057618737
0.0,0.18707088
0.0,0.05554551
0.0,0.16864878
1.0,0.8840592
0.0,0.93856776
1.0,0.3877265
0.0,0.06744063
0.0,0.26589102
1.0,0.7636123
1.0,0.90539455
1.0,0.9554613
0.0,0.04258141
0.0,0.2083466
1.0,0.1477552
0.0,0.011863619
0.0,0.05150655
0.0,0.15980491
1.0,0.92244565
0.0,0.06994772
0.0,0.06710276
1.0,0.9870759
0.0,0.100617826
1.0,0.99614096
1.0,0.9419786
1.0,0.9835099
0.0,0.026191682
1.0,0.97189355
1.0,0.86008495
0.0,0.06097889
1.0,0.2930413
0.0,0.028413802
0.0,0.18229288
0.0,0.083611846
0.0,0.009877592
1.0,0.85027957
1.0,0.36464435
1.0,0.99548703
1.0,0.96984017
1.0,0.9872262
0.0,0.49777374
0.0,0.9866537
1.0,0.9811506
0.0,0.035060674
1.0,0.60619295
1.0,0.98964477
0.0,0.05251497
1.0,0.108633965
1.0,0.32482055
0.0,0.03981486
0.0,0.037716866
0.0,0.023250073
0.0,0.039839745
1.0,0.4905653
1.0,0.9781537
0.0,0.010940969
0.0,0.03184411
1.0,0.0659453
1.0,0.8586673
1.0,0.076823026
0.0,0.048022002
1.0,0.7810048
1.0,0.163066
0.0,0.033890307
0.0,0.14700171
1.0,0.9031382
1.0,0.98607016
0.0,0.328394
1.0,0.8377474
0.0,0.10867062
0.0,0.8150866
1.0,0.98491335
0.0,0.5785134
1.0,0.97294044
0.0,0.77080905
0.0,0.3148269
0.0,0.09783295
1.0,0.95365584
1.0,0.5182044
0.0,0.024217337
0.0,0.019598037
1.0,0.8119233
0.0,0.035876334
1.0,0.9826883
1.0,0.91134435
1.0,0.7990091
0.0,0.091127574
0.0,0.7937935
0.0,0.78607047
0.0,0.024055004
0.0,0.006659776
1.0,0.9956912
0.0,0.30809814
0.0,0.029639095
1.0,0.97682375
0.0,0.027916282
1.0,0.07412866
1.0,0.81253606
0.0,0.020792574
0.0,0.20165908
0.0,0.79972446
0.0,0.018720686
0.0,0.007407278
0.0,0.023755312
0.0,0.024475813
0.0,0.93104887
1.0,0.60775125
1.0,0.962832
0.0,0.6376709
0.0,0.47361368
0.0,0.022738695
0.0,0.05614847
0.0,0.03148672
1.0,0.052481383
0.0,0.02732879
0.0,0.0122924745
1.0,0.9949516
1.0,0.7060942
0.0,0.021440357
0.0,0.97822535
0.0,0.0059618354
0.0,0.044568688
0.0,0.008543193
0.0,0.051258028
1.0,0.92279136
1.0,0.7303733
1.0,0.9125428
0.0,0.01013276
1.0,0.7248836
1.0,0.96837676
0.0,0.079422355
0.0,0.005049616
1.0,0.76003826
1.0,0.18180406
1.0,0.87649477
1.0,0.9537767
1.0,0.7771958
0.0,0.08712363
0.0,0.31637943
1.0,0.41734955
0.0,0.021478117
1.0,0.964398
0.0,0.021475434
1.0,0.51672816
0.0,0.0391165
0.0,0.13966045
0.0,0.027983993
0.0,0.026427448
0.0,0.18713784
0.0,0.006767392
0.0,0.009955853
0.0,0.051365316
0.0,0.66744864
0.0,0.009669602
0.0,0.019315392
1.0,0.9333072
1.0,0.77368355
1.0,0.9797314
0.0,0.97539985
0.0,0.47492182
0.0,0.8646198
0.0,0.049417764
1.0,0.9894555
1.0,0.30137515
1.0,0.90167934
1.0,0.9869359
0.0,0.90115654
0.0,0.027811259
0.0,0.013394296
1.0,0.812454
0.0,0.030247867
1.0,0.01497969
1.0,0.98025584
0.0,0.14397833
0.0,0.024696141
0.0,0.018960118
0.0,0.724842
1.0,0.93557346
1.0,0.9709079
0.0,0.045257717
1.0,0.94179815
1.0,0.74224484
0.0,0.50144625
0.0,0.044307172
1.0,0.3659855
0.0,0.007385522
0.0,0.09756479
0.0,0.009631664
0.0,0.30192786
0.0,0.043599784
1.0,0.47734347
0.0,0.08023673
0.0,0.5782227
1.0,0.98733974
1.0,0.92452884
0.0,0.49998456
0.0,0.4603144
1.0,0.7779549
0.0,0.092320204
0.0,0.0045889616
1.0,0.5684338
0.0,0.08674055
0.0,0.035841376
0.0,0.047324896
1.0,0.9770789
0.0,0.20533767
1.0,0.841032
1.0,0.9754152
1.0,0.99763393
0.0,0.024809718
1.0,0.76895773
0.0,0.06326431
1.0,0.95798564
0.0,0.09233293
1.0,0.97393596
0.0,0.041697443
0.0,0.03902641
1.0,0.9865192
0.0,0.018978834
0.0,0.013495982
1.0,0.63691926
1.0,0.87917745
1.0,0.1065886
1.0,0.7642809
1.0,0.5610939
1.0,0.9735368
1.0,0.7211919
0.0,0.028199643
1.0,0.14959991
1.0,0.99446714
0.0,0.07957333
0.0,0.010302633
0.0,0.0071282387
1.0,0.5291807
0.0,0.028520048
0.0,0.08987585
0.0,0.27523446
1.0,0.9714757
0.0,0.018673897
0.0,0.14462519
1.0,0.5985353
1.0,0.95052534
1.0,0.9070928
1.0,0.109516025
0.0,0.98730934
0.0,0.08404344
0.0,0.07730061
0.0,0.055961758
0.0,0.006901264
0.0,0.061630458
0.0,0.04250452
1.0,0.068095535
1.0,0.9602299
0.0,0.04895544
1.0,0.87620413
0.0,0.019899905
0.0,0.0079779625
1.0,0.98762053
0.0,0.027353317
0.0,0.89329624
0.0,0.026028633
0.0,0.1733203
0.0,0.041054755
0.0,0.023621142
0.0,0.9557456
1.0,0.7621381
0.0,0.057587564
0.0,0.22785097
1.0,0.9048959
0.0,0.016649067
1.0,0.8159278
0.0,0.052847862
0.0,0.0072185397
0.0,0.0265131
0.0,0.20554903
0.0,0.005981773
0.0,0.015896678
0.0,0.04385525
0.0,0.051831186
0.0,0.7817868
1.0,0.70088494
0.0,0.085998386
1.0,0.59208894
0.0,0.5971378
1.0,0.06426039
0.0,0.10995269
0.0,0.011825055
0.0,0.094032794
1.0,0.96479
1.0,0.055007935
1.0,0.1888811
0.0,0.039102018
0.0,0.5850962
1.0,0.82528293
0.0,0.032227576
0.0,0.0710763
1.0,0.2685405
0.0,0.01740557
1.0,0.956604
1.0,0.32710743
0.0,0.022630304
1.0,0.38587582
0.0,0.13453004
1.0,0.18258852
0.0,0.23155591
1.0,0.9952071
0.0,0.005784452
0.0,0.98706406
0.0,0.05945036
0.0,0.060024083
0.0,0.011647731
0.0,0.06337932
0.0,0.03925833
1.0,0.9556347
0.0,0.015501589
0.0,0.008383572
0.0,0.0067533255
0.0,0.121070445
0.0,0.11928913
1.0,0.15119958
0.0,0.48172912
0.0,0.08554983
1.0,0.5201235
0.0,0.48082846
1.0,0.96920496
0.0,0.7282532
1.0,0.9209404
1.0,0.9517833
0.0,0.019987047
1.0,0.99752796
0.0,0.46404827
0.0,0.038339466
0.0,0.044259906
0.0,0.12599605
1.0,0.09961653
1.0,0.9898063
0.0,0.074339
0.0,0.18475679
1.0,0.9943395
0.0,0.065475166
1.0,0.60747147
1.0,0.04295519
1.0,0.8127
0.0,0.043378502
1.0,0.6011789
0.0,0.033436418
1.0,0.89910203
1.0,0.19789672
0.0,0.28467786
0.0,0.8101039
0.0,0.046088755
0.0,0.1345506
1.0,0.68338794
1.0,0.9505483
1.0,0.9887429
0.0,0.041819185
0.0,0.009215891
1.0,0.9765829
0.0,0.9538572
0.0,0.009149015
0.0,0.029510587
1.0,0.601619
0.0,0.062381536
0.0,0.02661243
0.0,0.10783443
0.0,0.06886691
1.0,0.8211209
1.0,0.9770192
0.0,0.09575078
0.0,0.053392082
0.0,0.022256523
1.0,0.9889443
0.0,0.041781813
0.0,0.80263674
1.0,0.91150653
0.0,0.018393338
0.0,0.6979958
1.0,0.97464526
0.0,0.06927341
1.0,0.29731935
1.0,0.1796138
0.0,0.039124757
0.0,0.048570573
0.0,0.014777482
0.0,0.02687943
1.0,0.98322594
1.0,0.9979515
1.0,0.98548377
1.0,0.16325897
0.0,0.90802896
0.0,0.05286604
1.0,0.7570877
1.0,0.99410194
0.0,0.10340387
0.0,0.05361247
1.0,0.50497746
0.0,0.02147615
1.0,0.76986855
0.0,0.018851072
0.0,0.22323808
1.0,0.98359656
0.0,0.05255133
0.0,0.007594794
0.0,0.046127588
0.0,0.043749988
0.0,0.35047507
1.0,0.08978477
0.0,0.046108812
1.0,0.9813124
0.0,0.13333699
1.0,0.97346354
0.0,0.18605351
1.0,0.7398523
1.0,0.97597754
1.0,0.99528754
0.0,0.9408213
0.0,0.008021086
1.0,0.19289401
0.0,0.07110453
0.0,0.05189395
1.0,0.8683351
1.0,0.23768103
0.0,0.2142579
1.0,0.944757
1.0,0.9829544
0.0,0.87385565
0.0,0.029284269
0.0,0.8020748
0.0,0.02146557
0.0,0.008285731
0.0,0.91341543
1.0,0.98088056
1.0,0.98388445
1.0,0.95666265
0.0,0.011125922
0.0,0.02205795
0.0,0.022889823
0.0,0.038414717
0.0,0.038009346
0.0,0.06391606
1.0,0.89902425
1.0,0.96298957
1.0,0.62579846
0.0,0.104699165
0.0,0.044272155
1.0,0.9079691
0.0,0.18335244
0.0,0.5350783
1.0,0.8666355
0.0,0.8026936
0.0,0.903705
1.0,0.77803254
0.0,0.06060776
1.0,0.6715642
1.0,0.9073998
0.0,0.9530691
0.0,0.025250733
1.0,0.9969154
0.0,0.012409687
0.0,0.4692644
1.0,0.7244353
1.0,0.97272545
1.0,0.7375369
1.0,0.9523289
0.0,0.9732624
0.0,0.04921648
0.0,0.008996695
1.0,0.78928506
0.0,0.98351014
1.0,0.8482208
0.0,0.74786687
1.0,0.9272019
1.0,0.72415537
0.0,0.09755546
0.0,0.041552424
0.0,0.018746257
0.0,0.38250166
0.0,0.07213655
0.0,0.022390097
1.0,0.46695146
1.0,0.1389907
0.0,0.8941338
1.0,0.9776467
1.0,0.6408387
0.0,0.0124616325
0.0,0.18639824
1.0,0.8680366
1.0,0.20351827
0.0,0.026257247
0.0,0.15226102
0.0,0.023465902
0.0,0.03735739
1.0,0.5072092
1.0,0.96275663
0.0,0.052464843
0.0,0.0061886907
0.0,0.058163315
0.0,0.17489654
0.0,0.031967193
0.0,0.043484688
0.0,0.9386374
0.0,0.7084775
0.0,0.020512879
0.0,0.051086843
0.0,0.15150836
1.0,0.98694265
1.0,0.87532556
0.0,0.023245454
0.0,0.02747482
0.0,0.0068626404
0.0,0.009885997
0.0,0.13479155
0.0,0.3177136
0.0,0.036616296
0.0,0.3330238
1.0,0.94512033
1.0,0.99601686
1.0,0.8970962
1.0,0.8899213
1.0,0.9925268
0.0,0.58405274
0.0,0.054724872
0.0,0.06575081
0.0,0.069954455
1.0,0.79062694
0.0,0.032610893
1.0,0.9292042
0.0,0.0455482
0.0,0.37094912
0.0,0.89543855
0.0,0.05030015
0.0,0.05732423
0.0,0.09887138
0.0,0.22031811
0.0,0.021476299
1.0,0.8703166
1.0,0.27715722
0.0,0.12705019
0.0,0.15009883
0.0,0.026396215
0.0,0.01479122
1.0,0.97991383
0.0,0.022678763
1.0,0.09829959
0.0,0.041538835
1.0,0.47045186
0.0,0.020914853
0.0,0.11255288
1.0,0.9065356
0.0,0.0063355267
1.0,0.9641293
0.0,0.06890133
0.0,0.44955355
0.0,0.24281871
0.0,0.00992167
0.0,0.010074943
1.0,0.9390048
1.0,0.9877869
0.0,0.43453068
0.0,0.056055784
0.0,0.024861574
0.0,0.28661162
1.0,0.82667595
0.0,0.72352767
1.0,0.1877886
1.0,0.32614762
0.0,0.81199986
0.0,0.060764283
0.0,0.072827846
0.0,0.037966132
0.0,0.06300861
0.0,0.062509835
0.0,0.057449877
0.0,0.7111462
0.0,0.21993119
1.0,0.9248607
0.0,0.9865353
0.0,0.02091229
1.0,0.8951882
0.0,0.04347554
0.0,0.06434238
0.0,0.0062436163
0.0,0.047151983
1.0,0.07650292
1.0,0.9780508
1.0,0.9724259
0.0,0.027512789
0.0,0.010149866
0.0,0.028039783
0.0,0.44081303
0.0,0.44849223
0.0,0.7810438
1.0,0.9949593
1.0,0.9863874
1.0,0.9371206
0.0,0.038203657
1.0,0.9857863
1.0,0.63362294
0.0,0.04685667
1.0,0.97573256
0.0,0.027397543
0.0,0.027873456
0.0,0.6428073
1.0,0.98915637
1.0,0.9778073
1.0,0.80352217
0.0,0.91417134
0.0,0.26555339
0.0,0.024404824
1.0,0.97386473
1.0,0.978333
1.0,0.967242
1.0,0.8237109
0.0,0.054709673
0.0,0.04020396
0.0,0.045961738
0.0,0.3203377
1.0,0.9699436
0.0,0.030285507
0.0,0.0802173
0.0,0.10738987
1.0,0.26733324
0.0,0.034282714
0.0,0.18036863
0.0,0.08169687
0.0,0.459635
0.0,0.035261005
0.0,0.10797429
0.0,0.027049094
0.0,0.1352979
0.0,0.0070768297
1.0,0.98792017
1.0,0.2855249
0.0,0.24898288
0.0,0.9853921
0.0,0.09694344
1.0,0.90982544
0.0,0.017732292
0.0,0.042500257
0.0,0.49295652
0.0,0.019990921
1.0,0.946823
0.0,0.022671044
0.0,0.07779628
1.0,0.53943
1.0,0.9488658
1.0,0.9491596
0.0,0.06540766
0.0,0.118074
1.0,0.8253956
1.0,0.978596
1.0,0.98724866
0.0,0.8761778
0.0,0.41486266
0.0,0.007941365
1.0,0.082226545
1.0,0.9891149
0.0,0.027104855
0.0,0.75417614
1.0,0.817414
1.0,0.978273
0.0,0.022054017
1.0,0.83603096
1.0,0.35620242
0.0,0.029308587
1.0,0.21249256
0.0,0.06733066
0.0,0.014560819
0.0,0.9469533
0.0,0.03762877
1.0,0.7473026
0.0,0.20895696
1.0,0.793197
1.0,0.78616494
1.0,0.591484
0.0,0.015350968
0.0,0.4385106
1.0,0.54271793
0.0,0.0069462657
1.0,0.69625574
1.0,0.7837381
0.0,0.9685623
0.0,0.039064646
1.0,0.08369994
1.0,0.9857607
0.0,0.009257853
1.0,0.7981889
1.0,0.24950024
1.0,0.8894545
1.0,0.9940417
1.0,0.3519177
1.0,0.97103655
0.0,0.04392582
0.0,0.20702845
0.0,0.048237473
1.0,0.95047307
1.0,0.41979158
0.0,0.065659225
0.0,0.038835913
1.0,0.16269705
0.0,0.019641727
1.0,0.9878913
0.0,0.12080124
1.0,0.8312588
1.0,0.9685762
0.0,0.19921035
1.0,0.35972953
0.0,0.0443781
1.0,0.99469566
1.0,0.96384513
1.0,0.17206648
0.0,0.04609233
0.0,0.05028364
1.0,0.7822454
0.0,0.0835059
1.0,0.9060444
0.0,0.04100573
0.0,0.87515914
0.0,0.08005488
0.0,0.29191893
0.0,0.012015402
0.0,0.27483013
0.0,0.13054115
1.0,0.96184164
1.0,0.16768882
0.0,0.024658471
1.0,0.98622
1.0,0.87519014
0.0,0.88492596
0.0,0.70574427
0.0,0.082042605
0.0,0.031236261
0.0,0.037121058
0.0,0.06129089
1.0,0.3422132
1.0,0.9906312
0.0,0.012339979
0.0,0.0106959045
0.0,0.75169456
0.0,0.929133
0.0,0.10869014
1.0,0.90997905
0.0,0.11864388
0.0,0.07212135
1.0,0.8622598
1.0,0.9553662
0.0,0.052414834
0.0,0.1623447
0.0,0.01818028
1.0,0.9281598
1.0,0.8941269
0.0,0.03998363
0.0,0.051503748
0.0,0.0110473335
0.0,0.12399235
0.0,0.011948079
1.0,0.9821154
1.0,0.78861403
1.0,0.19311917
0.0,0.009705335
1.0,0.24081042
0.0,0.52287465
1.0,0.9935881
1.0,0.31773317
0.0,0.010751635
0.0,0.007384777
0.0,0.017587423
0.0,0.794947
0.0,0.3888884
1.0,0.99699384
0.0,0.72377867
0.0,0.6145443
0.0,0.030058682
0.0,0.007068604
0.0,0.21294445
0.0,0.09471306
0.0,0.09182131
1.0,0.7859267
1.0,0.9848694
0.0,0.012372911
0.0,0.8318098
0.0,0.6319903
0.0,0.065121084
1.0,0.9889151
0.0,0.0448035
0.0,0.12462431
1.0,0.29153407
0.0,0.8989536
0.0,0.028717905
0.0,0.023942143
0.0,0.012106746
1.0,0.9943485
1.0,0.9263654
0.0,0.01712659
1.0,0.4581926
1.0,0.96648496
1.0,0.97638667
0.0,0.2606907
0.0,0.18066242
1.0,0.9711632
1.0,0.9794816
0.0,0.018160611
1.0,0.97922635
0.0,0.05603528
1.0,0.95180285
1.0,0.9404464
1.0,0.89288056
0.0,0.033457965
1.0,0.62983245
1.0,0.45425642
0.0,0.12115878
0.0,0.054390937
0.0,0.984717
0.0,0.065034986
0.0,0.0374147
0.0,0.01046741
1.0,0.9966636
0.0,0.10515925
0.0,0.09873116
0.0,0.2216186
0.0,0.012547225
0.0,0.07633135
0.0,0.053520083
1.0,0.8925638
0.0,0.02510947
0.0,0.045277536
0.0,0.49082217
1.0,0.8573365
1.0,0.87077516
1.0,0.9408585
1.0,0.9849782
0.0,0.019699812
0.0,0.0768514
0.0,0.02330631
0.0,0.15301323
0.0,0.78216124
0.0,0.019230694
1.0,0.973294
0.0,0.75036186
1.0,0.0901421
1.0,0.061523795
1.0,0.6925518
0.0,0.05959165
0.0,0.022717148
0.0,0.0109240115
0.0,0.013434827
1.0,0.34755075
1.0,0.9702166
1.0,0.7699194
1.0,0.86346674
1.0,0.99460983
0.0,0.03236109
0.0,0.057824016
0.0,0.89498824
0.0,0.018445551
1.0,0.9678174
0.0,0.009337395
0.0,0.8378698
1.0,0.98520815
1.0,0.69438505
0.0,0.027132243
0.0,0.12165013
0.0,0.30037755
0.0,0.491614
1.0,0.815011
0.0,0.9902669
0.0,0.51766926
1.0,0.99547505
0.0,0.0883463
1.0,0.9773243
1.0,0.9696164
0.0,0.009428352
0.0,0.7630132
0.0,0.014564246
0.0,0.037686586
1.0,0.7543445
0.0,0.02448675
0.0,0.09677249
0.0,0.21541485
0.0,0.011532158
1.0,0.9818058
1.0,0.19788998
1.0,0.90744257
1.0,0.94179654
0.0,0.69551283
0.0,0.06031373
1.0,0.83367276
0.0,0.030163676
1.0,0.39999357
0.0,0.05554992
1.0,0.95291257
1.0,0.9871831
0.0,0.57853484
0.0,0.15813237
0.0,0.4668807
0.0,0.03679973
0.0,0.023701757
0.0,0.040232003
1.0,0.89023125
0.0,0.018302381
0.0,0.20921662
0.0,0.33442646
0.0,0.101266444
0.0,0.024698347
0.0,0.00653708
0.0,0.5286048
0.0,0.009753138
0.0,0.009851456
0.0,0.046393096
0.0,0.103105366
0.0,0.04017654
1.0,0.18765333
0.0,0.116037905
1.0,0.9848293
0.0,0.010270178
0.0,0.008503288
1.0,0.7050137
0.0,0.01695928
1.0,0.9821123
0.0,0.11184454
1.0,0.9332288
0.0,0.7175095
0.0,0.061861545
1.0,0.7901422
1.0,0.20656785
0.0,0.012386262
0.0,0.054036558
0.0,0.009728909
0.0,0.007910967
0.0,0.014855266
0.0,0.7076236
1.0,0.9709548
1.0,0.75346434
0.0,0.12447679
0.0,0.023792326
1.0,0.7589363
1.0,0.8816678
1.0,0.7948797
0.0,0.005941808
1.0,0.080937
0.0,0.21696779
1.0,0.50026494
0.0,0.0069521368
1.0,0.72379476
0.0,0.013796717
0.0,0.13015547
0.0,0.09660575
0.0,0.901973
1.0,0.9568665
0.0,0.059569
0.0,0.09957144
1.0,0.9843818
0.0,0.026941746
0.0,0.8594979
0.0,0.48554534
1.0,0.98715985
0.0,0.63647985
0.0,0.052654296
0.0,0.9892676
1.0,0.96960104
0.0,0.008386403
0.0,0.786677
0.0,0.07479057
1.0,0.5422373
0.0,0.061979383
1.0,0.9806421
0.0,0.3101197
1.0,0.7749401
1.0,0.99431896
0.0,0.9637759
1.0,0.9659436
1.0,0.99511254
0.0,0.026022851
0.0,0.93579394
0.0,0.024546474
1.0,0.98664767
0.0,0.31307578
1.0,0.30073333
1.0,0.46669114
0.0,0.043426156
1.0,0.97264683
0.0,0.21375588
1.0,0.5598288
0.0,0.5698022
1.0,0.19220918
0.0,0.78113955
1.0,0.039874762
0.0,0.5698614
0.0,0.025527805
0.0,0.016531408
0.0,0.044560283
0.0,0.031161815
0.0,0.0073015094
0.0,0.011301726
0.0,0.31220067
0.0,0.084908426
0.0,0.50631696
0.0,0.43441677
0.0,0.041305542
1.0,0.9590578
1.0,0.252514
0.0,0.6212497
1.0,0.04112923
0.0,0.06502733
0.0,0.22484809
0.0,0.7674778
0.0,0.10068247
0.0,0.049176514
0.0,0.15761611
1.0,0.92373395
0.0,0.009805143
0.0,0.01891476
1.0,0.02363497
0.0,0.017394543
1.0,0.93348885
0.0,0.10297158
0.0,0.055099636
1.0,0.73769206
0.0,0.024055064
1.0,0.9445944
0.0,0.014598846
0.0,0.0070252717
0.0,0.02135387
1.0,0.9789194
0.0,0.037819892
1.0,0.17823943
1.0,0.69659656
0.0,0.9837085
0.0,0.0062963963
1.0,0.031451166
0.0,0.014359772
0.0,0.09127766
0.0,0.8247888
0.0,0.007279277
0.0,0.84956634
0.0,0.95436037
1.0,0.55555063
0.0,0.04234153
1.0,0.81147116
0.0,0.010457337
0.0,0.011557877
0.0,0.011814415
1.0,0.89291584
1.0,0.9812391
0.0,0.27223802
0.0,0.3300958
0.0,0.01282081
0.0,0.089164495
0.0,0.07987946
0.0,0.019665867
0.0,0.0068152845
1.0,0.15006608
1.0,0.9327516
0.0,0.041163176
0.0,0.98567355
1.0,0.16268796
0.0,0.006496787
1.0,0.9329878
0.0,0.012250751
0.0,0.04619819
1.0,0.9530113
0.0,0.7036799
1.0,0.35308212
1.0,0.97992134
1.0,0.98843616
0.0,0.36519843
0.0,0.030867755
0.0,0.15311095
1.0,0.96687055
0.0,0.5576452
1.0,0.98976696
0.0,0.04041332
0.0,0.03394261
0.0,0.14155877
1.0,0.9139675
0.0,0.018317014
0.0,0.04493788
0.0,0.55866474
1.0,0.080581695
1.0,0.9964497
0.0,0.08095625
0.0,0.036120355
1.0,0.983916
1.0,0.9894706
1.0,0.8839253
1.0,0.114797205
0.0,0.013374597
1.0,0.92208695
0.0,0.17449549
0.0,0.07560611
0.0,0.0095779
1.0,0.7986255
0.0,0.20696393
0.0,0.07403803
0.0,0.008165777
1.0,0.8043518
0.0,0.17994323
1.0,0.97733104
1.0,0.9590205
0.0,0.052473128
1.0,0.7218411
0.0,0.043786615
1.0,0.66498375
0.0,0.5961665
0.0,0.029157847
0.0,0.050815165
0.0,0.11018571
1.0,0.9944724
0.0,0.04599631
0.0,0.23561844
0.0,0.54765093
1.0,0.9980931
1.0,0.92010987
0.0,0.047853023
1.0,0.96075636
1.0,0.9844036
1.0,0.9971362
1.0,0.42922008
0.0,0.14979744
1.0,0.7284884
0.0,0.10897705
0.0,0.67702544
1.0,0.31621957
0.0,0.031287163
0.0,0.026846856
0.0,0.09976995
1.0,0.46379292
0.0,0.59092253
0.0,0.3325039
1.0,0.97365916
0.0,0.02020359
1.0,0.86117274
0.0,0.02753073
0.0,0.9480957
1.0,0.82849175
1.0,0.9509131
0.0,0.014133304
1.0,0.96070325
1.0,0.98336744
0.0,0.8096888
0.0,0.804276
1.0,0.7624966
0.0,0.05692002
1.0,0.97679675
0.0,0.059603423
0.0,0.07059771
1.0,0.5218994
1.0,0.92187965
0.0,0.0632489
1.0,0.58798736
0.0,0.07428554
0.0,0.120254666
1.0,0.98446286
0.0,0.08032778
0.0,0.07531038
0.0,0.050221175
1.0,0.6653327
0.0,0.04145482
0.0,0.034263253
1.0,0.9286949
1.0,0.980461
0.0,0.03980112
0.0,0.4142058
0.0,0.016198605
1.0,0.20011362
0.0,0.755722
0.0,0.013217539
0.0,0.06859505
0.0,0.014341593
0.0,0.012553811
1.0,0.25707677
0.0,0.113839775
0.0,0.0074659884
0.0,0.3046721
1.0,0.9353712
1.0,0.9960069
1.0,0.8654733
0.0,0.8459927
0.0,0.024038345
0.0,0.97603405
1.0,0.98713833
0.0,0.051362038
1.0,0.41372946
0.0,0.029114485
1.0,0.98889375
0.0,0.0818589
1.0,0.9026597
0.0,0.9156349
1.0,0.53173476
0.0,0.16590619
0.0,0.09787917
1.0,0.8659627
1.0,0.94720536
1.0,0.98483986
0.0,0.16572803
1.0,0.9649699
1.0,0.46305144
1.0,0.37248987
0.0,0.006947905
1.0,0.77244323
0.0,0.039201856
0.0,0.9326185
1.0,0.6819401
0.0,0.3294108
0.0,0.033197373
0.0,0.041563362
0.0,0.061712146
0.0,0.5062065
1.0,0.98225415
1.0,0.9714878
0.0,0.32032472
0.0,0.6393708
0.0,0.031264663
1.0,0.99561536
0.0,0.75688607
0.0,0.241214
0.0,0.0118557215
0.0,0.039847255
0.0,0.04401192
0.0,0.9735584
1.0,0.9871286
1.0,0.9877033
1.0,0.13689426
0.0,0.46004617
0.0,0.017360806
0.0,0.016410708
0.0,0.044883937
0.0,0.056778938
1.0,0.9579874
0.0,0.050298125
0.0,0.18070105
1.0,0.99465275
0.0,0.1009036
1.0,0.1195184
1.0,0.9005883
0.0,0.5165073
0.0,0.014075071
0.0,0.07773903
1.0,0.70679283
0.0,0.11998543
0.0,0.04022491
1.0,0.93576753
1.0,0.46038643
0.0,0.010338873
0.0,0.07019019
0.0,0.7093158
0.0,0.022690624
0.0,0.24368301
1.0,0.25875884
1.0,0.9138969
0.0,0.024993896
0.0,0.007155627
0.0,0.79848045
0.0,0.30836642
1.0,0.9493159
0.0,0.037428707
1.0,0.9885551
0.0,0.054244548
1.0,0.9805012
0.0,0.017858088
1.0,0.9669777
1.0,0.7545043
0.0,0.049657226
0.0,0.14268413
0.0,0.021049678
0.0,0.07413423
1.0,0.6600813
1.0,0.011667073
1.0,0.2191875
1.0,0.40817314
1.0,0.7597197
0.0,0.008045167
1.0,0.2489914
1.0,0.83730286
0.0,0.031162381
0.0,0.053055465
0.0,0.04292658
1.0,0.5533945
1.0,0.9887043
0.0,0.9068595
0.0,0.020677835
1.0,0.89116836
0.0,0.025628477
0.0,0.05577621
1.0,0.97322005
0.0,0.58273214
0.0,0.043744624
1.0,0.14029104
1.0,0.9285331
0.0,0.023832947
0.0,0.035486937
0.0,0.034608006
1.0,0.988312
1.0,0.976269
0.0,0.7759422
0.0,0.3202328
1.0,0.99354565
1.0,0.7400079
0.0,0.021424443
0.0,0.10762262
0.0,0.07934812
1.0,0.22884408
1.0,0.2105436
0.0,0.05079022
0.0,0.08146542
1.0,0.9769025
0.0,0.040654242
0.0,0.037707895
0.0,0.07472628
0.0,0.85245883
1.0,0.97263014
0.0,0.85972154
0.0,0.031726032
0.0,0.9043901
0.0,0.32746488
0.0,0.07081938
1.0,0.8051383
1.0,0.73568976
0.0,0.20567879
1.0,0.984045
0.0,0.3831879
1.0,0.9602646
1.0,0.08144072
1.0,0.9496684
0.0,0.017898113
0.0,0.263132
0.0,0.022451848
1.0,0.9956118
0.0,0.017531812
1.0,0.99266934
0.0,0.08193305
0.0,0.010396183
1.0,0.10722259
1.0,0.9697742
0.0,0.01280123
1.0,0.8250226
0.0,0.04715708
1.0,0.9622574
0.0,0.0059769154
1.0,0.64228684
1.0,0.053302914
0.0,0.05183789
0.0,0.015062094
0.0,0.022122145
0.0,0.031031787
0.0,0.023802787
0.0,0.9117285
0.0,0.06974119
0.0,0.027881593
0.0,0.97009146
0.0,0.0134758055
1.0,0.97169286
0.0,0.38697705
0.0,0.3394354
1.0,0.9964526
0.0,0.07852048
1.0,0.99612194
0.0,0.046601474
1.0,0.9917854
0.0,0.018866181
0.0,0.09336126
1.0,0.9905987
0.0,0.061141193
0.0,0.017183155
0.0,0.045859516
1.0,0.9842366
1.0,0.42899853
0.0,0.020872325
1.0,0.95958143
1.0,0.25689143
1.0,0.9766784
0.0,0.39895028
1.0,0.15608013
1.0,0.9254711
0.0,0.15843779
1.0,0.5474047
1.0,0.52878505
0.0,0.05760905
0.0,0.014481485
0.0,0.031565994
0.0,0.052979022
0.0,0.016582578
0.0,0.058733523
0.0,0.04463756
0.0,0.0054889023
1.0,0.91593313
0.0,0.09806687
0.0,0.00930652
0.0,0.03453046
0.0,0.09145045
1.0,0.8017827
0.0,0.009303957
1.0,0.91052806
0.0,0.27519426
0.0,0.015036553
1.0,0.6362106
1.0,0.8775536
0.0,0.13064012
0.0,0.04425612
1.0,0.89457256
0.0,0.94708586
0.0,0.054974586
1.0,0.7537259
1.0,0.7271514
1.0,0.7851274
1.0,0.8210788
0.0,0.036855787
0.0,0.008377284
1.0,0.6382935
0.0,0.033525318
0.0,0.0077759326
1.0,0.98784673
1.0,0.8651668
1.0,0.98538053
0.0,0.029654324
1.0,0.23749667
1.0,0.9640963
1.0,0.969412
0.0,0.010989368
0.0,0.011559606
1.0,0.18470317
0.0,0.05957839
0.0,0.754585
0.0,0.041268647
1.0,0.9897478
0.0,0.038287133
0.0,0.044858426
0.0,0.06597495
0.0,0.19718269
0.0,0.07902157
0.0,0.013561279
0.0,0.8597464
1.0,0.9966923
0.0,0.07700038
1.0,0.87069184
0.0,0.010337591
0.0,0.7955167
0.0,0.89892066
1.0,0.021744162
0.0,0.7128039
0.0,0.025162458
0.0,0.005968064
0.0,0.29703623
0.0,0.08203584
1.0,0.9871885
0.0,0.44338542
1.0,0.9590478
0.0,0.03410521
0.0,0.059080273
0.0,0.042573363
0.0,0.65769917
0.0,0.09252533
0.0,0.5555435
0.0,0.42471695
0.0,0.219385
1.0,0.9161536
0.0,0.05669388
1.0,0.6614698
1.0,0.6528244
0.0,0.08452803
0.0,0.042253673
1.0,0.7569093
0.0,0.030041218
1.0,0.6839506
1.0,0.77177113
0.0,0.018047929
1.0,0.4619388
0.0,0.010968924
1.0,0.9845118
0.0,0.1374113
0.0,0.18133849
1.0,0.47622257
0.0,0.76617724
0.0,0.010452479
0.0,0.74533176
1.0,0.753104
1.0,0.96622956
0.0,0.008914322
0.0,0.090087056
1.0,0.5481414
0.0,0.76785505
1.0,0.16025513
0.0,0.15387172
1.0,0.092041284
0.0,0.6902605
0.0,0.050303042
0.0,0.80608225
0.0,0.03579104
0.0,0.13907361
1.0,0.040243387
0.0,0.37172753
1.0,0.8978212
0.0,0.059509754
1.0,0.38790238
0.0,0.013754278
0.0,0.009745985
0.0,0.053317755
0.0,0.041289568
0.0,0.1847772
0.0,0.09621918
0.0,0.092820734
0.0,0.107533485
1.0,0.95521545
0.0,0.0324848
0.0,0.07182929
1.0,0.81993526
1.0,0.5108672
0.0,0.036516935
0.0,0.121479005
1.0,0.7254085
0.0,0.2320362
1.0,0.08015412
1.0,0.9304321
1.0,0.72752225
1.0,0.8154782
0.0,0.04514134
0.0,0.008403927
1.0,0.3113741
0.0,0.24788034
1.0,0.98318094
1.0,0.79699016
1.0,0.98707867
0.0,0.119514614
0.0,0.016136706
0.0,0.16626212
0.0,0.051903635
1.0,0.22999191
1.0,0.9009199
0.0,0.11993861
0.0,0.1723347
0.0,0.09994176
0.0,0.20624384
1.0,0.05714816
1.0,0.7295927
1.0,0.9656623
0.0,0.92638934
1.0,0.47220212
1.0,0.757318
1.0,0.36563835
1.0,0.96265906
0.0,0.31201798
0.0,0.71218157
0.0,0.77117527
0.0,0.020352244
1.0,0.90568453
1.0,0.9889277
1.0,0.922655
1.0,0.89700794
0.0,0.055737793
0.0,0.010009766
0.0,0.032217562
0.0,0.06892535
1.0,0.90982246
0.0,0.2661008
0.0,0.03856057
0.0,0.117742985
0.0,0.024751842
1.0,0.84843934
1.0,0.76059145
1.0,0.9571065
0.0,0.120504975
0.0,0.118567765
1.0,0.7631191
1.0,0.9892517
0.0,0.053615212
1.0,0.9262713
0.0,0.76052594
1.0,0.9945852
1.0,0.99349344
1.0,0.6253566
0.0,0.049156338
0.0,0.10872507
1.0,0.9921851
0.0,0.104322344
0.0,0.30077195
1.0,0.99000466
0.0,0.04690495
0.0,0.061532438
0.0,0.10816935
1.0,0.30502903
0.0,0.47054267
0.0,0.2897498
1.0,0.70852286
0.0,0.570804
0.0,0.04655838
0.0,0.057083517
0.0,0.30793756
1.0,0.7312708
0.0,0.8451598
0.0,0.0382998
0.0,0.008694887
1.0,0.21777195
0.0,0.07689747
0.0,0.009048969
1.0,0.8041395
0.0,0.48411673
0.0,0.019027323
1.0,0.983078
1.0,0.878014
0.0,0.0063426495
1.0,0.32485354
1.0,0.4059371
0.0,0.5088794
0.0,0.6381736
1.0,0.6064118
1.0,0.7981911
0.0,0.022636592
1.0,0.15744194
1.0,0.18770981
1.0,0.25659776
0.0,0.1516884
1.0,0.16928974
0.0,0.036067754
1.0,0.8455017
0.0,0.008977681
1.0,0.9170696
0.0,0.736876
0.0,0.17066821
1.0,0.78862756
0.0,0.041039586
1.0,0.9447688
1.0,0.7623844
1.0,0.9623618
1.0,0.6927774
0.0,0.059702814
1.0,0.064733714
0.0,0.50940573
0.0,0.012558788
0.0,0.0586271
0.0,0.034153223
1.0,0.9666648
0.0,0.021062493
0.0,0.41647378
0.0,0.54540426
0.0,0.60898834
1.0,0.91125476
0.0,0.41228732
0.0,0.025145352
0.0,0.07509872
0.0,0.59038484
1.0,0.76981366
0.0,0.016926706
1.0,0.9651208
1.0,0.98065454
0.0,0.76469195
0.0,0.011192888
0.0,0.012275338
1.0,0.96189797
0.0,0.04544115
1.0,0.06618026
1.0,0.7637811
1.0,0.9666538
0.0,0.76463044
0.0,0.29490715
0.0,0.017198294
0.0,0.70744413
0.0,0.035916805
0.0,0.01505205
0.0,0.25413024
1.0,0.58311975
0.0,0.2661671
1.0,0.90941244
0.0,0.22093514
1.0,0.9224862
1.0,0.96122086
1.0,0.57331055
1.0,0.89883846
0.0,0.23852462
0.0,0.9597769
0.0,0.077005714
1.0,0.7793389
1.0,0.95763004
0.0,0.02006194
1.0,0.35224274
1.0,0.9640049
1.0,0.8153978
1.0,0.3350112
0.0,0.6079045
0.0,0.049197406
1.0,0.9187297
0.0,0.030088246
0.0,0.111748666
1.0,0.9809071
0.0,0.0239999
0.0,0.65111077
0.0,0.1382736
0.0,0.010305673
0.0,0.067677915
1.0,0.9874983
0.0,0.015748948
0.0,0.40599015
1.0,0.14736545
0.0,0.060439467
1.0,0.9560607
0.0,0.28016782
0.0,0.026540548
0.0,0.013572365
0.0,0.5075012
1.0,0.7370484
0.0,0.24538127
0.0,0.11487946
1.0,0.8647002
1.0,0.8740742
0.0,0.041904926
0.0,0.027339995
0.0,0.027315617
1.0,0.4797146
0.0,0.110253274
1.0,0.9246675
1.0,0.82536083
1.0,0.2969391
1.0,0.95975435
1.0,0.88792217
0.0,0.9293713
1.0,0.88104266
1.0,0.9872829
0.0,0.016201824
0.0,0.012851566
0.0,0.04229051
1.0,0.78991795
0.0,0.033011824
0.0,0.022785604
0.0,0.085647225
1.0,0.9768944
0.0,0.067619115
1.0,0.9486511
0.0,0.16852823
0.0,0.62005085
0.0,0.07351893
0.0,0.0385333
0.0,0.031573057
1.0,0.7395941
1.0,0.98623276
0.0,0.039474547
0.0,0.09274116
1.0,0.49724603
0.0,0.0064920783
1.0,0.98867303
0.0,0.041730225
0.0,0.027588934
0.0,0.033917338
1.0,0.9776561
1.0,0.82284534
0.0,0.060130328
0.0,0.15416989
1.0,0.7482038
0.0,0.06552076
0.0,0.017168194
1.0,0.9193423
1.0,0.99294496
1.0,0.8878113
0.0,0.033920616
1.0,0.9712961
1.0,0.94324565
0.0,0.18401456
0.0,0.039144218
0.0,0.015595436
0.0,0.057170928
0.0,0.008728802
0.0,0.035104126
1.0,0.5818535
1.0,0.8556771
0.0,0.11406082
0.0,0.02500993
0.0,0.06829059
0.0,0.13385615
1.0,0.9605925
0.0,0.9601195
0.0,0.040968686
0.0,0.79697347
0.0,0.9757326
1.0,0.07579464
0.0,0.0090277195
0.0,0.655872
1.0,0.96710074
0.0,0.059276253
0.0,0.11174187
0.0,0.04947239
0.0,0.021634817
1.0,0.7943007
1.0,0.9280671
0.0,0.0391455
0.0,0.96747345
0.0,0.010394037
0.0,0.9608734
0.0,0.93529
0.0,0.24929005
0.0,0.012588561
0.0,0.13618445
1.0,0.020311683
0.0,0.04728973
1.0,0.1730249
0.0,0.6468216
0.0,0.0059610903
0.0,0.07834941
0.0,0.23755378
0.0,0.28377646
0.0,0.035993695
1.0,0.98167646
0.0,0.0131595135
0.0,0.67055774
0.0,0.08644053
1.0,0.6844009
1.0,0.94030356
0.0,0.04465127
0.0,0.4303528
0.0,0.00959909
1.0,0.9948437
1.0,0.86869806
1.0,0.98638535
0.0,0.10126737
1.0,0.9916768
0.0,0.045371294
0.0,0.009103894
0.0,0.040741235
1.0,0.03247845
0.0,0.0071156025
0.0,0.018731147
1.0,0.9952106
1.0,0.31774902
0.0,0.023553312
1.0,0.9965766
0.0,0.052024245
1.0,0.81353456
0.0,0.09999409
1.0,0.94277865
0.0,0.9713231
0.0,0.18703288
1.0,0.8980521
0.0,0.013034731
0.0,0.09319401
0.0,0.038899988
0.0,0.027357459
0.0,0.061228424
0.0,0.03097266
1.0,0.86448413
1.0,0.75477564
0.0,0.48892784
0.0,0.038443297
0.0,0.025274962
0.0,0.09115264
1.0,0.99460685
0.0,0.03259492
0.0,0.07416108
0.0,0.8367671
0.0,0.16441134
0.0,0.0085065365
1.0,0.95078695
1.0,0.9446125
0.0,0.007968843
0.0,0.019172907
0.0,0.037962317
0.0,0.012579143
1.0,0.7571022
0.0,0.74848235
0.0,0.040670425
0.0,0.031223536
1.0,0.88833123
0.0,0.021722496
0.0,0.29657984
1.0,0.9670006
0.0,0.021980166
0.0,0.17807063
1.0,0.75672495
1.0,0.7878052
1.0,0.9472134
0.0,0.00854665
0.0,0.012874126
0.0,0.2461302
0.0,0.030449778
1.0,0.45797828
0.0,0.2084389
1.0,0.16887471
0.0,0.008832008
0.0,0.015222162
0.0,0.12572971
1.0,0.9854543
0.0,0.8158158
0.0,0.09851888
0.0,0.35680148
1.0,0.73086107
0.0,0.041699827
0.0,0.26565823
0.0,0.0067256093
1.0,0.12376684
0.0,0.020026892
0.0,0.0092743635
1.0,0.1265159
1.0,0.98070645
0.0,0.009008318
1.0,0.99392545
1.0,0.99249905
1.0,0.9308044
1.0,0.8753562
0.0,0.04363796
1.0,0.9006163
0.0,0.9940007
1.0,0.090738446
0.0,0.02040568
1.0,0.29078016
0.0,0.81206286
1.0,0.26682356
1.0,0.9950885
1.0,0.7300657
0.0,0.012243658
0.0,0.7096429
0.0,0.7954102
0.0,0.0215213
0.0,0.03544727
0.0,0.17496401
1.0,0.99257994
1.0,0.988291
1.0,0.2297245
0.0,0.011044174
0.0,0.018797874
0.0,0.07428825
0.0,0.67751694
1.0,0.038959205
0.0,0.072288275
0.0,0.026936293
0.0,0.052309453
0.0,0.3148184
1.0,0.9066341
0.0,0.56533355
0.0,0.8567656
0.0,0.23638543
1.0,0.44554144
0.0,0.049638927
0.0,0.47832796
1.0,0.16735014
0.0,0.21598825
1.0,0.22057635
0.0,0.036653906
0.0,0.33039108
0.0,0.012525618
0.0,0.04732427
0.0,0.0076653063
1.0,0.9321854
0.0,0.08216947
0.0,0.07036793
1.0,0.9881269
1.0,0.9795362
0.0,0.18518075
1.0,0.03825286
0.0,0.2120091
0.0,0.060088724
1.0,0.96935093
0.0,0.0064759254
0.0,0.1334891
0.0,0.044687778
0.0,0.01218164
1.0,0.9881473
1.0,0.9613571
1.0,0.77868557
1.0,0.98430026
0.0,0.016867757
0.0,0.04117763
0.0,0.061489046
1.0,0.98195994
0.0,0.020684063
0.0,0.045544684
1.0,0.96907043
1.0,0.5287628
1.0,0.90452427
0.0,0.016605645
0.0,0.27487615
0.0,0.55852354
1.0,0.9903524
1.0,0.9610658
1.0,0.9223307
0.0,0.25154406
0.0,0.0065265596
0.0,0.010080695
1.0,0.8988503
1.0,0.19052169
0.0,0.27053005
1.0,0.9549659
1.0,0.63550544
1.0,0.9599638
1.0,0.52716863
0.0,0.41909993
0.0,0.065986425
1.0,0.47417226
1.0,0.75276244
0.0,0.046430826
0.0,0.048721343
0.0,0.021268368
0.0,0.028865308
0.0,0.044744432
0.0,0.6911975
0.0,0.026789308
0.0,0.061343312
1.0,0.8752854
1.0,0.78889585
0.0,0.805897
1.0,0.97987264
0.0,0.010720462
1.0,0.933879
0.0,0.25422806
1.0,0.97867477
0.0,0.008048177
0.0,0.007825524
0.0,0.014668435
0.0,0.42135844
1.0,0.12576577
1.0,0.989717
0.0,0.06214252
0.0,0.13127172
1.0,0.23741546
0.0,0.07957426
1.0,0.97902465
1.0,0.75779915
0.0,0.019215316
0.0,0.043937266
0.0,0.28915054
0.0,0.9966985
0.0,0.81100583
0.0,0.01965198
0.0,0.4557448
0.0,0.040862054
1.0,0.97899723
1.0,0.9649831
1.0,0.86645585
1.0,0.8758246
0.0,0.021606416
0.0,0.6060756
1.0,0.9185412
0.0,0.43968794
0.0,0.029389024
0.0,0.036640882
1.0,0.2611689
1.0,0.283328
0.0,0.01584661
1.0,0.9540963
1.0,0.9878238
0.0,0.008409351
0.0,0.025510758
1.0,0.966066
0.0,0.036514908
0.0,0.9432072
0.0,0.0070680976
0.0,0.050459206
1.0,0.07527366
0.0,0.032930523
0.0,0.014180064
0.0,0.2292569
1.0,0.3073545
0.0,0.017452776
0.0,0.074306816
1.0,0.69131553
0.0,0.02439341
0.0,0.19041637
0.0,0.95458114
1.0,0.98886955
1.0,0.58717215
1.0,0.15312329
0.0,0.047819883
0.0,0.1827954
1.0,0.22848475
0.0,0.01816824
0.0,0.010251462
0.0,0.13659108
0.0,0.049712986
1.0,0.5300716
0.0,0.18662834
0.0,0.86027557
1.0,0.655671
0.0,0.050952554
0.0,0.050423443
0.0,0.78512836
0.0,0.30522913
1.0,0.7846274
1.0,0.987429
0.0,0.47054073
1.0,0.70908594
0.0,0.028269857
0.0,0.03339976
0.0,0.007836968
1.0,0.47297996
0.0,0.013710618
0.0,0.038279265
1.0,0.9561001
1.0,0.7599933
1.0,0.8613877
0.0,0.6775861
1.0,0.91435015
1.0,0.8378414
0.0,0.007417232
0.0,0.9161954
0.0,0.62854797
1.0,0.4190141
0.0,0.043131202
0.0,0.25074375
0.0,0.030929923
0.0,0.047338575
0.0,0.032107204
0.0,0.07427266
0.0,0.28035396
0.0,0.76125324
0.0,0.3875776
1.0,0.7061521
1.0,0.8231118
1.0,0.74929386
0.0,0.017574549
1.0,0.9958383
0.0,0.26619166
0.0,0.03975326
1.0,0.96693385
0.0,0.24122578
0.0,0.025616586
0.0,0.20115355
0.0,0.030158997
0.0,0.21074876
0.0,0.8330548
0.0,0.052320838
1.0,0.8974326
0.0,0.008819222
0.0,0.023992896
0.0,0.010309756
1.0,0.9559097
1.0,0.9519806
0.0,0.76197314
1.0,0.67507064
0.0,0.039334744
1.0,0.17150459
0.0,0.015464097
0.0,0.024601996
1.0,0.055918306
0.0,0.007922441
0.0,0.019302428
1.0,0.501207
0.0,0.057435095
1.0,0.04697877
0.0,0.20446384
0.0,0.019594848
1.0,0.911877
0.0,0.026197255
0.0,0.27354148
0.0,0.76566917
0.0,0.01883009
0.0,0.004594356
1.0,0.90906227
0.0,0.009172171
0.0,0.09966344
0.0,0.04035929
1.0,0.514047
0.0,0.95835793
0.0,0.050531447
1.0,0.8201778
0.0,0.024024904
0.0,0.012128353
0.0,0.07189828
0.0,0.10295299
1.0,0.2653104
0.0,0.04281935
0.0,0.012943298
0.0,0.01808536
0.0,0.011434883
0.0,0.6908867
1.0,0.97617894
1.0,0.7907992
0.0,0.01847279
1.0,0.9341981
0.0,0.037659466
0.0,0.025034547
0.0,0.062928796
0.0,0.070412755
1.0,0.96907365
0.0,0.041728646
0.0,0.02311775
0.0,0.11402401
0.0,0.13333568
0.0,0.20741552
0.0,0.02328378
0.0,0.005944848
0.0,0.013241559
0.0,0.011739969
0.0,0.9648303
1.0,0.27207547
0.0,0.048215955
0.0,0.027157784
0.0,0.015200049
1.0,0.9954183
0.0,0.13496667
1.0,0.91928893
0.0,0.16421804
0.0,0.039188743
0.0,0.14034948
1.0,0.98449945
1.0,0.99520195
1.0,0.9481753
1.0,0.5093891
0.0,0.30694854
0.0,0.010977089
1.0,0.9903692
1.0,0.95584214
0.0,0.030130327
0.0,0.058913708
0.0,0.82599396
1.0,0.97950387
0.0,0.035164386
0.0,0.012266666
0.0,0.050652802
0.0,0.046697438
1.0,0.54780173
1.0,0.9661663
0.0,0.0062201023
1.0,0.6395446
0.0,0.042227477
0.0,0.057278037
0.0,0.014980525
0.0,0.033762187
0.0,0.031037003
1.0,0.917462
0.0,0.008152515
0.0,0.095648974
0.0,0.8209109
0.0,0.11181182
0.0,0.80590856
1.0,0.98714596
0.0,0.0375669
0.0,0.03722304
1.0,0.93771946
0.0,0.43482372
0.0,0.018307775
1.0,0.9659463
1.0,0.772284
0.0,0.058473915
1.0,0.8515086
0.0,0.37176
1.0,0.7919626
1.0,0.9978012
0.0,0.1346541
1.0,0.9480791
0.0,0.047145307
0.0,0.0639486
0.0,0.50062877
0.0,0.5292917
0.0,0.041996956
0.0,0.013618559
0.0,0.38663274
1.0,0.9489077
0.0,0.11304045
0.0,0.045399725
0.0,0.3638119
0.0,0.25170475
1.0,0.95260245
0.0,0.02980277
0.0,0.5737639
0.0,0.033812046
0.0,0.016332239
0.0,0.02112034
0.0,0.9666964
1.0,0.11336082
0.0,0.13009259
1.0,0.8397382
0.0,0.011500925
1.0,0.14579064
0.0,0.0721516
0.0,0.0907059
0.0,0.048629135
0.0,0.6730974
0.0,0.51492125
0.0,0.05140671
0.0,0.17590731
0.0,0.017325968
0.0,0.36487746
0.0,0.9202386
1.0,0.97839844
0.0,0.6181577
0.0,0.030929089
1.0,0.9942434
0.0,0.011798978
0.0,0.01560843
0.0,0.010156184
1.0,0.80094993
1.0,0.52247673
1.0,0.59962136
1.0,0.980779
0.0,0.12714377
1.0,0.87811637
0.0,0.21155116
1.0,0.5403274
0.0,0.22751951
0.0,0.968321
0.0,0.21191588
0.0,0.016210794
0.0,0.0612998
1.0,0.96910566
1.0,0.35554028
0.0,0.9931649
1.0,0.668156
0.0,0.021010518
1.0,0.97303
0.0,0.042215258
0.0,0.025369912
0.0,0.9544943
0.0,0.4267876
0.0,0.15469438
0.0,0.008988529
1.0,0.99714494
0.0,0.0082075
1.0,0.99352276
1.0,0.8450462
1.0,0.97899354
0.0,0.016887456
0.0,0.9875169
0.0,0.017213643
0.0,0.15783536
0.0,0.31533742
1.0,0.27241975
0.0,0.19867364
0.0,0.12046385
0.0,0.06930667
0.0,0.026175767
0.0,0.008935958
0.0,0.10479739
0.0,0.8240683
0.0,0.022253811
0.0,0.72148305
1.0,0.99014175
0.0,0.4368486
0.0,0.053245038
0.0,0.009203047
0.0,0.014041722
1.0,0.9079279
0.0,0.5858333
1.0,0.9857206
0.0,0.59577215
1.0,0.99725306
1.0,0.9684564
0.0,0.016526848
0.0,0.07650676
0.0,0.048995197
0.0,0.24607295
0.0,0.048864096
0.0,0.6455606
1.0,0.9797183
0.0,0.025432497
1.0,0.6081336
0.0,0.4317879
0.0,0.02259311
0.0,0.034306973
1.0,0.960871
0.0,0.02505681
1.0,0.9931479
0.0,0.011996716
0.0,0.06625286
0.0,0.68327045
0.0,0.5969384
0.0,0.113850534
0.0,0.030558497
1.0,0.6968033
1.0,0.8809801
0.0,0.16154066
0.0,0.05486387
0.0,0.031101793
1.0,0.9667479
0.0,0.061866105
1.0,0.3591369
0.0,0.087278545
1.0,0.9014053
1.0,0.9383044
0.0,0.055442005
0.0,0.048869997
0.0,0.018981755
1.0,0.90433025
0.0,0.22258052
0.0,0.8381161
1.0,0.9732715
1.0,0.41312087
0.0,0.728848
0.0,0.041267395
1.0,0.97869
0.0,0.029121459
0.0,0.031814694
0.0,0.011668563
1.0,0.68641067
0.0,0.07707077
0.0,0.07030544
1.0,0.9485353
1.0,0.82002085
0.0,0.56123173
0.0,0.029882818
0.0,0.03022337
1.0,0.9499732
1.0,0.98178655
1.0,0.70954454
0.0,0.10332137
0.0,0.013076603
0.0,0.023366243
0.0,0.007635802
1.0,0.8944167
0.0,0.007443577
0.0,0.6678073
0.0,0.20404205
0.0,0.60262525
0.0,0.28908288
0.0,0.026854515
0.0,0.18209964
0.0,0.075115055
0.0,0.017217427
1.0,0.26798266
1.0,0.9052608
0.0,0.6529608
0.0,0.18902346
1.0,0.047718942
0.0,0.010877103
1.0,0.9255896
0.0,0.04298356
0.0,0.03305587
1.0,0.9540069
1.0,0.98437715
0.0,0.2597733
0.0,0.069343746
1.0,0.2714166
0.0,0.14525726
0.0,0.21767145
0.0,0.9907872
0.0,0.049731165
1.0,0.89381266
1.0,0.28178033
0.0,0.23326239
0.0,0.0068879724
0.0,0.06530738
1.0,0.92061263
0.0,0.017717749
1.0,0.3723156
0.0,0.05139327
1.0,0.8243139
1.0,0.69068515
0.0,0.65608585
1.0,0.20073879
0.0,0.70724106
0.0,0.022649407
1.0,0.9867198
1.0,0.18581843
0.0,0.050266504
0.0,0.30644697
0.0,0.74757457
0.0,0.8913462
1.0,0.9693098
0.0,0.084741205
0.0,0.30527347
0.0,0.013493419
1.0,0.96584356
0.0,0.052179575
0.0,0.8180945
1.0,0.95657456
0.0,0.009772569
0.0,0.8389591
0.0,0.067426115
1.0,0.3605367
0.0,0.17573649
1.0,0.9747497
0.0,0.026637018
1.0,0.058258206
1.0,0.56451124
1.0,0.9772686
1.0,0.90150905
0.0,0.0145661235
1.0,0.3313521
0.0,0.029150695
1.0,0.98685646
1.0,0.8124695
0.0,0.39547527
1.0,0.8666192
0.0,0.008565515
1.0,0.6280074
1.0,0.4226169
0.0,0.042628348
0.0,0.9727318
1.0,0.99580944
1.0,0.20787051
0.0,0.14970827
0.0,0.40612656
0.0,0.005335897
0.0,0.021875381
0.0,0.5947659
1.0,0.8945837
1.0,0.95791525
1.0,0.47377136
1.0,0.7765843
1.0,0.99537015
1.0,0.9876373
0.0,0.55824983
1.0,0.93558323
0.0,0.015346259
0.0,0.050483674
0.0,0.12918735
1.0,0.047725677
1.0,0.701159
0.0,0.037782997
0.0,0.049245536
0.0,0.89032376
1.0,0.63447654
1.0,0.10296631
1.0,0.91852885
0.0,0.012590021
0.0,0.9807707
0.0,0.09271151
0.0,0.15783638
0.0,0.050088882
0.0,0.03758332
1.0,0.97953176
1.0,0.9155258
0.0,0.037975132
0.0,0.049027592
0.0,0.77392125
0.0,0.7689283
0.0,0.6672319
0.0,0.1818111
0.0,0.788291
1.0,0.6304636
0.0,0.11906806
1.0,0.9109859
0.0,0.0148791075
0.0,0.89547926
0.0,0.08563465
0.0,0.69140166
1.0,0.96602714
1.0,0.8241325
1.0,0.7545521
1.0,0.7712514
0.0,0.0072316527
0.0,0.2612922
1.0,0.62297255
1.0,0.8932699
0.0,0.29431653
0.0,0.02650863
0.0,0.07652214
1.0,0.76425016
0.0,0.022335082
1.0,0.055183023
0.0,0.038793027
0.0,0.08252451
0.0,0.03638938
0.0,0.035437226
0.0,0.1306999
0.0,0.059779644
0.0,0.14140895
1.0,0.984231
0.0,0.011057705
0.0,0.6062185
0.0,0.026937753
1.0,0.42456493
0.0,0.05595529
1.0,0.98814934
0.0,0.026207238
0.0,0.023714542
0.0,0.019377291
0.0,0.085528344
0.0,0.035593122
0.0,0.031834155
1.0,0.9687259
0.0,0.13299426
1.0,0.79513645
1.0,0.96583676
0.0,0.04476279
0.0,0.04415235
1.0,0.9277781
1.0,0.99661434
0.0,0.36572114
0.0,0.49796876
0.0,0.14442614
0.0,0.10019383
0.0,0.025990069
1.0,0.3208868
0.0,0.07000926
1.0,0.64333427
1.0,0.4462728
0.0,0.977479
0.0,0.07102129
0.0,0.022051394
0.0,0.026259303
0.0,0.8976195
0.0,0.025181025
0.0,0.018690407
0.0,0.7839467
1.0,0.8036945
1.0,0.785163
0.0,0.039696604
0.0,0.036189795
0.0,0.11951563
1.0,0.9443263
0.0,0.009450823
0.0,0.023890346
1.0,0.5778674
1.0,0.97367626
0.0,0.20289841
0.0,0.07713315
0.0,0.038283348
1.0,0.9738404
0.0,0.044636875
1.0,0.9744718
1.0,0.7175869
0.0,0.01610288
0.0,0.07603997
0.0,0.042703748
1.0,0.64388233
0.0,0.058922768
1.0,0.81531936
0.0,0.014085859
1.0,0.7023854
0.0,0.0575383
0.0,0.07089645
0.0,0.013431668
1.0,0.9929054
0.0,0.81991756
1.0,0.98664916
1.0,0.95739007
0.0,0.020348579
1.0,0.25987625
0.0,0.072907925
1.0,0.29605514
0.0,0.013410151
1.0,0.9524817
0.0,0.008994877
1.0,0.81710726
1.0,0.9790411
1.0,0.98944473
0.0,0.03428611
1.0,0.9514611
1.0,0.36195517
0.0,0.043808848
1.0,0.97109705
1.0,0.5041434
1.0,0.08549776
0.0,0.17904676
0.0,0.028626185
0.0,0.97918314
0.0,0.08839863
