0.0,0.12638259
0.0,0.85228455
1.0,0.25596854
0.0,0.06903979
1.0,0.53410894
0.0,0.018717498
1.0,0.95615757
1.0,0.7693631
1.0,0.69316983
0.0,0.0033714473
0.0,0.19446191
1.0,0.919958
0.0,0.0062755346
0.0,0.1135923
0.0,0.025307804
0.0,0.0025515556
1.0,0.14325354
0.0,0.020464838
0.0,0.010265261
1.0,0.5042439
1.0,0.705202
0.0,0.0050126016
1.0,0.95369816
0.0,0.020893008
0.0,0.0053124726
1.0,0.76765585
0.0,0.04564786
1.0,0.90108216
0.0,0.015843153
1.0,0.88657653
0.0,0.009789228
0.0,0.26627725
1.0,0.9411732
1.0,0.99081814
1.0,0.90129066
1.0,0.9782126
1.0,0.48010147
0.0,0.016177505
1.0,0.95484304
1.0,0.030727237
1.0,0.9644129
1.0,0.98255384
0.0,0.00853917
1.0,0.9769437
1.0,0.8586542
0.0,0.02985996
0.0,0.0018490255
0.0,0.058154225
0.0,0.013859361
1.0,0.9946499
0.0,0.27369285
1.0,0.8096558
1.0,0.98088515
1.0,0.7031132
0.0,0.008239299
0.0,0.0053293407
0.0,0.046588898
1.0,0.034481972
1.0,0.7778182
1.0,0.15705842
1.0,0.9904324
0.0,0.33420214
1.0,0.98873496
1.0,0.8850386
1.0,0.98066103
0.0,0.23057228
0.0,0.057845265
1.0,0.97724944
0.0,0.008990407
1.0,0.9318043
0.0,0.21024242
1.0,0.95187163
0.0,0.0014783442
0.0,0.046216458
1.0,0.37775669
0.0,0.05191171
0.0,0.0055601597
0.0,0.28164184
0.0,0.0078068674
1.0,0.9323129
0.0,0.014511734
1.0,0.98339474
1.0,0.974881
1.0,0.99853146
1.0,0.9835422
1.0,0.84420955
1.0,0.9870512
0.0,0.11549571
0.0,0.026848495
1.0,0.82683897
0.0,0.003037572
1.0,0.13208708
0.0,0.010204047
0.0,0.77796805
0.0,0.32741112
1.0,0.96111965
0.0,0.014909327
0.0,0.024747431
1.0,0.51314145
1.0,0.9899882
0.0,0.0061556995
0.0,0.028968096
1.0,0.02153498
0.0,0.14465475
0.0,0.081852525
1.0,0.83086723
1.0,0.016337812
0.0,0.019551635
1.0,0.006290257
1.0,0.98924124
1.0,0.9586303
0.0,0.053230524
1.0,0.024003416
0.0,0.02304244
0.0,0.02271387
1.0,0.5867897
0.0,0.023820698
1.0,0.35067588
1.0,0.5303349
1.0,0.9772793
0.0,0.25362074
1.0,0.98918545
0.0,0.95141584
0.0,0.011549354
0.0,0.3015725
1.0,0.4215644
0.0,0.0062674284
0.0,0.093808174
1.0,0.9611176
1.0,0.79388124
1.0,0.98814726
0.0,0.02132982
0.0,0.010370195
1.0,0.25442573
1.0,0.9826412
0.0,0.71757984
0.0,0.010960519
0.0,0.013552308
0.0,0.04151082
0.0,0.014739335
1.0,0.69309646
0.0,0.085148424
1.0,0.092410535
0.0,0.008203119
0.0,0.0053490996
0.0,0.0011324883
1.0,0.18620408
0.0,0.0060850084
0.0,0.009742469
0.0,0.027700275
0.0,0.069408685
0.0,0.0037434995
0.0,0.007992744
0.0,0.8948065
0.0,0.16872835
1.0,0.97283286
0.0,0.0016989708
0.0,0.0042394996
1.0,0.9946608
0.0,0.011763185
0.0,0.13021958
0.0,0.031230092
0.0,0.01328671
0.0,0.13126364
1.0,0.9958532
0.0,0.08925083
1.0,0.9469186
0.0,0.031031936
0.0,0.0045257807
1.0,0.722434
0.0,0.9635477
0.0,0.96911484
0.0,0.9625623
0.0,0.0013092756
1.0,0.75211203
1.0,0.9037441
0.0,0.04667607
1.0,0.6934488
0.0,0.38511938
1.0,0.9671835
1.0,0.7764157
1.0,0.98293555
1.0,0.9811009
1.0,0.98169637
0.0,0.84647405
0.0,0.0021455884
0.0,0.008112222
0.0,0.9859003
0.0,0.09130308
0.0,0.03278318
1.0,0.17730072
0.0,0.0011036098
0.0,0.8298543
1.0,0.98223996
1.0,0.73001194
1.0,0.9953956
0.0,0.0056595206
0.0,0.035835087
0.0,0.0034500659
1.0,0.056450605
0.0,0.3172321
0.0,0.1306467
0.0,0.6326472
0.0,0.34406793
0.0,0.12398681
1.0,0.02886191
0.0,0.023314685
1.0,0.12476346
0.0,0.0014943779
0.0,0.020950228
0.0,0.0040566027
1.0,0.96912515
0.0,0.03660071
0.0,0.05133471
0.0,0.024114013
0.0,0.004745394
0.0,0.89564276
0.0,0.19959432
1.0,0.99430025
0.0,0.008453697
0.0,0.0074909627
1.0,0.3091541
1.0,0.9895325
0.0,0.31034204
0.0,0.013486266
0.0,0.001565814
0.0,0.08134097
0.0,0.016513735
0.0,0.10614723
1.0,0.97063786
0.0,0.053260326
1.0,0.31096494
0.0,0.0062369704
1.0,0.16134983
1.0,0.49553928
0.0,0.021709919
0.0,0.034899145
0.0,0.015674204
1.0,0.89602995
1.0,0.74715173
1.0,0.98530316
1.0,0.7717284
0.0,0.013033181
0.0,0.85953933
1.0,0.9897648
0.0,0.445575
0.0,0.0037437975
0.0,0.009162426
0.0,0.056571037
0.0,0.06883988
0.0,0.015352219
0.0,0.096181124
1.0,0.5205357
0.0,0.026517779
0.0,0.057307363
0.0,0.047505677
1.0,0.8921025
1.0,0.9733715
0.0,0.018762082
0.0,0.25611997
0.0,0.026738048
1.0,0.98561364
0.0,0.030472845
0.0,0.001513958
0.0,0.023137718
0.0,0.011734962
1.0,0.9920331
1.0,0.9507156
1.0,0.9801363
0.0,0.012580097
1.0,0.9353818
0.0,0.02484715
0.0,0.032986045
0.0,0.35680187
1.0,0.9742067
1.0,0.42373335
0.0,0.002162695
0.0,0.02145058
1.0,0.8605026
1.0,0.3013302
0.0,0.021565616
1.0,0.05837208
1.0,0.9873299
0.0,0.7402019
0.0,0.14546525
0.0,0.042439908
0.0,0.012943596
0.0,0.3796695
0.0,0.021276921
1.0,0.9924289
0.0,0.0154592395
0.0,0.016844273
1.0,0.9974909
0.0,0.0053162277
1.0,0.962185
1.0,0.022194564
1.0,0.9231744
1.0,0.8750849
1.0,0.97745335
0.0,0.039690405
1.0,0.9506298
0.0,0.8677043
1.0,0.99551785
0.0,0.51129425
0.0,0.25106472
0.0,0.01874867
0.0,0.033489794
0.0,0.31447595
1.0,0.9861042
0.0,0.96302426
1.0,0.8078182
0.0,0.87935984
1.0,0.66486025
1.0,0.9875671
0.0,0.015256971
0.0,0.00424698
0.0,0.012455553
1.0,0.9512739
1.0,0.11666873
0.0,0.0016872287
0.0,0.001423955
0.0,0.004926592
0.0,0.026015699
1.0,0.9541875
1.0,0.74339515
0.0,0.01793474
0.0,0.043815225
1.0,0.7973101
1.0,0.98873657
1.0,0.24644181
0.0,0.04261914
0.0,0.8316616
0.0,0.0032496452
0.0,0.64823735
1.0,0.9856597
1.0,0.81857365
0.0,0.03184375
0.0,0.024699539
0.0,0.0048531294
0.0,0.5514189
0.0,0.0032407641
0.0,0.16028029
1.0,0.46432412
0.0,0.13301638
0.0,0.02465728
0.0,0.036461443
0.0,0.3226052
0.0,0.85795784
0.0,0.02367109
0.0,0.0034944415
1.0,0.39696857
0.0,0.02984479
1.0,0.71724397
0.0,0.0020259023
0.0,0.1511122
0.0,0.18686762
0.0,0.0014226139
0.0,0.9757896
1.0,0.58504564
1.0,0.93287504
0.0,0.6241247
1.0,0.8844275
0.0,0.0072987676
0.0,0.44364965
0.0,0.3963703
0.0,0.3657512
0.0,0.01079759
0.0,0.0014153421
1.0,0.22490889
0.0,0.007652968
1.0,0.98506296
0.0,0.08235878
1.0,0.42757958
0.0,0.105510384
1.0,0.036198944
1.0,0.9630354
1.0,0.9651693
0.0,0.0026397705
0.0,0.01728654
1.0,0.9668659
0.0,0.024822026
0.0,0.01959312
1.0,0.014420152
1.0,0.9822246
0.0,0.2469128
1.0,0.9814795
1.0,0.99094486
0.0,0.6458498
0.0,0.023331136
0.0,0.20365849
0.0,0.020787865
0.0,0.011520445
0.0,0.040686667
1.0,0.9809663
0.0,0.07762608
1.0,0.85383916
1.0,0.2378839
0.0,0.0106603205
0.0,0.05892399
0.0,0.8804786
1.0,0.985654
1.0,0.96808505
1.0,0.39474422
0.0,0.09098405
1.0,0.9839471
1.0,0.8979851
0.0,0.0019514561
0.0,0.18691188
0.0,0.901513
0.0,0.8754034
1.0,0.97420406
0.0,0.025194287
1.0,0.3938038
0.0,0.86474997
0.0,0.057045937
0.0,0.022162408
0.0,0.008978933
0.0,0.009031236
0.0,0.017093062
0.0,0.027378231
0.0,0.009252936
0.0,0.016580254
0.0,0.3909496
0.0,0.143819
0.0,0.0091608465
0.0,0.3233749
0.0,0.016570687
1.0,0.64954305
0.0,0.18331847
1.0,0.9669198
0.0,0.013810039
0.0,0.009309053
0.0,0.0038837194
0.0,0.93514997
0.0,0.54927236
0.0,0.07233909
0.0,0.04036802
0.0,0.0012226701
0.0,0.017055571
0.0,0.020715863
0.0,0.6194069
1.0,0.94988346
0.0,0.017456144
0.0,0.0089735985
0.0,0.5796239
0.0,0.028154343
1.0,0.5897151
0.0,0.8493675
1.0,0.27575463
0.0,0.0027056336
0.0,0.16697177
1.0,0.9780091
0.0,0.9052095
1.0,0.8278885
1.0,0.95099604
1.0,0.9431831
1.0,0.97856325
0.0,0.0028740168
1.0,0.75733757
0.0,0.0051881373
0.0,0.011960715
0.0,0.05430457
1.0,0.99621284
0.0,0.0047088265
0.0,0.01903221
1.0,0.2707092
1.0,0.9986125
0.0,0.07483718
0.0,0.0015065372
1.0,0.7566026
0.0,0.046755314
1.0,0.76638365
0.0,0.4785282
0.0,0.25509083
1.0,0.8805204
0.0,0.805871
0.0,0.0025252998
1.0,0.05034533
0.0,0.017448932
1.0,0.99273884
0.0,0.0022528768
1.0,0.38988715
1.0,0.6448723
1.0,0.74796003
1.0,0.9794667
0.0,0.11628616
0.0,0.02484253
1.0,0.84479153
0.0,0.0140042305
0.0,0.2954347
1.0,0.8371007
1.0,0.87422526
1.0,0.9636785
0.0,0.0029484332
1.0,0.96207803
1.0,0.8402681
0.0,0.11375028
1.0,0.98237026
0.0,0.34575772
1.0,0.8690233
1.0,0.9391606
0.0,0.78633034
0.0,0.59205
1.0,0.3687327
0.0,0.28147125
1.0,0.98114604
0.0,0.96262014
0.0,0.029322654
0.0,0.8678723
1.0,0.99363875
0.0,0.0015012622
0.0,0.002176553
0.0,0.78109515
1.0,0.33836266
0.0,0.021784812
0.0,0.0027933717
0.0,0.04872212
0.0,0.7527348
1.0,0.55790585
1.0,0.9244506
0.0,0.07242125
0.0,0.7068929
0.0,0.042147934
0.0,0.044092327
0.0,0.011871159
1.0,0.9682277
0.0,0.036120743
1.0,0.9684027
0.0,0.7559607
0.0,0.13433537
1.0,0.78344893
0.0,0.0126285255
0.0,0.029903442
0.0,0.014475644
0.0,0.0037722886
0.0,0.09842026
0.0,0.0017212331
0.0,0.013542771
0.0,0.027600527
1.0,0.9053445
1.0,0.98669064
0.0,0.0017246604
0.0,0.024909407
1.0,0.9782989
0.0,0.005876273
1.0,0.9285812
0.0,0.20480448
0.0,0.0020369887
1.0,0.8652805
0.0,0.1056951
1.0,0.65495765
0.0,0.26729345
1.0,0.26011035
0.0,0.014692813
0.0,0.028609037
0.0,0.68403345
1.0,0.98471195
0.0,0.0019255579
0.0,0.031543612
0.0,0.006577909
0.0,0.9758798
1.0,0.3453207
0.0,0.0094893575
0.0,0.005250156
1.0,0.9643337
1.0,0.018692344
0.0,0.09791112
1.0,0.7535869
0.0,0.028084308
0.0,0.107924014
1.0,0.96115243
1.0,0.9965761
0.0,0.37918994
1.0,0.9674326
1.0,0.9826642
0.0,0.01005879
0.0,0.026818186
0.0,0.02994752
1.0,0.063289285
0.0,0.0021380186
0.0,0.018528968
0.0,0.004401475
1.0,0.99671876
1.0,0.4088811
0.0,0.005775541
1.0,0.5818279
1.0,0.040938914
0.0,0.47081035
1.0,0.9546454
0.0,0.030411094
1.0,0.94753087
0.0,0.043665677
1.0,0.9421083
0.0,0.014174014
0.0,0.011118233
1.0,0.83350873
0.0,0.0042113066
1.0,0.8708246
0.0,0.031061769
0.0,0.012905359
0.0,0.0071576536
1.0,0.73931557
0.0,0.26741365
1.0,0.5446369
0.0,0.0024125576
1.0,0.47322267
1.0,0.38853893
0.0,0.0021559894
1.0,0.98748565
1.0,0.9641386
1.0,0.13451365
1.0,0.8835932
0.0,0.012055576
0.0,0.008253276
0.0,0.80401605
1.0,0.94942766
1.0,0.4493227
0.0,0.008458346
0.0,0.027194113
0.0,0.08786142
1.0,0.8941417
0.0,0.32095277
1.0,0.0053887963
1.0,0.97319555
0.0,0.013698727
0.0,0.027068466
1.0,0.9818578
0.0,0.7606003
1.0,0.9851202
0.0,0.73850065
0.0,0.024019271
0.0,0.013092428
1.0,0.053411156
0.0,0.021783054
1.0,0.98670363
0.0,0.011360973
1.0,0.34514484
0.0,0.5705035
0.0,0.05668965
1.0,0.03937453
1.0,0.30866665
1.0,0.74950266
1.0,0.95743454
0.0,0.044127762
0.0,0.021155953
0.0,0.3243448
0.0,0.0010045171
1.0,0.9652479
1.0,0.8315394
0.0,0.0018351376
0.0,0.009841472
0.0,0.0012157261
1.0,0.8353896
0.0,0.01304841
0.0,0.017087579
0.0,0.04687512
0.0,0.13286248
0.0,0.017125815
0.0,0.20065936
1.0,0.8805641
0.0,0.9555329
1.0,0.39698642
0.0,0.01893282
0.0,0.25240323
1.0,0.7147101
1.0,0.9161687
1.0,0.9518939
0.0,0.020683855
0.0,0.24440658
1.0,0.14667869
0.0,0.0021812618
0.0,0.022411644
0.0,0.17286432
1.0,0.8560203
0.0,0.02669686
0.0,0.03366539
1.0,0.9858675
0.0,0.1390306
1.0,0.9953924
1.0,0.93224645
1.0,0.9842311
0.0,0.009071261
1.0,0.9791412
1.0,0.763723
0.0,0.022816986
1.0,0.23549911
0.0,0.009433061
0.0,0.11668238
0.0,0.071092516
0.0,0.0020831823
1.0,0.8876643
1.0,0.36486644
1.0,0.99593294
1.0,0.9741273
1.0,0.98745203
0.0,0.53069
0.0,0.98436326
1.0,0.9858832
0.0,0.014457285
1.0,0.68319327
1.0,0.9921912
0.0,0.031009674
1.0,0.06977621
1.0,0.48032993
0.0,0.011850953
0.0,0.020678788
0.0,0.007266134
0.0,0.021069527
1.0,0.5333525
1.0,0.98151916
0.0,0.0030719638
0.0,0.015067488
1.0,0.041015863
1.0,0.85841674
1.0,0.030844659
0.0,0.021086872
1.0,0.70853096
1.0,0.11994219
0.0,0.016442508
0.0,0.3234197
1.0,0.88519156
1.0,0.98893094
0.0,0.38929158
1.0,0.8553597
0.0,0.06165397
0.0,0.8071203
1.0,0.9911864
0.0,0.6590971
1.0,0.9789698
0.0,0.87367475
0.0,0.22224575
0.0,0.06694707
1.0,0.9508836
1.0,0.34821624
0.0,0.009108305
0.0,0.0062393844
1.0,0.7766717
0.0,0.017273366
1.0,0.98693496
1.0,0.9111658
1.0,0.71556365
0.0,0.04367709
0.0,0.86405605
0.0,0.8229514
0.0,0.008121759
0.0,0.0012238324
1.0,0.99693745
0.0,0.28752506
0.0,0.012752473
1.0,0.9808029
0.0,0.026522905
1.0,0.049490333
1.0,0.8642461
0.0,0.0083627105
0.0,0.3450813
0.0,0.73322684
0.0,0.00823459
0.0,0.0012452304
0.0,0.009903938
0.0,0.009718537
0.0,0.92879045
1.0,0.5911746
1.0,0.96951926
0.0,0.68286914
0.0,0.5207433
0.0,0.009200692
0.0,0.027548015
0.0,0.010611981
1.0,0.01726517
0.0,0.01430878
0.0,0.0014766455
1.0,0.9972557
1.0,0.8089402
0.0,0.0072800517
0.0,0.9782952
0.0,0.00091576576
0.0,0.015713543
0.0,0.0016804934
0.0,0.02683103
1.0,0.935866
1.0,0.71096635
1.0,0.95051616
0.0,0.0017877519
1.0,0.80176175
1.0,0.9532609
0.0,0.041969746
0.0,0.00092741847
1.0,0.82215035
1.0,0.18935686
1.0,0.92176783
1.0,0.9666055
1.0,0.7687582
0.0,0.050323933
0.0,0.23344642
1.0,0.31679273
0.0,0.0057251155
1.0,0.96438676
0.0,0.0074002743
1.0,0.5635494
0.0,0.018971473
0.0,0.13162667
0.0,0.011164188
0.0,0.00897938
0.0,0.15648219
0.0,0.0019003451
0.0,0.0015826523
0.0,0.013273269
0.0,0.6512351
0.0,0.0024938285
0.0,0.0052493215
1.0,0.946756
1.0,0.7598734
1.0,0.98355424
0.0,0.9766805
0.0,0.5527909
0.0,0.85295546
0.0,0.024793804
1.0,0.9889638
1.0,0.20984933
1.0,0.9390237
1.0,0.9897753
0.0,0.8990524
0.0,0.010075927
0.0,0.0049753785
1.0,0.82665706
0.0,0.012229741
1.0,0.0038856864
1.0,0.98226273
0.0,0.066895574
0.0,0.006737113
0.0,0.007641256
0.0,0.7859582
1.0,0.9289907
1.0,0.9788969
0.0,0.02312839
1.0,0.9583991
1.0,0.73423
0.0,0.6461838
0.0,0.020740926
1.0,0.3739989
0.0,0.001057297
0.0,0.07932702
0.0,0.0021476746
0.0,0.31353733
0.0,0.016682923
1.0,0.50197566
0.0,0.025146037
0.0,0.63102806
1.0,0.9903613
1.0,0.95935464
0.0,0.4953661
0.0,0.5848389
1.0,0.75815237
0.0,0.09789181
0.0,0.00072979927
1.0,0.5521522
0.0,0.052715182
0.0,0.01580432
0.0,0.0231736
1.0,0.98713315
0.0,0.15311784
1.0,0.843939
1.0,0.9774169
1.0,0.997779
0.0,0.013053685
1.0,0.8222324
0.0,0.030034542
1.0,0.9669626
0.0,0.069309205
1.0,0.97777283
0.0,0.013677895
0.0,0.013893127
1.0,0.9844295
0.0,0.0071360767
0.0,0.0044358373
1.0,0.6886648
1.0,0.88172555
1.0,0.05292809
1.0,0.80164665
1.0,0.6472817
1.0,0.9814352
1.0,0.7911111
0.0,0.010674298
1.0,0.04881546
1.0,0.9905553
0.0,0.05699259
0.0,0.0024638176
0.0,0.0014145374
1.0,0.62254536
0.0,0.0088211
0.0,0.073457986
0.0,0.23812723
1.0,0.977383
0.0,0.004229933
0.0,0.06585905
1.0,0.6116777
1.0,0.9602264
1.0,0.87705433
1.0,0.11566046
0.0,0.9885075
0.0,0.05251184
0.0,0.045362413
0.0,0.035357296
0.0,0.0016393363
0.0,0.035592377
0.0,0.020205498
1.0,0.033624798
1.0,0.9621606
0.0,0.02522257
1.0,0.8855704
0.0,0.008059293
0.0,0.0011233389
1.0,0.98644775
0.0,0.011096716
0.0,0.8819212
0.0,0.0071207583
0.0,0.14491537
0.0,0.020062834
0.0,0.008481801
0.0,0.9628066
1.0,0.75214285
0.0,0.04584062
0.0,0.1476284
1.0,0.9163673
0.0,0.0040430725
1.0,0.86907256
0.0,0.0258708
0.0,0.0020577013
0.0,0.010818303
0.0,0.20688146
0.0,0.0013380647
0.0,0.0059132874
0.0,0.025565058
0.0,0.024133712
0.0,0.73965365
1.0,0.7218224
0.0,0.052314162
1.0,0.75181186
0.0,0.5965401
1.0,0.036583006
0.0,0.053943276
0.0,0.0026447177
0.0,0.069188595
1.0,0.9655808
1.0,0.027074873
1.0,0.23778477
0.0,0.018625379
0.0,0.5230421
1.0,0.7805213
0.0,0.008449823
0.0,0.0366894
1.0,0.22110581
0.0,0.008915663
1.0,0.959327
1.0,0.16092145
0.0,0.0074142814
1.0,0.4560783
0.0,0.086565554
1.0,0.1489842
0.0,0.2099649
1.0,0.9956752
0.0,0.00084775686
0.0,0.98941886
0.0,0.028632164
0.0,0.031870395
0.0,0.003454864
0.0,0.041029394
0.0,0.015691638
1.0,0.96784437
0.0,0.0047519803
0.0,0.0011575818
0.0,0.0009152591
0.0,0.10961893
0.0,0.116134286
1.0,0.11834529
0.0,0.29542428
0.0,0.1351836
1.0,0.55704
0.0,0.47015026
1.0,0.9714435
0.0,0.7905146
1.0,0.94003737
1.0,0.94787735
0.0,0.0051876307
1.0,0.99697006
0.0,0.5147419
0.0,0.015393585
0.0,0.016083837
0.0,0.056290627
1.0,0.052966356
1.0,0.99157184
0.0,0.032825947
0.0,0.18644431
1.0,0.99490076
0.0,0.024636358
1.0,0.6504793
1.0,0.015229076
1.0,0.83112085
0.0,0.017103165
1.0,0.71686304
0.0,0.017011434
1.0,0.871065
1.0,0.115539074
0.0,0.37810495
0.0,0.72193885
0.0,0.023029774
0.0,0.16518271
1.0,0.7242556
1.0,0.9532315
1.0,0.99140537
0.0,0.018746883
0.0,0.0013226867
1.0,0.9684581
0.0,0.9620577
0.0,0.0012035966
0.0,0.011693835
1.0,0.66732484
0.0,0.030230701
0.0,0.010117322
0.0,0.08936468
0.0,0.020523995
1.0,0.74074644
1.0,0.97855586
0.0,0.062042117
0.0,0.028966933
0.0,0.008806467
1.0,0.9912094
0.0,0.020048112
0.0,0.84170413
1.0,0.8858702
0.0,0.0043637455
0.0,0.75788474
1.0,0.98269504
0.0,0.04918003
1.0,0.25176254
1.0,0.11500403
0.0,0.027704865
0.0,0.02854845
0.0,0.005794376
0.0,0.007060319
1.0,0.98458797
1.0,0.9988259
1.0,0.98928857
1.0,0.13699612
0.0,0.87421143
0.0,0.032547385
1.0,0.74032557
1.0,0.9942658
0.0,0.050936908
0.0,0.022543252
1.0,0.26855254
0.0,0.0058163106
1.0,0.77783394
0.0,0.005790293
0.0,0.27571926
1.0,0.9871503
0.0,0.024559468
0.0,0.0015045702
0.0,0.022752613
0.0,0.026214391
0.0,0.31991714
1.0,0.07066101
0.0,0.02112192
1.0,0.984293
0.0,0.10438365
1.0,0.9760359
0.0,0.14088178
1.0,0.79444355
1.0,0.9847677
1.0,0.9957682
0.0,0.9460813
0.0,0.0018895864
1.0,0.29145044
0.0,0.03309211
0.0,0.03370425
1.0,0.8690016
1.0,0.16213208
0.0,0.14383474
1.0,0.9518394
1.0,0.9816686
0.0,0.89528936
0.0,0.009082258
0.0,0.78110325
0.0,0.0073387623
0.0,0.0014165342
0.0,0.92943966
1.0,0.98527336
1.0,0.9866768
1.0,0.9719669
0.0,0.0013022423
0.0,0.012049377
0.0,0.007901639
0.0,0.015014529
0.0,0.02007389
0.0,0.034276545
1.0,0.9033675
1.0,0.9658494
1.0,0.6437118
0.0,0.09870687
0.0,0.019228727
1.0,0.8835746
0.0,0.08642134
0.0,0.47850564
1.0,0.89200205
0.0,0.82851994
0.0,0.9400444
1.0,0.7615301
0.0,0.031255513
1.0,0.67519265
1.0,0.9097147
0.0,0.96841633
0.0,0.0075944364
1.0,0.9978008
0.0,0.0033492446
0.0,0.49118552
1.0,0.8625662
1.0,0.97452796
1.0,0.75770843
1.0,0.95800817
0.0,0.97445804
0.0,0.018552184
0.0,0.0028398335
1.0,0.81117237
0.0,0.9865358
1.0,0.67740726
0.0,0.8514662
1.0,0.93122184
1.0,0.76393044
0.0,0.057934046
0.0,0.022729874
0.0,0.0038141012
0.0,0.3028853
0.0,0.02914995
0.0,0.008726776
1.0,0.39262116
1.0,0.10179585
0.0,0.92768425
1.0,0.97459674
1.0,0.69056344
0.0,0.0027700365
0.0,0.1327005
1.0,0.8822168
1.0,0.18177614
0.0,0.016241193
0.0,0.07852131
0.0,0.0076215565
0.0,0.019080102
1.0,0.6597445
1.0,0.96331155
0.0,0.030074358
0.0,0.0016054511
0.0,0.033918113
0.0,0.1392537
0.0,0.009207636
0.0,0.019557744
0.0,0.94669485
0.0,0.54148805
0.0,0.007926077
0.0,0.02722904
0.0,0.102081
1.0,0.9889437
1.0,0.88949144
0.0,0.007753819
0.0,0.025524229
0.0,0.0011912286
0.0,0.0028185844
0.0,0.068592876
0.0,0.33716094
0.0,0.020996898
0.0,0.30622324
1.0,0.95900774
1.0,0.996092
1.0,0.89222866
1.0,0.9029748
1.0,0.9918082
0.0,0.46163753
0.0,0.024823844
0.0,0.03019318
0.0,0.035425633
1.0,0.7900029
0.0,0.018992543
1.0,0.9424329
0.0,0.024180442
0.0,0.466572
0.0,0.897069
0.0,0.023145854
0.0,0.03525603
0.0,0.08798239
0.0,0.1950123
0.0,0.009560674
1.0,0.88840556
1.0,0.27848694
0.0,0.11152664
0.0,0.13834807
0.0,0.0065211356
0.0,0.0045895576
1.0,0.98480284
0.0,0.008567631
1.0,0.066082954
0.0,0.031679004
1.0,0.40094873
0.0,0.005354643
0.0,0.089262724
1.0,0.9139427
0.0,0.0018828809
1.0,0.9693465
0.0,0.058927685
0.0,0.5074477
0.0,0.201783
0.0,0.0024794042
0.0,0.0019305646
1.0,0.94087005
1.0,0.99133444
0.0,0.4808441
0.0,0.02172646
0.0,0.009085029
0.0,0.25790024
1.0,0.8721374
0.0,0.70066315
1.0,0.15762132
1.0,0.3433112
0.0,0.77890986
0.0,0.018320918
0.0,0.04497552
0.0,0.017689317
0.0,0.044421285
0.0,0.021625489
0.0,0.035544097
0.0,0.6434926
0.0,0.18842596
1.0,0.934317
0.0,0.9863256
0.0,0.008684009
1.0,0.9224216
0.0,0.017404318
0.0,0.02466175
0.0,0.0016642213
0.0,0.015015483
1.0,0.0610359
1.0,0.9772923
1.0,0.97757125
0.0,0.01356402
0.0,0.00531438
0.0,0.0124053955
0.0,0.38347125
0.0,0.43310156
0.0,0.7845075
1.0,0.9948551
1.0,0.986681
1.0,0.93769646
0.0,0.016906291
1.0,0.98988557
1.0,0.5598091
0.0,0.023990452
1.0,0.9755193
0.0,0.012849063
0.0,0.007605642
0.0,0.7234753
1.0,0.9916557
1.0,0.97603655
1.0,0.8051226
0.0,0.87595683
0.0,0.29914922
0.0,0.008794159
1.0,0.97697276
1.0,0.97844744
1.0,0.9663035
1.0,0.87011296
0.0,0.03333828
0.0,0.011487395
0.0,0.02088207
0.0,0.32488847
1.0,0.9785707
0.0,0.013055801
0.0,0.07444927
0.0,0.115119874
1.0,0.26967904
0.0,0.0228042
0.0,0.2529673
0.0,0.07616657
0.0,0.27187198
0.0,0.012696177
0.0,0.09809652
0.0,0.010592192
0.0,0.22451854
0.0,0.0011634827
1.0,0.99056756
1.0,0.23315856
0.0,0.15560997
0.0,0.9846672
0.0,0.03704962
1.0,0.9069673
0.0,0.0044597387
0.0,0.028255016
0.0,0.5264975
0.0,0.006430745
1.0,0.9647856
0.0,0.008313209
0.0,0.051940054
1.0,0.4796715
1.0,0.96163964
1.0,0.94626343
0.0,0.02016434
0.0,0.09390831
1.0,0.8494961
1.0,0.97922146
1.0,0.98602116
0.0,0.84711516
0.0,0.3261575
0.0,0.0012044013
1.0,0.07787418
1.0,0.9895655
0.0,0.010743439
0.0,0.8226316
1.0,0.7525406
1.0,0.9803219
0.0,0.007724464
1.0,0.8401147
1.0,0.3281721
0.0,0.014835
1.0,0.20452932
0.0,0.031139523
0.0,0.0039241016
0.0,0.9596855
0.0,0.027444243
1.0,0.6810738
0.0,0.2831867
1.0,0.8246734
1.0,0.7384138
1.0,0.66487783
0.0,0.0031865835
0.0,0.43941373
1.0,0.5385633
0.0,0.0021258593
1.0,0.81125
1.0,0.8236723
0.0,0.96363413
0.0,0.02051118
1.0,0.03229922
1.0,0.9886892
0.0,0.0021924376
1.0,0.7999781
1.0,0.17078492
1.0,0.91828525
1.0,0.9940809
1.0,0.25257897
1.0,0.9681647
0.0,0.022687554
0.0,0.23456207
0.0,0.023982435
1.0,0.9505873
1.0,0.48713538
0.0,0.047016054
0.0,0.022101343
1.0,0.10013163
0.0,0.007622957
1.0,0.9875264
0.0,0.09505549
1.0,0.8390396
1.0,0.9676447
0.0,0.15319705
1.0,0.21105671
0.0,0.025854558
1.0,0.99536765
1.0,0.96177983
1.0,0.14332372
0.0,0.020616561
0.0,0.025283247
1.0,0.76594716
0.0,0.060785294
1.0,0.9251107
0.0,0.015037358
0.0,0.9465834
0.0,0.08706349
0.0,0.2836255
0.0,0.0027219057
0.0,0.17365992
0.0,0.09570584
1.0,0.9796753
1.0,0.09211236
0.0,0.017998397
1.0,0.9891623
1.0,0.8599913
0.0,0.9119248
0.0,0.75761116
0.0,0.036274016
0.0,0.01699254
0.0,0.015115112
0.0,0.037378877
1.0,0.3946858
1.0,0.98933375
0.0,0.0031921268
0.0,0.0020735264
0.0,0.82323617
0.0,0.94212735
0.0,0.07395479
1.0,0.956
0.0,0.093690544
0.0,0.051950753
1.0,0.9072077
1.0,0.9688745
0.0,0.01800412
0.0,0.16588217
0.0,0.006304562
1.0,0.95417464
1.0,0.9190428
0.0,0.017944932
0.0,0.028373808
0.0,0.0037267506
0.0,0.14153981
0.0,0.0040775537
1.0,0.9811361
1.0,0.7351216
1.0,0.15517825
0.0,0.0018928945
1.0,0.17348695
0.0,0.372429
1.0,0.99564815
1.0,0.43948027
0.0,0.003414452
0.0,0.0018751621
0.0,0.0024980009
0.0,0.8747978
0.0,0.49012947
1.0,0.9981164
0.0,0.84418
0.0,0.6562145
0.0,0.012248963
0.0,0.0012331903
0.0,0.12588999
0.0,0.057216406
0.0,0.048141718
1.0,0.8273275
1.0,0.98312604
0.0,0.002029717
0.0,0.8810049
0.0,0.689814
0.0,0.032107234
1.0,0.98757386
0.0,0.034914076
0.0,0.14414504
1.0,0.23138213
0.0,0.9200312
0.0,0.012361616
0.0,0.007207632
0.0,0.0042066574
1.0,0.99525106
1.0,0.91568255
0.0,0.0043370724
1.0,0.3942117
1.0,0.97234696
1.0,0.97996724
0.0,0.27060795
0.0,0.108116984
1.0,0.9704294
1.0,0.9798845
0.0,0.0040109158
1.0,0.97074234
0.0,0.02488634
1.0,0.9424734
1.0,0.9311811
1.0,0.92954063
0.0,0.01563394
1.0,0.6987523
1.0,0.2032333
0.0,0.086150646
0.0,0.019458443
0.0,0.98860145
0.0,0.043117404
0.0,0.013469547
0.0,0.0029409826
1.0,0.99696124
0.0,0.06918639
0.0,0.06769362
0.0,0.14061776
0.0,0.0029544234
0.0,0.044703424
0.0,0.022563368
1.0,0.87076056
0.0,0.010696501
0.0,0.015618473
0.0,0.42464036
1.0,0.8884608
1.0,0.88943505
1.0,0.946789
1.0,0.98512185
0.0,0.0082761645
0.0,0.039992034
0.0,0.012063324
0.0,0.09053084
0.0,0.7829976
0.0,0.009874642
1.0,0.9681356
0.0,0.78263545
1.0,0.06839287
1.0,0.03171122
1.0,0.82011807
0.0,0.02406168
0.0,0.008687794
0.0,0.0017664135
0.0,0.00605458
1.0,0.3040655
1.0,0.9749652
1.0,0.79603934
1.0,0.89231956
1.0,0.99568504
0.0,0.010851383
0.0,0.025054365
0.0,0.9116045
0.0,0.0052514076
1.0,0.97115695
0.0,0.002942115
0.0,0.85038555
1.0,0.9863541
1.0,0.77709365
0.0,0.010140032
0.0,0.1071181
0.0,0.28931615
0.0,0.46357825
1.0,0.80493903
0.0,0.99132967
0.0,0.40635976
1.0,0.99518514
0.0,0.04074478
1.0,0.97473216
1.0,0.9672187
0.0,0.001572758
0.0,0.7731822
0.0,0.0026204586
0.0,0.015855968
1.0,0.6463487
0.0,0.007712066
0.0,0.026777446
0.0,0.2890817
0.0,0.0027144253
1.0,0.98466563
1.0,0.17071602
1.0,0.90742266
1.0,0.9396269
0.0,0.71976185
0.0,0.02732861
1.0,0.8569087
0.0,0.011390239
1.0,0.38352138
0.0,0.024614692
1.0,0.9784639
1.0,0.9920369
0.0,0.5278798
0.0,0.13128164
0.0,0.415246
0.0,0.01732698
0.0,0.008898884
0.0,0.017538339
1.0,0.89448
0.0,0.004992008
0.0,0.16008589
0.0,0.3084873
0.0,0.09006822
0.0,0.0070065856
0.0,0.0019307733
0.0,0.6812557
0.0,0.0014550388
0.0,0.0014230311
0.0,0.019349813
0.0,0.105359435
0.0,0.018111914
1.0,0.14098948
0.0,0.04848832
1.0,0.9879385
0.0,0.0029906332
0.0,0.0012454689
1.0,0.7084733
0.0,0.008610934
1.0,0.98157287
0.0,0.080141276
1.0,0.95698285
0.0,0.75202614
0.0,0.021564752
1.0,0.79622054
1.0,0.21199602
0.0,0.003421098
0.0,0.05521685
0.0,0.0016758442
0.0,0.0013554394
0.0,0.0033570826
0.0,0.7740674
1.0,0.96865475
1.0,0.7272636
0.0,0.12307131
0.0,0.008913159
1.0,0.73496616
1.0,0.9363311
1.0,0.79141974
0.0,0.0011329353
1.0,0.03146237
0.0,0.29497695
1.0,0.53763855
0.0,0.0009898543
1.0,0.6207628
0.0,0.0022378862
0.0,0.10755339
0.0,0.02995935
0.0,0.9364098
1.0,0.96335065
0.0,0.05393809
0.0,0.10283741
1.0,0.9894703
0.0,0.009960353
0.0,0.90008223
0.0,0.64430904
1.0,0.9863867
0.0,0.7055858
0.0,0.02433762
0.0,0.99105567
1.0,0.9742906
0.0,0.0014869571
0.0,0.90782
0.0,0.039691508
1.0,0.533407
0.0,0.022164017
1.0,0.982493
0.0,0.287198
1.0,0.7811483
1.0,0.9961157
0.0,0.97406447
1.0,0.96363163
1.0,0.9953283
0.0,0.009508222
0.0,0.95965546
0.0,0.009151697
1.0,0.986531
0.0,0.3616905
1.0,0.27232993
1.0,0.47365853
0.0,0.01379931
1.0,0.9715923
0.0,0.18721023
1.0,0.5210337
0.0,0.68011713
1.0,0.1300042
0.0,0.7953847
1.0,0.0150384605
0.0,0.6173252
0.0,0.010828793
0.0,0.0058974326
0.0,0.014706224
0.0,0.009930342
0.0,0.0013818741
0.0,0.0028609037
0.0,0.2641424
0.0,0.04240915
0.0,0.45172814
0.0,0.39312616
0.0,0.023029119
1.0,0.97048783
1.0,0.28759086
0.0,0.6334398
1.0,0.013495535
0.0,0.019950658
0.0,0.19916523
0.0,0.88612056
0.0,0.054332286
0.0,0.036402017
0.0,0.13460037
1.0,0.9392706
0.0,0.0022349656
0.0,0.0062927604
1.0,0.008358687
0.0,0.0045543313
1.0,0.9177327
0.0,0.1072675
0.0,0.024839878
1.0,0.92875993
0.0,0.009520024
1.0,0.9625772
0.0,0.0041230023
0.0,0.0018685162
0.0,0.0074163973
1.0,0.9809561
0.0,0.015600771
1.0,0.106185585
1.0,0.754982
0.0,0.98652077
0.0,0.0021956265
1.0,0.013391167
0.0,0.0037178397
0.0,0.058912635
0.0,0.8082938
0.0,0.001447618
0.0,0.8955588
0.0,0.96378577
1.0,0.72493845
0.0,0.012001872
1.0,0.8399709
0.0,0.0014507174
0.0,0.002359867
0.0,0.0028126836
1.0,0.91818523
1.0,0.98007923
0.0,0.22713277
0.0,0.37161076
0.0,0.002261281
0.0,0.07926014
0.0,0.034745395
0.0,0.007001072
0.0,0.0012245774
1.0,0.1270763
1.0,0.92911184
0.0,0.024385273
0.0,0.9867845
1.0,0.12830004
0.0,0.0022514164
1.0,0.94273543
0.0,0.0023794472
0.0,0.02406308
1.0,0.95764554
0.0,0.6970432
1.0,0.29730463
1.0,0.979303
1.0,0.98888445
0.0,0.31879354
0.0,0.02085659
0.0,0.12311426
1.0,0.9704889
0.0,0.67077625
1.0,0.98913634
0.0,0.016473413
0.0,0.01041618
0.0,0.14564714
1.0,0.9093862
0.0,0.008957446
0.0,0.026652783
0.0,0.50525534
1.0,0.03832063
1.0,0.9961231
0.0,0.0445278
0.0,0.013527006
1.0,0.98384655
1.0,0.9892591
1.0,0.938146
1.0,0.092369765
0.0,0.0035583973
1.0,0.9328557
0.0,0.18678316
0.0,0.048936486
0.0,0.002592504
1.0,0.83221483
0.0,0.08895296
0.0,0.06721783
0.0,0.0016966462
1.0,0.84079736
0.0,0.26687437
1.0,0.97850066
1.0,0.96498585
0.0,0.02246955
1.0,0.7894385
0.0,0.017886281
1.0,0.7015834
0.0,0.5023332
0.0,0.011852026
0.0,0.0233531
0.0,0.071381
1.0,0.99645203
0.0,0.019488871
0.0,0.2805848
0.0,0.5313203
1.0,0.9985016
1.0,0.9403932
0.0,0.021167904
1.0,0.9703514
1.0,0.9886218
1.0,0.9979904
1.0,0.36624354
0.0,0.11415443
1.0,0.76001656
0.0,0.043203384
0.0,0.72378004
1.0,0.40627015
0.0,0.018359095
0.0,0.015342742
0.0,0.045433193
1.0,0.5190814
0.0,0.46522695
0.0,0.26315838
1.0,0.9739143
0.0,0.009093523
1.0,0.8809391
0.0,0.01015538
0.0,0.96510166
1.0,0.8407413
1.0,0.9601855
0.0,0.006597638
1.0,0.97403914
1.0,0.9896525
0.0,0.794863
0.0,0.8298161
1.0,0.8348447
0.0,0.021957397
1.0,0.9837769
0.0,0.02846852
0.0,0.050794035
1.0,0.3869158
1.0,0.9290102
0.0,0.037709117
1.0,0.5584345
0.0,0.08540094
0.0,0.067115456
1.0,0.9849249
0.0,0.023040652
0.0,0.035510957
0.0,0.02023679
1.0,0.6201348
0.0,0.014513284
0.0,0.010160834
1.0,0.9163745
1.0,0.98355055
0.0,0.021037549
0.0,0.38948467
0.0,0.0038692355
1.0,0.14408183
0.0,0.80105543
0.0,0.0019901395
0.0,0.022539258
0.0,0.004399985
0.0,0.0036525726
1.0,0.19493634
0.0,0.1276634
0.0,0.001098454
0.0,0.2635882
1.0,0.95297486
1.0,0.9960412
1.0,0.8556274
0.0,0.88411546
0.0,0.0120052695
0.0,0.9785589
1.0,0.9903836
0.0,0.03254533
1.0,0.42390022
0.0,0.011862159
1.0,0.98969597
0.0,0.04295349
1.0,0.90286577
0.0,0.92118895
1.0,0.50614476
0.0,0.08068091
0.0,0.0409382
1.0,0.888088
1.0,0.94337857
1.0,0.9902799
0.0,0.11928186
1.0,0.9668192
1.0,0.437405
1.0,0.35502246
0.0,0.0014791191
1.0,0.83233666
0.0,0.017333955
0.0,0.95043683
1.0,0.69983274
0.0,0.33615017
0.0,0.011773199
0.0,0.019055843
0.0,0.041674823
0.0,0.59763926
1.0,0.9809954
1.0,0.9773621
0.0,0.39108387
0.0,0.6606421
0.0,0.014427125
1.0,0.9970617
0.0,0.7527716
0.0,0.25946856
0.0,0.0033060908
0.0,0.0142149925
0.0,0.025364965
0.0,0.97244644
1.0,0.9865843
1.0,0.9906324
1.0,0.10412362
0.0,0.34580344
0.0,0.005446404
0.0,0.0061427057
0.0,0.015606761
0.0,0.022771835
1.0,0.9729206
0.0,0.024330556
0.0,0.15529504
1.0,0.99519813
0.0,0.08332768
1.0,0.06786868
1.0,0.91362494
0.0,0.48505443
0.0,0.0049929917
0.0,0.03849545
1.0,0.6574334
0.0,0.11029893
0.0,0.0136858225
1.0,0.9550662
1.0,0.5460822
0.0,0.002109617
0.0,0.05856645
0.0,0.65196633
0.0,0.00808388
0.0,0.33176845
1.0,0.29854035
1.0,0.91506034
0.0,0.012753725
0.0,0.0012569427
0.0,0.85570174
0.0,0.27159172
1.0,0.9637333
0.0,0.017755449
1.0,0.99364626
0.0,0.026507497
1.0,0.983824
0.0,0.0060462356
1.0,0.96975327
1.0,0.82849735
0.0,0.02097103
0.0,0.11908013
0.0,0.006457299
0.0,0.03350389
1.0,0.55074143
1.0,0.0026224256
1.0,0.2105189
1.0,0.43154472
1.0,0.7572998
0.0,0.001042217
1.0,0.2901922
1.0,0.72829247
0.0,0.014310002
0.0,0.02022162
0.0,0.022164762
1.0,0.48865965
1.0,0.9891108
0.0,0.9307065
0.0,0.005936682
1.0,0.8811165
0.0,0.006719142
0.0,0.027261347
1.0,0.9706234
0.0,0.60170174
0.0,0.024480134
1.0,0.10478467
1.0,0.9178734
0.0,0.008063018
0.0,0.013910025
0.0,0.015985012
1.0,0.9895571
1.0,0.97932017
0.0,0.7050108
0.0,0.37523532
1.0,0.9944309
1.0,0.8439576
0.0,0.0071294904
0.0,0.07563186
0.0,0.0352844
1.0,0.23615736
1.0,0.17336267
0.0,0.018623292
0.0,0.07848278
1.0,0.9768946
0.0,0.018142939
0.0,0.015918493
0.0,0.047952473
0.0,0.8800639
1.0,0.9737909
0.0,0.87058985
0.0,0.012079626
0.0,0.936929
0.0,0.38316023
0.0,0.022009432
1.0,0.7327094
1.0,0.7505632
0.0,0.2755581
1.0,0.9844277
0.0,0.46506384
1.0,0.9611856
1.0,0.034270436
1.0,0.9644487
0.0,0.0057774186
0.0,0.27888966
0.0,0.012813538
1.0,0.9967679
0.0,0.003350556
1.0,0.99462205
0.0,0.041274935
0.0,0.0016790032
1.0,0.08990571
1.0,0.97937495
0.0,0.002842307
1.0,0.795526
0.0,0.022806317
1.0,0.9609011
0.0,0.0013409555
1.0,0.66321784
1.0,0.032455564
0.0,0.023391694
0.0,0.0035152435
0.0,0.0077815056
0.0,0.011420727
0.0,0.008639842
0.0,0.9322208
0.0,0.07162842
0.0,0.012243867
0.0,0.96214676
0.0,0.002530992
1.0,0.9723493
0.0,0.3642285
0.0,0.44730353
1.0,0.9968425
0.0,0.051906377
1.0,0.9953964
0.0,0.016837895
1.0,0.9923745
0.0,0.005453229
0.0,0.050011963
1.0,0.99453074
0.0,0.028106123
0.0,0.006127447
0.0,0.012136608
1.0,0.9847361
1.0,0.333508
0.0,0.007583022
1.0,0.968957
1.0,0.21672183
1.0,0.97909796
0.0,0.33584902
1.0,0.09399894
1.0,0.9397807
0.0,0.16646942
1.0,0.50439274
1.0,0.5853731
0.0,0.023596466
0.0,0.0023650527
0.0,0.010455787
0.0,0.024780124
0.0,0.0050468147
0.0,0.026086152
0.0,0.025292814
0.0,0.00086832047
1.0,0.9357716
0.0,0.07008797
0.0,0.0028458238
0.0,0.012950033
0.0,0.050089806
1.0,0.905176
0.0,0.0016126931
1.0,0.93286777
0.0,0.36413538
0.0,0.004666984
1.0,0.5174615
1.0,0.8637247
0.0,0.10467723
0.0,0.020997584
1.0,0.9219029
0.0,0.9546655
0.0,0.023167133
1.0,0.6927678
1.0,0.74023944
1.0,0.83449423
1.0,0.86219764
0.0,0.02106601
0.0,0.0018621087
1.0,0.7176346
0.0,0.012515873
0.0,0.0012667179
1.0,0.99117136
1.0,0.8695752
1.0,0.98369175
0.0,0.011882335
1.0,0.08185837
1.0,0.97111046
1.0,0.97560763
0.0,0.0026088953
0.0,0.0017827451
1.0,0.25365624
0.0,0.021183968
0.0,0.81686807
0.0,0.017838746
1.0,0.99328053
0.0,0.016787529
0.0,0.018036216
0.0,0.03136298
0.0,0.1551534
0.0,0.08391085
0.0,0.0038926303
0.0,0.85107315
1.0,0.9956059
0.0,0.027643383
1.0,0.850733
0.0,0.0028569698
0.0,0.83118284
0.0,0.9109639
1.0,0.0065124035
0.0,0.7958756
0.0,0.0076598823
0.0,0.001796335
0.0,0.3115254
0.0,0.051425785
1.0,0.98525536
0.0,0.3209858
1.0,0.9507801
0.0,0.011660159
0.0,0.028842747
0.0,0.018502563
0.0,0.6528873
0.0,0.049597323
0.0,0.44305867
0.0,0.19539762
0.0,0.12526551
1.0,0.90447927
0.0,0.03444898
1.0,0.6296188
1.0,0.6691885
0.0,0.047892362
0.0,0.016209781
1.0,0.87369096
0.0,0.0105731785
1.0,0.7679641
1.0,0.74545944
0.0,0.004579395
1.0,0.46386644
0.0,0.003770858
1.0,0.9804677
0.0,0.10843265
0.0,0.14261577
1.0,0.5126045
0.0,0.85876334
0.0,0.0035168529
0.0,0.7378644
1.0,0.7485061
1.0,0.97408205
0.0,0.0014098287
0.0,0.05890423
1.0,0.6147028
0.0,0.72370875
1.0,0.078486174
0.0,0.105109274
1.0,0.05048105
0.0,0.74531263
0.0,0.02625525
0.0,0.6943456
0.0,0.009836912
0.0,0.19882146
1.0,0.023978412
0.0,0.25667438
1.0,0.8740995
0.0,0.015946954
1.0,0.47299102
0.0,0.0053195357
0.0,0.0021835566
0.0,0.020288229
0.0,0.023362845
0.0,0.18691331
0.0,0.100082725
0.0,0.0501298
0.0,0.044845104
1.0,0.9666163
0.0,0.011257887
0.0,0.05152476
1.0,0.88916427
1.0,0.378951
0.0,0.020281315
0.0,0.069381356
1.0,0.7491876
0.0,0.19290161
1.0,0.04734972
1.0,0.93598455
1.0,0.72392195
1.0,0.789673
0.0,0.022135943
0.0,0.001411587
1.0,0.124893785
0.0,0.18759272
1.0,0.9839717
1.0,0.792907
1.0,0.9881749
0.0,0.12792486
0.0,0.003664732
0.0,0.19941282
0.0,0.01963517
1.0,0.23992288
1.0,0.94473976
0.0,0.06527242
0.0,0.22239614
0.0,0.045428216
0.0,0.42150778
1.0,0.034844786
1.0,0.72870183
1.0,0.9721462
0.0,0.92130464
1.0,0.5232472
1.0,0.610005
1.0,0.21454489
1.0,0.9556283
0.0,0.28405964
0.0,0.85099006
0.0,0.77734697
0.0,0.005308926
1.0,0.8787186
1.0,0.99359095
1.0,0.9247873
1.0,0.91256154
0.0,0.033315122
0.0,0.0022501647
0.0,0.02162242
0.0,0.045007944
1.0,0.8915898
0.0,0.1740832
0.0,0.014750272
0.0,0.090747
0.0,0.007892609
1.0,0.78432524
1.0,0.69371486
1.0,0.9671558
0.0,0.065393865
0.0,0.08493048
1.0,0.76023096
1.0,0.9940547
0.0,0.055759758
1.0,0.92727363
0.0,0.85176146
1.0,0.9934585
1.0,0.9961851
1.0,0.7085241
0.0,0.03287351
0.0,0.11495963
1.0,0.99035287
0.0,0.0793035
0.0,0.24908066
1.0,0.9917481
0.0,0.031316012
0.0,0.023093432
0.0,0.09126347
1.0,0.2851116
0.0,0.43508655
0.0,0.3451165
1.0,0.655642
0.0,0.56725717
0.0,0.025733322
0.0,0.035607815
0.0,0.2888804
1.0,0.79127115
0.0,0.9048599
0.0,0.013344258
0.0,0.0009910166
1.0,0.098346084
0.0,0.03025809
0.0,0.0018268824
1.0,0.861212
0.0,0.37597966
0.0,0.005732447
1.0,0.9862882
1.0,0.8796692
0.0,0.0010873079
1.0,0.2742589
1.0,0.22648102
0.0,0.5349065
0.0,0.64336246
1.0,0.6126036
1.0,0.71750456
0.0,0.0070353746
1.0,0.18469843
1.0,0.16892588
1.0,0.18399486
0.0,0.1476124
1.0,0.1607419
0.0,0.015672654
1.0,0.8617517
0.0,0.001652509
1.0,0.93018293
0.0,0.7820534
0.0,0.09980935
1.0,0.75127745
0.0,0.021874368
1.0,0.95317495
1.0,0.81762815
1.0,0.9625474
1.0,0.6236368
0.0,0.032301515
1.0,0.020748377
0.0,0.5582379
0.0,0.0037209094
0.0,0.020412236
0.0,0.015550286
1.0,0.9721293
0.0,0.009189993
0.0,0.4254949
0.0,0.63104934
0.0,0.58747756
1.0,0.9014205
0.0,0.29995754
0.0,0.0072642267
0.0,0.04845363
0.0,0.7626768
1.0,0.7685233
0.0,0.0047291815
1.0,0.9547812
1.0,0.98628414
0.0,0.8151487
0.0,0.0026611388
0.0,0.0028488338
1.0,0.9616026
0.0,0.029904038
1.0,0.02989754
1.0,0.8021203
1.0,0.97103226
0.0,0.8289373
0.0,0.31966743
0.0,0.0054214895
0.0,0.71129656
0.0,0.016527891
0.0,0.0037006438
0.0,0.3711897
1.0,0.6232598
0.0,0.37796345
1.0,0.9091468
0.0,0.15309766
1.0,0.9404588
1.0,0.95869195
1.0,0.51438695
1.0,0.8999165
0.0,0.1634
0.0,0.96234673
0.0,0.024784774
1.0,0.75401247
1.0,0.96476686
0.0,0.0077244937
1.0,0.25825268
1.0,0.95886266
1.0,0.87016475
1.0,0.16224772
0.0,0.7450993
0.0,0.02219531
1.0,0.9501728
0.0,0.015463978
0.0,0.061714053
1.0,0.98901945
0.0,0.0065070987
0.0,0.7104981
0.0,0.11307925
0.0,0.0037832558
0.0,0.08433357
1.0,0.99037695
0.0,0.005588889
0.0,0.3267824
1.0,0.09707937
0.0,0.034641027
1.0,0.95772684
0.0,0.24107665
0.0,0.010912567
0.0,0.0038618445
0.0,0.26920396
1.0,0.7624555
0.0,0.30684555
0.0,0.07492536
1.0,0.87426895
1.0,0.86824954
0.0,0.030310273
0.0,0.008045137
0.0,0.009001136
1.0,0.45409238
0.0,0.04195699
1.0,0.9374637
1.0,0.88986504
1.0,0.35442713
1.0,0.9708789
1.0,0.91246414
0.0,0.91915786
1.0,0.90022606
1.0,0.9910934
0.0,0.0037501454
0.0,0.0024318695
0.0,0.012139678
1.0,0.7975302
0.0,0.009135574
0.0,0.0066156983
0.0,0.034245193
1.0,0.98208404
0.0,0.01687473
1.0,0.95810115
0.0,0.14949101
0.0,0.45652482
0.0,0.055393398
0.0,0.023485899
0.0,0.011209309
1.0,0.6604485
1.0,0.9854641
0.0,0.019796044
0.0,0.04331699
1.0,0.4010809
0.0,0.0012252033
1.0,0.9901321
0.0,0.01680997
0.0,0.008170217
0.0,0.018884808
1.0,0.97650135
1.0,0.87728906
0.0,0.023917854
0.0,0.2040689
1.0,0.7586103
0.0,0.022003382
0.0,0.0046993494
1.0,0.93001354
1.0,0.9934343
1.0,0.8979951
0.0,0.015016913
1.0,0.973021
1.0,0.94763887
0.0,0.25656545
0.0,0.012711287
0.0,0.0038743615
0.0,0.030236065
0.0,0.0017836988
0.0,0.014540583
1.0,0.5800502
1.0,0.8943163
0.0,0.06716159
0.0,0.008597136
0.0,0.03009653
0.0,0.07606259
1.0,0.96950746
0.0,0.96525395
0.0,0.022238702
0.0,0.766343
0.0,0.9797374
1.0,0.03551811
0.0,0.0013870001
0.0,0.7079985
1.0,0.9719947
0.0,0.024006277
0.0,0.07143143
0.0,0.018746644
0.0,0.0057010055
1.0,0.8351178
1.0,0.9225234
0.0,0.033606023
0.0,0.97103703
0.0,0.0021449924
0.0,0.95807195
0.0,0.9301779
0.0,0.44738054
0.0,0.0018759668
0.0,0.12955326
1.0,0.0057186484
0.0,0.018443316
1.0,0.20354751
0.0,0.79291224
0.0,0.0011889935
0.0,0.058106095
0.0,0.10504493
0.0,0.11539149
0.0,0.018623382
1.0,0.9856143
0.0,0.002090156
0.0,0.7118443
0.0,0.039401293
1.0,0.7202723
1.0,0.9535717
0.0,0.024512112
0.0,0.40628392
0.0,0.0015293956
1.0,0.99668384
1.0,0.7474146
1.0,0.9844376
0.0,0.08295715
1.0,0.9894308
0.0,0.025263846
0.0,0.0012707114
0.0,0.011220813
1.0,0.011151105
0.0,0.0014406145
0.0,0.0033646822
1.0,0.9968375
1.0,0.2677894
0.0,0.011598855
1.0,0.9973545
0.0,0.024919003
1.0,0.79619324
0.0,0.08639237
1.0,0.9414042
0.0,0.9758244
0.0,0.18843323
1.0,0.9054263
0.0,0.003446281
0.0,0.09623641
0.0,0.017175734
0.0,0.012221932
0.0,0.041540176
0.0,0.014525682
1.0,0.86542195
1.0,0.7814261
0.0,0.5905812
0.0,0.024646312
0.0,0.010075241
0.0,0.06520343
1.0,0.99321896
0.0,0.009904832
0.0,0.03566134
0.0,0.8567003
0.0,0.13847885
0.0,0.0013191104
1.0,0.95482284
1.0,0.94214416
0.0,0.0015684664
0.0,0.007606983
0.0,0.015625596
0.0,0.0031584203
1.0,0.80851233
0.0,0.7603494
0.0,0.021511644
0.0,0.010231942
1.0,0.9451064
0.0,0.009201616
0.0,0.18059117
1.0,0.96162915
0.0,0.009019226
0.0,0.19779444
1.0,0.83382225
1.0,0.62549627
1.0,0.9566734
0.0,0.0020567775
0.0,0.002907604
0.0,0.21131033
0.0,0.007893026
1.0,0.4135387
0.0,0.17081255
1.0,0.16595596
0.0,0.0023638308
0.0,0.0040158033
0.0,0.103601456
1.0,0.9874789
0.0,0.7729032
0.0,0.07010752
0.0,0.5850427
1.0,0.7453889
0.0,0.017205745
0.0,0.48454145
0.0,0.0022159517
1.0,0.05504906
0.0,0.0060887635
0.0,0.0014415085
1.0,0.09129274
1.0,0.9860445
0.0,0.001963377
1.0,0.9944533
1.0,0.99397904
1.0,0.93394107
1.0,0.85222256
0.0,0.025972009
1.0,0.90236616
0.0,0.99687684
1.0,0.035699606
0.0,0.008150637
1.0,0.35370147
0.0,0.869287
1.0,0.3085748
1.0,0.994215
1.0,0.75824034
0.0,0.0050993264
0.0,0.7133032
0.0,0.76718247
0.0,0.007241994
0.0,0.022460818
0.0,0.16686654
1.0,0.99266374
1.0,0.9887505
1.0,0.15406474
0.0,0.0039180815
0.0,0.0066208243
0.0,0.033125073
0.0,0.7468088
1.0,0.028981686
0.0,0.03816861
0.0,0.017560095
0.0,0.02061224
0.0,0.22599274
1.0,0.8890006
0.0,0.7852546
0.0,0.8654121
0.0,0.30082035
1.0,0.4210326
0.0,0.022507519
0.0,0.41713
1.0,0.19685405
0.0,0.18906692
1.0,0.11436167
0.0,0.016153514
0.0,0.28789717
0.0,0.002665341
0.0,0.023478359
0.0,0.0013766885
1.0,0.9325702
0.0,0.08542383
0.0,0.050047666
1.0,0.9907258
1.0,0.97638506
0.0,0.23827282
1.0,0.013043314
0.0,0.10752031
0.0,0.044588745
1.0,0.9737791
0.0,0.0011048913
0.0,0.137133
0.0,0.018282741
0.0,0.0044087768
1.0,0.989727
1.0,0.96099836
1.0,0.8187746
1.0,0.9852314
0.0,0.0069637597
0.0,0.02256918
0.0,0.035697073
1.0,0.97442424
0.0,0.009203196
0.0,0.021773279
1.0,0.97754407
1.0,0.50874233
1.0,0.9140818
0.0,0.0026033819
0.0,0.24636179
0.0,0.64361846
1.0,0.99135065
1.0,0.9593779
1.0,0.9458716
0.0,0.19884941
0.0,0.0011131167
0.0,0.0018618107
1.0,0.8920656
1.0,0.15129939
0.0,0.21687645
1.0,0.9639294
1.0,0.631661
1.0,0.9676559
1.0,0.56002694
0.0,0.16845116
0.0,0.030910045
1.0,0.527994
1.0,0.7751617
0.0,0.029269814
0.0,0.019290686
0.0,0.008205742
0.0,0.014990151
0.0,0.021632344
0.0,0.7001485
0.0,0.00810644
0.0,0.045704395
1.0,0.88741416
1.0,0.71924496
0.0,0.8811784
1.0,0.98026097
0.0,0.0045557916
1.0,0.94753206
0.0,0.27712482
1.0,0.98105574
0.0,0.0019536316
0.0,0.0027943254
0.0,0.0037017763
0.0,0.37992546
1.0,0.09604895
1.0,0.99274665
0.0,0.026344776
0.0,0.07399958
1.0,0.26144674
0.0,0.03480789
1.0,0.98396945
1.0,0.77036417
0.0,0.0070295036
0.0,0.021323115
0.0,0.25199586
0.0,0.9958914
0.0,0.8652017
0.0,0.0054049194
0.0,0.3686812
0.0,0.019818276
1.0,0.97709966
1.0,0.9720319
1.0,0.8863816
1.0,0.8714994
0.0,0.0076268315
0.0,0.70951056
1.0,0.91071
0.0,0.4658832
0.0,0.007678926
0.0,0.026324391
1.0,0.30956352
1.0,0.17644843
0.0,0.004676044
1.0,0.96094036
1.0,0.9891145
0.0,0.0016617775
0.0,0.012998968
1.0,0.9642775
0.0,0.016119212
0.0,0.9456301
0.0,0.0010989308
0.0,0.02332148
1.0,0.06492281
0.0,0.014958024
0.0,0.00390628
0.0,0.36125448
1.0,0.23840103
0.0,0.0047338605
0.0,0.051333368
1.0,0.76195836
0.0,0.0068454444
0.0,0.23577356
0.0,0.95944774
1.0,0.9884288
1.0,0.6544811
1.0,0.09864479
0.0,0.044436246
0.0,0.2416923
1.0,0.2744289
0.0,0.0038162172
0.0,0.002471298
0.0,0.040839374
0.0,0.020456165
1.0,0.4650294
0.0,0.31499153
0.0,0.8979538
1.0,0.7497615
0.0,0.020255297
0.0,0.02291289
0.0,0.811226
0.0,0.11543131
1.0,0.85822636
1.0,0.9879032
0.0,0.37629062
1.0,0.8500757
0.0,0.01481095
0.0,0.013137728
0.0,0.0018591583
1.0,0.45948243
0.0,0.0023853183
0.0,0.021395266
1.0,0.9553611
1.0,0.73702085
1.0,0.89945567
0.0,0.47354525
1.0,0.94915074
1.0,0.9033681
0.0,0.0011095405
0.0,0.9378568
0.0,0.6011134
1.0,0.4101773
0.0,0.018029958
0.0,0.19102368
0.0,0.010789812
0.0,0.022144914
0.0,0.010222316
0.0,0.055104554
0.0,0.1811684
0.0,0.84203357
0.0,0.20826536
1.0,0.60681057
1.0,0.7012411
1.0,0.70062137
0.0,0.0055494905
1.0,0.9972602
0.0,0.2677431
0.0,0.028397262
1.0,0.9764681
0.0,0.22542113
0.0,0.008609027
0.0,0.25010222
0.0,0.012444943
0.0,0.10696015
0.0,0.8653056
0.0,0.031866282
1.0,0.92490995
0.0,0.0011768341
0.0,0.0066204965
0.0,0.0047118366
1.0,0.9527605
1.0,0.95272815
0.0,0.8218898
1.0,0.65571225
0.0,0.021448493
1.0,0.111837655
0.0,0.009750396
0.0,0.008886337
1.0,0.03181842
0.0,0.0012909472
0.0,0.007285863
1.0,0.43543077
0.0,0.03313017
1.0,0.011785328
0.0,0.25594836
0.0,0.008900642
1.0,0.93306935
0.0,0.008450627
0.0,0.5550651
0.0,0.80194414
0.0,0.006035328
0.0,0.0011028051
1.0,0.90949476
0.0,0.00169608
0.0,0.06606355
0.0,0.020376235
1.0,0.61963904
0.0,0.958132
0.0,0.026672572
1.0,0.826575
0.0,0.005583644
0.0,0.0026481748
0.0,0.035939127
0.0,0.079630464
1.0,0.35206658
0.0,0.015470982
0.0,0.0018001199
0.0,0.0059483647
0.0,0.002522409
0.0,0.6933551
1.0,0.98143804
1.0,0.76728386
0.0,0.0081474185
1.0,0.9514356
0.0,0.014614046
0.0,0.007860899
0.0,0.017356575
0.0,0.097961485
1.0,0.97226596
0.0,0.016245276
0.0,0.009200871
0.0,0.06985545
0.0,0.11671606
0.0,0.18697631
0.0,0.006623894
0.0,0.0015604198
0.0,0.003870666
0.0,0.0020296276
0.0,0.9737879
1.0,0.4037202
0.0,0.020246476
0.0,0.013798565
0.0,0.007489592
1.0,0.9970226
0.0,0.062464178
1.0,0.8794056
0.0,0.116095394
0.0,0.029674917
0.0,0.13207129
1.0,0.9812585
1.0,0.99687153
1.0,0.9306388
1.0,0.5271822
0.0,0.3332034
0.0,0.0036325157
1.0,0.99226815
1.0,0.95353425
0.0,0.010553986
0.0,0.039644897
0.0,0.8466194
1.0,0.98290503
0.0,0.01753956
0.0,0.0031451285
0.0,0.030511081
0.0,0.020861924
1.0,0.53100884
1.0,0.9673353
0.0,0.0012547374
1.0,0.56675863
0.0,0.019951046
0.0,0.023175806
0.0,0.003440708
0.0,0.013143569
0.0,0.008309454
1.0,0.92588466
0.0,0.0013586581
0.0,0.025764227
0.0,0.84072447
0.0,0.056932867
0.0,0.81364775
1.0,0.99342287
0.0,0.019468158
0.0,0.018565953
1.0,0.9150382
0.0,0.37879944
0.0,0.005102128
1.0,0.9577743
1.0,0.7922541
0.0,0.09150854
1.0,0.8801323
0.0,0.1956847
1.0,0.71439344
1.0,0.99867237
0.0,0.08572748
1.0,0.95609355
0.0,0.02674511
0.0,0.019456416
0.0,0.38933823
0.0,0.48498228
0.0,0.026110053
0.0,0.0044067204
0.0,0.38743734
1.0,0.9687786
0.0,0.05045274
0.0,0.0291498
0.0,0.4561545
0.0,0.27020696
1.0,0.9494685
0.0,0.009689003
0.0,0.6221261
0.0,0.014050007
0.0,0.005316019
0.0,0.004255235
0.0,0.9690038
1.0,0.056571275
0.0,0.101631045
1.0,0.8409759
0.0,0.0021281838
1.0,0.12468016
0.0,0.047160387
0.0,0.08216146
0.0,0.026546687
0.0,0.75485384
0.0,0.3976395
0.0,0.03485626
0.0,0.1309011
0.0,0.0068084598
0.0,0.38286632
0.0,0.93318975
1.0,0.97754633
0.0,0.4602829
0.0,0.010732383
1.0,0.99420416
0.0,0.0044030845
0.0,0.0048215985
0.0,0.0018122196
1.0,0.77208805
1.0,0.62399226
1.0,0.59470147
1.0,0.98201734
0.0,0.09420097
1.0,0.89364755
0.0,0.15643162
1.0,0.5298157
0.0,0.17208168
0.0,0.9689154
0.0,0.21750838
0.0,0.0038788319
0.0,0.033353418
1.0,0.96746016
1.0,0.15708268
0.0,0.99320614
1.0,0.7238105
0.0,0.006421536
1.0,0.9692005
0.0,0.015315473
0.0,0.011560231
0.0,0.9587362
0.0,0.4544021
0.0,0.05885932
0.0,0.0014372766
1.0,0.99693286
0.0,0.0011365712
1.0,0.9945719
1.0,0.90826917
1.0,0.9791899
0.0,0.002954483
0.0,0.9900725
0.0,0.0063516498
0.0,0.10948354
0.0,0.26516563
1.0,0.2610739
0.0,0.18740699
0.0,0.093518615
0.0,0.09541708
0.0,0.0070673227
0.0,0.0017790198
0.0,0.10217008
0.0,0.826993
0.0,0.007754475
0.0,0.90416944
1.0,0.988659
0.0,0.56306326
0.0,0.015096158
0.0,0.005488187
0.0,0.0034086704
1.0,0.8821356
0.0,0.59609896
1.0,0.983408
0.0,0.5391327
1.0,0.9979216
1.0,0.9741198
0.0,0.0042904317
0.0,0.04296294
0.0,0.027484447
0.0,0.18827468
0.0,0.03405586
0.0,0.66816735
1.0,0.9789691
0.0,0.011578441
1.0,0.68252903
0.0,0.5434836
0.0,0.0048202574
0.0,0.015786111
1.0,0.9731955
0.0,0.006401211
1.0,0.9946271
0.0,0.003429085
0.0,0.021184713
0.0,0.6493086
0.0,0.54273415
0.0,0.0857974
0.0,0.014736533
1.0,0.7465382
1.0,0.9112961
0.0,0.10982898
0.0,0.024314374
0.0,0.01778078
1.0,0.97273135
0.0,0.022620052
1.0,0.23647195
0.0,0.037305295
1.0,0.90188956
1.0,0.9314462
0.0,0.025435567
0.0,0.024565786
0.0,0.004693091
1.0,0.9228378
0.0,0.29359657
0.0,0.87196374
1.0,0.9733924
1.0,0.292148
0.0,0.80120295
0.0,0.016201466
1.0,0.98103476
0.0,0.013468623
0.0,0.008963883
0.0,0.004568875
1.0,0.59785163
0.0,0.05529204
0.0,0.026398867
1.0,0.9468539
1.0,0.805814
0.0,0.36047074
0.0,0.0068206787
0.0,0.010712117
1.0,0.9543319
1.0,0.9851836
1.0,0.7082981
0.0,0.060697973
0.0,0.0024532676
0.0,0.012239277
0.0,0.0013787448
1.0,0.89860415
0.0,0.0016519427
0.0,0.686941
0.0,0.20317456
0.0,0.51000893
0.0,0.21788457
0.0,0.007074237
0.0,0.2224884
0.0,0.013621569
0.0,0.007728696
1.0,0.16463655
1.0,0.8900318
0.0,0.6933714
0.0,0.110970855
1.0,0.022535622
0.0,0.002567649
1.0,0.9262835
0.0,0.021936178
0.0,0.01689905
1.0,0.93860286
1.0,0.9882014
0.0,0.29226524
0.0,0.04564026
1.0,0.38487536
0.0,0.15418765
0.0,0.25485212
0.0,0.99414253
0.0,0.022575617
1.0,0.8901171
1.0,0.30883414
0.0,0.2581758
0.0,0.0016113818
0.0,0.04083857
1.0,0.90332913
0.0,0.0028852522
1.0,0.33966905
0.0,0.026655912
1.0,0.84922975
1.0,0.6407183
0.0,0.6526018
1.0,0.26408193
0.0,0.58084786
0.0,0.004894525
1.0,0.98764706
1.0,0.15813556
0.0,0.022665322
0.0,0.25181466
0.0,0.8172996
0.0,0.9195399
1.0,0.96956754
0.0,0.06605217
0.0,0.26845333
0.0,0.0036696494
1.0,0.9670354
0.0,0.03284076
0.0,0.8788506
1.0,0.9598341
0.0,0.0014686584
0.0,0.89577067
0.0,0.025853872
1.0,0.35217094
0.0,0.14368021
1.0,0.9816399
0.0,0.0110448
1.0,0.035698324
1.0,0.5285595
1.0,0.9766418
1.0,0.894681
0.0,0.0035060942
1.0,0.34568346
0.0,0.014884353
1.0,0.99086523
1.0,0.83532333
0.0,0.21939111
1.0,0.8474144
0.0,0.0019052625
1.0,0.6421449
1.0,0.373761
0.0,0.030341476
0.0,0.97149324
1.0,0.99702513
1.0,0.1467672
0.0,0.14786544
0.0,0.357752
0.0,0.0007737577
0.0,0.009236872
0.0,0.58149016
1.0,0.94208366
1.0,0.96024275
1.0,0.45501027
1.0,0.7919197
1.0,0.99621755
1.0,0.99017847
0.0,0.58395493
1.0,0.9526707
0.0,0.0049633384
0.0,0.018951803
0.0,0.100043446
1.0,0.02917689
1.0,0.7532921
0.0,0.029129267
0.0,0.02105239
0.0,0.8990232
1.0,0.8558062
1.0,0.07259375
1.0,0.8940854
0.0,0.0024060905
0.0,0.9765917
0.0,0.06868383
0.0,0.13639715
0.0,0.022797287
0.0,0.012355834
1.0,0.9875994
1.0,0.9332549
0.0,0.041823864
0.0,0.02300775
0.0,0.8345579
0.0,0.71815574
0.0,0.61140096
0.0,0.23193216
0.0,0.837952
1.0,0.7737557
0.0,0.13536102
1.0,0.94818914
0.0,0.0029829144
0.0,0.8602964
0.0,0.048036367
0.0,0.69286585
1.0,0.9787234
1.0,0.87433374
1.0,0.73391104
1.0,0.7836735
0.0,0.0016466379
0.0,0.34583616
1.0,0.5750949
1.0,0.91389716
0.0,0.19379711
0.0,0.008164048
0.0,0.03947124
1.0,0.79356134
0.0,0.008186698
1.0,0.028465778
0.0,0.014523119
0.0,0.055558473
0.0,0.019040614
0.0,0.014564812
0.0,0.08374113
0.0,0.018217504
0.0,0.14303544
1.0,0.98422056
0.0,0.0032821596
0.0,0.5711309
0.0,0.011862814
1.0,0.33571005
0.0,0.028877914
1.0,0.9930266
0.0,0.0086373985
0.0,0.0072936118
0.0,0.006069064
0.0,0.07048547
0.0,0.013026118
0.0,0.011819869
1.0,0.973172
0.0,0.07290447
1.0,0.8581984
1.0,0.9709536
0.0,0.01965636
0.0,0.021189183
1.0,0.94971496
1.0,0.9969039
0.0,0.3489194
0.0,0.45667845
0.0,0.093248576
0.0,0.062498182
0.0,0.00973174
1.0,0.3926354
0.0,0.025118053
1.0,0.67767906
1.0,0.47768986
0.0,0.97441846
0.0,0.057695508
0.0,0.009050071
0.0,0.008290052
0.0,0.8920803
0.0,0.0053159595
0.0,0.0057238042
0.0,0.8244962
1.0,0.7812811
1.0,0.74845505
0.0,0.028804988
0.0,0.021930605
0.0,0.114189714
1.0,0.9426533
0.0,0.0021512806
0.0,0.013310969
1.0,0.66789657
1.0,0.97855496
0.0,0.24270758
0.0,0.040341645
0.0,0.012519926
1.0,0.9708431
0.0,0.020385087
1.0,0.9770591
1.0,0.7923455
0.0,0.0041463077
0.0,0.029882163
0.0,0.022271544
1.0,0.70321864
0.0,0.044074178
1.0,0.7609974
0.0,0.005174637
1.0,0.8038553
0.0,0.037653327
0.0,0.02766788
0.0,0.0061084926
1.0,0.99527323
0.0,0.78471065
1.0,0.9913925
1.0,0.9581121
0.0,0.00534451
1.0,0.3424041
0.0,0.039846092
1.0,0.2829587
0.0,0.0035279691
1.0,0.9503749
0.0,0.0014325976
1.0,0.8198477
1.0,0.98045945
1.0,0.99007845
0.0,0.009233087
1.0,0.96270365
1.0,0.497871
0.0,0.013380289
1.0,0.94784194
1.0,0.507719
1.0,0.038828246
0.0,0.109648965
0.0,0.0081427125
0.0,0.9811085
0.0,0.066526696
